-88
-87.9152
-87.8321
-87.752
-87.676
-87.6053
-87.5402
-87.4811
-87.428
-87.3805
-87.3385
-87.3014
-87.2689
-87.2407
-87.2163
-87.1955
-87.1779
-87.1632
-87.1513
-87.1418
-87.1346
-87.1295
-87.1263
-87.1249
-87.1251
-87.1268
-87.1299
-87.1342
-87.1398
-87.1464
-87.1541
-87.1626
-87.172
-87.1822
-87.1931
-87.2047
-87.2168
-87.2295
-87.2428
-87.2564
-87.2705
-87.285
-87.2998
-87.3149
-87.3303
-87.346
-87.3618
-87.3779
-87.3941
-87.4104
-87.4269
-87.4434
-87.4601
-87.4768
-87.4935
-87.5103
-87.5271
-87.5439
-87.5607
-87.5775
-87.5942
-87.6109
-87.6276
-87.6442
-87.6607
-87.6771
-87.6935
-87.7097
-87.7259
-87.742
-87.7579
-87.7738
-87.7895
-87.8052
-87.8207
-87.836
-87.8513
-87.8664
-87.8814
-87.8962
-87.9109
-87.9255
-87.9399
-87.9542
-87.9683
-87.9823
-87.9962
-88.0099
-88.0235
-88.0369
-88.0502
-88.0633
-88.0763
-88.0891
-88.1018
-88.1143
-88.1267
-88.139
-88.1511
-88.1631
-88.1749
-88.1866
-88.1981
-88.2095
-88.2208
-88.2319
-88.2429
-88.2537
-88.2644
-88.275
-88.2854
-88.2957
-88.3059
-88.316
-88.3259
-88.3357
-88.3453
-88.3549
-88.3643
-88.3736
-88.3827
-88.3918
-88.4007
-88.4095
-88.4182
-88.4267
-88.4352
-88.4435
-88.4517
-88.4599
-88.4679
-88.4757
-88.4835
-88.4912
-88.4988
-88.5062
-88.5136
-88.5208
-88.528
-88.535
-88.542
-88.5489
-88.5556
-88.5623
-88.5688
-88.5753
-88.5817
-88.588
-88.5942
-88.6003
-88.6063
-88.6122
-88.6181
-88.6238
-88.6295
-88.6351
-88.6406
-88.646
-88.6514
-88.6567
-88.6618
-88.6669
-88.672
-88.6769
-88.6818
-88.6866
-88.6914
-88.696
-88.7006
-88.7051
-88.7096
-88.714
-88.7183
-88.7225
-88.7267
-88.7308
-88.7349
-88.7388
-88.7428
-88.7466
-88.7504
-88.7541
-88.7578
-88.7614
-88.765
-88.7685
-88.7719
-88.7753
-88.7786
-88.7819
-88.7851
-88.7883
-88.7914
-88.7944
-88.7974
-88.8004
-88.8033
-88.8061
-88.8089
-88.8117
-88.8144
-88.8167
-88.8175
-88.8154
-88.8091
-88.7974
-88.7797
-88.7555
-88.7248
-88.6879
-88.6449
-88.5962
-88.5423
-88.4836
-88.4203
-88.353
-88.2818
-88.2072
-88.1294
-88.0487
-87.9654
-87.8796
-87.7916
-87.7015
-87.6096
-87.5161
-87.421
-87.3245
-87.2267
-87.1279
-87.028
-86.9272
-86.8257
-86.7234
-86.6206
-86.5172
-86.4133
-86.3091
-86.2046
-86.0999
-85.9949
-85.8899
-85.7848
-85.6797
-85.5746
-85.4695
-85.3646
-85.2599
-85.1553
-85.051
-84.9469
-84.843
-84.7395
-84.6364
-84.5335
-84.4311
-84.329
-84.2274
-84.1262
-84.0254
-83.9251
-83.8253
-83.7259
-83.6271
-83.5287
-83.4309
-83.3336
-83.2368
-83.1406
-83.0449
-82.9497
-82.8551
-82.7611
-82.6676
-82.5747
-82.4823
-82.3906
-82.2993
-82.2087
-82.1186
-82.0291
-81.9402
-81.8518
-81.764
-81.6768
-81.5901
-81.504
-81.4185
-81.3335
-81.2491
-81.1653
-81.082
-80.9992
-80.917
-80.8354
-80.7543
-80.6737
-80.5937
-80.5142
-80.4352
-80.3568
-80.2789
-80.2015
-80.1246
-80.0482
-79.9724
-79.897
-79.8222
-79.7478
-79.6739
-79.6005
-79.5276
-79.4552
-79.3833
-79.3118
-79.2408
-79.1703
-79.1002
-79.0306
-78.9614
-78.8926
-78.8244
-78.7565
-78.6891
-78.6221
-78.5555
-78.4894
-78.4237
-78.3584
-78.2935
-78.229
-78.1649
-78.1012
-78.0379
-77.975
-77.9124
-77.8503
-77.7885
-77.7271
-77.6661
-77.6054
-77.5451
-77.4852
-77.4256
-77.3663
-77.3074
-77.2489
-77.1907
-77.1328
-77.0752
-77.018
-76.9611
-76.9045
-76.8483
-76.7923
-76.7367
-76.6814
-76.6264
-76.5716
-76.5172
-76.4631
-76.4092
-76.3557
-76.3024
-76.2494
-76.1967
-76.1443
-76.0921
-76.0402
-75.9885
-75.9372
-75.886
-75.8352
-75.7846
-75.7342
-75.6841
-75.6342
-75.5846
-75.5352
-75.486
-75.4371
-75.3884
-75.3399
-75.2916
-75.2436
-75.1958
-75.1481
-75.1007
-75.0536
-75.0066
-74.9598
-74.9132
-74.8668
-74.8207
-74.7747
-74.7289
-74.6833
-74.6378
-74.5926
-74.5475
-74.5026
-74.4579
-74.4134
-74.369
-74.3248
-74.2808
-74.2369
-74.1932
-74.1497
-74.1063
-74.0631
-74.02
-73.977
-73.9342
-73.8916
-73.8491
-73.8067
-73.7645
-73.7224
-73.6805
-73.6387
-73.597
-73.5554
-73.514
-73.4727
-73.4315
-73.3904
-73.3494
-73.3086
-73.2679
-73.2272
-73.1867
-73.1463
-73.106
-73.0658
-73.0257
-72.9857
-72.9458
-72.906
-72.8663
-72.8267
-72.7872
-72.7477
-72.7084
-72.6691
-72.6299
-72.5908
-72.5517
-72.5127
-72.4739
-72.435
-72.3963
-72.3576
-72.319
-72.2804
-72.2419
-72.2035
-72.1651
-72.1268
-72.0886
-72.0504
-72.0122
-71.9741
-71.936
-71.898
-71.8601
-71.8221
-71.7842
-71.7464
-71.7086
-71.6708
-71.6331
-71.5953
-71.5577
-71.52
-71.4824
-71.4448
-71.4072
-71.3696
-71.3321
-71.2945
-71.257
-71.2195
-71.182
-71.1445
-71.1071
-71.0696
-71.0321
-70.9947
-70.9572
-70.9197
-70.8823
-70.8448
-70.8073
-70.7698
-70.7323
-70.6948
-70.6572
-70.6197
-70.5821
-70.5445
-70.5069
-70.4693
-70.4316
-70.3939
-70.3562
-70.3184
-70.2806
-70.2428
-70.2049
-70.167
-70.1291
-70.0911
-70.053
-70.0149
-69.9768
-69.9386
-69.9003
-69.862
-69.8236
-69.7852
-69.7467
-69.7081
-69.6695
-69.6307
-69.592
-69.5531
-69.5142
-69.4751
-69.436
-69.3969
-69.3576
-69.3182
-69.2787
-69.2392
-69.1995
-69.1598
-69.1199
-69.08
-69.0399
-68.9997
-68.9594
-68.919
-68.8784
-68.8378
-68.797
-68.7561
-68.715
-68.6739
-68.6325
-68.5911
-68.5495
-68.5077
-68.4658
-68.4238
-68.3816
-68.3392
-68.2967
-68.254
-68.2111
-68.1681
-68.1248
-68.0814
-68.0378
-67.9941
-67.9501
-67.9059
-67.8615
-67.817
-67.7722
-67.7272
-67.682
-67.6365
-67.5908
-67.5449
-67.4988
-67.4524
-67.4058
-67.3589
-67.3118
-67.2644
-67.2167
-67.1688
-67.1205
-67.072
-67.0232
-66.9742
-66.9248
-66.8751
-66.8251
-66.7747
-66.7241
-66.6731
-66.6217
-66.57
-66.518
-66.4656
-66.4128
-66.3596
-66.3061
-66.2521
-66.1977
-66.143
-66.0878
-66.0321
-65.9761
-65.9195
-65.8625
-65.8051
-65.7471
-65.6887
-65.6297
-65.5702
-65.5102
-65.4496
-65.3885
-65.3268
-65.2645
-65.2016
-65.138
-65.0739
-65.009
-64.9435
-64.8773
-64.8104
-64.7428
-64.6744
-64.6052
-64.5352
-64.4644
-64.3927
-64.3201
-64.2466
-64.1722
-64.0968
-64.0203
-63.9428
-63.8642
-63.7843
-63.7033
-63.621
-63.5374
-63.4523
-63.3657
-63.2775
-63.1876
-63.0959
-63.0022
-62.9064
-62.8083
-62.7078
-62.6046
-62.4986
-62.3894
-62.2768
-62.1605
-62.0403
-61.9157
-61.7865
-61.6523
-61.5127
-61.3674
-61.2159
-61.0581
-60.8934
-60.7215
-60.5421
-60.3548
-60.1593
-59.9551
-59.742
-59.5194
-59.287
-59.0442
-58.7903
-58.5247
-58.2465
-57.9545
-57.6474
-57.3234
-56.9803
-56.6151
-56.2242
-55.8021
-55.3417
-54.8328
-54.2602
-53.6003
-52.8149
-51.8381
-50.558
-48.7996
-46.3101
-42.7581
-37.8393
-31.7863
-25.2941
-18.9505
-13.222
-8.53217
-5.11719
-2.97542
-2.01631
-2.18343
-3.45208
-5.77488
-9.05398
-13.1258
-17.7207
-22.4216
-26.9055
-31.0251
-34.7024
-37.9165
-40.6637
-42.9502
-44.7953
-46.2312
-47.2979
-48.0388
-48.4971
-48.7137
-48.7261
-48.5678
-48.2674
-47.8498
-47.3355
-46.7418
-46.0829
-45.3704
-44.6138
-43.8207
-42.9978
-42.1504
-41.2833
-40.4011
-39.5078
-38.6079
-37.7058
-36.8058
-35.9127
-35.0308
-34.1646
-33.3177
-32.4928
-31.6914
-30.9133
-30.156
-29.4153
-28.6856
-27.9611
-27.2378
-26.516
-25.7898
-25.0403
-24.2371
-23.357
-22.4288
-21.5707
-20.9524
-20.7178
-20.9409
-21.6226
-22.707
-24.1049
-25.7171
-27.4484
-29.2079
-30.9363
-32.6126
-34.207
-35.6544
-36.8852
-37.8575
-38.5641
-39.0224
-39.2624
-39.3178
-39.2211
-39.0018
-38.6858
-38.2952
-37.8488
-37.3628
-36.8509
-36.3245
-35.7936
-35.2664
-34.7498
-34.2495
-33.77
-33.3148
-32.8865
-32.4868
-32.1167
-31.7764
-31.4654
-31.1829
-30.9275
-30.6975
-30.4908
-30.3052
-30.1381
-29.9868
-29.8487
-29.7209
-29.6004
-29.484
-29.3687
-29.2509
-29.127
-28.993
-28.8447
-28.6779
-28.4892
-28.2755
-28.0266
-27.7208
-27.3239
-26.816
-26.2434
-25.7229
-25.3924
-25.3558
-25.6572
-26.2833
-27.1822
-28.2825
-29.5038
-30.7768
-32.0617
-33.3249
-34.5124
-35.5598
-36.4187
-37.0694
-37.5163
-37.7786
-37.8819
-37.8526
-37.7157
-37.4934
-37.2051
-36.8673
-36.4943
-36.0981
-35.6887
-35.2747
-34.8631
-34.4599
-34.0696
-33.6961
-33.3422
-33.0097
-32.7001
-32.4139
-32.1513
-31.9117
-31.6943
-31.4979
-31.3212
-31.1622
-31.0192
-30.89
-30.7727
-30.6649
-30.5643
-30.4685
-30.3751
-30.2814
-30.1843
-30.0808
-29.9673
-29.8396
-29.6932
-29.5233
-29.326
-29.0981
-28.8286
-28.4921
-28.0502
-27.4894
-26.8697
-26.3179
-25.9737
-25.9375
-26.2478
-26.8873
-27.8019
-28.9192
-30.1575
-31.4507
-32.7601
-34.0473
-35.2542
-36.3171
-37.1911
-37.8596
-38.3285
-38.6173
-38.7506
-38.7537
-38.6503
-38.4614
-38.2052
-37.8975
-37.5515
-37.1789
-36.7894
-36.3911
-35.9912
-35.5954
-35.2086
-34.8347
-34.4769
-34.1374
-33.818
-33.5197
-33.2431
-32.9881
-32.7542
-32.5408
-32.3465
-32.17
-32.0095
-31.8633
-31.7292
-31.605
-31.4885
-31.3771
-31.2682
-31.159
-31.0465
-30.9271
-30.7971
-30.6522
-30.4876
-30.2982
-30.0795
-29.8288
-29.5382
-29.1873
-28.7406
-28.1678
-27.4987
-26.8429
-26.3482
-26.141
-26.29
-26.8008
-27.6322
-28.7162
-29.9729
-31.3193
-32.7026
-34.0871
-35.4254
-36.6527
-37.7107
-38.5665
-39.2142
-39.6666
-39.9458
-40.0767
-40.0838
-39.989
-39.8118
-39.5689
-39.2748
-38.9418
-38.5804
-38.1997
-37.8076
-37.4105
-37.0143
-36.6235
-36.2424
-35.874
-35.521
-35.1853
-34.8685
-34.5714
-34.2945
-34.0376
-33.8005
-33.5823
-33.382
-33.1981
-33.029
-32.8729
-32.7276
-32.5909
-32.4604
-32.3334
-32.207
-32.078
-31.9429
-31.7977
-31.6379
-31.4584
-31.2537
-31.0179
-30.7465
-30.437
-30.0774
-29.6408
-29.0865
-28.3954
-27.6262
-26.9154
-26.4205
-26.262
-26.4946
-27.1097
-28.0542
-29.2529
-30.6207
-32.0755
-33.5664
-35.0553
-36.488
-37.7957
-38.9213
-39.8358
-40.5372
-41.0405
-41.369
-41.5477
-41.6007
-41.5496
-41.4131
-41.2075
-40.9467
-40.6426
-40.3054
-39.9441
-39.5662
-39.1782
-38.7859
-38.394
-38.0067
-37.6276
-37.2596
-36.9051
-36.566
-36.2437
-35.9393
-35.6534
-35.3862
-35.1374
-34.9066
-34.6929
-34.4953
-34.3123
-34.1423
-33.9834
-33.8336
-33.6904
-33.5514
-33.4138
-33.2744
-33.1297
-32.9757
-32.8079
-32.621
-32.4089
-32.165
-31.8825
-31.556
-31.1822
-30.7461
-30.2145
-29.5422
-28.7208
-27.8344
-27.0425
-26.5132
-26.3651
-26.6442
-27.3311
-28.3638
-29.6607
-31.1317
-32.6949
-34.3001
-35.9061
-37.4521
-38.8644
-40.085
-41.0865
-41.8688
-42.4486
-42.8498
-43.0978
-43.2165
-43.2273
-43.1486
-42.9964
-42.7843
-42.5241
-42.2258
-41.8981
-41.5484
-41.1833
-40.8083
-40.4282
-40.0474
-39.6694
-39.2974
-38.9341
-38.5817
-38.2422
-37.9169
-37.6072
-37.3137
-37.037
-36.7772
-36.5342
-36.3077
-36.0968
-35.9007
-35.7182
-35.5479
-35.3881
-35.237
-35.0925
-34.9522
-34.8137
-34.6741
-34.5301
-34.3779
-34.2135
-34.0316
-33.8263
-33.5906
-33.3164
-32.9952
-32.6193
-32.1848
-31.6765
-31.0569
-30.2729
-29.3143
-28.276
-27.3378
-26.6865
-26.4528
-26.6863
-27.3656
-28.424
-29.7749
-31.3242
-32.9851
-34.7052
-36.4414
-38.1284
-39.6858
-41.0492
-42.1873
-43.0985
-43.7992
-44.3134
-44.6669
-44.8841
-44.9864
-44.9926
-44.9189
-44.7791
-44.585
-44.3467
-44.0731
-43.7717
-43.4489
-43.1105
-42.7612
-42.4055
-42.0469
-41.6887
-41.3337
-40.9844
-40.6428
-40.3108
-39.9898
-39.6813
-39.3861
-39.105
-38.8386
-38.5871
-38.3507
-38.1291
-37.9221
-37.729
-37.549
-37.3813
-37.2247
-37.0779
-36.9393
-36.8075
-36.6804
-36.5562
-36.4326
-36.3072
-36.177
-36.0389
-35.8892
-35.7233
-35.5358
-35.3201
-35.0679
-34.7694
-34.4129
-33.9869
-33.4832
-32.8851
-32.1475
-31.2056
-30.0522
-28.8061
-27.6779
-26.8782
-26.5472
-26.7321
-27.404
-28.4889
-29.8942
-31.5207
-33.2802
-35.1207
-36.9956
-38.8307
-40.5364
-42.043
-43.3173
-44.3577
-45.1811
-45.8124
-46.2775
-46.6009
-46.8041
-46.9061
-46.923
-46.8686
-46.7549
-46.5922
-46.3892
-46.1536
-45.892
-45.61
-45.3125
-45.0038
-44.6876
-44.3671
-44.045
-43.7238
-43.4057
-43.0924
-42.7856
-42.4866
-42.1967
-41.9169
-41.6481
-41.3909
-41.1458
-40.9133
-40.6936
-40.4868
-40.2928
-40.1114
-39.9424
-39.7852
-39.6393
-39.5041
-39.3787
-39.2622
-39.1538
-39.0522
-38.9564
-38.8651
-38.7771
-38.6909
-38.6049
-38.5176
-38.4272
-38.3316
-38.2285
-38.1153
-37.9886
-37.8446
-37.6782
-37.4832
-37.2508
-36.97
-36.6257
-36.198
-35.6641
-35.0024
-34.166
-33.072
-31.6856
-30.1156
-28.6007
-27.4005
-26.7002
-26.5759
-27.0116
-27.9361
-29.2541
-30.8633
-32.6621
-34.591
-36.6042
-38.6277
-40.5602
-42.3126
-43.8344
-45.1132
-46.1611
-47.0015
-47.6607
-48.164
-48.5342
-48.7911
-48.9518
-49.0313
-49.0421
-48.9954
-48.9005
-48.7658
-48.5984
-48.4043
-48.1889
-47.9569
-47.7122
-47.4581
-47.1978
-46.9338
-46.6682
-46.4031
-46.1401
-45.8806
-45.6259
-45.3771
-45.1351
-44.9008
-44.6747
-44.4576
-44.2498
-44.0517
-43.8637
-43.6859
-43.5186
-43.3616
-43.215
-43.0787
-42.9526
-42.8363
-42.7296
-42.6323
-42.5437
-42.4637
-42.3915
-42.3268
-42.2689
-42.2174
-42.1717
-42.131
-42.0949
-42.0628
-42.034
-42.0079
-41.9839
-41.9614
-41.9399
-41.9187
-41.8972
-41.8747
-41.8507
-41.8245
-41.7953
-41.7623
-41.7247
-41.6814
-41.6312
-41.5725
-41.5036
-41.4218
-41.3238
-41.2045
-41.0554
-40.8619
-40.5962
-40.2117
-39.6391
-38.7927
-37.5784
-35.9164
-33.817
-31.4702
-29.2084
-27.357
-26.1249
-25.5896
-25.7288
-26.4618
-27.6833
-29.2827
-31.1502
-33.2025
-35.3915
-37.6497
-39.8725
-41.951
-43.8106
-45.4209
-46.7841
-47.9197
-48.8533
-49.6111
-50.217
-50.6922
-51.0552
-51.3223
-51.5074
-51.6226
-51.6787
-51.6849
-51.6493
-51.5788
-51.4796
-51.357
-51.2156
-51.0594
-50.8919
-50.716
-50.5343
-50.3491
-50.1622
-49.9753
-49.7898
-49.6069
-49.4277
-49.253
-49.0835
-48.9199
-48.7626
-48.6122
-48.4689
-48.3331
-48.2049
-48.0845
-47.972
-47.8675
-47.7709
-47.6822
-47.6013
-47.5282
-47.4627
-47.4046
-47.3537
-47.3099
-47.2729
-47.2425
-47.2183
-47.2001
-47.1877
-47.1807
-47.1788
-47.1817
-47.1892
-47.2009
-47.2165
-47.2357
-47.2584
-47.2841
-47.3127
-47.3438
-47.3773
-47.4129
-47.4504
-47.4895
-47.5302
-47.5723
-47.6154
-47.6597
-47.7047
-47.7506
-47.7971
-47.8441
-47.8915
-47.9394
-47.9875
-48.0358
-48.0843
-48.1329
-48.1816
-48.2303
-48.2791
-48.3277
-48.3764
-48.425
-48.4734
-48.5218
-48.5701
-48.6182
-48.6662
-48.7141
-48.7618
-48.8093
-48.8566
-48.9037
-48.9505
-48.9972
-49.0435
-49.0895
-49.135
-49.1802
-49.2248
-49.2688
-49.312
-49.3543
-49.3953
-49.4348
-49.472
-49.5056
-49.5323
-49.5457
-49.5329
-49.4728
-49.332
-49.059
-48.5724
-47.7514
-46.4379
-44.4645
-41.6971
-38.1026
-33.9642
-29.8502
-26.2797
-23.5616
-21.8267
-21.0721
-21.2074
-22.0967
-23.5898
-25.5432
-27.8249
-30.3261
-32.9827
-35.7441
-38.5049
-41.1394
-43.5507
-45.6909
-47.5542
-49.1575
-50.5267
-51.6884
-52.6677
-53.487
-54.1664
-54.724
-55.1759
-55.5365
-55.8185
-56.0334
-56.191
-56.3001
-56.3686
-56.4031
-56.4095
-56.3929
-56.3579
-56.3082
-56.2473
-56.178
-56.1028
-56.0237
-55.9427
-55.8612
-55.7806
-55.702
-55.6262
-55.554
-55.4861
-55.4229
-55.3649
-55.3124
-55.2656
-55.2246
-55.1896
-55.1606
-55.1376
-55.1207
-55.1097
-55.1046
-55.1052
-55.1115
-55.1232
-55.1403
-55.1625
-55.1897
-55.2216
-55.2582
-55.2992
-55.3444
-55.3937
-55.4468
-55.5035
-55.5637
-55.6272
-55.6939
-55.7634
-55.8358
-55.9107
-55.9882
-56.068
-56.1499
-56.234
-56.3199
-56.4078
-56.4973
-56.5884
-56.6811
-56.7751
-56.8706
-56.9672
-57.0651
-57.1641
-57.2642
-57.3652
-57.4673
-57.5702
-57.674
-57.7785
-57.8839
-57.99
-58.0968
-58.2043
-58.3124
-58.4212
-58.5305
-58.6404
-58.7509
-58.8619
-58.9735
-59.0855
-59.198
-59.311
-59.4245
-59.5384
-59.6528
-59.7675
-59.8827
-59.9983
-60.1142
-60.2306
-60.3473
-60.4643
-60.5818
-60.6995
-60.8176
-60.936
-61.0547
-61.1738
-61.2931
-61.4127
-61.5325
-61.6527
-61.7731
-61.8937
-62.0146
-62.1357
-62.257
-62.3786
-62.5003
-62.6222
-62.7443
-62.8666
-62.9891
-63.1117
-63.2344
-63.3573
-63.4803
-63.6034
-63.7266
-63.8499
-63.9733
-64.0968
-64.2203
-64.3439
-64.4676
-64.5912
-64.715
-64.8387
-64.9624
-65.0861
-65.2098
-65.3335
-65.4572
-65.5808
-65.7044
-65.8279
-65.9513
-66.0747
-66.1979
-66.3211
-66.4442
-66.5671
-66.6899
-66.8126
-66.9351
-67.0575
-67.1797
-67.3018
-67.4236
-67.5453
-67.6667
-67.788
-67.909
-68.0298
-68.1503
-68.2706
-68.3907
-68.5104
-68.6299
-68.7491
-68.868
-68.9866
-69.1049
-69.2229
-69.3405
-69.4578
-69.5747
-69.6913
-69.8075
-69.9233
-70.0388
-70.1538
-70.2685
-70.3827
-70.4965
-70.6099
-70.7229
-70.8354
-70.9474
-71.059
-71.1702
-71.2808
-71.391
-71.5007
-71.6099
-71.7186
-71.8267
-71.9344
-72.0415
-72.1481
-72.2541
-72.3597
-72.4646
-72.569
-72.6728
-72.7761
-72.8788
-72.9809
-73.0825
-73.1834
-73.2837
-73.3835
-73.4826
-73.5812
-73.6791
-73.7764
-73.873
-73.9691
-74.0645
-74.1593
-74.2535
-74.347
-74.4399
-74.5321
-74.6237
-74.7147
-74.805
-74.8946
-74.9836
-75.072
-75.1597
-75.2467
-75.3331
-75.4188
-75.5038
-75.5882
-75.6719
-75.755
-75.8374
-75.9192
-76.0003
-76.0807
-76.1605
-76.2396
-76.3181
-76.3959
-76.473
-76.5495
-76.6254
-76.7006
-76.7751
-76.849
-76.9223
-76.9949
-77.0669
-77.1382
-77.2089
-77.279
-77.3484
-77.4172
-77.4854
-77.553
-77.6199
-77.6863
-77.752
-77.8171
-77.8816
-77.9455
-78.0088
-78.0715
-78.1336
-78.1952
-78.2561
-78.3165
-78.3762
-78.4354
-78.4941
-78.5522
-78.6097
-78.6666
-78.723
-78.7789
-78.8342
-78.8889
-78.9431
-78.9968
-79.05
-79.1026
-79.1547
-79.2063
-79.2574
-79.3079
-79.358
-79.4076
-79.4566
-79.5052
-79.5533
-79.6009
-79.648
-79.6947
-79.7408
-79.7865
-79.8318
-79.8766
-79.9209
-79.9648
-80.0082
-80.0512
-80.0937
-80.1358
-80.1775
-80.2188
-80.2596
-80.3
-80.34
-80.3796
-80.4187
-80.4575
-80.4959
-80.5339
-80.5714
-80.6086
-80.6454
-80.6819
-80.7179
-80.7536
-80.7889
-80.8238
-80.8584
-80.8926
-80.9265
-80.96
-80.9931
-81.026
-81.0584
-81.0905
-81.1223
-81.1538
-81.1849
-81.2157
-81.2462
-81.2764
-81.3062
-81.3357
-81.365
-81.3939
-81.4225
-81.4508
-81.4788
-81.5065
-81.5339
-81.5611
-81.5879
-81.6145
-81.6407
-81.6667
-81.6925
-81.7179
-81.7431
-81.768
-81.7926
-81.817
-81.8411
-81.865
-81.8886
-81.912
-81.9351
-81.9579
-81.9806
-82.0029
-82.0251
-82.047
-82.0686
-82.09
-82.1112
-82.1322
-82.1529
-82.1734
-82.1937
-82.2138
-82.2337
-82.2533
-82.2727
-82.2919
-82.3109
-82.3297
-82.3483
-82.3667
-82.3849
-82.4029
-82.4207
-82.4383
-82.4557
-82.4729
-82.4899
-82.5067
-82.5234
-82.5398
-82.5561
-82.5722
-82.5881
-82.6038
-82.6194
-82.6348
-82.65
-82.665
-82.6799
-82.6946
-82.7091
-82.7235
-82.7377
-82.7518
-82.7657
-82.7794
-82.793
-82.8064
-82.8196
-82.8328
-82.8457
-82.8585
-82.8712
-82.8837
-82.8961
-82.9083
-82.9204
-82.9324
-82.9442
-82.9558
-82.9674
-82.9788
-82.99
-83.0011
-83.0121
-83.023
-83.0337
-83.0443
-83.0548
-83.0652
-83.0754
-83.0855
-83.0955
-83.1054
-83.1151
-83.1247

