-88
-87.9148
-87.8299
-87.7453
-87.6611
-87.5772
-87.4936
-87.4103
-87.3273
-87.2447
-87.1624
-87.0804
-86.9987
-86.9173
-86.8363
-86.7555
-86.6752
-86.5951
-86.5154
-86.436
-86.357
-86.2784
-86.2001
-86.1222
-86.0447
-85.9677
-85.891
-85.8147
-85.7389
-85.6635
-85.5885
-85.514
-85.44
-85.3664
-85.2933
-85.2207
-85.1486
-85.077
-85.0058
-84.9352
-84.8651
-84.7955
-84.7264
-84.6578
-84.5897
-84.5221
-84.4551
-84.3886
-84.3226
-84.2572
-84.1922
-84.1278
-84.0639
-84.0005
-83.9377
-83.8753
-83.8135
-83.7522
-83.6914
-83.6311
-83.5713
-83.5121
-83.4533
-83.395
-83.3373
-83.28
-83.2232
-83.1669
-83.1111
-83.0558
-83.001
-82.9466
-82.8928
-82.8393
-82.7864
-82.7339
-82.6819
-82.6303
-82.5792
-82.5286
-82.4783
-82.4286
-82.3792
-82.3303
-82.2819
-82.2338
-82.1862
-82.139
-82.0922
-82.0458
-81.9998
-81.9543
-81.9091
-81.8643
-81.82
-81.776
-81.7324
-81.6892
-81.6463
-81.6039
-81.5618
-81.52
-81.4787
-81.4377
-81.397
-81.3567
-81.3168
-81.2772
-81.2379
-81.199
-81.1604
-81.1222
-81.0843
-81.0467
-81.0094
-80.9725
-80.9358
-80.8995
-80.8635
-80.8278
-80.7924
-80.7573
-80.7225
-80.688
-80.6538
-80.6198
-80.5862
-80.5528
-80.5198
-80.487
-80.4544
-80.4222
-80.3902
-80.3585
-80.327
-80.2958
-80.2648
-80.2342
-80.2037
-80.1735
-80.1436
-80.1139
-80.0844
-80.0552
-80.0262
-79.9975
-79.969
-79.9407
-79.9127
-79.8848
-79.8572
-79.8298
-79.8027
-79.7757
-79.749
-79.7224
-79.6961
-79.67
-79.6441
-79.6184
-79.5929
-79.5676
-79.5425
-79.5176
-79.4929
-79.4683
-79.444
-79.4198
-79.3959
-79.3721
-79.3485
-79.3251
-79.3018
-79.2787
-79.2558
-79.2331
-79.2106
-79.1882
-79.166
-79.1439
-79.122
-79.1003
-79.0788
-79.0573
-79.0361
-79.015
-78.9941
-78.9733
-78.9527
-78.9322
-78.9118
-78.8917
-78.8716
-78.8517
-78.832
-78.8123
-78.7929
-78.7735
-78.7543
-78.7353
-78.7164
-78.6976
-78.6789
-78.6604
-78.642
-78.6237
-78.6055
-78.5875
-78.5696
-78.5518
-78.5342
-78.5166
-78.4992
-78.4819
-78.4647
-78.4476
-78.4305
-78.4136
-78.3967
-78.3798
-78.363
-78.3463
-78.3296
-78.3128
-78.2961
-78.2794
-78.2626
-78.2457
-78.2288
-78.2119
-78.1948
-78.1777
-78.1604
-78.143
-78.1255
-78.1078
-78.09
-78.0719
-78.0538
-78.0354
-78.0168
-77.9981
-77.9791
-77.96
-77.9406
-77.9209
-77.9011
-77.881
-77.8607
-77.8401
-77.8193
-77.7983
-77.777
-77.7555
-77.7337
-77.7116
-77.6893
-77.6668
-77.6439
-77.6209
-77.5976
-77.574
-77.5502
-77.5261
-77.5017
-77.4772
-77.4523
-77.4272
-77.4019
-77.3763
-77.3505
-77.3244
-77.2981
-77.2716
-77.2448
-77.2178
-77.1905
-77.1631
-77.1353
-77.1074
-77.0793
-77.0509
-77.0223
-76.9935
-76.9644
-76.9352
-76.9057
-76.8761
-76.8462
-76.8162
-76.7859
-76.7554
-76.7248
-76.6939
-76.6629
-76.6317
-76.6003
-76.5687
-76.5369
-76.505
-76.4728
-76.4405
-76.4081
-76.3754
-76.3426
-76.3097
-76.2765
-76.2433
-76.2098
-76.1762
-76.1425
-76.1086
-76.0745
-76.0403
-76.006
-75.9715
-75.9368
-75.9021
-75.8672
-75.8321
-75.797
-75.7617
-75.7262
-75.6907
-75.655
-75.6191
-75.5832
-75.5471
-75.5109
-75.4746
-75.4382
-75.4017
-75.365
-75.3282
-75.2913
-75.2543
-75.2172
-75.18
-75.1427
-75.1052
-75.0677
-75.03
-74.9923
-74.9544
-74.9165
-74.8784
-74.8402
-74.802
-74.7636
-74.7251
-74.6866
-74.6479
-74.6092
-74.5703
-74.5314
-74.4923
-74.4532
-74.4139
-74.3746
-74.3352
-74.2956
-74.256
-74.2163
-74.1765
-74.1366
-74.0966
-74.0566
-74.0164
-73.9761
-73.9358
-73.8953
-73.8548
-73.8141
-73.7734
-73.7326
-73.6917
-73.6507
-73.6096
-73.5684
-73.5271
-73.4857
-73.4442
-73.4026
-73.3609
-73.3192
-73.2773
-73.2353
-73.1933
-73.1511
-73.1088
-73.0665
-73.024
-72.9814
-72.9388
-72.896
-72.8531
-72.8101
-72.7671
-72.7239
-72.6806
-72.6371
-72.5936
-72.55
-72.5062
-72.4624
-72.4184
-72.3743
-72.3301
-72.2858
-72.2413
-72.1967
-72.1521
-72.1072
-72.0623
-72.0172
-71.972
-71.9267
-71.8812
-71.8356
-71.7899
-71.744
-71.698
-71.6519
-71.6056
-71.5591
-71.5126
-71.4658
-71.4189
-71.3719
-71.3247
-71.2774
-71.2299
-71.1822
-71.1344
-71.0864
-71.0382
-70.9898
-70.9413
-70.8926
-70.8438
-70.7947
-70.7455
-70.6961
-70.6464
-70.5966
-70.5466
-70.4964
-70.446
-70.3954
-70.3446
-70.2936
-70.2423
-70.1909
-70.1392
-70.0873
-70.0352
-69.9828
-69.9302
-69.8774
-69.8243
-69.7709
-69.7174
-69.6635
-69.6094
-69.5551
-69.5004
-69.4455
-69.3904
-69.3349
-69.2792
-69.2232
-69.1668
-69.1102
-69.0533
-68.996
-68.9385
-68.8806
-68.8224
-68.7639
-68.705
-68.6458
-68.5863
-68.5264
-68.4661
-68.4055
-68.3444
-68.2831
-68.2213
-68.1591
-68.0966
-68.0336
-67.9702
-67.9064
-67.8422
-67.7775
-67.7124
-67.6468
-67.5808
-67.5143
-67.4474
-67.3799
-67.312
-67.2435
-67.1746
-67.1051
-67.0351
-66.9645
-66.8934
-66.8217
-66.7495
-66.6767
-66.6032
-66.5292
-66.4546
-66.3793
-66.3034
-66.2268
-66.1495
-66.0716
-65.993
-65.9137
-65.8336
-65.7528
-65.6712
-65.5889
-65.5058
-65.4219
-65.3372
-65.2516
-65.1651
-65.0778
-64.9896
-64.9005
-64.8105
-64.7194
-64.6275
-64.5345
-64.4405
-64.3454
-64.2493
-64.152
-64.0537
-63.9542
-63.8535
-63.7516
-63.6485
-63.5441
-63.4384
-63.3313
-63.2229
-63.1131
-63.0018
-62.8891
-62.7748
-62.6589
-62.5414
-62.4222
-62.3014
-62.1787
-62.0543
-61.9279
-61.7997
-61.6695
-61.5372
-61.4028
-61.2663
-61.1275
-60.9864
-60.8429
-60.6969
-60.5484
-60.3972
-60.2433
-60.0866
-59.9269
-59.7642
-59.5983
-59.4292
-59.2566
-59.0805
-58.9007
-58.7171
-58.5294
-58.3376
-58.1414
-57.9406
-57.7351
-57.5246
-57.3088
-57.0876
-56.8605
-56.6274
-56.3878
-56.1415
-55.8881
-55.6271
-55.3581
-55.0806
-54.794
-54.4978
-54.1913
-53.8738
-53.5445
-53.2025
-52.8468
-52.4763
-52.0898
-51.686
-51.2632
-50.8197
-50.3534
-49.8622
-49.3432
-48.7936
-48.2099
-47.5879
-46.9231
-46.2099
-45.4421
-44.6124
-43.7123
-42.7324
-41.6618
-40.4893
-39.2032
-37.7928
-36.2501
-34.5726
-32.7658
-30.8461
-28.834
-26.7217
-24.4947
-22.1693
-19.8025
-17.4958
-15.3847
-13.6179
-12.338
-11.672
-11.7292
-12.5958
-14.323
-16.909
-20.2173
-23.7101
-26.8618
-29.6381
-32.0313
-34.0629
-35.7529
-37.1157
-38.1664
-38.9255
-39.4189
-39.676
-39.7275
-39.603
-39.3299
-38.9333
-38.4356
-37.8569
-37.2154
-36.5274
-35.808
-35.0711
-34.3299
-33.5965
-32.8824
-32.198
-31.5527
-30.9547
-30.4108
-29.9262
-29.504
-29.1455
-28.8511
-28.6199
-28.4502
-28.3388
-28.2816
-28.2735
-28.3086
-28.3806
-28.4827
-28.6084
-28.7509
-28.9042
-29.0625
-29.2207
-29.3745
-29.5202
-29.655
-29.7767
-29.884
-29.976
-30.0525
-30.114
-30.1609
-30.1944
-30.2158
-30.2264
-30.2278
-30.2217
-30.2094
-30.1926
-30.1726
-30.1506
-30.1279
-30.1051
-30.0832
-30.0628
-30.0442
-30.0277
-30.0137
-30.0022
-29.9931
-29.9865
-29.9822
-29.9802
-29.9803
-29.9822
-29.986
-29.9913
-29.998
-30.006
-30.015
-30.025
-30.0357
-30.0471
-30.0589
-30.0711
-30.0836
-30.0963
-30.109
-30.1217
-30.1343
-30.1468
-30.1591
-30.1712
-30.183
-30.1946
-30.206
-30.2171
-30.2279
-30.2385
-30.2489
-30.2592
-30.2693
-30.2793
-30.2893
-30.2992
-30.3091
-30.3191
-30.3291
-30.3391
-30.3493
-30.3596
-30.3701
-30.3807
-30.3915
-30.4024
-30.4135
-30.4248
-30.4362
-30.4477
-30.4594
-30.4713
-30.4833
-30.4955
-30.5078
-30.5203
-30.533
-30.5457
-30.5586
-30.5716
-30.5846
-30.5977
-30.6107
-30.6236
-30.6365
-30.6492
-30.6618
-30.6742
-30.6865
-30.6987
-30.7107
-30.7226
-30.7344
-30.7463
-30.7582
-30.7701
-30.7821
-30.7943
-30.8066
-30.8192
-30.8319
-30.8448
-30.8579
-30.8712
-30.8846
-30.8983
-30.912
-30.9258
-30.9397
-30.9537
-30.9676
-30.9816
-30.9955
-31.0093
-31.023
-31.0367
-31.0503
-31.0637
-31.0771
-31.0904
-31.1036
-31.1167
-31.1297
-31.1428
-31.1558
-31.1688
-31.1817
-31.1947
-31.2078
-31.2208
-31.2339
-31.2471
-31.2603
-31.2736
-31.2871
-31.3006
-31.3143
-31.3281
-31.342
-31.3561
-31.3703
-31.3846
-31.399
-31.4134
-31.4278
-31.4421
-31.4564
-31.4705
-31.4844
-31.4982
-31.5118
-31.5252
-31.5384
-31.5515
-31.5645
-31.5774
-31.5903
-31.6032
-31.6162
-31.6293
-31.6426
-31.656
-31.6697
-31.6835
-31.6976
-31.7118
-31.7263
-31.7409
-31.7556
-31.7705
-31.7855
-31.8005
-31.8155
-31.8305
-31.8454
-31.8603
-31.8752
-31.8899
-31.9045
-31.919
-31.9334
-31.9477
-31.9619
-31.976
-31.99
-32.004
-32.0178
-32.0316
-32.0454
-32.0591
-32.0729
-32.0866
-32.1003
-32.1141
-32.128
-32.1419
-32.1559
-32.1701
-32.1844
-32.199
-32.2137
-32.2286
-32.2436
-32.2588
-32.2742
-32.2895
-32.3049
-32.3202
-32.3355
-32.3506
-32.3654
-32.3801
-32.3945
-32.4087
-32.4227
-32.4364
-32.45
-32.4634
-32.4768
-32.4901
-32.5034
-32.5169
-32.5304
-32.5441
-32.558
-32.5721
-32.5865
-32.6011
-32.616
-32.6311
-32.6464
-32.6619
-32.6776
-32.6934
-32.7094
-32.7253
-32.7413
-32.7573
-32.7732
-32.7891
-32.8048
-32.8204
-32.8359
-32.8513
-32.8664
-32.8815
-32.8964
-32.9111
-32.9258
-32.9403
-32.9548
-32.9692
-32.9835
-32.9977
-33.0119
-33.0262
-33.0404
-33.0547
-33.0691
-33.0836
-33.0983
-33.1132
-33.1284
-33.1437
-33.1594
-33.1752
-33.1913
-33.2076
-33.2239
-33.2403
-33.2567
-33.273
-33.2891
-33.3049
-33.3205
-33.3357
-33.3507
-33.3653
-33.3796
-33.3936
-33.4074
-33.421
-33.4345
-33.448
-33.4616
-33.4752
-33.4889
-33.5029
-33.5171
-33.5317
-33.5465
-33.5616
-33.5771
-33.5928
-33.6089
-33.6252
-33.6417
-33.6584
-33.6753
-33.6923
-33.7094
-33.7264
-33.7435
-33.7604
-33.7773
-33.794
-33.8106
-33.827
-33.8432
-33.8593
-33.8751
-33.8908
-33.9062
-33.9215
-33.9367
-33.9517
-33.9666
-33.9814
-33.9961
-34.0107
-34.0254
-34.04
-34.0548
-34.0697
-34.0848
-34.1002
-34.1159
-34.1319
-34.1482
-34.1649
-34.1819
-34.1992
-34.2167
-34.2343
-34.2519
-34.2694
-34.2868
-34.304
-34.3208
-34.3372
-34.3533
-34.3688
-34.384
-34.3987
-34.4131
-34.4271
-34.4409
-34.4545
-34.468
-34.4815
-34.495
-34.5087
-34.5227
-34.5369
-34.5515
-34.5664
-34.5817
-34.5975
-34.6136
-34.6302
-34.6471
-34.6644
-34.6819
-34.6998
-34.7178
-34.736
-34.7543
-34.7726
-34.7909
-34.8092
-34.8273
-34.8453
-34.8632
-34.8808
-34.8982
-34.9154
-34.9323
-34.949
-34.9655
-34.9817
-34.9977
-35.0135
-35.0291
-35.0445
-35.0597
-35.0748
-35.0899
-35.1049
-35.12
-35.1353
-35.1508
-35.1666
-35.1828
-35.1994
-35.2165
-35.234
-35.252
-35.2705
-35.2893
-35.3084
-35.3276
-35.3468
-35.366
-35.3849
-35.4036
-35.4218
-35.4394
-35.4566
-35.4731
-35.4891
-35.5045
-35.5193
-35.5337
-35.5477
-35.5613
-35.5747
-35.5881
-35.6014
-35.6148
-35.6284
-35.6423
-35.6565
-35.6712
-35.6863
-35.7019
-35.718
-35.7347
-35.7519
-35.7696
-35.7877
-35.8062
-35.8251
-35.8443
-35.8638
-35.8835
-35.9032
-35.9231
-35.9429
-35.9627
-35.9824
-36.0019
-36.0212
-36.0403
-36.0592
-36.0777
-36.096
-36.1139
-36.1316
-36.1489
-36.1659
-36.1826
-36.199
-36.2152
-36.2311
-36.2468
-36.2623
-36.2778
-36.2933
-36.3088
-36.3246
-36.3408
-36.3573
-36.3745
-36.3922
-36.4106
-36.4297
-36.4494
-36.4698
-36.4907
-36.5119
-36.5334
-36.5551
-36.5766
-36.5979
-36.6188
-36.6393
-36.6591
-36.6781
-36.6964
-36.714
-36.7307
-36.7466
-36.7618
-36.7764
-36.7904
-36.804
-36.8172
-36.8303
-36.8432
-36.8562
-36.8694
-36.8829
-36.8967
-36.911
-36.9258
-36.9412
-36.9572
-36.9739
-36.9912
-37.0092
-37.0278
-37.047
-37.0667
-37.0869
-37.1075
-37.1285
-37.1498
-37.1713
-37.193
-37.2147
-37.2365
-37.2582
-37.2798
-37.3012
-37.3224
-37.3433
-37.3639
-37.3843
-37.4042
-37.4239
-37.4431
-37.462
-37.4805
-37.4986
-37.5163
-37.5337
-37.5506
-37.5673
-37.5836
-37.5996
-37.6154
-37.6312
-37.647
-37.663
-37.6794
-37.6963
-37.7139
-37.7323
-37.7516
-37.7719
-37.7931
-37.8153
-37.8385
-37.8624
-37.8869
-37.9119
-37.9371
-37.9623
-37.9874
-38.0121
-38.0362
-38.0596
-38.0821
-38.1036
-38.1241
-38.1434
-38.1617
-38.179
-38.1952
-38.2106
-38.2251
-38.239
-38.2523
-38.2653
-38.2779
-38.2905
-38.3031
-38.3159
-38.3289
-38.3424
-38.3564
-38.371
-38.3862
-38.4022
-38.419
-38.4366
-38.4549
-38.474
-38.4939
-38.5145
-38.5358
-38.5577
-38.5801
-38.603
-38.6264
-38.65
-38.6739
-38.698
-38.7222
-38.7464
-38.7706
-38.7946
-38.8185
-38.8422
-38.8657
-38.8888
-38.9116
-38.9341
-38.9562
-38.9779
-38.9992
-39.0201
-39.0407
-39.0608
-39.0805
-39.0997
-39.1186
-39.137
-39.1549
-39.1724
-39.1894
-39.2061
-39.2223
-39.2383
-39.2542
-39.2701
-39.2863
-39.3029
-39.3203
-39.3386
-39.3581
-39.3788
-39.401
-39.4247
-39.4499
-39.4766
-39.5046
-39.5337
-39.5639
-39.5947
-39.626
-39.6574
-39.6887
-39.7196
-39.7498
-39.7792
-39.8075
-39.8346
-39.8603
-39.8847
-39.9075
-39.929
-39.949
-39.9677
-39.9851
-40.0014
-40.0166
-40.031
-40.0447
-40.0579
-40.0707
-40.0833
-40.0958
-40.1084
-40.1213
-40.1346
-40.1483
-40.1627
-40.1778
-40.1936
-40.2103
-40.2279
-40.2463
-40.2657
-40.286
-40.3072
-40.3292
-40.3521
-40.3757
-40.4001
-40.4251
-40.4508
-40.4769
-40.5035
-40.5304
-40.5576
-40.585
-40.6126
-40.6402
-40.6679
-40.6955
-40.7229
-40.7503
-40.7774
-40.8043
-40.8309
-40.8572
-40.8832
-40.9088
-40.9341
-40.9591
-40.9838
-41.0081
-41.032
-41.0557
-41.0791
-41.1021
-41.1249
-41.1475
-41.1698
-41.1918
-41.2137
-41.2352
-41.2565
-41.2773
-41.2978
-41.3177
-41.337
-41.3556
-41.3734
-41.3905
-41.4068
-41.4225
-41.4378
-41.4529
-41.4681
-41.4839
-41.5004
-41.5183
-41.5377
-41.5591
-41.5827
-41.6087
-41.6372
-41.6683
-41.7018
-41.7377
-41.7756
-41.8154
-41.8566
-41.8989
-41.9419
-41.9853
-42.0286
-42.0715
-42.1136
-42.1546
-42.1944
-42.2326
-42.2692
-42.304
-42.3369
-42.3679
-42.397
-42.4242
-42.4496
-42.4733
-42.4954
-42.5161
-42.5354
-42.5536
-42.5707
-42.5871
-42.6029
-42.6181
-42.6331
-42.6479
-42.6628
-42.6778
-42.6932
-42.709
-42.7253
-42.7423
-42.76
-42.7786
-42.798
-42.8183
-42.8395
-42.8617
-42.8849
-42.909
-42.9341
-42.9602
-42.9871
-43.0149
-43.0436
-43.0729
-43.103
-43.1338
-43.1651
-43.197
-43.2293
-43.2621
-43.2952
-43.3286
-43.3622
-43.396
-43.4298
-43.4638
-43.4978
-43.5318
-43.5657
-43.5996
-43.6333
-43.6669
-43.7003
-43.7336
-43.7667
-43.7996
-43.8322
-43.8647
-43.897
-43.9291
-43.961
-43.9928
-44.0243
-44.0558
-44.087
-44.1182
-44.1492
-44.1802
-44.2111
-44.2419
-44.2727
-44.3034
-44.3342
-44.365
-44.3958
-44.4266
-44.4575
-44.4885
-44.5196
-44.5508
-44.5821
-44.6135
-44.645
-44.6767
-44.7086
-44.7406
-44.7728
-44.8051
-44.8376
-44.8703
-44.9031
-44.9361
-44.9693
-45.0027
-45.0362
-45.0698
-45.1035
-45.1371
-45.1706
-45.2039
-45.2367
-45.2687
-45.2996
-45.329
-45.3567
-45.3821
-45.4051
-45.4253
-45.4428
-45.4574
-45.4696
-45.4795
-45.4877
-45.4949
-45.5018
-45.5093
-45.5182
-45.5293
-45.5435
-45.5615
-45.5839
-45.6111
-45.6436
-45.6813
-45.7243
-45.7724
-45.8254
-45.8827
-45.9441
-46.0088
-46.0763
-46.146
-46.2173
-46.2897
-46.3626
-46.4355
-46.508
-46.5796
-46.6501
-46.7192
-46.7866
-46.852
-46.9155
-46.9769
-47.0361
-47.0932
-47.1481
-47.2009
-47.2516
-47.3004
-47.3473
-47.3925
-47.436
-47.4781
-47.5189
-47.5584
-47.5969
-47.6345
-47.6714
-47.7077
-47.7434
-47.7789
-47.8141
-47.8493
-47.8845
-47.9198
-47.9553
-47.9912
-48.0274
-48.0642
-48.1015
-48.1394
-48.1779
-48.2172
-48.2571
-48.2979
-48.3394
-48.3817
-48.4248
-48.4688
-48.5136
-48.5592
-48.6056
-48.6528
-48.7008
-48.7495
-48.799
-48.8493
-48.9002
-48.9519
-49.0042
-49.0572
-49.1108
-49.1649
-49.2197
-49.275
-49.3308
-49.3871
-49.4439
-49.5012
-49.5589
-49.617
-49.6756
-49.7345
-49.7939
-49.8536
-49.9136
-49.974
-50.0347
-50.0958
-50.1572
-50.2189
-50.2809
-50.3432
-50.4059
-50.4688
-50.5321
-50.5957
-50.6595
-50.7237
-50.7882
-50.853
-50.9181
-50.9836
-51.0494
-51.1155
-51.1819
-51.2487
-51.3159
-51.3833
-51.4512
-51.5194
-51.588
-51.6569
-51.7262
-51.796
-51.8661
-51.9366
-52.0074
-52.0788
-52.1505
-52.2226
-52.2952
-52.3681
-52.4415
-52.5154
-52.5897
-52.6644
-52.7395
-52.8152
-52.8912
-52.9678
-53.0447
-53.1222
-53.2001
-53.2785
-53.3573
-53.4367
-53.5165
-53.5967
-53.6775
-53.7587
-53.8405
-53.9227
-54.0054
-54.0885
-54.1722
-54.2564
-54.341
-54.4262
-54.5118
-54.5979
-54.6845
-54.7717
-54.8593
-54.9474
-55.036
-55.1251
-55.2147
-55.3048
-55.3954
-55.4865
-55.5781
-55.6702
-55.7627
-55.8558
-55.9494
-56.0435
-56.138
-56.2331
-56.3286
-56.4247
-56.5212
-56.6182
-56.7157
-56.8137
-56.9122
-57.0112
-57.1107
-57.2106
-57.311
-57.4119
-57.5133
-57.6151
-57.7174
-57.8202
-57.9235
-58.0272
-58.1314
-58.2361
-58.3412
-58.4467
-58.5527
-58.6592
-58.7661
-58.8735
-58.9813
-59.0895
-59.1982
-59.3073
-59.4168
-59.5268
-59.6372
-59.748
-59.8592
-59.9708
-60.0828
-60.1952
-60.3081
-60.4213
-60.5349
-60.6489
-60.7632
-60.8779
-60.993
-61.1085
-61.2243
-61.3405
-61.457
-61.5739
-61.6911
-61.8087
-61.9265
-62.0447
-62.1632
-62.282
-62.4011
-62.5205
-62.6402
-62.7602
-62.8805
-63.001
-63.1218
-63.2428
-63.3641
-63.4857
-63.6074
-63.7294
-63.8516
-63.9741
-64.0967
-64.2196
-64.3426
-64.4658
-64.5892
-64.7128
-64.8365
-64.9604
-65.0844
-65.2086
-65.3329
-65.4573
-65.5818
-65.7065
-65.8313
-65.9561
-66.081
-66.2061
-66.3311
-66.4563
-66.5815
-66.7067
-66.832
-66.9573
-67.0826
-67.2079
-67.3332
-67.4585
-67.5838
-67.7091
-67.8343
-67.9595
-68.0846
-68.2096
-68.3346
-68.4595
-68.5843
-68.7089
-68.8335
-68.9579
-69.0823
-69.2064
-69.3304
-69.4543
-69.5779
-69.7014
-69.8247
-69.9477
-70.0706
-70.1932
-70.3156
-70.4378
-70.5596
-70.6813
-70.8026
-70.9237
-71.0444
-71.1648
-71.285
-71.4048
-71.5242
-71.6433
-71.7621
-71.8804
-71.9984
-72.116
-72.2332
-72.35
-72.4664
-72.5824
-72.6979
-72.8129
-72.9276
-73.0417
-73.1554
-73.2686
-73.3813
-73.4934
-73.6051
-73.7163
-73.827
-73.9371
-74.0466
-74.1557
-74.2641
-74.372
-74.4794
-74.5861
-74.6923
-74.7979
-74.9029
-75.0073
-75.111
-75.2142
-75.3167
-75.4186
-75.5199
-75.6205
-75.7205
-75.8199
-75.9186
-76.0166
-76.114
-76.2107
-76.3067
-76.4021
-76.4968
-76.5908
-76.6842
-76.7768
-76.8688
-76.9601
-77.0506
-77.1405
-77.2297
-77.3182
-77.406
-77.4932
-77.5796
-77.6653
-77.7503
-77.8346
-77.9182
-78.0011
-78.0832
-78.1647
-78.2455
-78.3256
-78.405
-78.4837
-78.5617
-78.6389
-78.7155
-78.7914
-78.8666
-78.9411
-79.0149
-79.0881
-79.1605
-79.2323
-79.3033
-79.3737
-79.4435
-79.5125
-79.5809
-79.6486
-79.7156
-79.782
-79.8477
-79.9127
-79.9771
-80.0409
-80.104
-80.1664
-80.2282
-80.2894
-80.35
-80.4099
-80.4692
-80.5278
-80.5859
-80.6433
-80.7002
-80.7564
-80.812
-80.8671
-80.9215
-80.9753
-81.0286
-81.0813
-81.1334
-81.1849
-81.2359
-81.2863
-81.3362
-81.3855
-81.4342
-81.4824
-81.5301
-81.5772
-81.6238
-81.6699
-81.7154
-81.7604
-81.805
-81.849
-81.8925
-81.9355
-81.978
-82.02
-82.0615
-82.1026
-82.1431
-82.1832
-82.2229
-82.262
-82.3007
-82.339
-82.3768
-82.4141
-82.451
-82.4875

