-88
-88.5639
-88.9919
-89.3383
-89.6302
-89.8825
-90.1042
-90.3016
-90.4791
-90.64
-90.787
-90.9221
-91.0469
-91.1627
-91.2707
-91.3717
-91.4666
-91.5559
-91.6402
-91.72
-91.7956
-91.8675
-91.936
-92.0012
-92.0635
-92.1231
-92.1801
-92.2347
-92.2872
-92.3375
-92.3859
-92.4324
-92.4772
-92.5204
-92.562
-92.6021
-92.6408
-92.6783
-92.7145
-92.7494
-92.7833
-92.8161
-92.8478
-92.8786
-92.9085
-92.9374
-92.9655
-92.9928
-93.0193
-93.0451
-93.0701
-93.0945
-93.1182
-93.1413
-93.1638
-93.1857
-93.207
-93.2279
-93.2482
-93.268
-93.2873
-93.3062
-93.3246
-93.3426
-93.3602
-93.3775
-93.3943
-93.4107
-93.4268
-93.4426
-93.458
-93.4731
-93.4879
-93.5024
-93.5166
-93.5305
-93.5442
-93.5575
-93.5706
-93.5835
-93.5961
-93.6085
-93.6207
-93.6326
-93.6443
-93.6558
-93.6671
-93.6782
-93.6891
-93.6998
-93.7103
-93.7206
-93.7307
-93.7407
-93.7505
-93.7602
-93.7696
-93.779
-93.7881
-93.7971
-93.806
-93.8147
-93.8233
-93.8317
-93.84
-93.8482
-93.8562
-93.8641
-93.8719
-93.8795
-93.8871
-93.8945
-93.9018
-93.9089
-93.916
-93.923
-93.9298
-93.9365
-93.9432
-93.9497
-93.9561
-93.9624
-93.9686
-93.9748
-93.9808
-93.9867
-93.9926
-93.9983
-94.004
-94.0095
-94.015
-94.0204
-94.0257
-94.031
-94.0361
-94.0412
-94.0462
-94.0511
-94.0559
-94.0606
-94.0653
-94.0699
-94.0744
-94.0789
-94.0833
-94.0876
-94.0918
-94.096
-94.1001
-94.1042
-94.1081
-94.1121
-94.1159
-94.1197
-94.1234
-94.1271
-94.1307
-94.1342
-94.1377
-94.1411
-94.1445
-94.1478
-94.1511
-94.1543
-94.1574
-94.1605
-94.1635
-94.1665
-94.1694
-94.1723
-94.1752
-94.1779
-94.1807
-94.1834
-94.186
-94.1886
-94.1911
-94.1936
-94.1961
-94.1985
-94.2009
-94.2032
-94.2054
-94.2077
-94.2099
-94.212
-94.2141
-94.2162
-94.2182
-94.2202
-94.2222
-94.2241
-94.226
-94.2278
-94.2296
-94.2314
-94.2331
-94.2348
-94.2364
-94.238
-94.2396
-93.5516
-92.9884
-92.5024
-92.0689
-91.6743
-91.3103
-90.9713
-90.6531
-90.3527
-90.0678
-89.7964
-89.537
-89.2884
-89.0495
-88.8195
-88.5976
-88.383
-88.1754
-87.9742
-87.7789
-87.5892
-87.4047
-87.2251
-87.0502
-86.8796
-86.7131
-86.5506
-86.3918
-86.2365
-86.0846
-85.9359
-85.7903
-85.6476
-85.5077
-85.3704
-85.2358
-85.1036
-84.9737
-84.8461
-84.7207
-84.5974
-84.4761
-84.3567
-84.2392
-84.1235
-84.0095
-83.8972
-83.7865
-83.6773
-83.5697
-83.4635
-83.3588
-83.2554
-83.1533
-83.0525
-82.953
-82.8547
-82.7575
-82.6615
-82.5666
-82.4728
-82.38
-82.2883
-82.1975
-82.1077
-82.0189
-81.931
-81.844
-81.7579
-81.6726
-81.5882
-81.5046
-81.4218
-81.3398
-81.2585
-81.178
-81.0983
-81.0193
-80.941
-80.8634
-80.7864
-80.7102
-80.6346
-80.5596
-80.4853
-80.4116
-80.3385
-80.2661
-80.1942
-80.1229
-80.0522
-79.982
-79.9124
-79.8434
-79.7749
-79.7069
-79.6395
-79.5725
-79.5061
-79.4402
-79.3748
-79.3099
-79.2454
-79.1815
-79.118
-79.0549
-78.9924
-78.9302
-78.8686
-78.8073
-78.7465
-78.6862
-78.6262
-78.5667
-78.5076
-78.4489
-78.3906
-78.3327
-78.2752
-78.2181
-78.1614
-78.1051
-78.0491
-77.9936
-77.9383
-77.8835
-77.829
-77.7749
-77.7211
-77.6677
-77.6146
-77.5619
-77.5095
-77.4574
-77.4057
-77.3543
-77.3032
-77.2524
-77.202
-77.1518
-77.102
-77.0525
-77.0033
-76.9544
-76.9058
-76.8575
-76.8094
-76.7617
-76.7142
-76.6671
-76.6202
-76.5736
-76.5272
-76.4811
-76.4353
-76.3898
-76.3445
-76.2995
-76.2547
-76.2102
-76.1659
-76.1219
-76.0782
-76.0346
-75.9913
-75.9483
-75.9055
-75.8629
-75.8206
-75.7784
-75.7365
-75.6949
-75.6534
-75.6122
-75.5711
-75.5303
-75.4897
-75.4493
-75.4092
-75.3692
-75.3294
-75.2898
-75.2504
-75.2113
-75.1723
-75.1335
-75.0948
-75.0564
-75.0182
-74.9801
-74.9422
-74.9045
-74.867
-74.8296
-74.7925
-74.7554
-74.7186
-74.6819
-74.6454
-74.609
-74.5728
-74.5368
-74.5009
-74.4652
-74.4296
-74.3942
-74.3589
-74.3238
-74.2888
-74.254
-74.2193
-74.1847
-74.1503
-74.116
-74.0818
-74.0478
-74.0139
-73.9802
-73.9465
-73.913
-73.8796
-73.8463
-73.8132
-73.7802
-73.7472
-73.7144
-73.6818
-73.6492
-73.6167
-73.5844
-73.5521
-73.52
-73.4879
-73.456
-73.4241
-73.3924
-73.3608
-73.3292
-73.2978
-73.2664
-73.2351
-73.2039
-73.1728
-73.1418
-73.1109
-73.08
-73.0493
-73.0186
-72.988
-72.9575
-72.927
-72.8966
-72.8663
-72.8361
-72.8059
-72.7758
-72.7458
-72.7158
-72.6859
-72.656
-72.6263
-72.5965
-72.5669
-72.5372
-72.5077
-72.4782
-72.4487
-72.4193
-72.3899
-72.3606
-72.3314
-72.3021
-72.273
-72.2438
-72.2147
-72.1857
-72.1566
-72.1276
-72.0987
-72.0697
-72.0409
-72.012
-71.9831
-71.9543
-71.9255
-71.8968
-71.868
-71.8393
-71.8106
-71.7819
-71.7532
-71.7246
-71.6959
-71.6673
-71.6387
-71.6101
-71.5814
-71.5528
-71.5242
-71.4956
-71.467
-71.4384
-71.4098
-71.3812
-71.3526
-71.324
-71.2953
-71.2667
-71.238
-71.2093
-71.1807
-71.152
-71.1232
-71.0945
-71.0657
-71.0369
-71.0081
-70.9792
-70.9504
-70.9215
-70.8925
-70.8635
-70.8345
-70.8055
-70.7764
-70.7472
-70.718
-70.6888
-70.6595
-70.6302
-70.6008
-70.5714
-70.5419
-70.5123
-70.4827
-70.4531
-70.4233
-70.3935
-70.3636
-70.3337
-70.3037
-70.2736
-70.2434
-70.2132
-70.1828
-70.1524
-70.1219
-70.0913
-70.0606
-70.0298
-69.9989
-69.968
-69.9369
-69.9057
-69.8744
-69.843
-69.8114
-69.7798
-69.748
-69.7162
-69.6841
-69.652
-69.6197
-69.5873
-69.5548
-69.5221
-69.4892
-69.4563
-69.4231
-69.3898
-69.3564
-69.3228
-69.289
-69.255
-69.2209
-69.1866
-69.1521
-69.1174
-69.0825
-69.0474
-69.0121
-68.9766
-68.9409
-68.905
-68.8689
-68.8325
-68.7959
-68.759
-68.7219
-68.6846
-68.647
-68.6091
-68.571
-68.5326
-68.4939
-68.4549
-68.4156
-68.376
-68.3361
-68.2958
-68.2553
-68.2144
-68.1731
-68.1315
-68.0895
-68.0471
-68.0044
-67.9612
-67.9176
-67.8736
-67.8292
-67.7843
-67.7389
-67.6931
-67.6467
-67.5999
-67.5525
-67.5046
-67.4561
-67.407
-67.3574
-67.307
-67.2561
-67.2044
-67.1521
-67.099
-67.0452
-66.9905
-66.9351
-66.8787
-66.8214
-66.7632
-66.7039
-66.6436
-66.5821
-66.5194
-66.4554
-66.3901
-66.3232
-66.2547
-66.1845
-66.1124
-66.0382
-65.9618
-65.8828
-65.8011
-65.7163
-65.6282
-65.5363
-65.4402
-65.3396
-65.2338
-65.1224
-65.0048
-64.8805
-64.7488
-64.6091
-64.4607
-64.3032
-64.1358
-63.958
-63.7693
-63.569
-63.3568
-63.1322
-62.8946
-62.6436
-62.3785
-62.0988
-61.8038
-61.4924
-61.1636
-60.8157
-60.4468
-60.0542
-59.6346
-59.1833
-58.6942
-58.159
-57.5664
-56.8999
-56.1359
-55.2379
-54.1472
-52.7609
-50.8769
-48.0279
-43.0366
-33.9091
-19.1857
3.24204
25.4321
33.3346
31.2822
22.062
9.35983
-2.7333
-13.2046
-22.7923
-31.9609
-40.6163
-50.307
-58.9055
-64.3357
-67.6648
-69.8129
-71.257
-72.2465
-72.9203
-73.3628
-73.6293
-73.7588
-73.7804
-73.7162
-73.5837
-73.3965
-73.1652
-72.8983
-72.6023
-72.2822
-71.9419
-71.5844
-71.212
-70.8264
-70.4289
-70.0206
-69.6022
-69.1741
-68.7367
-68.2903
-67.8348
-67.37
-66.8957
-66.4114
-65.9164
-65.4097
-64.89
-64.3558
-63.805
-63.2349
-62.6421
-62.0224
-61.37
-60.6776
-59.9352
-59.1291
-58.2402
-57.2408
-56.089
-54.7198
-53.0271
-50.8271
-47.781
-43.2146
-35.7871
-24.2212
-4.81831
20.887
32.3807
32.6169
24.6283
12.0268
-0.355536
-10.8793
-20.26
-29.1546
-37.1107
-46.084
-55.6807
-62.4457
-66.5526
-69.1489
-70.8707
-72.0403
-72.8301
-73.3409
-73.6372
-73.7643
-73.7556
-73.6368
-73.4284
-73.1468
-72.8051
-72.4143
-71.9833
-71.5193
-71.0283
-70.5153
-69.9842
-69.4382
-68.8799
-68.3112
-67.7335
-67.1476
-66.5542
-65.953
-65.3436
-64.7251
-64.0958
-63.4538
-62.7962
-62.1192
-61.4181
-60.6867
-59.9168
-59.0976
-58.2143
-57.2461
-56.1631
-54.9205
-53.4481
-51.6296
-49.2594
-45.9461
-40.8994
-32.7097
-21.0672
-0.540228
22.144
31.2321
30.2114
21.7051
9.54286
-2.12417
-12.2196
-21.4388
-30.1459
-37.984
-46.8747
-55.7983
-61.9681
-65.791
-68.2642
-69.9412
-71.1057
-71.9112
-72.4484
-72.7768
-72.9384
-72.9649
-72.8813
-72.7076
-72.46
-72.1517
-71.7936
-71.3948
-70.9627
-70.5032
-70.0214
-69.5214
-69.0064
-68.4791
-67.9414
-67.3948
-66.8403
-66.2783
-65.709
-65.132
-64.5464
-63.951
-63.344
-62.7229
-62.0846
-61.4248
-60.7385
-60.0187
-59.2564
-58.4396
-57.5516
-56.5691
-55.4579
-54.1661
-52.6108
-50.6513
-48.032
-44.2513
-38.2964
-28.7883
-14.7898
8.66545
26.2413
31.2645
27.3977
17.2841
5.18818
-5.80005
-15.4797
-24.5576
-33.0472
-41.2246
-50.3914
-58.2753
-63.3195
-66.4745
-68.5502
-69.9725
-70.9634
-71.6468
-72.0978
-72.3668
-72.4897
-72.4941
-72.4016
-72.2294
-71.9917
-71.7
-71.3638
-70.991
-70.588
-70.1602
-69.7119
-69.2466
-68.7673
-68.2762
-67.775
-67.265
-66.7471
-66.2215
-65.6885
-65.1477
-64.5982
-64.0389
-63.4683
-62.884
-62.2833
-61.6626
-61.0171
-60.3408
-59.6261
-58.8623
-58.0355
-57.126
-56.1058
-54.933
-53.5428
-51.8288
-49.6056
-46.5249
-41.8872
-34.3754
-23.384
-4.7711
18.9448
30.0241
30.5845
23.3638
11.714
-0.0847422
-10.4062
-19.7439
-28.5544
-36.5511
-45.1459
-54.0913
-60.5818
-64.5755
-67.1088
-68.8025
-69.9758
-70.7976
-71.364
-71.7348
-71.9507
-72.0414
-72.0297
-71.9339
-71.7685
-71.5457
-71.2751
-70.9651
-70.6223
-70.2523
-69.8597
-69.4484
-69.0212
-68.5809
-68.1293
-67.6678
-67.1978
-66.7198
-66.2342
-65.7411
-65.2403
-64.731
-64.2123
-63.6828
-63.1408
-62.5838
-62.0088
-61.412
-60.7885
-60.132
-59.4343
-58.6843
-57.867
-56.9616
-55.9377
-54.75
-53.3274
-51.5522
-49.2168
-45.9262
-40.883
-32.6674
-20.9101
-0.275567
22.1499
31.165
30.231
21.8498
9.74735
-1.94282
-12.1
-21.383
-30.1084
-37.9274
-46.6707
-55.3122
-61.2295
-64.8328
-67.1196
-68.6521
-69.7178
-70.4687
-70.991
-71.3381
-71.5462
-71.6415
-71.6443
-71.5706
-71.4335
-71.2435
-71.0096
-70.7389
-70.4376
-70.1107
-69.7624
-69.3961
-69.0146
-68.6202
-68.2149
-67.7999
-67.3766
-66.9455
-66.5072
-66.0619
-65.6095
-65.1498
-64.6821
-64.2056
-63.719
-63.2207
-62.7089
-62.1809
-61.6337
-61.0631
-60.4642
-59.8303
-59.1528
-58.4203
-57.617
-56.7208
-55.6994
-54.5041
-53.058
-51.2318
-48.7942
-45.2982
-39.8332
-30.9093
-18.1357
4.31545
24.758
31.8796
29.5328
20.1525
7.80565
-3.69157
-13.6799
-22.8977
-31.5223
-39.455
-48.3484
-56.5272
-61.8547
-65.0903
-67.1557
-68.5493
-69.5256
-70.2199
-70.7091
-71.0406
-71.2469
-71.3511
-71.3715
-71.3221
-71.2147
-71.0587
-70.8622
-70.6316
-70.3724
-70.0893
-69.7859
-69.4656
-69.1308
-68.7838
-68.4264
-68.0598
-67.6854
-67.3038
-66.9156
-66.5214
-66.1212
-65.715
-65.3026
-64.8837
-64.4574
-64.0232
-63.5797
-63.1258
-62.6596
-62.1792
-61.6818
-61.1642
-60.6224
-60.0512
-59.4439
-58.7918
-58.0831
-57.3019
-56.4253
-55.4202
-54.236
-52.792
-50.9513
-48.4646
-44.8396
-39.0597
-29.6175
-15.7468
7.79536
26.4242
32.1687
28.7903
18.7904
6.39773
-4.91129
-14.7729
-23.9258
-32.4696
-40.5246
-49.4514
-57.2214
-62.1473
-65.1409
-67.0627
-68.3696
-69.2947
-69.9618
-70.4409
-70.7757
-70.9951
-71.1206
-71.1685
-71.1516
-71.0807
-70.9644
-70.8101
-70.6236
-70.4102
-70.174
-69.9187
-69.6471
-69.3618
-69.0649
-68.758
-68.4426
-68.1198
-67.7905
-67.4555
-67.1153
-66.7703
-66.4207
-66.0666
-65.708
-65.3446
-64.9763
-64.6026
-64.2229
-63.8366
-63.4429
-63.0405
-62.6283
-62.2047
-61.7679
-61.3155
-60.8448
-60.3523
-59.8337
-59.2833
-58.694
-58.0563
-57.3574
-56.5794
-55.6969
-54.6719
-53.4455
-51.9206
-49.9257
-47.1315
-42.8465
-35.6675
-24.6192
-6.45977
17.8092
30.1154
31.5934
25.0597
13.5863
1.51605
-9.07407
-18.532
-27.4191
-35.5985
-44.0267
-52.7665
-59.2629
-63.2162
-65.6692
-67.2897
-68.4214
-69.2411
-69.8447
-70.2877
-70.6053
-70.8219
-70.9554
-71.0199
-71.0266
-70.9847
-70.9019
-70.7848
-70.6385
-70.4678
-70.2763
-70.0672
-69.8434
-69.607
-69.3601
-69.104
-68.8404
-68.5701
-68.2943
-68.0136
-67.7287
-67.44
-67.148
-66.8529
-66.5549
-66.2542
-65.9507
-65.6444
-65.3353
-65.0232
-64.7079
-64.389
-64.0663
-63.7392
-63.4073
-63.07
-62.7265
-62.376
-62.0176
-61.65
-61.2719
-60.8817
-60.4772
-60.0562
-59.6156
-59.1518
-58.6599
-58.1341
-57.5665
-56.9466
-56.2599
-55.4861
-54.5953
-53.5416
-52.2499
-50.5885
-48.301
-44.825
-38.8987
-28.9907
-14.1559
8.67194
25.9932
31.2529
27.9321
18.5052
6.66032
-4.40185
-14.164
-23.2027
-31.7998
-39.849
-48.312
-55.7273
-60.5591
-63.5316
-65.4646
-66.8092
-67.796
-68.5453
-69.1232
-69.5691
-69.9087
-70.1606
-70.3388
-70.4546
-70.5176
-70.5356
-70.5153
-70.4623
-70.3815
-70.2769
-70.1522
-70.0102
-69.8536
-69.6845
-69.5047
-69.3158
-69.1192
-68.916
-68.7072
-68.4937
-68.2761
-68.055
-67.831
-67.6045
-67.3758
-67.1452
-66.9131
-66.6795
-66.4447
-66.2087
-65.9717
-65.7337
-65.4948
-65.255
-65.0142
-64.7725
-64.5298
-64.2861
-64.0412
-63.7951
-63.5477
-63.2988
-63.0483
-62.7959
-62.5415
-62.2847
-62.0254
-61.7632
-61.4976
-61.2283
-60.9547
-60.6763
-60.3922
-60.1017
-59.8037
-59.497
-59.1803
-58.8517
-58.509
-58.1497
-57.7702
-57.3662
-56.9319
-56.4596
-55.9384
-55.3526
-54.6783
-53.876
-52.8736
-51.5188
-49.4202
-45.6524
-38.616
-26.9179
-11.8442
9.34145
24.3744
29.0981
26.5785
18.6326
7.98539
-2.52643
-12.0329
-20.9649
-29.5865
-37.1738
-44.556
-51.4697
-56.5284
-59.7803
-61.9309
-63.4603
-64.6263
-65.562
-66.3359
-66.9849
-67.5308
-67.988
-68.3674
-68.6784
-68.9291
-69.1266
-69.2775
-69.3876
-69.462
-69.5054
-69.5217
-69.5146
-69.487
-69.4416
-69.3809
-69.3068
-69.221
-69.1253
-69.0208
-68.9088
-68.7902
-68.6661
-68.5371
-68.4039
-68.2672
-68.1274
-67.9851
-67.8407
-67.6946
-67.547
-67.3983
-67.2487
-67.0986
-66.948
-66.7973
-66.6466
-66.4961
-66.3459
-66.1962
-66.0471
-65.8988
-65.7514
-65.605
-65.4597
-65.3156
-65.1728
-65.0315
-64.8917
-64.7535
-64.6169
-64.4822
-64.3494
-64.2185
-64.0895
-63.9627
-63.8381
-63.7156
-63.5954
-63.4775
-63.362
-63.2488
-63.1381
-63.0299
-62.9241
-62.8209
-62.7201
-62.6219
-62.5262
-62.433
-62.3422
-62.254
-62.1682
-62.0848
-62.0037
-61.925
-61.8485
-61.7743
-61.7021
-61.6321
-61.564
-61.4978
-61.4334
-61.3707
-61.3096
-61.2499
-61.1916
-61.1344
-61.0784
-61.0231
-60.9686
-60.9145
-60.8607
-60.8069
-60.7528
-60.6981
-60.6424
-60.5852
-60.526
-60.4641
-60.3987
-60.3287
-60.2527
-60.169
-60.0749
-59.9664
-59.8375
-59.6776
-59.4657
-59.1508
-58.5776
-57.3386
-54.6468
-49.6093
-41.5734
-30.3911
-17.6891
0.898938
19.9058
28.3901
29.2643
24.2786
15.0366
4.35311
-5.71564
-14.874
-23.448
-31.3679
-38.2428
-44.9855
-51.0967
-55.497
-58.3482
-60.2548
-61.6255
-62.6837
-63.5482
-64.283
-64.9226
-65.4858
-65.9834
-66.4226
-66.8089
-67.1474
-67.4427
-67.6992
-67.921
-68.1118
-68.2751
-68.4139
-68.531
-68.6288
-68.7096
-68.7752
-68.8273
-68.8675
-68.897
-68.9171
-68.9286
-68.9326
-68.9299
-68.9212
-68.9071
-68.8882
-68.865
-68.8381
-68.8078
-68.7746
-68.7388
-68.7008
-68.6609
-68.6193
-68.5764
-68.5324
-68.4876
-68.4421
-68.3961
-68.35
-68.3038
-68.2578
-68.212
-68.1667
-68.122
-68.078
-68.0349
-67.9927
-67.9516
-67.9117
-67.8731
-67.8359
-67.8001
-67.7658
-67.7332
-67.7021
-67.6728
-67.6452
-67.6194
-67.5955
-67.5734
-67.5532
-67.5349
-67.5185
-67.5041
-67.4916
-67.481
-67.4724
-67.4658
-67.461
-67.4582
-67.4573
-67.4582
-67.4611
-67.4657
-67.4722
-67.4805
-67.4906
-67.5023
-67.5158
-67.5309
-67.5477
-67.566
-67.5859
-67.6074
-67.6303
-67.6547
-67.6805
-67.7076
-67.7361
-67.7659
-67.797
-67.8292
-67.8627
-67.8973
-67.9331
-67.9699
-68.0077
-68.0466
-68.0865
-68.1273
-68.169
-68.2116
-68.2551
-68.2994
-68.3444
-68.3903
-68.4369
-68.4842
-68.5322
-68.5808
-68.6301
-68.68
-68.7306
-68.7816
-68.8333
-68.8854
-68.9381
-68.9912
-69.0448
-69.0989
-69.1534
-69.2083
-69.2637
-69.3194
-69.3754
-69.4319
-69.4887
-69.5458
-69.6032
-69.6609
-69.7189
-69.7772
-69.8357
-69.8945
-69.9536
-70.0128
-70.0723
-70.1321
-70.192
-70.2521
-70.3124
-70.3728
-70.4335
-70.4943
-70.5552
-70.6163
-70.6776
-70.7389
-70.8004
-70.862
-70.9238
-70.9856
-71.0475
-71.1095
-71.1716
-71.2338
-71.2961
-71.3584
-71.4208
-71.4832
-71.5458
-71.6083
-71.6709
-71.7336
-71.7962
-71.859
-71.9217
-71.9845
-72.0472
-72.11
-72.1728
-72.2356
-72.2984
-72.3613
-72.4241
-72.4868
-72.5496
-72.6124
-72.6751
-72.7378
-72.8005
-72.8632
-72.9258
-72.9884
-73.0509
-73.1134
-73.1758
-73.2382
-73.3005
-73.3627
-73.4249
-73.4871
-73.5491
-73.6111
-73.673
-73.7348
-73.7965
-73.8581
-73.9197
-73.9811
-74.0425
-74.1037
-74.1649
-74.2259
-74.2868
-74.3476
-74.4083
-74.4688
-74.5292
-74.5895
-74.6497
-74.7097
-74.7696
-74.8293
-74.8889
-74.9484
-75.0077
-75.0668
-75.1258
-75.1846
-75.2432
-75.3017
-75.36
-75.4181
-75.4761
-75.5338
-75.5914
-75.6488
-75.706
-75.763
-75.8198
-75.8764
-75.9328
-75.989
-76.045
-76.1008
-76.1564
-76.2117
-76.2669
-76.3218
-76.3765
-76.4309
-76.4852
-76.5392
-76.5929
-76.6465
-76.6998
-76.7528
-76.8056
-76.8582
-76.9105
-76.9625
-77.0143
-77.0659
-77.1172
-77.1682
-77.219
-77.2695
-77.3198
-77.3698
-77.4195
-77.4689
-77.5181
-77.567
-77.6157
-77.664
-77.7121
-77.7599
-77.8074
-77.8547
-77.9017
-77.9484
-77.9948
-78.0409
-78.0867
-78.1323
-78.1776
-78.2225
-78.2672
-78.3116
-78.3558
-78.3996
-78.4431
-78.4864
-78.5293
-78.572
-78.6144
-78.6565
-78.6982
-78.7398
-78.781
-78.8219
-78.8625
-78.9028
-78.9429
-78.9826
-79.0221
-79.0613
-79.1001
-79.1387
-79.177
-79.215
-79.2528
-79.2902
-79.3273
-79.3642
-79.4008
-79.4371
-79.4731
-79.5088
-79.5442
-79.5794
-79.6142
-79.6488
-79.6831
-79.7171
-79.7509
-79.7843
-79.8175
-79.8504
-79.8831
-79.9154
-79.9475
-79.9794
-80.0109
-80.0422
-80.0732
-80.104
-80.1344
-80.1646
-80.1946
-80.2243
-80.2537
-80.2829
-80.3118
-80.3405
-80.3689
-80.397
-80.4249
-80.4525
-80.4799
-80.5071
-80.534
-80.5606
-80.587
-80.6132
-80.6391
-80.6648
-80.6902
-80.7154
-80.7404
-80.7651
-80.7896
-80.8139
-80.838
-80.8618
-80.8854
-80.9087
-80.9319
-80.9548
-80.9775
-80.9999
-81.0222
-81.0442
-81.0661
-81.0877
-81.1091
-81.1303
-81.1513
-81.172
-81.1926
-81.213
-81.2331
-81.2531
-81.2728
-81.2924
-81.3118
-81.3309
-81.3499
-81.3687
-81.3873
-81.4057
-81.4239
-81.4419
-81.4598
-81.4774
-81.4949
-81.5122
-81.5293
-81.5462
-81.563
-81.5796
-81.596
-81.6122
-81.6283
-81.6442
-81.6599
-81.6755
-81.6909
-81.7061
-81.7212
-81.7361
-81.7508
-81.7654
-81.7798
-81.7941
-81.8082
-81.8222
-81.836
-81.8496
-81.8631
-81.8765
-81.8897
-81.9028
-81.9157
-81.9285
-81.9411
-81.9536
-81.9659
-81.9782
-81.9902
-82.0022
-82.014
-82.0256
-82.0372
-82.0486
-82.0598
-82.071
-82.082
-82.0929
-82.1036
-82.1143
-82.1248
-82.1352
-82.1454
-82.1556
-82.1656
-82.1755
-82.1853
-82.1949
-82.2045
-82.2139
-82.2233
-82.2325
-82.2416
-82.2506
-82.2594
-82.2682
-82.2769
-82.2854

