-88
-87.9148
-87.8299
-87.7455
-87.6616
-87.5784
-87.4961
-87.4148
-87.3349
-87.2565
-87.1797
-87.1047
-87.0315
-86.9604
-86.8912
-86.8239
-86.7587
-86.6954
-86.634
-86.5744
-86.5166
-86.4605
-86.406
-86.3531
-86.3016
-86.2516
-86.203
-86.1556
-86.1095
-86.0645
-86.0207
-85.9779
-85.9361
-85.8953
-85.8553
-85.8163
-85.778
-85.7406
-85.7039
-85.668
-85.6327
-85.5982
-85.5642
-85.5309
-85.4981
-85.4659
-85.4343
-85.4032
-85.3726
-85.3424
-85.3128
-85.2836
-85.2548
-85.2265
-85.1986
-85.171
-85.1439
-85.1171
-85.0907
-85.0647
-85.039
-85.0136
-84.9885
-84.9638
-84.9394
-84.9152
-84.8914
-84.8679
-84.8446
-84.8216
-84.7989
-84.7764
-84.7541
-84.7322
-84.7104
-84.6889
-84.6677
-84.6466
-84.6258
-84.6052
-84.5848
-84.5646
-84.5446
-84.5249
-84.5053
-84.4859
-84.4667
-84.4477
-84.4288
-84.4102
-84.3917
-84.3734
-84.3553
-84.3373
-84.3195
-84.3019
-84.2844
-84.2671
-84.25
-84.2329
-84.2161
-84.1994
-84.1828
-84.1664
-84.1501
-84.134
-84.118
-84.1021
-84.0864
-84.0708
-84.0553
-84.04
-84.0247
-84.0096
-83.9947
-83.9798
-83.9651
-83.9505
-83.936
-83.9216
-83.9074
-83.8932
-83.8792
-83.8652
-83.8514
-83.8377
-83.8241
-83.8106
-83.7972
-83.7839
-83.7707
-83.7576
-83.7446
-83.7317
-83.7189
-83.7062
-83.6936
-83.6811
-83.6686
-83.6563
-83.644
-83.6319
-83.6198
-83.6078
-83.5959
-83.5841
-83.5724
-83.5607
-83.5491
-83.5377
-83.5263
-83.5149
-83.5037
-83.4925
-83.4814
-83.4704
-83.4595
-83.4486
-83.4378
-83.4271
-83.4165
-83.4059
-83.3954
-83.385
-83.3746
-83.3643
-83.3541
-83.3439
-83.3339
-83.3238
-83.3139
-83.304
-83.2942
-83.2844
-83.2747
-83.265
-83.2555
-83.246
-83.2365
-83.2271
-83.2178
-83.2085
-83.1993
-83.1901
-83.181
-83.1719
-83.163
-83.154
-83.1451
-83.1363
-83.1275
-83.1188
-83.1102
-83.1015
-83.093
-83.0845
-83.076
-83.0676
-83.0592
-83.0509
-83.0427
-83.0344
-83.0262
-83.018
-83.0096
-83.0008
-82.9915
-82.9813
-82.9702
-82.9578
-82.9439
-82.9284
-82.9111
-82.892
-82.8711
-82.8482
-82.8233
-82.7966
-82.768
-82.7376
-82.7054
-82.6716
-82.6361
-82.5991
-82.5606
-82.5208
-82.4796
-82.4372
-82.3936
-82.349
-82.3033
-82.2566
-82.2091
-82.1607
-82.1115
-82.0616
-82.011
-81.9598
-81.9079
-81.8556
-81.8027
-81.7493
-81.6955
-81.6414
-81.5868
-81.5319
-81.4767
-81.4212
-81.3655
-81.3095
-81.2533
-81.1969
-81.1403
-81.0836
-81.0267
-80.9697
-80.9126
-80.8554
-80.7982
-80.7409
-80.6835
-80.6261
-80.5686
-80.5111
-80.4537
-80.3962
-80.3387
-80.2813
-80.2238
-80.1664
-80.1091
-80.0518
-79.9945
-79.9373
-79.8802
-79.8231
-79.7661
-79.7091
-79.6523
-79.5955
-79.5389
-79.4823
-79.4258
-79.3694
-79.3131
-79.2569
-79.2008
-79.1449
-79.089
-79.0333
-78.9776
-78.9221
-78.8667
-78.8115
-78.7563
-78.7013
-78.6464
-78.5916
-78.5369
-78.4824
-78.428
-78.3737
-78.3195
-78.2655
-78.2116
-78.1579
-78.1042
-78.0507
-77.9973
-77.9441
-77.891
-77.838
-77.7851
-77.7324
-77.6798
-77.6273
-77.575
-77.5228
-77.4707
-77.4187
-77.3669
-77.3152
-77.2636
-77.2121
-77.1608
-77.1096
-77.0585
-77.0076
-76.9567
-76.906
-76.8554
-76.8049
-76.7546
-76.7043
-76.6542
-76.6042
-76.5543
-76.5045
-76.4549
-76.4053
-76.3559
-76.3065
-76.2573
-76.2082
-76.1592
-76.1103
-76.0615
-76.0128
-75.9642
-75.9157
-75.8673
-75.819
-75.7709
-75.7228
-75.6748
-75.6268
-75.579
-75.5313
-75.4837
-75.4361
-75.3887
-75.3413
-75.294
-75.2468
-75.1997
-75.1526
-75.1057
-75.0588
-75.012
-74.9653
-74.9186
-74.872
-74.8255
-74.7791
-74.7327
-74.6864
-74.6401
-74.5939
-74.5478
-74.5018
-74.4558
-74.4098
-74.3639
-74.3181
-74.2723
-74.2266
-74.1809
-74.1353
-74.0897
-74.0442
-73.9987
-73.9532
-73.9078
-73.8624
-73.8171
-73.7718
-73.7265
-73.6813
-73.6361
-73.5909
-73.5458
-73.5006
-73.4555
-73.4105
-73.3654
-73.3203
-73.2753
-73.2303
-73.1853
-73.1403
-73.0953
-73.0504
-73.0054
-72.9604
-72.9155
-72.8705
-72.8255
-72.7806
-72.7356
-72.6906
-72.6456
-72.6006
-72.5556
-72.5106
-72.4655
-72.4204
-72.3753
-72.3302
-72.2851
-72.2399
-72.1947
-72.1495
-72.1042
-72.0589
-72.0135
-71.9681
-71.9227
-71.8772
-71.8317
-71.7861
-71.7405
-71.6948
-71.6491
-71.6033
-71.5574
-71.5115
-71.4655
-71.4194
-71.3733
-71.3271
-71.2808
-71.2344
-71.188
-71.1414
-71.0948
-71.0481
-71.0013
-70.9544
-70.9074
-70.8603
-70.8131
-70.7657
-70.7183
-70.6708
-70.6231
-70.5753
-70.5274
-70.4794
-70.4313
-70.383
-70.3346
-70.286
-70.2373
-70.1885
-70.1395
-70.0903
-70.041
-69.9916
-69.9419
-69.8921
-69.8422
-69.792
-69.7417
-69.6912
-69.6406
-69.5897
-69.5386
-69.4874
-69.4359
-69.3842
-69.3323
-69.2802
-69.2279
-69.1754
-69.1226
-69.0696
-69.0164
-68.9629
-68.9091
-68.8551
-68.8009
-68.7464
-68.6916
-68.6365
-68.5812
-68.5256
-68.4697
-68.4134
-68.3569
-68.3001
-68.2429
-68.1855
-68.1277
-68.0695
-68.0111
-67.9522
-67.8931
-67.8335
-67.7736
-67.7133
-67.6526
-67.5915
-67.53
-67.4682
-67.4058
-67.3431
-67.2799
-67.2163
-67.1522
-67.0877
-67.0227
-66.9572
-66.8912
-66.8247
-66.7577
-66.6902
-66.6221
-66.5535
-66.4843
-66.4146
-66.3442
-66.2733
-66.2017
-66.1296
-66.0568
-65.9833
-65.9092
-65.8344
-65.7589
-65.6827
-65.6057
-65.528
-65.4496
-65.3703
-65.2903
-65.2094
-65.1277
-65.0451
-64.9617
-64.8773
-64.792
-64.7058
-64.6186
-64.5304
-64.4411
-64.3508
-64.2595
-64.167
-64.0733
-63.9785
-63.8824
-63.7852
-63.6866
-63.5867
-63.4855
-63.3828
-63.2787
-63.1731
-63.066
-62.9573
-62.847
-62.735
-62.6212
-62.5057
-62.3883
-62.2689
-62.1476
-62.0242
-61.8987
-61.771
-61.641
-61.5086
-61.3738
-61.2363
-61.0962
-60.9533
-60.8076
-60.6588
-60.5068
-60.3515
-60.1928
-60.0305
-59.8644
-59.6943
-59.52
-59.3413
-59.158
-58.9698
-58.7763
-58.5774
-58.3727
-58.1617
-57.9441
-57.7195
-57.4872
-57.2468
-56.9976
-56.739
-56.4701
-56.1899
-55.8976
-55.5918
-55.2712
-54.9343
-54.5791
-54.2035
-53.805
-53.3805
-52.9265
-52.4387
-51.9121
-51.3409
-50.7182
-50.0362
-49.2859
-48.4575
-47.5403
-46.5232
-45.3949
-44.1449
-42.7644
-41.2477
-39.5939
-37.8086
-35.9056
-33.9078
-31.8469
-29.7625
-27.6995
-25.7089
-23.8546
-22.2078
-20.8372
-19.7994
-19.1313
-18.8487
-18.9471
-19.404
-20.1821
-21.2317
-22.4935
-23.9016
-25.3871
-26.8826
-28.3171
-29.6349
-30.7892
-31.7842
-32.6188
-33.3015
-33.8404
-34.2446
-34.5243
-34.6907
-34.7554
-34.7303
-34.6269
-34.4566
-34.2303
-33.9579
-33.649
-33.3124
-32.9561
-32.5873
-32.212
-31.8354
-31.4616
-31.0943
-30.7362
-30.3889
-30.0524
-29.7248
-29.4037
-29.0906
-28.795
-28.5348
-28.3329
-28.2127
-28.1922
-28.2796
-28.4709
-28.7504
-29.0945
-29.4771
-29.873
-30.2599
-30.6191
-30.935
-31.1956
-31.3939
-31.527
-31.5962
-31.6058
-31.5627
-31.4748
-31.3508
-31.1992
-31.0282
-30.8453
-30.6574
-30.4702
-30.2886
-30.1166
-29.9574
-29.8133
-29.6858
-29.5758
-29.4836
-29.409
-29.3515
-29.3102
-29.2837
-29.2708
-29.2699
-29.2794
-29.2978
-29.3234
-29.3547
-29.3904
-29.4291
-29.4696
-29.5109
-29.5521
-29.5925
-29.6314
-29.6683
-29.7028
-29.7346
-29.7633
-29.7888
-29.8107
-29.8289
-29.8429
-29.8526
-29.8575
-29.8572
-29.851
-29.8374
-29.8148
-29.783
-29.7448
-29.707
-29.6794
-29.6724
-29.6945
-29.7508
-29.8419
-29.9644
-30.1117
-30.2756
-30.4474
-30.6188
-30.7813
-30.927
-31.0491
-31.1426
-31.2044
-31.234
-31.2327
-31.2033
-31.15
-31.0773
-30.99
-30.893
-30.7908
-30.6872
-30.5859
-30.4896
-30.4008
-30.3213
-30.2522
-30.1943
-30.1479
-30.113
-30.0893
-30.076
-30.0725
-30.0776
-30.0905
-30.1099
-30.1347
-30.1638
-30.1961
-30.2306
-30.2664
-30.3027
-30.3386
-30.3736
-30.407
-30.4383
-30.4672
-30.4932
-30.516
-30.5353
-30.5507
-30.562
-30.5691
-30.5713
-30.5679
-30.5574
-30.5387
-30.5127
-30.4832
-30.4577
-30.4452
-30.4546
-30.4925
-30.5622
-30.6631
-30.7911
-30.94
-31.1023
-31.2703
-31.4359
-31.5912
-31.7288
-31.8425
-31.9281
-31.9834
-32.0082
-32.0044
-31.9747
-31.923
-31.8535
-31.7707
-31.6789
-31.5822
-31.4842
-31.388
-31.2964
-31.2116
-31.1352
-31.0685
-31.0121
-30.9666
-30.9318
-30.9077
-30.8936
-30.8889
-30.8927
-30.904
-30.9219
-30.9453
-30.9731
-31.0043
-31.038
-31.0731
-31.1089
-31.1445
-31.1794
-31.2128
-31.2442
-31.2732
-31.2993
-31.3221
-31.3413
-31.3564
-31.3673
-31.3734
-31.3743
-31.3687
-31.3549
-31.3319
-31.3011
-31.2673
-31.2387
-31.2249
-31.2355
-31.2771
-31.353
-31.4625
-31.6015
-31.7636
-31.9412
-32.1261
-32.3098
-32.4838
-32.64
-32.7718
-32.8747
-32.946
-32.9854
-32.9942
-32.9751
-32.9316
-32.8679
-32.7883
-32.6971
-32.5983
-32.4959
-32.3931
-32.2928
-32.1976
-32.1094
-32.0297
-31.9597
-31.9001
-31.8512
-31.8132
-31.7857
-31.7684
-31.7606
-31.7614
-31.77
-31.7854
-31.8066
-31.8324
-31.8619
-31.8942
-31.9281
-31.9628
-31.9976
-32.0316
-32.0641
-32.0944
-32.122
-32.1463
-32.1668
-32.1829
-32.1942
-32.2003
-32.2007
-32.1942
-32.1791
-32.1538
-32.1185
-32.077
-32.0368
-32.0082
-32.0021
-32.0277
-32.0906
-32.1927
-32.3312
-32.5007
-32.6935
-32.9012
-33.1146
-33.3245
-33.5217
-33.6979
-33.8465
-33.963
-34.0454
-34.0934
-34.1086
-34.0939
-34.0528
-33.9896
-33.9086
-33.8141
-33.7102
-33.6007
-33.4892
-33.3786
-33.2716
-33.1704
-33.0768
-32.9921
-32.9174
-32.8533
-32.8001
-32.7578
-32.7263
-32.7051
-32.6935
-32.6908
-32.6962
-32.7086
-32.7271
-32.7506
-32.778
-32.8084
-32.8408
-32.8742
-32.9076
-32.9404
-32.9715
-33.0003
-33.026
-33.0479
-33.0652
-33.0774
-33.0837
-33.0837
-33.0764
-33.0604
-33.0335
-32.9944
-32.9443
-32.8884
-32.8365
-32.8006
-32.793
-32.8232
-32.8973
-33.0164
-33.1774
-33.3739
-33.5974
-33.8388
-34.0878
-34.3341
-34.5675
-34.7787
-34.9605
-35.108
-35.2185
-35.2915
-35.3285
-35.332
-35.3056
-35.2534
-35.1797
-35.0889
-34.9851
-34.8722
-34.7541
-34.6338
-34.5144
-34.3984
-34.2879
-34.1846
-34.09
-34.0051
-33.9306
-33.867
-33.8143
-33.7726
-33.7415
-33.7205
-33.709
-33.7061
-33.7111
-33.7229
-33.7406
-33.7631
-33.7895
-33.8186
-33.8496
-33.8814
-33.9131
-33.9439
-33.9727
-33.9988
-34.0212
-34.0391
-34.0516
-34.0577
-34.0567
-34.0477
-34.0296
-34.0004
-33.9575
-33.8996
-33.8288
-33.7521
-33.681
-33.6298
-33.6122
-33.6394
-33.7176
-33.8484
-34.0281
-34.2501
-34.5052
-34.7832
-35.0731
-35.3629
-35.6414
-35.898
-36.1244
-36.3147
-36.4656
-36.576
-36.6469
-36.6805
-36.6802
-36.6499
-36.5937
-36.5159
-36.4209
-36.3126
-36.1947
-36.0708
-35.9441
-35.8172
-35.6927
-35.5727
-35.459
-35.353
-35.2559
-35.1685
-35.0915
-35.0252
-34.9697
-34.9249
-34.8904
-34.8659
-34.8508
-34.8443
-34.8456
-34.8538
-34.8681
-34.8875
-34.9109
-34.9375
-34.9663
-34.9963
-35.0265
-35.0562
-35.0843
-35.1101
-35.1324
-35.1505
-35.1632
-35.1695
-35.1681
-35.1581
-35.1381
-35.1067
-35.0614
-34.999
-34.9176
-34.8194
-34.7121
-34.6091
-34.527
-34.4822
-34.488
-34.5528
-34.6793
-34.8649
-35.1029
-35.3839
-35.6971
-36.0303
-36.3704
-36.7042
-37.0194
-37.306
-37.5565
-37.7661
-37.9328
-38.0565
-38.1388
-38.1827
-38.1916
-38.1696
-38.1209
-38.0495
-37.9595
-37.8548
-37.739
-37.6154
-37.4871
-37.3567
-37.2267
-37.0992
-36.9761
-36.8589
-36.749
-36.6474
-36.555
-36.4722
-36.3995
-36.3371
-36.2848
-36.2427
-36.2102
-36.187
-36.1726
-36.1662
-36.1672
-36.1746
-36.1879
-36.206
-36.2281
-36.2533
-36.2809
-36.3099
-36.3395
-36.3689
-36.3974
-36.4241
-36.4483
-36.469
-36.4855
-36.4967
-36.5015
-36.4987
-36.4866
-36.4637
-36.4283
-36.3781
-36.3096
-36.2186
-36.1024
-35.9633
-35.8105
-35.66
-35.5315
-35.4447
-35.4157
-35.4552
-35.5676
-35.7513
-35.9997
-36.3037
-36.6517
-37.0304
-37.4249
-37.8201
-38.2017
-38.5574
-38.8781
-39.1574
-39.3921
-39.5811
-39.7254
-39.8272
-39.8898
-39.9167
-39.912
-39.8796
-39.8237
-39.7478
-39.6558
-39.5509
-39.4363
-39.3147
-39.1889
-39.0612
-38.9335
-38.8078
-38.6857
-38.5686
-38.4576
-38.3537
-38.2577
-38.1702
-38.0916
-38.0222
-37.9621
-37.9113
-37.8697
-37.8368
-37.8125
-37.7963
-37.7876
-37.7859
-37.7905
-37.8008
-37.816
-37.8356
-37.8588
-37.8849
-37.9133
-37.9432
-37.9741
-38.0054
-38.0364
-38.0666
-38.0955
-38.1226
-38.1473
-38.1691
-38.1875
-38.2019
-38.2115
-38.2155
-38.2129
-38.2023
-38.1819
-38.1495
-38.1021
-38.0363
-37.9468
-37.8271
-37.6717
-37.4802
-37.2608
-37.0305
-36.8127
-36.6321
-36.5109
-36.4658
-36.5062
-36.6345
-36.8473
-37.1367
-37.4919
-37.8994
-38.3429
-38.8048
-39.2676
-39.7154
-40.1352
-40.5174
-40.856
-41.1476
-41.3916
-41.5889
-41.7419
-41.8536
-41.9276
-41.9678
-41.9779
-41.9618
-41.9232
-41.8654
-41.7916
-41.7049
-41.6081
-41.5035
-41.3935
-41.2801
-41.1651
-41.0503
-40.9371
-40.8267
-40.7202
-40.6187
-40.5229
-40.4334
-40.3508
-40.2756
-40.2079
-40.148
-40.0959
-40.0516
-40.015
-39.986
-39.9642
-39.9494
-39.9412
-39.9391
-39.9429
-39.9519
-39.9658
-39.984
-40.006
-40.0314
-40.0597
-40.0903
-40.1229
-40.1571
-40.1923
-40.2283
-40.2646
-40.301
-40.3372
-40.3728
-40.4077
-40.4416
-40.4744
-40.5058
-40.5358
-40.5641
-40.5906
-40.6153
-40.6379
-40.6585
-40.6767
-40.6925
-40.7056
-40.7157
-40.7225
-40.7254
-40.7236
-40.7155
-40.6986
-40.6686
-40.619
-40.5401
-40.4197
-40.2442
-40.0033
-39.6952
-39.3307
-38.9333
-38.5349
-38.1698
-37.8698
-37.6599
-37.557
-37.5692
-37.6967
-37.934
-38.2712
-38.6943
-39.1856
-39.7241
-40.2879
-40.8557
-41.4089
-41.9328
-42.4168
-42.8543
-43.2417
-43.5782
-43.8648
-44.1038
-44.2982
-44.4517
-44.5679
-44.6508
-44.704
-44.7311
-44.7356
-44.7205
-44.6888
-44.6432
-44.5862
-44.52
-44.4466
-44.3679
-44.2855
-44.2008
-44.1152
-44.0299
-43.9458
-43.8638
-43.7848
-43.7094
-43.6382
-43.5715
-43.5099
-43.4537
-43.4029
-43.3579
-43.3187
-43.2853
-43.2578
-43.236
-43.2199
-43.2093
-43.204
-43.2039
-43.2087
-43.2182
-43.2321
-43.25
-43.2718
-43.2972
-43.3258
-43.3573
-43.3915
-43.4281
-43.4669
-43.5075
-43.5496
-43.5932
-43.6379
-43.6835
-43.7299
-43.7769
-43.8243
-43.8719
-43.9197
-43.9674
-44.0151
-44.0626
-44.1099
-44.1568
-44.2034
-44.2496
-44.2953
-44.3406
-44.3854
-44.4297
-44.4735
-44.5168
-44.5596
-44.602
-44.644
-44.6855
-44.7267
-44.7674
-44.8078
-44.8479
-44.8878
-44.9273
-44.9666
-45.0057
-45.0447
-45.0835
-45.1222
-45.1607
-45.1992
-45.2377
-45.2761
-45.3145
-45.3528
-45.3912
-45.4296
-45.4679
-45.5063
-45.5447
-45.5831
-45.6215
-45.6598
-45.698
-45.736
-45.7737
-45.8108
-45.8467
-45.8802
-45.9094
-45.9309
-45.9391
-45.9251
-45.8757
-45.7718
-45.5892
-45.2999
-44.8795
-44.3168
-43.622
-42.8262
-41.9768
-41.1284
-40.3356
-39.6464
-39.0987
-38.7185
-38.5195
-38.5046
-38.669
-39.0018
-39.4866
-40.1
-40.8126
-41.5908
-42.4006
-43.2114
-43.9981
-44.7425
-45.4327
-46.0623
-46.6287
-47.1325
-47.576
-47.9629
-48.2972
-48.5836
-48.8266
-49.0306
-49.2
-49.3387
-49.4505
-49.5388
-49.6068
-49.6573
-49.6929
-49.7159
-49.7285
-49.7325
-49.7295
-49.7211
-49.7085
-49.693
-49.6755
-49.6569
-49.638
-49.6195
-49.602
-49.586
-49.5718
-49.56
-49.5507
-49.5442
-49.5407
-49.5404
-49.5434
-49.5497
-49.5595
-49.5726
-49.5893
-49.6093
-49.6327
-49.6595
-49.6894
-49.7226
-49.7588
-49.798
-49.8401
-49.8849
-49.9324
-49.9824
-50.0348
-50.0896
-50.1465
-50.2054
-50.2663
-50.3291
-50.3936
-50.4597
-50.5273
-50.5964
-50.6667
-50.7384
-50.8112
-50.8851
-50.96
-51.0358
-51.1126
-51.1901
-51.2684
-51.3474
-51.4271
-51.5074
-51.5884
-51.6698
-51.7518
-51.8343
-51.9172
-52.0006
-52.0844
-52.1686
-52.2532
-52.3382
-52.4236
-52.5093
-52.5954
-52.6818
-52.7686
-52.8557
-52.9431
-53.0309
-53.119
-53.2075
-53.2963
-53.3855
-53.4749
-53.5648
-53.6549
-53.7455
-53.8363
-53.9276
-54.0191
-54.1111
-54.2034
-54.2961
-54.3891
-54.4825
-54.5763
-54.6704
-54.7649
-54.8598
-54.9551
-55.0508
-55.1468
-55.2432
-55.34
-55.4372
-55.5348
-55.6328
-55.7311
-55.8298
-55.9289
-56.0284
-56.1283
-56.2285
-56.3292
-56.4302
-56.5315
-56.6333
-56.7354
-56.8379
-56.9408
-57.044
-57.1476
-57.2516
-57.3559
-57.4606
-57.5656
-57.6709
-57.7767
-57.8827
-57.9891
-58.0958
-58.2029
-58.3103
-58.418
-58.526
-58.6344
-58.7431
-58.852
-58.9613
-59.0709
-59.1808
-59.2909
-59.4014
-59.5121
-59.6231
-59.7344
-59.846
-59.9578
-60.0698
-60.1822
-60.2947
-60.4076
-60.5206
-60.6339
-60.7474
-60.8612
-60.9752
-61.0893
-61.2037
-61.3183
-61.4331
-61.5481
-61.6632
-61.7786
-61.8941
-62.0097
-62.1256
-62.2416
-62.3577
-62.474
-62.5905
-62.707
-62.8237
-62.9405
-63.0574
-63.1745
-63.2916
-63.4088
-63.5262
-63.6436
-63.761
-63.8786
-63.9962
-64.1139
-64.2316
-64.3494
-64.4672
-64.585
-64.7029
-64.8208
-64.9387
-65.0566
-65.1745
-65.2924
-65.4102
-65.5281
-65.6459
-65.7637
-65.8814
-65.9992
-66.1168
-66.2344
-66.3519
-66.4693
-66.5867
-66.7039
-66.8211
-66.9382
-67.0551
-67.172
-67.2887
-67.4052
-67.5217
-67.638
-67.7541
-67.8701
-67.9859
-68.1016
-68.217
-68.3323
-68.4474
-68.5622
-68.6769
-68.7914
-68.9056
-69.0196
-69.1334
-69.2469
-69.3602
-69.4732
-69.5859
-69.6984
-69.8106
-69.9226
-70.0342
-70.1455
-70.2566
-70.3673
-70.4777
-70.5878
-70.6976
-70.807
-70.9161
-71.0249
-71.1333
-71.2413
-71.349
-71.4563
-71.5632
-71.6698
-71.776
-71.8817
-71.9871
-72.0921
-72.1966
-72.3008
-72.4045
-72.5078
-72.6107
-72.7132
-72.8152
-72.9167
-73.0179
-73.1185
-73.2188
-73.3185
-73.4178
-73.5166
-73.615
-73.7128
-73.8102
-73.9071
-74.0035
-74.0994
-74.1949
-74.2898
-74.3842
-74.4781
-74.5716
-74.6645
-74.7568
-74.8487
-74.9401
-75.0309
-75.1212
-75.211
-75.3002
-75.3889
-75.4771
-75.5648
-75.6519
-75.7385
-75.8245
-75.91
-75.9949
-76.0793
-76.1632
-76.2465
-76.3292
-76.4115
-76.4931
-76.5742
-76.6548
-76.7348
-76.8142
-76.8931
-76.9714
-77.0492
-77.1264
-77.2031
-77.2792
-77.3548
-77.4298
-77.5043
-77.5782
-77.6515
-77.7243
-77.7965
-77.8682
-77.9393
-78.0099
-78.0799
-78.1494
-78.2183
-78.2867
-78.3545
-78.4218
-78.4885
-78.5547
-78.6204
-78.6855
-78.7501
-78.8141
-78.8776
-78.9406
-79.003
-79.0649
-79.1262
-79.1871
-79.2474
-79.3072
-79.3664
-79.4252
-79.4834
-79.5411
-79.5983
-79.655
-79.7111
-79.7668
-79.8219
-79.8766
-79.9307
-79.9844
-80.0375
-80.0902
-80.1423
-80.194
-80.2452
-80.2959
-80.3461
-80.3959
-80.4452
-80.4939
-80.5423
-80.5901
-80.6375
-80.6844
-80.7309
-80.7769
-80.8225
-80.8676
-80.9122
-80.9564
-81.0002
-81.0435
-81.0864
-81.1289
-81.1709
-81.2125
-81.2537
-81.2944
-81.3347
-81.3747
-81.4142
-81.4532
-81.4919
-81.5302
-81.5681
-81.6055
-81.6426
-81.6793
-81.7156
-81.7515
-81.787
-81.8222
-81.8569
-81.8913
-81.9253
-81.959
-81.9923
-82.0252
-82.0578
-82.09
-82.1218
-82.1533
-82.1845
-82.2153
-82.2458
-82.2759
-82.3057
-82.3351
-82.3643
-82.3931
-82.4215
-82.4497
-82.4775
-82.505
-82.5322
-82.5591
-82.5857
-82.612
-82.638
-82.6637
-82.689
-82.7141
-82.7389
-82.7634
-82.7877
-82.8116
-82.8353

