-88
-87.9148
-87.8299
-87.7453
-87.6611
-87.5772
-87.4936
-87.4103
-87.3274
-87.2448
-87.1625
-87.0806
-86.9991
-86.9179
-86.8372
-86.7569
-86.677
-86.5976
-86.5187
-86.4403
-86.3625
-86.2852
-86.2084
-86.1323
-86.0568
-85.9819
-85.9076
-85.834
-85.7611
-85.6888
-85.6171
-85.5462
-85.4759
-85.4063
-85.3374
-85.2691
-85.2016
-85.1347
-85.0684
-85.0029
-84.938
-84.8737
-84.8102
-84.7472
-84.6849
-84.6232
-84.5622
-84.5018
-84.442
-84.3828
-84.3242
-84.2661
-84.2087
-84.1519
-84.0956
-84.0399
-83.9847
-83.9301
-83.876
-83.8225
-83.7695
-83.717
-83.6651
-83.6136
-83.5627
-83.5122
-83.4623
-83.4128
-83.3638
-83.3153
-83.2672
-83.2196
-83.1725
-83.1258
-83.0796
-83.0338
-82.9884
-82.9435
-82.8989
-82.8548
-82.8111
-82.7679
-82.725
-82.6825
-82.6404
-82.5988
-82.5575
-82.5165
-82.476
-82.4358
-82.396
-82.3566
-82.3175
-82.2787
-82.2404
-82.2023
-82.1647
-82.1273
-82.0903
-82.0536
-82.0173
-81.9812
-81.9455
-81.9102
-81.8751
-81.8403
-81.8059
-81.7717
-81.7378
-81.7043
-81.671
-81.6381
-81.6054
-81.573
-81.5408
-81.509
-81.4774
-81.4461
-81.4151
-81.3844
-81.3539
-81.3236
-81.2936
-81.2639
-81.2344
-81.2052
-81.1762
-81.1475
-81.119
-81.0907
-81.0627
-81.0349
-81.0074
-80.9801
-80.953
-80.9261
-80.8994
-80.873
-80.8468
-80.8208
-80.795
-80.7694
-80.744
-80.7188
-80.6939
-80.6691
-80.6445
-80.6202
-80.596
-80.572
-80.5482
-80.5246
-80.5012
-80.478
-80.4549
-80.4321
-80.4094
-80.3869
-80.3646
-80.3424
-80.3204
-80.2986
-80.2769
-80.2555
-80.2341
-80.213
-80.192
-80.1712
-80.1505
-80.13
-80.1096
-80.0894
-80.0694
-80.0495
-80.0297
-80.0101
-79.9906
-79.9713
-79.9521
-79.9331
-79.9142
-79.8955
-79.8768
-79.8584
-79.84
-79.8218
-79.8037
-79.7858
-79.768
-79.7503
-79.7327
-79.7153
-79.698
-79.6808
-79.6637
-79.6467
-79.6299
-79.6132
-79.5966
-79.5801
-79.5638
-79.5475
-79.5314
-79.5154
-79.4995
-79.4837
-79.468
-79.4524
-79.4369
-79.4214
-79.4061
-79.3908
-79.3755
-79.3603
-79.3451
-79.3298
-79.3145
-79.299
-79.2835
-79.2678
-79.2519
-79.2359
-79.2196
-79.203
-79.1862
-79.1691
-79.1516
-79.1339
-79.1158
-79.0973
-79.0784
-79.0592
-79.0395
-79.0195
-78.9991
-78.9783
-78.957
-78.9354
-78.9133
-78.8909
-78.868
-78.8448
-78.8211
-78.797
-78.7726
-78.7478
-78.7226
-78.697
-78.6711
-78.6448
-78.6181
-78.5911
-78.5638
-78.5361
-78.5081
-78.4797
-78.4511
-78.4221
-78.3928
-78.3633
-78.3334
-78.3033
-78.2729
-78.2422
-78.2112
-78.18
-78.1485
-78.1168
-78.0848
-78.0526
-78.0202
-77.9875
-77.9547
-77.9216
-77.8882
-77.8547
-77.821
-77.7871
-77.753
-77.7187
-77.6842
-77.6495
-77.6147
-77.5797
-77.5445
-77.5091
-77.4736
-77.438
-77.4021
-77.3662
-77.3301
-77.2938
-77.2574
-77.2209
-77.1842
-77.1474
-77.1105
-77.0734
-77.0362
-76.9989
-76.9615
-76.924
-76.8863
-76.8486
-76.8107
-76.7728
-76.7347
-76.6965
-76.6583
-76.6199
-76.5814
-76.5429
-76.5043
-76.4655
-76.4267
-76.3878
-76.3488
-76.3098
-76.2706
-76.2314
-76.1921
-76.1527
-76.1132
-76.0737
-76.0341
-75.9944
-75.9547
-75.9149
-75.875
-75.8351
-75.7951
-75.755
-75.7148
-75.6746
-75.6344
-75.5941
-75.5537
-75.5132
-75.4727
-75.4322
-75.3916
-75.3509
-75.3102
-75.2694
-75.2285
-75.1876
-75.1467
-75.1057
-75.0646
-75.0235
-74.9823
-74.9411
-74.8999
-74.8585
-74.8172
-74.7757
-74.7342
-74.6927
-74.6511
-74.6095
-74.5678
-74.5261
-74.4843
-74.4424
-74.4005
-74.3586
-74.3166
-74.2745
-74.2324
-74.1902
-74.148
-74.1058
-74.0634
-74.021
-73.9786
-73.9361
-73.8936
-73.8509
-73.8083
-73.7655
-73.7228
-73.6799
-73.637
-73.594
-73.551
-73.5079
-73.4647
-73.4215
-73.3782
-73.3349
-73.2915
-73.248
-73.2044
-73.1608
-73.1171
-73.0733
-73.0295
-72.9855
-72.9415
-72.8975
-72.8533
-72.8091
-72.7648
-72.7204
-72.6759
-72.6314
-72.5867
-72.542
-72.4972
-72.4522
-72.4072
-72.3622
-72.317
-72.2717
-72.2263
-72.1808
-72.1352
-72.0895
-72.0437
-71.9978
-71.9518
-71.9057
-71.8595
-71.8131
-71.7667
-71.7201
-71.6734
-71.6266
-71.5796
-71.5326
-71.4854
-71.438
-71.3906
-71.343
-71.2952
-71.2473
-71.1993
-71.1512
-71.1028
-71.0544
-71.0058
-70.957
-70.9081
-70.859
-70.8097
-70.7603
-70.7107
-70.661
-70.611
-70.5609
-70.5106
-70.4601
-70.4095
-70.3586
-70.3076
-70.2563
-70.2049
-70.1532
-70.1014
-70.0493
-69.997
-69.9445
-69.8918
-69.8388
-69.7856
-69.7322
-69.6786
-69.6247
-69.5705
-69.5161
-69.4615
-69.4066
-69.3514
-69.2959
-69.2402
-69.1842
-69.128
-69.0714
-69.0145
-68.9574
-68.8999
-68.8421
-68.784
-68.7256
-68.6669
-68.6078
-68.5484
-68.4887
-68.4286
-68.3682
-68.3074
-68.2462
-68.1846
-68.1227
-68.0604
-67.9976
-67.9345
-67.871
-67.807
-67.7426
-67.6778
-67.6126
-67.5469
-67.4807
-67.4141
-67.347
-67.2794
-67.2113
-67.1427
-67.0736
-67.004
-66.9338
-66.8631
-66.7919
-66.7201
-66.6477
-66.5747
-66.5011
-66.4269
-66.3521
-66.2767
-66.2006
-66.1238
-66.0464
-65.9683
-65.8895
-65.8099
-65.7297
-65.6486
-65.5669
-65.4843
-65.4009
-65.3168
-65.2317
-65.1459
-65.0592
-64.9715
-64.883
-64.7935
-64.7031
-64.6118
-64.5194
-64.426
-64.3315
-64.236
-64.1394
-64.0417
-63.9428
-63.8427
-63.7414
-63.6389
-63.5351
-63.4301
-63.3236
-63.2158
-63.1066
-62.9959
-62.8837
-62.77
-62.6547
-62.5378
-62.4191
-62.2988
-62.1767
-62.0527
-61.9269
-61.7991
-61.6693
-61.5375
-61.4035
-61.2673
-61.1288
-60.988
-60.8448
-60.699
-60.5507
-60.3996
-60.2458
-60.0891
-59.9293
-59.7665
-59.6004
-59.431
-59.258
-59.0814
-58.901
-58.7166
-58.5281
-58.3352
-58.1379
-57.9358
-57.7287
-57.5164
-57.2986
-57.075
-56.8454
-56.6093
-56.3665
-56.1165
-55.8588
-55.5932
-55.3189
-55.0355
-54.7422
-54.4386
-54.1237
-53.7967
-53.4567
-53.1026
-52.7333
-52.3473
-51.9432
-51.5193
-51.0735
-50.6037
-50.1072
-49.581
-49.0216
-48.4249
-47.7863
-47.1001
-46.3599
-45.558
-44.6858
-43.7331
-42.6889
-41.541
-40.2775
-38.8873
-37.3628
-35.7017
-33.9091
-31.996
-29.9743
-27.8479
-25.6118
-23.2871
-20.9344
-18.6547
-16.5777
-14.8426
-13.5796
-12.8995
-12.8905
-13.6118
-15.0786
-17.2349
-19.9265
-22.8851
-25.7401
-28.2841
-30.5081
-32.4186
-34.0302
-35.3548
-36.4054
-37.1983
-37.754
-38.0958
-38.2485
-38.237
-38.0848
-37.8143
-37.4456
-36.9975
-36.4868
-35.9291
-35.3386
-34.7284
-34.1109
-33.4971
-32.8972
-32.3203
-31.7746
-31.2667
-30.8021
-30.3848
-30.0175
-29.7012
-29.4362
-29.2214
-29.055
-28.9345
-28.8564
-28.8167
-28.8109
-28.8342
-28.8815
-28.948
-29.0289
-29.1196
-29.216
-29.3145
-29.4119
-29.5056
-29.5934
-29.6739
-29.746
-29.8093
-29.8638
-29.9099
-29.9482
-29.9796
-30.0049
-30.0251
-30.0407
-30.0525
-30.0609
-30.0662
-30.0687
-30.0686
-30.066
-30.0612
-30.0542
-30.0455
-30.0352
-30.0238
-30.0117
-29.9993
-29.9871
-29.9756
-29.9651
-29.9562
-29.949
-29.9438
-29.9409
-29.9403
-29.9421
-29.9462
-29.9525
-29.9609
-29.9711
-29.9829
-29.9961
-30.0104
-30.0254
-30.0411
-30.057
-30.073
-30.0889
-30.1045
-30.1197
-30.1344
-30.1485
-30.162
-30.1748
-30.1869
-30.1985
-30.2094
-30.2199
-30.2299
-30.2395
-30.2488
-30.2579
-30.2668
-30.2757
-30.2845
-30.2933
-30.3022
-30.3112
-30.3203
-30.3295
-30.3389
-30.3485
-30.3583
-30.3685
-30.3792
-30.3904
-30.4024
-30.4152
-30.4287
-30.443
-30.458
-30.4735
-30.4892
-30.5051
-30.5207
-30.5359
-30.5505
-30.5642
-30.577
-30.5888
-30.5996
-30.6095
-30.6185
-30.627
-30.6349
-30.6427
-30.6504
-30.6583
-30.6666
-30.6754
-30.6849
-30.6952
-30.7063
-30.7183
-30.7311
-30.7447
-30.759
-30.7739
-30.7893
-30.8051
-30.8212
-30.8375
-30.8538
-30.8701
-30.8863
-30.9022
-30.9179
-30.9332
-30.9482
-30.9628
-30.977
-30.9908
-31.0043
-31.0175
-31.0303
-31.0428
-31.0551
-31.0672
-31.0791
-31.0909
-31.1026
-31.1143
-31.1259
-31.1375
-31.1493
-31.1613
-31.1737
-31.1867
-31.2003
-31.2147
-31.2298
-31.2457
-31.2622
-31.2792
-31.2965
-31.3138
-31.3309
-31.3476
-31.3637
-31.3788
-31.3931
-31.4062
-31.4184
-31.4295
-31.4398
-31.4494
-31.4584
-31.4671
-31.4757
-31.4844
-31.4934
-31.5029
-31.513
-31.5238
-31.5355
-31.548
-31.5614
-31.5756
-31.5906
-31.6063
-31.6226
-31.6393
-31.6565
-31.6739
-31.6915
-31.7091
-31.7267
-31.744
-31.7611
-31.7779
-31.7944
-31.8104
-31.8261
-31.8412
-31.856
-31.8704
-31.8844
-31.8981
-31.9114
-31.9245
-31.9373
-31.9498
-31.9622
-31.9745
-31.9866
-31.9987
-32.011
-32.0234
-32.0363
-32.0498
-32.064
-32.0791
-32.0951
-32.112
-32.1297
-32.1482
-32.167
-32.1861
-32.2051
-32.2237
-32.2416
-32.2586
-32.2746
-32.2893
-32.3027
-32.3149
-32.326
-32.336
-32.3452
-32.3537
-32.3619
-32.37
-32.3782
-32.3868
-32.3959
-32.4057
-32.4164
-32.428
-32.4405
-32.4541
-32.4687
-32.4841
-32.5005
-32.5175
-32.5352
-32.5534
-32.572
-32.5909
-32.6098
-32.6287
-32.6476
-32.6662
-32.6845
-32.7025
-32.72
-32.737
-32.7536
-32.7697
-32.7853
-32.8003
-32.8149
-32.8291
-32.8429
-32.8563
-32.8693
-32.882
-32.8945
-32.9068
-32.919
-32.9314
-32.9441
-32.9573
-32.9713
-32.9863
-33.0025
-33.0198
-33.0382
-33.0577
-33.0781
-33.099
-33.1203
-33.1414
-33.1622
-33.1821
-33.201
-33.2186
-33.2347
-33.2493
-33.2623
-33.2738
-33.2839
-33.2929
-33.301
-33.3084
-33.3154
-33.3224
-33.3295
-33.3371
-33.3454
-33.3545
-33.3646
-33.3759
-33.3883
-33.4019
-33.4166
-33.4325
-33.4494
-33.4673
-33.4859
-33.5053
-33.5251
-33.5453
-33.5658
-33.5863
-33.6068
-33.6271
-33.6472
-33.6668
-33.6861
-33.7048
-33.7229
-33.7405
-33.7575
-33.7738
-33.7896
-33.8047
-33.8193
-33.8334
-33.8469
-33.8599
-33.8725
-33.8848
-33.897
-33.9093
-33.9219
-33.9351
-33.9494
-33.9648
-33.9817
-34.0001
-34.02
-34.0414
-34.064
-34.0875
-34.1115
-34.1357
-34.1596
-34.1828
-34.2048
-34.2253
-34.2442
-34.2611
-34.2761
-34.2891
-34.3002
-34.3097
-34.3177
-34.3246
-34.3306
-34.3361
-34.3414
-34.3468
-34.3526
-34.3592
-34.3666
-34.3752
-34.385
-34.3962
-34.4087
-34.4227
-34.4381
-34.4547
-34.4726
-34.4916
-34.5115
-34.5322
-34.5536
-34.5755
-34.5976
-34.6199
-34.6422
-34.6644
-34.6863
-34.7078
-34.7288
-34.7492
-34.7691
-34.7882
-34.8067
-34.8243
-34.8413
-34.8575
-34.873
-34.8877
-34.9017
-34.915
-34.9276
-34.9398
-34.9517
-34.9636
-34.9759
-34.9888
-35.003
-35.0186
-35.0359
-35.0553
-35.0767
-35.1001
-35.1253
-35.1519
-35.1795
-35.2078
-35.236
-35.2637
-35.2903
-35.3155
-35.3387
-35.3598
-35.3784
-35.3946
-35.4084
-35.4198
-35.4291
-35.4365
-35.4423
-35.447
-35.4508
-35.4541
-35.4573
-35.4608
-35.4648
-35.4697
-35.4757
-35.483
-35.4917
-35.502
-35.514
-35.5275
-35.5427
-35.5594
-35.5776
-35.5972
-35.6179
-35.6397
-35.6623
-35.6856
-35.7094
-35.7335
-35.7578
-35.7821
-35.8062
-35.8299
-35.8533
-35.8761
-35.8983
-35.9198
-35.9406
-35.9605
-35.9795
-35.9977
-36.015
-36.0313
-36.0467
-36.0611
-36.0745
-36.0871
-36.0989
-36.1101
-36.1212
-36.1324
-36.1444
-36.1576
-36.1726
-36.1897
-36.2094
-36.2317
-36.2568
-36.2845
-36.3145
-36.3464
-36.3797
-36.4136
-36.4477
-36.4811
-36.5133
-36.5437
-36.5717
-36.5972
-36.6197
-36.6391
-36.6556
-36.669
-36.6797
-36.6878
-36.6937
-36.6978
-36.7004
-36.702
-36.703
-36.7037
-36.7047
-36.7062
-36.7085
-36.7119
-36.7168
-36.7232
-36.7313
-36.7412
-36.7529
-36.7665
-36.782
-36.7991
-36.818
-36.8384
-36.8602
-36.8831
-36.9072
-36.9321
-36.9576
-36.9837
-37.01
-37.0365
-37.0629
-37.0891
-37.115
-37.1404
-37.1653
-37.1895
-37.2129
-37.2355
-37.2573
-37.2781
-37.298
-37.3168
-37.3346
-37.3512
-37.3667
-37.381
-37.3939
-37.4057
-37.4163
-37.4261
-37.4353
-37.4446
-37.4545
-37.4657
-37.4789
-37.4948
-37.5138
-37.5364
-37.5627
-37.5928
-37.6265
-37.6633
-37.7026
-37.7438
-37.7862
-37.8287
-37.8707
-37.9114
-37.95
-37.986
-38.0188
-38.0482
-38.074
-38.0959
-38.1142
-38.1288
-38.1401
-38.1484
-38.1539
-38.1572
-38.1585
-38.1585
-38.1575
-38.1559
-38.1543
-38.1529
-38.1521
-38.1524
-38.1538
-38.1568
-38.1614
-38.1679
-38.1763
-38.1868
-38.1992
-38.2137
-38.2302
-38.2485
-38.2686
-38.2904
-38.3137
-38.3382
-38.364
-38.3907
-38.4182
-38.4463
-38.4749
-38.5037
-38.5326
-38.5615
-38.5901
-38.6184
-38.6463
-38.6736
-38.7003
-38.7263
-38.7515
-38.776
-38.7996
-38.8223
-38.844
-38.8649
-38.8847
-38.9035
-38.9212
-38.9378
-38.953
-38.9667
-38.9788
-38.9892
-38.9979
-39.005
-39.0109
-39.016
-39.0212
-39.0272
-39.0351
-39.0457
-39.06
-39.0787
-39.1023
-39.1313
-39.1656
-39.2051
-39.2494
-39.2978
-39.3494
-39.4034
-39.4587
-39.5142
-39.569
-39.6221
-39.6728
-39.7202
-39.764
-39.8036
-39.8388
-39.8695
-39.8957
-39.9175
-39.9351
-39.9487
-39.9588
-39.9657
-39.9699
-39.9717
-39.9716
-39.9702
-39.9678
-39.9649
-39.9619
-39.9591
-39.957
-39.9558
-39.9558
-39.9572
-39.9604
-39.9653
-39.9721
-39.981
-39.9919
-40.005
-40.02
-40.0371
-40.0562
-40.077
-40.0997
-40.1239
-40.1496
-40.1766
-40.2047
-40.2339
-40.2639
-40.2946
-40.3257
-40.3573
-40.3891
-40.4209
-40.4527
-40.4844
-40.5159
-40.547
-40.5776
-40.6078
-40.6375
-40.6665
-40.695
-40.7228
-40.75
-40.7765
-40.8024
-40.8276
-40.8521
-40.8761
-40.8994
-40.9222
-40.9444
-40.9661
-40.9872
-41.0077
-41.0277
-41.0469
-41.0652
-41.0824
-41.0981
-41.1119
-41.1232
-41.1317
-41.137
-41.139
-41.1379
-41.1342
-41.1287
-41.1227
-41.1174
-41.1143
-41.1149
-41.1207
-41.133
-41.1526
-41.1804
-41.2165
-41.2611
-41.3137
-41.3736
-41.4397
-41.5109
-41.5859
-41.6634
-41.7418
-41.82
-41.8968
-41.9711
-42.0421
-42.1089
-42.171
-42.2281
-42.28
-42.3263
-42.3673
-42.403
-42.4337
-42.4595
-42.4809
-42.4982
-42.5118
-42.5221
-42.5297
-42.5349
-42.5382
-42.54
-42.5407
-42.5408
-42.5405
-42.5403
-42.5405
-42.5413
-42.543
-42.5458
-42.55
-42.5556
-42.5629
-42.5719
-42.5828
-42.5955
-42.6101
-42.6266
-42.6449
-42.6652
-42.6872
-42.711
-42.7364
-42.7634
-42.7918
-42.8216
-42.8526
-42.8847
-42.9178
-42.9519
-42.9867
-43.0222
-43.0582
-43.0946
-43.1314
-43.1685
-43.2057
-43.2431
-43.2804
-43.3177
-43.3548
-43.3918
-43.4286
-43.4651
-43.5014
-43.5374
-43.573
-43.6083
-43.6433
-43.678
-43.7122
-43.7462
-43.7799
-43.8132
-43.8462
-43.879
-43.9115
-43.9437
-43.9758
-44.0077
-44.0394
-44.0709
-44.1023
-44.1337
-44.1649
-44.1962
-44.2274
-44.2586
-44.2898
-44.3211
-44.3524
-44.3838
-44.4152
-44.4468
-44.4786
-44.5104
-44.5424
-44.5745
-44.6068
-44.6393
-44.6719
-44.7047
-44.7377
-44.7709
-44.8043
-44.8378
-44.8714
-44.9051
-44.9389
-44.9726
-45.006
-45.0388
-45.0705
-45.1004
-45.1277
-45.1511
-45.1692
-45.1808
-45.1844
-45.1791
-45.1643
-45.1399
-45.1068
-45.0662
-45.0201
-44.9709
-44.9215
-44.8748
-44.8339
-44.8018
-44.781
-44.7737
-44.7816
-44.8058
-44.8466
-44.9036
-44.9762
-45.0628
-45.1617
-45.271
-45.3884
-45.5119
-45.6392
-45.7685
-45.8979
-46.0259
-46.1512
-46.2726
-46.3893
-46.5005
-46.6059
-46.7052
-46.7981
-46.8848
-46.9652
-47.0396
-47.1081
-47.1712
-47.2291
-47.2823
-47.3311
-47.3759
-47.4172
-47.4553
-47.4906
-47.5236
-47.5545
-47.5838
-47.6118
-47.6387
-47.6649
-47.6907
-47.7163
-47.7418
-47.7676
-47.7938
-47.8205
-47.848
-47.8763
-47.9055
-47.9357
-47.9671
-47.9996
-48.0334
-48.0684
-48.1047
-48.1423
-48.1812
-48.2213
-48.2628
-48.3055
-48.3495
-48.3947
-48.441
-48.4886
-48.5372
-48.5869
-48.6376
-48.6894
-48.742
-48.7956
-48.8501
-48.9053
-48.9614
-49.0181
-49.0756
-49.1338
-49.1925
-49.2519
-49.3118
-49.3723
-49.4333
-49.4947
-49.5566
-49.619
-49.6818
-49.7449
-49.8085
-49.8724
-49.9367
-50.0014
-50.0663
-50.1317
-50.1973
-50.2633
-50.3296
-50.3962
-50.4631
-50.5304
-50.598
-50.6659
-50.7341
-50.8026
-50.8715
-50.9407
-51.0102
-51.0801
-51.1503
-51.2209
-51.2919
-51.3632
-51.4348
-51.5069
-51.5793
-51.6521
-51.7253
-51.7989
-51.8729
-51.9473
-52.0221
-52.0974
-52.173
-52.2491
-52.3256
-52.4026
-52.48
-52.5578
-52.6361
-52.7149
-52.7941
-52.8737
-52.9539
-53.0345
-53.1155
-53.1971
-53.2791
-53.3616
-53.4445
-53.528
-53.6119
-53.6964
-53.7813
-53.8667
-53.9525
-54.0389
-54.1258
-54.2131
-54.301
-54.3893
-54.4781
-54.5675
-54.6573
-54.7476
-54.8384
-54.9297
-55.0215
-55.1138
-55.2065
-55.2998
-55.3935
-55.4878
-55.5825
-55.6778
-55.7735
-55.8697
-55.9663
-56.0635
-56.1612
-56.2593
-56.3579
-56.457
-56.5565
-56.6566
-56.7571
-56.858
-56.9595
-57.0614
-57.1637
-57.2666
-57.3699
-57.4736
-57.5778
-57.6824
-57.7875
-57.8931
-57.9991
-58.1055
-58.2123
-58.3196
-58.4273
-58.5355
-58.644
-58.753
-58.8624
-58.9722
-59.0824
-59.193
-59.304
-59.4154
-59.5272
-59.6394
-59.7519
-59.8649
-59.9782
-60.0919
-60.2059
-60.3203
-60.435
-60.5501
-60.6656
-60.7813
-60.8975
-61.0139
-61.1306
-61.2477
-61.3651
-61.4828
-61.6008
-61.719
-61.8376
-61.9565
-62.0756
-62.195
-62.3146
-62.4345
-62.5547
-62.6751
-62.7957
-62.9166
-63.0376
-63.1589
-63.2804
-63.4021
-63.524
-63.6461
-63.7684
-63.8908
-64.0134
-64.1362
-64.2591
-64.3821
-64.5053
-64.6286
-64.7521
-64.8756
-64.9993
-65.123
-65.2469
-65.3708
-65.4948
-65.6189
-65.743
-65.8672
-65.9914
-66.1156
-66.2399
-66.3642
-66.4885
-66.6129
-66.7372
-66.8615
-66.9857
-67.11
-67.2342
-67.3583
-67.4824
-67.6064
-67.7304
-67.8542
-67.978
-68.1016
-68.2252
-68.3486
-68.4719
-68.5951
-68.7181
-68.841
-68.9637
-69.0862
-69.2086
-69.3307
-69.4527
-69.5744
-69.6959
-69.8172
-69.9383
-70.0591
-70.1796
-70.2999
-70.4199
-70.5396
-70.6591
-70.7782
-70.897
-71.0155
-71.1337
-71.2515
-71.369
-71.4861
-71.6029
-71.7193
-71.8353
-71.9509
-72.0661
-72.1809
-72.2953
-72.4093
-72.5228
-72.636
-72.7486
-72.8608
-72.9725
-73.0838
-73.1946
-73.3049
-73.4147
-73.524
-73.6328
-73.7411
-73.8489
-73.9561
-74.0628
-74.1689
-74.2746
-74.3796
-74.4841
-74.588
-74.6914
-74.7942
-74.8964
-74.998
-75.099
-75.1995
-75.2993
-75.3985
-75.4971
-75.5951
-75.6925
-75.7892
-75.8853
-75.9808
-76.0757
-76.1699
-76.2635
-76.3564
-76.4487
-76.5403
-76.6313
-76.7217
-76.8113
-76.9004
-76.9887
-77.0764
-77.1635
-77.2498
-77.3356
-77.4206
-77.505
-77.5887
-77.6717
-77.7541
-77.8358
-77.9168
-77.9972
-78.0769
-78.1559
-78.2343
-78.312
-78.389
-78.4654
-78.5411
-78.6161
-78.6905
-78.7642
-78.8373
-78.9097
-78.9814
-79.0525
-79.1229
-79.1927
-79.2618
-79.3303
-79.3981
-79.4653
-79.5319
-79.5978
-79.6631
-79.7278
-79.7918
-79.8552
-79.918
-79.9802
-80.0417
-80.1026
-80.163
-80.2227
-80.2818
-80.3403
-80.3982
-80.4555
-80.5123
-80.5684
-80.624
-80.679
-80.7334
-80.7872
-80.8405
-80.8932
-80.9454
-80.997
-81.048
-81.0985
-81.1485
-81.1979
-81.2468
-81.2951
-81.343
-81.3903
-81.437
-81.4833
-81.5291
-81.5743
-81.6191
-81.6633
-81.7071
-81.7503
-81.7931
-81.8354
-81.8772
-81.9186
-81.9594
-81.9998
-82.0398
-82.0793
-82.1183
-82.1569
-82.1951
-82.2328
-82.27
-82.3069
-82.3433
-82.3792
-82.4148
-82.45
-82.4847
-82.519
-82.5529
-82.5864

