-88
-88.5947
-89.0241
-89.3708
-89.6629
-89.9151
-90.1368
-90.3341
-90.5115
-90.6723
-90.8192
-90.9542
-91.0789
-91.1947
-91.3026
-91.4036
-91.4984
-91.5877
-91.672
-91.7518
-91.8274
-91.8993
-91.9678
-92.033
-92.0953
-92.1549
-92.2119
-92.2666
-92.319
-92.3693
-92.4177
-92.4642
-92.5091
-92.5522
-92.5938
-92.634
-92.6727
-92.7102
-92.7464
-92.7814
-92.8152
-92.848
-92.8798
-92.9105
-92.9404
-92.9694
-92.9975
-93.0247
-93.0513
-93.077
-93.1021
-93.1265
-93.1502
-93.1733
-93.1957
-93.2176
-93.239
-93.2598
-93.2801
-93.2999
-93.3193
-93.3381
-93.3566
-93.3746
-93.3922
-93.4094
-93.4262
-93.4427
-93.4588
-93.4745
-93.4899
-93.505
-93.5198
-93.5343
-93.5485
-93.5624
-93.5761
-93.5894
-93.6025
-93.6154
-93.628
-93.6404
-93.6525
-93.6645
-93.6762
-93.6876
-93.6989
-93.71
-93.7209
-93.7316
-93.7421
-93.7524
-93.7626
-93.7725
-93.7823
-93.792
-93.8015
-93.8108
-93.8199
-93.8289
-93.8378
-93.8465
-93.8551
-93.8635
-93.8718
-93.88
-93.888
-93.8959
-93.9037
-93.9113
-93.9188
-93.9262
-93.9335
-93.9407
-93.9477
-93.9547
-93.9615
-93.9683
-93.9749
-93.9814
-93.9878
-93.9941
-94.0004
-94.0065
-94.0125
-94.0184
-94.0243
-94.03
-94.0357
-94.0412
-94.0467
-94.0521
-94.0574
-94.0626
-94.0678
-94.0728
-94.0778
-94.0827
-94.0876
-94.0923
-94.097
-94.1016
-94.1061
-94.1106
-94.1149
-94.1193
-94.1235
-94.1277
-94.1318
-94.1358
-94.1398
-94.1437
-94.1475
-94.1513
-94.1551
-94.1587
-94.1623
-94.1659
-94.1693
-94.1728
-94.1761
-94.1794
-94.1827
-94.1859
-94.189
-94.1921
-94.1951
-94.1981
-94.2011
-94.2039
-94.2068
-94.2096
-94.2123
-94.215
-94.2176
-94.2202
-94.2227
-94.2252
-94.2277
-94.2301
-94.2325
-94.2348
-94.2371
-94.2393
-94.2415
-94.2436
-94.2457
-94.2478
-94.2498
-94.2518
-94.2538
-94.2557
-94.2575
-94.2594
-94.2612
-94.2629
-94.2647
-94.2664
-94.268
-94.2696
-94.2712
-93.5504
-92.9848
-92.4977
-92.0635
-91.6684
-91.3041
-90.9648
-90.6464
-90.3459
-90.0608
-89.7893
-89.5299
-89.2812
-89.0423
-88.8122
-88.5902
-88.3757
-88.168
-87.9668
-87.7715
-87.5818
-87.3973
-87.2177
-87.0428
-86.8722
-86.7057
-86.5432
-86.3844
-86.2292
-86.0773
-85.9287
-85.7831
-85.6404
-85.5005
-85.3633
-85.2287
-85.0966
-84.9667
-84.8392
-84.7138
-84.5906
-84.4693
-84.35
-84.2325
-84.1169
-84.0029
-83.8907
-83.78
-83.6709
-83.5634
-83.4573
-83.3526
-83.2492
-83.1472
-83.0465
-82.947
-82.8487
-82.7517
-82.6557
-82.5609
-82.4671
-82.3744
-82.2827
-82.192
-82.1023
-82.0135
-81.9257
-81.8387
-81.7527
-81.6675
-81.5831
-81.4996
-81.4168
-81.3349
-81.2537
-81.1733
-81.0936
-81.0146
-80.9363
-80.8588
-80.7819
-80.7057
-80.6302
-80.5553
-80.481
-80.4074
-80.3344
-80.2619
-80.1901
-80.1189
-80.0482
-79.9781
-79.9086
-79.8396
-79.7712
-79.7032
-79.6358
-79.569
-79.5026
-79.4368
-79.3714
-79.3065
-79.2421
-79.1782
-79.1148
-79.0518
-78.9893
-78.9272
-78.8656
-78.8044
-78.7436
-78.6833
-78.6234
-78.564
-78.5049
-78.4463
-78.388
-78.3302
-78.2727
-78.2157
-78.159
-78.1027
-78.0468
-77.9913
-77.9361
-77.8813
-77.8268
-77.7728
-77.719
-77.6657
-77.6126
-77.5599
-77.5076
-77.4555
-77.4039
-77.3525
-77.3015
-77.2507
-77.2003
-77.1502
-77.1005
-77.051
-77.0018
-76.9529
-76.9044
-76.8561
-76.8081
-76.7604
-76.713
-76.6659
-76.619
-76.5724
-76.5261
-76.4801
-76.4343
-76.3888
-76.3436
-76.2986
-76.2538
-76.2094
-76.1651
-76.1212
-76.0774
-76.0339
-75.9907
-75.9477
-75.9049
-75.8623
-75.82
-75.7779
-75.7361
-75.6944
-75.653
-75.6118
-75.5708
-75.5301
-75.4895
-75.4491
-75.409
-75.369
-75.3293
-75.2897
-75.2504
-75.2112
-75.1723
-75.1335
-75.0949
-75.0565
-75.0183
-74.9803
-74.9424
-74.9048
-74.8673
-74.8299
-74.7928
-74.7558
-74.719
-74.6823
-74.6459
-74.6095
-74.5734
-74.5374
-74.5015
-74.4658
-74.4303
-74.3949
-74.3596
-74.3245
-74.2896
-74.2547
-74.2201
-74.1855
-74.1511
-74.1169
-74.0828
-74.0488
-74.0149
-73.9812
-73.9475
-73.9141
-73.8807
-73.8475
-73.8143
-73.7813
-73.7484
-73.7157
-73.683
-73.6505
-73.618
-73.5857
-73.5535
-73.5214
-73.4893
-73.4574
-73.4256
-73.3939
-73.3623
-73.3308
-73.2993
-73.268
-73.2367
-73.2056
-73.1745
-73.1435
-73.1126
-73.0818
-73.0511
-73.0204
-72.9898
-72.9593
-72.9289
-72.8985
-72.8683
-72.838
-72.8079
-72.7778
-72.7478
-72.7179
-72.688
-72.6582
-72.6284
-72.5987
-72.5691
-72.5395
-72.5099
-72.4804
-72.451
-72.4216
-72.3923
-72.363
-72.3338
-72.3046
-72.2754
-72.2463
-72.2172
-72.1882
-72.1592
-72.1302
-72.1013
-72.0724
-72.0435
-72.0147
-71.9858
-71.9571
-71.9283
-71.8996
-71.8708
-71.8421
-71.8135
-71.7848
-71.7561
-71.7275
-71.6989
-71.6703
-71.6417
-71.6131
-71.5845
-71.5559
-71.5273
-71.4988
-71.4702
-71.4416
-71.413
-71.3844
-71.3558
-71.3272
-71.2986
-71.27
-71.2414
-71.2127
-71.1841
-71.1554
-71.1267
-71.098
-71.0692
-71.0404
-71.0116
-70.9828
-70.954
-70.9251
-70.8962
-70.8672
-70.8382
-70.8092
-70.7801
-70.751
-70.7218
-70.6926
-70.6634
-70.6341
-70.6047
-70.5753
-70.5459
-70.5163
-70.4867
-70.4571
-70.4274
-70.3976
-70.3678
-70.3378
-70.3079
-70.2778
-70.2476
-70.2174
-70.1871
-70.1567
-70.1262
-70.0957
-70.065
-70.0342
-70.0034
-69.9724
-69.9414
-69.9102
-69.8789
-69.8475
-69.8161
-69.7844
-69.7527
-69.7208
-69.6889
-69.6567
-69.6245
-69.5921
-69.5596
-69.5269
-69.4941
-69.4612
-69.4281
-69.3948
-69.3614
-69.3278
-69.294
-69.2601
-69.226
-69.1917
-69.1573
-69.1226
-69.0877
-69.0527
-69.0174
-68.982
-68.9463
-68.9104
-68.8743
-68.838
-68.8014
-68.7646
-68.7275
-68.6902
-68.6526
-68.6148
-68.5767
-68.5383
-68.4997
-68.4607
-68.4215
-68.3819
-68.342
-68.3018
-68.2613
-68.2204
-68.1792
-68.1376
-68.0956
-68.0533
-68.0106
-67.9675
-67.9239
-67.88
-67.8356
-67.7907
-67.7454
-67.6996
-67.6533
-67.6065
-67.5591
-67.5113
-67.4628
-67.4138
-67.3642
-67.3139
-67.263
-67.2114
-67.1591
-67.1061
-67.0523
-66.9977
-66.9423
-66.886
-66.8287
-66.7706
-66.7114
-66.6511
-66.5897
-66.527
-66.4631
-66.3978
-66.331
-66.2626
-66.1925
-66.1205
-66.0464
-65.97
-65.8912
-65.8096
-65.725
-65.6369
-65.5452
-65.4493
-65.3488
-65.2432
-65.1321
-65.0147
-64.8906
-64.7592
-64.6197
-64.4717
-64.3145
-64.1474
-63.97
-63.7816
-63.5818
-63.37
-63.1457
-62.9085
-62.6578
-62.3931
-62.1137
-61.819
-61.5079
-61.1793
-60.8316
-60.4629
-60.0704
-59.6508
-59.1995
-58.7104
-58.175
-57.5821
-56.9151
-56.1503
-55.251
-54.158
-52.7675
-50.8747
-48.0037
-42.9528
-33.7107
-18.8166
3.68504
25.6785
33.3957
31.205
21.9037
9.18953
-2.88014
-13.3276
-22.8993
-32.0684
-40.7501
-50.4397
-58.9966
-64.3917
-67.7011
-69.8385
-71.2768
-72.2631
-72.9352
-73.3769
-73.6432
-73.7728
-73.7946
-73.7309
-73.5988
-73.4122
-73.1815
-72.9152
-72.6198
-72.3003
-71.9607
-71.6039
-71.2321
-70.8472
-70.4504
-70.0428
-69.625
-69.1977
-68.761
-68.3153
-67.8605
-67.3964
-66.9229
-66.4393
-65.945
-65.439
-64.9201
-64.3867
-63.8366
-63.2673
-62.6754
-62.0566
-61.4052
-60.7138
-59.9725
-59.1678
-58.2804
-57.2827
-56.133
-54.7665
-53.0769
-50.8804
-47.8368
-43.2666
-35.8105
-24.1762
-4.61725
21.1435
32.5533
32.7021
24.6212
11.9643
-0.42477
-10.9411
-20.3195
-29.2125
-37.1724
-46.177
-55.7805
-62.5178
-66.602
-69.1844
-70.8982
-72.0633
-72.8508
-73.3604
-73.6565
-73.7838
-73.7756
-73.6576
-73.45
-73.1693
-72.8286
-72.4389
-72.0088
-71.5458
-71.0558
-70.5437
-70.0135
-69.4684
-68.911
-68.3431
-67.7662
-67.1812
-66.5884
-65.988
-65.3794
-64.7616
-64.1331
-63.4918
-62.8349
-62.1587
-61.4584
-60.7279
-59.9589
-59.1407
-58.2584
-57.2914
-56.2097
-54.9685
-53.4977
-51.6806
-49.3109
-45.9945
-40.9323
-32.6923
-20.9703
-0.257432
22.4165
31.4017
30.2746
21.6661
9.4538
-2.21843
-12.3092
-21.5292
-30.2327
-38.0797
-47.0012
-55.9156
-62.0505
-65.8477
-68.3053
-69.9731
-71.1322
-71.9347
-72.4703
-72.798
-72.9595
-72.9863
-72.9033
-72.7303
-72.4835
-72.176
-71.8189
-71.421
-70.9898
-70.5312
-70.0503
-69.5512
-69.0371
-68.5106
-67.9737
-67.4279
-66.8741
-66.3129
-65.7443
-65.168
-64.5831
-63.9884
-63.3821
-62.7618
-62.1241
-61.4651
-60.7796
-60.0606
-59.2992
-58.4833
-57.5964
-56.615
-55.505
-54.2145
-52.6603
-50.7015
-48.081
-44.2929
-38.3106
-28.7334
-14.5981
8.99147
26.4769
31.3903
27.4098
17.2077
5.08269
-5.90412
-15.5813
-24.6603
-33.147
-41.3477
-50.534
-58.3886
-63.3981
-66.5303
-68.5922
-70.0061
-70.9919
-71.6722
-72.1215
-72.3895
-72.5122
-72.5166
-72.4244
-72.2527
-72.0156
-71.7247
-71.3893
-71.0173
-70.6151
-70.1881
-69.7406
-69.2761
-68.7976
-68.3072
-67.8068
-67.2975
-66.7803
-66.2555
-65.7232
-65.183
-64.6342
-64.0757
-63.5057
-62.9222
-62.3222
-61.7022
-61.0575
-60.3821
-59.6682
-58.9054
-58.0796
-57.1713
-56.1524
-54.981
-53.5923
-51.8798
-49.6572
-46.5741
-41.9234
-34.3673
-23.3026
-4.5105
19.2299
30.203
30.6539
23.3256
11.6168
-0.190935
-10.5076
-19.8454
-28.6531
-36.6527
-45.2792
-54.2236
-60.6786
-64.6435
-67.1587
-68.8414
-70.0078
-70.8254
-71.3892
-71.7585
-71.9736
-72.064
-72.0524
-71.9568
-71.7918
-71.5695
-71.2996
-70.9902
-70.6481
-70.2789
-69.887
-69.4764
-69.05
-68.6104
-68.1594
-67.6987
-67.2293
-66.752
-66.2671
-65.7747
-65.2745
-64.7658
-64.2478
-63.719
-63.1776
-62.6213
-62.0471
-61.451
-60.8283
-60.1727
-59.4758
-58.7268
-57.9106
-57.0064
-55.9838
-54.7977
-53.3767
-51.6032
-49.2684
-45.9749
-40.9159
-32.6488
-20.8087
0.00696088
22.411
31.3197
30.276
21.793
9.6439
-2.04897
-12.2006
-21.4841
-30.2054
-38.0334
-46.8072
-55.438
-61.3201
-64.8972
-67.1677
-68.6902
-69.7496
-70.4965
-71.0163
-71.3619
-71.569
-71.664
-71.6667
-71.5931
-71.4563
-71.2667
-71.0333
-70.7632
-70.4625
-70.1362
-69.7885
-69.4229
-69.042
-68.6483
-68.2436
-67.8293
-67.4066
-66.9761
-66.5384
-66.0937
-65.642
-65.1828
-64.7157
-64.2398
-63.7538
-63.2562
-62.745
-62.2176
-61.671
-61.1012
-60.503
-59.8699
-59.1933
-58.4617
-57.6594
-56.7643
-55.7442
-54.5505
-53.1059
-51.2811
-48.8438
-45.3434
-39.8581
-30.8741
-17.9932
4.62027
24.9975
32.0101
29.5514
20.0766
7.69507
-3.79989
-13.7827
-23.0007
-31.6208
-39.5705
-48.4898
-56.6476
-61.9403
-65.1519
-67.2024
-68.5866
-69.557
-70.2475
-70.7341
-71.0641
-71.2694
-71.3731
-71.3932
-71.3439
-71.2366
-71.081
-70.8848
-70.6547
-70.3961
-70.1134
-69.8107
-69.4909
-69.1567
-68.8103
-68.4534
-68.0874
-67.7135
-67.3324
-66.9449
-66.5512
-66.1515
-65.7458
-65.334
-64.9155
-64.4898
-64.056
-63.6131
-63.1597
-62.6941
-62.2142
-61.7173
-61.2003
-60.6591
-60.0885
-59.4819
-58.8305
-58.1227
-57.3423
-56.4666
-55.4626
-54.2795
-52.8366
-50.9966
-48.5089
-44.8771
-39.0709
-29.5603
-15.553
8.11631
26.6479
32.2768
28.7825
18.6958
6.27802
-5.02532
-14.8815
-24.0337
-32.5739
-40.6512
-49.5973
-57.339
-62.2303
-65.2008
-67.1085
-68.4064
-69.3257
-69.9889
-70.4655
-70.7986
-71.017
-71.1418
-71.1893
-71.1724
-71.1015
-70.9855
-70.8314
-70.6453
-70.4323
-70.1966
-69.9417
-69.6706
-69.3858
-69.0894
-68.783
-68.468
-68.1457
-67.8169
-67.4824
-67.1427
-66.7981
-66.449
-66.0953
-65.7371
-65.3742
-65.0063
-64.633
-64.2537
-63.8679
-63.4745
-63.0725
-62.6607
-62.2375
-61.8011
-61.3491
-60.8789
-60.3868
-59.8685
-59.3186
-58.7297
-58.0925
-57.394
-56.6165
-55.7345
-54.7099
-53.4837
-51.9585
-49.962
-47.1622
-42.8595
-35.6292
-24.4955
-6.14924
18.1162
30.2876
31.6388
24.9901
13.4582
1.3828
-9.19861
-18.6538
-27.5368
-35.7191
-44.178
-52.9126
-59.3698
-63.2913
-65.7243
-67.3323
-68.4559
-69.2704
-69.8704
-70.311
-70.627
-70.8425
-70.9753
-71.0394
-71.0459
-71.004
-70.9214
-70.8045
-70.6585
-70.4881
-70.297
-70.0883
-69.8649
-69.6289
-69.3824
-69.1268
-68.8635
-68.5937
-68.3183
-68.038
-67.7534
-67.4652
-67.1735
-66.8788
-66.5811
-66.2807
-65.9776
-65.6716
-65.3628
-65.051
-64.736
-64.4174
-64.0949
-63.7681
-63.4365
-63.0994
-62.7561
-62.4059
-62.0476
-61.6802
-61.3023
-60.9122
-60.5079
-60.087
-59.6465
-59.1827
-58.6909
-58.1651
-57.5973
-56.9772
-56.2902
-55.5159
-54.6242
-53.5691
-52.275
-50.6089
-48.3115
-44.8122
-38.8272
-28.82
-13.7938
9.08002
26.2272
31.3253
27.8665
18.356
6.49058
-4.56396
-14.3197
-23.3547
-31.9533
-40.0242
-48.4873
-55.8627
-60.653
-63.5981
-65.5141
-66.8478
-67.8275
-68.5719
-69.1464
-69.59
-69.9281
-70.1789
-70.3563
-70.4718
-70.5346
-70.5526
-70.5323
-70.4795
-70.3989
-70.2947
-70.1702
-70.0286
-69.8723
-69.7036
-69.5241
-69.3356
-69.1394
-68.9365
-68.7281
-68.5149
-68.2976
-68.0769
-67.8532
-67.6269
-67.3985
-67.1683
-66.9363
-66.703
-66.4684
-66.2327
-65.9959
-65.7581
-65.5193
-65.2797
-65.0391
-64.7975
-64.555
-64.3114
-64.0666
-63.8206
-63.5733
-63.3244
-63.0739
-62.8216
-62.5671
-62.3104
-62.051
-61.7887
-61.5231
-61.2537
-60.98
-60.7013
-60.417
-60.1262
-59.8279
-59.5209
-59.2038
-58.8747
-58.5315
-58.1715
-57.7912
-57.3863
-56.9509
-56.4771
-55.9541
-55.366
-54.6885
-53.8814
-52.8715
-51.5028
-49.3733
-45.5343
-38.3632
-26.4919
-11.3072
9.82013
24.6144
29.1378
26.4713
18.4333
7.75111
-2.76117
-12.2619
-21.1974
-29.8246
-37.4016
-44.7625
-51.6358
-56.6482
-59.8652
-61.9928
-63.507
-64.6628
-65.5912
-66.3599
-67.0052
-67.5485
-68.0038
-68.382
-68.6921
-68.9422
-69.1395
-69.2903
-69.4004
-69.475
-69.5186
-69.5352
-69.5284
-69.5011
-69.4561
-69.3957
-69.3219
-69.2366
-69.1411
-69.037
-68.9253
-68.8071
-68.6832
-68.5545
-68.4216
-68.2851
-68.1456
-68.0036
-67.8594
-67.7134
-67.566
-67.4175
-67.2681
-67.1181
-66.9677
-66.8172
-66.6666
-66.5162
-66.3661
-66.2165
-66.0675
-65.9192
-65.7718
-65.6255
-65.4802
-65.3361
-65.1933
-65.052
-64.9122
-64.7739
-64.6374
-64.5026
-64.3697
-64.2387
-64.1097
-63.9828
-63.858
-63.7354
-63.6151
-63.4971
-63.3814
-63.2681
-63.1572
-63.0488
-62.9429
-62.8394
-62.7385
-62.64
-62.5441
-62.4506
-62.3597
-62.2712
-62.1851
-62.1015
-62.0202
-61.9412
-61.8644
-61.7899
-61.7175
-61.6471
-61.5788
-61.5123
-61.4476
-61.3846
-61.3231
-61.2632
-61.2045
-61.1471
-61.0906
-61.035
-60.9802
-60.9257
-60.8715
-60.8173
-60.7628
-60.7077
-60.6515
-60.5938
-60.534
-60.4716
-60.4055
-60.3348
-60.2581
-60.1735
-60.0782
-59.9684
-59.8378
-59.6756
-59.4601
-59.1388
-58.5509
-57.2755
-54.5041
-49.3351
-41.1367
-29.825
-17.0787
1.47209
20.2567
28.501
29.1975
24.0807
14.76
4.0492
-6.02072
-15.1735
-23.736
-31.6318
-38.4767
-45.1883
-51.258
-55.6141
-58.4315
-60.3152
-61.6709
-62.719
-63.5765
-64.3061
-64.9418
-65.5021
-65.9975
-66.4351
-66.8203
-67.158
-67.4527
-67.7089
-67.9304
-68.1211
-68.2844
-68.4233
-68.5405
-68.6385
-68.7194
-68.7853
-68.8376
-68.878
-68.9078
-68.928
-68.9398
-68.9441
-68.9415
-68.933
-68.9191
-68.9004
-68.8774
-68.8507
-68.8206
-68.7875
-68.7519
-68.714
-68.6742
-68.6327
-68.5899
-68.546
-68.5013
-68.4558
-68.41
-68.3639
-68.3178
-68.2718
-68.226
-68.1808
-68.1361
-68.0921
-68.049
-68.0068
-67.9657
-67.9258
-67.8872
-67.8499
-67.8141
-67.7798
-67.7471
-67.716
-67.6866
-67.659
-67.6331
-67.6091
-67.5869
-67.5667
-67.5483
-67.5318
-67.5173
-67.5048
-67.4941
-67.4854
-67.4787
-67.4738
-67.4709
-67.4699
-67.4708
-67.4735
-67.4781
-67.4845
-67.4927
-67.5026
-67.5143
-67.5277
-67.5427
-67.5594
-67.5776
-67.5974
-67.6188
-67.6416
-67.6659
-67.6916
-67.7186
-67.747
-67.7768
-67.8077
-67.8399
-67.8733
-67.9078
-67.9435
-67.9802
-68.018
-68.0568
-68.0966
-68.1373
-68.1789
-68.2214
-68.2648
-68.309
-68.354
-68.3998
-68.4463
-68.4935
-68.5415
-68.59
-68.6393
-68.6891
-68.7395
-68.7905
-68.8421
-68.8942
-68.9467
-68.9998
-69.0534
-69.1074
-69.1618
-69.2166
-69.2719
-69.3275
-69.3835
-69.4399
-69.4966
-69.5536
-69.611
-69.6686
-69.7265
-69.7848
-69.8432
-69.902
-69.9609
-70.0201
-70.0796
-70.1392
-70.199
-70.2591
-70.3193
-70.3797
-70.4403
-70.501
-70.5619
-70.6229
-70.6841
-70.7453
-70.8068
-70.8683
-70.9299
-70.9917
-71.0535
-71.1155
-71.1775
-71.2396
-71.3018
-71.3641
-71.4264
-71.4888
-71.5512
-71.6137
-71.6762
-71.7388
-71.8014
-71.864
-71.9267
-71.9894
-72.0521
-72.1148
-72.1775
-72.2403
-72.303
-72.3657
-72.4285
-72.4912
-72.5539
-72.6166
-72.6792
-72.7419
-72.8045
-72.867
-72.9296
-72.9921
-73.0545
-73.1169
-73.1793
-73.2416
-73.3038
-73.366
-73.4281
-73.4902
-73.5522
-73.6141
-73.6759
-73.7376
-73.7993
-73.8608
-73.9223
-73.9837
-74.0449
-74.1061
-74.1672
-74.2281
-74.289
-74.3497
-74.4103
-74.4708
-74.5311
-74.5913
-74.6514
-74.7114
-74.7712
-74.8309
-74.8904
-74.9498
-75.009
-75.068
-75.1269
-75.1857
-75.2443
-75.3027
-75.3609
-75.4189
-75.4768
-75.5345
-75.592
-75.6494
-75.7065
-75.7634
-75.8202
-75.8767
-75.9331
-75.9892
-76.0451
-76.1009
-76.1564
-76.2116
-76.2667
-76.3216
-76.3762
-76.4306
-76.4848
-76.5387
-76.5924
-76.6459
-76.6991
-76.7521
-76.8048
-76.8573
-76.9096
-76.9616
-77.0133
-77.0648
-77.1161
-77.167
-77.2178
-77.2682
-77.3184
-77.3683
-77.418
-77.4674
-77.5165
-77.5654
-77.614
-77.6623
-77.7103
-77.7581
-77.8055
-77.8527
-77.8997
-77.9463
-77.9927
-78.0387
-78.0845
-78.13
-78.1752
-78.2202
-78.2648
-78.3092
-78.3533
-78.397
-78.4405
-78.4837
-78.5266
-78.5693
-78.6116
-78.6536
-78.6954
-78.7368
-78.778
-78.8189
-78.8595
-78.8997
-78.9397
-78.9795
-79.0189
-79.058
-79.0968
-79.1354
-79.1737
-79.2116
-79.2493
-79.2867
-79.3238
-79.3606
-79.3972
-79.4334
-79.4694
-79.505
-79.5404
-79.5755
-79.6104
-79.6449
-79.6792
-79.7132
-79.7469
-79.7803
-79.8135
-79.8464
-79.879
-79.9113
-79.9434
-79.9751
-80.0067
-80.0379
-80.0689
-80.0996
-80.1301
-80.1602
-80.1902
-80.2198
-80.2492
-80.2784
-80.3072
-80.3359
-80.3642
-80.3924
-80.4202
-80.4478
-80.4752
-80.5023
-80.5292
-80.5558
-80.5822
-80.6083
-80.6342
-80.6599
-80.6853
-80.7105
-80.7354
-80.7601
-80.7846
-80.8088
-80.8329
-80.8567
-80.8802
-80.9036
-80.9267
-80.9496
-80.9722
-80.9947
-81.0169
-81.0389
-81.0607
-81.0823
-81.1037
-81.1249
-81.1458
-81.1666
-81.1871
-81.2075
-81.2276
-81.2476
-81.2673
-81.2868
-81.3062
-81.3253
-81.3443
-81.3631
-81.3816
-81.4
-81.4182
-81.4362
-81.454
-81.4717
-81.4891
-81.5064
-81.5235
-81.5404
-81.5572
-81.5737
-81.5901
-81.6064
-81.6224
-81.6383
-81.654
-81.6695
-81.6849
-81.7001
-81.7152
-81.7301
-81.7448
-81.7594
-81.7738
-81.788
-81.8021
-81.8161
-81.8299
-81.8435
-81.857
-81.8704
-81.8836
-81.8966
-81.9095
-81.9223
-81.9349
-81.9474
-81.9597
-81.9719
-81.984
-81.9959
-82.0077
-82.0193
-82.0309
-82.0422
-82.0535
-82.0646
-82.0756
-82.0865
-82.0973
-82.1079
-82.1184
-82.1287
-82.139
-82.1491
-82.1591
-82.169
-82.1788
-82.1885
-82.198
-82.2074
-82.2168
-82.226
-82.2351
-82.244
-82.2529
-82.2617
-82.2703
-82.2789

