-88
-87.9164
-87.8374
-87.7655
-87.7022
-87.6483
-87.6035
-87.5671
-87.5381
-87.5156
-87.4984
-87.4859
-87.4771
-87.4715
-87.4685
-87.4675
-87.4682
-87.4703
-87.4735
-87.4776
-87.4823
-87.4876
-87.4933
-87.4993
-87.5056
-87.512
-87.5185
-87.5251
-87.5317
-87.5383
-87.5449
-87.5515
-87.558
-87.5644
-87.5708
-87.5771
-87.5833
-87.5894
-87.5955
-87.6014
-87.6073
-87.613
-87.6187
-87.6242
-87.6297
-87.6351
-87.6404
-87.6456
-87.6508
-87.6558
-87.6608
-87.6656
-87.6704
-87.6751
-87.6797
-87.6843
-87.6887
-87.6931
-87.6974
-87.7017
-87.7058
-87.7099
-87.7139
-87.7179
-87.7217
-87.7255
-87.7292
-87.7329
-87.7365
-87.74
-87.7435
-87.7469
-87.7502
-87.7534
-87.7566
-87.7598
-87.7628
-87.7658
-87.7688
-87.7717
-87.7745
-87.7773
-87.78
-87.7826
-87.7852
-87.7877
-87.7902
-87.7926
-87.795
-87.7973
-87.7996
-87.8018
-87.8039
-87.806
-87.8081
-87.8101
-87.812
-87.8139
-87.8158
-87.8176
-87.8193
-87.821
-87.8227
-87.8243
-87.8258
-87.8274
-87.8288
-87.8303
-87.8316
-87.833
-87.8343
-87.8355
-87.8367
-87.8379
-87.839
-87.8401
-87.8411
-87.8421
-87.8431
-87.844
-87.8449
-87.8458
-87.8466
-87.8473
-87.8481
-87.8488
-87.8494
-87.85
-87.8506
-87.8512
-87.8517
-87.8522
-87.8527
-87.8531
-87.8535
-87.8538
-87.8541
-87.8544
-87.8547
-87.8549
-87.8551
-87.8553
-87.8554
-87.8555
-87.8556
-87.8557
-87.8557
-87.8557
-87.8557
-87.8556
-87.8555
-87.8554
-87.8553
-87.8551
-87.8549
-87.8547
-87.8545
-87.8542
-87.8539
-87.8536
-87.8533
-87.8529
-87.8525
-87.8521
-87.8517
-87.8513
-87.8508
-87.8503
-87.8498
-87.8493
-87.8487
-87.8481
-87.8475
-87.8469
-87.8463
-87.8456
-87.845
-87.8443
-87.8436
-87.8428
-87.8421
-87.8413
-87.8406
-87.8398
-87.839
-87.8381
-87.8373
-87.8364
-87.8356
-87.8347
-87.8338
-87.8328
-87.8319
-87.8309
-87.83
-87.829
-87.828
-87.827
-87.826
-87.8249
-87.8239
-87.8213
-87.8142
-87.7998
-87.7762
-87.7424
-87.6987
-87.6457
-87.5842
-87.5153
-87.44
-87.3593
-87.274
-87.1848
-87.0925
-86.9975
-86.9005
-86.8016
-86.7014
-86.6001
-86.498
-86.3953
-86.2921
-86.1887
-86.0851
-85.9815
-85.878
-85.7746
-85.6714
-85.5685
-85.4659
-85.3637
-85.2619
-85.1606
-85.0596
-84.9592
-84.8593
-84.7599
-84.661
-84.5626
-84.4648
-84.3675
-84.2708
-84.1747
-84.0791
-83.984
-83.8896
-83.7957
-83.7023
-83.6096
-83.5174
-83.4257
-83.3346
-83.2441
-83.1542
-83.0647
-82.9759
-82.8876
-82.7998
-82.7126
-82.6259
-82.5397
-82.4541
-82.369
-82.2845
-82.2004
-82.1169
-82.0339
-81.9514
-81.8694
-81.7879
-81.7069
-81.6264
-81.5464
-81.4669
-81.3878
-81.3093
-81.2312
-81.1536
-81.0765
-80.9998
-80.9236
-80.8479
-80.7726
-80.6978
-80.6234
-80.5494
-80.4759
-80.4029
-80.3302
-80.258
-80.1863
-80.1149
-80.044
-79.9735
-79.9034
-79.8337
-79.7644
-79.6955
-79.627
-79.559
-79.4913
-79.424
-79.357
-79.2905
-79.2243
-79.1586
-79.0931
-79.0281
-78.9634
-78.8991
-78.8352
-78.7716
-78.7083
-78.6454
-78.5829
-78.5207
-78.4588
-78.3973
-78.3361
-78.2752
-78.2147
-78.1545
-78.0946
-78.035
-77.9757
-77.9168
-77.8582
-77.7998
-77.7418
-77.6841
-77.6267
-77.5695
-77.5127
-77.4562
-77.3999
-77.3439
-77.2882
-77.2328
-77.1777
-77.1228
-77.0682
-77.0139
-76.9598
-76.906
-76.8524
-76.7992
-76.7461
-76.6933
-76.6408
-76.5885
-76.5364
-76.4846
-76.4331
-76.3817
-76.3306
-76.2797
-76.2291
-76.1787
-76.1285
-76.0785
-76.0287
-75.9792
-75.9298
-75.8807
-75.8318
-75.7831
-75.7346
-75.6863
-75.6382
-75.5902
-75.5425
-75.495
-75.4476
-75.4005
-75.3535
-75.3067
-75.2601
-75.2137
-75.1674
-75.1213
-75.0754
-75.0297
-74.9841
-74.9387
-74.8934
-74.8483
-74.8034
-74.7586
-74.7139
-74.6694
-74.6251
-74.5809
-74.5369
-74.493
-74.4492
-74.4056
-74.3621
-74.3187
-74.2755
-74.2324
-74.1894
-74.1466
-74.1039
-74.0613
-74.0188
-73.9764
-73.9341
-73.892
-73.85
-73.8081
-73.7662
-73.7245
-73.6829
-73.6414
-73.6
-73.5587
-73.5175
-73.4764
-73.4353
-73.3944
-73.3535
-73.3128
-73.2721
-73.2315
-73.1909
-73.1505
-73.1101
-73.0698
-73.0296
-72.9894
-72.9493
-72.9093
-72.8693
-72.8294
-72.7895
-72.7497
-72.71
-72.6703
-72.6307
-72.5911
-72.5516
-72.5121
-72.4726
-72.4332
-72.3939
-72.3545
-72.3153
-72.276
-72.2368
-72.1976
-72.1584
-72.1193
-72.0801
-72.0411
-72.002
-71.9629
-71.9239
-71.8848
-71.8458
-71.8068
-71.7678
-71.7288
-71.6898
-71.6508
-71.6119
-71.5729
-71.5339
-71.4949
-71.4558
-71.4168
-71.3778
-71.3387
-71.2996
-71.2606
-71.2214
-71.1823
-71.1431
-71.1039
-71.0647
-71.0255
-70.9862
-70.9468
-70.9074
-70.868
-70.8286
-70.7891
-70.7495
-70.7099
-70.6702
-70.6305
-70.5907
-70.5509
-70.511
-70.471
-70.4309
-70.3908
-70.3506
-70.3103
-70.27
-70.2295
-70.189
-70.1484
-70.1077
-70.0669
-70.026
-69.985
-69.9439
-69.9027
-69.8613
-69.8199
-69.7783
-69.7367
-69.6949
-69.653
-69.6109
-69.5687
-69.5264
-69.484
-69.4414
-69.3986
-69.3557
-69.3127
-69.2694
-69.2261
-69.1825
-69.1388
-69.095
-69.0509
-69.0067
-68.9622
-68.9176
-68.8728
-68.8278
-68.7826
-68.7371
-68.6915
-68.6456
-68.5996
-68.5533
-68.5067
-68.4599
-68.4129
-68.3656
-68.3181
-68.2703
-68.2223
-68.1739
-68.1253
-68.0764
-68.0272
-67.9778
-67.928
-67.8779
-67.8274
-67.7767
-67.7256
-67.6742
-67.6224
-67.5703
-67.5178
-67.4649
-67.4117
-67.3581
-67.304
-67.2496
-67.1947
-67.1394
-67.0836
-67.0275
-66.9708
-66.9137
-66.8561
-66.798
-66.7393
-66.6802
-66.6205
-66.5603
-66.4995
-66.4381
-66.3761
-66.3136
-66.2504
-66.1865
-66.122
-66.0568
-65.9909
-65.9243
-65.8569
-65.7888
-65.7199
-65.6501
-65.5796
-65.5082
-65.4359
-65.3626
-65.2885
-65.2133
-65.1371
-65.0599
-64.9816
-64.9022
-64.8217
-64.7399
-64.6569
-64.5726
-64.4869
-64.3998
-64.3113
-64.2212
-64.1296
-64.0362
-63.9412
-63.8443
-63.7455
-63.6447
-63.5418
-63.4367
-63.3292
-63.2192
-63.1066
-62.9911
-62.8727
-62.751
-62.6259
-62.4971
-62.3642
-62.227
-62.0851
-61.9379
-61.7849
-61.6256
-61.4593
-61.2849
-61.1017
-60.9083
-60.7035
-60.4856
-60.2529
-60.0031
-59.734
-59.4428
-59.1265
-58.7817
-58.4051
-57.9928
-57.5412
-57.0466
-56.5058
-55.9161
-55.2757
-54.5838
-53.8413
-53.0506
-52.2162
-51.3445
-50.4441
-49.5253
-48.6003
-47.682
-46.7842
-45.9201
-45.1022
-44.3411
-43.6449
-43.0188
-42.4647
-41.9809
-41.5626
-41.2019
-40.8887
-40.611
-40.3555
-40.1085
-39.8556
-39.5819
-39.2726
-38.9127
-38.487
-37.9796
-37.3732
-36.6488
-35.7843
-34.7549
-33.5328
-32.0936
-30.4233
-28.5349
-26.3742
-23.7887
-20.5912
-16.7237
-12.602
-9.13161
-7.03608
-6.6605
-8.05863
-11.0481
-15.3066
-20.2877
-25.0596
-29.5208
-33.6332
-37.5093
-41.0391
-43.9753
-46.2148
-47.8132
-48.8849
-49.5424
-49.8786
-49.966
-49.861
-49.6073
-49.2393
-48.7843
-48.2638
-47.6951
-47.0918
-46.4648
-45.8228
-45.1724
-44.5191
-43.867
-43.2193
-42.5787
-41.9472
-41.3263
-40.7172
-40.1209
-39.5383
-38.9699
-38.4163
-37.8776
-37.3542
-36.846
-36.3529
-35.8744
-35.4101
-34.959
-34.5201
-34.0919
-33.6725
-33.2594
-32.8498
-32.4397
-32.0241
-31.5968
-31.1497
-30.6722
-30.1515
-29.5724
-28.9192
-28.1817
-27.3482
-26.3606
-25.1138
-23.51
-21.6684
-20.0015
-18.9513
-18.7622
-19.4558
-20.9023
-22.908
-25.2793
-27.845
-30.4389
-33.0111
-35.5713
-38.0272
-40.1909
-41.927
-43.2098
-44.0837
-44.6171
-44.8775
-44.9232
-44.8023
-44.5532
-44.2069
-43.7879
-43.3158
-42.8064
-42.2723
-41.7234
-41.1679
-40.612
-40.0607
-39.5179
-38.9864
-38.4685
-37.9657
-37.4788
-37.0083
-36.5543
-36.1165
-35.6942
-35.2865
-34.8923
-34.5102
-34.1385
-33.7754
-33.4187
-33.0658
-32.714
-32.3596
-31.9988
-31.6265
-31.2369
-30.8228
-30.3757
-29.8862
-29.3448
-28.7444
-28.0842
-27.3307
-26.4125
-25.2285
-23.7655
-22.2579
-21.0881
-20.566
-20.8195
-21.8086
-23.3954
-25.4113
-27.6934
-30.0838
-32.4823
-34.8803
-37.2271
-39.3718
-41.1647
-42.5447
-43.5301
-44.1756
-44.5431
-44.6891
-44.6613
-44.4981
-44.2307
-43.8841
-43.4781
-43.029
-42.5496
-42.0503
-41.5395
-41.0238
-40.5085
-39.9979
-39.4952
-39.0029
-38.5227
-38.0559
-37.6032
-37.1651
-36.7413
-36.3317
-35.9355
-35.5518
-35.1795
-34.8171
-34.4632
-34.1156
-33.7724
-33.4309
-33.0882
-32.7408
-32.3847
-32.015
-31.6256
-31.2096
-30.7586
-30.2635
-29.7156
-29.109
-28.4375
-27.658
-26.6879
-25.4267
-23.9131
-22.4309
-21.3588
-20.9709
-21.3588
-22.4606
-24.1319
-26.2067
-28.5263
-30.9322
-33.3485
-35.7635
-38.1045
-40.2149
-41.9619
-43.3027
-44.2641
-44.902
-45.2761
-45.4399
-45.4376
-45.3054
-45.072
-44.7606
-44.39
-43.9752
-43.5283
-43.0592
-42.5759
-42.0848
-41.591
-41.0986
-40.611
-40.1306
-39.6595
-39.1988
-38.7496
-38.3123
-37.8871
-37.4738
-37.0719
-36.6806
-36.2988
-35.9253
-35.5584
-35.1962
-34.8365
-34.4767
-34.1137
-33.744
-33.3632
-32.9662
-32.5468
-32.0978
-31.6107
-31.076
-30.4846
-29.83
-29.1124
-28.2987
-27.3198
-26.075
-24.5276
-22.88
-21.5132
-20.7678
-20.813
-21.6422
-23.1331
-25.1185
-27.4319
-29.9158
-32.4231
-34.929
-37.4095
-39.7464
-41.779
-43.4137
-44.6446
-45.5169
-46.0906
-46.4235
-46.5647
-46.5544
-46.4249
-46.2022
-45.907
-45.5561
-45.1631
-44.739
-44.2927
-43.8314
-43.3611
-42.8865
-42.4115
-41.9391
-41.4718
-41.0114
-40.5593
-40.1164
-39.6835
-39.2606
-38.8479
-38.4448
-38.0508
-37.6649
-37.286
-36.9126
-36.5428
-36.1745
-35.8051
-35.4317
-35.0505
-34.6574
-34.2472
-33.8135
-33.3491
-32.8449
-32.2908
-31.6759
-30.9902
-30.2287
-29.3901
-28.4266
-27.2516
-25.7616
-23.9825
-22.2101
-20.8607
-20.2476
-20.49
-21.5372
-23.2388
-25.4151
-27.8967
-30.5239
-33.1631
-35.7979
-38.3906
-40.8033
-42.8767
-44.5331
-45.7813
-46.6735
-47.2722
-47.6348
-47.8095
-47.8352
-47.7433
-47.5586
-47.3013
-46.9874
-46.6302
-46.2401
-45.8259
-45.3945
-44.9518
-44.5023
-44.05
-43.5978
-43.1483
-42.7034
-42.2646
-41.833
-41.4095
-40.9945
-40.5882
-40.1906
-39.8014
-39.42
-39.0456
-38.6771
-38.3131
-37.952
-37.5918
-37.23
-36.8638
-36.4899
-36.104
-35.7012
-35.2756
-34.8196
-34.3245
-33.7794
-33.1718
-32.4884
-31.7171
-30.8524
-29.8919
-28.7772
-27.4028
-25.6625
-23.641
-21.7115
-20.3211
-19.7663
-20.1314
-21.3318
-23.1939
-25.5266
-28.1567
-30.9211
-33.6952
-36.4685
-39.1921
-41.7107
-43.8628
-45.5804
-46.8817
-47.8246
-48.4739
-48.8877
-49.1139
-49.1911
-49.15
-49.0152
-48.8064
-48.5396
-48.2275
-47.8806
-47.5074
-47.115
-46.7089
-46.2939
-45.8736
-45.4513
-45.0293
-44.6099
-44.1945
-43.7845
-43.3808
-42.9843
-42.5953
-42.2141
-41.8408
-41.4752
-41.117
-40.7657
-40.4204
-40.0801
-39.7438
-39.4098
-39.0764
-38.7416
-38.4027
-38.0568
-37.7001
-37.3284
-36.9363
-36.517
-36.0625
-35.5624
-35.0042
-34.3729
-33.6514
-32.8229
-31.8766
-30.8148
-29.5798
-28.0488
-26.0917
-23.8041
-21.6104
-20.0109
-19.328
-19.6441
-20.8578
-22.7769
-25.1959
-27.934
-30.8243
-33.7319
-36.6514
-39.5355
-42.2194
-44.5274
-46.3841
-47.8084
-48.861
-49.6098
-50.115
-50.4261
-50.5827
-50.6163
-50.5519
-50.4097
-50.2059
-49.9535
-49.6633
-49.344
-49.0025
-48.6448
-48.2757
-47.8989
-47.5177
-47.1347
-46.7521
-46.3717
-45.9947
-45.6224
-45.2557
-44.8953
-44.5417
-44.1952
-43.8562
-43.5246
-43.2004
-42.8834
-42.5732
-42.2695
-41.9714
-41.6784
-41.3894
-41.1034
-40.8189
-40.5344
-40.2481
-39.9578
-39.6609
-39.3544
-39.0345
-38.6967
-38.3353
-37.9434
-37.5121
-37.0299
-36.4825
-35.8516
-35.1153
-34.2491
-33.232
-32.0581
-30.6778
-28.9396
-26.6818
-24.0401
-21.5261
-19.7081
-18.9247
-19.2342
-20.4995
-22.5014
-25.0207
-27.871
-30.8821
-33.9234
-36.9979
-40.0471
-42.8842
-45.3226
-47.29
-48.8122
-49.9551
-50.7896
-51.3773
-51.7681
-52.0021
-52.1107
-52.1191
-52.0474
-51.912
-51.726
-51.5
-51.2429
-50.9619
-50.6627
-50.3502
-50.0283
-49.7003
-49.3689
-49.0362
-48.704
-48.3738
-48.0468
-47.724
-47.4063
-47.0942
-46.7883
-46.489
-46.1966
-45.9113
-45.6333
-45.3625
-45.0991
-44.8428
-44.5936
-44.3511
-44.115
-43.8849
-43.6605
-43.441
-43.2258
-43.0143
-42.8055
-42.5985
-42.3922
-42.1853
-41.9765
-41.7641
-41.5463
-41.3208
-41.0849
-40.8356
-40.5688
-40.2798
-39.9623
-39.6084
-39.2076
-38.7457
-38.2039
-37.5561
-36.7675
-35.7935
-34.588
-33.1199
-31.2464
-28.7386
-25.6514
-22.5141
-20.0307
-18.6707
-18.5455
-19.5157
-21.3404
-23.7778
-26.625
-29.7073
-32.8642
-36.0852
-39.3373
-42.4422
-45.1774
-47.4293
-49.2052
-50.5696
-51.5978
-52.3567
-52.901
-53.2741
-53.5102
-53.6364
-53.6744
-53.6417
-53.5524
-53.4181
-53.2481
-53.0502
-52.8307
-52.5947
-52.3465
-52.0896
-51.827
-51.5608
-51.2933
-51.0258
-50.7598
-50.4964
-50.2364
-49.9806
-49.7296
-49.4839
-49.244
-49.0101
-48.7825
-48.5615
-48.3472
-48.1397
-47.9392
-47.7457
-47.5591
-47.3795
-47.2068
-47.0409
-46.8817
-46.7291
-46.5829
-46.4428
-46.3087
-46.1804
-46.0574
-45.9395
-45.8264
-45.7178
-45.6132
-45.5123
-45.4146
-45.3197
-45.2272
-45.1366
-45.0474
-44.959
-44.8708
-44.7823
-44.6928
-44.6015
-44.5076
-44.4102
-44.3083
-44.2005
-44.0855
-43.9613
-43.8258
-43.6761
-43.5084
-43.3175
-43.0961
-42.8325
-42.5061
-42.0784
-41.4767
-40.5829
-39.2375
-37.268
-34.5112
-30.8732
-26.5726
-22.3244
-18.9994
-17.0994
-16.6639
-17.4761
-19.2484
-21.7127
-24.648
-27.8747
-31.2326
-34.6501
-38.1242
-41.5146
-44.5848
-47.1751
-49.2621
-50.9026
-52.1746
-53.1505
-53.8901
-54.4408
-54.8401
-55.1174
-55.2965
-55.3963
-55.4323
-55.4168
-55.3601
-55.2706
-55.1551
-55.0194
-54.868
-54.7049
-54.5331
-54.3554
-54.1738
-53.9902
-53.806
-53.6224
-53.4404
-53.2609
-53.0846
-52.912
-52.7435
-52.5796
-52.4205
-52.2666
-52.1179
-51.9748
-51.8373
-51.7054
-51.5794
-51.4592
-51.3449
-51.2365
-51.1339
-51.0372
-50.9464
-50.8613
-50.782
-50.7083
-50.6401
-50.5775
-50.5201
-50.468
-50.421
-50.3789
-50.3417
-50.3091
-50.2809
-50.2571
-50.2374
-50.2216
-50.2097
-50.2013
-50.1963
-50.1945
-50.1958
-50.1999
-50.2067
-50.216
-50.2276
-50.2414
-50.2572
-50.2748
-50.2942
-50.3151
-50.3374
-50.361
-50.3859
-50.4117
-50.4386
-50.4663
-50.4948
-50.5241
-50.5539
-50.5842
-50.6151
-50.6463
-50.6779
-50.7098
-50.742
-50.7744
-50.8069
-50.8396
-50.8723
-50.9051
-50.9379
-50.9706
-51.0033
-51.0359
-51.0683
-51.1005
-51.1324
-51.164
-51.1952
-51.2258
-51.2559
-51.2853
-51.3137
-51.3411
-51.3671
-51.3914
-51.4134
-51.4323
-51.4464
-51.4519
-51.4401
-51.3929
-51.2778
-51.0428
-50.612
-49.8674
-48.6216
-46.6094
-43.5236
-39.1237
-33.3267
-26.3633
-19.4296
-14.0316
-10.8354
-9.76253
-10.4073
-12.3226
-15.1388
-18.5629
-22.3611
-26.3511
-30.3749
-34.367
-38.3568
-42.1772
-45.5673
-48.3848
-50.643
-52.4274
-53.8321
-54.9369
-55.8048
-56.4845
-57.0137
-57.4219
-57.7325
-57.9643
-58.1321
-58.2484
-58.3229
-58.3639
-58.3779
-58.3704
-58.346
-58.3083
-58.2605
-58.205
-58.1439
-58.079
-58.0116
-57.9431
-57.8743
-57.806
-57.739
-57.6738
-57.6108
-57.5504
-57.4929
-57.4385
-57.3875
-57.3399
-57.296
-57.2558
-57.2193
-57.1867
-57.1578
-57.1328
-57.1117
-57.0944
-57.0808
-57.0711
-57.065
-57.0626
-57.0638
-57.0686
-57.0768
-57.0884
-57.1034
-57.1216
-57.143
-57.1674
-57.1948
-57.2252
-57.2583
-57.2942
-57.3327
-57.3737
-57.4171
-57.4629
-57.511
-57.5612
-57.6135
-57.6678
-57.7239
-57.7819
-57.8417
-57.9031
-57.966
-58.0305
-58.0964
-58.1637
-58.2322
-58.302
-58.373
-58.4451
-58.5182
-58.5923
-58.6675
-58.7435
-58.8204
-58.8981
-58.9766
-59.0558
-59.1358
-59.2165
-59.2978
-59.3797
-59.4623
-59.5454
-59.629
-59.7132
-59.7979
-59.8832
-59.9688
-60.055
-60.1415
-60.2285
-60.316
-60.4038
-60.492
-60.5806
-60.6696
-60.7589
-60.8486
-60.9386
-61.029
-61.1196
-61.2106
-61.3019
-61.3935
-61.4854
-61.5776
-61.6701
-61.7628
-61.8559
-61.9491
-62.0427
-62.1365
-62.2305
-62.3248
-62.4193
-62.514
-62.609
-62.7041
-62.7995
-62.8951
-62.9909
-63.0869
-63.1831
-63.2795
-63.376
-63.4727
-63.5696
-63.6667
-63.7639
-63.8613
-63.9588
-64.0565
-64.1543
-64.2522
-64.3503
-64.4484
-64.5468
-64.6452
-64.7437
-64.8423
-64.9411
-65.0399
-65.1388
-65.2378
-65.3368
-65.436
-65.5352
-65.6345
-65.7338
-65.8332
-65.9326
-66.0321
-66.1316
-66.2311
-66.3306
-66.4302
-66.5298
-66.6294
-66.729
-66.8287
-66.9283
-67.0279
-67.1274
-67.227
-67.3265
-67.426
-67.5255
-67.6249
-67.7243
-67.8237
-67.9229
-68.0221
-68.1213
-68.2204
-68.3194
-68.4183
-68.5171
-68.6158
-68.7145
-68.813
-68.9114
-69.0097
-69.1079
-69.2059
-69.3039
-69.4017
-69.4993
-69.5968
-69.6942
-69.7914
-69.8884
-69.9852
-70.0819
-70.1784
-70.2748
-70.3709
-70.4668
-70.5626
-70.6581
-70.7534
-70.8485
-70.9434
-71.0381
-71.1325
-71.2267
-71.3206
-71.4143
-71.5078
-71.601
-71.6939
-71.7865
-71.8789
-71.971
-72.0629
-72.1544
-72.2456
-72.3366
-72.4272
-72.5175
-72.6075
-72.6972
-72.7866
-72.8757
-72.9644
-73.0528
-73.1408
-73.2285
-73.3159
-73.4029
-73.4895
-73.5758
-73.6617
-73.7473
-73.8325
-73.9173
-74.0017
-74.0857
-74.1694
-74.2526
-74.3355
-74.418
-74.5
-74.5817
-74.663
-74.7438
-74.8243
-74.9043
-74.9839
-75.0631
-75.1418
-75.2202
-75.2981
-75.3756
-75.4526
-75.5292
-75.6054
-75.6811
-75.7564
-75.8313
-75.9057
-75.9797
-76.0532
-76.1262
-76.1989
-76.271
-76.3428
-76.414
-76.4849
-76.5552
-76.6251
-76.6946
-76.7636
-76.8321
-76.9002
-76.9678
-77.035
-77.1017
-77.1679
-77.2337
-77.2991
-77.364
-77.4284
-77.4923
-77.5558
-77.6189
-77.6815
-77.7436
-77.8053
-77.8665
-77.9273
-77.9876
-78.0475
-78.1069
-78.1658
-78.2244
-78.2824
-78.34
-78.3972
-78.4539
-78.5102
-78.566
-78.6214
-78.6764
-78.7309
-78.785
-78.8386
-78.8919
-78.9446
-78.997
-79.0489
-79.1004
-79.1515
-79.2021
-79.2523
-79.3021
-79.3515
-79.4005
-79.449
-79.4971
-79.5449
-79.5922
-79.6391
-79.6856
-79.7317
-79.7774
-79.8227
-79.8676
-79.9121
-79.9562
-79.9999
-80.0433
-80.0862
-80.1288
-80.171
-80.2128
-80.2542
-80.2952
-80.3359
-80.3762
-80.4162
-80.4557
-80.4949
-80.5338
-80.5723
-80.6104
-80.6482
-80.6856
-80.7227
-80.7594
-80.7958
-80.8318
-80.8675
-80.9028
-80.9378
-80.9725
-81.0069
-81.0409
-81.0746
-81.1079
-81.141
-81.1737
-81.2061
-81.2382
-81.2699
-81.3014
-81.3325
-81.3634
-81.3939
-81.4241
-81.454
-81.4837
-81.513
-81.542
-81.5708
-81.5992
-81.6274
-81.6553
-81.6829
-81.7102
-81.7372
-81.764
-81.7905
-81.8167
-81.8426
-81.8683
-81.8937
-81.9189
-81.9437
-81.9684
-81.9927
-82.0168
-82.0407
-82.0643
-82.0876
-82.1107
-82.1336
-82.1562
-82.1786
-82.2007
-82.2226
-82.2443
-82.2657
-82.2869
-82.3078
-82.3286
-82.3491
-82.3694
-82.3894
-82.4093
-82.4289
-82.4483
-82.4675
-82.4865
-82.5053
-82.5238
-82.5422
-82.5603
-82.5783
-82.596
-82.6135
-82.6309
-82.648
-82.665
-82.6817
-82.6983
-82.7147
-82.7309
-82.7469
-82.7627
-82.7783
-82.7938
-82.8091
-82.8242
-82.8391
-82.8538
-82.8684
-82.8828
-82.897
-82.9111
-82.925

