-88
-87.9223
-87.859
-87.8133
-87.7848
-87.7713
-87.7698
-87.7778
-87.7929
-87.8132
-87.8373
-87.8639
-87.8923
-87.9218
-87.9518
-87.982
-88.0121
-88.042
-88.0714
-88.1002
-88.1285
-88.1561
-88.1829
-88.2091
-88.2346
-88.2594
-88.2835
-88.3069
-88.3297
-88.3518
-88.3734
-88.3943
-88.4147
-88.4346
-88.454
-88.4728
-88.4912
-88.5091
-88.5266
-88.5437
-88.5604
-88.5766
-88.5926
-88.6081
-88.6233
-88.6382
-88.6528
-88.6671
-88.681
-88.6947
-88.7081
-88.7213
-88.7341
-88.7468
-88.7592
-88.7713
-88.7832
-88.7949
-88.8064
-88.8177
-88.8288
-88.8396
-88.8503
-88.8608
-88.8711
-88.8812
-88.8912
-88.901
-88.9106
-88.92
-88.9293
-88.9385
-88.9474
-88.9563
-88.9649
-88.9735
-88.9819
-88.9901
-88.9982
-89.0062
-89.0141
-89.0218
-89.0294
-89.0368
-89.0442
-89.0514
-89.0585
-89.0655
-89.0724
-89.0792
-89.0858
-89.0924
-89.0988
-89.1051
-89.1114
-89.1175
-89.1235
-89.1295
-89.1353
-89.141
-89.1467
-89.1522
-89.1577
-89.163
-89.1683
-89.1735
-89.1786
-89.1836
-89.1885
-89.1934
-89.1981
-89.2028
-89.2074
-89.2119
-89.2164
-89.2207
-89.225
-89.2292
-89.2334
-89.2374
-89.2414
-89.2453
-89.2492
-89.253
-89.2567
-89.2603
-89.2639
-89.2674
-89.2709
-89.2743
-89.2776
-89.2809
-89.2841
-89.2872
-89.2903
-89.2933
-89.2962
-89.2992
-89.302
-89.3048
-89.3075
-89.3102
-89.3128
-89.3154
-89.3179
-89.3204
-89.3228
-89.3251
-89.3274
-89.3297
-89.3319
-89.3341
-89.3362
-89.3383
-89.3403
-89.3423
-89.3442
-89.3461
-89.3479
-89.3497
-89.3515
-89.3532
-89.3548
-89.3565
-89.3581
-89.3596
-89.3611
-89.3626
-89.364
-89.3654
-89.3667
-89.368
-89.3693
-89.3706
-89.3718
-89.3729
-89.374
-89.3751
-89.3762
-89.3772
-89.3782
-89.3792
-89.3801
-89.381
-89.3819
-89.3827
-89.3835
-89.3843
-89.385
-89.3857
-89.3864
-89.3871
-89.3877
-89.3883
-89.3889
-89.3894
-89.3899
-89.3904
-89.3909
-89.3913
-89.3917
-89.3848
-89.3626
-89.3214
-89.2612
-89.1842
-89.0931
-88.9909
-88.88
-88.7625
-88.6399
-88.5137
-88.3849
-88.2543
-88.1226
-87.9902
-87.8577
-87.7252
-87.5931
-87.4616
-87.3308
-87.2009
-87.0718
-86.9437
-86.8167
-86.6908
-86.566
-86.4423
-86.3197
-86.1983
-86.078
-85.9588
-85.8407
-85.7238
-85.6079
-85.4931
-85.3794
-85.2667
-85.1551
-85.0444
-84.9348
-84.8261
-84.7185
-84.6117
-84.5059
-84.401
-84.2971
-84.194
-84.0918
-83.9904
-83.8899
-83.7902
-83.6914
-83.5933
-83.496
-83.3996
-83.3039
-83.2089
-83.1147
-83.0212
-82.9285
-82.8365
-82.7452
-82.6545
-82.5646
-82.4754
-82.3868
-82.2988
-82.2116
-82.1249
-82.0389
-81.9536
-81.8688
-81.7847
-81.7012
-81.6182
-81.5359
-81.4541
-81.3729
-81.2923
-81.2123
-81.1328
-81.0539
-80.9755
-80.8976
-80.8203
-80.7435
-80.6672
-80.5915
-80.5162
-80.4415
-80.3673
-80.2935
-80.2203
-80.1475
-80.0753
-80.0035
-79.9321
-79.8613
-79.7908
-79.7209
-79.6514
-79.5823
-79.5137
-79.4456
-79.3778
-79.3105
-79.2436
-79.1772
-79.1111
-79.0455
-78.9803
-78.9155
-78.8511
-78.787
-78.7234
-78.6602
-78.5973
-78.5349
-78.4728
-78.4111
-78.3497
-78.2887
-78.2281
-78.1678
-78.1079
-78.0484
-77.9892
-77.9303
-77.8718
-77.8136
-77.7558
-77.6983
-77.6411
-77.5843
-77.5277
-77.4715
-77.4156
-77.36
-77.3047
-77.2498
-77.1951
-77.1407
-77.0866
-77.0329
-76.9794
-76.9262
-76.8732
-76.8206
-76.7682
-76.7162
-76.6644
-76.6128
-76.5615
-76.5105
-76.4598
-76.4093
-76.359
-76.3091
-76.2593
-76.2098
-76.1606
-76.1116
-76.0628
-76.0143
-75.966
-75.918
-75.8701
-75.8225
-75.7751
-75.728
-75.681
-75.6343
-75.5878
-75.5415
-75.4954
-75.4495
-75.4039
-75.3584
-75.3131
-75.268
-75.2231
-75.1784
-75.1339
-75.0896
-75.0455
-75.0015
-74.9577
-74.9141
-74.8707
-74.8275
-74.7844
-74.7415
-74.6988
-74.6562
-74.6138
-74.5715
-74.5294
-74.4875
-74.4457
-74.4041
-74.3626
-74.3213
-74.2801
-74.239
-74.1981
-74.1574
-74.1168
-74.0763
-74.0359
-73.9957
-73.9556
-73.9156
-73.8758
-73.836
-73.7964
-73.757
-73.7176
-73.6783
-73.6392
-73.6002
-73.5613
-73.5224
-73.4837
-73.4451
-73.4066
-73.3682
-73.3299
-73.2917
-73.2536
-73.2156
-73.1777
-73.1398
-73.1021
-73.0644
-73.0268
-72.9893
-72.9519
-72.9146
-72.8773
-72.8401
-72.8029
-72.7659
-72.7289
-72.692
-72.6551
-72.6183
-72.5816
-72.5449
-72.5083
-72.4717
-72.4352
-72.3987
-72.3623
-72.326
-72.2897
-72.2534
-72.2172
-72.181
-72.1448
-72.1087
-72.0726
-72.0366
-72.0006
-71.9646
-71.9286
-71.8927
-71.8568
-71.8209
-71.785
-71.7492
-71.7134
-71.6775
-71.6417
-71.606
-71.5702
-71.5344
-71.4986
-71.4629
-71.4271
-71.3913
-71.3556
-71.3198
-71.284
-71.2482
-71.2124
-71.1766
-71.1408
-71.1049
-71.0691
-71.0332
-70.9973
-70.9614
-70.9254
-70.8894
-70.8534
-70.8174
-70.7813
-70.7452
-70.709
-70.6728
-70.6365
-70.6003
-70.5639
-70.5275
-70.4911
-70.4546
-70.418
-70.3814
-70.3447
-70.3079
-70.2711
-70.2342
-70.1973
-70.1602
-70.1231
-70.0859
-70.0487
-70.0113
-69.9738
-69.9363
-69.8987
-69.8609
-69.8231
-69.7852
-69.7471
-69.709
-69.6707
-69.6323
-69.5938
-69.5552
-69.5165
-69.4776
-69.4386
-69.3995
-69.3602
-69.3208
-69.2813
-69.2416
-69.2017
-69.1617
-69.1216
-69.0812
-69.0408
-69.0001
-68.9593
-68.9182
-68.8771
-68.8357
-68.7941
-68.7523
-68.7103
-68.6682
-68.6258
-68.5832
-68.5404
-68.4973
-68.454
-68.4105
-68.3668
-68.3228
-68.2785
-68.234
-68.1893
-68.1442
-68.0989
-68.0533
-68.0074
-67.9612
-67.9148
-67.868
-67.8209
-67.7734
-67.7257
-67.6775
-67.6291
-67.5803
-67.5311
-67.4815
-67.4316
-67.3813
-67.3305
-67.2794
-67.2278
-67.1758
-67.1233
-67.0704
-67.017
-66.9631
-66.9088
-66.8539
-66.7985
-66.7425
-66.686
-66.629
-66.5713
-66.513
-66.4542
-66.3946
-66.3344
-66.2736
-66.212
-66.1497
-66.0867
-66.0229
-65.9583
-65.8928
-65.8265
-65.7593
-65.6912
-65.6222
-65.5521
-65.481
-65.4089
-65.3356
-65.2612
-65.1855
-65.1086
-65.0304
-64.9507
-64.8696
-64.7869
-64.7026
-64.6166
-64.5287
-64.4389
-64.3471
-64.253
-64.1565
-64.0575
-63.9557
-63.8509
-63.7428
-63.6312
-63.5155
-63.3954
-63.2704
-63.1399
-63.0032
-62.8595
-62.7079
-62.5474
-62.3767
-62.1947
-61.9997
-61.7901
-61.5643
-61.3203
-61.0563
-60.7704
-60.4609
-60.126
-59.7645
-59.3754
-58.9581
-58.5128
-58.0401
-57.5414
-57.0186
-56.4744
-55.9118
-55.3344
-54.7459
-54.1501
-53.5506
-52.9504
-52.3523
-51.758
-51.1682
-50.5827
-50.0001
-49.4173
-48.8303
-48.2332
-47.6185
-46.977
-46.2967
-45.5632
-44.7584
-43.8598
-42.8392
-41.661
-40.2803
-38.643
-36.6871
-34.3534
-31.6075
-28.4732
-24.8264
-20.164
-13.9619
-6.17047
1.61697
6.73277
8.3394
6.60469
2.06573
-4.37996
-11.9496
-19.8235
-27.2146
-33.9247
-40.1979
-46.3849
-51.7391
-55.6429
-58.2791
-60.0134
-61.1187
-61.7731
-62.0944
-62.1646
-62.0433
-61.7756
-61.396
-60.9316
-60.4033
-59.8271
-59.2154
-58.5776
-57.9208
-57.25
-56.5691
-55.8808
-55.1871
-54.4891
-53.7878
-53.0838
-52.3773
-51.6687
-50.958
-50.2453
-49.5305
-48.8135
-48.0942
-47.3721
-46.6468
-45.9173
-45.1827
-44.4413
-43.6912
-42.9296
-42.153
-41.3565
-40.5337
-39.6762
-38.7724
-37.807
-36.7597
-35.604
-34.3063
-32.8286
-31.1365
-29.2208
-27.0659
-24.4123
-20.906
-16.3752
-11.7026
-8.45724
-7.41102
-8.48189
-11.2261
-15.1043
-19.6435
-24.5138
-29.4794
-34.2582
-39.0484
-43.9786
-48.5696
-52.2116
-54.7994
-56.5278
-57.6155
-58.2316
-58.4984
-58.5042
-58.3138
-57.9758
-57.5269
-56.9952
-56.4025
-55.7654
-55.0967
-54.4064
-53.7018
-52.9887
-52.2713
-51.5525
-50.8345
-50.1187
-49.4058
-48.6962
-47.9897
-47.2859
-46.584
-45.883
-45.1815
-44.4778
-43.7699
-43.0553
-42.3308
-41.5927
-40.8365
-40.0563
-39.2449
-38.3932
-37.4896
-36.5196
-35.4652
-34.305
-33.0153
-31.5746
-29.9733
-28.2259
-26.1709
-23.5527
-20.0776
-15.9963
-12.4873
-10.6099
-10.6752
-12.4586
-15.5153
-19.3956
-23.7513
-28.3292
-32.8716
-37.3438
-41.9419
-46.4228
-50.2054
-53.0175
-54.9587
-56.2284
-56.9996
-57.4009
-57.5254
-57.4411
-57.1987
-56.8365
-56.3837
-55.8629
-55.2915
-54.6831
-54.0482
-53.3948
-52.729
-52.0555
-51.3776
-50.698
-50.0183
-49.3395
-48.6623
-47.9869
-47.313
-46.6401
-45.9675
-45.2941
-44.6184
-43.9387
-43.2529
-42.5584
-41.852
-41.1301
-40.3876
-39.6189
-38.8164
-37.971
-37.0711
-36.1022
-35.0467
-33.8836
-32.5906
-31.1484
-29.5504
-27.785
-25.6582
-22.8896
-19.2307
-15.1891
-11.9962
-10.5312
-10.9624
-13.0085
-16.2207
-20.1752
-24.5541
-29.1168
-33.5975
-38.0567
-42.6167
-46.9465
-50.5119
-53.1344
-54.9445
-56.136
-56.869
-57.2612
-57.397
-57.3384
-57.1313
-56.8106
-56.403
-55.9293
-55.4056
-54.8444
-54.2556
-53.6468
-53.0237
-52.3909
-51.7517
-51.1084
-50.4629
-49.8162
-49.1689
-48.5212
-47.8731
-47.2239
-46.5729
-45.919
-45.2607
-44.5962
-43.9233
-43.2394
-42.541
-41.8241
-41.0838
-40.3139
-39.5068
-38.653
-37.7407
-36.7552
-35.6786
-34.4901
-33.1667
-31.6878
-30.0434
-28.2478
-26.15
-23.5103
-20.0356
-15.8536
-12.0504
-9.75434
-9.3906
-10.8222
-13.644
-17.3973
-21.7075
-26.3097
-30.9697
-35.4556
-40.0052
-44.5598
-48.6227
-51.7886
-54.0545
-55.6025
-56.6157
-57.2335
-57.5559
-57.6549
-57.5831
-57.3799
-57.0756
-56.6932
-56.2508
-55.7626
-55.2397
-54.6906
-54.1221
-53.5396
-52.9469
-52.3471
-51.7424
-51.1344
-50.5241
-49.9121
-49.2987
-48.6836
-48.0665
-47.4466
-46.8228
-46.1937
-45.5577
-44.9126
-44.2558
-43.584
-42.8934
-42.179
-41.4349
-40.6538
-39.8264
-38.9413
-37.984
-36.9369
-35.7785
-34.4841
-33.028
-31.3896
-29.5658
-27.5576
-25.1539
-22.0774
-18.0772
-13.5945
-9.92754
-8.05269
-8.18877
-10.0884
-13.298
-17.3506
-21.888
-26.6649
-31.4447
-36.0545
-40.728
-45.326
-49.3174
-52.3702
-54.5426
-56.0316
-57.0164
-57.6291
-57.9636
-58.087
-58.0485
-57.8849
-57.6242
-57.2883
-56.8941
-56.4549
-55.9812
-55.4813
-54.9616
-54.4272
-53.882
-53.3291
-52.7705
-52.2081
-51.643
-51.0758
-50.5071
-49.9368
-49.3648
-48.7906
-48.2136
-47.6326
-47.0466
-46.4539
-45.8525
-45.2401
-44.6138
-43.9698
-43.304
-42.6107
-41.8832
-41.1131
-40.2897
-39.3997
-38.4263
-37.3485
-36.1407
-34.7732
-33.2151
-31.4426
-29.4545
-27.2438
-24.5536
-21.0612
-16.5633
-11.787
-8.16859
-6.56033
-7.04345
-9.28721
-12.7928
-17.0843
-21.8132
-26.7485
-31.6507
-36.3878
-41.193
-45.8644
-49.8471
-52.8586
-54.9983
-56.4745
-57.4653
-58.0989
-58.4653
-58.6286
-58.6356
-58.5215
-58.313
-58.0309
-57.6915
-57.3075
-56.8891
-56.4444
-55.9796
-55.4997
-55.0086
-54.5094
-54.0045
-53.4955
-52.9838
-52.4704
-51.9558
-51.4404
-50.9243
-50.4074
-49.8895
-49.37
-48.8484
-48.3237
-47.7948
-47.2604
-46.7188
-46.168
-45.6056
-45.0284
-44.4328
-43.8141
-43.1668
-42.4837
-41.7559
-40.972
-40.1176
-39.1741
-38.1182
-36.9202
-35.5449
-33.9529
-32.1096
-30.0028
-27.6588
-24.796
-21.0279
-16.1079
-10.8879
-6.97082
-5.24741
-5.75647
-8.1065
-11.7472
-16.1774
-21.0415
-26.1126
-31.157
-36.0176
-40.9571
-45.7758
-49.8944
-53.0134
-55.2388
-56.7903
-57.8524
-58.556
-58.9922
-59.2253
-59.3018
-59.2566
-59.1164
-58.9018
-58.6289
-58.3105
-57.9569
-57.5759
-57.1741
-56.7565
-56.3272
-55.8894
-55.4455
-54.9976
-54.5471
-54.0951
-53.6426
-53.1901
-52.7381
-52.2867
-51.8361
-51.3863
-50.937
-50.4881
-50.0392
-49.5898
-49.1392
-48.6866
-48.2312
-47.7718
-47.3069
-46.8349
-46.3537
-45.8609
-45.3534
-44.8275
-44.2787
-43.7011
-43.0877
-42.4292
-41.714
-40.927
-40.0484
-39.0525
-37.9057
-36.5656
-34.9811
-33.0992
-30.8836
-28.3527
-25.2615
-21.0807
-15.5369
-9.78635
-5.64782
-3.98479
-4.71263
-7.31388
-11.167
-15.7658
-20.7698
-25.9654
-31.1195
-36.1121
-41.2073
-46.1413
-50.3053
-53.4352
-55.6717
-57.2461
-58.3434
-59.0923
-59.5812
-59.8722
-60.0103
-60.0293
-59.9549
-59.807
-59.6016
-59.3509
-59.065
-58.7518
-58.4177
-58.0677
-57.7059
-57.3356
-56.9592
-56.579
-56.1965
-55.8129
-55.4293
-55.0465
-54.665
-54.2853
-53.9077
-53.5325
-53.1598
-52.7897
-52.4222
-52.0574
-51.6951
-51.3353
-50.9777
-50.6222
-50.2684
-49.916
-49.5646
-49.2136
-48.8625
-48.5104
-48.1566
-47.7998
-47.439
-47.0725
-46.6987
-46.3153
-45.9197
-45.5089
-45.0788
-44.6247
-44.1404
-43.6183
-43.0483
-42.4174
-41.708
-40.8968
-39.9512
-38.8265
-37.4604
-35.7686
-33.6455
-31.0026
-27.8122
-23.4394
-17.339
-10.5836
-5.34894
-2.89375
-3.1708
-5.535
-9.26448
-13.813
-18.8273
-24.0845
-29.3772
-34.5044
-39.7274
-44.8929
-49.3894
-52.8373
-55.3274
-57.1025
-58.3663
-59.2604
-59.8803
-60.2925
-60.5444
-60.6713
-60.7001
-60.6514
-60.5417
-60.3838
-60.1882
-59.9631
-59.7151
-59.4497
-59.1712
-58.883
-58.5879
-58.2882
-57.9857
-57.6818
-57.3778
-57.0745
-56.7727
-56.4731
-56.176
-55.8819
-55.5911
-55.3038
-55.0203
-54.7408
-54.4654
-54.1942
-53.9273
-53.6648
-53.4068
-53.1533
-52.9044
-52.6601
-52.4204
-52.1853
-51.9549
-51.729
-51.5076
-51.2905
-51.0778
-50.8693
-50.6647
-50.4639
-50.2667
-50.0727
-49.8817
-49.6934
-49.5072
-49.3227
-49.1395
-48.957
-48.7744
-48.5911
-48.4062
-48.2187
-48.0274
-47.8311
-47.6282
-47.4168
-47.1946
-46.9588
-46.7059
-46.4313
-46.1291
-45.791
-45.4055
-44.9546
-44.4085
-43.7102
-42.7464
-41.3061
-39.0792
-35.7125
-30.909
-24.3903
-16.1925
-7.91337
-2.04667
0.330006
-0.260348
-2.8854
-6.77864
-11.4482
-16.594
-21.9896
-27.4532
-32.7948
-38.0973
-43.3473
-48.0467
-51.7611
-54.5006
-56.492
-57.9472
-59.0159
-59.7986
-60.3645
-60.7628
-61.0297
-61.193
-61.274
-61.2894
-61.2529
-61.175
-61.0645
-60.9283
-60.7721
-60.6005
-60.4171
-60.225
-60.0267
-59.8241
-59.619
-59.4125
-59.2058
-58.9998
-58.7952
-58.5926
-58.3925
-58.1954
-58.0014
-57.811
-57.6244
-57.4417
-57.2631
-57.0889
-56.9191
-56.7538
-56.5931
-56.4372
-56.2861
-56.1399
-55.9987
-55.8624
-55.7312
-55.605
-55.484
-55.3681
-55.2573
-55.1517
-55.0512
-54.9557
-54.8654
-54.78
-54.6996
-54.6241
-54.5534
-54.4874
-54.4261
-54.3692
-54.3167
-54.2685
-54.2244
-54.1843
-54.1481
-54.1156
-54.0865
-54.0609
-54.0386
-54.0193
-54.0029
-53.9893
-53.9783
-53.9698
-53.9636
-53.9596
-53.9576
-53.9576
-53.9593
-53.9626
-53.9675
-53.9738
-53.9814
-53.9901
-54
-54.0109
-54.0227
-54.0353
-54.0486
-54.0626
-54.0771
-54.0921
-54.1075
-54.1233
-54.1393
-54.1554
-54.1716
-54.1879
-54.204
-54.2198
-54.2354
-54.2505
-54.2649
-54.2785
-54.2911
-54.3025
-54.3121
-54.3198
-54.3247
-54.3262
-54.3228
-54.3124
-54.2901
-54.2436
-54.1448
-53.9381
-53.5326
-52.7943
-51.5426
-49.4801
-46.1368
-40.9344
-33.4014
-23.465
-11.3123
0.824073
8.59752
11.0766
9.76204
6.09339
1.13719
-4.44951
-10.368
-16.4915
-22.6521
-28.6701
-34.3862
-39.9194
-45.1162
-49.4847
-52.7942
-55.2122
-56.9983
-58.3468
-59.3824
-60.1853
-60.8094
-61.293
-61.6646
-61.9462
-62.1551
-62.3054
-62.4081
-62.4723
-62.5056
-62.5138
-62.502
-62.4742
-62.4337
-62.3832
-62.3249
-62.2607
-62.1922
-62.1205
-62.0468
-61.972
-61.8967
-61.8216
-61.7472
-61.674
-61.6022
-61.5323
-61.4645
-61.3991
-61.3361
-61.2758
-61.2183
-61.1638
-61.1122
-61.0638
-61.0185
-60.9765
-60.9377
-60.9022
-60.8699
-60.841
-60.8154
-60.7932
-60.7742
-60.7585
-60.746
-60.7367
-60.7307
-60.7277
-60.7279
-60.7311
-60.7372
-60.7463
-60.7583
-60.773
-60.7904
-60.8105
-60.8332
-60.8584
-60.886
-60.916
-60.9482
-60.9827
-61.0193
-61.0579
-61.0985
-61.141
-61.1853
-61.2314
-61.2792
-61.3286
-61.3796
-61.4321
-61.486
-61.5413
-61.5979
-61.6557
-61.7148
-61.775
-61.8364
-61.8988
-61.9622
-62.0266
-62.0919
-62.1581
-62.2252
-62.2931
-62.3618
-62.4313
-62.5015
-62.5724
-62.644
-62.7163
-62.7891
-62.8626
-62.9367
-63.0113
-63.0865
-63.1622
-63.2384
-63.3151
-63.3922
-63.4699
-63.5479
-63.6264
-63.7054
-63.7847
-63.8644
-63.9445
-64.025
-64.1058
-64.1869
-64.2684
-64.3502
-64.4324
-64.5148
-64.5976
-64.6806
-64.7639
-64.8475
-64.9313
-65.0154
-65.0998
-65.1843
-65.2691
-65.3542
-65.4394
-65.5249
-65.6106
-65.6964
-65.7825
-65.8687
-65.9551
-66.0417
-66.1284
-66.2153
-66.3023
-66.3895
-66.4768
-66.5643
-66.6519
-66.7396
-66.8274
-66.9153
-67.0034
-67.0915
-67.1797
-67.268
-67.3564
-67.4449
-67.5334
-67.622
-67.7106
-67.7994
-67.8881
-67.9769
-68.0658
-68.1546
-68.2435
-68.3325
-68.4214
-68.5104
-68.5993
-68.6883
-68.7773
-68.8662
-68.9552
-69.0441
-69.133
-69.2219
-69.3107
-69.3995
-69.4883
-69.577
-69.6657
-69.7543
-69.8428
-69.9313
-70.0197
-70.108
-70.1963
-70.2844
-70.3725
-70.4604
-70.5483
-70.6361
-70.7237
-70.8112
-70.8986
-70.9859
-71.0731
-71.1601
-71.2469
-71.3337
-71.4202
-71.5066
-71.5929
-71.679
-71.7649
-71.8506
-71.9361
-72.0215
-72.1067
-72.1916
-72.2764
-72.361
-72.4453
-72.5295
-72.6134
-72.6971
-72.7805
-72.8638
-72.9467
-73.0295
-73.112
-73.1942
-73.2762
-73.3579
-73.4393
-73.5205
-73.6014
-73.682
-73.7623
-73.8424
-73.9221
-74.0016
-74.0807
-74.1595
-74.2381
-74.3163
-74.3941
-74.4717
-74.549
-74.6259
-74.7024
-74.7787
-74.8546
-74.9301
-75.0053
-75.0802
-75.1547
-75.2288
-75.3026
-75.376
-75.4491
-75.5217
-75.594
-75.666
-75.7375
-75.8087
-75.8795
-75.9499
-76.0199
-76.0895
-76.1588
-76.2276
-76.296
-76.3641
-76.4317
-76.499
-76.5658
-76.6323
-76.6983
-76.7639
-76.8291
-76.894
-76.9583
-77.0223
-77.0859
-77.1491
-77.2118
-77.2741
-77.3361
-77.3976
-77.4586
-77.5193
-77.5796
-77.6394
-77.6988
-77.7578
-77.8164
-77.8745
-77.9323
-77.9896
-78.0465
-78.103
-78.1591
-78.2147
-78.27
-78.3248
-78.3792
-78.4332
-78.4868
-78.54
-78.5928
-78.6451
-78.6971
-78.7486
-78.7998
-78.8505
-78.9008
-78.9508
-79.0003
-79.0494
-79.0981
-79.1465
-79.1944
-79.2419
-79.2891
-79.3358
-79.3822
-79.4281
-79.4737
-79.5189
-79.5637
-79.6082
-79.6522
-79.6959
-79.7392
-79.7821
-79.8247
-79.8669
-79.9087
-79.9502
-79.9912
-80.032
-80.0723
-80.1123
-80.152
-80.1913
-80.2302
-80.2688
-80.307
-80.3449
-80.3825
-80.4197
-80.4565
-80.4931
-80.5293
-80.5651
-80.6006
-80.6358
-80.6707
-80.7052
-80.7395
-80.7734
-80.8069
-80.8402
-80.8732
-80.9058
-80.9381
-80.9701
-81.0019
-81.0333
-81.0644
-81.0952
-81.1257
-81.1559
-81.1858
-81.2155
-81.2448
-81.2738
-81.3026
-81.3311
-81.3593
-81.3872
-81.4149
-81.4423
-81.4694
-81.4962
-81.5228
-81.5491
-81.5751
-81.6009
-81.6264
-81.6516
-81.6766
-81.7014
-81.7259
-81.7501
-81.7741
-81.7979
-81.8214
-81.8447
-81.8677
-81.8905
-81.913
-81.9353
-81.9574
-81.9793
-82.0009
-82.0223
-82.0434
-82.0644
-82.0851
-82.1056
-82.1259
-82.146
-82.1659
-82.1855
-82.2049
-82.2242
-82.2432
-82.262
-82.2806
-82.299
-82.3172
-82.3352
-82.3531
-82.3707
-82.3881
-82.4053
-82.4224
-82.4392
-82.4559
-82.4724
-82.4887
-82.5048
-82.5207
-82.5365
-82.5521
-82.5675
-82.5827
-82.5978
-82.6127
-82.6274
-82.642
-82.6563
-82.6706
-82.6846
-82.6985
-82.7122
-82.7258
-82.7392
-82.7525
-82.7656
-82.7786
-82.7914
-82.804
-82.8165
-82.8289
-82.8411
-82.8531
-82.8651
-82.8768
-82.8885

