-88
-87.948
-87.9377
-87.9615
-88.0086
-88.07
-88.1397
-88.2135
-88.2887
-88.3637
-88.4375
-88.5093
-88.5789
-88.6459
-88.7105
-88.7725
-88.8321
-88.8892
-88.944
-88.9967
-89.0473
-89.096
-89.1428
-89.1879
-89.2313
-89.2733
-89.3138
-89.3529
-89.3908
-89.4274
-89.463
-89.4974
-89.5309
-89.5633
-89.5949
-89.6256
-89.6555
-89.6847
-89.713
-89.7407
-89.7677
-89.794
-89.8197
-89.8448
-89.8694
-89.8934
-89.9169
-89.9398
-89.9623
-89.9843
-90.0058
-90.027
-90.0476
-90.0679
-90.0878
-90.1073
-90.1264
-90.1452
-90.1636
-90.1816
-90.1994
-90.2168
-90.2339
-90.2507
-90.2672
-90.2834
-90.2994
-90.315
-90.3304
-90.3455
-90.3604
-90.3751
-90.3894
-90.4036
-90.4175
-90.4312
-90.4447
-90.4579
-90.471
-90.4838
-90.4964
-90.5089
-90.5211
-90.5331
-90.545
-90.5566
-90.5681
-90.5794
-90.5906
-90.6015
-90.6123
-90.623
-90.6334
-90.6438
-90.6539
-90.6639
-90.6738
-90.6835
-90.693
-90.7024
-90.7117
-90.7208
-90.7298
-90.7387
-90.7474
-90.756
-90.7644
-90.7728
-90.781
-90.7891
-90.7971
-90.8049
-90.8126
-90.8203
-90.8278
-90.8351
-90.8424
-90.8496
-90.8566
-90.8636
-90.8705
-90.8772
-90.8838
-90.8904
-90.8968
-90.9032
-90.9094
-90.9156
-90.9217
-90.9276
-90.9335
-90.9393
-90.945
-90.9506
-90.9561
-90.9616
-90.9669
-90.9722
-90.9774
-90.9825
-90.9875
-90.9925
-90.9973
-91.0021
-91.0069
-91.0115
-91.0161
-91.0206
-91.025
-91.0294
-91.0336
-91.0379
-91.042
-91.0461
-91.0501
-91.054
-91.0579
-91.0617
-91.0655
-91.0692
-91.0728
-91.0764
-91.0799
-91.0834
-91.0867
-91.0901
-91.0934
-91.0966
-91.0997
-91.1028
-91.1059
-91.1089
-91.1119
-91.1147
-91.1176
-91.1204
-91.1231
-91.1258
-91.1285
-91.1311
-91.1336
-91.1361
-91.1386
-91.141
-91.1433
-91.1456
-91.1479
-91.1501
-91.1523
-91.1545
-91.1566
-91.1586
-91.1606
-91.1626
-91.1646
-91.1664
-91.1683
-91.1701
-91.1719
-91.1736
-91.1754
-91.1426
-91.0647
-90.9489
-90.806
-90.6454
-90.4739
-90.296
-90.1148
-89.9325
-89.7502
-89.5691
-89.3897
-89.2124
-89.0376
-88.8652
-88.6955
-88.5285
-88.3641
-88.2024
-88.0432
-87.8866
-87.7325
-87.5807
-87.4313
-87.2842
-87.1392
-86.9964
-86.8557
-86.7169
-86.58
-86.4451
-86.3119
-86.1805
-86.0508
-85.9227
-85.7962
-85.6713
-85.5479
-85.426
-85.3055
-85.1864
-85.0687
-84.9522
-84.8371
-84.7232
-84.6105
-84.4991
-84.3888
-84.2796
-84.1715
-84.0646
-83.9587
-83.8538
-83.75
-83.6471
-83.5453
-83.4444
-83.3444
-83.2454
-83.1472
-83.05
-82.9537
-82.8582
-82.7635
-82.6697
-82.5767
-82.4845
-82.393
-82.3024
-82.2125
-82.1234
-82.035
-81.9473
-81.8604
-81.7742
-81.6886
-81.6038
-81.5196
-81.4361
-81.3533
-81.2711
-81.1896
-81.1087
-81.0284
-80.9487
-80.8697
-80.7912
-80.7134
-80.6361
-80.5594
-80.4833
-80.4077
-80.3327
-80.2583
-80.1844
-80.111
-80.0382
-79.9659
-79.8941
-79.8229
-79.7521
-79.6819
-79.6121
-79.5429
-79.4741
-79.4058
-79.338
-79.2706
-79.2037
-79.1373
-79.0713
-79.0058
-78.9408
-78.8761
-78.8119
-78.7482
-78.6848
-78.6219
-78.5594
-78.4973
-78.4357
-78.3744
-78.3135
-78.253
-78.193
-78.1333
-78.0739
-78.015
-77.9565
-77.8983
-77.8405
-77.783
-77.7259
-77.6692
-77.6128
-77.5567
-77.5011
-77.4457
-77.3907
-77.336
-77.2817
-77.2277
-77.174
-77.1206
-77.0675
-77.0148
-76.9624
-76.9103
-76.8584
-76.8069
-76.7557
-76.7048
-76.6541
-76.6038
-76.5537
-76.504
-76.4545
-76.4052
-76.3563
-76.3076
-76.2592
-76.2111
-76.1632
-76.1156
-76.0682
-76.0211
-75.9742
-75.9276
-75.8812
-75.8351
-75.7892
-75.7436
-75.6981
-75.6529
-75.608
-75.5633
-75.5188
-75.4745
-75.4304
-75.3865
-75.3429
-75.2995
-75.2563
-75.2133
-75.1705
-75.1279
-75.0855
-75.0432
-75.0012
-74.9594
-74.9178
-74.8763
-74.8351
-74.794
-74.7531
-74.7124
-74.6719
-74.6315
-74.5913
-74.5513
-74.5115
-74.4718
-74.4323
-74.3929
-74.3537
-74.3147
-74.2758
-74.237
-74.1985
-74.16
-74.1217
-74.0836
-74.0456
-74.0078
-73.97
-73.9325
-73.895
-73.8577
-73.8205
-73.7835
-73.7466
-73.7098
-73.6731
-73.6366
-73.6001
-73.5638
-73.5276
-73.4916
-73.4556
-73.4197
-73.384
-73.3484
-73.3128
-73.2774
-73.2421
-73.2069
-73.1717
-73.1367
-73.1018
-73.0669
-73.0322
-72.9975
-72.9629
-72.9285
-72.8941
-72.8598
-72.8255
-72.7914
-72.7573
-72.7233
-72.6894
-72.6555
-72.6217
-72.588
-72.5544
-72.5208
-72.4873
-72.4538
-72.4204
-72.3871
-72.3538
-72.3206
-72.2875
-72.2544
-72.2213
-72.1883
-72.1553
-72.1224
-72.0896
-72.0567
-72.024
-71.9912
-71.9585
-71.9258
-71.8932
-71.8606
-71.828
-71.7955
-71.763
-71.7305
-71.6981
-71.6656
-71.6332
-71.6008
-71.5684
-71.5361
-71.5038
-71.4714
-71.4391
-71.4068
-71.3745
-71.3422
-71.3099
-71.2776
-71.2454
-71.2131
-71.1808
-71.1485
-71.1162
-71.0839
-71.0516
-71.0193
-70.987
-70.9546
-70.9223
-70.8899
-70.8575
-70.8251
-70.7926
-70.7601
-70.7276
-70.6951
-70.6626
-70.63
-70.5973
-70.5647
-70.532
-70.4992
-70.4664
-70.4336
-70.4007
-70.3678
-70.3348
-70.3018
-70.2687
-70.2356
-70.2024
-70.1691
-70.1358
-70.1024
-70.0689
-70.0354
-70.0018
-69.9681
-69.9343
-69.9005
-69.8666
-69.8326
-69.7985
-69.7643
-69.73
-69.6956
-69.6611
-69.6266
-69.5919
-69.5571
-69.5222
-69.4872
-69.4521
-69.4168
-69.3815
-69.346
-69.3104
-69.2747
-69.2388
-69.2028
-69.1666
-69.1303
-69.0939
-69.0573
-69.0206
-68.9837
-68.9466
-68.9094
-68.872
-68.8344
-68.7967
-68.7588
-68.7207
-68.6824
-68.6439
-68.6052
-68.5663
-68.5272
-68.4879
-68.4484
-68.4086
-68.3686
-68.3284
-68.288
-68.2473
-68.2064
-68.1652
-68.1237
-68.082
-68.04
-67.9977
-67.9552
-67.9123
-67.8692
-67.8257
-67.7819
-67.7378
-67.6934
-67.6486
-67.6035
-67.558
-67.5121
-67.4659
-67.4193
-67.3723
-67.3249
-67.277
-67.2287
-67.18
-67.1309
-67.0812
-67.0311
-66.9805
-66.9294
-66.8777
-66.8255
-66.7728
-66.7194
-66.6655
-66.611
-66.5558
-66.4999
-66.4434
-66.3862
-66.3282
-66.2694
-66.2099
-66.1495
-66.0882
-66.0261
-65.963
-65.8989
-65.8337
-65.7674
-65.7
-65.6313
-65.5614
-65.49
-65.4171
-65.3426
-65.2663
-65.1882
-65.108
-65.0255
-64.9405
-64.8528
-64.7621
-64.668
-64.5701
-64.4681
-64.3615
-64.2497
-64.1321
-64.0083
-63.8774
-63.739
-63.5922
-63.4365
-63.2712
-63.0956
-62.9092
-62.7115
-62.5022
-62.2809
-62.0475
-61.8018
-61.5438
-61.2736
-60.9913
-60.6967
-60.3901
-60.0712
-59.7398
-59.3955
-59.0375
-58.6646
-58.2753
-57.8674
-57.4379
-56.9829
-56.4971
-55.9737
-55.4034
-54.7736
-54.0668
-53.2588
-52.3141
-51.1803
-49.7771
-47.9766
-45.5638
-42.1499
-37.0568
-29.5494
-18.5823
-1.45161
15.3988
23.7864
24.3241
18.8185
9.80414
-0.137904
-9.89329
-19.0831
-27.4746
-35.324
-43.2176
-50.5231
-56.0943
-59.9419
-62.5902
-64.4339
-65.7133
-66.5854
-67.1612
-67.5202
-67.7174
-67.7901
-67.7636
-67.6556
-67.4787
-67.2425
-66.9543
-66.6203
-66.2457
-65.8351
-65.3924
-64.9211
-64.4245
-63.9051
-63.3655
-62.8073
-62.232
-61.6408
-61.034
-60.4117
-59.7735
-59.1185
-58.445
-57.7511
-57.0338
-56.2894
-55.5133
-54.6996
-53.8404
-52.9259
-51.9432
-50.8751
-49.6988
-48.3831
-46.8855
-45.1485
-43.0952
-40.6293
-37.6454
-34.0635
-29.8557
-24.8772
-18.4255
-9.7148
0.569963
8.76014
12.2739
11.5576
7.49056
1.19308
-6.07195
-13.5248
-20.9257
-28.1869
-34.9541
-41.7747
-48.9957
-55.3275
-59.8749
-62.9274
-64.9314
-66.2053
-66.9593
-67.3352
-67.4314
-67.3183
-67.0475
-66.6572
-66.1766
-65.6277
-65.0274
-64.3889
-63.7222
-63.0348
-62.3326
-61.6199
-60.8997
-60.174
-59.4442
-58.7106
-57.9733
-57.2315
-56.4841
-55.7294
-54.9654
-54.1893
-53.3978
-52.5868
-51.7514
-50.8855
-49.9816
-49.0303
-48.0197
-46.9344
-45.7546
-44.4541
-42.9982
-41.3416
-39.425
-37.1759
-34.5146
-31.3779
-27.7567
-23.3717
-17.4329
-9.10546
-0.121759
5.55337
6.99359
4.8917
0.256353
-5.76932
-12.359
-19.1415
-25.9541
-32.5293
-38.9615
-45.8492
-52.378
-57.3566
-60.7622
-63.0188
-64.4765
-65.3716
-65.8618
-66.055
-66.0271
-65.8332
-65.5136
-65.0987
-64.6116
-64.0699
-63.4873
-62.8741
-62.2383
-61.5861
-60.922
-60.2492
-59.5702
-58.8864
-58.1986
-57.507
-56.8112
-56.1104
-55.4035
-54.6887
-53.9637
-53.2261
-52.4723
-51.6984
-50.8994
-50.0693
-49.2006
-48.2835
-47.3061
-46.2526
-45.1023
-43.8282
-42.3942
-40.7524
-38.8408
-36.583
-33.896
-30.7159
-27.0381
-22.4467
-16.0328
-7.20011
1.26251
5.96554
6.59371
3.90827
-1.02967
-7.12059
-13.6698
-20.3853
-27.1122
-33.547
-39.991
-46.787
-52.9273
-57.4812
-60.5837
-62.647
-63.9889
-64.8215
-65.2857
-65.4783
-65.4673
-65.3022
-65.0195
-64.6468
-64.2052
-63.7109
-63.1763
-62.6111
-62.0228
-61.4171
-60.7983
-60.1695
-59.533
-58.8902
-58.242
-57.5886
-56.9299
-56.265
-55.593
-54.9122
-54.2208
-53.5161
-52.7951
-52.054
-51.2882
-50.492
-49.6582
-48.7779
-47.8396
-46.8286
-45.7258
-44.5059
-43.1354
-41.5699
-39.7512
-37.6065
-35.0525
-32.0156
-28.4749
-24.2594
-18.6266
-10.654
-1.37037
5.24819
7.69312
6.42729
2.33358
-3.43595
-9.91924
-16.6506
-23.4467
-30.115
-36.378
-42.9477
-49.5089
-54.8674
-58.6503
-61.2051
-62.9059
-64.0126
-64.696
-65.0701
-65.2138
-65.1831
-65.0191
-64.7523
-64.4062
-63.9985
-63.5431
-63.051
-62.5303
-61.9878
-61.4283
-60.8557
-60.2729
-59.6817
-59.0837
-58.4795
-57.8695
-57.2536
-56.6311
-56.0012
-55.3626
-54.7135
-54.0519
-53.375
-52.6795
-51.9615
-51.2159
-50.4366
-49.6158
-48.7437
-47.8077
-46.7916
-45.6738
-44.426
-43.0103
-41.3764
-39.4586
-37.1757
-34.4392
-31.1812
-27.3999
-22.7455
-16.3751
-7.54199
1.6483
7.36558
8.88794
6.80319
2.05758
-4.13114
-10.852
-17.7261
-24.6121
-31.2793
-37.6054
-44.2064
-50.535
-55.5031
-58.9675
-61.3115
-62.8832
-63.9175
-64.5678
-64.9364
-65.0938
-65.0903
-64.963
-64.7396
-64.4413
-64.0845
-63.6818
-63.2434
-62.7769
-62.2886
-61.7832
-61.2644
-60.7349
-60.1968
-59.6516
-59.1001
-58.543
-57.9803
-57.4119
-56.8371
-56.2553
-55.6653
-55.0656
-54.4543
-53.8293
-53.1876
-52.5261
-51.8404
-51.1254
-50.3748
-49.5804
-48.7319
-47.8159
-46.815
-45.7063
-44.4588
-43.0312
-41.3681
-39.3965
-37.0261
-34.1595
-30.7267
-26.7248
-21.6745
-14.6329
-5.08242
3.96283
9.02511
9.85994
7.12378
1.86066
-4.64876
-11.5481
-18.533
-25.4909
-32.1575
-38.5475
-45.167
-51.2993
-55.9811
-59.2232
-61.4247
-62.9141
-63.9085
-64.5484
-64.9275
-65.1101
-65.1424
-65.0582
-64.883
-64.6366
-64.3339
-63.9871
-63.6055
-63.1964
-62.7658
-62.3182
-61.8571
-61.3855
-60.9054
-60.4184
-59.9256
-59.4278
-58.9253
-58.4184
-57.907
-57.3906
-56.8689
-56.3409
-55.8057
-55.2621
-54.7086
-54.1432
-53.5639
-52.9678
-52.3516
-51.7113
-51.0419
-50.337
-49.5886
-48.7866
-47.9177
-46.9645
-45.9038
-44.7043
-43.3237
-41.7039
-39.7675
-37.4149
-34.533
-31.0293
-26.8981
-21.6687
-14.2645
-4.15644
5.15237
10.171
10.8108
7.78826
2.24783
-4.45526
-11.4726
-18.5391
-25.5607
-32.2696
-38.7056
-45.3367
-51.4089
-56.0131
-59.2023
-61.3799
-62.8694
-63.8823
-64.5545
-64.9757
-65.2076
-65.2941
-65.2676
-65.1524
-64.9675
-64.7273
-64.4433
-64.1248
-63.7789
-63.4114
-63.0268
-62.6288
-62.2202
-61.8034
-61.38
-60.9513
-60.5184
-60.082
-59.6424
-59.2
-58.7548
-58.3069
-57.8559
-57.4016
-56.9435
-56.481
-56.0134
-55.5398
-55.0592
-54.5703
-54.0716
-53.5613
-53.0373
-52.497
-51.9372
-51.3538
-50.7422
-50.0962
-49.4079
-48.6674
-47.8617
-46.9734
-45.9794
-44.848
-43.5354
-41.9806
-40.0992
-37.7774
-34.8747
-31.2544
-26.8729
-21.2489
-12.9774
-1.93665
7.18694
11.4907
11.2965
7.50899
1.49604
-5.3934
-12.4682
-19.5643
-26.5869
-33.2528
-39.777
-46.4079
-52.2373
-56.5511
-59.5352
-61.5908
-63.0165
-64.0046
-64.6783
-65.1193
-65.3839
-65.5123
-65.5342
-65.4724
-65.3442
-65.1634
-64.9407
-64.6849
-64.4026
-64.0995
-63.78
-63.4476
-63.1052
-62.755
-62.3989
-62.0382
-61.6741
-61.3075
-60.939
-60.5691
-60.1981
-59.8264
-59.454
-59.0809
-58.7073
-58.3329
-57.9578
-57.5816
-57.2043
-56.8254
-56.4447
-56.0618
-55.6761
-55.2872
-54.8944
-54.497
-54.0939
-53.6843
-53.2668
-52.8399
-52.4018
-51.9502
-51.4825
-50.9954
-50.4847
-49.9453
-49.3705
-48.752
-48.0787
-47.3359
-46.5038
-45.5549
-44.4505
-43.1344
-41.5237
-39.4934
-36.8552
-33.3408
-28.7088
-22.8446
-13.8386
-1.80721
7.86056
12.2224
11.8166
7.81353
1.75207
-5.07069
-12.0646
-19.112
-26.1081
-32.826
-39.3828
-45.9428
-51.6869
-55.9832
-58.9956
-61.102
-62.591
-63.6506
-64.4014
-64.9234
-65.2714
-65.4847
-65.5924
-65.6165
-65.5742
-65.4787
-65.3409
-65.1691
-64.9703
-64.7499
-64.5124
-64.2614
-63.9999
-63.7303
-63.4544
-63.1738
-62.89
-62.6037
-62.316
-62.0275
-61.7387
-61.4501
-61.1621
-60.8748
-60.5886
-60.3037
-60.0201
-59.7381
-59.4576
-59.1788
-58.9018
-58.6266
-58.3533
-58.0818
-57.8122
-57.5446
-57.2789
-57.0152
-56.7534
-56.4935
-56.2354
-55.9792
-55.7247
-55.4718
-55.2203
-54.9702
-54.7211
-54.4727
-54.2249
-53.9772
-53.7291
-53.4802
-53.2297
-52.977
-52.7211
-52.4611
-52.1956
-51.9233
-51.6422
-51.3503
-51.0448
-50.7224
-50.3788
-50.0084
-49.6041
-49.1555
-48.6484
-48.0608
-47.3565
-46.4668
-45.2467
-43.397
-40.3918
-35.637
-28.6236
-18.7485
-5.81219
5.98158
12.4185
13.626
10.9452
5.8458
-0.401293
-7.06796
-13.8911
-20.7821
-27.6042
-34.171
-40.4995
-46.4411
-51.4438
-55.2522
-58.0392
-60.0762
-61.5796
-62.6991
-63.5356
-64.1583
-64.6158
-64.9435
-65.1681
-65.3101
-65.3855
-65.4071
-65.385
-65.3275
-65.2413
-65.1318
-65.0035
-64.86
-64.7044
-64.5391
-64.3662
-64.1874
-64.0041
-63.8176
-63.6287
-63.4385
-63.2474
-63.0563
-62.8655
-62.6755
-62.4866
-62.2993
-62.1137
-61.9301
-61.7488
-61.5699
-61.3936
-61.22
-61.0494
-60.8818
-60.7173
-60.5562
-60.3984
-60.2441
-60.0935
-59.9465
-59.8032
-59.6639
-59.5284
-59.3969
-59.2694
-59.146
-59.0267
-58.9116
-58.8006
-58.6939
-58.5913
-58.4928
-58.3986
-58.3084
-58.2224
-58.1403
-58.0623
-57.9882
-57.918
-57.8515
-57.7887
-57.7296
-57.6739
-57.6216
-57.5726
-57.5268
-57.484
-57.4441
-57.4071
-57.3728
-57.3411
-57.3119
-57.2849
-57.2603
-57.2377
-57.2171
-57.1983
-57.1814
-57.166
-57.1522
-57.1399
-57.1288
-57.1189
-57.1101
-57.1023
-57.0953
-57.0891
-57.0835
-57.0783
-57.0736
-57.0691
-57.0646
-57.0601
-57.0553
-57.05
-57.044
-57.037
-57.0287
-57.0186
-57.0063
-56.9911
-56.9721
-56.9481
-56.9172
-56.8762
-56.8189
-56.7304
-56.5713
-56.2518
-55.6136
-54.4291
-52.3999
-49.1808
-44.0964
-36.2717
-25.266
-11.0178
4.68252
15.8095
20.4076
19.8287
15.4602
8.82711
1.32968
-6.23011
-13.634
-20.8821
-27.8882
-34.476
-40.6066
-46.0907
-50.5817
-54.028
-56.6302
-58.6047
-60.1195
-61.2981
-62.2282
-62.9707
-63.5677
-64.0495
-64.438
-64.75
-64.9987
-65.1947
-65.3465
-65.4613
-65.5449
-65.6021
-65.6372
-65.6535
-65.6541
-65.6414
-65.6176
-65.5846
-65.5438
-65.4967
-65.4445
-65.3881
-65.3284
-65.2662
-65.2022
-65.137
-65.071
-65.0048
-64.9388
-64.8732
-64.8085
-64.7449
-64.6826
-64.6219
-64.5629
-64.5058
-64.4509
-64.3981
-64.3476
-64.2996
-64.254
-64.2111
-64.1708
-64.1331
-64.0982
-64.0661
-64.0368
-64.0102
-63.9865
-63.9655
-63.9474
-63.932
-63.9194
-63.9096
-63.9025
-63.898
-63.8962
-63.897
-63.9004
-63.9062
-63.9145
-63.9253
-63.9384
-63.9538
-63.9714
-63.9912
-64.0132
-64.0372
-64.0633
-64.0913
-64.1212
-64.153
-64.1865
-64.2218
-64.2587
-64.2973
-64.3374
-64.379
-64.4222
-64.4667
-64.5126
-64.5598
-64.6083
-64.658
-64.7089
-64.7609
-64.814
-64.8683
-64.9235
-64.9797
-65.0369
-65.095
-65.154
-65.2138
-65.2745
-65.336
-65.3982
-65.4612
-65.5249
-65.5893
-65.6544
-65.7201
-65.7864
-65.8533
-65.9208
-65.9889
-66.0575
-66.1266
-66.1962
-66.2663
-66.3369
-66.4079
-66.4793
-66.5512
-66.6234
-66.6961
-66.7691
-66.8425
-66.9162
-66.9903
-67.0646
-67.1393
-67.2143
-67.2896
-67.3652
-67.441
-67.5171
-67.5934
-67.6699
-67.7467
-67.8237
-67.9009
-67.9783
-68.0559
-68.1337
-68.2116
-68.2897
-68.368
-68.4464
-68.5249
-68.6036
-68.6824
-68.7613
-68.8403
-68.9195
-68.9987
-69.078
-69.1574
-69.2369
-69.3164
-69.396
-69.4757
-69.5554
-69.6352
-69.715
-69.7948
-69.8747
-69.9546
-70.0345
-70.1144
-70.1943
-70.2742
-70.3541
-70.4341
-70.5139
-70.5938
-70.6736
-70.7534
-70.8332
-70.9129
-70.9926
-71.0722
-71.1518
-71.2313
-71.3107
-71.3901
-71.4694
-71.5486
-71.6277
-71.7067
-71.7856
-71.8644
-71.9431
-72.0217
-72.1002
-72.1785
-72.2567
-72.3348
-72.4128
-72.4906
-72.5682
-72.6458
-72.7231
-72.8003
-72.8773
-72.9542
-73.0309
-73.1074
-73.1837
-73.2598
-73.3358
-73.4115
-73.4871
-73.5624
-73.6375
-73.7124
-73.7871
-73.8616
-73.9358
-74.0098
-74.0836
-74.1571
-74.2304
-74.3035
-74.3762
-74.4488
-74.521
-74.593
-74.6648
-74.7362
-74.8074
-74.8783
-74.949
-75.0193
-75.0893
-75.1591
-75.2285
-75.2977
-75.3666
-75.4351
-75.5033
-75.5713
-75.6389
-75.7062
-75.7731
-75.8398
-75.9061
-75.9721
-76.0377
-76.1031
-76.168
-76.2327
-76.297
-76.361
-76.4246
-76.4878
-76.5507
-76.6133
-76.6755
-76.7374
-76.7989
-76.86
-76.9208
-76.9812
-77.0413
-77.1009
-77.1603
-77.2192
-77.2778
-77.336
-77.3939
-77.4514
-77.5085
-77.5652
-77.6216
-77.6775
-77.7332
-77.7884
-77.8433
-77.8978
-77.9519
-78.0056
-78.059
-78.112
-78.1646
-78.2168
-78.2687
-78.3202
-78.3713
-78.422
-78.4724
-78.5224
-78.572
-78.6212
-78.6701
-78.7186
-78.7667
-78.8145
-78.8619
-78.9089
-78.9555
-79.0018
-79.0477
-79.0933
-79.1385
-79.1833
-79.2278
-79.2719
-79.3157
-79.3591
-79.4021
-79.4448
-79.4871
-79.5291
-79.5707
-79.612
-79.6529
-79.6935
-79.7337
-79.7736
-79.8132
-79.8524
-79.8913
-79.9298
-79.968
-80.0059
-80.0434
-80.0806
-80.1175
-80.1541
-80.1903
-80.2262
-80.2618
-80.297
-80.332
-80.3666
-80.401
-80.435
-80.4687
-80.5021
-80.5351
-80.5679
-80.6004
-80.6326
-80.6645
-80.6961
-80.7273
-80.7583
-80.7891
-80.8195
-80.8496
-80.8795
-80.909
-80.9383
-80.9673
-80.9961
-81.0245
-81.0527
-81.0806
-81.1082
-81.1356
-81.1627
-81.1896
-81.2162
-81.2425
-81.2686
-81.2944
-81.3199
-81.3453
-81.3703
-81.3951
-81.4197
-81.444
-81.4681
-81.4919
-81.5155
-81.5389
-81.562
-81.5849
-81.6076
-81.63
-81.6522
-81.6742
-81.696
-81.7175
-81.7388
-81.7599
-81.7808
-81.8015
-81.8219
-81.8422
-81.8622
-81.882
-81.9017
-81.9211
-81.9403
-81.9593
-81.9781
-81.9967
-82.0151
-82.0334
-82.0514
-82.0692
-82.0869
-82.1043
-82.1216
-82.1387
-82.1556
-82.1723
-82.1889
-82.2052
-82.2214
-82.2374
-82.2533
-82.2689
-82.2844
-82.2997
-82.3149
-82.3299
-82.3447
-82.3594
-82.3739
-82.3882
-82.4024
-82.4164
-82.4302
-82.4439
-82.4575
-82.4709
-82.4841
-82.4972
-82.5102
-82.523
-82.5356
-82.5481
-82.5605
-82.5727
-82.5848
-82.5968
-82.6086
-82.6202
-82.6317
-82.6431
-82.6544
-82.6655
-82.6765
-82.6874
-82.6981
-82.7088
-82.7192
-82.7296
-82.7398
-82.7499
-82.7599
-82.7698
-82.7796
-82.7892
-82.7987

