-88
-88.0186
-88.1102
-88.236
-88.3741
-88.5135
-88.6494
-88.7794
-88.9028
-89.0193
-89.1292
-89.2326
-89.3301
-89.4221
-89.5089
-89.5909
-89.6687
-89.7424
-89.8123
-89.8789
-89.9423
-90.0027
-90.0605
-90.1157
-90.1685
-90.2192
-90.2678
-90.3146
-90.3595
-90.4027
-90.4444
-90.4846
-90.5233
-90.5608
-90.597
-90.632
-90.6659
-90.6988
-90.7306
-90.7615
-90.7914
-90.8205
-90.8488
-90.8763
-90.903
-90.929
-90.9543
-90.979
-91.003
-91.0264
-91.0492
-91.0715
-91.0933
-91.1145
-91.1352
-91.1554
-91.1752
-91.1946
-91.2135
-91.232
-91.2501
-91.2678
-91.2851
-91.3021
-91.3187
-91.335
-91.351
-91.3667
-91.382
-91.397
-91.4118
-91.4263
-91.4405
-91.4544
-91.4681
-91.4815
-91.4947
-91.5077
-91.5204
-91.5329
-91.5451
-91.5572
-91.569
-91.5807
-91.5921
-91.6034
-91.6144
-91.6253
-91.636
-91.6465
-91.6568
-91.667
-91.677
-91.6868
-91.6965
-91.706
-91.7154
-91.7246
-91.7337
-91.7426
-91.7514
-91.76
-91.7685
-91.7769
-91.7851
-91.7932
-91.8012
-91.8091
-91.8168
-91.8244
-91.8319
-91.8393
-91.8465
-91.8537
-91.8607
-91.8676
-91.8745
-91.8812
-91.8878
-91.8943
-91.9007
-91.907
-91.9132
-91.9193
-91.9253
-91.9312
-91.9371
-91.9428
-91.9484
-91.954
-91.9595
-91.9649
-91.9702
-91.9754
-91.9805
-91.9856
-91.9905
-91.9954
-92.0002
-92.005
-92.0096
-92.0142
-92.0187
-92.0232
-92.0275
-92.0318
-92.0361
-92.0402
-92.0443
-92.0483
-92.0523
-92.0562
-92.06
-92.0638
-92.0675
-92.0711
-92.0747
-92.0782
-92.0816
-92.085
-92.0884
-92.0916
-92.0949
-92.098
-92.1011
-92.1042
-92.1072
-92.1102
-92.1131
-92.1159
-92.1187
-92.1214
-92.1241
-92.1268
-92.1294
-92.1319
-92.1344
-92.1369
-92.1393
-92.1417
-92.144
-92.1462
-92.1485
-92.1507
-92.1528
-92.1549
-92.157
-92.159
-92.161
-92.1629
-92.1648
-92.1666
-92.1685
-92.1703
-92.172
-92.1737
-92.1754
-92.177
-92.1786
-92.1802
-92.1817
-92.0737
-91.8852
-91.6559
-91.4096
-91.1582
-90.9077
-90.661
-90.4197
-90.1844
-89.9553
-89.7323
-89.5155
-89.3044
-89.099
-88.8989
-88.7039
-88.5137
-88.3281
-88.1469
-87.9699
-87.7968
-87.6275
-87.4618
-87.2995
-87.1405
-86.9846
-86.8317
-86.6817
-86.5344
-86.3897
-86.2476
-86.1079
-85.9706
-85.8354
-85.7025
-85.5716
-85.4427
-85.3157
-85.1906
-85.0673
-84.9457
-84.8258
-84.7075
-84.5908
-84.4756
-84.3619
-84.2496
-84.1387
-84.0292
-83.9209
-83.814
-83.7082
-83.6037
-83.5004
-83.3981
-83.297
-83.197
-83.0981
-83.0001
-82.9032
-82.8072
-82.7123
-82.6182
-82.5251
-82.4329
-82.3415
-82.251
-82.1614
-82.0726
-81.9845
-81.8973
-81.8109
-81.7252
-81.6403
-81.5561
-81.4727
-81.39
-81.3079
-81.2266
-81.1459
-81.0659
-80.9866
-80.9078
-80.8298
-80.7523
-80.6755
-80.5993
-80.5237
-80.4487
-80.3742
-80.3003
-80.227
-80.1543
-80.0821
-80.0104
-79.9393
-79.8687
-79.7986
-79.7291
-79.66
-79.5915
-79.5234
-79.4559
-79.3888
-79.3222
-79.2561
-79.1904
-79.1253
-79.0605
-78.9962
-78.9324
-78.869
-78.806
-78.7435
-78.6814
-78.6197
-78.5584
-78.4976
-78.4371
-78.3771
-78.3174
-78.2582
-78.1993
-78.1408
-78.0827
-78.025
-77.9676
-77.9107
-77.854
-77.7978
-77.7419
-77.6863
-77.6311
-77.5763
-77.5218
-77.4676
-77.4138
-77.3603
-77.3071
-77.2543
-77.2017
-77.1495
-77.0976
-77.0461
-76.9948
-76.9438
-76.8931
-76.8428
-76.7927
-76.7429
-76.6934
-76.6442
-76.5953
-76.5466
-76.4983
-76.4502
-76.4024
-76.3548
-76.3075
-76.2605
-76.2137
-76.1672
-76.121
-76.075
-76.0292
-75.9837
-75.9384
-75.8934
-75.8486
-75.8041
-75.7597
-75.7157
-75.6718
-75.6282
-75.5847
-75.5416
-75.4986
-75.4558
-75.4133
-75.3709
-75.3288
-75.2869
-75.2452
-75.2037
-75.1624
-75.1212
-75.0803
-75.0396
-74.999
-74.9587
-74.9185
-74.8785
-74.8387
-74.7991
-74.7597
-74.7204
-74.6813
-74.6423
-74.6036
-74.565
-74.5266
-74.4883
-74.4502
-74.4122
-74.3744
-74.3368
-74.2993
-74.262
-74.2248
-74.1877
-74.1508
-74.1141
-74.0775
-74.041
-74.0046
-73.9684
-73.9324
-73.8964
-73.8606
-73.8249
-73.7894
-73.7539
-73.7186
-73.6834
-73.6483
-73.6134
-73.5785
-73.5438
-73.5092
-73.4747
-73.4403
-73.406
-73.3718
-73.3377
-73.3037
-73.2698
-73.236
-73.2023
-73.1687
-73.1352
-73.1018
-73.0685
-73.0352
-73.0021
-72.969
-72.936
-72.9031
-72.8703
-72.8375
-72.8048
-72.7722
-72.7397
-72.7073
-72.6749
-72.6425
-72.6103
-72.5781
-72.546
-72.5139
-72.4819
-72.45
-72.4181
-72.3862
-72.3544
-72.3227
-72.291
-72.2594
-72.2278
-72.1963
-72.1648
-72.1333
-72.1019
-72.0705
-72.0392
-72.0079
-71.9767
-71.9454
-71.9142
-71.8831
-71.8519
-71.8208
-71.7897
-71.7586
-71.7276
-71.6966
-71.6656
-71.6346
-71.6036
-71.5726
-71.5417
-71.5107
-71.4798
-71.4489
-71.418
-71.387
-71.3561
-71.3252
-71.2943
-71.2634
-71.2325
-71.2015
-71.1706
-71.1396
-71.1087
-71.0777
-71.0467
-71.0157
-70.9847
-70.9537
-70.9226
-70.8915
-70.8604
-70.8292
-70.7981
-70.7669
-70.7356
-70.7043
-70.673
-70.6417
-70.6103
-70.5788
-70.5474
-70.5158
-70.4842
-70.4526
-70.4209
-70.3892
-70.3574
-70.3255
-70.2936
-70.2616
-70.2296
-70.1974
-70.1653
-70.133
-70.1006
-70.0682
-70.0357
-70.0031
-69.9705
-69.9377
-69.9049
-69.8719
-69.8389
-69.8058
-69.7725
-69.7392
-69.7057
-69.6722
-69.6385
-69.6047
-69.5708
-69.5368
-69.5027
-69.4684
-69.434
-69.3994
-69.3648
-69.33
-69.295
-69.2599
-69.2246
-69.1892
-69.1536
-69.1179
-69.082
-69.0459
-69.0097
-68.9733
-68.9367
-68.8999
-68.8629
-68.8257
-68.7883
-68.7508
-68.713
-68.675
-68.6367
-68.5983
-68.5596
-68.5207
-68.4815
-68.4421
-68.4025
-68.3625
-68.3224
-68.2819
-68.2412
-68.2002
-68.1588
-68.1172
-68.0753
-68.0331
-67.9905
-67.9476
-67.9044
-67.8608
-67.8168
-67.7725
-67.7278
-67.6827
-67.6373
-67.5914
-67.5451
-67.4983
-67.4511
-67.4034
-67.3553
-67.3067
-67.2576
-67.2079
-67.1577
-67.107
-67.0557
-67.0038
-66.9513
-66.8981
-66.8443
-66.7898
-66.7346
-66.6787
-66.622
-66.5644
-66.5061
-66.4469
-66.3868
-66.3257
-66.2636
-66.2005
-66.1362
-66.0708
-66.0041
-65.936
-65.8666
-65.7956
-65.7229
-65.6484
-65.572
-65.4935
-65.4126
-65.3291
-65.2428
-65.1533
-65.0603
-64.9633
-64.862
-64.7559
-64.6443
-64.5266
-64.4024
-64.2708
-64.1311
-63.9828
-63.825
-63.6571
-63.4785
-63.2886
-63.0869
-62.8731
-62.6469
-62.408
-62.1563
-61.892
-61.615
-61.3253
-61.0231
-60.7083
-60.3807
-60.0402
-59.686
-59.3175
-58.9332
-58.5313
-58.1095
-57.6644
-57.1916
-56.6853
-56.1378
-55.5386
-54.8737
-54.1233
-53.2598
-52.2425
-51.0105
-49.4684
-47.4588
-44.6991
-40.6289
-34.2483
-24.6921
-9.84447
11.7403
25.1931
28.5105
24.2041
14.5196
3.03281
-7.91587
-18.1627
-27.4849
-35.7708
-44.1395
-52.7957
-59.395
-63.6302
-66.3662
-68.1854
-69.4091
-70.2206
-70.7333
-71.0233
-71.1452
-71.1392
-71.0349
-70.8543
-70.6138
-70.3253
-69.9979
-69.6383
-69.2516
-68.8417
-68.4118
-67.9643
-67.5011
-67.0238
-66.5335
-66.0314
-65.518
-64.9938
-64.4592
-63.914
-63.3581
-62.7909
-62.2116
-61.619
-61.0115
-60.387
-59.743
-59.0761
-58.382
-57.6551
-56.8885
-56.0727
-55.1955
-54.24
-53.183
-51.9919
-50.6198
-48.998
-47.0258
-44.5563
-41.3857
-37.2606
-31.9216
-25.0383
-15.2833
-0.603141
14.0723
20.8819
20.8512
15.5447
6.93874
-2.4843
-11.4626
-19.9655
-28.1552
-35.6313
-43.2937
-51.5313
-58.3443
-62.957
-65.9871
-67.9816
-69.2779
-70.0843
-70.5356
-70.7231
-70.7113
-70.5469
-70.2649
-69.8918
-69.448
-68.9493
-68.4081
-67.8341
-67.2349
-66.6165
-65.9834
-65.339
-64.6859
-64.0259
-63.36
-62.6886
-62.0117
-61.3287
-60.6386
-59.9397
-59.2298
-58.5061
-57.7651
-57.0023
-56.2122
-55.3875
-54.5193
-53.5957
-52.6013
-51.5151
-50.3084
-48.9411
-47.3558
-45.4697
-43.162
-40.2619
-36.5451
-31.7745
-25.7217
-17.4341
-4.48894
9.79188
17.3544
18.3108
14.1639
6.72902
-1.79903
-10.1999
-18.3204
-26.2464
-33.687
-41.0716
-49.0472
-56.059
-60.9867
-64.2609
-66.4365
-67.8731
-68.7931
-69.3399
-69.6099
-69.6708
-69.5717
-69.3489
-69.0304
-68.6372
-68.186
-67.6897
-67.1584
-66.6001
-66.0211
-65.4261
-64.8188
-64.202
-63.5776
-62.9468
-62.3102
-61.6681
-61.02
-60.3651
-59.702
-59.029
-58.3436
-57.6428
-56.9228
-56.179
-55.4053
-54.5943
-53.7363
-52.8187
-51.825
-50.7326
-49.5108
-48.1158
-46.4855
-44.5294
-42.1164
-39.0615
-35.1276
-30.077
-23.632
-14.2041
-0.00895831
12.5487
17.9979
17.3994
12.1935
4.38075
-4.04978
-12.2619
-20.2565
-28.0501
-35.3132
-42.8207
-50.5995
-56.9499
-61.3084
-64.2133
-66.1577
-67.451
-68.2855
-68.7854
-69.0354
-69.0953
-69.0086
-68.8082
-68.5188
-68.1599
-67.7463
-67.2899
-66.8
-66.2838
-65.7471
-65.1944
-64.6289
-64.0533
-63.4693
-62.8781
-62.2804
-61.6763
-61.0654
-60.447
-59.82
-59.1826
-58.5327
-57.8675
-57.1836
-56.4767
-55.7413
-54.9705
-54.1558
-53.2856
-52.3453
-51.3147
-50.1666
-48.863
-47.3498
-45.5494
-43.3492
-40.5891
-37.0562
-32.5136
-26.7344
-18.986
-6.91481
7.81703
16.7691
18.9961
15.8548
8.93874
0.488382
-7.97094
-16.1101
-24.0451
-31.6124
-38.7563
-46.3953
-53.5439
-58.8053
-62.3366
-64.7027
-66.2976
-67.3627
-68.0492
-68.4562
-68.6521
-68.6857
-68.593
-68.4014
-68.1317
-67.8005
-67.4203
-67.0016
-66.5521
-66.0783
-65.5852
-65.0767
-64.5557
-64.0245
-63.4848
-62.9375
-62.3833
-61.8224
-61.2546
-60.6791
-60.095
-59.501
-58.8952
-58.2752
-57.6381
-56.9804
-56.2973
-55.5832
-54.8309
-54.031
-53.1714
-52.236
-51.2031
-50.0428
-48.7131
-47.1542
-45.2793
-42.9629
-40.0284
-36.2486
-31.3904
-25.186
-16.545
-3.16669
11.0734
18.5698
19.586
15.3907
7.74321
-1.01651
-9.56127
-17.7404
-25.6858
-33.1339
-40.323
-47.9046
-54.5995
-59.3587
-62.5407
-64.6829
-66.1382
-67.1202
-67.7628
-68.1536
-68.3531
-68.4045
-68.3401
-68.1843
-67.9558
-67.6695
-67.337
-66.9676
-66.5687
-66.1461
-65.7045
-65.2476
-64.7782
-64.2985
-63.8102
-63.3144
-62.8119
-62.3029
-61.7876
-61.2657
-60.7365
-60.1993
-59.6528
-59.0953
-58.5251
-57.9395
-57.3356
-56.7096
-56.0568
-55.3714
-54.6458
-53.8705
-53.0326
-52.1155
-51.0962
-49.943
-48.6111
-47.0359
-45.1232
-42.7358
-39.6802
-35.7104
-30.5824
-23.9765
-14.4599
0.00767738
13.5569
19.9057
19.9251
14.8486
6.64597
-2.30811
-10.8911
-19.0913
-27.0289
-34.3793
-41.6366
-49.1358
-55.4265
-59.7915
-62.7072
-64.6821
-66.0362
-66.9621
-67.5796
-67.9673
-68.1796
-68.2555
-68.224
-68.1072
-67.9223
-67.683
-67.3998
-67.0814
-66.7346
-66.365
-65.9769
-65.5739
-65.1587
-64.7335
-64.3
-63.8594
-63.4127
-62.9604
-62.5028
-62.04
-61.5718
-61.0978
-60.6175
-60.1299
-59.6341
-59.1287
-58.612
-58.0821
-57.5364
-56.9721
-56.3853
-55.7715
-55.1248
-54.438
-53.7015
-52.9028
-52.0251
-51.0458
-49.9331
-48.6419
-47.1066
-45.2303
-42.8697
-39.8174
-35.7993
-30.5351
-23.7073
-13.6766
1.52039
14.8889
20.7843
20.3145
14.7528
6.23641
-2.83369
-11.4464
-19.6626
-27.5969
-34.9156
-42.2089
-49.6252
-55.6906
-59.8615
-62.653
-64.5569
-65.8768
-66.7943
-67.4217
-67.8327
-68.0778
-68.1936
-68.2071
-68.1391
-68.0058
-67.8198
-67.5914
-67.3288
-67.0384
-66.7257
-66.3949
-66.0494
-65.692
-65.325
-64.9501
-64.5686
-64.1816
-63.7899
-63.3941
-62.9945
-62.5913
-62.1845
-61.774
-61.3595
-60.9407
-60.517
-60.0878
-59.6523
-59.2094
-58.7581
-58.2969
-57.8242
-57.3378
-56.8355
-56.314
-55.7699
-55.1986
-54.5941
-53.9494
-53.2547
-52.4975
-51.661
-50.722
-49.6478
-48.3915
-46.8837
-45.0198
-42.6394
-39.4994
-35.2561
-29.5369
-22.0665
-10.3228
6.11249
17.7027
21.6931
19.5377
12.7523
3.83234
-5.14303
-13.5996
-21.7248
-29.5205
-36.7286
-44.1448
-51.2877
-56.7563
-60.4622
-62.9677
-64.7026
-65.9256
-66.7915
-67.3975
-67.8079
-68.0673
-68.2082
-68.255
-68.2265
-68.1373
-67.9991
-67.8213
-67.6115
-67.3757
-67.1189
-66.8451
-66.5576
-66.259
-65.9515
-65.6368
-65.3164
-64.9913
-64.6625
-64.3306
-63.9962
-63.6597
-63.3213
-62.9812
-62.6394
-62.2961
-61.9512
-61.6044
-61.2558
-60.9049
-60.5515
-60.1953
-59.8358
-59.4726
-59.105
-58.7324
-58.3539
-57.9687
-57.5757
-57.1735
-56.7606
-56.3352
-55.8951
-55.4375
-54.9592
-54.4559
-53.9226
-53.3524
-52.7368
-52.0645
-51.3199
-50.4818
-49.5201
-48.3905
-47.0259
-45.32
-43.0959
-40.046
-35.6375
-29.2705
-20.8444
-7.01069
9.64116
19.4091
21.7182
18.1741
10.7009
1.84901
-6.81736
-15.0416
-23.0222
-30.6611
-37.8911
-45.228
-51.8662
-56.7973
-60.1785
-62.5199
-64.1842
-65.3905
-66.2721
-66.9141
-67.3737
-67.6912
-67.8962
-68.0112
-68.0536
-68.0373
-67.9731
-67.87
-67.7352
-67.5745
-67.3927
-67.1938
-66.981
-66.7569
-66.5238
-66.2833
-66.0371
-65.7862
-65.5318
-65.2746
-65.0153
-64.7544
-64.4925
-64.2298
-63.9667
-63.7035
-63.4402
-63.1771
-62.9142
-62.6517
-62.3896
-62.128
-61.8669
-61.6063
-61.3463
-61.0867
-60.8276
-60.569
-60.3107
-60.0529
-59.7953
-59.5378
-59.2805
-59.0231
-58.7654
-58.5074
-58.2487
-57.9891
-57.7283
-57.466
-57.2017
-56.935
-56.6652
-56.3916
-56.1135
-55.8298
-55.5394
-55.2409
-54.9327
-54.6125
-54.278
-53.9258
-53.5519
-53.151
-52.7161
-52.2374
-51.7012
-51.0869
-50.3612
-49.464
-48.2673
-46.4803
-43.5097
-38.4286
-30.624
-19.3553
-3.60235
11.5075
19.4588
20.7321
16.9901
10.1535
2.16666
-5.87848
-13.7404
-21.4049
-28.8225
-35.908
-42.71
-48.8065
-53.6002
-57.1072
-59.6756
-61.5985
-63.0652
-64.1962
-65.0727
-65.7511
-66.2727
-66.6685
-66.9624
-67.1731
-67.3154
-67.4014
-67.441
-67.4422
-67.4117
-67.3547
-67.276
-67.1792
-67.0675
-66.9434
-66.8092
-66.6666
-66.5173
-66.3624
-66.2031
-66.0402
-65.8747
-65.707
-65.5379
-65.3678
-65.1971
-65.0263
-64.8555
-64.6852
-64.5155
-64.3467
-64.179
-64.0126
-63.8476
-63.6843
-63.5226
-63.3629
-63.2052
-63.0495
-62.8962
-62.7451
-62.5965
-62.4505
-62.3071
-62.1665
-62.0286
-61.8936
-61.7616
-61.6327
-61.5068
-61.3841
-61.2646
-61.1483
-61.0353
-60.9256
-60.8192
-60.7162
-60.6165
-60.5202
-60.4272
-60.3375
-60.2511
-60.168
-60.0881
-60.0114
-59.9378
-59.8673
-59.7997
-59.7352
-59.6735
-59.6145
-59.5583
-59.5047
-59.4536
-59.405
-59.3587
-59.3147
-59.2728
-59.233
-59.1951
-59.1591
-59.1248
-59.0921
-59.0609
-59.031
-59.0025
-58.9751
-58.9487
-58.9232
-58.8984
-58.8741
-58.8503
-58.8267
-58.803
-58.7792
-58.7549
-58.7298
-58.7036
-58.6758
-58.646
-58.6135
-58.5774
-58.5368
-58.49
-58.4348
-58.3677
-58.2823
-58.165
-57.9798
-57.6299
-56.9047
-55.4735
-52.9244
-48.7826
-42.6589
-33.4351
-20.3489
-3.65525
12.4153
21.5644
23.9692
21.2511
15.0078
6.97441
-1.49592
-9.77664
-17.7071
-25.3182
-32.531
-39.2472
-45.3416
-50.3512
-54.0942
-56.8298
-58.8876
-60.4933
-61.7778
-62.8186
-63.6676
-64.3631
-64.9346
-65.4048
-65.7916
-66.1091
-66.3687
-66.5795
-66.7492
-66.8841
-66.9894
-67.0697
-67.1287
-67.1695
-67.1948
-67.2068
-67.2075
-67.1986
-67.1813
-67.157
-67.1267
-67.0913
-67.0516
-67.0083
-66.9619
-66.9131
-66.8623
-66.81
-66.7564
-66.702
-66.6471
-66.592
-66.5369
-66.482
-66.4276
-66.3739
-66.321
-66.2691
-66.2184
-66.169
-66.121
-66.0745
-66.0297
-65.9867
-65.9455
-65.9061
-65.8688
-65.8335
-65.8003
-65.7692
-65.7404
-65.7137
-65.6893
-65.6671
-65.6472
-65.6296
-65.6142
-65.6012
-65.5904
-65.5819
-65.5757
-65.5717
-65.5699
-65.5703
-65.5728
-65.5775
-65.5843
-65.5931
-65.604
-65.6169
-65.6317
-65.6484
-65.667
-65.6873
-65.7095
-65.7334
-65.759
-65.7862
-65.815
-65.8454
-65.8773
-65.9107
-65.9454
-65.9816
-66.0191
-66.0578
-66.0979
-66.1391
-66.1815
-66.2251
-66.2697
-66.3155
-66.3622
-66.41
-66.4587
-66.5083
-66.5588
-66.6102
-66.6624
-66.7154
-66.7692
-66.8238
-66.8791
-66.9351
-66.9917
-67.049
-67.1069
-67.1655
-67.2246
-67.2843
-67.3445
-67.4052
-67.4665
-67.5282
-67.5904
-67.6531
-67.7161
-67.7797
-67.8436
-67.9079
-67.9725
-68.0376
-68.1029
-68.1686
-68.2347
-68.301
-68.3676
-68.4346
-68.5018
-68.5692
-68.6369
-68.7049
-68.7731
-68.8415
-68.9101
-68.9789
-69.0479
-69.1171
-69.1865
-69.2561
-69.3258
-69.3957
-69.4657
-69.5359
-69.6062
-69.6766
-69.7472
-69.8179
-69.8886
-69.9595
-70.0305
-70.1015
-70.1727
-70.2439
-70.3152
-70.3865
-70.4579
-70.5294
-70.6009
-70.6724
-70.744
-70.8157
-70.8873
-70.959
-71.0307
-71.1024
-71.1742
-71.2459
-71.3176
-71.3893
-71.4611
-71.5328
-71.6044
-71.6761
-71.7477
-71.8193
-71.8909
-71.9624
-72.0339
-72.1053
-72.1767
-72.248
-72.3193
-72.3905
-72.4616
-72.5326
-72.6036
-72.6745
-72.7453
-72.816
-72.8866
-72.9571
-73.0275
-73.0978
-73.168
-73.238
-73.308
-73.3778
-73.4475
-73.517
-73.5865
-73.6558
-73.7249
-73.7939
-73.8627
-73.9314
-73.9999
-74.0683
-74.1365
-74.2045
-74.2724
-74.34
-74.4075
-74.4748
-74.5419
-74.6088
-74.6755
-74.742
-74.8083
-74.8744
-74.9403
-75.006
-75.0714
-75.1366
-75.2016
-75.2664
-75.3309
-75.3952
-75.4593
-75.5231
-75.5866
-75.6499
-75.713
-75.7758
-75.8383
-75.9006
-75.9626
-76.0244
-76.0859
-76.1471
-76.208
-76.2686
-76.329
-76.3891
-76.4489
-76.5084
-76.5676
-76.6265
-76.6852
-76.7435
-76.8015
-76.8592
-76.9167
-76.9738
-77.0306
-77.0871
-77.1433
-77.1991
-77.2547
-77.31
-77.3649
-77.4195
-77.4738
-77.5277
-77.5814
-77.6347
-77.6877
-77.7403
-77.7927
-77.8447
-77.8964
-77.9477
-77.9987
-78.0494
-78.0998
-78.1498
-78.1995
-78.2489
-78.2979
-78.3466
-78.3949
-78.443
-78.4907
-78.538
-78.585
-78.6317
-78.6781
-78.7241
-78.7698
-78.8151
-78.8601
-78.9048
-78.9492
-78.9932
-79.0369
-79.0802
-79.1232
-79.1659
-79.2083
-79.2503
-79.292
-79.3334
-79.3745
-79.4152
-79.4556
-79.4957
-79.5354
-79.5749
-79.614
-79.6528
-79.6913
-79.7294
-79.7673
-79.8048
-79.842
-79.8789
-79.9155
-79.9518
-79.9878
-80.0235
-80.0588
-80.0939
-80.1286
-80.1631
-80.1972
-80.2311
-80.2647
-80.2979
-80.3309
-80.3636
-80.396
-80.4281
-80.4599
-80.4914
-80.5227
-80.5536
-80.5843
-80.6147
-80.6448
-80.6747
-80.7042
-80.7335
-80.7626
-80.7913
-80.8198
-80.848
-80.876
-80.9037
-80.9311
-80.9583
-80.9852
-81.0119
-81.0383
-81.0645
-81.0904
-81.116
-81.1414
-81.1666
-81.1915
-81.2162
-81.2407
-81.2649
-81.2888
-81.3126
-81.3361
-81.3593
-81.3824
-81.4052
-81.4277
-81.4501
-81.4722
-81.4942
-81.5158
-81.5373
-81.5586
-81.5796
-81.6004
-81.6211
-81.6415
-81.6617
-81.6817
-81.7015
-81.721
-81.7404
-81.7596
-81.7786
-81.7974
-81.816
-81.8344
-81.8526
-81.8706
-81.8884
-81.906
-81.9235
-81.9408
-81.9578
-81.9747
-81.9915
-82.008
-82.0244
-82.0406
-82.0566
-82.0724
-82.0881
-82.1036
-82.1189
-82.1341
-82.1491
-82.1639
-82.1786
-82.1931
-82.2075
-82.2217
-82.2357
-82.2496
-82.2633
-82.2769
-82.2903
-82.3036
-82.3167
-82.3296
-82.3425
-82.3552
-82.3677
-82.3801
-82.3923
-82.4044
-82.4164
-82.4282
-82.4399
-82.4515
-82.4629
-82.4742
-82.4854
-82.4964
-82.5073
-82.5181
-82.5287
-82.5392
-82.5496
-82.5599
-82.57
-82.58
-82.59
-82.5997
-82.6094
-82.6189
-82.6284
-82.6377

