-88
-87.9148
-87.8299
-87.7454
-87.6612
-87.5775
-87.4943
-87.4116
-87.3297
-87.2486
-87.1685
-87.0894
-87.0114
-86.9347
-86.8593
-86.7852
-86.7125
-86.6412
-86.5714
-86.503
-86.436
-86.3704
-86.3062
-86.2434
-86.1819
-86.1217
-86.0627
-86.005
-85.9484
-85.893
-85.8387
-85.7855
-85.7333
-85.6821
-85.6319
-85.5826
-85.5341
-85.4866
-85.4399
-85.394
-85.3488
-85.3045
-85.2608
-85.2179
-85.1756
-85.134
-85.093
-85.0526
-85.0129
-84.9737
-84.9351
-84.897
-84.8595
-84.8225
-84.786
-84.7499
-84.7144
-84.6793
-84.6447
-84.6105
-84.5767
-84.5433
-84.5104
-84.4778
-84.4457
-84.4139
-84.3825
-84.3515
-84.3208
-84.2904
-84.2604
-84.2308
-84.2014
-84.1724
-84.1437
-84.1153
-84.0872
-84.0594
-84.0319
-84.0046
-83.9777
-83.951
-83.9246
-83.8985
-83.8726
-83.847
-83.8216
-83.7965
-83.7716
-83.747
-83.7226
-83.6984
-83.6745
-83.6508
-83.6273
-83.604
-83.5809
-83.5581
-83.5355
-83.513
-83.4908
-83.4688
-83.447
-83.4253
-83.4039
-83.3826
-83.3616
-83.3407
-83.32
-83.2995
-83.2791
-83.259
-83.239
-83.2192
-83.1995
-83.18
-83.1607
-83.1416
-83.1226
-83.1037
-83.085
-83.0665
-83.0481
-83.0299
-83.0118
-82.9939
-82.9761
-82.9585
-82.941
-82.9236
-82.9064
-82.8893
-82.8724
-82.8556
-82.8389
-82.8224
-82.8059
-82.7896
-82.7735
-82.7575
-82.7415
-82.7258
-82.7101
-82.6945
-82.6791
-82.6638
-82.6486
-82.6335
-82.6186
-82.6037
-82.589
-82.5743
-82.5598
-82.5454
-82.5311
-82.5169
-82.5028
-82.4888
-82.4749
-82.4611
-82.4474
-82.4338
-82.4203
-82.4069
-82.3936
-82.3804
-82.3673
-82.3543
-82.3414
-82.3285
-82.3158
-82.3031
-82.2906
-82.2781
-82.2657
-82.2534
-82.2411
-82.229
-82.217
-82.205
-82.1931
-82.1813
-82.1695
-82.1579
-82.1463
-82.1348
-82.1234
-82.1121
-82.1008
-82.0896
-82.0785
-82.0674
-82.0565
-82.0456
-82.0347
-82.024
-82.0133
-82.0027
-81.9921
-81.9817
-81.9712
-81.9609
-81.9506
-81.9403
-81.9301
-81.9198
-81.9094
-81.8987
-81.8877
-81.8762
-81.864
-81.8511
-81.8373
-81.8226
-81.8067
-81.7897
-81.7715
-81.7521
-81.7314
-81.7094
-81.6862
-81.6616
-81.6358
-81.6088
-81.5805
-81.5511
-81.5205
-81.4888
-81.4561
-81.4223
-81.3876
-81.3519
-81.3153
-81.2779
-81.2396
-81.2006
-81.1608
-81.1203
-81.0791
-81.0374
-80.995
-80.952
-80.9085
-80.8645
-80.8201
-80.7751
-80.7298
-80.684
-80.6379
-80.5914
-80.5446
-80.4974
-80.45
-80.4023
-80.3543
-80.3061
-80.2577
-80.2091
-80.1602
-80.1112
-80.062
-80.0127
-79.9632
-79.9136
-79.8639
-79.814
-79.7641
-79.7141
-79.6639
-79.6137
-79.5635
-79.5132
-79.4628
-79.4124
-79.3619
-79.3115
-79.261
-79.2104
-79.1599
-79.1094
-79.0588
-79.0083
-78.9577
-78.9072
-78.8567
-78.8061
-78.7557
-78.7052
-78.6548
-78.6044
-78.554
-78.5036
-78.4533
-78.4031
-78.3529
-78.3027
-78.2526
-78.2025
-78.1525
-78.1025
-78.0526
-78.0027
-77.9529
-77.9032
-77.8535
-77.8038
-77.7543
-77.7048
-77.6553
-77.6059
-77.5566
-77.5074
-77.4582
-77.4091
-77.36
-77.3111
-77.2622
-77.2133
-77.1645
-77.1158
-77.0672
-77.0186
-76.9701
-76.9217
-76.8734
-76.8251
-76.7768
-76.7287
-76.6806
-76.6326
-76.5847
-76.5368
-76.489
-76.4412
-76.3936
-76.346
-76.2984
-76.251
-76.2035
-76.1562
-76.1089
-76.0617
-76.0146
-75.9675
-75.9205
-75.8735
-75.8266
-75.7798
-75.733
-75.6862
-75.6396
-75.593
-75.5464
-75.4999
-75.4535
-75.4071
-75.3608
-75.3145
-75.2682
-75.2221
-75.1759
-75.1299
-75.0838
-75.0378
-74.9919
-74.946
-74.9001
-74.8543
-74.8085
-74.7628
-74.7171
-74.6714
-74.6258
-74.5802
-74.5347
-74.4892
-74.4437
-74.3982
-74.3528
-74.3074
-74.262
-74.2167
-74.1713
-74.126
-74.0808
-74.0355
-73.9903
-73.945
-73.8998
-73.8546
-73.8095
-73.7643
-73.7191
-73.674
-73.6288
-73.5837
-73.5386
-73.4934
-73.4483
-73.4032
-73.358
-73.3129
-73.2678
-73.2226
-73.1775
-73.1323
-73.0871
-73.0419
-72.9967
-72.9515
-72.9062
-72.861
-72.8157
-72.7704
-72.725
-72.6797
-72.6343
-72.5889
-72.5434
-72.4979
-72.4524
-72.4068
-72.3612
-72.3155
-72.2698
-72.2241
-72.1783
-72.1324
-72.0865
-72.0406
-71.9946
-71.9485
-71.9024
-71.8561
-71.8099
-71.7635
-71.7171
-71.6707
-71.6241
-71.5775
-71.5307
-71.4839
-71.4371
-71.3901
-71.343
-71.2959
-71.2486
-71.2013
-71.1538
-71.1062
-71.0586
-71.0108
-70.9629
-70.9149
-70.8668
-70.8186
-70.7702
-70.7217
-70.6731
-70.6244
-70.5755
-70.5265
-70.4773
-70.428
-70.3785
-70.3289
-70.2792
-70.2293
-70.1792
-70.1289
-70.0785
-70.0279
-69.9772
-69.9262
-69.8751
-69.8238
-69.7723
-69.7206
-69.6686
-69.6165
-69.5642
-69.5117
-69.459
-69.406
-69.3528
-69.2994
-69.2457
-69.1919
-69.1377
-69.0833
-69.0287
-68.9738
-68.9187
-68.8632
-68.8075
-68.7516
-68.6953
-68.6387
-68.5819
-68.5247
-68.4673
-68.4095
-68.3514
-68.293
-68.2343
-68.1752
-68.1157
-68.0559
-67.9958
-67.9353
-67.8744
-67.8131
-67.7515
-67.6894
-67.627
-67.5641
-67.5008
-67.4371
-67.373
-67.3084
-67.2433
-67.1778
-67.1119
-67.0454
-66.9784
-66.911
-66.843
-66.7745
-66.7055
-66.6359
-66.5658
-66.4951
-66.4238
-66.3519
-66.2794
-66.2063
-66.1326
-66.0582
-65.9832
-65.9075
-65.8311
-65.754
-65.6762
-65.5976
-65.5183
-65.4382
-65.3574
-65.2757
-65.1932
-65.1099
-65.0257
-64.9406
-64.8547
-64.7677
-64.6799
-64.5911
-64.5012
-64.4104
-64.3185
-64.2255
-64.1314
-64.0362
-63.9398
-63.8422
-63.7434
-63.6433
-63.5419
-63.4392
-63.3351
-63.2296
-63.1226
-63.0142
-62.9041
-62.7925
-62.6792
-62.5643
-62.4476
-62.3291
-62.2087
-62.0864
-61.9621
-61.8358
-61.7073
-61.5767
-61.4437
-61.3085
-61.1707
-61.0305
-60.8876
-60.7419
-60.5934
-60.442
-60.2875
-60.1298
-59.9687
-59.8041
-59.6359
-59.4639
-59.2878
-59.1076
-58.9229
-58.7336
-58.5394
-58.3401
-58.1354
-57.9249
-57.7083
-57.4853
-57.2554
-57.0182
-56.7732
-56.5198
-56.2574
-55.9854
-55.703
-55.4092
-55.1033
-54.7839
-54.45
-54.1
-53.7323
-53.345
-52.9357
-52.502
-52.0406
-51.5481
-51.0199
-50.4511
-49.8356
-49.1663
-48.4351
-47.6324
-46.7479
-45.7701
-44.6875
-43.4883
-42.162
-40.7001
-39.0975
-37.3542
-35.4767
-33.479
-31.3836
-29.2203
-27.0258
-24.8498
-22.7656
-20.8641
-19.2405
-17.9801
-17.1463
-16.7758
-16.8773
-17.4335
-18.4033
-19.7242
-21.3156
-23.0837
-24.926
-26.7361
-28.4082
-29.8844
-31.165
-32.2567
-33.1645
-33.8989
-34.4699
-34.8904
-35.1731
-35.332
-35.3815
-35.3356
-35.2078
-35.0113
-34.758
-34.4596
-34.1265
-33.7685
-33.3946
-33.0128
-32.63
-32.2527
-31.8862
-31.5348
-31.2022
-30.891
-30.6029
-30.339
-30.0997
-29.8846
-29.6927
-29.5222
-29.3706
-29.2359
-29.1179
-29.0184
-28.9425
-28.8965
-28.8871
-28.9195
-28.9955
-29.1128
-29.2651
-29.4432
-29.6362
-29.8332
-30.0239
-30.1993
-30.3518
-30.4759
-30.5681
-30.6269
-30.6528
-30.648
-30.6158
-30.5603
-30.4863
-30.3984
-30.3013
-30.1994
-30.0968
-29.9967
-29.9021
-29.8153
-29.7379
-29.6712
-29.616
-29.5724
-29.5404
-29.5196
-29.5093
-29.5085
-29.5164
-29.5317
-29.5533
-29.58
-29.6106
-29.6442
-29.6795
-29.7158
-29.7522
-29.7881
-29.8229
-29.8561
-29.8873
-29.9165
-29.9433
-29.9676
-29.9896
-30.009
-30.0261
-30.0409
-30.0533
-30.0634
-30.0713
-30.077
-30.0803
-30.0811
-30.079
-30.0736
-30.0654
-30.0558
-30.0472
-30.0432
-30.0473
-30.0625
-30.0909
-30.1329
-30.1874
-30.2521
-30.324
-30.3993
-30.4745
-30.5458
-30.6097
-30.6633
-30.7042
-30.7311
-30.7436
-30.7422
-30.728
-30.703
-30.6691
-30.6289
-30.5846
-30.5385
-30.4928
-30.4492
-30.4094
-30.3745
-30.3454
-30.3227
-30.3069
-30.2978
-30.2953
-30.2992
-30.3089
-30.3237
-30.3431
-30.3663
-30.3926
-30.4211
-30.4513
-30.4825
-30.514
-30.5453
-30.576
-30.6057
-30.634
-30.6606
-30.6855
-30.7084
-30.7292
-30.7479
-30.7644
-30.7786
-30.7907
-30.8005
-30.8079
-30.8127
-30.8145
-30.8133
-30.8098
-30.8055
-30.8034
-30.8065
-30.8181
-30.8407
-30.8758
-30.9233
-30.982
-31.0497
-31.1234
-31.1998
-31.2753
-31.3463
-31.4096
-31.4624
-31.5027
-31.5293
-31.542
-31.5413
-31.5285
-31.5052
-31.4734
-31.4355
-31.3935
-31.3497
-31.306
-31.2641
-31.2255
-31.1914
-31.1627
-31.1401
-31.1239
-31.1142
-31.1109
-31.1138
-31.1225
-31.1365
-31.155
-31.1776
-31.2034
-31.2317
-31.262
-31.2935
-31.3255
-31.3577
-31.3894
-31.4203
-31.45
-31.4781
-31.5045
-31.529
-31.5513
-31.5714
-31.5892
-31.6045
-31.6175
-31.628
-31.6357
-31.6403
-31.6414
-31.639
-31.634
-31.6283
-31.625
-31.6277
-31.6399
-31.6643
-31.7025
-31.7545
-31.8192
-31.8943
-31.9766
-32.0627
-32.1487
-32.2307
-32.3051
-32.3687
-32.4191
-32.4551
-32.476
-32.4822
-32.4747
-32.455
-32.4252
-32.3874
-32.3439
-32.2969
-32.2484
-32.2004
-32.1547
-32.1125
-32.075
-32.0432
-32.0177
-31.9987
-31.9865
-31.981
-31.982
-31.989
-32.0015
-32.0191
-32.0409
-32.0664
-32.0947
-32.1253
-32.1574
-32.1904
-32.2237
-32.2568
-32.2891
-32.3202
-32.3498
-32.3776
-32.4032
-32.4265
-32.4472
-32.4653
-32.4804
-32.4927
-32.5017
-32.5072
-32.5087
-32.5058
-32.4991
-32.4903
-32.4823
-32.4791
-32.4847
-32.5028
-32.5361
-32.5857
-32.6511
-32.7305
-32.8211
-32.9193
-33.0211
-33.122
-33.2178
-33.3045
-33.3789
-33.4384
-33.4817
-33.5083
-33.5184
-33.5131
-33.4941
-33.4634
-33.4232
-33.3757
-33.3234
-33.2684
-33.2128
-33.1584
-33.1068
-33.0594
-33.0173
-32.9812
-32.9517
-32.9293
-32.914
-32.9057
-32.9042
-32.9092
-32.9201
-32.9364
-32.9573
-32.9823
-33.0105
-33.0414
-33.0741
-33.1079
-33.1423
-33.1767
-33.2104
-33.243
-33.2741
-33.3032
-33.33
-33.3541
-33.3753
-33.3933
-33.4079
-33.4188
-33.4257
-33.4281
-33.4253
-33.4173
-33.4048
-33.3903
-33.3774
-33.3708
-33.3754
-33.3952
-33.4333
-33.4907
-33.567
-33.6601
-33.7669
-33.8833
-34.0047
-34.1262
-34.243
-34.3504
-34.4446
-34.5229
-34.5832
-34.6247
-34.6476
-34.6528
-34.6416
-34.6161
-34.5784
-34.531
-34.4761
-34.4162
-34.3534
-34.2899
-34.2274
-34.1677
-34.112
-34.0615
-34.0172
-33.9796
-33.9491
-33.9261
-33.9105
-33.9022
-33.9009
-33.9062
-33.9174
-33.9342
-33.9557
-33.9813
-34.0103
-34.0419
-34.0754
-34.1101
-34.1454
-34.1807
-34.2153
-34.2487
-34.2804
-34.3099
-34.3369
-34.3608
-34.3814
-34.3981
-34.4107
-34.4188
-34.4218
-34.419
-34.4097
-34.3939
-34.3726
-34.3489
-34.3273
-34.3134
-34.3129
-34.3306
-34.3701
-34.4328
-34.5184
-34.6248
-34.7485
-34.8853
-35.0298
-35.1767
-35.3201
-35.4549
-35.5766
-35.6814
-35.7671
-35.8321
-35.8763
-35.9001
-35.9047
-35.8919
-35.8638
-35.8227
-35.771
-35.7111
-35.6454
-35.5761
-35.5052
-35.4346
-35.3661
-35.301
-35.2406
-35.1858
-35.1375
-35.0962
-35.0623
-35.036
-35.0173
-35.006
-35.0018
-35.0045
-35.0134
-35.028
-35.0476
-35.0717
-35.0995
-35.1303
-35.1634
-35.198
-35.2337
-35.2696
-35.3052
-35.3399
-35.3733
-35.4046
-35.4336
-35.4596
-35.4821
-35.5007
-35.5149
-35.5241
-35.5278
-35.5252
-35.5153
-35.4972
-35.4704
-35.4364
-35.3983
-35.3615
-35.3325
-35.3183
-35.3249
-35.357
-35.4169
-35.505
-35.6195
-35.7572
-35.9136
-36.0829
-36.2591
-36.4355
-36.6059
-36.7648
-36.9075
-37.0307
-37.1321
-37.2106
-37.2663
-37.2998
-37.3125
-37.3062
-37.2831
-37.2454
-37.1955
-37.1359
-37.0687
-36.9964
-36.9208
-36.844
-36.7677
-36.6934
-36.6224
-36.5559
-36.495
-36.4402
-36.3922
-36.3515
-36.3182
-36.2924
-36.274
-36.263
-36.2589
-36.2614
-36.2701
-36.2843
-36.3035
-36.3271
-36.3544
-36.3848
-36.4177
-36.4523
-36.4881
-36.5245
-36.5609
-36.5967
-36.6315
-36.6647
-36.696
-36.7248
-36.7506
-36.7731
-36.7915
-36.8054
-36.814
-36.8167
-36.8125
-36.8003
-36.7787
-36.7461
-36.702
-36.6476
-36.5867
-36.5257
-36.4724
-36.4354
-36.4223
-36.4392
-36.4895
-36.5746
-36.6933
-36.8427
-37.018
-37.2133
-37.4216
-37.6355
-37.8475
-38.0508
-38.2398
-38.4098
-38.5577
-38.6816
-38.7806
-38.855
-38.9055
-38.9337
-38.9414
-38.9306
-38.9036
-38.8626
-38.8101
-38.7482
-38.6791
-38.6048
-38.5272
-38.4481
-38.369
-38.2913
-38.2162
-38.145
-38.0785
-38.0174
-37.9624
-37.9139
-37.8723
-37.8377
-37.8103
-37.7899
-37.7764
-37.7696
-37.7692
-37.7748
-37.7858
-37.8019
-37.8226
-37.8472
-37.8752
-37.9062
-37.9394
-37.9744
-38.0107
-38.0478
-38.0852
-38.1224
-38.1591
-38.1949
-38.2294
-38.2623
-38.2933
-38.3221
-38.3483
-38.3718
-38.3921
-38.4088
-38.4215
-38.4295
-38.4319
-38.4278
-38.4157
-38.394
-38.36
-38.3113
-38.2458
-38.1637
-38.0683
-37.9662
-37.8667
-37.7802
-37.7173
-37.6868
-37.6952
-37.7463
-37.841
-37.978
-38.1535
-38.362
-38.596
-38.8473
-39.107
-39.3665
-39.618
-39.8551
-40.0728
-40.2673
-40.4366
-40.5795
-40.696
-40.7867
-40.8529
-40.8963
-40.9188
-40.9224
-40.9094
-40.8818
-40.8419
-40.7917
-40.7331
-40.6681
-40.5983
-40.5254
-40.4509
-40.376
-40.302
-40.2299
-40.1608
-40.0953
-40.0343
-39.9782
-39.9276
-39.8827
-39.8438
-39.8111
-39.7847
-39.7645
-39.7504
-39.7422
-39.7398
-39.7429
-39.7511
-39.7641
-39.7815
-39.8029
-39.8279
-39.8561
-39.8871
-39.9204
-39.9556
-39.9925
-40.0305
-40.0693
-40.1087
-40.1482
-40.1877
-40.2269
-40.2655
-40.3034
-40.3403
-40.3763
-40.411
-40.4444
-40.4765
-40.5071
-40.5362
-40.5637
-40.5897
-40.6139
-40.6365
-40.6573
-40.6763
-40.6934
-40.7083
-40.7208
-40.7306
-40.7367
-40.7381
-40.7324
-40.7166
-40.6861
-40.6353
-40.5583
-40.4505
-40.3107
-40.1423
-39.9539
-39.7578
-39.5689
-39.4023
-39.2717
-39.1884
-39.1601
-39.1912
-39.2828
-39.433
-39.6371
-39.8876
-40.1751
-40.4889
-40.8178
-41.1511
-41.4794
-41.7947
-42.0908
-42.3632
-42.6091
-42.8268
-43.0159
-43.1768
-43.3104
-43.4183
-43.5021
-43.5639
-43.6056
-43.6293
-43.6372
-43.6311
-43.6131
-43.5849
-43.5482
-43.5047
-43.4559
-43.403
-43.3475
-43.2903
-43.2325
-43.1751
-43.1189
-43.0645
-43.0127
-42.964
-42.9188
-42.8775
-42.8405
-42.808
-42.7801
-42.7569
-42.7387
-42.7252
-42.7165
-42.7126
-42.7133
-42.7184
-42.7278
-42.7413
-42.7586
-42.7796
-42.8039
-42.8314
-42.8617
-42.8946
-42.9298
-42.9671
-43.0062
-43.0469
-43.089
-43.1321
-43.1763
-43.2211
-43.2665
-43.3123
-43.3583
-43.4045
-43.4506
-43.4966
-43.5424
-43.5879
-43.633
-43.6777
-43.722
-43.7657
-43.809
-43.8517
-43.8938
-43.9354
-43.9765
-44.0171
-44.0571
-44.0967
-44.1357
-44.1744
-44.2126
-44.2505
-44.288
-44.3252
-44.3621
-44.3987
-44.4352
-44.4714
-44.5075
-44.5435
-44.5793
-44.6151
-44.6509
-44.6866
-44.7224
-44.7582
-44.794
-44.8298
-44.8658
-44.9018
-44.9379
-44.9741
-45.0104
-45.0468
-45.0833
-45.1198
-45.1564
-45.193
-45.2295
-45.2658
-45.3015
-45.336
-45.3682
-45.3965
-45.4179
-45.4278
-45.4195
-45.3836
-45.3081
-45.1799
-44.987
-44.7228
-44.3881
-43.9922
-43.5523
-43.0908
-42.633
-42.2042
-41.8279
-41.5235
-41.3058
-41.1848
-41.1657
-41.2493
-41.4317
-41.7046
-42.0553
-42.468
-42.9253
-43.4096
-43.9048
-44.3968
-44.8744
-45.3294
-45.7558
-46.15
-46.5101
-46.8357
-47.1272
-47.3859
-47.6134
-47.8117
-47.9831
-48.1299
-48.2543
-48.3586
-48.4449
-48.5152
-48.5716
-48.6158
-48.6495
-48.6743
-48.6915
-48.7025
-48.7084
-48.7104
-48.7093
-48.7061
-48.7015
-48.6962
-48.6908
-48.6858
-48.6818
-48.679
-48.6779
-48.6787
-48.6818
-48.6872
-48.6952
-48.7058
-48.7193
-48.7356
-48.7548
-48.7768
-48.8018
-48.8296
-48.8603
-48.8937
-48.9298
-48.9686
-49.0099
-49.0537
-49.0998
-49.1482
-49.1988
-49.2514
-49.306
-49.3625
-49.4207
-49.4805
-49.5419
-49.6048
-49.669
-49.7345
-49.8012
-49.869
-49.9379
-50.0077
-50.0784
-50.15
-50.2224
-50.2954
-50.3692
-50.4436
-50.5186
-50.5942
-50.6702
-50.7468
-50.8238
-50.9013
-50.9792
-51.0575
-51.1362
-51.2153
-51.2947
-51.3745
-51.4547
-51.5351
-51.616
-51.6971
-51.7786
-51.8604
-51.9426
-52.0251
-52.108
-52.1911
-52.2747
-52.3585
-52.4428
-52.5273
-52.6123
-52.6976
-52.7833
-52.8693
-52.9557
-53.0425
-53.1297
-53.2173
-53.3053
-53.3937
-53.4824
-53.5716
-53.6612
-53.7512
-53.8417
-53.9325
-54.0238
-54.1154
-54.2075
-54.3001
-54.393
-54.4864
-54.5802
-54.6745
-54.7692
-54.8643
-54.9598
-55.0558
-55.1522
-55.2491
-55.3463
-55.444
-55.5422
-55.6407
-55.7397
-55.8391
-55.9389
-56.0392
-56.1398
-56.2409
-56.3424
-56.4443
-56.5467
-56.6494
-56.7526
-56.8561
-56.96
-57.0644
-57.1691
-57.2742
-57.3798
-57.4857
-57.5919
-57.6986
-57.8056
-57.913
-58.0208
-58.1289
-58.2374
-58.3463
-58.4555
-58.565
-58.6749
-58.7851
-58.8957
-59.0066
-59.1178
-59.2293
-59.3412
-59.4533
-59.5658
-59.6786
-59.7916
-59.905
-60.0186
-60.1326
-60.2468
-60.3612
-60.476
-60.591
-60.7062
-60.8217
-60.9375
-61.0535
-61.1697
-61.2861
-61.4028
-61.5197
-61.6368
-61.7541
-61.8715
-61.9892
-62.1071
-62.2251
-62.3434
-62.4617
-62.5803
-62.699
-62.8178
-62.9368
-63.0559
-63.1752
-63.2945
-63.414
-63.5336
-63.6533
-63.7731
-63.893
-64.0129
-64.1329
-64.253
-64.3732
-64.4934
-64.6136
-64.7339
-64.8543
-64.9746
-65.095
-65.2154
-65.3357
-65.4561
-65.5765
-65.6968
-65.8172
-65.9374
-66.0577
-66.1779
-66.2981
-66.4182
-66.5382
-66.6581
-66.778
-66.8977
-67.0174
-67.137
-67.2564
-67.3758
-67.495
-67.614
-67.7329
-67.8517
-67.9703
-68.0888
-68.207
-68.3251
-68.443
-68.5608
-68.6783
-68.7955
-68.9126
-69.0295
-69.1461
-69.2625
-69.3786
-69.4945
-69.6101
-69.7254
-69.8405
-69.9553
-70.0698
-70.184
-70.2978
-70.4114
-70.5247
-70.6376
-70.7502
-70.8625
-70.9744
-71.086
-71.1972
-71.308
-71.4185
-71.5286
-71.6383
-71.7476
-71.8565
-71.965
-72.0731
-72.1808
-72.2881
-72.3949
-72.5014
-72.6073
-72.7129
-72.8179
-72.9226
-73.0268
-73.1305
-73.2337
-73.3365
-73.4387
-73.5405
-73.6419
-73.7427
-73.843
-73.9428
-74.0421
-74.1409
-74.2392
-74.337
-74.4343
-74.531
-74.6272
-74.7229
-74.818
-74.9126
-75.0066
-75.1002
-75.1931
-75.2855
-75.3774
-75.4687
-75.5594
-75.6496
-75.7392
-75.8283
-75.9168
-76.0047
-76.092
-76.1788
-76.265
-76.3506
-76.4357
-76.5201
-76.604
-76.6873
-76.7701
-76.8522
-76.9338
-77.0148
-77.0951
-77.175
-77.2542
-77.3328
-77.4109
-77.4883
-77.5652
-77.6415
-77.7172
-77.7923
-77.8669
-77.9408
-78.0142
-78.087
-78.1592
-78.2308
-78.3019
-78.3723
-78.4422
-78.5115
-78.5803
-78.6484
-78.716
-78.783
-78.8495
-78.9153
-78.9806
-79.0454
-79.1095
-79.1731
-79.2362
-79.2987
-79.3606
-79.422
-79.4828
-79.5431
-79.6028
-79.662
-79.7206
-79.7787
-79.8363
-79.8933
-79.9498
-80.0057
-80.0611
-80.116
-80.1704
-80.2242
-80.2776
-80.3304
-80.3827
-80.4345
-80.4858
-80.5366
-80.5869
-80.6366
-80.6859
-80.7347
-80.783
-80.8309
-80.8782
-80.9251
-80.9715
-81.0174
-81.0628
-81.1078
-81.1523
-81.1963
-81.2399
-81.2831
-81.3257
-81.368
-81.4098
-81.4511
-81.492
-81.5325
-81.5726
-81.6122
-81.6514
-81.6902
-81.7285
-81.7665
-81.804
-81.8411
-81.8778
-81.9141
-81.9501
-81.9856
-82.0207
-82.0554
-82.0898
-82.1238
-82.1574
-82.1906
-82.2234
-82.2559
-82.288
-82.3198
-82.3511
-82.3822
-82.4129
-82.4432
-82.4732
-82.5028
-82.5321
-82.5611
-82.5897
-82.618
-82.6459
-82.6736
-82.7009
-82.7279
-82.7546
-82.781

