-88
-87.9148
-87.8301
-87.7461
-87.6631
-87.5817
-87.5025
-87.4259
-87.3524
-87.2824
-87.2163
-87.1543
-87.0965
-87.0429
-86.9936
-86.9484
-86.9072
-86.87
-86.8364
-86.8065
-86.7799
-86.7565
-86.7361
-86.7185
-86.7036
-86.6911
-86.6809
-86.6729
-86.6668
-86.6627
-86.6602
-86.6594
-86.6601
-86.6621
-86.6655
-86.67
-86.6756
-86.6823
-86.6898
-86.6983
-86.7075
-86.7175
-86.7282
-86.7394
-86.7513
-86.7636
-86.7764
-86.7897
-86.8034
-86.8174
-86.8317
-86.8463
-86.8611
-86.8762
-86.8915
-86.9069
-86.9226
-86.9383
-86.9541
-86.9701
-86.9861
-87.0021
-87.0182
-87.0344
-87.0505
-87.0666
-87.0827
-87.0988
-87.1149
-87.1309
-87.1469
-87.1628
-87.1786
-87.1944
-87.21
-87.2256
-87.2411
-87.2565
-87.2718
-87.287
-87.3021
-87.317
-87.3319
-87.3466
-87.3612
-87.3756
-87.39
-87.4042
-87.4183
-87.4322
-87.446
-87.4597
-87.4732
-87.4866
-87.4999
-87.513
-87.5259
-87.5388
-87.5515
-87.564
-87.5765
-87.5887
-87.6009
-87.6129
-87.6247
-87.6364
-87.648
-87.6595
-87.6708
-87.6819
-87.693
-87.7039
-87.7146
-87.7253
-87.7358
-87.7461
-87.7564
-87.7665
-87.7765
-87.7863
-87.796
-87.8057
-87.8151
-87.8245
-87.8337
-87.8428
-87.8518
-87.8607
-87.8694
-87.8781
-87.8866
-87.895
-87.9033
-87.9115
-87.9196
-87.9275
-87.9354
-87.9431
-87.9508
-87.9583
-87.9658
-87.9731
-87.9803
-87.9874
-87.9945
-88.0014
-88.0082
-88.015
-88.0216
-88.0281
-88.0346
-88.041
-88.0472
-88.0534
-88.0595
-88.0655
-88.0714
-88.0772
-88.083
-88.0886
-88.0942
-88.0997
-88.1051
-88.1105
-88.1157
-88.1209
-88.126
-88.131
-88.136
-88.1408
-88.1456
-88.1504
-88.155
-88.1596
-88.1641
-88.1686
-88.1729
-88.1772
-88.1815
-88.1856
-88.1898
-88.1938
-88.1978
-88.2017
-88.2056
-88.2093
-88.2131
-88.2167
-88.2204
-88.2239
-88.2274
-88.2308
-88.2342
-88.2376
-88.2408
-88.244
-88.2472
-88.2503
-88.2534
-88.2564
-88.2593
-88.2622
-88.2649
-88.2671
-88.2685
-88.2686
-88.2666
-88.262
-88.2543
-88.2429
-88.2275
-88.2077
-88.1834
-88.1545
-88.121
-88.0828
-88.0402
-87.9932
-87.942
-87.8867
-87.8276
-87.7649
-87.6987
-87.6293
-87.5569
-87.4816
-87.4037
-87.3234
-87.2408
-87.1561
-87.0694
-86.981
-86.891
-86.7994
-86.7065
-86.6124
-86.5171
-86.4209
-86.3237
-86.2257
-86.127
-86.0277
-85.9279
-85.8276
-85.7269
-85.6258
-85.5245
-85.4231
-85.3214
-85.2197
-85.1179
-85.0162
-84.9145
-84.8129
-84.7114
-84.61
-84.5089
-84.408
-84.3073
-84.207
-84.1069
-84.0071
-83.9077
-83.8087
-83.7101
-83.6118
-83.514
-83.4166
-83.3197
-83.2232
-83.1272
-83.0316
-82.9366
-82.8421
-82.748
-82.6545
-82.5615
-82.469
-82.377
-82.2856
-82.1946
-82.1043
-82.0144
-81.9252
-81.8364
-81.7482
-81.6605
-81.5734
-81.4869
-81.4008
-81.3153
-81.2304
-81.146
-81.0621
-80.9788
-80.896
-80.8138
-80.7321
-80.6509
-80.5702
-80.4901
-80.4105
-80.3314
-80.2528
-80.1747
-80.0972
-80.0201
-79.9436
-79.8675
-79.792
-79.7169
-79.6423
-79.5682
-79.4946
-79.4215
-79.3488
-79.2766
-79.2049
-79.1336
-79.0628
-78.9925
-78.9226
-78.8531
-78.7841
-78.7155
-78.6473
-78.5796
-78.5123
-78.4454
-78.379
-78.3129
-78.2472
-78.182
-78.1172
-78.0527
-77.9887
-77.925
-77.8617
-77.7988
-77.7363
-77.6741
-77.6123
-77.5509
-77.4898
-77.4291
-77.3688
-77.3088
-77.2491
-77.1898
-77.1308
-77.0722
-77.0138
-76.9559
-76.8982
-76.8408
-76.7838
-76.7271
-76.6707
-76.6146
-76.5588
-76.5033
-76.448
-76.3931
-76.3385
-76.2841
-76.2301
-76.1763
-76.1228
-76.0695
-76.0165
-75.9638
-75.9114
-75.8592
-75.8072
-75.7556
-75.7041
-75.6529
-75.602
-75.5513
-75.5008
-75.4506
-75.4006
-75.3508
-75.3012
-75.2519
-75.2028
-75.1539
-75.1052
-75.0567
-75.0085
-74.9604
-74.9126
-74.8649
-74.8174
-74.7702
-74.7231
-74.6762
-74.6295
-74.583
-74.5367
-74.4905
-74.4446
-74.3988
-74.3531
-74.3077
-74.2624
-74.2172
-74.1723
-74.1275
-74.0828
-74.0383
-73.994
-73.9498
-73.9057
-73.8618
-73.818
-73.7744
-73.7309
-73.6876
-73.6444
-73.6013
-73.5583
-73.5155
-73.4728
-73.4302
-73.3877
-73.3454
-73.3032
-73.261
-73.219
-73.1771
-73.1353
-73.0937
-73.0521
-73.0106
-72.9692
-72.9279
-72.8867
-72.8457
-72.8046
-72.7637
-72.7229
-72.6822
-72.6415
-72.6009
-72.5604
-72.52
-72.4796
-72.4394
-72.3991
-72.359
-72.3189
-72.2789
-72.239
-72.1991
-72.1593
-72.1195
-72.0798
-72.0402
-72.0005
-71.961
-71.9215
-71.882
-71.8426
-71.8032
-71.7639
-71.7246
-71.6853
-71.6461
-71.6069
-71.5678
-71.5286
-71.4895
-71.4505
-71.4114
-71.3724
-71.3333
-71.2944
-71.2554
-71.2164
-71.1774
-71.1385
-71.0996
-71.0606
-71.0217
-70.9828
-70.9439
-70.9049
-70.866
-70.8271
-70.7881
-70.7492
-70.7102
-70.6713
-70.6323
-70.5933
-70.5542
-70.5152
-70.4761
-70.437
-70.3979
-70.3588
-70.3196
-70.2804
-70.2411
-70.2019
-70.1625
-70.1232
-70.0838
-70.0443
-70.0048
-69.9653
-69.9257
-69.886
-69.8463
-69.8065
-69.7667
-69.7268
-69.6868
-69.6468
-69.6067
-69.5666
-69.5263
-69.486
-69.4456
-69.4051
-69.3646
-69.3239
-69.2832
-69.2424
-69.2014
-69.1604
-69.1193
-69.0781
-69.0368
-68.9953
-68.9538
-68.9122
-68.8704
-68.8285
-68.7865
-68.7444
-68.7021
-68.6598
-68.6172
-68.5746
-68.5318
-68.4889
-68.4458
-68.4026
-68.3592
-68.3157
-68.272
-68.2282
-68.1842
-68.14
-68.0957
-68.0512
-68.0065
-67.9616
-67.9165
-67.8713
-67.8258
-67.7802
-67.7343
-67.6883
-67.642
-67.5956
-67.5489
-67.502
-67.4549
-67.4075
-67.3599
-67.312
-67.264
-67.2156
-67.167
-67.1182
-67.0691
-67.0197
-66.97
-66.9201
-66.8699
-66.8194
-66.7685
-66.7174
-66.666
-66.6142
-66.5622
-66.5098
-66.4571
-66.404
-66.3506
-66.2968
-66.2426
-66.1881
-66.1332
-66.0779
-66.0223
-65.9662
-65.9097
-65.8528
-65.7955
-65.7377
-65.6795
-65.6208
-65.5616
-65.502
-65.4419
-65.3813
-65.3201
-65.2585
-65.1963
-65.1336
-65.0703
-65.0064
-64.942
-64.8769
-64.8113
-64.745
-64.678
-64.6104
-64.5422
-64.4732
-64.4035
-64.3331
-64.2619
-64.1899
-64.1172
-64.0436
-63.9692
-63.8939
-63.8177
-63.7406
-63.6626
-63.5835
-63.5035
-63.4224
-63.3402
-63.2568
-63.1723
-63.0866
-62.9996
-62.9112
-62.8214
-62.7302
-62.6374
-62.543
-62.4468
-62.3488
-62.2488
-62.1468
-62.0425
-61.9359
-61.8267
-61.7148
-61.5999
-61.4818
-61.3603
-61.2351
-61.1059
-60.9724
-60.8343
-60.6913
-60.543
-60.3891
-60.2292
-60.0629
-59.8899
-59.7097
-59.522
-59.3264
-59.1223
-58.9094
-58.6872
-58.455
-58.2123
-57.9585
-57.6926
-57.4138
-57.1208
-56.8124
-56.4867
-56.1415
-55.774
-55.3802
-54.9551
-54.491
-53.9772
-53.3963
-52.7208
-51.9058
-50.8805
-49.5374
-47.7273
-45.2896
-42.1027
-38.1163
-33.3765
-28.0426
-22.1883
-15.7081
-9.00454
-3.14689
1.00967
3.2934
3.81496
2.68373
-0.0324532
-4.27144
-9.91806
-16.4234
-22.169
-27.1374
-31.3522
-34.898
-37.8865
-40.3451
-42.2735
-43.6929
-44.6554
-45.2289
-45.4814
-45.4738
-45.2571
-44.8732
-44.3556
-43.7314
-43.0221
-42.2453
-41.4152
-40.5438
-39.6412
-38.7166
-37.7782
-36.8342
-35.8926
-34.9615
-34.0492
-33.1641
-32.3142
-31.5075
-30.7512
-30.0515
-29.4134
-28.8382
-28.3266
-27.8788
-27.494
-27.1703
-26.9044
-26.692
-26.5278
-26.406
-26.3194
-26.2589
-26.2134
-26.1743
-26.1416
-26.1292
-26.1633
-26.2753
-26.4926
-26.8314
-27.2934
-27.8662
-28.5263
-29.2425
-29.9812
-30.712
-31.4111
-32.0572
-32.6302
-33.1118
-33.4877
-33.7501
-33.8979
-33.9362
-33.8747
-33.7262
-33.505
-33.2259
-32.9032
-32.5506
-32.1803
-31.8033
-31.4293
-31.0664
-30.7213
-30.3997
-30.1055
-29.8419
-29.6106
-29.4124
-29.2474
-29.1146
-29.013
-28.9404
-28.8948
-28.8733
-28.8731
-28.8913
-28.9246
-28.9701
-29.0248
-29.0859
-29.1507
-29.2169
-29.2822
-29.3448
-29.4027
-29.4544
-29.4985
-29.5336
-29.5586
-29.5727
-29.5747
-29.5626
-29.5323
-29.4788
-29.3999
-29.3023
-29.2039
-29.1307
-29.1108
-29.1666
-29.3108
-29.5446
-29.8582
-30.2338
-30.6504
-31.087
-31.5228
-31.937
-32.3092
-32.6217
-32.8619
-33.0228
-33.1035
-33.1077
-33.0428
-32.9186
-32.7457
-32.5353
-32.2981
-32.044
-31.7821
-31.5202
-31.2649
-31.0219
-30.7956
-30.5894
-30.4055
-30.2457
-30.1104
-29.9997
-29.913
-29.8491
-29.8065
-29.7833
-29.7774
-29.7867
-29.8089
-29.8416
-29.8826
-29.9298
-29.981
-30.0343
-30.088
-30.1405
-30.1902
-30.2358
-30.2762
-30.3099
-30.3359
-30.353
-30.3599
-30.3558
-30.3393
-30.3079
-30.257
-30.1807
-30.0775
-29.9555
-29.835
-29.744
-29.7119
-29.7623
-29.9081
-30.1504
-30.479
-30.8757
-31.3193
-31.7879
-32.2593
-32.7111
-33.1217
-33.4724
-33.7498
-33.9465
-34.0607
-34.096
-34.0591
-33.9593
-33.8069
-33.6127
-33.387
-33.1396
-32.8796
-32.615
-32.3525
-32.0982
-31.8569
-31.6324
-31.4278
-31.2451
-31.0856
-30.95
-30.8382
-30.7496
-30.6831
-30.6375
-30.6108
-30.6011
-30.6064
-30.6244
-30.6529
-30.6896
-30.7325
-30.7793
-30.8283
-30.8774
-30.9249
-30.9692
-31.0088
-31.0421
-31.0676
-31.0839
-31.0894
-31.0829
-31.0632
-31.028
-30.9732
-30.8925
-30.7818
-30.645
-30.4988
-30.3708
-30.2934
-30.2962
-30.3992
-30.6102
-30.9246
-31.3271
-31.7964
-32.309
-32.8415
-33.3699
-33.8704
-34.3208
-34.7029
-35.0047
-35.2202
-35.3491
-35.3959
-35.3679
-35.2746
-35.1262
-34.9332
-34.7059
-34.4536
-34.1852
-33.9085
-33.6305
-33.357
-33.0933
-32.8435
-32.611
-32.3984
-32.2076
-32.0398
-31.8955
-31.7748
-31.6771
-31.6015
-31.5467
-31.5111
-31.4928
-31.4899
-31.5001
-31.5213
-31.5512
-31.5878
-31.6287
-31.6719
-31.7154
-31.7573
-31.7957
-31.8286
-31.8544
-31.871
-31.8766
-31.8694
-31.8478
-31.8102
-31.7534
-31.672
-31.5589
-31.4115
-31.2377
-31.0597
-30.9108
-30.827
-30.8395
-30.9681
-31.2191
-31.5855
-32.0496
-32.5879
-33.1749
-33.7851
-34.392
-34.9695
-35.4934
-35.9446
-36.3102
-36.5839
-36.7652
-36.8585
-36.871
-36.8121
-36.6917
-36.5203
-36.3079
-36.0638
-35.7969
-35.515
-35.2253
-34.9339
-34.6465
-34.3675
-34.1012
-33.8507
-33.6187
-33.4071
-33.2174
-33.0504
-32.9064
-32.7852
-32.6864
-32.6089
-32.5514
-32.5125
-32.4903
-32.4829
-32.4882
-32.5042
-32.5286
-32.5593
-32.5941
-32.6309
-32.6675
-32.702
-32.7321
-32.7558
-32.771
-32.7753
-32.7664
-32.7421
-32.7002
-32.6385
-32.5529
-32.4364
-32.2815
-32.0863
-31.8629
-31.6388
-31.4528
-31.3456
-31.3511
-31.4904
-31.7693
-32.1795
-32.7015
-33.3099
-33.9772
-34.6753
-35.3751
-36.0475
-36.6656
-37.2084
-37.6612
-38.0168
-38.2743
-38.4372
-38.5126
-38.5095
-38.4379
-38.3079
-38.1294
-37.9116
-37.6633
-37.3923
-37.1057
-36.8099
-36.5107
-36.2131
-35.9214
-35.6395
-35.3705
-35.1173
-34.8819
-34.666
-34.4709
-34.2972
-34.1454
-34.0153
-33.9065
-33.8182
-33.7493
-33.6986
-33.6645
-33.6452
-33.6391
-33.644
-33.6581
-33.6792
-33.7054
-33.7345
-33.7645
-33.7933
-33.8188
-33.8389
-33.8513
-33.8535
-33.8429
-33.8167
-33.7719
-33.7057
-33.6151
-33.4952
-33.3376
-33.133
-32.8789
-32.5885
-32.2932
-32.0375
-31.8686
-31.8262
-31.936
-32.2067
-32.6313
-33.19
-33.8564
-34.6009
-35.393
-36.2003
-36.9898
-37.7308
-38.3981
-38.9739
-39.4485
-39.8188
-40.0875
-40.2606
-40.3468
-40.3558
-40.2975
-40.1817
-40.0179
-39.8146
-39.5798
-39.3206
-39.0436
-38.7545
-38.4586
-38.1605
-37.8643
-37.5735
-37.2915
-37.0208
-36.7638
-36.5224
-36.2982
-36.0924
-35.9057
-35.7387
-35.5916
-35.4642
-35.3561
-35.2666
-35.1948
-35.1397
-35.0998
-35.0739
-35.0604
-35.0575
-35.0637
-35.0771
-35.096
-35.1186
-35.1431
-35.1677
-35.1907
-35.2101
-35.2241
-35.2305
-35.2271
-35.2114
-35.1803
-35.1303
-35.0575
-34.9578
-34.8268
-34.6577
-34.4394
-34.1601
-33.8165
-33.4247
-33.0226
-32.6628
-32.4011
-32.2844
-32.3434
-32.5898
-33.0178
-33.6074
-34.3309
-35.1571
-36.0523
-36.9801
-37.9024
-38.7835
-39.5937
-40.3114
-40.924
-41.4265
-41.8203
-42.111
-42.3068
-42.4172
-42.4521
-42.4216
-42.3349
-42.2008
-42.0273
-41.8217
-41.5905
-41.3395
-41.074
-40.7987
-40.5176
-40.2346
-39.9528
-39.6752
-39.4042
-39.1422
-38.891
-38.6523
-38.4274
-38.2175
-38.0234
-37.8457
-37.6848
-37.5409
-37.4138
-37.3034
-37.2092
-37.1306
-37.0668
-37.017
-36.9801
-36.955
-36.9405
-36.9355
-36.9385
-36.9484
-36.9638
-36.9835
-37.0061
-37.0303
-37.055
-37.0789
-37.1008
-37.1195
-37.1337
-37.1421
-37.1432
-37.1354
-37.1168
-37.085
-37.037
-36.9689
-36.8755
-36.7504
-36.5857
-36.3711
-36.0912
-35.7274
-35.2694
-34.7287
-34.1446
-33.5786
-33.1
-32.7716
-32.6394
-32.7277
-33.0401
-33.5622
-34.2679
-35.1258
-36.1002
-37.1507
-38.2331
-39.3031
-40.321
-41.256
-42.0873
-42.804
-43.4032
-43.8879
-44.2651
-44.5439
-44.7343
-44.8466
-44.8907
-44.8759
-44.811
-44.7037
-44.5612
-44.3898
-44.1951
-43.9822
-43.7556
-43.5191
-43.2763
-43.0301
-42.7834
-42.5384
-42.2973
-42.0619
-41.8336
-41.614
-41.4041
-41.2049
-41.0172
-40.8417
-40.6788
-40.5288
-40.392
-40.2684
-40.158
-40.0605
-39.9758
-39.9034
-39.8428
-39.7935
-39.7549
-39.7264
-39.7072
-39.6966
-39.6937
-39.6978
-39.7082
-39.724
-39.7445
-39.7688
-39.7964
-39.8264
-39.8583
-39.8914
-39.925
-39.9588
-39.9921
-40.0246
-40.0556
-40.0849
-40.1121
-40.1367
-40.1584
-40.1768
-40.1916
-40.2022
-40.2082
-40.209
-40.2038
-40.1918
-40.1716
-40.1414
-40.0983
-40.0373
-39.9497
-39.8212
-39.6303
-39.3481
-38.9392
-38.3697
-37.6236
-36.7193
-35.7152
-34.6986
-33.7674
-33.011
-32.498
-32.2705
-32.344
-32.7103
-33.3443
-34.2119
-35.273
-36.4817
-37.7854
-39.1276
-40.4536
-41.7166
-42.881
-43.9245
-44.8364
-45.6153
-46.266
-46.7972
-47.2196
-47.5444
-47.7832
-47.9467
-48.0449
-48.087
-48.0815
-48.0358
-47.9567
-47.8499
-47.7209
-47.5742
-47.4138
-47.2434
-47.066
-46.8844
-46.7008
-46.5174
-46.3358
-46.1575
-45.9839
-45.8161
-45.6548
-45.501
-45.3552
-45.218
-45.0897
-44.9706
-44.8609
-44.7607
-44.6701
-44.589
-44.5173
-44.4549
-44.4017
-44.3572
-44.3213
-44.2936
-44.2738
-44.2616
-44.2564
-44.258
-44.2658
-44.2795
-44.2987
-44.3229
-44.3518
-44.3849
-44.4217
-44.4621
-44.5055
-44.5516
-44.6002
-44.6509
-44.7034
-44.7574
-44.8127
-44.8691
-44.9264
-44.9844
-45.0429
-45.1018
-45.1609
-45.2202
-45.2794
-45.3387
-45.3978
-45.4567
-45.5154
-45.5738
-45.6319
-45.6896
-45.7471
-45.8041
-45.8609
-45.9173
-45.9733
-46.029
-46.0844
-46.1395
-46.1943
-46.2488
-46.3031
-46.3571
-46.4109
-46.4645
-46.5179
-46.5711
-46.6242
-46.6771
-46.7298
-46.7824
-46.8349
-46.8871
-46.9393
-46.9912
-47.0429
-47.0943
-47.1455
-47.1962
-47.2465
-47.2961
-47.3448
-47.392
-47.4368
-47.4769
-47.5085
-47.5244
-47.5134
-47.4569
-47.326
-47.0775
-46.6527
-45.9798
-44.9836
-43.6112
-41.8661
-39.8206
-37.6027
-35.371
-33.288
-31.4979
-30.1107
-29.1936
-28.7692
-28.836
-29.3693
-30.3227
-31.6354
-33.2427
-35.0768
-37.0629
-39.1185
-41.1584
-43.1043
-44.8965
-46.4995
-47.9007
-49.1038
-50.1221
-50.9731
-51.6756
-52.2477
-52.7067
-53.068
-53.3455
-53.5517
-53.6974
-53.7925
-53.8452
-53.8632
-53.8527
-53.8194
-53.7682
-53.7033
-53.6282
-53.546
-53.4595
-53.3708
-53.2818
-53.1942
-53.1092
-53.0279
-52.9514
-52.8803
-52.8151
-52.7564
-52.7044
-52.6595
-52.6217
-52.5912
-52.568
-52.5519
-52.543
-52.5412
-52.5462
-52.5579
-52.5761
-52.6005
-52.631
-52.6673
-52.7091
-52.7562
-52.8084
-52.8653
-52.9267
-52.9925
-53.0622
-53.1358
-53.2129
-53.2933
-53.3769
-53.4634
-53.5526
-53.6444
-53.7386
-53.835
-53.9335
-54.0338
-54.136
-54.2398
-54.3452
-54.452
-54.5602
-54.6696
-54.7802
-54.8919
-55.0047
-55.1184
-55.233
-55.3485
-55.4647
-55.5818
-55.6996
-55.818
-55.9372
-56.0569
-56.1773
-56.2983
-56.4198
-56.5419
-56.6646
-56.7877
-56.9114
-57.0355
-57.1601
-57.2852
-57.4108
-57.5368
-57.6632
-57.7901
-57.9174
-58.0451
-58.1732
-58.3017
-58.4306
-58.5599
-58.6896
-58.8197
-58.9501
-59.0808
-59.212
-59.3434
-59.4752
-59.6073
-59.7397
-59.8724
-60.0055
-60.1388
-60.2724
-60.4062
-60.5403
-60.6747
-60.8093
-60.9442
-61.0793
-61.2145
-61.35
-61.4857
-61.6216
-61.7576
-61.8938
-62.0301
-62.1666
-62.3032
-62.4399
-62.5768
-62.7137
-62.8507
-62.9878
-63.1249
-63.2621
-63.3993
-63.5366
-63.6738
-63.8111
-63.9483
-64.0856
-64.2227
-64.3599
-64.497
-64.634
-64.771
-64.9078
-65.0446
-65.1813
-65.3178
-65.4542
-65.5904
-65.7265
-65.8624
-65.9982
-66.1337
-66.2691
-66.4042
-66.5391
-66.6738
-66.8083
-66.9424
-67.0763
-67.2099
-67.3433
-67.4763
-67.609
-67.7413
-67.8734
-68.0051
-68.1364
-68.2673
-68.3979
-68.5281
-68.6579
-68.7872
-68.9162
-69.0447
-69.1727
-69.3003
-69.4274
-69.5541
-69.6802
-69.8059
-69.931
-70.0557
-70.1798
-70.3033
-70.4263
-70.5488
-70.6707
-70.792
-70.9128
-71.0329
-71.1525
-71.2714
-71.3897
-71.5074
-71.6245
-71.7409
-71.8567
-71.9718
-72.0863
-72.2001
-72.3132
-72.4256
-72.5374
-72.6484
-72.7588
-72.8684
-72.9774
-73.0856
-73.1931
-73.2998
-73.4059
-73.5112
-73.6158
-73.7196
-73.8227
-73.925
-74.0266
-74.1274
-74.2275
-74.3268
-74.4254
-74.5232
-74.6202
-74.7165
-74.812
-74.9067
-75.0007
-75.0939
-75.1863
-75.278
-75.3689
-75.459
-75.5483
-75.6369
-75.7247
-75.8118
-75.8981
-75.9836
-76.0683
-76.1523
-76.2356
-76.3181
-76.3998
-76.4808
-76.561
-76.6405
-76.7193
-76.7973
-76.8746
-76.9511
-77.0269
-77.102
-77.1764
-77.25
-77.323
-77.3952
-77.4667
-77.5375
-77.6077
-77.6771
-77.7458
-77.8139
-77.8812
-77.9479
-78.014
-78.0793
-78.144
-78.2081
-78.2714
-78.3342
-78.3963
-78.4578
-78.5186
-78.5788
-78.6384
-78.6974
-78.7557
-78.8135
-78.8706
-78.9272
-78.9832
-79.0385
-79.0933
-79.1476
-79.2012
-79.2543
-79.3069
-79.3588
-79.4103
-79.4612
-79.5115
-79.5613
-79.6106
-79.6594
-79.7076
-79.7554
-79.8026
-79.8493
-79.8956
-79.9413
-79.9866
-80.0313
-80.0756
-80.1194
-80.1628
-80.2056
-80.2481
-80.29
-80.3316
-80.3726
-80.4133
-80.4535
-80.4932
-80.5326
-80.5715
-80.61
-80.6481
-80.6858
-80.723
-80.7599
-80.7964
-80.8325
-80.8682
-80.9035
-80.9384
-80.973
-81.0071
-81.041
-81.0744
-81.1075
-81.1402
-81.1726
-81.2046
-81.2363
-81.2677
-81.2987
-81.3294
-81.3597
-81.3897
-81.4194
-81.4488
-81.4778
-81.5066
-81.535
-81.5631
-81.5909
-81.6184
-81.6457
-81.6726
-81.6992
-81.7256
-81.7516
-81.7774
-81.8029
-81.8281
-81.8531
-81.8777
-81.9021
-81.9263
-81.9502
-81.9738
-81.9971
-82.0203
-82.0431
-82.0657
-82.0881
-82.1102
-82.1321
-82.1537
-82.1751
-82.1963
-82.2172
-82.2379
-82.2584
-82.2786
-82.2987
-82.3185
-82.338
-82.3574
-82.3766
-82.3955
-82.4143
-82.4328
-82.4511
-82.4693
-82.4872
-82.5049
-82.5224
-82.5398
-82.5569
-82.5738
-82.5906
-82.6072
-82.6236
-82.6398
-82.6558
-82.6716
-82.6873
-82.7028
-82.7181
-82.7332
-82.7482
-82.763
-82.7776
-82.792
-82.8063
-82.8205
-82.8344
-82.8483
-82.8619
-82.8754
-82.8887
-82.9019
-82.915
-82.9278
-82.9406
-82.9532
-82.9656
-82.9779
-82.9901
-83.0021
-83.0139
-83.0257
-83.0373
-83.0487
-83.06
-83.0712
-83.0823
-83.0932
-83.104
-83.1146
-83.1252
-83.1356
-83.1459
-83.156
-83.1661
-83.176
-83.1858
-83.1955

