-88
-87.4594
-87.0369
-86.7111
-86.4587
-86.2621
-86.1089
-85.9903
-85.9
-85.8329
-85.7851
-85.7532
-85.7347
-85.7271
-85.7287
-85.7379
-85.7531
-85.7734
-85.7977
-85.8253
-85.8553
-85.8872
-85.9206
-85.955
-85.9901
-86.0255
-86.0611
-86.0967
-86.132
-86.1669
-86.2014
-86.2353
-86.2686
-86.3013
-86.3332
-86.3644
-86.3949
-86.4246
-86.4535
-86.4816
-86.509
-86.5356
-86.5615
-86.5867
-86.6111
-86.6349
-86.658
-86.6804
-86.7022
-86.7233
-86.7439
-86.7639
-86.7833
-86.8022
-86.8205
-86.8384
-86.8557
-86.8726
-86.889
-86.9051
-86.9206
-86.9358
-86.9506
-86.965
-86.9791
-86.9928
-87.0061
-87.0191
-87.0319
-87.0443
-87.0564
-87.0683
-87.0798
-87.0912
-87.1022
-87.113
-87.1236
-87.134
-87.1441
-87.154
-87.1637
-87.1732
-87.1825
-87.1916
-87.2006
-87.2093
-87.2179
-87.2264
-87.2346
-87.2427
-87.2507
-87.2585
-87.2661
-87.2736
-87.281
-87.2882
-87.2954
-87.3023
-87.3092
-87.3159
-87.3226
-87.3291
-87.3355
-87.3418
-87.3479
-87.354
-87.36
-87.3659
-87.3716
-87.3773
-87.3829
-87.3884
-87.3938
-87.3991
-87.4043
-87.4095
-87.4145
-87.4195
-87.4244
-87.4292
-87.4339
-87.4386
-87.4432
-87.4477
-87.4522
-87.4565
-87.4608
-87.4651
-87.4692
-87.4733
-87.4774
-87.4814
-87.4853
-87.4891
-87.4929
-87.4966
-87.5003
-87.5039
-87.5075
-87.511
-87.5144
-87.5178
-87.5212
-87.5244
-87.5277
-87.5309
-87.534
-87.5371
-87.5401
-87.5431
-87.546
-87.5489
-87.5517
-87.5545
-87.5573
-87.56
-87.5627
-87.5653
-87.5679
-87.5704
-87.5729
-87.5753
-87.5777
-87.5801
-87.5824
-87.5847
-87.587
-87.5892
-87.5914
-87.5935
-87.5956
-87.5977
-87.5997
-87.6017
-87.6037
-87.6056
-87.6075
-87.6094
-87.6112
-87.613
-87.6148
-87.6165
-87.6182
-87.6199
-87.6216
-87.6232
-87.6248
-87.6263
-87.6278
-87.6293
-87.6308
-87.6323
-87.6337
-87.6351
-87.6364
-87.6378
-87.6391
-87.6404
-87.6416
-87.6428
-87.6441
-87.5997
-87.5049
-87.3732
-87.2178
-87.0481
-86.8699
-86.687
-86.5017
-86.3159
-86.1308
-85.9472
-85.7659
-85.5873
-85.4119
-85.2398
-85.0713
-84.9065
-84.7454
-84.5882
-84.4347
-84.2849
-84.1388
-83.9963
-83.8573
-83.7217
-83.5895
-83.4605
-83.3346
-83.2117
-83.0917
-82.9745
-82.86
-82.7481
-82.6387
-82.5317
-82.427
-82.3245
-82.2241
-82.1258
-82.0294
-81.935
-81.8423
-81.7514
-81.6622
-81.5746
-81.4885
-81.4039
-81.3208
-81.2391
-81.1586
-81.0795
-81.0016
-80.9249
-80.8494
-80.7749
-80.7015
-80.6292
-80.5579
-80.4875
-80.4181
-80.3496
-80.282
-80.2152
-80.1493
-80.0841
-80.0197
-79.9561
-79.8932
-79.8311
-79.7696
-79.7088
-79.6487
-79.5892
-79.5303
-79.472
-79.4143
-79.3572
-79.3007
-79.2447
-79.1892
-79.1343
-79.0799
-79.026
-78.9726
-78.9196
-78.8672
-78.8152
-78.7636
-78.7125
-78.6619
-78.6116
-78.5618
-78.5124
-78.4634
-78.4148
-78.3666
-78.3188
-78.2713
-78.2242
-78.1775
-78.1312
-78.0852
-78.0395
-77.9942
-77.9492
-77.9046
-77.8603
-77.8163
-77.7726
-77.7293
-77.6862
-77.6435
-77.601
-77.5589
-77.5171
-77.4755
-77.4342
-77.3932
-77.3525
-77.3121
-77.2719
-77.232
-77.1924
-77.153
-77.1139
-77.0751
-77.0365
-76.9981
-76.96
-76.9221
-76.8845
-76.8471
-76.81
-76.7731
-76.7364
-76.6999
-76.6637
-76.6277
-76.5919
-76.5563
-76.5209
-76.4858
-76.4508
-76.4161
-76.3816
-76.3472
-76.3131
-76.2792
-76.2455
-76.2119
-76.1786
-76.1455
-76.1125
-76.0797
-76.0471
-76.0147
-75.9825
-75.9505
-75.9186
-75.8869
-75.8554
-75.824
-75.7928
-75.7618
-75.731
-75.7003
-75.6697
-75.6394
-75.6092
-75.5791
-75.5492
-75.5195
-75.4899
-75.4604
-75.4311
-75.402
-75.373
-75.3441
-75.3154
-75.2868
-75.2584
-75.2301
-75.2019
-75.1739
-75.146
-75.1182
-75.0906
-75.0631
-75.0357
-75.0084
-74.9813
-74.9543
-74.9274
-74.9006
-74.8739
-74.8474
-74.821
-74.7946
-74.7684
-74.7424
-74.7164
-74.6905
-74.6647
-74.6391
-74.6135
-74.5881
-74.5627
-74.5375
-74.5123
-74.4873
-74.4623
-74.4374
-74.4127
-74.388
-74.3634
-74.3389
-74.3145
-74.2902
-74.266
-74.2418
-74.2177
-74.1938
-74.1699
-74.1461
-74.1223
-74.0987
-74.0751
-74.0516
-74.0281
-74.0048
-73.9815
-73.9583
-73.9351
-73.912
-73.889
-73.8661
-73.8432
-73.8204
-73.7977
-73.775
-73.7523
-73.7298
-73.7073
-73.6848
-73.6624
-73.6401
-73.6178
-73.5956
-73.5734
-73.5513
-73.5292
-73.5072
-73.4852
-73.4632
-73.4414
-73.4195
-73.3977
-73.376
-73.3542
-73.3326
-73.3109
-73.2893
-73.2678
-73.2462
-73.2247
-73.2033
-73.1819
-73.1605
-73.1391
-73.1178
-73.0965
-73.0752
-73.0539
-73.0327
-73.0115
-72.9903
-72.9692
-72.948
-72.9269
-72.9058
-72.8847
-72.8637
-72.8426
-72.8216
-72.8006
-72.7796
-72.7586
-72.7376
-72.7166
-72.6956
-72.6746
-72.6537
-72.6327
-72.6118
-72.5908
-72.5699
-72.5489
-72.528
-72.507
-72.486
-72.4651
-72.4441
-72.4231
-72.4021
-72.3811
-72.3601
-72.3391
-72.3181
-72.297
-72.276
-72.2549
-72.2338
-72.2126
-72.1915
-72.1703
-72.1491
-72.1279
-72.1067
-72.0854
-72.0641
-72.0428
-72.0214
-72
-71.9786
-71.9571
-71.9356
-71.914
-71.8925
-71.8708
-71.8491
-71.8274
-71.8057
-71.7838
-71.762
-71.74
-71.7181
-71.696
-71.674
-71.6518
-71.6296
-71.6073
-71.585
-71.5626
-71.5401
-71.5176
-71.495
-71.4723
-71.4495
-71.4267
-71.4038
-71.3808
-71.3577
-71.3345
-71.3113
-71.2879
-71.2645
-71.241
-71.2173
-71.1936
-71.1697
-71.1458
-71.1218
-71.0976
-71.0733
-71.0489
-71.0244
-70.9998
-70.9751
-70.9502
-70.9252
-70.9
-70.8748
-70.8493
-70.8238
-70.7981
-70.7722
-70.7462
-70.72
-70.6937
-70.6672
-70.6406
-70.6137
-70.5867
-70.5595
-70.5322
-70.5046
-70.4769
-70.4489
-70.4207
-70.3924
-70.3638
-70.335
-70.306
-70.2767
-70.2472
-70.2175
-70.1875
-70.1573
-70.1268
-70.096
-70.065
-70.0336
-70.002
-69.9701
-69.9379
-69.9054
-69.8725
-69.8393
-69.8058
-69.7719
-69.7376
-69.703
-69.668
-69.6326
-69.5968
-69.5605
-69.5238
-69.4867
-69.4491
-69.4111
-69.3725
-69.3334
-69.2938
-69.2536
-69.2129
-69.1716
-69.1296
-69.087
-69.0438
-68.9998
-68.9551
-68.9097
-68.8635
-68.8164
-68.7685
-68.7197
-68.6699
-68.6191
-68.5672
-68.5141
-68.4598
-68.4043
-68.3473
-68.2888
-68.2287
-68.1669
-68.1031
-68.0373
-67.9692
-67.8986
-67.8253
-67.7489
-67.6692
-67.5859
-67.4984
-67.4065
-67.3097
-67.2074
-67.0992
-66.9844
-66.8623
-66.7324
-66.5939
-66.4459
-66.2877
-66.1182
-65.9365
-65.7414
-65.5315
-65.3052
-65.0608
-64.796
-64.5082
-64.194
-63.8491
-63.4681
-63.0436
-62.5657
-62.0205
-61.3879
-60.6373
-59.7199
-58.5523
-56.977
-54.6562
-50.7189
-42.3157
-20.2286
23.8727
45.9211
44.5103
33.5759
16.0251
1.05398
-9.20653
-17.8689
-26.8955
-35.3375
-45.3977
-63.4783
-76.6102
-80.5508
-81.3095
-80.9645
-80.2937
-79.5905
-78.9541
-78.4064
-77.941
-77.5433
-77.1978
-76.8913
-76.6129
-76.3543
-76.1091
-75.8724
-75.6407
-75.4112
-75.1819
-74.9514
-74.7185
-74.4823
-74.2423
-73.9978
-73.7485
-73.494
-73.2341
-72.9684
-72.6967
-72.4187
-72.1341
-71.8426
-71.5437
-71.2371
-70.9222
-70.5984
-70.2647
-69.9202
-69.5637
-69.1936
-68.8081
-68.4046
-67.9801
-67.5306
-67.0506
-66.5332
-65.9683
-65.3419
-64.6329
-63.8085
-62.814
-61.5499
-59.8134
-57.117
-52.0389
-40.4707
-13.7122
31.5377
46.5164
43.7335
32.0606
14.8936
0.577251
-9.55313
-18.3129
-27.3321
-35.7721
-46.8109
-64.6812
-76.5821
-80.6733
-81.8437
-81.8589
-81.4235
-80.8355
-80.2207
-79.6287
-79.0755
-78.5622
-78.0844
-77.6358
-77.2102
-76.802
-76.4065
-76.0198
-75.6388
-75.261
-74.8847
-74.5082
-74.1305
-73.7505
-73.3676
-72.981
-72.5903
-72.1947
-71.7937
-71.3865
-70.9721
-70.5495
-70.1174
-69.6741
-69.2174
-68.7445
-68.2521
-67.7355
-67.1887
-66.6037
-65.9689
-65.2681
-64.4768
-63.5556
-62.4378
-60.9969
-58.9609
-55.6301
-48.9027
-33.658
-1.5817
40.5259
46.66
40.9908
26.8012
9.56431
-3.12116
-12.5892
-21.4537
-30.4861
-38.9237
-52.6594
-70.2271
-78.0744
-80.693
-81.292
-81.083
-80.5701
-79.9699
-79.3723
-78.8108
-78.2935
-77.8179
-77.3778
-76.9659
-76.5757
-76.2015
-75.8384
-75.4828
-75.1316
-74.7825
-74.4337
-74.0837
-73.7316
-73.3766
-73.0179
-72.655
-72.2874
-71.9146
-71.536
-71.151
-70.7587
-70.3584
-69.9486
-69.5279
-69.0945
-68.6459
-68.179
-67.6898
-67.1731
-66.6221
-66.027
-65.3744
-64.6445
-63.8069
-62.8116
-61.5696
-59.9039
-57.4035
-52.9196
-43.0372
-20.1658
22.1957
45.6307
44.8084
34.5065
17.5609
2.28485
-8.34666
-17.2156
-26.2341
-34.8207
-45.0774
-62.1362
-75.3664
-79.9368
-81.2247
-81.237
-80.7653
-80.1399
-79.4976
-78.891
-78.3353
-77.8302
-77.3695
-76.9452
-76.5496
-76.1759
-75.8185
-75.4726
-75.1347
-74.8017
-74.4713
-74.1419
-73.8118
-73.4802
-73.146
-72.8087
-72.4675
-72.122
-71.7717
-71.4158
-71.0539
-70.6851
-70.3085
-69.923
-69.5272
-69.1195
-68.6976
-68.2588
-67.7997
-67.3157
-66.801
-66.2473
-65.6436
-64.974
-64.2143
-63.3267
-62.247
-60.8552
-58.8969
-55.7307
-49.437
-35.1387
-4.38713
39.1705
46.6883
41.5844
27.8167
10.4591
-2.51815
-12.081
-20.9127
-29.9579
-38.2732
-51.4245
-69.2647
-77.7192
-80.5155
-81.1427
-80.9061
-80.3469
-79.698
-79.0567
-78.4595
-77.9157
-77.4228
-76.974
-76.5616
-76.1782
-75.8172
-75.4732
-75.1417
-74.8191
-74.5024
-74.1894
-73.8783
-73.5675
-73.2559
-72.9426
-72.6268
-72.3079
-71.9852
-71.6582
-71.3263
-70.9888
-70.6451
-70.2942
-69.9352
-69.5669
-69.1877
-68.7959
-68.3891
-67.9646
-67.5185
-67.0461
-66.5412
-65.9952
-65.3962
-64.727
-63.9616
-63.0585
-61.9461
-60.4884
-58.3887
-54.873
-47.5875
-30.8563
3.33898
42.5258
46.524
39.8138
24.8712
7.91501
-4.21848
-13.4923
-22.3854
-31.3658
-39.9971
-54.5315
-71.6456
-78.5731
-80.7598
-81.1159
-80.7508
-80.1283
-79.4473
-78.7896
-78.1845
-77.6378
-77.1457
-76.7005
-76.2943
-75.9193
-75.569
-75.2377
-74.9208
-74.6146
-74.316
-74.0225
-73.7321
-73.4434
-73.1551
-72.866
-72.5755
-72.2826
-71.9869
-71.6878
-71.3846
-71.0768
-70.7639
-70.445
-70.1195
-69.7864
-69.4445
-69.0927
-68.7293
-68.3523
-67.9593
-67.5471
-67.1119
-66.6486
-66.1503
-65.6078
-65.0082
-64.3324
-63.5517
-62.619
-61.4522
-59.8904
-57.5708
-53.5042
-44.6571
-24.0681
15.7903
45.0114
45.5911
36.5068
20.1188
4.19348
-6.87088
-15.8238
-24.793
-33.5398
-43.0342
-59.3266
-74.3611
-79.648
-81.1337
-81.1583
-80.6303
-79.9275
-79.2079
-78.5333
-77.923
-77.3777
-76.891
-76.4543
-76.0587
-75.6964
-75.3605
-75.0453
-74.7461
-74.459
-74.1808
-73.9091
-73.6418
-73.3771
-73.1139
-72.8509
-72.5874
-72.3226
-72.0558
-71.7865
-71.5142
-71.2384
-70.9586
-70.6743
-70.3849
-70.0898
-69.7883
-69.4796
-69.1625
-68.8361
-68.4987
-68.1488
-67.7841
-67.402
-66.9992
-66.5714
-66.113
-65.6166
-65.0719
-64.4647
-63.7735
-62.9656
-61.9867
-60.7394
-59.0278
-56.3903
-51.5063
-40.3497
-14.7253
30.4943
46.3555
43.6858
31.8985
14.5142
0.193205
-9.90287
-18.6619
-27.7025
-36.0448
-47.0876
-64.8724
-76.3612
-80.1619
-81.0913
-80.9003
-80.2927
-79.5672
-78.849
-78.1861
-77.5919
-77.0647
-76.5973
-76.1806
-75.8059
-75.4653
-75.1519
-74.8601
-74.5851
-74.3231
-74.0709
-73.826
-73.5862
-73.3499
-73.1158
-72.8827
-72.6498
-72.4163
-72.1816
-71.9453
-71.7069
-71.466
-71.2223
-70.9753
-70.7248
-70.4703
-70.2114
-69.9477
-69.6786
-69.4034
-69.1216
-68.8323
-68.5344
-68.2268
-67.9081
-67.5766
-67.2302
-66.8663
-66.4818
-66.0724
-65.633
-65.1564
-64.6331
-64.0498
-63.387
-62.6152
-61.6867
-60.5183
-58.9494
-56.6222
-52.5725
-43.722
-22.98
17.946
45.3704
45.3708
35.8065
19.1048
3.40074
-7.43705
-16.3025
-25.2756
-33.9266
-43.4073
-59.8997
-74.7923
-79.8228
-81.1155
-80.9971
-80.366
-79.5917
-78.8257
-78.1245
-77.5031
-76.9595
-76.4847
-76.0685
-75.7007
-75.3722
-75.0754
-74.8038
-74.5521
-74.3158
-74.0915
-73.8761
-73.6674
-73.4635
-73.2628
-73.0641
-72.8665
-72.6692
-72.4715
-72.273
-72.0733
-71.872
-71.6688
-71.4636
-71.256
-71.046
-70.8333
-70.6176
-70.3989
-70.1768
-69.9512
-69.7216
-69.4878
-69.2495
-69.006
-68.7571
-68.502
-68.2401
-67.9706
-67.6926
-67.4049
-67.1062
-66.7949
-66.4691
-66.1265
-65.764
-65.3781
-64.964
-64.5156
-64.0246
-63.4798
-62.8653
-62.1576
-61.3206
-60.2945
-58.9722
-57.1396
-54.2952
-48.998
-36.4221
-9.06244
38.0733
46.8623
42.2539
28.7911
11.0212
-2.14571
-11.6894
-20.4067
-29.511
-37.3994
-49.3963
-68.4722
-77.7997
-80.4426
-80.7161
-80.138
-79.3029
-78.4497
-77.6688
-76.9867
-76.4034
-75.9087
-75.4895
-75.1327
-74.8266
-74.5611
-74.328
-74.1201
-73.9318
-73.7585
-73.5964
-73.4425
-73.2944
-73.1502
-73.0084
-72.8678
-72.7274
-72.5866
-72.4447
-72.3014
-72.1564
-72.0094
-71.8603
-71.709
-71.5554
-71.3995
-71.2412
-71.0806
-70.9176
-70.7523
-70.5845
-70.4144
-70.2418
-70.0668
-69.8892
-69.7091
-69.5264
-69.3409
-69.1525
-68.9612
-68.7666
-68.5688
-68.3673
-68.162
-67.9526
-67.7388
-67.5201
-67.296
-67.0662
-66.83
-66.5867
-66.3355
-66.0755
-65.8055
-65.5243
-65.2301
-64.9212
-64.5951
-64.2488
-63.8788
-63.4802
-63.047
-62.5709
-62.0407
-61.4405
-60.7472
-59.925
-58.9156
-57.6157
-55.8226
-53.0757
-48.0942
-36.4215
-9.3481
38.5931
46.8039
41.9013
28.0683
10.1416
-2.79598
-12.2276
-20.9337
-30.0387
-37.5171
-49.1792
-68.4648
-77.4771
-79.6005
-79.2692
-78.1599
-76.9538
-75.8775
-74.9779
-74.2459
-73.6598
-73.197
-72.8366
-72.5604
-72.3523
-72.1983
-72.0867
-72.0075
-71.9527
-71.9154
-71.8903
-71.8731
-71.8603
-71.8493
-71.8379
-71.8246
-71.8082
-71.7877
-71.7627
-71.7326
-71.6974
-71.6568
-71.6109
-71.5596
-71.5033
-71.4419
-71.3758
-71.3051
-71.2301
-71.151
-71.068
-70.9814
-70.8914
-70.7982
-70.702
-70.6031
-70.5017
-70.3978
-70.2918
-70.1837
-70.0737
-69.9619
-69.8486
-69.7337
-69.6175
-69.4999
-69.3813
-69.2615
-69.1407
-69.0191
-68.8966
-68.7733
-68.6493
-68.5246
-68.3994
-68.2737
-68.1474
-68.0207
-67.8936
-67.7661
-67.6382
-67.5101
-67.3816
-67.2529
-67.1239
-66.9947
-66.8652
-66.7355
-66.6056
-66.4754
-66.3449
-66.2142
-66.0831
-65.9516
-65.8198
-65.6875
-65.5547
-65.4212
-65.2871
-65.1521
-65.0163
-64.8793
-64.7411
-64.6015
-64.4603
-64.3172
-64.172
-64.0243
-63.8737
-63.7199
-63.5624
-63.4005
-63.2336
-63.0609
-62.8814
-62.6941
-62.4976
-62.2901
-62.0696
-61.8336
-61.5787
-61.3008
-60.9942
-60.6513
-60.2617
-59.8103
-59.2744
-58.6186
-57.7826
-56.6562
-55.0103
-52.2834
-46.7388
-32.3349
-3.24351
38.9252
45.889
40.0481
25.1262
7.63635
-4.74007
-14.0794
-22.9972
-31.9387
-40.3459
-54.5843
-70.2183
-75.5319
-76.3998
-75.6016
-74.2082
-72.7159
-71.4063
-70.4178
-69.7386
-69.2875
-68.989
-68.7946
-68.6762
-68.6171
-68.6061
-68.6344
-68.6945
-68.7798
-68.8842
-69.0025
-69.13
-69.2628
-69.3977
-69.532
-69.6637
-69.7912
-69.9132
-70.0287
-70.1373
-70.2383
-70.3317
-70.4173
-70.4952
-70.5653
-70.628
-70.6834
-70.7319
-70.7736
-70.8089
-70.8382
-70.8617
-70.8799
-70.8929
-70.9012
-70.9051
-70.9048
-70.9007
-70.8931
-70.8821
-70.8682
-70.8515
-70.8323
-70.8108
-70.7873
-70.7619
-70.7349
-70.7065
-70.6768
-70.6461
-70.6144
-70.582
-70.549
-70.5155
-70.4818
-70.4479
-70.4139
-70.38
-70.3463
-70.3128
-70.2798
-70.2473
-70.2154
-70.1841
-70.1536
-70.1239
-70.0951
-70.0672
-70.0404
-70.0147
-69.9901
-69.9667
-69.9445
-69.9236
-69.904
-69.8857
-69.8688
-69.8533
-69.8392
-69.8266
-69.8153
-69.8056
-69.7973
-69.7904
-69.785
-69.7811
-69.7787
-69.7777
-69.7782
-69.7801
-69.7834
-69.7881
-69.7943
-69.8018
-69.8106
-69.8208
-69.8323
-69.8451
-69.8592
-69.8744
-69.8909
-69.9086
-69.9274
-69.9473
-69.9684
-69.9904
-70.0135
-70.0377
-70.0627
-70.0887
-70.1156
-70.1434
-70.1721
-70.2015
-70.2318
-70.2628
-70.2945
-70.3269
-70.36
-70.3938
-70.4282
-70.4631
-70.4986
-70.5347
-70.5713
-70.6084
-70.646
-70.684
-70.7224
-70.7613
-70.8005
-70.8401
-70.8801
-70.9204
-70.961
-71.0019
-71.0431
-71.0845
-71.1262
-71.1682
-71.2104
-71.2527
-71.2953
-71.3381
-71.381
-71.4241
-71.4674
-71.5108
-71.5543
-71.5979
-71.6417
-71.6856
-71.7295
-71.7736
-71.8177
-71.8619
-71.9062
-71.9505
-71.9949
-72.0394
-72.0838
-72.1284
-72.1729
-72.2175
-72.2621
-72.3067
-72.3513
-72.3959
-72.4406
-72.4852
-72.5298
-72.5745
-72.6191
-72.6637
-72.7083
-72.7528
-72.7974
-72.8419
-72.8864
-72.9308
-72.9752
-73.0196
-73.0639
-73.1082
-73.1525
-73.1967
-73.2408
-73.2849
-73.3289
-73.3729
-73.4169
-73.4607
-73.5045
-73.5483
-73.5919
-73.6355
-73.6791
-73.7225
-73.7659
-73.8092
-73.8524
-73.8956
-73.9386
-73.9816
-74.0245
-74.0673
-74.11
-74.1527
-74.1952
-74.2376
-74.28
-74.3222
-74.3644
-74.4064
-74.4483
-74.4902
-74.5319
-74.5735
-74.615
-74.6564
-74.6977
-74.7389
-74.7799
-74.8208
-74.8616
-74.9023
-74.9429
-74.9833
-75.0236
-75.0638
-75.1039
-75.1438
-75.1835
-75.2232
-75.2627
-75.3021
-75.3413
-75.3804
-75.4193
-75.4581
-75.4967
-75.5352
-75.5736
-75.6118
-75.6498
-75.6877
-75.7254
-75.763
-75.8004
-75.8377
-75.8747
-75.9117
-75.9484
-75.985
-76.0214
-76.0577
-76.0938
-76.1297
-76.1654
-76.201
-76.2364
-76.2716
-76.3066
-76.3415
-76.3762
-76.4107
-76.445
-76.4791
-76.5131
-76.5468
-76.5804
-76.6138
-76.647
-76.68
-76.7128
-76.7455
-76.7779
-76.8102
-76.8422
-76.8741
-76.9058
-76.9373
-76.9685
-76.9996
-77.0305
-77.0612
-77.0917
-77.122
-77.1522
-77.1821
-77.2118
-77.2413
-77.2706
-77.2997
-77.3287
-77.3574
-77.3859
-77.4143
-77.4424
-77.4703
-77.498
-77.5256
-77.5529
-77.58
-77.607
-77.6337
-77.6603
-77.6866
-77.7127
-77.7387
-77.7644
-77.79
-77.8154
-77.8405
-77.8655
-77.8902
-77.9148
-77.9392
-77.9634
-77.9874
-78.0112
-78.0348
-78.0582
-78.0814
-78.1045
-78.1273
-78.15
-78.1724
-78.1947
-78.2168
-78.2387
-78.2604
-78.282
-78.3033
-78.3245
-78.3455
-78.3663
-78.3869
-78.4073
-78.4276
-78.4477
-78.4676
-78.4873
-78.5068
-78.5262
-78.5454
-78.5644
-78.5833
-78.602
-78.6205
-78.6388
-78.657
-78.675
-78.6929
-78.7105
-78.728
-78.7454
-78.7626
-78.7796
-78.7965
-78.8132
-78.8297
-78.8461
-78.8623
-78.8784
-78.8943
-78.9101
-78.9257
-78.9411
-78.9564
-78.9716
-78.9866
-79.0015
-79.0162
-79.0307
-79.0452
-79.0595
-79.0736
-79.0876
-79.1014
-79.1152
-79.1287
-79.1422
-79.1555
-79.1686
-79.1817
-79.1946
-79.2073
-79.22
-79.2325
-79.2449
-79.2571
-79.2692
-79.2812
-79.2931
-79.3048
-79.3164
-79.3279
-79.3393
-79.3506
-79.3617
-79.3727
-79.3836
-79.3944
-79.4051
-79.4156
-79.426
-79.4364
-79.4466
-79.4567
-79.4667
-79.4765
-79.4863
-79.496
-79.5055
-79.515
-79.5243
-79.5336
-79.5427
-79.5517
-79.5607
-79.5695
-79.5782
-79.5869
-79.5954
-79.6038
-79.6122
-79.6204
-79.6286
-79.6366
-79.6446
-79.6525
-79.6602
-79.6679
-79.6755
-79.683
-79.6904
-79.6978
-79.705
-79.7122
-79.7192
-79.7262
-79.7331
-79.74
-79.7467
-79.7534
-79.7599
-79.7664
-79.7728
-79.7792
-79.7854
-79.7916
-79.7977
-79.8038
-79.8097
-79.8156
-79.8214

