-88
-87.948
-87.9377
-87.9615
-88.0086
-88.0701
-88.1398
-88.2135
-88.2888
-88.3638
-88.4375
-88.5093
-88.5788
-88.6458
-88.7103
-88.7721
-88.8314
-88.8883
-88.9428
-88.995
-89.0451
-89.0932
-89.1393
-89.1836
-89.2263
-89.2673
-89.3068
-89.3449
-89.3816
-89.417
-89.4513
-89.4844
-89.5164
-89.5474
-89.5774
-89.6066
-89.6348
-89.6622
-89.6889
-89.7148
-89.7399
-89.7644
-89.7883
-89.8115
-89.8341
-89.8562
-89.8777
-89.8987
-89.9192
-89.9392
-89.9587
-89.9778
-89.9965
-90.0148
-90.0326
-90.0501
-90.0672
-90.0839
-90.1003
-90.1164
-90.1321
-90.1475
-90.1626
-90.1774
-90.192
-90.2062
-90.2202
-90.2339
-90.2474
-90.2606
-90.2735
-90.2863
-90.2988
-90.3111
-90.3231
-90.335
-90.3466
-90.3581
-90.3693
-90.3804
-90.3912
-90.4019
-90.4124
-90.4227
-90.4329
-90.4429
-90.4527
-90.4623
-90.4718
-90.4812
-90.4904
-90.4994
-90.5083
-90.5171
-90.5257
-90.5341
-90.5425
-90.5507
-90.5587
-90.5667
-90.5745
-90.5822
-90.5898
-90.5972
-90.6045
-90.6117
-90.6188
-90.6258
-90.6327
-90.6395
-90.6461
-90.6527
-90.6591
-90.6655
-90.6717
-90.6779
-90.6839
-90.6899
-90.6957
-90.7015
-90.7072
-90.7128
-90.7183
-90.7237
-90.729
-90.7342
-90.7394
-90.7444
-90.7494
-90.7543
-90.7591
-90.7639
-90.7685
-90.7731
-90.7776
-90.7821
-90.7864
-90.7907
-90.7949
-90.7991
-90.8031
-90.8071
-90.8111
-90.815
-90.8188
-90.8225
-90.8262
-90.8298
-90.8333
-90.8368
-90.8403
-90.8436
-90.8469
-90.8502
-90.8534
-90.8565
-90.8596
-90.8626
-90.8655
-90.8684
-90.8713
-90.8741
-90.8769
-90.8795
-90.8822
-90.8848
-90.8873
-90.8898
-90.8923
-90.8947
-90.897
-90.8993
-90.9016
-90.9038
-90.906
-90.9081
-90.9102
-90.9122
-90.9142
-90.9162
-90.9181
-90.9199
-90.9218
-90.9236
-90.9253
-90.927
-90.9287
-90.9303
-90.9319
-90.9335
-90.935
-90.9365
-90.9379
-90.9393
-90.9407
-90.9421
-90.9434
-90.9447
-90.9459
-90.9471
-90.9483
-90.915
-90.8366
-90.7202
-90.5768
-90.4158
-90.2437
-90.0654
-89.8837
-89.7008
-89.5181
-89.3365
-89.1567
-88.9791
-88.8039
-88.6313
-88.4614
-88.2942
-88.1298
-87.9681
-87.8091
-87.6527
-87.4989
-87.3475
-87.1987
-87.0521
-86.9079
-86.7659
-86.6261
-86.4883
-86.3526
-86.2188
-86.0869
-85.9568
-85.8285
-85.702
-85.5771
-85.4538
-85.3321
-85.2119
-85.0932
-84.9759
-84.86
-84.7455
-84.6323
-84.5204
-84.4097
-84.3003
-84.192
-84.0849
-83.9789
-83.874
-83.7702
-83.6675
-83.5657
-83.465
-83.3653
-83.2665
-83.1686
-83.0717
-82.9757
-82.8805
-82.7862
-82.6928
-82.6002
-82.5084
-82.4174
-82.3273
-82.2378
-82.1492
-82.0613
-81.9741
-81.8876
-81.8019
-81.7169
-81.6325
-81.5488
-81.4658
-81.3835
-81.3018
-81.2207
-81.1403
-81.0605
-80.9813
-80.9027
-80.8247
-80.7473
-80.6705
-80.5943
-80.5186
-80.4434
-80.3689
-80.2948
-80.2213
-80.1484
-80.0759
-80.004
-79.9326
-79.8617
-79.7913
-79.7214
-79.6519
-79.583
-79.5145
-79.4465
-79.379
-79.312
-79.2454
-79.1792
-79.1135
-79.0482
-78.9834
-78.919
-78.855
-78.7915
-78.7283
-78.6656
-78.6033
-78.5414
-78.4799
-78.4188
-78.3581
-78.2977
-78.2378
-78.1782
-78.119
-78.0602
-78.0017
-77.9437
-77.8859
-77.8286
-77.7715
-77.7149
-77.6586
-77.6026
-77.5469
-77.4916
-77.4367
-77.382
-77.3277
-77.2737
-77.22
-77.1666
-77.1136
-77.0608
-77.0084
-76.9562
-76.9044
-76.8528
-76.8016
-76.7506
-76.6999
-76.6495
-76.5994
-76.5496
-76.5
-76.4507
-76.4017
-76.3529
-76.3044
-76.2562
-76.2082
-76.1605
-76.113
-76.0658
-76.0188
-75.972
-75.9255
-75.8793
-75.8333
-75.7875
-75.7419
-75.6966
-75.6515
-75.6066
-75.5619
-75.5175
-75.4732
-75.4292
-75.3854
-75.3418
-75.2984
-75.2552
-75.2122
-75.1694
-75.1268
-75.0844
-75.0422
-75.0002
-74.9584
-74.9167
-74.8752
-74.8339
-74.7928
-74.7519
-74.7111
-74.6706
-74.6301
-74.5899
-74.5498
-74.5099
-74.4701
-74.4305
-74.391
-74.3518
-74.3126
-74.2736
-74.2348
-74.1961
-74.1575
-74.1191
-74.0809
-74.0427
-74.0047
-73.9669
-73.9292
-73.8916
-73.8541
-73.8168
-73.7795
-73.7425
-73.7055
-73.6686
-73.6319
-73.5953
-73.5588
-73.5224
-73.4861
-73.4499
-73.4139
-73.3779
-73.3421
-73.3063
-73.2707
-73.2351
-73.1996
-73.1643
-73.129
-73.0938
-73.0587
-73.0237
-72.9888
-72.9539
-72.9192
-72.8845
-72.8499
-72.8154
-72.7809
-72.7465
-72.7122
-72.678
-72.6438
-72.6097
-72.5757
-72.5417
-72.5078
-72.474
-72.4402
-72.4064
-72.3727
-72.3391
-72.3055
-72.272
-72.2385
-72.2051
-72.1717
-72.1383
-72.105
-72.0718
-72.0385
-72.0053
-71.9722
-71.9391
-71.906
-71.8729
-71.8399
-71.8068
-71.7739
-71.7409
-71.7079
-71.675
-71.6421
-71.6092
-71.5763
-71.5435
-71.5106
-71.4777
-71.4449
-71.4121
-71.3792
-71.3464
-71.3136
-71.2807
-71.2479
-71.215
-71.1822
-71.1493
-71.1164
-71.0836
-71.0507
-71.0177
-70.9848
-70.9518
-70.9189
-70.8859
-70.8528
-70.8198
-70.7867
-70.7535
-70.7204
-70.6872
-70.654
-70.6207
-70.5874
-70.554
-70.5206
-70.4871
-70.4536
-70.4201
-70.3864
-70.3528
-70.319
-70.2852
-70.2514
-70.2174
-70.1835
-70.1494
-70.1152
-70.081
-70.0467
-70.0123
-69.9779
-69.9433
-69.9087
-69.8739
-69.8391
-69.8042
-69.7692
-69.734
-69.6988
-69.6635
-69.628
-69.5925
-69.5568
-69.521
-69.485
-69.449
-69.4128
-69.3765
-69.34
-69.3034
-69.2667
-69.2298
-69.1928
-69.1556
-69.1182
-69.0807
-69.0431
-69.0052
-68.9672
-68.929
-68.8906
-68.8521
-68.8133
-68.7744
-68.7352
-68.6959
-68.6563
-68.6165
-68.5765
-68.5363
-68.4959
-68.4552
-68.4143
-68.3731
-68.3317
-68.29
-68.248
-68.2058
-68.1633
-68.1205
-68.0775
-68.0341
-67.9904
-67.9465
-67.9021
-67.8575
-67.8125
-67.7672
-67.7215
-67.6755
-67.6291
-67.5823
-67.5351
-67.4875
-67.4395
-67.3911
-67.3422
-67.2929
-67.2431
-67.1928
-67.1421
-67.0908
-67.039
-66.9867
-66.9339
-66.8804
-66.8264
-66.7718
-66.7165
-66.6606
-66.604
-66.5467
-66.4887
-66.43
-66.3704
-66.3101
-66.2489
-66.1869
-66.124
-66.0601
-65.9952
-65.9292
-65.8622
-65.794
-65.7247
-65.654
-65.582
-65.5086
-65.4337
-65.3571
-65.2788
-65.1986
-65.1164
-65.0319
-64.9451
-64.8556
-64.7633
-64.6677
-64.5685
-64.4653
-64.3577
-64.245
-64.1267
-64.0021
-63.8703
-63.7305
-63.5819
-63.4233
-63.2537
-63.0721
-62.8774
-62.6686
-62.4447
-62.2049
-61.9486
-61.6754
-61.3849
-61.0774
-60.7531
-60.4125
-60.0566
-59.6862
-59.3024
-58.9065
-58.4993
-58.082
-57.6552
-57.2192
-56.774
-56.3188
-55.8524
-55.3727
-54.8766
-54.3599
-53.8172
-53.2411
-52.622
-51.9476
-51.2013
-50.3611
-49.3975
-48.2695
-46.9211
-45.2744
-43.2237
-40.6312
-37.3252
-33.0535
-27.3177
-19.2107
-7.00492
8.47757
18.63
21.556
18.4809
10.8831
1.17977
-8.79443
-18.4449
-27.2726
-35.1644
-42.7385
-50.5112
-56.8826
-61.1722
-63.9699
-65.8113
-67.0191
-67.7848
-68.229
-68.4336
-68.4577
-68.3449
-68.1281
-67.8317
-67.4743
-67.0694
-66.6271
-66.1553
-65.6594
-65.1438
-64.6117
-64.0655
-63.507
-62.9375
-62.3579
-61.769
-61.1711
-60.5645
-59.9489
-59.3242
-58.6899
-58.045
-57.3885
-56.7191
-56.0349
-55.3335
-54.6121
-53.8669
-53.0933
-52.2855
-51.4357
-50.5341
-49.5675
-48.5183
-47.3626
-46.0673
-44.5863
-42.8557
-40.7881
-38.2722
-35.1876
-31.4552
-27.0893
-21.6101
-13.9091
-3.68391
5.54277
10.1129
10.1896
6.71552
0.841923
-6.1443
-13.4198
-20.701
-27.8802
-34.608
-41.3936
-48.6122
-54.9883
-59.5797
-62.6567
-64.6707
-65.9466
-66.6992
-67.0729
-67.1674
-67.0538
-66.7838
-66.396
-65.9193
-65.3757
-64.7821
-64.1514
-63.4936
-62.8162
-62.1249
-61.4239
-60.7161
-60.0036
-59.2876
-58.5684
-57.8461
-57.1199
-56.3888
-55.651
-54.9045
-54.1466
-53.3741
-52.5828
-51.7681
-50.9238
-50.0425
-49.1148
-48.1289
-47.0694
-45.9162
-44.6429
-43.2143
-41.5834
-39.6894
-37.4562
-34.7995
-31.6509
-28.0072
-23.624
-17.6824
-9.31319
-0.2277
5.55908
7.08179
5.03384
0.430327
-5.5785
-12.1604
-18.9419
-25.759
-32.3473
-38.7799
-45.6707
-52.2239
-57.2364
-60.6694
-62.9462
-64.4189
-65.3256
-65.825
-66.0257
-66.0041
-65.8155
-65.5006
-65.0899
-64.6067
-64.0688
-63.4898
-62.8801
-62.248
-61.5993
-60.9388
-60.2697
-59.5943
-58.9141
-58.2297
-57.5415
-56.8488
-56.1511
-55.4468
-54.7343
-54.0112
-53.2749
-52.5219
-51.7482
-50.9485
-50.1168
-49.2454
-48.3245
-47.3418
-46.2814
-45.1224
-43.8376
-42.3907
-40.7337
-38.8049
-36.5283
-33.8225
-30.6259
-26.9305
-22.3098
-15.8626
-7.01023
1.43956
6.11583
6.72114
4.01722
-0.935859
-7.03859
-13.5971
-20.3209
-27.0561
-33.5003
-39.9476
-46.7463
-52.894
-57.4576
-60.5691
-62.6403
-63.9893
-64.828
-65.2977
-65.495
-65.4883
-65.3269
-65.0476
-64.678
-64.2394
-63.748
-63.2164
-62.6542
-62.0689
-61.4664
-60.8508
-60.2253
-59.5921
-58.9527
-58.3078
-57.6576
-57.0019
-56.34
-55.6706
-54.9921
-54.3025
-53.5992
-52.8789
-52.1379
-51.3713
-50.5732
-49.7364
-48.8517
-47.9074
-46.8885
-45.7756
-44.543
-43.1569
-41.5724
-39.7315
-37.5616
-34.9807
-31.9178
-28.3557
-24.1044
-18.4257
-10.4124
-1.12709
5.45862
7.86833
6.57264
2.45363
-3.33633
-9.83511
-16.5791
-23.3865
-30.0664
-36.3373
-42.9119
-49.4813
-54.8515
-58.6453
-61.2093
-62.918
-64.0313
-64.7202
-65.0991
-65.2468
-65.2196
-65.0586
-64.7945
-64.4508
-64.0456
-63.5928
-63.1032
-62.5853
-62.0457
-61.4894
-60.9201
-60.3407
-59.7532
-59.159
-58.5587
-57.9527
-57.3407
-56.7221
-56.096
-55.461
-54.8153
-54.1567
-53.4824
-52.7891
-52.0725
-51.3276
-50.548
-49.7259
-48.8511
-47.9108
-46.8884
-45.7619
-44.5025
-43.0717
-41.4186
-39.4769
-37.1654
-34.3968
-31.1061
-27.2919
-22.589
-16.1583
-7.27546
1.91655
7.60209
9.08988
6.97265
2.19755
-4.01541
-10.7546
-17.6438
-24.5436
-31.225
-37.5595
-44.168
-50.5088
-55.4916
-58.9687
-61.3228
-62.9027
-63.9437
-64.5994
-64.9723
-65.1332
-65.1326
-65.0076
-64.7863
-64.4898
-64.1348
-63.7341
-63.2977
-62.8336
-62.3479
-61.8454
-61.3297
-60.8037
-60.2694
-59.7282
-59.181
-58.6284
-58.0703
-57.5067
-56.9368
-56.3599
-55.7748
-55.1798
-54.5732
-53.9525
-53.315
-52.6571
-51.9746
-51.2622
-50.5133
-49.7197
-48.8707
-47.9529
-46.9483
-45.8336
-44.5771
-43.1369
-41.4563
-39.4616
-37.0616
-34.1594
-30.6874
-26.6442
-21.5374
-14.4238
-4.81238
4.24237
9.28122
10.0859
7.31738
2.02287
-4.51271
-11.432
-18.4335
-25.4072
-32.0907
-38.4901
-45.1192
-51.2676
-55.9677
-59.2247
-61.4376
-62.9359
-63.9371
-64.5824
-64.9654
-65.151
-65.1855
-65.1029
-64.929
-64.6836
-64.3821
-64.0364
-63.6562
-63.2487
-62.8201
-62.3748
-61.9165
-61.4479
-60.9713
-60.4882
-59.9996
-59.5063
-59.0087
-58.5069
-58.0007
-57.4899
-56.9738
-56.4516
-55.9223
-55.3846
-54.837
-54.2774
-53.7036
-53.1129
-52.5018
-51.8662
-51.2009
-50.4996
-49.754
-48.9538
-48.0856
-47.1314
-46.0679
-44.8629
-43.4733
-41.8399
-39.8838
-37.5037
-34.5857
-31.0383
-26.8615
-21.5739
-14.0907
-3.90363
5.43661
10.4473
11.0649
8.01226
2.43925
-4.29218
-11.3312
-18.416
-25.4552
-32.1835
-38.6301
-45.272
-51.3641
-55.991
-59.1985
-61.3896
-62.8893
-63.9096
-64.5873
-65.0123
-65.2467
-65.3349
-65.3092
-65.1945
-65.0097
-64.7696
-64.4858
-64.1676
-63.8223
-63.4558
-63.0726
-62.6764
-62.2701
-61.8559
-61.4356
-61.0105
-60.5815
-60.1494
-59.7144
-59.277
-58.8372
-58.3948
-57.9496
-57.5013
-57.0494
-56.5933
-56.1321
-55.665
-55.1909
-54.7085
-54.2162
-53.7122
-53.1943
-52.6598
-52.1055
-51.5273
-50.9203
-50.2784
-49.5935
-48.8557
-48.0515
-47.1636
-46.1683
-45.0335
-43.7145
-42.1493
-40.2517
-37.9057
-34.9689
-31.304
-26.8716
-21.1888
-12.8346
-1.70308
7.46683
11.7759
11.5671
7.75226
1.70729
-5.21038
-12.3069
-19.4219
-26.4634
-33.1511
-39.6863
-46.3301
-52.1837
-56.5238
-59.5288
-61.5996
-63.0363
-64.0321
-64.7111
-65.1555
-65.4218
-65.5508
-65.5725
-65.5098
-65.3804
-65.1983
-64.9744
-64.7175
-64.4345
-64.131
-63.8116
-63.4797
-63.1383
-62.7896
-62.4353
-62.077
-61.7157
-61.3523
-60.9874
-60.6214
-60.2548
-59.8876
-59.5201
-59.1522
-58.7839
-58.4151
-58.0457
-57.6755
-57.3041
-56.9314
-56.5568
-56.18
-55.8005
-55.4176
-55.0308
-54.6391
-54.2417
-53.8375
-53.425
-53.0029
-52.5692
-52.1216
-51.6574
-51.1733
-50.665
-50.1275
-49.5539
-48.9358
-48.2622
-47.5181
-46.6835
-45.7308
-44.6207
-43.2965
-41.6742
-39.6272
-36.9649
-33.4167
-28.7409
-22.8313
-13.7601
-1.63838
8.09805
12.4864
12.0811
8.06047
1.97238
-4.8762
-11.8907
-18.9565
-25.9714
-32.7113
-39.2823
-45.8569
-51.6264
-55.9517
-58.9876
-61.111
-62.612
-63.6796
-64.4355
-64.9601
-65.3089
-65.5215
-65.6274
-65.649
-65.6036
-65.505
-65.3639
-65.1892
-64.9876
-64.765
-64.5257
-64.2735
-64.0112
-63.7413
-63.4657
-63.186
-62.9033
-62.6188
-62.3331
-62.047
-61.761
-61.4755
-61.1907
-60.907
-60.6246
-60.3437
-60.0642
-59.7864
-59.5103
-59.236
-58.9635
-58.6929
-58.4241
-58.1572
-57.8922
-57.6291
-57.3678
-57.1084
-56.8507
-56.5948
-56.3407
-56.0881
-55.8369
-55.5872
-55.3386
-55.0911
-54.8442
-54.5979
-54.3517
-54.1053
-53.8582
-53.6099
-53.3597
-53.1069
-52.8507
-52.59
-52.3235
-52.0498
-51.7672
-51.4734
-51.1659
-50.8411
-50.495
-50.122
-49.7148
-49.2633
-48.753
-48.1621
-47.4544
-46.5609
-45.3367
-43.4821
-40.4704
-35.7052
-28.6735
-18.7744
-5.79809
6.06271
12.556
13.7968
11.1287
6.02497
-0.235983
-6.91836
-13.7553
-20.6609
-27.4994
-34.0857
-40.4295
-46.3876
-51.4138
-55.2475
-58.0554
-60.1074
-61.6207
-62.7459
-63.585
-64.2075
-64.6626
-64.9862
-65.2055
-65.3413
-65.4101
-65.4248
-65.396
-65.3321
-65.2399
-65.1251
-64.9922
-64.8448
-64.686
-64.5182
-64.3435
-64.1636
-63.9798
-63.7932
-63.6049
-63.4155
-63.2258
-63.0362
-62.8473
-62.6593
-62.4728
-62.2878
-62.1047
-61.9237
-61.745
-61.5687
-61.395
-61.2241
-61.056
-60.8909
-60.7289
-60.57
-60.4145
-60.2624
-60.1137
-59.9686
-59.8272
-59.6895
-59.5555
-59.4254
-59.2992
-59.1769
-59.0586
-58.9443
-58.8341
-58.7279
-58.6257
-58.5277
-58.4336
-58.3436
-58.2575
-58.1754
-58.0972
-58.0228
-57.9522
-57.8853
-57.822
-57.7622
-57.7058
-57.6528
-57.603
-57.5564
-57.5127
-57.472
-57.434
-57.3988
-57.366
-57.3358
-57.3078
-57.2821
-57.2584
-57.2368
-57.217
-57.1989
-57.1825
-57.1676
-57.1541
-57.1419
-57.1309
-57.1211
-57.1121
-57.1041
-57.0968
-57.0901
-57.0839
-57.0781
-57.0725
-57.067
-57.0615
-57.0556
-57.0493
-57.0423
-57.0342
-57.0249
-57.0138
-57.0006
-56.9844
-56.9644
-56.9394
-56.9075
-56.8655
-56.8073
-56.7178
-56.5577
-56.2372
-55.598
-54.4124
-52.3818
-49.1609
-44.0739
-36.245
-25.2342
-10.9778
4.73308
15.8565
20.4431
19.8488
15.4625
8.8122
1.30043
-6.27118
-13.6864
-20.9473
-27.9672
-34.5677
-40.7143
-46.2171
-50.7268
-54.1883
-56.7991
-58.7759
-60.2887
-61.4626
-62.3852
-63.1173
-63.7011
-64.1667
-64.5368
-64.8289
-65.0569
-65.2321
-65.3636
-65.459
-65.5246
-65.5655
-65.5859
-65.5895
-65.5791
-65.5573
-65.5259
-65.4869
-65.4415
-65.391
-65.3365
-65.2787
-65.2185
-65.1565
-65.0933
-65.0292
-64.9649
-64.9005
-64.8365
-64.7731
-64.7106
-64.6492
-64.5891
-64.5305
-64.4736
-64.4184
-64.3652
-64.314
-64.265
-64.2181
-64.1736
-64.1315
-64.0919
-64.0547
-64.0201
-63.988
-63.9586
-63.9318
-63.9076
-63.8861
-63.8673
-63.8511
-63.8375
-63.8266
-63.8182
-63.8125
-63.8093
-63.8086
-63.8104
-63.8146
-63.8213
-63.8303
-63.8416
-63.8552
-63.871
-63.889
-63.909
-63.9311
-63.9552
-63.9813
-64.0092
-64.039
-64.0705
-64.1038
-64.1387
-64.1752
-64.2133
-64.2529
-64.294
-64.3365
-64.3803
-64.4255
-64.4719
-64.5195
-64.5683
-64.6183
-64.6693
-64.7214
-64.7746
-64.8287
-64.8837
-64.9397
-64.9966
-65.0543
-65.1128
-65.1721
-65.2322
-65.293
-65.3545
-65.4167
-65.4796
-65.5431
-65.6073
-65.672
-65.7373
-65.8031
-65.8695
-65.9364
-66.0038
-66.0716
-66.14
-66.2087
-66.2779
-66.3476
-66.4176
-66.488
-66.5588
-66.63
-66.7015
-66.7733
-66.8455
-66.918
-66.9908
-67.0638
-67.1372
-67.2108
-67.2847
-67.3589
-67.4333
-67.5079
-67.5827
-67.6578
-67.7331
-67.8086
-67.8842
-67.9601
-68.0361
-68.1123
-68.1886
-68.2651
-68.3418
-68.4186
-68.4955
-68.5726
-68.6498
-68.7271
-68.8045
-68.882
-68.9596
-69.0372
-69.115
-69.1929
-69.2708
-69.3488
-69.4268
-69.5049
-69.5831
-69.6613
-69.7396
-69.8178
-69.8962
-69.9745
-70.0529
-70.1312
-70.2096
-70.288
-70.3664
-70.4448
-70.5232
-70.6015
-70.6799
-70.7582
-70.8365
-70.9147
-70.993
-71.0711
-71.1493
-71.2274
-71.3054
-71.3833
-71.4612
-71.5391
-71.6168
-71.6945
-71.7721
-71.8496
-71.927
-72.0043
-72.0816
-72.1587
-72.2357
-72.3126
-72.3893
-72.466
-72.5425
-72.6189
-72.6951
-72.7712
-72.8472
-72.923
-72.9986
-73.0741
-73.1495
-73.2246
-73.2996
-73.3744
-73.4491
-73.5235
-73.5978
-73.6719
-73.7457
-73.8194
-73.8929
-73.9661
-74.0391
-74.112
-74.1846
-74.2569
-74.3291
-74.401
-74.4726
-74.5441
-74.6152
-74.6862
-74.7568
-74.8273
-74.8974
-74.9673
-75.0369
-75.1063
-75.1753
-75.2441
-75.3127
-75.3809
-75.4488
-75.5165
-75.5838
-75.6509
-75.7176
-75.7841
-75.8502
-75.916
-75.9816
-76.0468
-76.1116
-76.1762
-76.2404
-76.3044
-76.3679
-76.4312
-76.4941
-76.5567
-76.6189
-76.6809
-76.7424
-76.8037
-76.8645
-76.9251
-76.9853
-77.0451
-77.1046
-77.1637
-77.2225
-77.2809
-77.339
-77.3967
-77.454
-77.511
-77.5677
-77.6239
-77.6798
-77.7354
-77.7906
-77.8454
-77.8998
-77.9539
-78.0076
-78.061
-78.114
-78.1666
-78.2188
-78.2707
-78.3222
-78.3734
-78.4242
-78.4746
-78.5247
-78.5743
-78.6237
-78.6726
-78.7212
-78.7694
-78.8173
-78.8648
-78.9119
-78.9587
-79.0051
-79.0512
-79.0969
-79.1422
-79.1872
-79.2318
-79.2761
-79.32
-79.3636
-79.4068
-79.4496
-79.4921
-79.5343
-79.5761
-79.6176
-79.6587
-79.6995
-79.7399
-79.78
-79.8197
-79.8592
-79.8982
-79.937
-79.9754
-80.0135
-80.0512
-80.0887
-80.1258
-80.1625
-80.199
-80.2351
-80.2709
-80.3064
-80.3416
-80.3765
-80.411
-80.4452
-80.4792
-80.5128
-80.5461
-80.5791
-80.6118
-80.6442
-80.6764
-80.7082
-80.7397
-80.7709
-80.8019
-80.8325
-80.8629
-80.893
-80.9228
-80.9523
-80.9815
-81.0105
-81.0391
-81.0675
-81.0957
-81.1235
-81.1511
-81.1785
-81.2055
-81.2323
-81.2589
-81.2852
-81.3112
-81.337
-81.3625
-81.3878
-81.4128
-81.4376
-81.4621
-81.4864
-81.5104
-81.5342
-81.5578
-81.5811
-81.6042
-81.627
-81.6497
-81.6721
-81.6942
-81.7162
-81.7379
-81.7594
-81.7807
-81.8017
-81.8226
-81.8432
-81.8636
-81.8838
-81.9038
-81.9236
-81.9432
-81.9625
-81.9817
-82.0007
-82.0194
-82.038
-82.0564
-82.0746
-82.0925
-82.1103
-82.1279
-82.1453
-82.1626
-82.1796
-82.1964
-82.2131
-82.2296
-82.2459
-82.2621
-82.278
-82.2938
-82.3094
-82.3248
-82.3401
-82.3552
-82.3701
-82.3849
-82.3995
-82.4139
-82.4282
-82.4423
-82.4563
-82.4701
-82.4837
-82.4972
-82.5105
-82.5237
-82.5367
-82.5496
-82.5623
-82.5749
-82.5873
-82.5996
-82.6118
-82.6238
-82.6357
-82.6474
-82.659
-82.6704
-82.6818
-82.693
-82.704
-82.7149
-82.7257
-82.7364
-82.7469
-82.7573
-82.7676
-82.7778

