-88
-88.2413
-88.5266
-88.7945
-89.0368
-89.2549
-89.4518
-89.6304
-89.7932
-89.9425
-90.0798
-90.2068
-90.3247
-90.4346
-90.5372
-90.6335
-90.7241
-90.8094
-90.8901
-90.9665
-91.039
-91.1079
-91.1735
-91.2361
-91.2959
-91.3531
-91.4078
-91.4603
-91.5107
-91.5591
-91.6056
-91.6504
-91.6935
-91.7351
-91.7752
-91.8139
-91.8513
-91.8874
-91.9224
-91.9562
-91.989
-92.0208
-92.0516
-92.0814
-92.1104
-92.1385
-92.1659
-92.1924
-92.2183
-92.2434
-92.2678
-92.2916
-92.3148
-92.3374
-92.3594
-92.3809
-92.4018
-92.4223
-92.4422
-92.4617
-92.4807
-92.4993
-92.5175
-92.5352
-92.5526
-92.5696
-92.5862
-92.6025
-92.6184
-92.634
-92.6493
-92.6643
-92.6789
-92.6933
-92.7074
-92.7212
-92.7348
-92.7481
-92.7611
-92.7739
-92.7865
-92.7988
-92.8109
-92.8228
-92.8345
-92.8459
-92.8572
-92.8683
-92.8791
-92.8898
-92.9003
-92.9106
-92.9208
-92.9308
-92.9406
-92.9502
-92.9597
-92.969
-92.9782
-92.9872
-92.9961
-93.0048
-93.0134
-93.0219
-93.0302
-93.0384
-93.0464
-93.0543
-93.0621
-93.0698
-93.0774
-93.0848
-93.0921
-93.0993
-93.1064
-93.1134
-93.1202
-93.127
-93.1336
-93.1402
-93.1466
-93.153
-93.1592
-93.1654
-93.1714
-93.1774
-93.1832
-93.189
-93.1947
-93.2003
-93.2058
-93.2112
-93.2165
-93.2218
-93.2269
-93.232
-93.237
-93.2419
-93.2468
-93.2516
-93.2563
-93.2609
-93.2654
-93.2699
-93.2743
-93.2786
-93.2829
-93.2871
-93.2912
-93.2952
-93.2992
-93.3031
-93.307
-93.3108
-93.3145
-93.3182
-93.3218
-93.3254
-93.3289
-93.3323
-93.3357
-93.339
-93.3422
-93.3454
-93.3486
-93.3517
-93.3547
-93.3577
-93.3606
-93.3635
-93.3664
-93.3691
-93.3719
-93.3746
-93.3772
-93.3798
-93.3823
-93.3848
-93.3873
-93.3897
-93.392
-93.3944
-93.3966
-93.3989
-93.401
-93.4032
-93.4053
-93.4074
-93.4094
-93.4114
-93.4133
-93.4152
-93.4171
-93.4189
-93.4207
-93.4224
-93.4242
-93.4258
-93.4275
-93.4291
-93.4307
-93.0858
-92.6844
-92.2933
-91.9236
-91.5758
-91.2477
-90.9373
-90.6425
-90.3617
-90.0934
-89.8362
-89.5892
-89.3515
-89.1222
-88.9007
-88.6864
-88.4787
-88.2772
-88.0815
-87.8912
-87.706
-87.5256
-87.3497
-87.1781
-87.0105
-86.8468
-86.6866
-86.53
-86.3767
-86.2265
-86.0793
-85.9349
-85.7934
-85.6544
-85.518
-85.384
-85.2523
-85.1229
-84.9956
-84.8703
-84.7471
-84.6257
-84.5062
-84.3885
-84.2725
-84.1581
-84.0453
-83.9341
-83.8244
-83.7162
-83.6093
-83.5038
-83.3996
-83.2967
-83.1951
-83.0947
-82.9954
-82.8973
-82.8002
-82.7043
-82.6094
-82.5156
-82.4227
-82.3308
-82.2399
-82.1499
-82.0608
-81.9726
-81.8853
-81.7988
-81.7131
-81.6283
-81.5442
-81.4609
-81.3784
-81.2966
-81.2156
-81.1353
-81.0557
-80.9768
-80.8986
-80.821
-80.7441
-80.6679
-80.5922
-80.5172
-80.4429
-80.3691
-80.2959
-80.2233
-80.1513
-80.0799
-80.009
-79.9386
-79.8689
-79.7996
-79.7309
-79.6627
-79.595
-79.5278
-79.4611
-79.3949
-79.3292
-79.264
-79.1993
-79.135
-79.0712
-79.0079
-78.945
-78.8825
-78.8205
-78.7589
-78.6978
-78.637
-78.5767
-78.5168
-78.4574
-78.3983
-78.3396
-78.2814
-78.2235
-78.166
-78.1089
-78.0522
-77.9958
-77.9398
-77.8842
-77.8289
-77.7741
-77.7195
-77.6653
-77.6115
-77.558
-77.5048
-77.452
-77.3995
-77.3474
-77.2955
-77.244
-77.1928
-77.1419
-77.0914
-77.0411
-76.9912
-76.9415
-76.8921
-76.8431
-76.7943
-76.7459
-76.6977
-76.6498
-76.6021
-76.5548
-76.5077
-76.4609
-76.4144
-76.3681
-76.3221
-76.2764
-76.2309
-76.1857
-76.1407
-76.096
-76.0515
-76.0072
-75.9632
-75.9195
-75.876
-75.8327
-75.7896
-75.7468
-75.7042
-75.6618
-75.6197
-75.5777
-75.536
-75.4945
-75.4532
-75.4121
-75.3712
-75.3306
-75.2901
-75.2498
-75.2097
-75.1699
-75.1302
-75.0907
-75.0514
-75.0123
-74.9733
-74.9346
-74.896
-74.8576
-74.8194
-74.7814
-74.7435
-74.7058
-74.6683
-74.6309
-74.5937
-74.5567
-74.5198
-74.4831
-74.4465
-74.4101
-74.3739
-74.3377
-74.3018
-74.266
-74.2303
-74.1948
-74.1594
-74.1242
-74.0891
-74.0541
-74.0192
-73.9845
-73.95
-73.9155
-73.8812
-73.847
-73.8129
-73.779
-73.7451
-73.7114
-73.6778
-73.6443
-73.611
-73.5777
-73.5446
-73.5115
-73.4786
-73.4457
-73.413
-73.3804
-73.3479
-73.3154
-73.2831
-73.2508
-73.2187
-73.1866
-73.1547
-73.1228
-73.091
-73.0593
-73.0276
-72.9961
-72.9646
-72.9332
-72.9019
-72.8707
-72.8395
-72.8084
-72.7774
-72.7465
-72.7156
-72.6848
-72.654
-72.6233
-72.5927
-72.5621
-72.5316
-72.5012
-72.4708
-72.4404
-72.4101
-72.3799
-72.3497
-72.3196
-72.2895
-72.2594
-72.2294
-72.1994
-72.1695
-72.1396
-72.1098
-72.08
-72.0502
-72.0204
-71.9907
-71.961
-71.9314
-71.9017
-71.8721
-71.8426
-71.813
-71.7835
-71.7539
-71.7244
-71.6949
-71.6655
-71.636
-71.6065
-71.5771
-71.5477
-71.5182
-71.4888
-71.4594
-71.43
-71.4006
-71.3711
-71.3417
-71.3123
-71.2828
-71.2534
-71.2239
-71.1945
-71.165
-71.1355
-71.106
-71.0765
-71.0469
-71.0174
-70.9878
-70.9581
-70.9285
-70.8988
-70.8691
-70.8394
-70.8096
-70.7798
-70.7499
-70.7201
-70.6901
-70.6601
-70.6301
-70.6001
-70.5699
-70.5398
-70.5096
-70.4793
-70.4489
-70.4185
-70.3881
-70.3576
-70.327
-70.2963
-70.2656
-70.2348
-70.2039
-70.1729
-70.1419
-70.1108
-70.0796
-70.0483
-70.0169
-69.9854
-69.9539
-69.9222
-69.8904
-69.8586
-69.8266
-69.7945
-69.7623
-69.73
-69.6976
-69.665
-69.6324
-69.5996
-69.5666
-69.5336
-69.5004
-69.467
-69.4336
-69.3999
-69.3662
-69.3323
-69.2982
-69.2639
-69.2295
-69.195
-69.1602
-69.1253
-69.0902
-69.0549
-69.0194
-68.9837
-68.9479
-68.9118
-68.8755
-68.839
-68.8023
-68.7654
-68.7282
-68.6908
-68.6532
-68.6153
-68.5772
-68.5388
-68.5001
-68.4612
-68.422
-68.3825
-68.3427
-68.3026
-68.2622
-68.2215
-68.1805
-68.1392
-68.0975
-68.0554
-68.013
-67.9702
-67.9271
-67.8835
-67.8396
-67.7952
-67.7505
-67.7052
-67.6596
-67.6134
-67.5668
-67.5197
-67.4721
-67.424
-67.3753
-67.3261
-67.2763
-67.2259
-67.1748
-67.1231
-67.0708
-67.0177
-66.9639
-66.9094
-66.8541
-66.798
-66.741
-66.6831
-66.6242
-66.5644
-66.5035
-66.4414
-66.3782
-66.3138
-66.248
-66.1808
-66.112
-66.0415
-65.9692
-65.8949
-65.8184
-65.7396
-65.6581
-65.5736
-65.486
-65.3947
-65.2995
-65.1999
-65.0953
-64.9853
-64.8693
-64.7468
-64.617
-64.4795
-64.3336
-64.1786
-64.014
-63.8392
-63.6538
-63.4571
-63.2489
-63.0288
-62.7964
-62.5514
-62.2935
-62.0223
-61.7376
-61.4387
-61.125
-60.7957
-60.4495
-60.085
-59.7
-59.2918
-58.8568
-58.3901
-57.8853
-57.3337
-56.7234
-56.0375
-55.252
-54.3305
-53.2164
-51.8146
-49.9506
-47.2573
-42.8741
-35.2285
-23.0288
-3.82255
19.7831
30.6977
31.1299
23.8647
12.0148
-0.240789
-11.2033
-21.2426
-30.5154
-38.8569
-48.0827
-56.9458
-62.8974
-66.566
-68.9122
-70.4688
-71.519
-72.2211
-72.6708
-72.9309
-73.0454
-73.0468
-72.9598
-72.8029
-72.5908
-72.3345
-72.0424
-71.7211
-71.3754
-71.0092
-70.6255
-70.2264
-69.8137
-69.3888
-68.9526
-68.5059
-68.0493
-67.5831
-67.1075
-66.6226
-66.128
-65.6236
-65.1086
-64.5822
-64.0433
-63.4903
-62.9214
-62.334
-61.7251
-61.0907
-60.4254
-59.7227
-58.9736
-58.1659
-57.2833
-56.3021
-55.1886
-53.892
-52.3347
-50.3936
-47.8685
-44.4268
-39.5087
-32.214
-21.6708
-4.20307
17.7757
28.1174
28.6436
21.8878
10.7781
-0.689796
-10.8437
-20.0451
-28.7752
-36.5924
-45.0002
-54.0948
-60.9903
-65.362
-68.1628
-70.0099
-71.2405
-72.0457
-72.5415
-72.8037
-72.8851
-72.8242
-72.6502
-72.3857
-72.0486
-71.6531
-71.2106
-70.7303
-70.2195
-69.6844
-69.1297
-68.5592
-67.976
-67.3823
-66.7799
-66.1699
-65.5527
-64.9286
-64.2972
-63.6576
-63.0084
-62.3477
-61.6729
-60.9807
-60.2667
-59.5255
-58.7497
-57.9301
-57.0542
-56.105
-55.0589
-53.8822
-52.5249
-50.9105
-48.9172
-46.3427
-42.8403
-37.8141
-30.395
-20.2597
-2.87706
17.2077
26.3722
26.4991
19.8599
9.40469
-1.3384
-11.0265
-19.975
-28.5091
-36.2511
-44.4907
-53.1648
-59.8176
-64.1301
-66.9428
-68.8305
-70.1131
-70.974
-71.5252
-71.8409
-71.9731
-71.9602
-71.8315
-71.6099
-71.3136
-70.957
-70.552
-70.1078
-69.6322
-69.1314
-68.6104
-68.0731
-67.5227
-66.9615
-66.3914
-65.8136
-65.2287
-64.637
-64.0382
-63.4318
-62.8165
-62.1906
-61.5521
-60.8979
-60.2244
-59.5269
-58.7993
-58.0339
-57.2203
-56.3449
-55.389
-54.3264
-53.1191
-51.7105
-50.0127
-47.8833
-45.0824
-41.1918
-35.5016
-27.2066
-15.2044
4.69058
21.1886
26.931
24.6577
16.5107
5.83731
-4.46548
-13.7882
-22.5781
-30.9238
-38.6776
-47.205
-55.295
-60.9858
-64.6556
-67.0778
-68.72
-69.8426
-70.5975
-71.0795
-71.3523
-71.4613
-71.4402
-71.3149
-71.1057
-70.8287
-70.4969
-70.1207
-69.7085
-69.2672
-68.8023
-68.3182
-67.8185
-67.3061
-66.783
-66.2508
-65.7106
-65.1631
-64.6084
-64.0462
-63.4761
-62.8968
-62.3071
-61.7047
-61.0872
-60.4512
-59.7925
-59.1057
-58.3838
-57.6179
-56.796
-55.9019
-54.9133
-53.7983
-52.5102
-50.9779
-49.0893
-46.6603
-43.3771
-38.699
-31.7871
-22.2231
-6.36901
14.41
25.4348
27.0848
21.6648
11.7471
0.939286
-8.92931
-17.9632
-26.567
-34.4983
-42.4587
-50.9887
-57.9354
-62.4961
-65.4469
-67.4198
-68.7706
-69.6991
-70.3234
-70.719
-70.9373
-71.0155
-70.9815
-70.857
-70.6592
-70.4016
-70.0954
-69.7495
-69.3712
-68.9665
-68.54
-68.0957
-67.6367
-67.1654
-66.6837
-66.1931
-65.6943
-65.1881
-64.6746
-64.1536
-63.6247
-63.087
-62.5391
-61.9795
-61.4059
-60.8155
-60.2049
-59.5696
-58.9039
-58.2005
-57.4499
-56.6393
-55.7514
-54.7621
-53.6369
-52.3246
-50.7469
-48.7793
-46.2162
-42.7068
-37.6523
-30.1735
-19.8567
-2.19166
17.7712
26.893
27.1186
20.5212
9.97891
-0.891714
-10.6707
-19.6685
-28.2195
-35.9553
-44.0192
-52.3734
-58.7601
-62.8696
-65.5273
-67.3107
-68.5389
-69.3898
-69.9687
-70.3424
-70.5564
-70.6436
-70.6289
-70.5314
-70.3664
-70.1462
-69.8807
-69.5779
-69.2446
-68.886
-68.5066
-68.1099
-67.6988
-67.2757
-66.8423
-66.4001
-65.9499
-65.4925
-65.0282
-64.5571
-64.0789
-63.5932
-63.0991
-62.5956
-62.0812
-61.5541
-61.0119
-60.4517
-59.8698
-59.2617
-58.6214
-57.9415
-57.2119
-56.4193
-55.5456
-54.5654
-53.4417
-52.12
-50.5153
-48.4917
-45.822
-42.1155
-36.7053
-28.684
-17.419
1.8771
20.4544
27.9093
26.8502
19.2417
8.27999
-2.54945
-12.2182
-21.1727
-29.6524
-37.323
-45.5354
-53.6346
-59.4821
-63.1984
-65.6094
-67.238
-68.3692
-69.1616
-69.7089
-70.0707
-70.2876
-70.389
-70.3971
-70.3291
-70.1988
-70.0172
-69.7935
-69.5348
-69.2472
-68.9358
-68.6045
-68.2568
-67.8952
-67.5221
-67.1392
-66.7478
-66.349
-65.9436
-65.5321
-65.1148
-64.6918
-64.2628
-63.8277
-63.3858
-62.9364
-62.4784
-62.0107
-61.5316
-61.0392
-60.5311
-60.0044
-59.4553
-58.8792
-58.2703
-57.621
-56.9213
-56.1578
-55.3122
-54.3587
-53.26
-51.9599
-50.3708
-48.3503
-45.6568
-41.8653
-36.2375
-27.8531
-15.7598
4.57782
22.0685
28.4832
26.5869
18.3614
7.20591
-3.55639
-13.145
-22.0608
-30.4819
-38.1664
-46.4412
-54.2934
-59.7892
-63.2671
-65.5327
-67.0746
-68.1568
-68.9261
-69.4689
-69.8398
-70.0761
-70.2049
-70.2463
-70.2164
-70.1277
-69.9906
-69.8134
-69.603
-69.365
-69.1041
-68.8241
-68.5282
-68.2191
-67.8989
-67.5693
-67.2318
-66.8876
-66.5374
-66.1819
-65.8218
-65.4572
-65.0883
-64.7152
-64.3378
-63.9559
-63.569
-63.1767
-62.7783
-62.3731
-61.9602
-61.5382
-61.1059
-60.6615
-60.2029
-59.7278
-59.2329
-58.7145
-58.1677
-57.5865
-56.9629
-56.2864
-55.5429
-54.7128
-53.7682
-52.6683
-51.3504
-49.7142
-47.5912
-44.6809
-40.4229
-33.8433
-24.3267
-9.06437
12.735
25.7135
28.6911
24.1216
14.3587
3.16322
-7.09612
-16.3341
-25.0509
-33.171
-41.0051
-49.3223
-56.3084
-60.9121
-63.8501
-65.8063
-67.1671
-68.1417
-68.8481
-69.3572
-69.7149
-69.9528
-70.0943
-70.1572
-70.1556
-70.1007
-70.0016
-69.8659
-69.6997
-69.5083
-69.2957
-69.0656
-68.8209
-68.5641
-68.297
-68.0215
-67.7388
-67.4502
-67.1566
-66.8587
-66.5571
-66.2523
-65.9446
-65.6342
-65.3214
-65.0063
-64.6887
-64.3687
-64.0462
-63.7209
-63.3927
-63.0611
-62.7259
-62.3865
-62.0424
-61.6931
-61.3377
-60.9754
-60.6052
-60.2259
-59.836
-59.4339
-59.0174
-58.5841
-58.131
-57.6541
-57.1487
-56.6086
-56.0257
-55.3894
-54.685
-53.8922
-52.9814
-51.908
-50.6012
-48.9415
-46.7093
-43.4607
-38.2711
-29.9594
-18.1632
1.31016
19.9516
27.6579
26.8859
19.7407
9.22873
-1.37746
-10.9604
-19.824
-28.2915
-36.1388
-44.1091
-51.8066
-57.5206
-61.2278
-63.6723
-65.3672
-66.5945
-67.5085
-68.1979
-68.7176
-69.1041
-69.3832
-69.5747
-69.6937
-69.7526
-69.7613
-69.7281
-69.6597
-69.562
-69.4395
-69.2964
-69.1359
-68.9608
-68.7735
-68.5761
-68.37
-68.1568
-67.9376
-67.7135
-67.4852
-67.2535
-67.019
-66.7821
-66.5433
-66.3028
-66.0611
-65.8183
-65.5745
-65.33
-65.0849
-64.8392
-64.593
-64.3463
-64.0992
-63.8516
-63.6035
-63.355
-63.1058
-62.8561
-62.6056
-62.3544
-62.1022
-61.8489
-61.5944
-61.3384
-61.0808
-60.8213
-60.5595
-60.2951
-60.0278
-59.757
-59.4821
-59.2026
-58.9176
-58.6263
-58.3274
-58.0198
-57.7018
-57.3714
-57.0263
-56.6635
-56.279
-55.8679
-55.4237
-54.9371
-54.3955
-53.7796
-53.0594
-52.1821
-51.0429
-49.39
-46.6274
-41.627
-33.0386
-21.0744
-3.36254
14.8759
24.3992
25.9469
21.4086
12.9292
3.24056
-6.05878
-14.8051
-23.2377
-31.0671
-38.444
-45.6571
-51.8141
-56.2461
-59.2813
-61.4327
-63.0389
-64.2893
-65.2888
-66.098
-66.7557
-67.2889
-67.718
-68.0592
-68.3259
-68.529
-68.678
-68.7808
-68.8441
-68.8738
-68.8747
-68.8511
-68.8066
-68.7441
-68.6663
-68.5754
-68.4734
-68.3619
-68.2422
-68.1157
-67.9834
-67.8461
-67.7046
-67.5597
-67.4119
-67.2618
-67.1097
-66.9562
-66.8015
-66.646
-66.49
-66.3337
-66.1773
-66.0211
-65.8653
-65.71
-65.5554
-65.4016
-65.2488
-65.0972
-64.9468
-64.7977
-64.6501
-64.5042
-64.3599
-64.2174
-64.0768
-63.9381
-63.8015
-63.6671
-63.5349
-63.405
-63.2775
-63.1524
-63.0298
-62.9097
-62.7922
-62.6774
-62.5652
-62.4558
-62.3491
-62.2451
-62.1439
-62.0455
-61.9499
-61.857
-61.7669
-61.6795
-61.5948
-61.5128
-61.4334
-61.3567
-61.2825
-61.2107
-61.1414
-61.0745
-61.0099
-60.9474
-60.8871
-60.8289
-60.7726
-60.7182
-60.6655
-60.6145
-60.565
-60.5169
-60.4701
-60.4244
-60.3797
-60.3358
-60.2926
-60.2498
-60.2072
-60.1646
-60.1217
-60.0782
-60.0337
-59.9878
-59.94
-59.8896
-59.8359
-59.7778
-59.7139
-59.6424
-59.5605
-59.4642
-59.3464
-59.1938
-58.9758
-58.6029
-57.8372
-56.1938
-53.0313
-47.7197
-39.7364
-29.3895
-14.6045
4.63597
19.6243
26.2642
26.1799
20.8508
12.363
2.97251
-6.14916
-14.8143
-23.0332
-30.5722
-37.6686
-44.4335
-50.1666
-54.3713
-57.2922
-59.3667
-60.9143
-62.1295
-63.1239
-63.959
-64.6696
-65.2771
-65.7971
-66.2418
-66.6215
-66.9451
-67.2201
-67.4528
-67.6488
-67.813
-67.9495
-68.0618
-68.153
-68.2259
-68.2827
-68.3254
-68.3558
-68.3754
-68.3855
-68.3872
-68.3816
-68.3695
-68.3517
-68.3289
-68.3017
-68.2707
-68.2363
-68.199
-68.1593
-68.1174
-68.0738
-68.0287
-67.9824
-67.9352
-67.8874
-67.8391
-67.7906
-67.7422
-67.6939
-67.6459
-67.5985
-67.5517
-67.5057
-67.4607
-67.4167
-67.3739
-67.3324
-67.2923
-67.2536
-67.2165
-67.181
-67.1472
-67.1151
-67.0849
-67.0565
-67.03
-67.0054
-66.9828
-66.9622
-66.9436
-66.927
-66.9125
-66.8999
-66.8894
-66.881
-66.8745
-66.8701
-66.8676
-66.8672
-66.8687
-66.8721
-66.8775
-66.8847
-66.8938
-66.9047
-66.9174
-66.9319
-66.948
-66.9659
-66.9854
-67.0065
-67.0292
-67.0535
-67.0792
-67.1063
-67.1349
-67.1649
-67.1962
-67.2288
-67.2626
-67.2977
-67.334
-67.3714
-67.4099
-67.4495
-67.4902
-67.5318
-67.5745
-67.618
-67.6625
-67.7079
-67.7541
-67.8012
-67.849
-67.8976
-67.9469
-67.997
-68.0477
-68.0991
-68.1512
-68.2038
-68.2571
-68.3109
-68.3652
-68.4201
-68.4755
-68.5314
-68.5878
-68.6446
-68.7019
-68.7595
-68.8176
-68.8761
-68.9349
-68.9941
-69.0537
-69.1136
-69.1738
-69.2343
-69.2951
-69.3561
-69.4175
-69.4791
-69.5409
-69.603
-69.6654
-69.7279
-69.7906
-69.8536
-69.9167
-69.98
-70.0435
-70.1072
-70.171
-70.235
-70.2991
-70.3633
-70.4277
-70.4922
-70.5568
-70.6215
-70.6864
-70.7513
-70.8163
-70.8814
-70.9466
-71.0118
-71.0771
-71.1425
-71.2079
-71.2734
-71.339
-71.4046
-71.4702
-71.5358
-71.6015
-71.6672
-71.7329
-71.7987
-71.8644
-71.9302
-71.996
-72.0617
-72.1275
-72.1932
-72.2589
-72.3246
-72.3903
-72.456
-72.5216
-72.5872
-72.6527
-72.7183
-72.7837
-72.8491
-72.9145
-72.9798
-73.045
-73.1102
-73.1753
-73.2404
-73.3053
-73.3702
-73.435
-73.4997
-73.5643
-73.6289
-73.6933
-73.7576
-73.8218
-73.8859
-73.9499
-74.0138
-74.0775
-74.1412
-74.2047
-74.268
-74.3313
-74.3944
-74.4573
-74.5202
-74.5828
-74.6453
-74.7077
-74.7699
-74.8319
-74.8938
-74.9555
-75.017
-75.0784
-75.1395
-75.2005
-75.2613
-75.3219
-75.3824
-75.4426
-75.5026
-75.5624
-75.622
-75.6815
-75.7406
-75.7996
-75.8584
-75.9169
-75.9753
-76.0334
-76.0912
-76.1489
-76.2062
-76.2634
-76.3203
-76.377
-76.4334
-76.4896
-76.5456
-76.6012
-76.6567
-76.7118
-76.7667
-76.8214
-76.8758
-76.9299
-76.9837
-77.0373
-77.0906
-77.1437
-77.1964
-77.2489
-77.3011
-77.353
-77.4046
-77.456
-77.507
-77.5578
-77.6083
-77.6585
-77.7084
-77.758
-77.8073
-77.8564
-77.9051
-77.9535
-78.0016
-78.0495
-78.097
-78.1442
-78.1912
-78.2378
-78.2841
-78.3301
-78.3758
-78.4213
-78.4664
-78.5112
-78.5557
-78.5999
-78.6438
-78.6873
-78.7306
-78.7736
-78.8162
-78.8586
-78.9007
-78.9424
-78.9839
-79.025
-79.0658
-79.1064
-79.1466
-79.1865
-79.2261
-79.2654
-79.3044
-79.3432
-79.3816
-79.4197
-79.4575
-79.495
-79.5322
-79.5691
-79.6058
-79.6421
-79.6781
-79.7139
-79.7493
-79.7845
-79.8194
-79.8539
-79.8882
-79.9222
-79.9559
-79.9894
-80.0225
-80.0554
-80.088
-80.1203
-80.1523
-80.1841
-80.2155
-80.2467
-80.2777
-80.3083
-80.3387
-80.3688
-80.3987
-80.4282
-80.4575
-80.4866
-80.5154
-80.5439
-80.5722
-80.6002
-80.628
-80.6555
-80.6827
-80.7097
-80.7364
-80.7629
-80.7892
-80.8152
-80.841
-80.8665
-80.8918
-80.9168
-80.9416
-80.9662
-80.9905
-81.0146
-81.0385
-81.0621
-81.0855
-81.1087
-81.1316
-81.1544
-81.1769
-81.1992
-81.2213
-81.2431
-81.2647
-81.2862
-81.3074
-81.3284
-81.3492
-81.3698
-81.3901
-81.4103
-81.4303
-81.45
-81.4696
-81.489
-81.5082
-81.5271
-81.5459
-81.5645
-81.5829
-81.6011
-81.6191
-81.637
-81.6546
-81.6721
-81.6893
-81.7064
-81.7234
-81.7401
-81.7567
-81.7731
-81.7893
-81.8053
-81.8212
-81.8369
-81.8524
-81.8678
-81.883
-81.898
-81.9129
-81.9276
-81.9422
-81.9566
-81.9708
-81.9849
-81.9988
-82.0126
-82.0262
-82.0397
-82.053
-82.0662
-82.0792
-82.0921
-82.1048
-82.1174
-82.1299
-82.1422
-82.1544
-82.1664
-82.1783
-82.19
-82.2017
-82.2132
-82.2245
-82.2357
-82.2468
-82.2578
-82.2686
-82.2794
-82.2899
-82.3004
-82.3107
-82.321
-82.3311
-82.341
-82.3509
-82.3606
-82.3702
-82.3798
-82.3891
-82.3984
-82.4076
-82.4166
-82.4256
-82.4344

