-88
-87.396
-86.8512
-86.3748
-85.9681
-85.627
-85.3447
-85.1135
-84.9261
-84.7758
-84.6569
-84.5643
-84.4937
-84.4417
-84.4051
-84.3814
-84.3684
-84.3643
-84.3676
-84.3768
-84.391
-84.4092
-84.4306
-84.4545
-84.4803
-84.5077
-84.5362
-84.5654
-84.5951
-84.6251
-84.6551
-84.6851
-84.7148
-84.7442
-84.7732
-84.8017
-84.8297
-84.8571
-84.8839
-84.91
-84.9356
-84.9605
-84.9847
-85.0083
-85.0313
-85.0536
-85.0754
-85.0965
-85.117
-85.1369
-85.1563
-85.1751
-85.1934
-85.2112
-85.2285
-85.2453
-85.2616
-85.2775
-85.2929
-85.308
-85.3226
-85.3368
-85.3507
-85.3642
-85.3773
-85.3901
-85.4026
-85.4148
-85.4266
-85.4382
-85.4495
-85.4605
-85.4712
-85.4818
-85.492
-85.502
-85.5118
-85.5214
-85.5308
-85.5399
-85.5489
-85.5577
-85.5663
-85.5747
-85.5829
-85.591
-85.5989
-85.6066
-85.6142
-85.6217
-85.6289
-85.6361
-85.6431
-85.65
-85.6568
-85.6634
-85.6699
-85.6763
-85.6826
-85.6887
-85.6948
-85.7007
-85.7066
-85.7123
-85.7179
-85.7235
-85.7289
-85.7343
-85.7395
-85.7447
-85.7498
-85.7548
-85.7597
-85.7645
-85.7693
-85.774
-85.7786
-85.7831
-85.7876
-85.7919
-85.7963
-85.8005
-85.8047
-85.8088
-85.8128
-85.8168
-85.8207
-85.8246
-85.8283
-85.8321
-85.8357
-85.8394
-85.8429
-85.8464
-85.8499
-85.8532
-85.8566
-85.8599
-85.8631
-85.8663
-85.8694
-85.8725
-85.8755
-85.8785
-85.8814
-85.8843
-85.8872
-85.89
-85.8927
-85.8954
-85.8981
-85.9007
-85.9033
-85.9059
-85.9084
-85.9108
-85.9132
-85.9156
-85.918
-85.9203
-85.9225
-85.9248
-85.927
-85.9291
-85.9312
-85.9333
-85.9354
-85.9374
-85.9394
-85.9413
-85.9433
-85.9451
-85.947
-85.9488
-85.9506
-85.9524
-85.9541
-85.9558
-85.9575
-85.9591
-85.9607
-85.9623
-85.9639
-85.9654
-85.9669
-85.9684
-85.9698
-85.9713
-85.9727
-85.974
-85.9754
-85.9767
-85.978
-85.9793
-85.9805
-85.9818
-85.983
-85.9841
-85.9853
-85.9864
-85.9875
-85.9809
-85.9568
-85.9099
-85.839
-85.7465
-85.6359
-85.5109
-85.375
-85.2312
-85.082
-84.9293
-84.7748
-84.6197
-84.465
-84.3114
-84.1596
-84.0099
-83.8627
-83.7183
-83.5768
-83.4383
-83.3028
-83.1705
-83.0412
-82.915
-82.7918
-82.6716
-82.5543
-82.4398
-82.3281
-82.219
-82.1125
-82.0084
-81.9068
-81.8075
-81.7103
-81.6154
-81.5225
-81.4315
-81.3425
-81.2553
-81.1699
-81.0862
-81.0041
-80.9236
-80.8445
-80.767
-80.6908
-80.6159
-80.5423
-80.47
-80.3989
-80.3289
-80.26
-80.1922
-80.1255
-80.0597
-79.9949
-79.931
-79.868
-79.8059
-79.7446
-79.6841
-79.6244
-79.5655
-79.5073
-79.4498
-79.393
-79.3369
-79.2814
-79.2265
-79.1723
-79.1187
-79.0657
-79.0132
-78.9613
-78.9099
-78.859
-78.8087
-78.7588
-78.7095
-78.6606
-78.6121
-78.5642
-78.5166
-78.4695
-78.4229
-78.3766
-78.3308
-78.2853
-78.2403
-78.1956
-78.1513
-78.1074
-78.0638
-78.0206
-77.9777
-77.9352
-77.893
-77.8512
-77.8096
-77.7684
-77.7275
-77.6869
-77.6467
-77.6067
-77.567
-77.5276
-77.4885
-77.4497
-77.4111
-77.3728
-77.3348
-77.2971
-77.2596
-77.2224
-77.1855
-77.1488
-77.1123
-77.0761
-77.0401
-77.0044
-76.9689
-76.9337
-76.8986
-76.8638
-76.8293
-76.7949
-76.7608
-76.7269
-76.6932
-76.6597
-76.6264
-76.5933
-76.5605
-76.5278
-76.4953
-76.4631
-76.431
-76.3991
-76.3674
-76.3359
-76.3046
-76.2735
-76.2426
-76.2118
-76.1812
-76.1508
-76.1206
-76.0905
-76.0606
-76.0309
-76.0014
-75.972
-75.9428
-75.9137
-75.8848
-75.856
-75.8275
-75.799
-75.7708
-75.7426
-75.7147
-75.6868
-75.6591
-75.6316
-75.6042
-75.577
-75.5499
-75.5229
-75.4961
-75.4694
-75.4428
-75.4164
-75.3901
-75.3639
-75.3379
-75.3119
-75.2862
-75.2605
-75.235
-75.2095
-75.1842
-75.1591
-75.134
-75.1091
-75.0842
-75.0595
-75.0349
-75.0104
-74.986
-74.9617
-74.9376
-74.9135
-74.8896
-74.8657
-74.8419
-74.8183
-74.7947
-74.7713
-74.7479
-74.7247
-74.7015
-74.6784
-74.6554
-74.6325
-74.6097
-74.587
-74.5644
-74.5419
-74.5194
-74.4971
-74.4748
-74.4526
-74.4305
-74.4084
-74.3864
-74.3646
-74.3428
-74.321
-74.2994
-74.2778
-74.2563
-74.2348
-74.2135
-74.1922
-74.1709
-74.1498
-74.1287
-74.1076
-74.0867
-74.0658
-74.0449
-74.0241
-74.0034
-73.9827
-73.9621
-73.9416
-73.9211
-73.9006
-73.8803
-73.8599
-73.8397
-73.8194
-73.7992
-73.7791
-73.759
-73.739
-73.719
-73.699
-73.6791
-73.6593
-73.6395
-73.6197
-73.6
-73.5803
-73.5606
-73.541
-73.5214
-73.5018
-73.4823
-73.4628
-73.4434
-73.424
-73.4046
-73.3852
-73.3659
-73.3466
-73.3273
-73.3081
-73.2889
-73.2697
-73.2505
-73.2313
-73.2122
-73.1931
-73.174
-73.1549
-73.1358
-73.1168
-73.0978
-73.0787
-73.0597
-73.0407
-73.0217
-73.0028
-72.9838
-72.9648
-72.9459
-72.927
-72.908
-72.8891
-72.8702
-72.8512
-72.8323
-72.8134
-72.7944
-72.7755
-72.7565
-72.7376
-72.7187
-72.6997
-72.6807
-72.6618
-72.6428
-72.6238
-72.6048
-72.5858
-72.5667
-72.5477
-72.5286
-72.5095
-72.4904
-72.4713
-72.4521
-72.433
-72.4138
-72.3946
-72.3753
-72.356
-72.3367
-72.3174
-72.298
-72.2786
-72.2592
-72.2397
-72.2202
-72.2007
-72.1811
-72.1615
-72.1418
-72.1221
-72.1023
-72.0825
-72.0626
-72.0427
-72.0228
-72.0028
-71.9827
-71.9626
-71.9424
-71.9222
-71.9019
-71.8815
-71.8611
-71.8406
-71.82
-71.7993
-71.7786
-71.7579
-71.737
-71.7161
-71.695
-71.6739
-71.6528
-71.6315
-71.6101
-71.5887
-71.5671
-71.5455
-71.5238
-71.5019
-71.48
-71.4579
-71.4358
-71.4135
-71.3912
-71.3687
-71.3461
-71.3234
-71.3005
-71.2775
-71.2544
-71.2312
-71.2078
-71.1843
-71.1607
-71.1369
-71.1129
-71.0888
-71.0646
-71.0402
-71.0156
-70.9908
-70.9659
-70.9408
-70.9156
-70.8901
-70.8645
-70.8386
-70.8126
-70.7863
-70.7599
-70.7332
-70.7064
-70.6793
-70.6519
-70.6244
-70.5965
-70.5685
-70.5402
-70.5116
-70.4827
-70.4536
-70.4242
-70.3945
-70.3645
-70.3342
-70.3036
-70.2726
-70.2414
-70.2097
-70.1777
-70.1454
-70.1127
-70.0795
-70.046
-70.0121
-69.9777
-69.9429
-69.9076
-69.8719
-69.8357
-69.7989
-69.7617
-69.7239
-69.6855
-69.6466
-69.607
-69.5668
-69.526
-69.4844
-69.4422
-69.3992
-69.3554
-69.3107
-69.2653
-69.2189
-69.1715
-69.1232
-69.0738
-69.0232
-68.9714
-68.9184
-68.8639
-68.808
-68.7504
-68.6911
-68.63
-68.5667
-68.5013
-68.4334
-68.3627
-68.2891
-68.2122
-68.1317
-68.0472
-67.9582
-67.8644
-67.7651
-67.6599
-67.5481
-67.429
-67.3019
-67.1659
-67.0202
-66.8637
-66.6953
-66.5137
-66.3174
-66.1046
-65.8733
-65.621
-65.3445
-65.0401
-64.7027
-64.3258
-63.9007
-63.4154
-62.8525
-62.186
-61.3751
-60.3509
-58.9861
-57.0138
-53.7627
-47.0429
-28.2411
8.30973
44.8602
46.7347
39.0977
23.4078
6.6169
-4.85171
-13.8034
-22.6448
-31.7706
-40.2129
-56.2972
-76.5357
-83.0878
-84.7588
-84.6229
-83.7856
-82.7267
-81.6664
-80.6987
-79.8547
-79.1349
-78.5263
-78.0116
-77.5733
-77.1955
-76.8646
-76.5695
-76.3012
-76.0524
-75.8174
-75.592
-75.3727
-75.1567
-74.9421
-74.7272
-74.5109
-74.292
-74.07
-73.844
-73.6137
-73.3784
-73.1379
-72.8916
-72.6393
-72.3804
-72.1145
-71.8411
-71.5595
-71.269
-70.9687
-70.6575
-70.3341
-69.9967
-69.6434
-69.2713
-68.8772
-68.4565
-68.003
-67.5085
-66.9609
-66.3423
-65.6247
-64.7605
-63.6609
-62.1342
-59.6779
-54.7632
-42.2193
-9.68317
40.6369
47.7023
43.4347
30.9637
13.6031
0.136271
-9.52116
-18.063
-27.1638
-35.5364
-47.1544
-70.0524
-81.7374
-84.9027
-85.3015
-84.6958
-83.7527
-82.75
-81.8009
-80.944
-80.1847
-79.5145
-78.9203
-78.3884
-77.9064
-77.4637
-77.0512
-76.6619
-76.2897
-75.9299
-75.5788
-75.2334
-74.8913
-74.5507
-74.2099
-73.8677
-73.5231
-73.1751
-72.8227
-72.4652
-72.1015
-71.7306
-71.3511
-70.9617
-70.5603
-70.1448
-69.7121
-69.2584
-68.7787
-68.2661
-67.7111
-67.1001
-66.4124
-65.6147
-64.6493
-63.4031
-61.616
-58.5632
-52.0639
-34.7968
1.87847
44.043
47.3763
41.2043
26.7729
9.53365
-2.69828
-11.9155
-20.6659
-29.8944
-37.8796
-52.5844
-75.2423
-82.9748
-84.8522
-84.7527
-83.9469
-82.9348
-81.9242
-80.9954
-80.1712
-79.4493
-78.8174
-78.2608
-77.7653
-77.318
-76.9083
-76.5273
-76.1678
-75.8241
-75.4914
-75.1663
-74.8458
-74.5276
-74.21
-73.8916
-73.5711
-73.2476
-72.9201
-72.588
-72.2504
-71.9065
-71.5552
-71.1954
-70.8258
-70.4448
-70.0502
-69.6393
-69.209
-68.7546
-68.2704
-67.7482
-67.1766
-66.539
-65.8092
-64.9441
-63.8648
-62.406
-60.153
-55.8707
-45.5208
-17.5256
33.6077
47.1487
44.0466
32.2576
14.8556
0.87437
-8.9878
-17.5565
-26.6361
-35.1362
-46.24
-68.4794
-81.055
-84.503
-84.9749
-84.3596
-83.3748
-82.3226
-81.3279
-80.4348
-79.6502
-78.9656
-78.367
-77.8394
-77.3692
-76.9445
-76.5552
-76.1932
-75.8517
-75.5254
-75.21
-74.9021
-74.5989
-74.2983
-73.9985
-73.6981
-73.396
-73.0912
-72.7829
-72.4702
-72.1523
-71.8284
-71.4977
-71.1589
-70.811
-70.4523
-70.081
-69.6948
-69.2907
-68.8649
-68.4123
-67.9261
-67.397
-66.8113
-66.1488
-65.3768
-64.4393
-63.2277
-61.4968
-58.5723
-52.4109
-36.0803
-0.0315994
43.6789
47.4599
41.6111
27.4827
10.1533
-2.27194
-11.549
-20.2578
-29.4764
-37.4316
-51.4797
-74.4523
-82.7494
-84.7911
-84.7293
-83.9101
-82.863
-81.8099
-80.8385
-79.9756
-79.2208
-78.563
-77.9875
-77.4799
-77.0273
-76.6184
-76.244
-75.8962
-75.5688
-75.2568
-74.9561
-74.6633
-74.3758
-74.0916
-73.8088
-73.526
-73.2422
-72.9562
-72.6673
-72.3746
-72.0774
-71.7748
-71.4659
-71.1499
-70.8255
-70.4915
-70.1462
-69.7877
-69.4135
-69.0204
-68.6044
-68.1602
-67.6805
-67.1552
-66.5698
-65.902
-65.116
-64.1488
-62.8758
-61.0053
-57.7086
-50.419
-30.5608
8.10288
44.9739
46.942
39.6324
24.3137
7.59732
-3.99319
-13.0052
-21.8387
-31.0271
-39.5167
-56.1626
-77.0735
-83.4218
-84.8483
-84.5618
-83.66
-82.5875
-81.5318
-80.566
-79.711
-78.9642
-78.3138
-77.7456
-77.2454
-76.8007
-76.4006
-76.0359
-75.6991
-75.384
-75.0855
-74.7995
-74.5227
-74.2524
-73.9864
-73.7229
-73.4604
-73.1979
-72.9341
-72.6684
-72.3997
-72.1275
-71.851
-71.5695
-71.282
-70.9879
-70.6859
-70.375
-70.0538
-69.7204
-69.3728
-69.0083
-68.6235
-68.214
-67.7741
-67.2957
-66.7678
-66.174
-65.4893
-64.6726
-63.6498
-62.2693
-60.1611
-56.2283
-46.9103
-21.1994
28.203
46.7863
44.6933
33.747
16.6059
2.10944
-7.99148
-16.588
-25.605
-34.3053
-44.6831
-65.9592
-80.3207
-84.3233
-84.9788
-84.4055
-83.3983
-82.2943
-81.2372
-80.2813
-79.4394
-78.7061
-78.0687
-77.5129
-77.025
-76.5927
-76.2054
-75.8541
-75.5316
-75.2318
-74.9495
-74.6808
-74.4223
-74.1713
-73.9255
-73.6833
-73.443
-73.2036
-72.9639
-72.7231
-72.4805
-72.2353
-71.987
-71.7349
-71.4784
-71.2169
-70.9496
-70.6757
-70.3944
-70.1044
-69.8046
-69.4934
-69.169
-68.8289
-68.4702
-68.0892
-67.6811
-67.2392
-66.7548
-66.2149
-65.601
-64.8836
-64.0134
-62.8992
-61.3467
-58.8549
-53.866
-41.0436
-8.27046
41.1532
47.6195
43.0356
30.1467
12.68
-0.549311
-10.106
-18.6665
-27.8017
-36.0153
-48.066
-71.0463
-81.8162
-84.654
-84.8642
-84.1092
-83.0342
-81.9145
-80.8652
-79.9269
-79.1059
-78.3941
-77.778
-77.2429
-76.7752
-76.3629
-75.9957
-75.6647
-75.3629
-75.0841
-74.8235
-74.5771
-74.3416
-74.1142
-73.8928
-73.6756
-73.4611
-73.2481
-73.0357
-72.823
-72.6094
-72.3942
-72.1769
-71.9569
-71.734
-71.5076
-71.2772
-71.0423
-70.8025
-70.5571
-70.3055
-70.0468
-69.7801
-69.5045
-69.2185
-68.9207
-68.6092
-68.2815
-67.9348
-67.5654
-67.1685
-66.7375
-66.2638
-65.735
-65.1332
-64.4307
-63.5818
-62.5045
-61.032
-58.7583
-54.4502
-43.8757
-14.8835
36.5842
47.3469
43.6892
31.5568
14.1654
0.451163
-9.29193
-17.8216
-26.8849
-35.286
-46.343
-68.4628
-81.0211
-84.4867
-84.9405
-84.2678
-83.1985
-82.0495
-80.9581
-79.9767
-79.1177
-78.3752
-77.7364
-77.1864
-76.7108
-76.2969
-75.9335
-75.611
-75.3216
-75.0587
-74.8169
-74.5916
-74.3792
-74.1769
-73.982
-73.7926
-73.6072
-73.4244
-73.2432
-73.0627
-72.8822
-72.7011
-72.519
-72.3354
-72.15
-71.9625
-71.7726
-71.5801
-71.3846
-71.186
-70.9838
-70.7779
-70.5679
-70.3534
-70.134
-69.9092
-69.6783
-69.4409
-69.196
-68.9428
-68.6802
-68.407
-68.1215
-67.822
-67.5062
-67.1712
-66.8134
-66.4283
-66.0096
-65.5492
-65.0359
-64.4534
-63.7775
-62.9696
-61.9641
-60.6375
-58.7216
-55.5046
-48.5523
-29.0776
9.23993
45.0886
46.7689
39.1335
23.5706
6.9756
-4.45082
-13.3944
-22.2208
-31.3624
-39.8082
-56.2215
-76.8799
-83.2737
-84.7205
-84.3814
-83.3708
-82.1618
-80.9663
-79.8739
-78.9146
-78.0897
-77.3882
-76.7945
-76.2925
-75.8671
-75.5046
-75.1936
-74.9243
-74.6884
-74.479
-74.2906
-74.1186
-73.9592
-73.8093
-73.6664
-73.5285
-73.3941
-73.2617
-73.1305
-72.9995
-72.8681
-72.7359
-72.6025
-72.4675
-72.3307
-72.192
-72.0513
-71.9083
-71.7631
-71.6156
-71.4657
-71.3133
-71.1585
-71.0011
-70.8411
-70.6783
-70.5127
-70.3442
-70.1727
-69.9979
-69.8198
-69.638
-69.4525
-69.2628
-69.0687
-68.8698
-68.6657
-68.456
-68.24
-68.0172
-67.7867
-67.5478
-67.2993
-67.0401
-66.7687
-66.4833
-66.1818
-65.8614
-65.5188
-65.1498
-64.7487
-64.3083
-63.8186
-63.2655
-62.6288
-61.8775
-60.9615
-59.7939
-58.2064
-55.8242
-51.6164
-41.8522
-14.9965
35.5795
47.0472
43.2156
30.6375
13.0339
-0.473289
-10.1138
-18.6442
-27.7241
-35.8681
-46.8968
-68.1236
-80.1909
-83.6731
-84.0912
-83.2445
-81.9016
-80.4429
-79.0551
-77.8186
-76.7573
-75.8675
-75.1334
-74.5353
-74.0531
-73.6682
-73.3638
-73.1255
-72.9406
-72.7984
-72.6899
-72.6076
-72.5451
-72.4973
-72.4599
-72.4294
-72.4032
-72.379
-72.355
-72.3299
-72.3027
-72.2726
-72.2391
-72.2017
-72.1603
-72.1146
-72.0647
-72.0106
-71.9523
-71.89
-71.8237
-71.7537
-71.68
-71.6029
-71.5225
-71.4391
-71.3527
-71.2636
-71.1718
-71.0776
-70.9812
-70.8825
-70.7818
-70.6792
-70.5748
-70.4687
-70.361
-70.2518
-70.1411
-70.0291
-69.9157
-69.8012
-69.6855
-69.5686
-69.4507
-69.3318
-69.2118
-69.0909
-68.9691
-68.8464
-68.7227
-68.5982
-68.4729
-68.3467
-68.2196
-68.0917
-67.9629
-67.8332
-67.7027
-67.5712
-67.4388
-67.3053
-67.1709
-67.0354
-66.8987
-66.7608
-66.6215
-66.4809
-66.3387
-66.1949
-66.0492
-65.9016
-65.7518
-65.5995
-65.4447
-65.2869
-65.1258
-64.961
-64.7921
-64.6186
-64.4398
-64.2551
-64.0637
-63.8645
-63.6564
-63.438
-63.2076
-62.9631
-62.7018
-62.4206
-62.1152
-61.7801
-61.4081
-60.9894
-60.5099
-59.9494
-59.2771
-58.4436
-57.363
-55.8732
-53.6235
-49.7057
-41.1532
-18.8705
25.6649
45.7826
43.7361
31.7728
13.6497
-0.746059
-10.7239
-19.4115
-28.527
-36.5503
-47.5374
-66.8233
-77.9817
-81.4519
-81.9953
-81.2418
-79.8922
-78.3088
-76.7074
-75.2258
-73.9405
-72.8764
-72.0236
-71.356
-70.8431
-70.457
-70.1742
-69.9754
-69.8452
-69.7709
-69.742
-69.7496
-69.7863
-69.8454
-69.9215
-70.0099
-70.1067
-70.2085
-70.3125
-70.4166
-70.519
-70.6182
-70.7132
-70.8032
-70.8875
-70.9658
-71.0379
-71.1036
-71.163
-71.2161
-71.263
-71.3039
-71.339
-71.3686
-71.3929
-71.4122
-71.4268
-71.4369
-71.4428
-71.4447
-71.443
-71.4379
-71.4296
-71.4184
-71.4045
-71.3881
-71.3695
-71.3489
-71.3264
-71.3022
-71.2766
-71.2497
-71.2217
-71.1926
-71.1628
-71.1323
-71.1012
-71.0697
-71.038
-71.006
-70.9741
-70.9422
-70.9104
-70.879
-70.8478
-70.8172
-70.787
-70.7575
-70.7286
-70.7006
-70.6733
-70.6469
-70.6215
-70.597
-70.5736
-70.5513
-70.5302
-70.5102
-70.4914
-70.4739
-70.4576
-70.4427
-70.429
-70.4167
-70.4057
-70.3961
-70.3879
-70.381
-70.3755
-70.3714
-70.3686
-70.3672
-70.3672
-70.3685
-70.3712
-70.3752
-70.3804
-70.387
-70.3949
-70.404
-70.4143
-70.4258
-70.4385
-70.4524
-70.4674
-70.4835
-70.5006
-70.5188
-70.538
-70.5582
-70.5794
-70.6014
-70.6244
-70.6483
-70.6729
-70.6984
-70.7247
-70.7517
-70.7794
-70.8078
-70.8369
-70.8666
-70.897
-70.9279
-70.9594
-70.9914
-71.0239
-71.0569
-71.0904
-71.1243
-71.1586
-71.1933
-71.2284
-71.2639
-71.2996
-71.3358
-71.3722
-71.4089
-71.4458
-71.4831
-71.5205
-71.5582
-71.5961
-71.6342
-71.6724
-71.7109
-71.7495
-71.7882
-71.8271
-71.8661
-71.9052
-71.9445
-71.9838
-72.0232
-72.0627
-72.1023
-72.1419
-72.1816
-72.2214
-72.2612
-72.301
-72.3409
-72.3808
-72.4208
-72.4607
-72.5007
-72.5407
-72.5806
-72.6206
-72.6606
-72.7006
-72.7405
-72.7805
-72.8204
-72.8603
-72.9002
-72.94
-72.9798
-73.0196
-73.0594
-73.0991
-73.1388
-73.1784
-73.218
-73.2575
-73.297
-73.3365
-73.3759
-73.4152
-73.4545
-73.4937
-73.5328
-73.5719
-73.611
-73.6499
-73.6888
-73.7276
-73.7664
-73.8051
-73.8437
-73.8822
-73.9207
-73.959
-73.9973
-74.0356
-74.0737
-74.1117
-74.1497
-74.1876
-74.2254
-74.263
-74.3006
-74.3382
-74.3756
-74.4129
-74.4501
-74.4872
-74.5243
-74.5612
-74.598
-74.6347
-74.6713
-74.7078
-74.7442
-74.7805
-74.8167
-74.8527
-74.8887
-74.9245
-74.9602
-74.9958
-75.0313
-75.0667
-75.1019
-75.137
-75.172
-75.2069
-75.2416
-75.2762
-75.3107
-75.3451
-75.3793
-75.4134
-75.4473
-75.4811
-75.5148
-75.5483
-75.5817
-75.615
-75.6481
-75.6811
-75.7139
-75.7466
-75.7791
-75.8115
-75.8437
-75.8758
-75.9077
-75.9395
-75.9711
-76.0026
-76.0339
-76.0651
-76.0961
-76.1269
-76.1576
-76.1882
-76.2185
-76.2487
-76.2788
-76.3087
-76.3384
-76.3679
-76.3973
-76.4265
-76.4556
-76.4844
-76.5132
-76.5417
-76.5701
-76.5983
-76.6263
-76.6542
-76.6819
-76.7094
-76.7368
-76.7639
-76.7909
-76.8178
-76.8444
-76.8709
-76.8972
-76.9233
-76.9493
-76.9751
-77.0007
-77.0261
-77.0514
-77.0765
-77.1014
-77.1261
-77.1507
-77.175
-77.1992
-77.2233
-77.2471
-77.2708
-77.2943
-77.3176
-77.3408
-77.3638
-77.3866
-77.4092
-77.4317
-77.4539
-77.4761
-77.498
-77.5198
-77.5414
-77.5628
-77.584
-77.6051
-77.626
-77.6468
-77.6673
-77.6877
-77.708
-77.728
-77.7479
-77.7677
-77.7872
-77.8066
-77.8259
-77.845
-77.8639
-77.8826
-77.9012
-77.9196
-77.9379
-77.956
-77.9739
-77.9917
-78.0094
-78.0268
-78.0442
-78.0613
-78.0783
-78.0952
-78.1119
-78.1284
-78.1448
-78.1611
-78.1772
-78.1931
-78.2089
-78.2246
-78.2401
-78.2554
-78.2707
-78.2857
-78.3007
-78.3154
-78.3301
-78.3446
-78.359
-78.3732
-78.3873
-78.4012
-78.4151
-78.4288
-78.4423
-78.4557
-78.469
-78.4822
-78.4952
-78.5081
-78.5209
-78.5335
-78.546
-78.5584
-78.5707
-78.5828
-78.5948
-78.6067
-78.6185
-78.6301
-78.6417
-78.6531
-78.6644
-78.6755
-78.6866
-78.6976
-78.7084
-78.7191
-78.7297
-78.7402
-78.7506
-78.7609
-78.771
-78.7811
-78.791
-78.8009
-78.8106
-78.8203
-78.8298
-78.8392
-78.8485
-78.8578
-78.8669
-78.8759
-78.8848
-78.8936
-78.9024
-78.911
-78.9195
-78.928
-78.9363
-78.9446
-78.9527
-78.9608
-78.9688
-78.9767
-78.9845
-78.9922
-78.9998
-79.0073
-79.0148
-79.0221
-79.0294
-79.0366
-79.0437
-79.0507
-79.0577
-79.0645
-79.0713
-79.078
-79.0846
-79.0912
-79.0976
-79.104
-79.1103
-79.1166
-79.1227
-79.1288
-79.1348
-79.1407
-79.1466
-79.1524
-79.1581
-79.1638
-79.1694
-79.1749
-79.1803
-79.1857
-79.191
-79.1962
-79.2014
-79.2065

