-88
-87.403
-86.874
-86.4195
-86.037
-85.7195
-85.4588
-85.2467
-85.076
-84.94
-84.8333
-84.7512
-84.6896
-84.6452
-84.6152
-84.5972
-84.589
-84.5891
-84.596
-84.6084
-84.6253
-84.6458
-84.6692
-84.6949
-84.7223
-84.7511
-84.7808
-84.8111
-84.8417
-84.8725
-84.9033
-84.9339
-84.9643
-84.9942
-85.0237
-85.0527
-85.081
-85.1088
-85.136
-85.1625
-85.1883
-85.2135
-85.238
-85.2619
-85.2851
-85.3077
-85.3296
-85.3509
-85.3717
-85.3918
-85.4114
-85.4304
-85.4489
-85.4668
-85.4843
-85.5012
-85.5177
-85.5338
-85.5494
-85.5646
-85.5793
-85.5937
-85.6077
-85.6214
-85.6347
-85.6476
-85.6602
-85.6725
-85.6845
-85.6962
-85.7077
-85.7188
-85.7297
-85.7403
-85.7507
-85.7609
-85.7708
-85.7805
-85.79
-85.7993
-85.8084
-85.8173
-85.826
-85.8345
-85.8428
-85.851
-85.859
-85.8669
-85.8746
-85.8821
-85.8895
-85.8968
-85.9039
-85.9109
-85.9177
-85.9245
-85.9311
-85.9376
-85.9439
-85.9502
-85.9563
-85.9624
-85.9683
-85.9741
-85.9798
-85.9855
-85.991
-85.9964
-86.0018
-86.007
-86.0122
-86.0173
-86.0223
-86.0272
-86.032
-86.0368
-86.0414
-86.046
-86.0506
-86.055
-86.0594
-86.0637
-86.0679
-86.0721
-86.0762
-86.0803
-86.0842
-86.0882
-86.092
-86.0958
-86.0995
-86.1032
-86.1068
-86.1104
-86.1139
-86.1173
-86.1207
-86.124
-86.1273
-86.1305
-86.1337
-86.1369
-86.1399
-86.143
-86.146
-86.1489
-86.1518
-86.1546
-86.1574
-86.1602
-86.1629
-86.1656
-86.1682
-86.1708
-86.1733
-86.1758
-86.1783
-86.1807
-86.1831
-86.1854
-86.1877
-86.19
-86.1922
-86.1944
-86.1966
-86.1987
-86.2008
-86.2028
-86.2048
-86.2068
-86.2088
-86.2107
-86.2126
-86.2144
-86.2162
-86.218
-86.2198
-86.2215
-86.2232
-86.2249
-86.2265
-86.2281
-86.2297
-86.2313
-86.2328
-86.2343
-86.2358
-86.2372
-86.2386
-86.24
-86.2414
-86.2427
-86.2441
-86.2453
-86.2466
-86.2479
-86.2491
-86.2503
-86.2514
-86.2526
-86.2537
-86.2429
-86.2097
-86.1503
-86.0661
-85.9608
-85.8388
-85.7038
-85.5594
-85.4084
-85.253
-85.095
-84.9359
-84.7768
-84.6186
-84.4619
-84.3072
-84.155
-84.0055
-83.859
-83.7154
-83.5751
-83.4379
-83.3039
-83.173
-83.0453
-82.9206
-82.799
-82.6803
-82.5644
-82.4514
-82.341
-82.2332
-82.1278
-82.0249
-81.9244
-81.826
-81.7299
-81.6357
-81.5436
-81.4534
-81.3651
-81.2785
-81.1936
-81.1104
-81.0287
-80.9485
-80.8698
-80.7925
-80.7165
-80.6419
-80.5685
-80.4962
-80.4252
-80.3552
-80.2864
-80.2185
-80.1517
-80.0858
-80.0209
-79.9569
-79.8937
-79.8314
-79.7699
-79.7092
-79.6493
-79.5901
-79.5316
-79.4738
-79.4167
-79.3603
-79.3045
-79.2493
-79.1948
-79.1408
-79.0874
-79.0345
-78.9822
-78.9304
-78.8792
-78.8284
-78.7782
-78.7284
-78.6791
-78.6302
-78.5818
-78.5339
-78.4863
-78.4392
-78.3925
-78.3462
-78.3003
-78.2548
-78.2097
-78.165
-78.1206
-78.0766
-78.0329
-77.9896
-77.9466
-77.904
-77.8617
-77.8197
-77.778
-77.7367
-77.6956
-77.6549
-77.6145
-77.5743
-77.5345
-77.4949
-77.4557
-77.4167
-77.378
-77.3395
-77.3013
-77.2634
-77.2258
-77.1884
-77.1512
-77.1143
-77.0777
-77.0413
-77.0051
-76.9692
-76.9335
-76.8981
-76.8629
-76.8279
-76.7931
-76.7585
-76.7242
-76.6901
-76.6562
-76.6225
-76.589
-76.5557
-76.5227
-76.4898
-76.4571
-76.4247
-76.3924
-76.3603
-76.3284
-76.2967
-76.2652
-76.2338
-76.2027
-76.1717
-76.1409
-76.1103
-76.0798
-76.0496
-76.0195
-75.9895
-75.9598
-75.9302
-75.9007
-75.8715
-75.8423
-75.8134
-75.7846
-75.7559
-75.7274
-75.6991
-75.6709
-75.6429
-75.615
-75.5872
-75.5596
-75.5321
-75.5048
-75.4776
-75.4506
-75.4237
-75.3969
-75.3702
-75.3437
-75.3173
-75.2911
-75.2649
-75.2389
-75.213
-75.1873
-75.1616
-75.1361
-75.1107
-75.0854
-75.0602
-75.0352
-75.0103
-74.9854
-74.9607
-74.9361
-74.9116
-74.8872
-74.8629
-74.8387
-74.8146
-74.7907
-74.7668
-74.743
-74.7193
-74.6957
-74.6722
-74.6488
-74.6255
-74.6023
-74.5792
-74.5562
-74.5332
-74.5104
-74.4876
-74.4649
-74.4423
-74.4198
-74.3973
-74.375
-74.3527
-74.3305
-74.3084
-74.2864
-74.2644
-74.2425
-74.2207
-74.1989
-74.1772
-74.1556
-74.1341
-74.1126
-74.0912
-74.0698
-74.0486
-74.0273
-74.0062
-73.9851
-73.964
-73.9431
-73.9222
-73.9013
-73.8805
-73.8597
-73.8391
-73.8184
-73.7978
-73.7773
-73.7568
-73.7364
-73.716
-73.6956
-73.6753
-73.6551
-73.6348
-73.6147
-73.5946
-73.5745
-73.5544
-73.5344
-73.5145
-73.4945
-73.4746
-73.4548
-73.4349
-73.4152
-73.3954
-73.3757
-73.356
-73.3363
-73.3167
-73.297
-73.2775
-73.2579
-73.2384
-73.2188
-73.1993
-73.1799
-73.1604
-73.141
-73.1216
-73.1022
-73.0828
-73.0634
-73.0441
-73.0248
-73.0054
-72.9861
-72.9668
-72.9475
-72.9282
-72.9089
-72.8897
-72.8704
-72.8511
-72.8319
-72.8126
-72.7934
-72.7741
-72.7548
-72.7356
-72.7163
-72.697
-72.6778
-72.6585
-72.6392
-72.6199
-72.6006
-72.5813
-72.5619
-72.5426
-72.5232
-72.5038
-72.4844
-72.465
-72.4456
-72.4261
-72.4067
-72.3872
-72.3676
-72.3481
-72.3285
-72.3089
-72.2893
-72.2696
-72.2499
-72.2302
-72.2104
-72.1906
-72.1708
-72.1509
-72.131
-72.111
-72.091
-72.071
-72.0509
-72.0307
-72.0105
-71.9903
-71.97
-71.9496
-71.9292
-71.9088
-71.8883
-71.8677
-71.847
-71.8263
-71.8056
-71.7847
-71.7638
-71.7428
-71.7218
-71.7006
-71.6794
-71.6581
-71.6368
-71.6153
-71.5938
-71.5721
-71.5504
-71.5286
-71.5067
-71.4847
-71.4626
-71.4404
-71.4181
-71.3957
-71.3732
-71.3506
-71.3279
-71.305
-71.282
-71.2589
-71.2357
-71.2123
-71.1889
-71.1653
-71.1415
-71.1176
-71.0936
-71.0694
-71.0451
-71.0206
-70.9959
-70.9711
-70.9461
-70.921
-70.8957
-70.8702
-70.8445
-70.8186
-70.7926
-70.7663
-70.7399
-70.7132
-70.6863
-70.6593
-70.632
-70.6044
-70.5767
-70.5486
-70.5204
-70.4919
-70.4631
-70.4341
-70.4048
-70.3752
-70.3453
-70.3152
-70.2847
-70.2539
-70.2228
-70.1914
-70.1596
-70.1275
-70.095
-70.0621
-70.0289
-69.9953
-69.9612
-69.9268
-69.8919
-69.8565
-69.8207
-69.7844
-69.7476
-69.7103
-69.6725
-69.6341
-69.5952
-69.5556
-69.5154
-69.4746
-69.4331
-69.391
-69.348
-69.3044
-69.2599
-69.2146
-69.1684
-69.1213
-69.0732
-69.024
-68.9738
-68.9224
-68.8698
-68.8158
-68.7604
-68.7035
-68.645
-68.5846
-68.5223
-68.4579
-68.3911
-68.3218
-68.2497
-68.1745
-68.0959
-68.0135
-67.927
-67.8358
-67.7396
-67.6378
-67.5299
-67.4151
-67.2928
-67.1622
-67.0226
-66.8729
-66.7122
-66.5393
-66.3529
-66.1515
-65.9333
-65.6962
-65.4377
-65.1547
-64.8431
-64.4979
-64.1124
-63.6777
-63.1813
-62.6053
-61.9228
-61.0914
-60.0391
-58.6325
-56.5899
-53.1976
-46.1166
-26.444
12.2778
45.2395
46.3118
37.8967
21.6879
5.30018
-5.8366
-14.698
-23.5939
-32.6123
-41.4387
-58.312
-76.8709
-82.7838
-84.2477
-84.0459
-83.2142
-82.2004
-81.2032
-80.3027
-79.5219
-78.8573
-78.2948
-77.8172
-77.4078
-77.0519
-76.7371
-76.4533
-76.1923
-75.9477
-75.7147
-75.4892
-75.2682
-75.0494
-74.8311
-74.6117
-74.3902
-74.1658
-73.9378
-73.7055
-73.4685
-73.2265
-72.9789
-72.7253
-72.4655
-72.1989
-71.9251
-71.6435
-71.3535
-71.0543
-70.7448
-70.4241
-70.0905
-69.7425
-69.3776
-68.993
-68.585
-68.1486
-67.6772
-67.1615
-66.5881
-65.937
-65.1759
-64.2499
-63.0536
-61.3535
-58.5186
-52.6223
-37.4856
-2.517
42.8714
47.4985
42.1088
28.5786
11.3585
-1.41281
-10.8298
-19.4697
-28.6106
-36.8691
-50.0424
-72.2453
-81.7822
-84.4339
-84.7221
-84.1317
-83.2457
-82.3096
-81.4234
-80.6208
-79.9059
-79.2707
-78.7033
-78.1913
-77.7235
-77.2902
-76.8834
-76.4966
-76.1244
-75.7627
-75.4081
-75.058
-74.7101
-74.3629
-74.0149
-73.6651
-73.3123
-72.9558
-72.5946
-72.2279
-71.8547
-71.4739
-71.0841
-70.6837
-70.2708
-69.8428
-69.3965
-68.9278
-68.4311
-67.8988
-67.3205
-66.6809
-65.9563
-65.1087
-64.0703
-62.7053
-60.6921
-57.1116
-49.2549
-28.8411
10.8928
45.1156
46.5682
38.697
23.0602
6.58643
-4.84971
-13.8475
-22.7349
-31.8093
-40.6748
-57.3937
-76.4934
-82.7021
-84.252
-84.1129
-83.3544
-82.4146
-81.4777
-80.6149
-79.8461
-79.1689
-78.5721
-78.0422
-77.5664
-77.1332
-76.7328
-76.3574
-76.0004
-75.6567
-75.3221
-74.9936
-74.6684
-74.3447
-74.0207
-73.6952
-73.3673
-73.0359
-72.7002
-72.3596
-72.0132
-71.66
-71.2993
-70.9296
-70.5496
-70.1576
-69.7512
-69.3277
-68.8833
-68.4132
-67.9111
-67.3679
-66.771
-66.1015
-65.3299
-64.4061
-63.2369
-61.6223
-59.0442
-53.9412
-41.419
-10.5008
38.6231
47.3175
43.0899
30.3249
12.8723
-0.494854
-10.129
-18.7538
-27.8939
-36.2386
-48.611
-70.6521
-81.1098
-84.0186
-84.3603
-83.7499
-82.8189
-81.8346
-80.9067
-80.0727
-79.3377
-78.6932
-78.1261
-77.6228
-77.1705
-76.7586
-76.378
-76.0211
-75.6821
-75.356
-75.039
-74.728
-74.4207
-74.1149
-73.8093
-73.5025
-73.1936
-72.8815
-72.5655
-72.2449
-71.9188
-71.5864
-71.2467
-70.8987
-70.5411
-70.1721
-69.7899
-69.3918
-68.9747
-68.5345
-68.0655
-67.5604
-67.0087
-66.3953
-65.6971
-64.8769
-63.8691
-62.5443
-60.6013
-57.1892
-49.7693
-30.4282
8.23838
44.799
46.7865
39.3874
24.0821
7.40034
-4.25124
-13.3088
-22.1571
-31.2666
-39.877
-55.9293
-75.8412
-82.5036
-84.1852
-84.0694
-83.2902
-82.3118
-81.3313
-80.4265
-79.6206
-78.9128
-78.2926
-77.7467
-77.2619
-76.8262
-76.4296
-76.0636
-75.721
-75.3964
-75.085
-74.7832
-74.488
-74.1971
-73.9084
-73.6205
-73.3321
-73.0421
-72.7496
-72.4538
-72.1539
-71.8491
-71.5387
-71.2217
-70.8972
-70.5639
-70.2205
-69.8652
-69.4959
-69.11
-68.704
-68.2736
-67.8129
-67.314
-66.7656
-66.1514
-65.4464
-64.6093
-63.5665
-62.1684
-60.0555
-56.1803
-47.3798
-24.311
18.852
45.902
45.7664
36.4899
20.0488
4.34022
-6.48228
-15.2966
-24.2413
-33.1493
-42.6944
-61.012
-77.9103
-83.0755
-84.2307
-83.9095
-83.0501
-82.0441
-81.0577
-80.1555
-79.3551
-78.6536
-78.0399
-77.5009
-77.0234
-76.596
-76.2087
-75.8531
-75.5224
-75.2109
-74.9139
-74.6279
-74.3497
-74.0768
-73.8074
-73.5398
-73.2726
-73.0048
-72.7355
-72.4637
-72.1888
-71.91
-71.6267
-71.338
-71.0431
-70.7412
-70.4311
-70.1117
-69.7813
-69.4382
-69.08
-68.704
-68.3064
-67.8825
-67.4259
-66.928
-66.3762
-65.7525
-65.0286
-64.1569
-63.0509
-61.5284
-59.1314
-54.4776
-43.2424
-14.4939
35.0439
47.1188
43.7012
31.6337
14.2696
0.45443
-9.35362
-17.9493
-27.0306
-35.4968
-46.9622
-68.5345
-80.4974
-83.876
-84.3645
-83.7751
-82.8093
-81.7668
-80.7739
-79.8774
-79.0872
-78.3972
-77.7953
-77.2681
-76.8028
-76.3879
-76.0138
-75.6723
-75.3566
-75.0612
-74.7813
-74.5134
-74.2544
-74.0018
-73.7536
-73.5082
-73.2641
-73.0204
-72.776
-72.5302
-72.2823
-72.0315
-71.7774
-71.5193
-71.2565
-70.9885
-70.7144
-70.4335
-70.1448
-69.8471
-69.539
-69.2191
-68.8851
-68.5348
-68.1648
-67.7711
-67.3485
-66.8899
-66.3854
-65.8211
-65.176
-64.4168
-63.4871
-62.28
-60.5625
-57.7153
-51.7939
-36.5321
-1.62506
43.016
47.377
41.6973
27.7898
10.5282
-2.04128
-11.3806
-20.0633
-29.2173
-37.3802
-50.9979
-72.9291
-81.7512
-84.1085
-84.2073
-83.4621
-82.4411
-81.3884
-80.4052
-79.5266
-78.757
-78.0882
-77.5074
-77.0008
-76.5558
-76.1614
-75.8078
-75.4872
-75.1928
-74.9192
-74.6619
-74.4171
-74.1819
-73.9538
-73.7309
-73.5114
-73.294
-73.0777
-72.8615
-72.6448
-72.4268
-72.2069
-71.9848
-71.76
-71.5319
-71.3002
-71.0643
-70.8239
-70.5783
-70.3269
-70.069
-69.8039
-69.5305
-69.2477
-68.9542
-68.6484
-68.3281
-67.991
-67.634
-67.253
-66.8428
-66.3965
-65.9047
-65.3538
-64.7241
-63.9847
-63.0841
-61.9282
-60.3214
-57.7743
-52.769
-40.3212
-9.07856
39.972
47.4131
42.8824
29.9452
12.5212
-0.690722
-10.2502
-18.8393
-27.9578
-36.1917
-48.2962
-70.3557
-81.0563
-84.008
-84.3131
-83.6232
-82.5917
-81.502
-80.4746
-79.554
-78.749
-78.053
-77.453
-76.9351
-76.4856
-76.0925
-75.7455
-75.4359
-75.1562
-74.9004
-74.6636
-74.4417
-74.2312
-74.0296
-73.8344
-73.644
-73.4569
-73.2719
-73.088
-72.9045
-72.7207
-72.5361
-72.3502
-72.1628
-71.9734
-71.7818
-71.5877
-71.3909
-71.1911
-70.988
-70.7813
-70.5708
-70.3561
-70.1368
-69.9125
-69.6826
-69.4466
-69.2038
-68.9533
-68.6943
-68.4257
-68.146
-67.8537
-67.5469
-67.2232
-66.8795
-66.5121
-66.1161
-65.685
-65.2102
-64.6795
-64.0755
-63.3719
-62.5267
-61.4673
-60.0551
-57.984
-54.4227
-46.5044
-24.9683
17.3368
45.7763
45.843
36.6715
20.2143
4.43107
-6.39038
-15.1747
-24.0924
-32.9906
-42.1615
-59.9074
-77.519
-82.9244
-84.0984
-83.6904
-82.6937
-81.5358
-80.4059
-79.3811
-78.485
-77.7165
-77.0637
-76.5112
-76.0434
-75.6461
-75.3065
-75.0138
-74.759
-74.5344
-74.3337
-74.1517
-73.9842
-73.8278
-73.6797
-73.5376
-73.3996
-73.2643
-73.1307
-72.9976
-72.8645
-72.7307
-72.5958
-72.4595
-72.3215
-72.1817
-72.0398
-71.8958
-71.7496
-71.6011
-71.4502
-71.297
-71.1413
-70.9831
-70.8224
-70.659
-70.4929
-70.324
-70.1522
-69.9773
-69.7992
-69.6177
-69.4326
-69.2437
-69.0506
-68.8531
-68.6508
-68.4433
-68.2301
-68.0105
-67.7841
-67.5499
-67.3072
-67.0549
-66.7917
-66.5161
-66.2263
-65.9201
-65.5948
-65.2469
-64.8721
-64.4647
-64.0171
-63.5192
-62.9564
-62.3077
-61.5413
-60.6051
-59.4084
-57.7752
-55.3104
-50.9224
-40.674
-13.4098
36.8052
47.0714
42.9364
30.0539
12.3726
-0.977661
-10.5562
-19.1252
-28.2274
-36.2216
-47.4614
-68.5469
-79.9384
-83.1381
-83.3939
-82.4662
-81.1127
-79.6937
-78.3732
-77.2139
-76.2293
-75.4104
-74.7394
-74.1961
-73.761
-73.416
-73.1451
-72.9346
-72.7726
-72.649
-72.5554
-72.4847
-72.4313
-72.3903
-72.3578
-72.3307
-72.3066
-72.2834
-72.2595
-72.2339
-72.2056
-72.174
-72.1386
-72.099
-72.0553
-72.0071
-71.9546
-71.8978
-71.8369
-71.7718
-71.7028
-71.63
-71.5537
-71.4739
-71.391
-71.305
-71.2161
-71.1245
-71.0304
-70.9339
-70.8351
-70.7343
-70.6315
-70.5268
-70.4204
-70.3124
-70.2028
-70.0917
-69.9793
-69.8656
-69.7507
-69.6347
-69.5175
-69.3993
-69.28
-69.1599
-69.0388
-68.9168
-68.794
-68.6703
-68.5459
-68.4206
-68.2946
-68.1678
-68.0403
-67.912
-67.7829
-67.653
-67.5224
-67.3909
-67.2586
-67.1255
-66.9914
-66.8563
-66.7202
-66.583
-66.4446
-66.3049
-66.1638
-66.0211
-65.8768
-65.7307
-65.5826
-65.4321
-65.2793
-65.1236
-64.9648
-64.8025
-64.6364
-64.4658
-64.2902
-64.109
-63.9213
-63.7261
-63.5224
-63.3088
-63.0836
-62.8448
-62.5899
-62.3157
-62.0182
-61.6921
-61.3305
-60.9238
-60.4587
-59.9159
-59.2658
-58.4616
-57.4221
-55.9947
-53.8519
-50.1538
-42.1828
-21.3054
20.1671
45.2545
44.5527
33.7018
15.8829
0.698572
-9.65026
-18.3853
-27.4846
-35.7965
-46.2407
-64.8296
-76.9686
-80.672
-81.2176
-80.4153
-79.0252
-77.4301
-75.8531
-74.4319
-73.2319
-72.262
-71.4996
-70.9119
-70.467
-70.1378
-69.9024
-69.7432
-69.6462
-69.5998
-69.5943
-69.6213
-69.674
-69.7463
-69.8329
-69.9297
-70.0329
-70.1394
-70.2469
-70.3533
-70.4571
-70.5569
-70.6518
-70.7413
-70.8247
-70.9018
-70.9725
-71.0366
-71.0942
-71.1455
-71.1905
-71.2295
-71.2628
-71.2905
-71.313
-71.3305
-71.3433
-71.3517
-71.3559
-71.3563
-71.353
-71.3465
-71.3368
-71.3242
-71.3091
-71.2915
-71.2718
-71.2501
-71.2266
-71.2015
-71.175
-71.1473
-71.1185
-71.0888
-71.0583
-71.0272
-70.9957
-70.9637
-70.9316
-70.8993
-70.8671
-70.835
-70.8031
-70.7715
-70.7403
-70.7096
-70.6795
-70.6501
-70.6214
-70.5935
-70.5664
-70.5403
-70.5152
-70.4911
-70.4681
-70.4462
-70.4255
-70.406
-70.3877
-70.3707
-70.355
-70.3406
-70.3276
-70.3159
-70.3056
-70.2967
-70.2891
-70.2829
-70.2782
-70.2748
-70.2728
-70.2722
-70.2729
-70.275
-70.2784
-70.2832
-70.2893
-70.2967
-70.3053
-70.3152
-70.3264
-70.3387
-70.3522
-70.3669
-70.3827
-70.3996
-70.4175
-70.4365
-70.4565
-70.4775
-70.4995
-70.5223
-70.5461
-70.5707
-70.5962
-70.6225
-70.6495
-70.6773
-70.7058
-70.735
-70.7648
-70.7953
-70.8264
-70.858
-70.8903
-70.923
-70.9563
-70.9901
-71.0243
-71.0589
-71.094
-71.1294
-71.1653
-71.2015
-71.238
-71.2748
-71.312
-71.3494
-71.3871
-71.4251
-71.4632
-71.5017
-71.5403
-71.5791
-71.6181
-71.6573
-71.6966
-71.7361
-71.7757
-71.8154
-71.8553
-71.8953
-71.9353
-71.9755
-72.0157
-72.056
-72.0964
-72.1369
-72.1774
-72.2179
-72.2585
-72.2991
-72.3398
-72.3805
-72.4212
-72.4619
-72.5026
-72.5434
-72.5841
-72.6248
-72.6655
-72.7063
-72.747
-72.7876
-72.8283
-72.8689
-72.9096
-72.9501
-72.9907
-73.0312
-73.0717
-73.1121
-73.1525
-73.1929
-73.2332
-73.2735
-73.3137
-73.3538
-73.3939
-73.434
-73.474
-73.5139
-73.5538
-73.5935
-73.6333
-73.673
-73.7125
-73.7521
-73.7915
-73.8309
-73.8702
-73.9094
-73.9486
-73.9876
-74.0266
-74.0655
-74.1043
-74.1431
-74.1817
-74.2203
-74.2587
-74.2971
-74.3353
-74.3735
-74.4116
-74.4496
-74.4875
-74.5253
-74.5629
-74.6005
-74.638
-74.6753
-74.7126
-74.7497
-74.7868
-74.8237
-74.8605
-74.8972
-74.9338
-74.9702
-75.0066
-75.0428
-75.0789
-75.1148
-75.1507
-75.1864
-75.222
-75.2574
-75.2928
-75.328
-75.363
-75.398
-75.4328
-75.4674
-75.5019
-75.5363
-75.5705
-75.6046
-75.6386
-75.6724
-75.7061
-75.7396
-75.7729
-75.8061
-75.8392
-75.8721
-75.9049
-75.9375
-75.9699
-76.0022
-76.0343
-76.0663
-76.0981
-76.1298
-76.1613
-76.1926
-76.2238
-76.2548
-76.2856
-76.3163
-76.3468
-76.3771
-76.4073
-76.4373
-76.4671
-76.4968
-76.5263
-76.5556
-76.5847
-76.6137
-76.6425
-76.6711
-76.6996
-76.7278
-76.7559
-76.7839
-76.8116
-76.8392
-76.8666
-76.8938
-76.9208
-76.9477
-76.9743
-77.0008
-77.0272
-77.0533
-77.0793
-77.1051
-77.1307
-77.1561
-77.1813
-77.2064
-77.2313
-77.256
-77.2805
-77.3049
-77.329
-77.353
-77.3768
-77.4005
-77.4239
-77.4472
-77.4703
-77.4932
-77.516
-77.5386
-77.561
-77.5832
-77.6052
-77.6271
-77.6488
-77.6703
-77.6916
-77.7128
-77.7338
-77.7546
-77.7753
-77.7958
-77.8161
-77.8362
-77.8562
-77.876
-77.8957
-77.9151
-77.9344
-77.9536
-77.9725
-77.9914
-78.01
-78.0285
-78.0468
-78.065
-78.083
-78.1008
-78.1185
-78.136
-78.1533
-78.1705
-78.1876
-78.2045
-78.2212
-78.2378
-78.2542
-78.2705
-78.2867
-78.3026
-78.3185
-78.3341
-78.3497
-78.3651
-78.3803
-78.3954
-78.4104
-78.4252
-78.4398
-78.4544
-78.4687
-78.483
-78.4971
-78.5111
-78.5249
-78.5386
-78.5522
-78.5656
-78.5789
-78.5921
-78.6051
-78.618
-78.6308
-78.6434
-78.6559
-78.6683
-78.6806
-78.6927
-78.7048
-78.7167
-78.7284
-78.7401
-78.7516
-78.763
-78.7743
-78.7855
-78.7966
-78.8075
-78.8183
-78.8291
-78.8397
-78.8501
-78.8605
-78.8708
-78.881
-78.891
-78.9009
-78.9108
-78.9205
-78.9301
-78.9397
-78.9491
-78.9584
-78.9676
-78.9767
-78.9857
-78.9946
-79.0035
-79.0122
-79.0208
-79.0293
-79.0377
-79.0461
-79.0543
-79.0625
-79.0705
-79.0785
-79.0864
-79.0941
-79.1018
-79.1094
-79.117
-79.1244
-79.1317
-79.139
-79.1462
-79.1533
-79.1603
-79.1672
-79.174
-79.1808
-79.1875
-79.1941
-79.2006
-79.2071
-79.2134
-79.2197
-79.2259
-79.2321
-79.2381
-79.2441
-79.2501
-79.2559
-79.2617
-79.2674
-79.273
-79.2786
-79.2841
-79.2895
-79.2948
-79.3001
-79.3054

