-88
-87.9223
-87.859
-87.8132
-87.7847
-87.7711
-87.7697
-87.7776
-87.7926
-87.813
-87.8371
-87.8639
-87.8925
-87.9223
-87.9529
-87.9838
-88.0148
-88.0458
-88.0766
-88.107
-88.1371
-88.1668
-88.1961
-88.2249
-88.2534
-88.2813
-88.3089
-88.3361
-88.3628
-88.3891
-88.4151
-88.4407
-88.466
-88.4909
-88.5154
-88.5397
-88.5636
-88.5872
-88.6105
-88.6335
-88.6562
-88.6786
-88.7008
-88.7226
-88.7442
-88.7655
-88.7866
-88.8074
-88.828
-88.8483
-88.8683
-88.8881
-88.9076
-88.9269
-88.946
-88.9648
-88.9834
-89.0018
-89.0199
-89.0378
-89.0555
-89.0729
-89.0902
-89.1072
-89.124
-89.1406
-89.1569
-89.1731
-89.189
-89.2048
-89.2203
-89.2357
-89.2508
-89.2658
-89.2805
-89.2951
-89.3094
-89.3236
-89.3376
-89.3514
-89.3651
-89.3785
-89.3918
-89.4049
-89.4178
-89.4305
-89.4431
-89.4555
-89.4677
-89.4798
-89.4917
-89.5035
-89.5151
-89.5265
-89.5378
-89.5489
-89.5599
-89.5707
-89.5814
-89.5919
-89.6023
-89.6126
-89.6227
-89.6326
-89.6425
-89.6522
-89.6617
-89.6712
-89.6805
-89.6896
-89.6987
-89.7076
-89.7164
-89.725
-89.7336
-89.742
-89.7503
-89.7585
-89.7666
-89.7745
-89.7823
-89.7901
-89.7977
-89.8052
-89.8126
-89.8199
-89.8271
-89.8342
-89.8412
-89.8481
-89.8549
-89.8615
-89.8681
-89.8746
-89.881
-89.8873
-89.8935
-89.8996
-89.9057
-89.9116
-89.9175
-89.9232
-89.9289
-89.9345
-89.94
-89.9454
-89.9508
-89.956
-89.9612
-89.9663
-89.9713
-89.9763
-89.9811
-89.9859
-89.9907
-89.9953
-89.9999
-90.0044
-90.0088
-90.0132
-90.0175
-90.0217
-90.0258
-90.0299
-90.034
-90.0379
-90.0418
-90.0456
-90.0494
-90.0531
-90.0568
-90.0604
-90.0639
-90.0673
-90.0708
-90.0741
-90.0774
-90.0806
-90.0838
-90.087
-90.09
-90.0931
-90.096
-90.099
-90.1018
-90.1046
-90.1074
-90.1101
-90.1128
-90.1154
-90.118
-90.1205
-90.123
-90.1254
-90.1278
-90.1302
-90.1325
-90.1347
-90.1369
-90.1391
-90.1412
-90.136
-90.1156
-90.0761
-90.0176
-89.9422
-89.8529
-89.7523
-89.6431
-89.5271
-89.4061
-89.2813
-89.1537
-89.0242
-88.8935
-88.7618
-88.6298
-88.4976
-88.3654
-88.2336
-88.1021
-87.9712
-87.8408
-87.7111
-87.5821
-87.4539
-87.3264
-87.1998
-87.0739
-86.9489
-86.8248
-86.7015
-86.579
-86.4574
-86.3366
-86.2167
-86.0977
-85.9795
-85.8622
-85.7457
-85.6301
-85.5153
-85.4013
-85.2882
-85.1759
-85.0645
-84.9539
-84.844
-84.7351
-84.6269
-84.5195
-84.4129
-84.3071
-84.2021
-84.0979
-83.9945
-83.8918
-83.7899
-83.6888
-83.5884
-83.4888
-83.3899
-83.2917
-83.1943
-83.0976
-83.0017
-82.9064
-82.8119
-82.7181
-82.6249
-82.5325
-82.4407
-82.3496
-82.2592
-82.1695
-82.0804
-81.992
-81.9042
-81.8171
-81.7306
-81.6448
-81.5596
-81.4749
-81.391
-81.3076
-81.2248
-81.1426
-81.0611
-80.9801
-80.8997
-80.8198
-80.7406
-80.6619
-80.5838
-80.5062
-80.4292
-80.3527
-80.2767
-80.2013
-80.1265
-80.0521
-79.9783
-79.9049
-79.8321
-79.7598
-79.688
-79.6167
-79.5459
-79.4755
-79.4057
-79.3363
-79.2674
-79.1989
-79.1309
-79.0634
-78.9963
-78.9297
-78.8635
-78.7978
-78.7324
-78.6675
-78.6031
-78.539
-78.4754
-78.4122
-78.3494
-78.287
-78.225
-78.1634
-78.1022
-78.0414
-77.9809
-77.9209
-77.8612
-77.8019
-77.7429
-77.6843
-77.6261
-77.5682
-77.5107
-77.4536
-77.3968
-77.3403
-77.2842
-77.2284
-77.1729
-77.1177
-77.0629
-77.0084
-76.9543
-76.9004
-76.8468
-76.7936
-76.7407
-76.688
-76.6357
-76.5836
-76.5319
-76.4804
-76.4292
-76.3783
-76.3277
-76.2774
-76.2273
-76.1775
-76.1279
-76.0787
-76.0297
-75.9809
-75.9324
-75.8841
-75.8361
-75.7884
-75.7409
-75.6936
-75.6466
-75.5998
-75.5532
-75.5069
-75.4608
-75.4149
-75.3692
-75.3238
-75.2786
-75.2336
-75.1888
-75.1442
-75.0998
-75.0556
-75.0116
-74.9679
-74.9243
-74.8809
-74.8377
-74.7947
-74.7519
-74.7092
-74.6668
-74.6245
-74.5824
-74.5405
-74.4987
-74.4572
-74.4158
-74.3745
-74.3334
-74.2925
-74.2518
-74.2112
-74.1707
-74.1304
-74.0903
-74.0503
-74.0105
-73.9708
-73.9312
-73.8918
-73.8525
-73.8134
-73.7744
-73.7355
-73.6968
-73.6582
-73.6197
-73.5813
-73.5431
-73.505
-73.467
-73.4291
-73.3913
-73.3537
-73.3161
-73.2787
-73.2414
-73.2042
-73.1671
-73.13
-73.0931
-73.0563
-73.0196
-72.983
-72.9464
-72.91
-72.8737
-72.8374
-72.8012
-72.7651
-72.7291
-72.6932
-72.6573
-72.6215
-72.5858
-72.5502
-72.5147
-72.4792
-72.4437
-72.4084
-72.3731
-72.3379
-72.3027
-72.2676
-72.2326
-72.1976
-72.1626
-72.1277
-72.0929
-72.0581
-72.0234
-71.9887
-71.954
-71.9194
-71.8849
-71.8503
-71.8158
-71.7814
-71.747
-71.7126
-71.6782
-71.6439
-71.6096
-71.5753
-71.5411
-71.5068
-71.4726
-71.4384
-71.4042
-71.3701
-71.3359
-71.3018
-71.2677
-71.2335
-71.1994
-71.1653
-71.1312
-71.0971
-71.063
-71.0289
-70.9948
-70.9606
-70.9265
-70.8924
-70.8582
-70.8241
-70.7899
-70.7557
-70.7215
-70.6872
-70.653
-70.6187
-70.5844
-70.5501
-70.5157
-70.4813
-70.4469
-70.4124
-70.3779
-70.3433
-70.3087
-70.2741
-70.2394
-70.2047
-70.1699
-70.1351
-70.1002
-70.0653
-70.0302
-69.9952
-69.9601
-69.9249
-69.8896
-69.8543
-69.8189
-69.7834
-69.7478
-69.7122
-69.6765
-69.6407
-69.6048
-69.5688
-69.5328
-69.4966
-69.4604
-69.424
-69.3875
-69.351
-69.3143
-69.2775
-69.2406
-69.2036
-69.1665
-69.1292
-69.0919
-69.0544
-69.0167
-68.979
-68.9411
-68.903
-68.8648
-68.8265
-68.788
-68.7494
-68.7106
-68.6716
-68.6325
-68.5932
-68.5538
-68.5141
-68.4743
-68.4343
-68.3941
-68.3538
-68.3132
-68.2724
-68.2314
-68.1902
-68.1488
-68.1072
-68.0654
-68.0233
-67.981
-67.9384
-67.8957
-67.8526
-67.8093
-67.7658
-67.722
-67.6779
-67.6335
-67.5888
-67.5439
-67.4986
-67.4531
-67.4072
-67.361
-67.3145
-67.2677
-67.2205
-67.173
-67.1251
-67.0768
-67.0282
-66.9791
-66.9297
-66.8799
-66.8297
-66.779
-66.7279
-66.6763
-66.6243
-66.5718
-66.5188
-66.4653
-66.4114
-66.3568
-66.3018
-66.2461
-66.1899
-66.1331
-66.0757
-66.0177
-65.959
-65.8996
-65.8395
-65.7787
-65.7172
-65.6549
-65.5917
-65.5278
-65.4629
-65.3972
-65.3305
-65.2628
-65.194
-65.1242
-65.0532
-64.981
-64.9074
-64.8325
-64.7561
-64.6782
-64.5985
-64.517
-64.4335
-64.3478
-64.2597
-64.169
-64.0754
-63.9786
-63.8783
-63.7742
-63.6658
-63.5527
-63.4344
-63.3105
-63.1804
-63.0436
-62.8995
-62.7478
-62.5878
-62.419
-62.2412
-62.0538
-61.8565
-61.6492
-61.4314
-61.2029
-60.9637
-60.7133
-60.4517
-60.1785
-59.8932
-59.5954
-59.2842
-58.9588
-58.6177
-58.2591
-57.8808
-57.4796
-57.0515
-56.5911
-56.091
-55.5413
-54.928
-54.2315
-53.4224
-52.4564
-51.2632
-49.7251
-47.6328
-44.6049
-40.0534
-33.2661
-23.344
-9.1641
6.59908
16.1316
18.4304
15.8809
10.4706
3.7358
-3.4557
-10.7214
-17.7868
-24.6592
-31.3122
-37.6098
-43.3428
-48.1312
-51.77
-54.405
-56.3201
-57.7521
-58.8508
-59.7016
-60.3532
-60.8348
-61.1664
-61.3634
-61.439
-61.4051
-61.2727
-61.0524
-60.754
-60.3871
-59.96
-59.4807
-58.9559
-58.3916
-57.7927
-57.1633
-56.5062
-55.8236
-55.1168
-54.3862
-53.6312
-52.8509
-52.0431
-51.2053
-50.3337
-49.4238
-48.4698
-47.4644
-46.3985
-45.2607
-44.0362
-42.7067
-41.2488
-39.6343
-37.8304
-35.8036
-33.5292
-31.0087
-28.2906
-25.2966
-21.751
-17.41
-12.2948
-7.1972
-3.48873
-1.97715
-2.62013
-5.05891
-8.84482
-13.502
-18.6216
-23.9299
-29.2365
-34.2788
-39.3089
-44.473
-49.2398
-52.9829
-55.6298
-57.3988
-58.5163
-59.1534
-59.4329
-59.4435
-59.2507
-58.9036
-58.4398
-57.8879
-57.2701
-56.6037
-55.9019
-55.1749
-54.4307
-53.6752
-52.9129
-52.1471
-51.3801
-50.6135
-49.8483
-49.085
-48.3236
-47.5639
-46.8052
-46.0466
-45.2869
-44.5244
-43.7574
-42.9835
-42.1998
-41.4028
-40.5883
-39.7509
-38.884
-37.9793
-37.0264
-36.0124
-34.9217
-33.7359
-32.4355
-31.0039
-29.436
-27.7192
-25.6874
-23.1019
-19.6953
-15.7434
-12.4086
-10.6994
-10.8945
-12.7649
-15.8735
-19.7801
-24.1438
-28.7135
-33.2291
-37.6908
-42.276
-46.7186
-50.4425
-53.1977
-55.0934
-56.3281
-57.0721
-57.4517
-57.5584
-57.459
-57.2035
-56.8293
-56.3653
-55.8336
-55.2515
-54.6323
-53.9864
-53.3218
-52.6447
-51.9598
-51.2705
-50.5796
-49.8889
-49.1997
-48.5127
-47.8282
-47.1464
-46.4668
-45.789
-45.1119
-44.4345
-43.7551
-43.0719
-42.3826
-41.6841
-40.9729
-40.2444
-39.4929
-38.7112
-37.8902
-37.0184
-36.0813
-35.0608
-33.9355
-32.6818
-31.2783
-29.7157
-27.9916
-25.9134
-23.1986
-19.5881
-15.5679
-12.3608
-10.8609
-11.2528
-13.2623
-16.4416
-20.3657
-24.7157
-29.2489
-33.6981
-38.133
-42.668
-46.9682
-50.5028
-53.0985
-54.8866
-56.0597
-56.7774
-57.1565
-57.2812
-57.2128
-56.9969
-56.668
-56.2525
-55.7709
-55.2392
-54.6697
-54.0721
-53.4542
-52.8217
-52.1792
-51.5301
-50.877
-50.2218
-49.5658
-48.9097
-48.2541
-47.599
-46.944
-46.2887
-45.6322
-44.9733
-44.3104
-43.6417
-42.9646
-42.2761
-41.5726
-40.8494
-40.1006
-39.3191
-38.4956
-37.6186
-36.6736
-35.6429
-34.5051
-33.236
-31.813
-30.2224
-28.4754
-26.4411
-23.8769
-20.4792
-16.3484
-12.5453
-10.2084
-9.78953
-11.1669
-13.939
-17.6477
-21.9172
-26.4805
-31.101
-35.5537
-40.0698
-44.585
-48.6056
-51.7344
-53.9712
-55.4965
-56.4919
-57.0955
-57.4064
-57.496
-57.4163
-57.2062
-56.8954
-56.5066
-56.0577
-55.5625
-55.0319
-54.4746
-53.8972
-53.3051
-52.7021
-52.0916
-51.4758
-50.8564
-50.2348
-49.6116
-48.9873
-48.362
-47.7354
-47.107
-46.4761
-45.8415
-45.2017
-44.555
-43.8989
-43.2307
-42.5467
-41.8425
-41.1127
-40.3502
-39.5464
-38.6905
-37.7688
-36.7641
-35.6556
-34.4186
-33.0268
-31.4572
-29.7026
-27.769
-25.4536
-22.4804
-18.5834
-14.165
-10.4991
-8.58115
-8.65836
-10.4979
-13.6509
-17.6519
-22.1418
-26.8728
-31.6055
-36.1761
-40.808
-45.3557
-49.295
-52.3043
-54.4439
-55.9087
-56.8753
-57.4745
-57.7989
-57.9146
-57.8702
-57.7017
-57.4367
-57.0964
-56.6975
-56.253
-55.7732
-55.2662
-54.7384
-54.1949
-53.6396
-53.0756
-52.5051
-51.9302
-51.3519
-50.7712
-50.1888
-49.6047
-49.0192
-48.4318
-47.8422
-47.2496
-46.6529
-46.0509
-45.4419
-44.8237
-44.1937
-43.5488
-42.8848
-42.1968
-41.4785
-40.722
-39.9173
-39.0521
-38.1104
-37.0724
-35.9137
-34.6056
-33.1175
-31.424
-29.5197
-27.3986
-24.8156
-21.4518
-17.0866
-12.3984
-8.79667
-7.15547
-7.58502
-9.7698
-13.2174
-17.4532
-22.1294
-27.0126
-31.8598
-36.5522
-41.3084
-45.9189
-49.8389
-52.7994
-54.9019
-56.3517
-57.3237
-57.9441
-58.3015
-58.4589
-58.4621
-58.3454
-58.135
-57.851
-57.5093
-57.1224
-56.7
-56.2502
-55.779
-55.2915
-54.7915
-54.2821
-53.7658
-53.2443
-52.7192
-52.1915
-51.6618
-51.1308
-50.5987
-50.0655
-49.5312
-48.9955
-48.458
-47.9178
-47.3742
-46.8261
-46.2719
-45.7099
-45.1379
-44.5531
-43.9522
-43.3308
-42.6837
-42.0043
-41.2842
-40.5128
-39.6764
-38.7579
-37.7351
-36.5804
-35.2603
-33.7373
-31.9771
-29.9649
-27.7193
-24.9726
-21.3501
-16.5948
-11.5058
-7.64273
-5.91118
-6.37942
-8.67498
-12.2573
-16.6289
-21.4357
-26.4492
-31.4313
-36.243
-41.1286
-45.8764
-49.9191
-52.9763
-55.1576
-56.6787
-57.7201
-58.4104
-58.8384
-59.0671
-59.142
-59.097
-58.9578
-58.7444
-58.4726
-58.1545
-57.8002
-57.4173
-57.0122
-56.5898
-56.1543
-55.7088
-55.2558
-54.7974
-54.3352
-53.8703
-53.4037
-52.9362
-52.4683
-52.0003
-51.5325
-51.065
-50.5978
-50.1307
-49.6636
-49.1961
-48.7277
-48.2579
-47.7859
-47.3107
-46.8311
-46.3456
-45.8523
-45.3489
-44.8328
-44.3003
-43.7471
-43.1679
-42.5558
-41.9022
-41.1959
-40.4225
-39.5635
-38.5946
-37.4841
-36.1922
-34.6707
-32.869
-30.7508
-28.3291
-25.358
-21.3314
-15.9755
-10.3911
-6.33864
-4.68852
-5.38742
-7.93976
-11.7367
-16.2762
-21.2207
-26.3552
-31.4416
-36.3824
-41.4191
-46.2723
-50.3491
-53.4091
-55.5969
-57.1388
-58.2153
-58.952
-59.435
-59.7246
-59.8647
-59.8879
-59.8188
-59.6767
-59.4768
-59.231
-58.9489
-58.6382
-58.305
-57.9544
-57.5904
-57.2162
-56.8345
-56.4473
-56.0564
-55.6632
-55.2687
-54.8737
-54.4791
-54.0853
-53.6928
-53.3019
-52.9128
-52.5259
-52.1411
-51.7587
-51.3786
-51.0009
-50.6255
-50.2524
-49.8813
-49.512
-49.1443
-48.7778
-48.4119
-48.046
-47.6795
-47.3113
-46.9403
-46.5651
-46.1841
-45.7953
-45.396
-44.9834
-44.5535
-44.1017
-43.622
-43.107
-42.5469
-41.9289
-41.2364
-40.4463
-39.5278
-38.4377
-37.1163
-35.4828
-33.435
-30.8854
-27.7979
-23.5483
-17.6179
-11.0567
-5.96168
-3.563
-3.83867
-6.17086
-9.85407
-14.3504
-19.3072
-24.5041
-29.73
-34.789
-39.9552
-45.0441
-49.4492
-52.8195
-55.2554
-56.9952
-58.2379
-59.121
-59.7377
-60.1524
-60.411
-60.5476
-60.5876
-60.5509
-60.4532
-60.3066
-60.1212
-59.9048
-59.6639
-59.4038
-59.1287
-58.8421
-58.5469
-58.2453
-57.9394
-57.6306
-57.3203
-57.0096
-56.6992
-56.39
-56.0825
-55.7772
-55.4745
-55.1748
-54.8784
-54.5855
-54.2964
-54.0113
-53.7304
-53.4537
-53.1816
-52.9141
-52.6514
-52.3934
-52.1405
-51.8925
-51.6496
-51.4118
-51.1791
-50.9515
-50.7289
-50.5113
-50.2986
-50.0905
-49.8869
-49.6875
-49.4921
-49.3003
-49.1117
-48.9258
-48.7422
-48.5602
-48.3792
-48.1983
-48.0166
-47.8332
-47.6467
-47.456
-47.2592
-47.0546
-46.8396
-46.6116
-46.3668
-46.1008
-45.8074
-45.4786
-45.1026
-44.6618
-44.1263
-43.4395
-42.4888
-41.0648
-38.8608
-35.5303
-30.7824
-24.3368
-16.2536
-8.14109
-2.42256
-0.125597
-0.739812
-3.35468
-7.21972
-11.8515
-16.9489
-22.2904
-27.6937
-32.972
-38.22
-43.4006
-48.0185
-51.6639
-54.3574
-56.3221
-57.7651
-58.8325
-59.6226
-60.2023
-60.6192
-60.9081
-61.095
-61.2003
-61.2398
-61.2261
-61.1695
-61.078
-60.9585
-60.8164
-60.6563
-60.482
-60.2967
-60.1028
-59.9026
-59.6979
-59.4903
-59.281
-59.0711
-58.8615
-58.653
-58.4462
-58.2418
-58.0401
-57.8415
-57.6465
-57.4553
-57.2682
-57.0854
-56.9072
-56.7336
-56.5648
-56.401
-56.2423
-56.0888
-55.9406
-55.7978
-55.6604
-55.5285
-55.4021
-55.2812
-55.166
-55.0563
-54.9521
-54.8535
-54.7603
-54.6726
-54.5902
-54.5132
-54.4413
-54.3745
-54.3127
-54.2557
-54.2034
-54.1558
-54.1125
-54.0735
-54.0386
-54.0076
-53.9804
-53.9568
-53.9366
-53.9197
-53.9059
-53.8949
-53.8867
-53.8811
-53.8779
-53.8769
-53.8781
-53.8812
-53.8862
-53.8928
-53.9011
-53.9107
-53.9217
-53.9339
-53.9473
-53.9616
-53.9768
-53.9929
-54.0097
-54.0271
-54.0451
-54.0635
-54.0824
-54.1016
-54.1209
-54.1405
-54.1601
-54.1797
-54.1991
-54.2183
-54.2372
-54.2555
-54.2733
-54.2901
-54.306
-54.3205
-54.3334
-54.3442
-54.3524
-54.357
-54.3568
-54.3496
-54.3303
-54.287
-54.1913
-53.988
-53.586
-52.8516
-51.6048
-49.5488
-46.2152
-41.0272
-33.5121
-23.5979
-11.4798
0.6546
8.48026
11.0198
9.76188
6.1484
1.2469
-4.28387
-10.1423
-16.2037
-22.3012
-28.2604
-33.9218
-39.3656
-44.4807
-48.8188
-52.1407
-54.5864
-56.4061
-57.7953
-58.8802
-59.7412
-60.4306
-60.9848
-61.4297
-61.7849
-62.0658
-62.2845
-62.4508
-62.573
-62.658
-62.7115
-62.7387
-62.7436
-62.7301
-62.7012
-62.6596
-62.6078
-62.5478
-62.4814
-62.41
-62.3351
-62.2578
-62.179
-62.0996
-62.0204
-61.942
-61.865
-61.7898
-61.7169
-61.6466
-61.5791
-61.5148
-61.4538
-61.3963
-61.3424
-61.2922
-61.2459
-61.2035
-61.165
-61.1304
-61.0998
-61.0731
-61.0503
-61.0315
-61.0164
-61.0052
-60.9977
-60.9938
-60.9935
-60.9968
-61.0035
-61.0135
-61.0268
-61.0432
-61.0627
-61.0852
-61.1105
-61.1386
-61.1695
-61.2029
-61.2388
-61.2771
-61.3177
-61.3605
-61.4055
-61.4525
-61.5015
-61.5523
-61.605
-61.6594
-61.7155
-61.7732
-61.8323
-61.893
-61.955
-62.0184
-62.0831
-62.149
-62.2161
-62.2843
-62.3536
-62.4239
-62.4953
-62.5676
-62.6408
-62.7149
-62.7898
-62.8656
-62.9422
-63.0195
-63.0975
-63.1763
-63.2557
-63.3358
-63.4165
-63.4978
-63.5797
-63.6621
-63.7451
-63.8287
-63.9127
-63.9972
-64.0822
-64.1677
-64.2536
-64.3399
-64.4266
-64.5138
-64.6013
-64.6892
-64.7774
-64.866
-64.9549
-65.0442
-65.1337
-65.2236
-65.3137
-65.4041
-65.4948
-65.5857
-65.6769
-65.7683
-65.8599
-65.9518
-66.0438
-66.1361
-66.2285
-66.3211
-66.4139
-66.5068
-66.5999
-66.6932
-66.7865
-66.88
-66.9736
-67.0674
-67.1612
-67.2551
-67.3491
-67.4432
-67.5373
-67.6315
-67.7258
-67.8201
-67.9145
-68.0089
-68.1033
-68.1977
-68.2921
-68.3866
-68.481
-68.5755
-68.6699
-68.7643
-68.8586
-68.953
-69.0472
-69.1415
-69.2356
-69.3297
-69.4238
-69.5177
-69.6116
-69.7054
-69.7991
-69.8927
-69.9862
-70.0795
-70.1728
-70.2659
-70.3589
-70.4517
-70.5444
-70.6369
-70.7293
-70.8215
-70.9136
-71.0054
-71.0971
-71.1886
-71.2799
-71.371
-71.4618
-71.5525
-71.6429
-71.7332
-71.8231
-71.9129
-72.0024
-72.0916
-72.1806
-72.2694
-72.3578
-72.446
-72.5339
-72.6216
-72.7089
-72.796
-72.8827
-72.9691
-73.0553
-73.1411
-73.2266
-73.3118
-73.3966
-73.4811
-73.5653
-73.6491
-73.7326
-73.8157
-73.8985
-73.9809
-74.0629
-74.1446
-74.2259
-74.3068
-74.3873
-74.4674
-74.5472
-74.6265
-74.7055
-74.784
-74.8622
-74.9399
-75.0172
-75.0941
-75.1706
-75.2467
-75.3224
-75.3976
-75.4724
-75.5467
-75.6207
-75.6942
-75.7672
-75.8398
-75.912
-75.9838
-76.055
-76.1259
-76.1963
-76.2662
-76.3357
-76.4047
-76.4733
-76.5415
-76.6091
-76.6763
-76.7431
-76.8094
-76.8752
-76.9406
-77.0056
-77.07
-77.134
-77.1976
-77.2607
-77.3233
-77.3855
-77.4472
-77.5084
-77.5692
-77.6295
-77.6894
-77.7488
-77.8078
-77.8663
-77.9243
-77.9819
-78.0391
-78.0958
-78.152
-78.2078
-78.2632
-78.3181
-78.3725
-78.4265
-78.4801
-78.5332
-78.5859
-78.6382
-78.69
-78.7414
-78.7923
-78.8428
-78.8929
-78.9426
-78.9918
-79.0406
-79.089
-79.137
-79.1846
-79.2317
-79.2784
-79.3248
-79.3707
-79.4162
-79.4613
-79.506
-79.5503
-79.5942
-79.6377
-79.6808
-79.7236
-79.7659
-79.8079
-79.8495
-79.8907
-79.9315
-79.9719
-80.012
-80.0517
-80.091
-80.13
-80.1686
-80.2068
-80.2447
-80.2823
-80.3194
-80.3563
-80.3927
-80.4289
-80.4647
-80.5001
-80.5352
-80.57
-80.6045
-80.6386
-80.6724
-80.7058
-80.739
-80.7718
-80.8043
-80.8365
-80.8683
-80.8999
-80.9312
-80.9621
-80.9928
-81.0231
-81.0531
-81.0829
-81.1124
-81.1415
-81.1704
-81.199
-81.2273
-81.2553
-81.2831
-81.3105
-81.3377
-81.3646
-81.3913
-81.4177
-81.4438
-81.4696
-81.4952
-81.5205
-81.5456
-81.5704
-81.595
-81.6193
-81.6434
-81.6672
-81.6908
-81.7141
-81.7372
-81.76
-81.7826
-81.805
-81.8272
-81.8491
-81.8708
-81.8923
-81.9135
-81.9345
-81.9553
-81.9759
-81.9963
-82.0164
-82.0364
-82.0561
-82.0756
-82.0949
-82.114
-82.1329
-82.1516
-82.1701
-82.1884
-82.2066
-82.2245
-82.2422
-82.2597
-82.2771
-82.2942
-82.3112
-82.328
-82.3446
-82.361
-82.3772
-82.3933
-82.4092
-82.4249
-82.4404
-82.4558
-82.471
-82.486
-82.5009
-82.5156
-82.5301
-82.5445
-82.5587
-82.5727
-82.5866
-82.6003
-82.6139
-82.6273
-82.6406
-82.6537
-82.6667
-82.6795
-82.6922
-82.7047
-82.7171
-82.7294
-82.7415
-82.7534
-82.7652
-82.7769
-82.7885
-82.7999
-82.8112
-82.8223
-82.8333
-82.8442
-82.855
-82.8656
-82.8761
-82.8865
-82.8967
-82.9068
-82.9168
-82.9267
-82.9365
-82.9461
-82.9557

