-88
-87.9148
-87.8302
-87.7463
-87.6636
-87.5825
-87.5034
-87.4268
-87.3529
-87.2819
-87.214
-87.1491
-87.0872
-87.0283
-86.9723
-86.9189
-86.8681
-86.8197
-86.7735
-86.7294
-86.6873
-86.6469
-86.6083
-86.5712
-86.5355
-86.5012
-86.4681
-86.4361
-86.4053
-86.3754
-86.3464
-86.3183
-86.2911
-86.2646
-86.2388
-86.2136
-86.1891
-86.1652
-86.1419
-86.1191
-86.0968
-86.0749
-86.0536
-86.0326
-86.0121
-85.9919
-85.9722
-85.9527
-85.9337
-85.9149
-85.8965
-85.8784
-85.8605
-85.843
-85.8257
-85.8086
-85.7919
-85.7753
-85.759
-85.7429
-85.7271
-85.7114
-85.696
-85.6807
-85.6657
-85.6508
-85.6361
-85.6216
-85.6072
-85.5931
-85.5791
-85.5652
-85.5515
-85.5379
-85.5245
-85.5113
-85.4981
-85.4851
-85.4723
-85.4595
-85.4469
-85.4345
-85.4221
-85.4098
-85.3977
-85.3857
-85.3738
-85.362
-85.3503
-85.3387
-85.3272
-85.3158
-85.3046
-85.2934
-85.2823
-85.2713
-85.2603
-85.2495
-85.2388
-85.2281
-85.2176
-85.2071
-85.1967
-85.1864
-85.1761
-85.166
-85.1559
-85.1459
-85.1359
-85.1261
-85.1163
-85.1066
-85.0969
-85.0874
-85.0779
-85.0684
-85.0591
-85.0497
-85.0405
-85.0313
-85.0222
-85.0132
-85.0042
-84.9952
-84.9864
-84.9776
-84.9688
-84.9601
-84.9515
-84.9429
-84.9344
-84.9259
-84.9175
-84.9091
-84.9008
-84.8925
-84.8843
-84.8762
-84.8681
-84.86
-84.852
-84.844
-84.8361
-84.8283
-84.8205
-84.8127
-84.805
-84.7973
-84.7897
-84.7821
-84.7745
-84.767
-84.7596
-84.7522
-84.7448
-84.7375
-84.7302
-84.723
-84.7158
-84.7086
-84.7015
-84.6944
-84.6874
-84.6804
-84.6734
-84.6665
-84.6596
-84.6527
-84.6459
-84.6391
-84.6324
-84.6257
-84.619
-84.6124
-84.6058
-84.5992
-84.5927
-84.5862
-84.5797
-84.5733
-84.5669
-84.5606
-84.5542
-84.5479
-84.5417
-84.5354
-84.5292
-84.5231
-84.5169
-84.5108
-84.5047
-84.4987
-84.4927
-84.4867
-84.4807
-84.4748
-84.4689
-84.463
-84.4572
-84.4514
-84.4456
-84.4398
-84.4338
-84.4274
-84.4201
-84.4115
-84.401
-84.3882
-84.3727
-84.3543
-84.3328
-84.3082
-84.2804
-84.2496
-84.2157
-84.179
-84.1396
-84.0976
-84.0532
-84.0066
-83.9579
-83.9074
-83.855
-83.8011
-83.7456
-83.6888
-83.6307
-83.5716
-83.5113
-83.4502
-83.3882
-83.3254
-83.2619
-83.1979
-83.1332
-83.068
-83.0024
-82.9364
-82.8701
-82.8034
-82.7364
-82.6693
-82.6019
-82.5344
-82.4667
-82.3989
-82.331
-82.263
-82.195
-82.127
-82.059
-81.991
-81.923
-81.8551
-81.7872
-81.7194
-81.6516
-81.584
-81.5165
-81.449
-81.3817
-81.3146
-81.2475
-81.1806
-81.1139
-81.0473
-80.9809
-80.9146
-80.8485
-80.7826
-80.7169
-80.6514
-80.586
-80.5209
-80.4559
-80.3911
-80.3266
-80.2622
-80.1981
-80.1341
-80.0704
-80.0069
-79.9436
-79.8804
-79.8176
-79.7549
-79.6924
-79.6302
-79.5682
-79.5064
-79.4448
-79.3834
-79.3223
-79.2613
-79.2006
-79.1401
-79.0798
-79.0198
-78.9599
-78.9003
-78.8409
-78.7817
-78.7227
-78.6639
-78.6054
-78.547
-78.4889
-78.4309
-78.3732
-78.3157
-78.2584
-78.2013
-78.1444
-78.0878
-78.0313
-77.975
-77.9189
-77.863
-77.8074
-77.7519
-77.6966
-77.6415
-77.5866
-77.5319
-77.4774
-77.423
-77.3689
-77.3149
-77.2612
-77.2076
-77.1542
-77.1009
-77.0479
-76.995
-76.9423
-76.8898
-76.8375
-76.7853
-76.7333
-76.6814
-76.6297
-76.5782
-76.5269
-76.4757
-76.4246
-76.3738
-76.323
-76.2725
-76.2221
-76.1718
-76.1217
-76.0717
-76.0219
-75.9722
-75.9227
-75.8733
-75.8241
-75.7749
-75.726
-75.6771
-75.6284
-75.5798
-75.5314
-75.483
-75.4348
-75.3868
-75.3388
-75.291
-75.2433
-75.1957
-75.1482
-75.1008
-75.0535
-75.0064
-74.9593
-74.9124
-74.8656
-74.8188
-74.7722
-74.7257
-74.6792
-74.6329
-74.5866
-74.5405
-74.4944
-74.4484
-74.4026
-74.3568
-74.311
-74.2654
-74.2198
-74.1743
-74.1289
-74.0836
-74.0383
-73.9931
-73.948
-73.903
-73.858
-73.813
-73.7682
-73.7233
-73.6786
-73.6339
-73.5892
-73.5446
-73.5001
-73.4556
-73.4111
-73.3667
-73.3224
-73.278
-73.2338
-73.1895
-73.1453
-73.1011
-73.057
-73.0128
-72.9687
-72.9246
-72.8806
-72.8366
-72.7926
-72.7486
-72.7046
-72.6606
-72.6166
-72.5727
-72.5287
-72.4848
-72.4409
-72.3969
-72.353
-72.3091
-72.2651
-72.2211
-72.1772
-72.1332
-72.0892
-72.0452
-72.0011
-71.9571
-71.913
-71.8689
-71.8248
-71.7806
-71.7364
-71.6922
-71.6479
-71.6036
-71.5593
-71.5149
-71.4704
-71.4259
-71.3814
-71.3368
-71.2921
-71.2474
-71.2027
-71.1578
-71.1129
-71.0679
-71.0229
-70.9777
-70.9325
-70.8873
-70.8419
-70.7964
-70.7509
-70.7053
-70.6595
-70.6137
-70.5678
-70.5217
-70.4756
-70.4294
-70.383
-70.3365
-70.2899
-70.2432
-70.1964
-70.1494
-70.1023
-70.055
-70.0077
-69.9601
-69.9125
-69.8647
-69.8167
-69.7686
-69.7203
-69.6718
-69.6232
-69.5744
-69.5254
-69.4763
-69.427
-69.3774
-69.3277
-69.2778
-69.2277
-69.1774
-69.1268
-69.0761
-69.0251
-68.974
-68.9225
-68.8709
-68.819
-68.7669
-68.7145
-68.6618
-68.609
-68.5558
-68.5024
-68.4487
-68.3947
-68.3404
-68.2858
-68.2309
-68.1758
-68.1203
-68.0645
-68.0083
-67.9518
-67.895
-67.8379
-67.7804
-67.7225
-67.6643
-67.6056
-67.5466
-67.4872
-67.4274
-67.3672
-67.3066
-67.2455
-67.1841
-67.1221
-67.0597
-66.9969
-66.9335
-66.8697
-66.8054
-66.7406
-66.6752
-66.6094
-66.5429
-66.476
-66.4084
-66.3403
-66.2716
-66.2023
-66.1324
-66.0618
-65.9906
-65.9187
-65.8462
-65.7729
-65.6989
-65.6242
-65.5488
-65.4726
-65.3955
-65.3177
-65.2391
-65.1596
-65.0792
-64.998
-64.9158
-64.8327
-64.7486
-64.6635
-64.5774
-64.4902
-64.402
-64.3126
-64.2221
-64.1304
-64.0375
-63.9434
-63.8479
-63.7511
-63.653
-63.5534
-63.4524
-63.3498
-63.2457
-63.14
-63.0326
-62.9235
-62.8126
-62.6999
-62.5852
-62.4685
-62.3498
-62.2289
-62.1058
-61.9803
-61.8525
-61.7221
-61.589
-61.4533
-61.3146
-61.173
-61.0282
-60.8801
-60.7285
-60.5733
-60.4142
-60.2511
-60.0836
-59.9117
-59.7348
-59.5529
-59.3655
-59.1722
-58.9726
-58.7664
-58.5528
-58.3315
-58.1016
-57.8624
-57.6131
-57.3526
-57.0799
-56.7934
-56.4918
-56.173
-55.8349
-55.475
-55.0901
-54.6766
-54.2303
-53.7462
-53.2186
-52.6409
-52.0058
-51.3048
-50.5292
-49.6693
-48.7153
-47.6577
-46.4881
-45.1997
-43.7893
-42.258
-40.6129
-38.8683
-37.0464
-35.1768
-33.296
-31.4451
-29.6679
-28.0074
-26.5063
-25.2085
-24.1528
-23.3687
-22.8731
-22.6689
-22.7453
-23.0805
-23.6434
-24.3955
-25.2941
-26.2938
-27.3503
-28.4183
-29.4591
-30.4397
-31.3337
-32.121
-32.785
-33.3142
-33.7127
-33.9876
-34.1481
-34.2031
-34.1602
-34.0317
-33.8273
-33.5554
-33.2257
-32.8436
-32.4166
-31.9487
-31.4467
-30.9141
-30.3525
-29.7556
-29.1139
-28.4267
-27.7228
-27.0629
-26.5275
-26.1945
-26.1197
-26.3263
-26.8
-27.4875
-28.3172
-29.2172
-30.1283
-31.007
-31.818
-32.5299
-33.1185
-33.5703
-33.8828
-34.0629
-34.1236
-34.0811
-33.9528
-33.7556
-33.5053
-33.2162
-32.9008
-32.57
-32.2332
-31.8981
-31.5712
-31.2577
-30.9617
-30.6863
-30.4335
-30.2048
-30.0006
-29.821
-29.6654
-29.5331
-29.4226
-29.3326
-29.2615
-29.2073
-29.1684
-29.1429
-29.1289
-29.1247
-29.1286
-29.139
-29.1545
-29.1737
-29.1953
-29.2182
-29.2412
-29.2635
-29.2839
-29.3013
-29.3147
-29.3228
-29.3241
-29.317
-29.2997
-29.2708
-29.2278
-29.1664
-29.0792
-28.9612
-28.818
-28.6715
-28.555
-28.5032
-28.5426
-28.6853
-28.9292
-29.26
-29.6554
-30.0899
-30.5408
-30.9889
-31.4154
-31.8007
-32.1274
-32.3826
-32.5601
-32.66
-32.6873
-32.6505
-32.5595
-32.4249
-32.2573
-32.0662
-31.8603
-31.6473
-31.4336
-31.2245
-31.0244
-30.8367
-30.6637
-30.5074
-30.3686
-30.2479
-30.1452
-30.06
-29.9914
-29.9385
-29.8999
-29.8741
-29.8597
-29.8551
-29.8586
-29.8688
-29.8843
-29.9034
-29.925
-29.9478
-29.9706
-29.9922
-30.0116
-30.0277
-30.0394
-30.0454
-30.0447
-30.0361
-30.0187
-29.9912
-29.951
-29.8928
-29.8104
-29.7028
-29.5811
-29.4693
-29.3978
-29.3947
-29.4787
-29.6557
-29.9197
-30.2553
-30.6416
-31.0575
-31.4842
-31.9034
-32.2961
-32.6439
-32.9318
-33.1504
-33.2963
-33.3716
-33.382
-33.3356
-33.2418
-33.11
-32.9494
-32.7686
-32.5751
-32.3755
-32.1756
-31.98
-31.7926
-31.6165
-31.4539
-31.3064
-31.1751
-31.0603
-30.9622
-30.8803
-30.8139
-30.7622
-30.7239
-30.6978
-30.6824
-30.6763
-30.6782
-30.6864
-30.6995
-30.7163
-30.7354
-30.7556
-30.7756
-30.7943
-30.8107
-30.8235
-30.8315
-30.8337
-30.8288
-30.8155
-30.793
-30.7594
-30.7115
-30.6429
-30.5473
-30.4257
-30.2923
-30.1737
-30.1017
-30.1042
-30.1991
-30.3911
-30.6735
-31.0299
-31.4394
-31.8809
-32.3353
-32.7831
-33.2044
-33.5799
-33.8945
-34.1387
-34.3092
-34.4077
-34.4398
-34.4132
-34.3367
-34.2196
-34.0706
-33.898
-33.7092
-33.511
-33.3089
-33.108
-32.9122
-32.725
-32.549
-32.3861
-32.2378
-32.1049
-31.988
-31.887
-31.8015
-31.7311
-31.6747
-31.6314
-31.6
-31.579
-31.5671
-31.563
-31.565
-31.5719
-31.5822
-31.5946
-31.6076
-31.6199
-31.6303
-31.6373
-31.6397
-31.6359
-31.6246
-31.6043
-31.5739
-31.532
-31.4758
-31.3997
-31.2963
-31.1628
-31.0087
-30.8577
-30.743
-30.6975
-30.746
-30.9003
-31.1589
-31.5093
-31.9312
-32.4017
-32.8995
-33.4043
-33.8953
-34.3513
-34.7533
-35.0876
-35.3465
-35.5284
-35.6363
-35.6764
-35.6569
-35.5865
-35.4742
-35.3286
-35.1576
-34.9684
-34.7675
-34.5604
-34.3521
-34.1467
-33.9476
-33.7576
-33.5791
-33.4136
-33.2624
-33.1263
-33.0056
-32.9003
-32.81
-32.7343
-32.6723
-32.623
-32.5852
-32.5577
-32.5392
-32.5282
-32.5233
-32.5231
-32.526
-32.5307
-32.5356
-32.5393
-32.5403
-32.5369
-32.5274
-32.5102
-32.4834
-32.4453
-32.3947
-32.3296
-32.2461
-32.1372
-31.9954
-31.8208
-31.6288
-31.4494
-31.3202
-31.2762
-31.3417
-31.5264
-31.8263
-32.2261
-32.7031
-33.2331
-33.7934
-34.3617
-34.9154
-35.4312
-35.8892
-36.2752
-36.5813
-36.8062
-36.9529
-37.0278
-37.0388
-36.9947
-36.9044
-36.7764
-36.6185
-36.4381
-36.2415
-36.0345
-35.8221
-35.6087
-35.3979
-35.1929
-34.9964
-34.8104
-34.6366
-34.4762
-34.3299
-34.1984
-34.0816
-33.9795
-33.8917
-33.8174
-33.756
-33.7063
-33.6673
-33.6378
-33.6164
-33.6017
-33.5925
-33.5872
-33.5843
-33.5823
-33.5797
-33.575
-33.5662
-33.5517
-33.5295
-33.4973
-33.4529
-33.3942
-33.3194
-33.2261
-33.1093
-32.9603
-32.7716
-32.5459
-32.3036
-32.0811
-31.921
-31.8612
-31.9268
-32.1271
-32.4564
-32.8974
-33.4257
-34.0154
-34.6421
-35.2819
-35.9093
-36.4988
-37.0287
-37.4833
-37.8542
-38.1394
-38.3418
-38.4676
-38.5246
-38.5216
-38.4673
-38.3701
-38.2379
-38.0779
-37.8967
-37.7
-37.4929
-37.2801
-37.0654
-36.8522
-36.6436
-36.4419
-36.2491
-36.0671
-35.8969
-35.7396
-35.5957
-35.4657
-35.3496
-35.2472
-35.1582
-35.0819
-35.0177
-34.9646
-34.9217
-34.8878
-34.8618
-34.8424
-34.8283
-34.8182
-34.8108
-34.8045
-34.7979
-34.7895
-34.7776
-34.7604
-34.7359
-34.7017
-34.6553
-34.5938
-34.5144
-34.4145
-34.2912
-34.1386
-33.9465
-33.7056
-33.4185
-33.1082
-32.8161
-32.591
-32.477
-32.5036
-32.6826
-33.0096
-33.4671
-34.0296
-34.6696
-35.361
-36.0775
-36.7909
-37.4725
-38.0972
-38.6463
-39.1092
-39.4823
-39.7674
-39.97
-40.0977
-40.1589
-40.1624
-40.1166
-40.0295
-39.9083
-39.7596
-39.5894
-39.403
-39.2051
-38.9998
-38.7907
-38.5812
-38.3738
-38.1711
-37.975
-37.7873
-37.6092
-37.4419
-37.2862
-37.1428
-37.0118
-36.8936
-36.7879
-36.6947
-36.6133
-36.5434
-36.4843
-36.4351
-36.395
-36.3631
-36.3382
-36.3195
-36.3057
-36.2958
-36.2886
-36.2829
-36.2774
-36.271
-36.2623
-36.2498
-36.2319
-36.2068
-36.1724
-36.1262
-36.065
-35.9854
-35.8831
-35.7544
-35.5947
-35.3964
-35.1465
-34.8333
-34.46
-34.0544
-33.6658
-33.3513
-33.162
-33.132
-33.2756
-33.5892
-34.0549
-34.646
-35.3339
-36.0908
-36.888
-37.6934
-38.4743
-39.2017
-39.8538
-40.4177
-40.8883
-41.2664
-41.5569
-41.7671
-41.9054
-41.9802
-42.0001
-41.9729
-41.9061
-41.8062
-41.6792
-41.5306
-41.3652
-41.187
-41
-40.8074
-40.6122
-40.4168
-40.2235
-40.0342
-39.8506
-39.674
-39.5056
-39.3464
-39.197
-39.0581
-38.9299
-38.8128
-38.7068
-38.6117
-38.5275
-38.4537
-38.39
-38.3359
-38.2907
-38.2538
-38.2245
-38.2021
-38.1857
-38.1746
-38.168
-38.1649
-38.1647
-38.1664
-38.1693
-38.1725
-38.1753
-38.1766
-38.1758
-38.1719
-38.1638
-38.1505
-38.1308
-38.103
-38.0652
-38.0152
-37.9497
-37.8647
-37.7545
-37.6124
-37.4304
-37.1979
-36.8976
-36.5109
-36.0337
-35.4911
-34.9371
-34.4406
-34.0666
-33.8635
-33.8571
-34.0519
-34.4352
-34.9823
-35.6641
-36.4513
-37.3132
-38.2147
-39.1173
-39.9846
-40.7872
-41.5055
-42.1294
-42.6561
-43.0886
-43.4327
-43.6963
-43.8878
-44.0157
-44.0882
-44.113
-44.0971
-44.0466
-43.9675
-43.8646
-43.7426
-43.6055
-43.4567
-43.2995
-43.1365
-42.9703
-42.8028
-42.6359
-42.4714
-42.3104
-42.1543
-42.004
-41.8605
-41.7243
-41.5961
-41.4763
-41.3652
-41.263
-41.1698
-41.0856
-41.0104
-40.944
-40.8861
-40.8365
-40.7949
-40.7608
-40.7338
-40.7135
-40.6994
-40.691
-40.6877
-40.689
-40.6945
-40.7037
-40.7159
-40.7307
-40.7477
-40.7664
-40.7864
-40.8072
-40.8285
-40.8499
-40.8711
-40.8918
-40.9116
-40.9303
-40.9475
-40.9631
-40.9768
-40.9882
-40.997
-41.0031
-41.0059
-41.005
-41
-40.99
-40.9743
-40.9515
-40.9198
-40.8759
-40.8143
-40.7254
-40.5935
-40.3957
-40.1027
-39.6809
-39.1032
-38.3681
-37.5153
-36.6217
-35.78
-35.0769
-34.577
-34.3184
-34.3131
-34.5527
-35.0136
-35.6647
-36.4734
-37.4062
-38.4238
-39.4811
-40.532
-41.5365
-42.4648
-43.2989
-44.0307
-44.6597
-45.19
-45.6287
-45.9842
-46.2652
-46.4804
-46.6379
-46.7454
-46.8097
-46.8371
-46.8332
-46.803
-46.7509
-46.6808
-46.5961
-46.4999
-46.3949
-46.2834
-46.1675
-46.0489
-45.9292
-45.8097
-45.6917
-45.576
-45.4637
-45.3554
-45.2517
-45.1532
-45.0603
-44.9733
-44.8925
-44.8181
-44.7502
-44.6888
-44.6341
-44.5859
-44.5442
-44.5089
-44.4799
-44.4568
-44.4397
-44.4282
-44.4221
-44.4211
-44.425
-44.4334
-44.4462
-44.4629
-44.4834
-44.5073
-44.5343
-44.5642
-44.5967
-44.6315
-44.6684
-44.7071
-44.7475
-44.7892
-44.8322
-44.8761
-44.9209
-44.9664
-45.0124
-45.0588
-45.1055
-45.1524
-45.1994
-45.2463
-45.2932
-45.34
-45.3866
-45.433
-45.4791
-45.525
-45.5705
-45.6158
-45.6607
-45.7053
-45.7496
-45.7936
-45.8372
-45.8806
-45.9237
-45.9665
-46.009
-46.0514
-46.0935
-46.1354
-46.1771
-46.2187
-46.26
-46.3013
-46.3424
-46.3834
-46.4243
-46.4651
-46.5057
-46.5462
-46.5867
-46.6269
-46.667
-46.7069
-46.7466
-46.7859
-46.8248
-46.8632
-46.9007
-46.9367
-46.9702
-46.9987
-47.0177
-47.02
-46.9933
-46.9187
-46.7666
-46.4942
-46.046
-45.3597
-44.3783
-43.0843
-41.5309
-39.8346
-38.1406
-36.5891
-35.2926
-34.3275
-33.7333
-33.5176
-33.663
-34.1334
-34.8843
-35.8743
-37.0626
-38.3994
-39.8224
-41.2639
-42.6623
-43.9712
-45.1624
-46.2236
-47.1539
-47.9594
-48.6497
-49.2361
-49.73
-50.1422
-50.4831
-50.762
-50.9871
-51.1661
-51.3054
-51.4111
-51.4882
-51.5413
-51.5742
-51.5906
-51.5934
-51.5852
-51.5684
-51.5448
-51.5162
-51.4841
-51.4498
-51.4143
-51.3785
-51.3434
-51.3094
-51.2773
-51.2475
-51.2204
-51.1963
-51.1755
-51.1581
-51.1444
-51.1345
-51.1284
-51.1262
-51.1279
-51.1336
-51.1431
-51.1565
-51.1737
-51.1945
-51.2191
-51.2471
-51.2786
-51.3135
-51.3515
-51.3927
-51.4368
-51.4838
-51.5336
-51.5859
-51.6408
-51.698
-51.7574
-51.819
-51.8826
-51.9482
-52.0155
-52.0845
-52.1551
-52.2272
-52.3008
-52.3756
-52.4517
-52.5289
-52.6073
-52.6866
-52.7669
-52.8482
-52.9302
-53.013
-53.0966
-53.1808
-53.2657
-53.3512
-53.4373
-53.524
-53.6111
-53.6988
-53.7869
-53.8755
-53.9645
-54.0539
-54.1437
-54.2339
-54.3245
-54.4154
-54.5067
-54.5984
-54.6904
-54.7828
-54.8755
-54.9685
-55.0618
-55.1555
-55.2495
-55.3439
-55.4386
-55.5336
-55.6289
-55.7245
-55.8205
-55.9168
-56.0134
-56.1103
-56.2076
-56.3052
-56.4031
-56.5013
-56.5999
-56.6988
-56.798
-56.8975
-56.9974
-57.0975
-57.198
-57.2988
-57.3999
-57.5014
-57.6031
-57.7052
-57.8075
-57.9102
-58.0132
-58.1165
-58.2201
-58.3239
-58.4281
-58.5326
-58.6373
-58.7424
-58.8477
-58.9533
-59.0592
-59.1653
-59.2718
-59.3784
-59.4854
-59.5926
-59.7
-59.8077
-59.9157
-60.0239
-60.1323
-60.2409
-60.3498
-60.4589
-60.5683
-60.6778
-60.7875
-60.8975
-61.0076
-61.118
-61.2285
-61.3392
-61.4501
-61.5612
-61.6725
-61.7839
-61.8954
-62.0072
-62.119
-62.2311
-62.3432
-62.4555
-62.5679
-62.6805
-62.7931
-62.9059
-63.0188
-63.1318
-63.2449
-63.358
-63.4713
-63.5846
-63.698
-63.8115
-63.925
-64.0386
-64.1522
-64.2659
-64.3796
-64.4934
-64.6072
-64.721
-64.8348
-64.9486
-65.0625
-65.1763
-65.2901
-65.4039
-65.5177
-65.6314
-65.7451
-65.8588
-65.9725
-66.086
-66.1996
-66.313
-66.4264
-66.5397
-66.6529
-66.7661
-66.8791
-66.9921
-67.1049
-67.2176
-67.3302
-67.4427
-67.555
-67.6672
-67.7792
-67.8911
-68.0029
-68.1144
-68.2258
-68.3371
-68.4481
-68.5589
-68.6696
-68.78
-68.8902
-69.0002
-69.11
-69.2196
-69.3289
-69.438
-69.5468
-69.6554
-69.7637
-69.8718
-69.9796
-70.0871
-70.1943
-70.3012
-70.4079
-70.5142
-70.6202
-70.7259
-70.8313
-70.9364
-71.0412
-71.1456
-71.2496
-71.3533
-71.4567
-71.5597
-71.6624
-71.7646
-71.8665
-71.9681
-72.0692
-72.17
-72.2703
-72.3703
-72.4699
-72.569
-72.6678
-72.7661
-72.864
-72.9615
-73.0586
-73.1552
-73.2514
-73.3472
-73.4425
-73.5374
-73.6318
-73.7258
-73.8193
-73.9123
-74.0049
-74.097
-74.1887
-74.2798
-74.3705
-74.4607
-74.5505
-74.6397
-74.7285
-74.8168
-74.9045
-74.9918
-75.0786
-75.1649
-75.2507
-75.336
-75.4208
-75.5051
-75.5888
-75.6721
-75.7549
-75.8371
-75.9188
-76.0001
-76.0808
-76.161
-76.2406
-76.3198
-76.3984
-76.4765
-76.5541
-76.6312
-76.7078
-76.7838
-76.8593
-76.9343
-77.0088
-77.0828
-77.1562
-77.2291
-77.3015
-77.3734
-77.4447
-77.5156
-77.5859
-77.6557
-77.7249
-77.7937
-77.8619
-77.9297
-77.9969
-78.0636
-78.1297
-78.1954
-78.2606
-78.3252
-78.3893
-78.453
-78.5161
-78.5787
-78.6408
-78.7024
-78.7635
-78.8241
-78.8842
-78.9438
-79.003
-79.0616
-79.1197
-79.1773
-79.2345
-79.2912
-79.3473
-79.403
-79.4582
-79.513
-79.5672
-79.621
-79.6743
-79.7272
-79.7795
-79.8314
-79.8829
-79.9339
-79.9844
-80.0344
-80.084
-80.1332
-80.1819
-80.2302
-80.278
-80.3253
-80.3722
-80.4187
-80.4648
-80.5104
-80.5556
-80.6003
-80.6446
-80.6885
-80.732
-80.7751
-80.8177
-80.8599
-80.9017
-80.9431
-80.9841
-81.0247
-81.0649
-81.1047
-81.1441
-81.1831
-81.2218
-81.26
-81.2978
-81.3353
-81.3724
-81.4091
-81.4454
-81.4814
-81.517
-81.5522
-81.587
-81.6215
-81.6557
-81.6895
-81.7229
-81.756
-81.7887
-81.8211
-81.8531
-81.8848
-81.9162
-81.9472
-81.9779
-82.0083
-82.0383
-82.0681
-82.0974
-82.1265
-82.1553
-82.1837
-82.2119
-82.2397
-82.2672
-82.2944
-82.3214
-82.348
-82.3743
-82.4003
-82.4261
-82.4515
-82.4767
-82.5016
-82.5262
-82.5505
-82.5746
-82.5983
-82.6219
-82.6451
-82.6681
-82.6908
-82.7132
-82.7354
-82.7573
-82.779
-82.8005
-82.8216
-82.8426
-82.8633
-82.8837

