-88
-87.9148
-87.8299
-87.7455
-87.6617
-87.5787
-87.4968
-87.4162
-87.3373
-87.2604
-87.1858
-87.1137
-87.0443
-86.9778
-86.9143
-86.8537
-86.7963
-86.7418
-86.6904
-86.6419
-86.5963
-86.5536
-86.5135
-86.476
-86.441
-86.4084
-86.378
-86.3498
-86.3237
-86.2996
-86.2773
-86.2567
-86.2379
-86.2206
-86.2047
-86.1903
-86.1772
-86.1654
-86.1547
-86.1452
-86.1367
-86.1292
-86.1226
-86.1168
-86.1119
-86.1078
-86.1044
-86.1016
-86.0995
-86.098
-86.0971
-86.0966
-86.0967
-86.0972
-86.0982
-86.0995
-86.1013
-86.1034
-86.1058
-86.1085
-86.1115
-86.1147
-86.1182
-86.1219
-86.1259
-86.13
-86.1343
-86.1387
-86.1434
-86.1481
-86.153
-86.158
-86.163
-86.1682
-86.1735
-86.1788
-86.1842
-86.1896
-86.1951
-86.2007
-86.2063
-86.2119
-86.2175
-86.2232
-86.2288
-86.2345
-86.2401
-86.2458
-86.2515
-86.2571
-86.2628
-86.2684
-86.274
-86.2796
-86.2851
-86.2906
-86.2961
-86.3016
-86.307
-86.3124
-86.3177
-86.3231
-86.3283
-86.3335
-86.3387
-86.3438
-86.3489
-86.354
-86.3589
-86.3639
-86.3687
-86.3736
-86.3783
-86.3831
-86.3877
-86.3924
-86.3969
-86.4014
-86.4059
-86.4103
-86.4146
-86.4189
-86.4231
-86.4273
-86.4314
-86.4355
-86.4395
-86.4434
-86.4473
-86.4511
-86.4549
-86.4586
-86.4623
-86.4659
-86.4695
-86.473
-86.4764
-86.4798
-86.4832
-86.4864
-86.4897
-86.4929
-86.496
-86.4991
-86.5021
-86.5051
-86.508
-86.5108
-86.5137
-86.5164
-86.5192
-86.5218
-86.5244
-86.527
-86.5295
-86.532
-86.5344
-86.5368
-86.5392
-86.5415
-86.5437
-86.5459
-86.5481
-86.5502
-86.5522
-86.5543
-86.5562
-86.5582
-86.5601
-86.5619
-86.5637
-86.5655
-86.5672
-86.5689
-86.5706
-86.5722
-86.5738
-86.5753
-86.5768
-86.5783
-86.5797
-86.5811
-86.5824
-86.5837
-86.585
-86.5863
-86.5875
-86.5886
-86.5898
-86.5909
-86.592
-86.593
-86.594
-86.595
-86.5959
-86.5969
-86.5977
-86.5986
-86.5994
-86.6002
-86.601
-86.6017
-86.6024
-86.6029
-86.6031
-86.6027
-86.6016
-86.5992
-86.5954
-86.5896
-86.5817
-86.5712
-86.558
-86.5418
-86.5225
-86.5
-86.4743
-86.4454
-86.4132
-86.3777
-86.3392
-86.2976
-86.253
-86.2055
-86.1554
-86.1025
-86.0472
-85.9895
-85.9295
-85.8674
-85.8033
-85.7372
-85.6694
-85.5999
-85.5288
-85.4562
-85.3823
-85.3071
-85.2307
-85.1532
-85.0747
-84.9953
-84.915
-84.8339
-84.7522
-84.6698
-84.5868
-84.5033
-84.4193
-84.3349
-84.2501
-84.165
-84.0797
-83.9941
-83.9084
-83.8225
-83.7365
-83.6504
-83.5643
-83.4781
-83.392
-83.3059
-83.2199
-83.134
-83.0482
-82.9625
-82.877
-82.7917
-82.7065
-82.6216
-82.5369
-82.4524
-82.3682
-82.2842
-82.2006
-82.1172
-82.0341
-81.9513
-81.8688
-81.7866
-81.7048
-81.6233
-81.5422
-81.4614
-81.3809
-81.3008
-81.2211
-81.1418
-81.0628
-80.9842
-80.9059
-80.8281
-80.7506
-80.6735
-80.5968
-80.5205
-80.4445
-80.369
-80.2938
-80.219
-80.1446
-80.0706
-79.997
-79.9238
-79.8509
-79.7785
-79.7064
-79.6347
-79.5634
-79.4925
-79.4219
-79.3517
-79.2819
-79.2125
-79.1434
-79.0747
-79.0064
-78.9384
-78.8708
-78.8036
-78.7367
-78.6702
-78.6041
-78.5382
-78.4728
-78.4077
-78.3429
-78.2784
-78.2143
-78.1506
-78.0872
-78.0241
-77.9613
-77.8989
-77.8367
-77.7749
-77.7135
-77.6523
-77.5914
-77.5309
-77.4706
-77.4107
-77.351
-77.2917
-77.2326
-77.1739
-77.1154
-77.0572
-76.9993
-76.9417
-76.8843
-76.8272
-76.7704
-76.7139
-76.6576
-76.6016
-76.5459
-76.4904
-76.4351
-76.3801
-76.3254
-76.2709
-76.2166
-76.1626
-76.1089
-76.0553
-76.002
-75.9489
-75.8961
-75.8434
-75.791
-75.7388
-75.6868
-75.6351
-75.5835
-75.5322
-75.481
-75.4301
-75.3793
-75.3288
-75.2784
-75.2282
-75.1783
-75.1285
-75.0789
-75.0295
-74.9802
-74.9311
-74.8822
-74.8335
-74.785
-74.7366
-74.6883
-74.6403
-74.5924
-74.5446
-74.497
-74.4496
-74.4023
-74.3551
-74.3081
-74.2613
-74.2145
-74.1679
-74.1215
-74.0752
-74.029
-73.9829
-73.937
-73.8912
-73.8455
-73.7999
-73.7544
-73.7091
-73.6639
-73.6187
-73.5737
-73.5288
-73.484
-73.4393
-73.3947
-73.3502
-73.3058
-73.2614
-73.2172
-73.1731
-73.129
-73.085
-73.0411
-72.9973
-72.9536
-72.9099
-72.8663
-72.8228
-72.7793
-72.7359
-72.6926
-72.6493
-72.6061
-72.563
-72.5199
-72.4768
-72.4338
-72.3909
-72.348
-72.3052
-72.2624
-72.2196
-72.1769
-72.1342
-72.0915
-72.0489
-72.0063
-71.9637
-71.9212
-71.8787
-71.8362
-71.7937
-71.7512
-71.7088
-71.6664
-71.6239
-71.5815
-71.5391
-71.4967
-71.4543
-71.4119
-71.3695
-71.3271
-71.2847
-71.2423
-71.1998
-71.1574
-71.1149
-71.0724
-71.0299
-70.9874
-70.9449
-70.9023
-70.8597
-70.817
-70.7744
-70.7317
-70.6889
-70.6461
-70.6033
-70.5604
-70.5175
-70.4745
-70.4315
-70.3884
-70.3453
-70.3021
-70.2588
-70.2155
-70.1721
-70.1286
-70.0851
-70.0415
-69.9978
-69.954
-69.9101
-69.8662
-69.8221
-69.778
-69.7338
-69.6895
-69.645
-69.6005
-69.5559
-69.5111
-69.4663
-69.4213
-69.3762
-69.331
-69.2857
-69.2402
-69.1946
-69.1489
-69.103
-69.057
-69.0109
-68.9646
-68.9181
-68.8715
-68.8248
-68.7778
-68.7308
-68.6835
-68.6361
-68.5885
-68.5407
-68.4927
-68.4445
-68.3962
-68.3476
-68.2989
-68.2499
-68.2008
-68.1514
-68.1018
-68.052
-68.0019
-67.9517
-67.9011
-67.8504
-67.7994
-67.7481
-67.6966
-67.6448
-67.5928
-67.5405
-67.4879
-67.435
-67.3819
-67.3284
-67.2746
-67.2206
-67.1662
-67.1115
-67.0565
-67.0011
-66.9454
-66.8893
-66.8329
-66.7762
-66.719
-66.6615
-66.6036
-66.5454
-66.4867
-66.4276
-66.3681
-66.3081
-66.2478
-66.187
-66.1257
-66.064
-66.0018
-65.9391
-65.8759
-65.8122
-65.748
-65.6833
-65.6181
-65.5523
-65.4859
-65.419
-65.3514
-65.2833
-65.2146
-65.1452
-65.0752
-65.0045
-64.9332
-64.8611
-64.7884
-64.7149
-64.6407
-64.5657
-64.49
-64.4134
-64.336
-64.2578
-64.1787
-64.0988
-64.0179
-63.9361
-63.8533
-63.7695
-63.6847
-63.5989
-63.512
-63.424
-63.3348
-63.2445
-63.1529
-63.0601
-62.966
-62.8706
-62.7738
-62.6755
-62.5757
-62.4744
-62.3715
-62.2669
-62.1606
-62.0525
-61.9426
-61.8307
-61.7167
-61.6007
-61.4824
-61.3618
-61.2388
-61.1131
-60.9848
-60.8535
-60.7192
-60.5815
-60.4404
-60.2955
-60.1465
-59.9931
-59.835
-59.6716
-59.5025
-59.3271
-59.1449
-58.9551
-58.7569
-58.5495
-58.332
-58.1033
-57.8624
-57.6081
-57.3392
-57.0545
-56.7526
-56.4324
-56.0925
-55.7317
-55.3487
-54.9423
-54.5113
-54.0543
-53.5702
-53.0575
-52.5146
-51.9398
-51.3309
-50.6853
-49.9999
-49.2707
-48.4928
-47.6601
-46.7651
-45.7987
-44.7494
-43.6037
-42.3455
-40.9562
-39.4157
-37.7037
-35.8039
-33.7086
-31.4259
-28.9859
-26.3851
-23.5531
-20.4643
-17.1741
-13.8486
-10.7489
-8.16257
-6.31282
-5.36983
-5.48743
-6.81744
-9.50281
-13.6542
-18.9641
-23.7755
-28.0171
-31.6609
-34.7428
-37.329
-39.4466
-41.1058
-42.3259
-43.1434
-43.6067
-43.7677
-43.6763
-43.3769
-42.9082
-42.3027
-41.588
-40.7873
-39.9201
-39.0036
-38.0529
-37.0819
-36.1037
-35.1308
-34.1755
-33.2498
-32.3649
-31.5318
-30.76
-30.0579
-29.4322
-28.8855
-28.4195
-28.0354
-27.733
-27.5105
-27.3649
-27.2912
-27.2833
-27.3337
-27.4342
-27.5759
-27.7499
-27.9475
-28.1602
-28.3802
-28.6005
-28.8149
-29.0183
-29.2061
-29.3751
-29.5225
-29.6464
-29.7457
-29.8198
-29.8681
-29.8898
-29.8839
-29.8512
-29.7966
-29.7299
-29.6656
-29.6196
-29.6063
-29.6358
-29.7127
-29.8355
-29.9979
-30.1899
-30.4004
-30.6175
-30.8291
-31.0231
-31.189
-31.3179
-31.4041
-31.4451
-31.4411
-31.3951
-31.3119
-31.1977
-31.0591
-30.9033
-30.7371
-30.5668
-30.398
-30.2358
-30.0843
-29.9466
-29.8251
-29.7214
-29.6362
-29.57
-29.5221
-29.492
-29.4782
-29.4794
-29.4937
-29.5194
-29.5545
-29.597
-29.645
-29.6968
-29.7506
-29.8051
-29.8589
-29.9107
-29.9597
-30.005
-30.046
-30.0821
-30.1128
-30.1377
-30.1565
-30.169
-30.1749
-30.1738
-30.1647
-30.1461
-30.1165
-30.0769
-30.0318
-29.9902
-29.9637
-29.9641
-30.0008
-30.0793
-30.1999
-30.3584
-30.5471
-30.7563
-30.9753
-31.1933
-31.3988
-31.5815
-31.7326
-31.8455
-31.9166
-31.9451
-31.9327
-31.8832
-31.8014
-31.6936
-31.566
-31.4249
-31.2763
-31.1259
-30.9785
-30.8382
-30.7085
-30.592
-30.4905
-30.4054
-30.3371
-30.2858
-30.2509
-30.2317
-30.2268
-30.235
-30.2545
-30.2837
-30.321
-30.3644
-30.4124
-30.4634
-30.5159
-30.5686
-30.6203
-30.67
-30.7168
-30.76
-30.7989
-30.833
-30.8618
-30.8849
-30.9019
-30.9126
-30.9165
-30.9131
-30.901
-30.8783
-30.8436
-30.7984
-30.7483
-30.7032
-30.6757
-30.6781
-30.7203
-30.8076
-30.9404
-31.1142
-31.3211
-31.5512
-31.7934
-32.036
-32.267
-32.4752
-32.6511
-32.7876
-32.8805
-32.9287
-32.9333
-32.8978
-32.8267
-32.726
-32.6018
-32.4603
-32.3077
-32.1498
-31.9915
-31.8375
-31.6916
-31.5569
-31.4358
-31.3301
-31.2409
-31.1687
-31.1135
-31.075
-31.0523
-31.0443
-31.0496
-31.0667
-31.0939
-31.1295
-31.1718
-31.219
-31.2696
-31.322
-31.3748
-31.4268
-31.4767
-31.5237
-31.5666
-31.6048
-31.6375
-31.6641
-31.684
-31.6967
-31.7017
-31.6985
-31.6859
-31.6617
-31.6242
-31.5733
-31.5133
-31.4534
-31.4066
-31.387
-31.4075
-31.4768
-31.5984
-31.7705
-31.9864
-32.2366
-32.5097
-32.7932
-33.074
-33.3394
-33.5775
-33.7785
-33.9356
-34.0449
-34.1055
-34.119
-34.0888
-34.02
-33.9182
-33.7898
-33.6411
-33.4782
-33.307
-33.1328
-32.9603
-32.7938
-32.6367
-32.4918
-32.3614
-32.247
-32.1497
-32.07
-32.0079
-31.963
-31.9345
-31.9212
-31.922
-31.9352
-31.9592
-31.9923
-32.0328
-32.0788
-32.1287
-32.1809
-32.2338
-32.2861
-32.3363
-32.3834
-32.4262
-32.4637
-32.4949
-32.5189
-32.5349
-32.5422
-32.54
-32.5275
-32.5029
-32.4638
-32.4083
-32.3375
-32.2579
-32.1811
-32.1228
-32.0991
-32.124
-32.2067
-32.3505
-32.5528
-32.806
-33.0995
-33.4205
-33.7552
-34.0889
-34.4072
-34.6969
-34.9472
-35.1501
-35.3011
-35.3987
-35.4441
-35.4405
-35.3925
-35.3058
-35.1866
-35.0412
-34.8759
-34.6967
-34.5092
-34.3186
-34.1295
-33.9458
-33.771
-33.6081
-33.4592
-33.3262
-33.2102
-33.112
-33.0318
-32.9695
-32.9244
-32.8958
-32.8825
-32.8832
-32.8962
-32.9201
-32.953
-32.9932
-33.039
-33.0887
-33.1405
-33.1929
-33.2445
-33.2937
-33.3394
-33.3801
-33.4147
-33.442
-33.4609
-33.47
-33.4686
-33.4554
-33.4292
-33.3875
-33.3275
-33.2471
-33.1486
-33.0402
-32.9363
-32.8554
-32.8163
-32.8347
-32.9213
-33.0797
-33.3072
-33.5957
-33.9338
-34.3074
-34.7012
-35.0987
-35.4835
-35.8406
-36.1573
-36.4244
-36.6361
-36.79
-36.8863
-36.9278
-36.9186
-36.8642
-36.7704
-36.6435
-36.4897
-36.3152
-36.1256
-35.9263
-35.7223
-35.518
-35.3174
-35.1239
-34.9405
-34.7696
-34.6132
-34.4729
-34.3497
-34.2442
-34.1566
-34.0868
-34.0343
-33.9984
-33.9779
-33.9718
-33.9785
-33.9966
-34.0244
-34.0601
-34.1023
-34.1491
-34.1989
-34.2501
-34.3012
-34.3507
-34.3972
-34.4394
-34.4758
-34.5052
-34.5262
-34.5373
-34.5369
-34.5237
-34.4962
-34.4524
-34.3893
-34.303
-34.191
-34.0552
-33.905
-33.7569
-33.6324
-33.5539
-33.5407
-33.6064
-33.757
-33.9912
-34.3014
-34.676
-35.1001
-35.557
-36.0282
-36.4949
-36.9393
-37.3462
-37.7039
-38.0044
-38.2435
-38.42
-38.5356
-38.5937
-38.599
-38.5572
-38.474
-38.3557
-38.2083
-38.0375
-37.8489
-37.6475
-37.438
-37.2248
-37.0117
-36.8023
-36.5995
-36.4061
-36.2243
-36.0559
-35.9024
-35.765
-35.6443
-35.5408
-35.4545
-35.3852
-35.3325
-35.2955
-35.2733
-35.2649
-35.2688
-35.2838
-35.3084
-35.341
-35.3802
-35.4243
-35.472
-35.5216
-35.5719
-35.6214
-35.6689
-35.713
-35.7527
-35.7866
-35.8135
-35.832
-35.8408
-35.8379
-35.8217
-35.7898
-35.7401
-35.6697
-35.5742
-35.4483
-35.2882
-35.0959
-34.8822
-34.6669
-34.4757
-34.3357
-34.2707
-34.2976
-34.4255
-34.6548
-34.9789
-35.3862
-35.8612
-36.3855
-36.9383
-37.4979
-38.0433
-38.5562
-39.0219
-39.4298
-39.7739
-40.0513
-40.2625
-40.4099
-40.4978
-40.5312
-40.5158
-40.4575
-40.3621
-40.2353
-40.0827
-39.9092
-39.7197
-39.5186
-39.3099
-39.0973
-38.8841
-38.6734
-38.4677
-38.2694
-38.0806
-37.903
-37.738
-37.5868
-37.4503
-37.329
-37.2234
-37.1334
-37.059
-36.9998
-36.9553
-36.9248
-36.9073
-36.902
-36.9077
-36.9232
-36.9473
-36.9788
-37.0164
-37.0589
-37.105
-37.1535
-37.2033
-37.2534
-37.3026
-37.3502
-37.3952
-37.4367
-37.474
-37.5062
-37.5327
-37.5526
-37.5649
-37.5686
-37.5623
-37.5443
-37.5123
-37.4634
-37.3938
-37.2989
-37.1721
-37.0047
-36.7891
-36.5236
-36.2168
-35.8897
-35.5721
-35.2978
-35.0988
-35.0009
-35.021
-35.1661
-35.4347
-35.818
-36.3021
-36.8684
-37.4946
-38.1554
-38.8253
-39.4801
-40.0997
-40.6681
-41.1743
-41.6121
-41.9788
-42.275
-42.5033
-42.668
-42.7742
-42.8276
-42.8339
-42.7989
-42.7281
-42.6268
-42.5
-42.3522
-42.1877
-42.0102
-41.8235
-41.6306
-41.4345
-41.2377
-41.0427
-40.8516
-40.6661
-40.4879
-40.3184
-40.1588
-40.0101
-39.8731
-39.7484
-39.6364
-39.5374
-39.4515
-39.3786
-39.3185
-39.2708
-39.2352
-39.211
-39.1976
-39.1943
-39.2003
-39.2147
-39.2367
-39.2653
-39.2997
-39.339
-39.3823
-39.4289
-39.4778
-39.5284
-39.58
-39.6319
-39.6836
-39.7344
-39.784
-39.832
-39.8779
-39.9215
-39.9625
-40.0006
-40.0358
-40.0677
-40.0963
-40.1215
-40.143
-40.1607
-40.1745
-40.1841
-40.1891
-40.1891
-40.1834
-40.1708
-40.1496
-40.1165
-40.0659
-39.9894
-39.8744
-39.7046
-39.4613
-39.1288
-38.7016
-38.1902
-37.6224
-37.0393
-36.488
-36.0149
-35.6598
-35.452
-35.4087
-35.5359
-35.8295
-36.278
-36.8633
-37.5609
-38.3414
-39.1723
-40.0214
-40.8588
-41.6598
-42.4052
-43.0821
-43.6829
-44.2044
-44.6472
-45.0142
-45.3098
-45.5395
-45.7093
-45.8254
-45.8937
-45.92
-45.9099
-45.8685
-45.8004
-45.71
-45.6013
-45.4778
-45.3428
-45.1991
-45.0495
-44.8961
-44.7411
-44.5864
-44.4335
-44.284
-44.1389
-43.9995
-43.8667
-43.7413
-43.6238
-43.5149
-43.4149
-43.3242
-43.243
-43.1713
-43.1093
-43.0567
-43.0135
-42.9795
-42.9545
-42.938
-42.9297
-42.9292
-42.9361
-42.9498
-42.97
-42.9961
-43.0275
-43.0638
-43.1046
-43.1492
-43.1972
-43.2482
-43.3016
-43.3572
-43.4145
-43.4732
-43.5329
-43.5933
-43.6542
-43.7152
-43.7763
-43.8372
-43.8977
-43.9578
-44.0172
-44.076
-44.134
-44.1911
-44.2475
-44.3029
-44.3575
-44.4112
-44.4641
-44.5161
-44.5673
-44.6177
-44.6674
-44.7164
-44.7648
-44.8126
-44.8598
-44.9066
-44.9529
-44.9988
-45.0444
-45.0897
-45.1347
-45.1795
-45.2241
-45.2686
-45.313
-45.3574
-45.4016
-45.4459
-45.4901
-45.5344
-45.5786
-45.6229
-45.6672
-45.7115
-45.7557
-45.8
-45.8441
-45.888
-45.9317
-45.975
-46.0173
-46.0581
-46.0958
-46.1279
-46.1498
-46.1543
-46.1297
-46.0581
-45.9137
-45.663
-45.2661
-44.6853
-43.8977
-42.9063
-41.7432
-40.465
-39.1443
-37.86
-36.6883
-35.6959
-34.9349
-34.4401
-34.2289
-34.3039
-34.656
-35.2662
-36.1055
-37.1356
-38.3102
-39.5782
-40.8876
-42.1903
-43.4455
-44.6225
-45.7015
-46.6719
-47.5307
-48.2802
-48.926
-49.4756
-49.9374
-50.3201
-50.6321
-50.8817
-51.0764
-51.2233
-51.3289
-51.399
-51.4391
-51.4538
-51.4475
-51.424
-51.3867
-51.3385
-51.2821
-51.2199
-51.1539
-51.0857
-51.0171
-50.9492
-50.8832
-50.8201
-50.7607
-50.7056
-50.6555
-50.6107
-50.5716
-50.5385
-50.5116
-50.491
-50.4767
-50.4688
-50.4672
-50.472
-50.4828
-50.4997
-50.5225
-50.5509
-50.5848
-50.6239
-50.6681
-50.7171
-50.7707
-50.8286
-50.8905
-50.9564
-51.0258
-51.0987
-51.1747
-51.2537
-51.3354
-51.4197
-51.5063
-51.5951
-51.686
-51.7787
-51.8732
-51.9692
-52.0667
-52.1655
-52.2656
-52.3668
-52.469
-52.5722
-52.6763
-52.7813
-52.887
-52.9935
-53.1006
-53.2084
-53.3167
-53.4257
-53.5352
-53.6452
-53.7558
-53.8668
-53.9783
-54.0903
-54.2028
-54.3157
-54.4291
-54.5429
-54.6572
-54.7719
-54.8871
-55.0027
-55.1187
-55.2352
-55.3522
-55.4696
-55.5874
-55.7057
-55.8245
-55.9437
-56.0634
-56.1835
-56.304
-56.4251
-56.5465
-56.6685
-56.7908
-56.9137
-57.0369
-57.1606
-57.2848
-57.4094
-57.5344
-57.6598
-57.7857
-57.912
-58.0387
-58.1658
-58.2933
-58.4212
-58.5495
-58.6782
-58.8073
-58.9367
-59.0665
-59.1967
-59.3272
-59.4581
-59.5893
-59.7208
-59.8526
-59.9847
-60.1172
-60.2499
-60.3829
-60.5162
-60.6498
-60.7836
-60.9176
-61.0519
-61.1864
-61.3211
-61.4561
-61.5912
-61.7265
-61.862
-61.9977
-62.1335
-62.2695
-62.4055
-62.5418
-62.6781
-62.8145
-62.9511
-63.0877
-63.2243
-63.361
-63.4978
-63.6346
-63.7714
-63.9083
-64.0451
-64.182
-64.3188
-64.4556
-64.5923
-64.729
-64.8656
-65.0022
-65.1387
-65.275
-65.4113
-65.5475
-65.6835
-65.8194
-65.9551
-66.0907
-66.2261
-66.3613
-66.4964
-66.6312
-66.7658
-66.9002
-67.0343
-67.1682
-67.3019
-67.4352
-67.5683
-67.7011
-67.8336
-67.9657
-68.0976
-68.2291
-68.3602
-68.491
-68.6214
-68.7514
-68.8811
-69.0103
-69.1391
-69.2675
-69.3955
-69.523
-69.65
-69.7766
-69.9027
-70.0283
-70.1535
-70.2781
-70.4022
-70.5257
-70.6487
-70.7712
-70.8932
-71.0145
-71.1353
-71.2555
-71.3751
-71.4941
-71.6125
-71.7303
-71.8475
-71.964
-72.0799
-72.1951
-72.3097
-72.4236
-72.5368
-72.6494
-72.7613
-72.8725
-72.983
-73.0928
-73.2019
-73.3103
-73.418
-73.5249
-73.6312
-73.7367
-73.8414
-73.9455
-74.0488
-74.1513
-74.2531
-74.3541
-74.4544
-74.5539
-74.6527
-74.7507
-74.848
-74.9445
-75.0402
-75.1351
-75.2293
-75.3227
-75.4154
-75.5073
-75.5984
-75.6887
-75.7783
-75.8671
-75.9551
-76.0424
-76.1289
-76.2147
-76.2996
-76.3839
-76.4673
-76.55
-76.632
-76.7132
-76.7937
-76.8734
-76.9523
-77.0306
-77.108
-77.1848
-77.2608
-77.3361
-77.4107
-77.4845
-77.5577
-77.6301
-77.7018
-77.7728
-77.8431
-77.9128
-77.9817
-78.0499
-78.1175
-78.1844
-78.2506
-78.3161
-78.381
-78.4452
-78.5088
-78.5717
-78.6339
-78.6956
-78.7566
-78.8169
-78.8767
-78.9358
-78.9943
-79.0523
-79.1096
-79.1663
-79.2224
-79.2779
-79.3329
-79.3872
-79.4411
-79.4943
-79.547
-79.5991
-79.6507
-79.7017
-79.7522
-79.8021
-79.8515
-79.9004
-79.9488
-79.9967
-80.044
-80.0909
-80.1372
-80.1831
-80.2284
-80.2733
-80.3177
-80.3617
-80.4051
-80.4481
-80.4906
-80.5327
-80.5743
-80.6155
-80.6563
-80.6966
-80.7364
-80.7759
-80.8149
-80.8535
-80.8917
-80.9294
-80.9668
-81.0038
-81.0403
-81.0765
-81.1123
-81.1477
-81.1827
-81.2173
-81.2516
-81.2855
-81.319
-81.3522
-81.385
-81.4174
-81.4495
-81.4813
-81.5127
-81.5438
-81.5745
-81.6049
-81.635
-81.6647
-81.6942
-81.7233
-81.7521
-81.7805
-81.8087
-81.8366
-81.8641
-81.8914
-81.9183
-81.945
-81.9714
-81.9975
-82.0233
-82.0488
-82.074
-82.099
-82.1237
-82.1481
-82.1723
-82.1962
-82.2198
-82.2432
-82.2663
-82.2891
-82.3117
-82.3341
-82.3562
-82.3781
-82.3997
-82.4211
-82.4422
-82.4631
-82.4838
-82.5042
-82.5245
-82.5445
-82.5642
-82.5838
-82.6031
-82.6222
-82.6411
-82.6598
-82.6783
-82.6966
-82.7146
-82.7325
-82.7501
-82.7676
-82.7848
-82.8019
-82.8188
-82.8354
-82.8519
-82.8682
-82.8843
-82.9003
-82.916
-82.9316
-82.9469
-82.9621
-82.9772
-82.992
-83.0067
-83.0212
-83.0355
-83.0497
-83.0637
-83.0775
-83.0912
-83.1047
-83.1181
-83.1313
-83.1443
-83.1572
-83.17

