-88
-87.9148
-87.8299
-87.7453
-87.6611
-87.5772
-87.4936
-87.4103
-87.3273
-87.2447
-87.1624
-87.0803
-86.9986
-86.9172
-86.8362
-86.7554
-86.6749
-86.5948
-86.5149
-86.4354
-86.3562
-86.2773
-86.1987
-86.1205
-86.0425
-85.9649
-85.8877
-85.8108
-85.7342
-85.658
-85.5821
-85.5066
-85.4315
-85.3568
-85.2824
-85.2085
-85.1349
-85.0618
-84.9891
-84.9168
-84.8449
-84.7734
-84.7024
-84.6319
-84.5617
-84.4921
-84.4229
-84.3541
-84.2859
-84.2181
-84.1507
-84.0839
-84.0175
-83.9516
-83.8862
-83.8213
-83.7568
-83.6929
-83.6294
-83.5664
-83.5039
-83.4419
-83.3804
-83.3194
-83.2588
-83.1988
-83.1392
-83.0801
-83.0215
-82.9634
-82.9057
-82.8486
-82.7919
-82.7356
-82.6799
-82.6246
-82.5698
-82.5154
-82.4615
-82.4081
-82.3551
-82.3025
-82.2504
-82.1988
-82.1476
-82.0968
-82.0465
-81.9966
-81.9471
-81.8981
-81.8494
-81.8012
-81.7534
-81.7061
-81.6591
-81.6125
-81.5664
-81.5206
-81.4752
-81.4303
-81.3857
-81.3415
-81.2977
-81.2542
-81.2111
-81.1684
-81.1261
-81.0841
-81.0425
-81.0013
-80.9604
-80.9198
-80.8796
-80.8398
-80.8002
-80.7611
-80.7222
-80.6837
-80.6455
-80.6076
-80.5701
-80.5329
-80.4959
-80.4593
-80.423
-80.3871
-80.3514
-80.316
-80.2809
-80.2461
-80.2116
-80.1773
-80.1434
-80.1097
-80.0764
-80.0433
-80.0104
-79.9779
-79.9456
-79.9135
-79.8818
-79.8502
-79.819
-79.788
-79.7572
-79.7267
-79.6965
-79.6665
-79.6367
-79.6072
-79.5779
-79.5488
-79.52
-79.4914
-79.463
-79.4349
-79.407
-79.3793
-79.3518
-79.3245
-79.2974
-79.2706
-79.244
-79.2175
-79.1913
-79.1653
-79.1394
-79.1138
-79.0884
-79.0632
-79.0381
-79.0133
-78.9886
-78.9641
-78.9398
-78.9157
-78.8918
-78.8681
-78.8445
-78.8211
-78.7979
-78.7748
-78.752
-78.7293
-78.7067
-78.6844
-78.6621
-78.6401
-78.6182
-78.5965
-78.5749
-78.5535
-78.5323
-78.5111
-78.4902
-78.4694
-78.4487
-78.4282
-78.4079
-78.3877
-78.3676
-78.3477
-78.3279
-78.3082
-78.2887
-78.2693
-78.2501
-78.231
-78.212
-78.1931
-78.1744
-78.1558
-78.1374
-78.119
-78.1008
-78.0827
-78.0647
-78.0469
-78.0291
-78.0115
-77.9939
-77.9765
-77.9591
-77.9418
-77.9246
-77.9075
-77.8904
-77.8734
-77.8564
-77.8394
-77.8225
-77.8055
-77.7886
-77.7716
-77.7547
-77.7376
-77.7206
-77.7035
-77.6863
-77.669
-77.6517
-77.6342
-77.6167
-77.599
-77.5812
-77.5632
-77.5452
-77.5269
-77.5085
-77.4899
-77.4712
-77.4523
-77.4332
-77.4139
-77.3944
-77.3747
-77.3547
-77.3346
-77.3143
-77.2937
-77.2729
-77.2519
-77.2307
-77.2092
-77.1875
-77.1656
-77.1434
-77.121
-77.0984
-77.0755
-77.0524
-77.0291
-77.0055
-76.9816
-76.9576
-76.9333
-76.9087
-76.884
-76.859
-76.8337
-76.8082
-76.7825
-76.7566
-76.7304
-76.704
-76.6774
-76.6505
-76.6235
-76.5962
-76.5687
-76.5409
-76.513
-76.4848
-76.4564
-76.4279
-76.3991
-76.3701
-76.3409
-76.3115
-76.2819
-76.252
-76.2221
-76.1919
-76.1615
-76.1309
-76.1002
-76.0692
-76.0381
-76.0068
-75.9753
-75.9436
-75.9118
-75.8798
-75.8476
-75.8152
-75.7827
-75.75
-75.7172
-75.6842
-75.651
-75.6177
-75.5842
-75.5506
-75.5168
-75.4828
-75.4488
-75.4145
-75.3801
-75.3456
-75.3109
-75.2761
-75.2412
-75.2061
-75.1709
-75.1355
-75.1
-75.0644
-75.0286
-74.9927
-74.9567
-74.9206
-74.8843
-74.8479
-74.8114
-74.7747
-74.738
-74.7011
-74.664
-74.6269
-74.5897
-74.5523
-74.5148
-74.4772
-74.4395
-74.4016
-74.3637
-74.3256
-74.2874
-74.2491
-74.2107
-74.1722
-74.1336
-74.0949
-74.056
-74.017
-73.978
-73.9388
-73.8995
-73.8601
-73.8206
-73.781
-73.7412
-73.7014
-73.6614
-73.6214
-73.5812
-73.5409
-73.5005
-73.46
-73.4194
-73.3787
-73.3379
-73.2969
-73.2559
-73.2147
-73.1734
-73.132
-73.0905
-73.0489
-73.0072
-72.9653
-72.9234
-72.8813
-72.8391
-72.7968
-72.7544
-72.7118
-72.6691
-72.6263
-72.5834
-72.5404
-72.4972
-72.4539
-72.4105
-72.367
-72.3233
-72.2795
-72.2356
-72.1915
-72.1473
-72.103
-72.0586
-72.014
-71.9692
-71.9243
-71.8793
-71.8342
-71.7888
-71.7434
-71.6978
-71.652
-71.6061
-71.5601
-71.5138
-71.4675
-71.4209
-71.3742
-71.3274
-71.2804
-71.2332
-71.1858
-71.1383
-71.0906
-71.0427
-70.9946
-70.9464
-70.898
-70.8494
-70.8005
-70.7516
-70.7024
-70.653
-70.6034
-70.5536
-70.5036
-70.4534
-70.403
-70.3524
-70.3015
-70.2504
-70.1992
-70.1476
-70.0959
-70.0439
-69.9917
-69.9392
-69.8865
-69.8335
-69.7803
-69.7269
-69.6731
-69.6191
-69.5649
-69.5103
-69.4555
-69.4004
-69.345
-69.2894
-69.2334
-69.1771
-69.1206
-69.0637
-69.0065
-68.949
-68.8911
-68.8329
-68.7744
-68.7156
-68.6564
-68.5968
-68.5369
-68.4766
-68.416
-68.355
-68.2936
-68.2318
-68.1696
-68.107
-68.0439
-67.9805
-67.9167
-67.8524
-67.7877
-67.7225
-67.6568
-67.5908
-67.5242
-67.4571
-67.3896
-67.3216
-67.253
-67.184
-67.1144
-67.0443
-66.9736
-66.9024
-66.8306
-66.7582
-66.6853
-66.6117
-66.5375
-66.4627
-66.3873
-66.3112
-66.2345
-66.1571
-66.079
-66.0002
-65.9207
-65.8405
-65.7595
-65.6778
-65.5953
-65.512
-65.4279
-65.3429
-65.2572
-65.1705
-65.083
-64.9946
-64.9053
-64.815
-64.7238
-64.6316
-64.5384
-64.4441
-64.3488
-64.2525
-64.155
-64.0564
-63.9567
-63.8558
-63.7536
-63.6503
-63.5456
-63.4397
-63.3324
-63.2237
-63.1137
-63.0022
-62.8892
-62.7747
-62.6585
-62.5408
-62.4214
-62.3003
-62.1775
-62.0528
-61.9262
-61.7978
-61.6673
-61.5349
-61.4003
-61.2636
-61.1246
-60.9833
-60.8397
-60.6935
-60.5449
-60.3936
-60.2396
-60.0828
-59.923
-59.7603
-59.5944
-59.4252
-59.2527
-59.0766
-58.8969
-58.7134
-58.5259
-58.3343
-58.1384
-57.938
-57.7328
-57.5228
-57.3075
-57.0869
-56.8605
-56.6282
-56.3896
-56.1443
-55.8921
-55.6324
-55.3649
-55.0891
-54.8045
-54.5105
-54.2064
-53.8917
-53.5655
-53.2271
-52.8754
-52.5095
-52.1283
-51.7303
-51.3143
-50.8785
-50.4211
-49.94
-49.4328
-48.8968
-48.3288
-47.7252
-47.0818
-46.3937
-45.6554
-44.8604
-44.0011
-43.0691
-42.0546
-40.9471
-39.7353
-38.408
-36.9553
-35.3704
-33.6524
-31.8092
-29.86
-27.8321
-25.6975
-23.4485
-21.1097
-18.7478
-16.4738
-14.4302
-12.7691
-11.6345
-11.1557
-11.4458
-12.595
-14.6543
-17.6144
-21.3897
-24.9446
-28.123
-30.8955
-33.2612
-35.2515
-36.8864
-38.1802
-39.1505
-39.821
-40.2215
-40.3848
-40.3436
-40.1292
-39.77
-39.2914
-38.7162
-38.0643
-37.3537
-36.6007
-35.8204
-35.0268
-34.2329
-33.4512
-32.6935
-31.9704
-31.2918
-30.6661
-30.1004
-29.6003
-29.1682
-28.8055
-28.5125
-28.2884
-28.131
-28.0369
-28.0014
-28.0188
-28.0824
-28.185
-28.3193
-28.4776
-28.6527
-28.8375
-29.0258
-29.212
-29.3912
-29.5595
-29.7137
-29.8518
-29.9721
-30.0741
-30.1576
-30.2232
-30.2718
-30.3047
-30.3234
-30.3296
-30.3252
-30.312
-30.2918
-30.2663
-30.2373
-30.2062
-30.1743
-30.1428
-30.1127
-30.0847
-30.0595
-30.0374
-30.0188
-30.0037
-29.9923
-29.9843
-29.9797
-29.9782
-29.9796
-29.9834
-29.9895
-29.9974
-30.0069
-30.0176
-30.0294
-30.0418
-30.0548
-30.068
-30.0814
-30.0948
-30.1081
-30.1213
-30.1341
-30.1467
-30.159
-30.171
-30.1827
-30.194
-30.2051
-30.2159
-30.2265
-30.2369
-30.2471
-30.2572
-30.2672
-30.2772
-30.2871
-30.297
-30.3069
-30.3169
-30.3269
-30.337
-30.3473
-30.3576
-30.3681
-30.3788
-30.3896
-30.4005
-30.4116
-30.4228
-30.4342
-30.4457
-30.4574
-30.4692
-30.4811
-30.4931
-30.5051
-30.5173
-30.5296
-30.5419
-30.5542
-30.5667
-30.5791
-30.5916
-30.6042
-30.6167
-30.6294
-30.642
-30.6546
-30.6673
-30.68
-30.6927
-30.7053
-30.718
-30.7306
-30.7432
-30.7558
-30.7684
-30.7809
-30.7935
-30.8061
-30.8187
-30.8313
-30.844
-30.8568
-30.8696
-30.8824
-30.8954
-30.9084
-30.9216
-30.9348
-30.948
-30.9614
-30.9748
-30.9882
-31.0017
-31.0151
-31.0286
-31.0421
-31.0556
-31.0691
-31.0825
-31.0959
-31.1093
-31.1227
-31.136
-31.1493
-31.1627
-31.176
-31.1893
-31.2026
-31.2159
-31.2293
-31.2427
-31.256
-31.2695
-31.2829
-31.2964
-31.3099
-31.3234
-31.337
-31.3506
-31.3643
-31.378
-31.3918
-31.4056
-31.4195
-31.4334
-31.4473
-31.4613
-31.4753
-31.4893
-31.5033
-31.5173
-31.5313
-31.5452
-31.5591
-31.5729
-31.5867
-31.6005
-31.6142
-31.6278
-31.6415
-31.6552
-31.6689
-31.6826
-31.6964
-31.7102
-31.7241
-31.7381
-31.7521
-31.7662
-31.7804
-31.7946
-31.8089
-31.8233
-31.8376
-31.852
-31.8665
-31.8809
-31.8953
-31.9098
-31.9242
-31.9386
-31.953
-31.9673
-31.9817
-31.9959
-32.0102
-32.0244
-32.0386
-32.0527
-32.0669
-32.081
-32.0951
-32.1092
-32.1233
-32.1374
-32.1516
-32.1657
-32.18
-32.1942
-32.2085
-32.2228
-32.2372
-32.2517
-32.2662
-32.2808
-32.2954
-32.3101
-32.3249
-32.3396
-32.3544
-32.3692
-32.384
-32.3988
-32.4136
-32.4283
-32.443
-32.4576
-32.4722
-32.4867
-32.5011
-32.5155
-32.5298
-32.5442
-32.5585
-32.5728
-32.5871
-32.6014
-32.6158
-32.6303
-32.6449
-32.6595
-32.6743
-32.6891
-32.704
-32.719
-32.7341
-32.7493
-32.7645
-32.7798
-32.7951
-32.8103
-32.8256
-32.8409
-32.8561
-32.8713
-32.8864
-32.9015
-32.9165
-32.9315
-32.9465
-32.9614
-32.9762
-32.9911
-33.0058
-33.0206
-33.0353
-33.0501
-33.0648
-33.0795
-33.0942
-33.109
-33.1238
-33.1386
-33.1535
-33.1685
-33.1835
-33.1986
-33.2139
-33.2292
-33.2446
-33.26
-33.2756
-33.2911
-33.3067
-33.3224
-33.338
-33.3535
-33.3691
-33.3845
-33.3999
-33.4152
-33.4304
-33.4455
-33.4605
-33.4754
-33.4903
-33.5051
-33.5199
-33.5347
-33.5495
-33.5644
-33.5793
-33.5944
-33.6095
-33.6247
-33.64
-33.6555
-33.6711
-33.6868
-33.7027
-33.7186
-33.7346
-33.7507
-33.7668
-33.783
-33.7992
-33.8153
-33.8315
-33.8475
-33.8636
-33.8796
-33.8955
-33.9113
-33.927
-33.9427
-33.9583
-33.9739
-33.9894
-34.0048
-34.0202
-34.0355
-34.0508
-34.0661
-34.0814
-34.0967
-34.112
-34.1273
-34.1428
-34.1583
-34.1738
-34.1895
-34.2054
-34.2213
-34.2374
-34.2536
-34.2699
-34.2863
-34.3028
-34.3193
-34.3358
-34.3523
-34.3688
-34.3852
-34.4015
-34.4177
-34.4337
-34.4496
-34.4654
-34.481
-34.4966
-34.512
-34.5273
-34.5426
-34.5578
-34.573
-34.5883
-34.6037
-34.6191
-34.6347
-34.6504
-34.6662
-34.6823
-34.6985
-34.7148
-34.7314
-34.7481
-34.7649
-34.7819
-34.7989
-34.8161
-34.8333
-34.8505
-34.8677
-34.8849
-34.902
-34.9191
-34.9361
-34.9531
-34.9699
-34.9866
-35.0033
-35.0198
-35.0362
-35.0525
-35.0687
-35.0848
-35.1009
-35.1168
-35.1327
-35.1486
-35.1645
-35.1804
-35.1963
-35.2123
-35.2283
-35.2445
-35.2608
-35.2772
-35.2939
-35.3107
-35.3276
-35.3448
-35.3621
-35.3795
-35.3971
-35.4147
-35.4324
-35.4501
-35.4677
-35.4852
-35.5026
-35.5199
-35.5369
-35.5538
-35.5704
-35.5868
-35.603
-35.619
-35.6349
-35.6507
-35.6663
-35.682
-35.6976
-35.7133
-35.7291
-35.7449
-35.761
-35.7772
-35.7937
-35.8104
-35.8273
-35.8444
-35.8617
-35.8793
-35.8971
-35.9151
-35.9333
-35.9515
-35.9699
-35.9884
-36.0069
-36.0255
-36.044
-36.0625
-36.0809
-36.0992
-36.1174
-36.1354
-36.1534
-36.1712
-36.1888
-36.2063
-36.2237
-36.2409
-36.258
-36.2749
-36.2917
-36.3085
-36.3251
-36.3417
-36.3583
-36.3748
-36.3914
-36.4081
-36.4248
-36.4417
-36.4588
-36.4762
-36.4937
-36.5115
-36.5297
-36.548
-36.5666
-36.5855
-36.6045
-36.6237
-36.6429
-36.6622
-36.6814
-36.7006
-36.7196
-36.7383
-36.7569
-36.7751
-36.7931
-36.8107
-36.828
-36.845
-36.8617
-36.8782
-36.8945
-36.9106
-36.9266
-36.9426
-36.9586
-36.9746
-36.9908
-37.0072
-37.0238
-37.0406
-37.0577
-37.0751
-37.0929
-37.1109
-37.1293
-37.148
-37.167
-37.1863
-37.2058
-37.2255
-37.2455
-37.2655
-37.2857
-37.3059
-37.3262
-37.3464
-37.3666
-37.3868
-37.4068
-37.4267
-37.4464
-37.466
-37.4854
-37.5046
-37.5236
-37.5424
-37.561
-37.5795
-37.5977
-37.6158
-37.6337
-37.6514
-37.669
-37.6865
-37.7039
-37.7213
-37.7387
-37.7561
-37.7736
-37.7913
-37.8092
-37.8274
-37.8459
-37.8647
-37.884
-37.9036
-37.9237
-37.9442
-37.9651
-37.9863
-38.0077
-38.0294
-38.0511
-38.0729
-38.0946
-38.1161
-38.1374
-38.1584
-38.179
-38.1992
-38.2189
-38.2382
-38.2569
-38.2753
-38.2931
-38.3106
-38.3277
-38.3445
-38.3611
-38.3775
-38.3938
-38.4101
-38.4265
-38.443
-38.4597
-38.4767
-38.494
-38.5116
-38.5297
-38.5481
-38.567
-38.5863
-38.6061
-38.6262
-38.6468
-38.6678
-38.6892
-38.7108
-38.7328
-38.7549
-38.7773
-38.7998
-38.8224
-38.845
-38.8677
-38.8903
-38.9128
-38.9353
-38.9576
-38.9797
-39.0016
-39.0234
-39.0449
-39.0662
-39.0873
-39.1081
-39.1287
-39.1491
-39.1692
-39.1891
-39.2089
-39.2284
-39.2477
-39.2668
-39.2858
-39.3046
-39.3232
-39.3418
-39.3603
-39.3787
-39.3972
-39.4159
-39.4347
-39.4538
-39.4733
-39.4933
-39.5138
-39.535
-39.5567
-39.5792
-39.6023
-39.6261
-39.6505
-39.6754
-39.7008
-39.7265
-39.7525
-39.7787
-39.8048
-39.8307
-39.8564
-39.8817
-39.9066
-39.9309
-39.9545
-39.9775
-39.9998
-40.0213
-40.0421
-40.0622
-40.0817
-40.1006
-40.1189
-40.1367
-40.1542
-40.1714
-40.1884
-40.2054
-40.2223
-40.2393
-40.2565
-40.274
-40.2918
-40.31
-40.3286
-40.3477
-40.3674
-40.3876
-40.4084
-40.4298
-40.4518
-40.4743
-40.4974
-40.5209
-40.545
-40.5695
-40.5943
-40.6196
-40.6451
-40.6708
-40.6968
-40.7229
-40.7491
-40.7753
-40.8016
-40.8278
-40.8539
-40.8799
-40.9058
-40.9314
-40.9569
-40.9822
-41.0073
-41.0322
-41.0568
-41.0812
-41.1053
-41.1292
-41.153
-41.1765
-41.1998
-41.2229
-41.2459
-41.2688
-41.2915
-41.3141
-41.3366
-41.359
-41.3812
-41.4033
-41.4253
-41.4471
-41.4687
-41.4901
-41.5113
-41.5322
-41.553
-41.5735
-41.5938
-41.6141
-41.6345
-41.6549
-41.6757
-41.697
-41.7188
-41.7414
-41.7649
-41.7895
-41.8151
-41.8419
-41.87
-41.8992
-41.9297
-41.9612
-41.9938
-42.0272
-42.0613
-42.096
-42.131
-42.1661
-42.2012
-42.2361
-42.2705
-42.3044
-42.3376
-42.37
-42.4014
-42.4318
-42.4612
-42.4895
-42.5166
-42.5428
-42.5678
-42.5919
-42.615
-42.6373
-42.6588
-42.6797
-42.7001
-42.72
-42.7396
-42.759
-42.7783
-42.7976
-42.8171
-42.8368
-42.8568
-42.8771
-42.898
-42.9194
-42.9413
-42.9639
-42.9872
-43.0111
-43.0358
-43.0612
-43.0872
-43.114
-43.1415
-43.1696
-43.1983
-43.2276
-43.2575
-43.2879
-43.3187
-43.35
-43.3817
-43.4136
-43.4459
-43.4784
-43.511
-43.5438
-43.5767
-43.6097
-43.6427
-43.6757
-43.7086
-43.7415
-43.7743
-43.807
-43.8396
-43.872
-43.9043
-43.9365
-43.9685
-44.0004
-44.0321
-44.0637
-44.0951
-44.1265
-44.1577
-44.1888
-44.2198
-44.2507
-44.2816
-44.3125
-44.3432
-44.374
-44.4048
-44.4356
-44.4664
-44.4973
-44.5282
-44.5592
-44.5903
-44.6215
-44.6527
-44.6841
-44.7157
-44.7473
-44.7791
-44.8111
-44.8432
-44.8755
-44.9079
-44.9405
-44.9733
-45.0063
-45.0394
-45.0727
-45.1061
-45.1398
-45.1735
-45.2075
-45.2415
-45.2756
-45.3097
-45.3438
-45.3778
-45.4115
-45.4448
-45.4776
-45.5098
-45.5411
-45.5713
-45.6005
-45.6284
-45.655
-45.6804
-45.7045
-45.7275
-45.7496
-45.7711
-45.7922
-45.8133
-45.8349
-45.8572
-45.8807
-45.9059
-45.933
-45.9624
-45.9943
-46.0289
-46.0664
-46.1068
-46.1501
-46.1962
-46.245
-46.2962
-46.3497
-46.4052
-46.4624
-46.5209
-46.5805
-46.6408
-46.7016
-46.7625
-46.8232
-46.8836
-46.9433
-47.0022
-47.0602
-47.117
-47.1726
-47.2268
-47.2798
-47.3313
-47.3814
-47.4301
-47.4775
-47.5236
-47.5685
-47.6122
-47.6549
-47.6966
-47.7375
-47.7775
-47.817
-47.8559
-47.8944
-47.9325
-47.9704
-48.0083
-48.0461
-48.084
-48.122
-48.1603
-48.1989
-48.2378
-48.2773
-48.3172
-48.3576
-48.3987
-48.4403
-48.4827
-48.5256
-48.5693
-48.6137
-48.6588
-48.7046
-48.7511
-48.7983
-48.8463
-48.8949
-48.9442
-48.9941
-49.0447
-49.096
-49.1478
-49.2002
-49.2532
-49.3068
-49.3609
-49.4155
-49.4706
-49.5261
-49.5821
-49.6386
-49.6954
-49.7527
-49.8104
-49.8684
-49.9268
-49.9855
-50.0446
-50.104
-50.1637
-50.2237
-50.2841
-50.3448
-50.4057
-50.467
-50.5285
-50.5904
-50.6526
-50.715
-50.7778
-50.8409
-50.9042
-50.9679
-51.0319
-51.0962
-51.1608
-51.2258
-51.2911
-51.3567
-51.4227
-51.489
-51.5556
-51.6227
-51.69
-51.7578
-51.8259
-51.8944
-51.9633
-52.0326
-52.1023
-52.1724
-52.2428
-52.3137
-52.385
-52.4568
-52.5289
-52.6015
-52.6745
-52.748
-52.8218
-52.8962
-52.9709
-53.0462
-53.1219
-53.198
-53.2746
-53.3517
-53.4292
-53.5072
-53.5856
-53.6646
-53.744
-53.8239
-53.9042
-53.9851
-54.0664
-54.1482
-54.2305
-54.3132
-54.3965
-54.4803
-54.5645
-54.6492
-54.7345
-54.8202
-54.9064
-54.9931
-55.0803
-55.168
-55.2562
-55.3448
-55.434
-55.5237
-55.6139
-55.7045
-55.7957
-55.8874
-55.9795
-56.0722
-56.1653
-56.259
-56.3531
-56.4478
-56.5429
-56.6386
-56.7347
-56.8313
-56.9284
-57.026
-57.1241
-57.2227
-57.3217
-57.4213
-57.5213
-57.6218
-57.7228
-57.8243
-57.9263
-58.0287
-58.1316
-58.235
-58.3388
-58.4432
-58.5479
-58.6532
-58.7589
-58.865
-58.9716
-59.0787
-59.1862
-59.2942
-59.4026
-59.5114
-59.6207
-59.7304
-59.8405
-59.9511
-60.0621
-60.1735
-60.2853
-60.3975
-60.5101
-60.6232
-60.7366
-60.8504
-60.9646
-61.0792
-61.1942
-61.3095
-61.4253
-61.5413
-61.6578
-61.7746
-61.8917
-62.0092
-62.127
-62.2452
-62.3636
-62.4824
-62.6015
-62.721
-62.8407
-62.9607
-63.081
-63.2016
-63.3224
-63.4435
-63.5649
-63.6865
-63.8084
-63.9305
-64.0528
-64.1754
-64.2981
-64.4211
-64.5443
-64.6677
-64.7913
-64.915
-65.039
-65.1631
-65.2873
-65.4117
-65.5363
-65.661
-65.7858
-65.9107
-66.0358
-66.1609
-66.2862
-66.4115
-66.5369
-66.6624
-66.7879
-66.9135
-67.0391
-67.1648
-67.2905
-67.4162
-67.5419
-67.6676
-67.7933
-67.919
-68.0446
-68.1702
-68.2958
-68.4213
-68.5467
-68.672
-68.7972
-68.9224
-69.0474
-69.1723
-69.297
-69.4217
-69.5461
-69.6704
-69.7945
-69.9185
-70.0422
-70.1657
-70.289
-70.4121
-70.5349
-70.6575
-70.7798
-70.9018
-71.0236
-71.1451
-71.2662
-71.387
-71.5075
-71.6277
-71.7475
-71.867
-71.9861
-72.1048
-72.2231
-72.341
-72.4585
-72.5755
-72.6922
-72.8084
-72.9241
-73.0394
-73.1542
-73.2685
-73.3824
-73.4957
-73.6086
-73.7209
-73.8326
-73.9439
-74.0546
-74.1648
-74.2743
-74.3834
-74.4918
-74.5997
-74.707
-74.8136
-74.9197
-75.0252
-75.13
-75.2342
-75.3378
-75.4408
-75.5431
-75.6447
-75.7457
-75.8461
-75.9458
-76.0448
-76.1431
-76.2408
-76.3378
-76.4341
-76.5297
-76.6246
-76.7189
-76.8124
-76.9052
-76.9973
-77.0888
-77.1795
-77.2695
-77.3588
-77.4474
-77.5352
-77.6224
-77.7088
-77.7945
-77.8796
-77.9638
-78.0474
-78.1303
-78.2124
-78.2938
-78.3745
-78.4545
-78.5338
-78.6123
-78.6902
-78.7673
-78.8437
-78.9194
-78.9945
-79.0688
-79.1424
-79.2153
-79.2875
-79.359
-79.4298
-79.4999
-79.5694
-79.6381
-79.7062
-79.7736
-79.8403
-79.9063
-79.9717
-80.0364
-80.1005
-80.1639
-80.2266
-80.2887
-80.3501
-80.4109
-80.4711
-80.5306
-80.5895
-80.6477
-80.7054
-80.7624
-80.8188
-80.8746
-80.9298
-80.9844
-81.0384
-81.0918
-81.1446
-81.1968
-81.2485
-81.2995
-81.3501
-81.4
-81.4494
-81.4982
-81.5465
-81.5942
-81.6414
-81.688
-81.7342
-81.7798
-81.8248
-81.8694
-81.9134
-81.9569
-81.9999
-82.0425
-82.0845
-82.126
-82.1671
-82.2076
-82.2477
-82.2873
-82.3265
-82.3652
-82.4034
-82.4412

