-88
-87.6905
-87.5662
-87.5244
-87.5204
-87.5357
-87.5622
-87.596
-87.6351
-87.6781
-87.7241
-87.7725
-87.8227
-87.8742
-87.9265
-87.9794
-88.0324
-88.0854
-88.138
-88.1901
-88.2416
-88.2922
-88.342
-88.3907
-88.4384
-88.485
-88.5304
-88.5747
-88.6178
-88.6597
-88.7005
-88.74
-88.7785
-88.8158
-88.852
-88.8871
-88.9212
-88.9543
-88.9863
-89.0174
-89.0476
-89.0768
-89.1052
-89.1327
-89.1594
-89.1854
-89.2105
-89.235
-89.2587
-89.2818
-89.3042
-89.326
-89.3472
-89.3678
-89.3878
-89.4073
-89.4263
-89.4448
-89.4628
-89.4804
-89.4975
-89.5142
-89.5304
-89.5463
-89.5618
-89.5769
-89.5917
-89.6061
-89.6202
-89.634
-89.6475
-89.6607
-89.6735
-89.6861
-89.6985
-89.7105
-89.7224
-89.7339
-89.7453
-89.7564
-89.7673
-89.778
-89.7884
-89.7987
-89.8088
-89.8186
-89.8283
-89.8378
-89.8471
-89.8563
-89.8653
-89.8741
-89.8828
-89.8913
-89.8997
-89.9079
-89.916
-89.9239
-89.9317
-89.9393
-89.9469
-89.9543
-89.9616
-89.9687
-89.9758
-89.9827
-89.9895
-89.9962
-90.0028
-90.0093
-90.0156
-90.0219
-90.0281
-90.0341
-90.0401
-90.046
-90.0518
-90.0575
-90.0631
-90.0686
-90.074
-90.0793
-90.0846
-90.0898
-90.0949
-90.0999
-90.1048
-90.1096
-90.1144
-90.1191
-90.1237
-90.1283
-90.1328
-90.1372
-90.1415
-90.1458
-90.15
-90.1542
-90.1582
-90.1622
-90.1662
-90.1701
-90.1739
-90.1777
-90.1814
-90.185
-90.1886
-90.1921
-90.1956
-90.199
-90.2024
-90.2057
-90.2089
-90.2121
-90.2153
-90.2184
-90.2214
-90.2244
-90.2273
-90.2302
-90.2331
-90.2359
-90.2386
-90.2414
-90.244
-90.2466
-90.2492
-90.2517
-90.2542
-90.2567
-90.2591
-90.2614
-90.2638
-90.266
-90.2683
-90.2705
-90.2726
-90.2748
-90.2768
-90.2789
-90.2809
-90.2829
-90.2848
-90.2867
-90.2886
-90.2904
-90.2922
-90.294
-90.2957
-90.2974
-90.2991
-90.3007
-90.3023
-90.3039
-90.3054
-90.3069
-90.3084
-90.3099
-90.3113
-90.3127
-90.3141
-90.1321
-89.8671
-89.5795
-89.2922
-89.0127
-88.7431
-88.4835
-88.2335
-87.9925
-87.7598
-87.5348
-87.3172
-87.1064
-86.9022
-86.7041
-86.5118
-86.3252
-86.1439
-85.9676
-85.7963
-85.6295
-85.4673
-85.3092
-85.1552
-85.0052
-84.8588
-84.716
-84.5766
-84.4404
-84.3074
-84.1774
-84.0502
-83.9258
-83.804
-83.6847
-83.5679
-83.4533
-83.341
-83.2309
-83.1228
-83.0166
-82.9124
-82.81
-82.7093
-82.6103
-82.513
-82.4172
-82.323
-82.2301
-82.1387
-82.0487
-81.9599
-81.8725
-81.7862
-81.7011
-81.6172
-81.5343
-81.4526
-81.3719
-81.2922
-81.2134
-81.1356
-81.0588
-80.9828
-80.9077
-80.8334
-80.76
-80.6874
-80.6155
-80.5444
-80.4741
-80.4045
-80.3356
-80.2673
-80.1998
-80.1329
-80.0666
-80.001
-79.936
-79.8716
-79.8077
-79.7445
-79.6818
-79.6197
-79.5581
-79.4971
-79.4365
-79.3765
-79.317
-79.258
-79.1995
-79.1415
-79.0839
-79.0268
-78.9701
-78.9139
-78.8582
-78.8028
-78.7479
-78.6934
-78.6394
-78.5857
-78.5325
-78.4796
-78.4271
-78.375
-78.3233
-78.272
-78.2211
-78.1705
-78.1202
-78.0704
-78.0208
-77.9717
-77.9228
-77.8743
-77.8262
-77.7783
-77.7308
-77.6836
-77.6368
-77.5902
-77.544
-77.498
-77.4524
-77.4071
-77.362
-77.3173
-77.2728
-77.2287
-77.1848
-77.1412
-77.0978
-77.0548
-77.012
-76.9695
-76.9272
-76.8852
-76.8435
-76.802
-76.7608
-76.7198
-76.6791
-76.6386
-76.5984
-76.5584
-76.5186
-76.4791
-76.4398
-76.4007
-76.3619
-76.3233
-76.2849
-76.2467
-76.2088
-76.171
-76.1335
-76.0962
-76.0591
-76.0222
-75.9855
-75.949
-75.9127
-75.8766
-75.8407
-75.805
-75.7695
-75.7342
-75.699
-75.6641
-75.6293
-75.5947
-75.5603
-75.526
-75.492
-75.4581
-75.4244
-75.3908
-75.3574
-75.3242
-75.2912
-75.2583
-75.2256
-75.193
-75.1606
-75.1283
-75.0962
-75.0643
-75.0325
-75.0008
-74.9693
-74.9379
-74.9067
-74.8756
-74.8447
-74.8139
-74.7832
-74.7527
-74.7223
-74.692
-74.6618
-74.6318
-74.6019
-74.5722
-74.5425
-74.513
-74.4836
-74.4544
-74.4252
-74.3961
-74.3672
-74.3384
-74.3097
-74.2811
-74.2526
-74.2242
-74.1959
-74.1678
-74.1397
-74.1117
-74.0839
-74.0561
-74.0284
-74.0008
-73.9733
-73.946
-73.9186
-73.8914
-73.8643
-73.8373
-73.8103
-73.7835
-73.7567
-73.73
-73.7034
-73.6768
-73.6504
-73.624
-73.5977
-73.5714
-73.5453
-73.5192
-73.4931
-73.4672
-73.4413
-73.4155
-73.3897
-73.364
-73.3384
-73.3128
-73.2873
-73.2619
-73.2365
-73.2111
-73.1858
-73.1606
-73.1354
-73.1103
-73.0852
-73.0602
-73.0352
-73.0103
-72.9854
-72.9605
-72.9357
-72.911
-72.8862
-72.8616
-72.8369
-72.8123
-72.7877
-72.7632
-72.7387
-72.7142
-72.6897
-72.6653
-72.6409
-72.6165
-72.5922
-72.5679
-72.5436
-72.5193
-72.495
-72.4708
-72.4466
-72.4224
-72.3982
-72.374
-72.3498
-72.3257
-72.3015
-72.2774
-72.2533
-72.2291
-72.205
-72.1809
-72.1568
-72.1327
-72.1086
-72.0844
-72.0603
-72.0362
-72.012
-71.9879
-71.9638
-71.9396
-71.9154
-71.8912
-71.867
-71.8428
-71.8186
-71.7943
-71.7701
-71.7458
-71.7214
-71.6971
-71.6727
-71.6483
-71.6239
-71.5994
-71.5749
-71.5504
-71.5258
-71.5012
-71.4766
-71.4519
-71.4272
-71.4024
-71.3776
-71.3527
-71.3278
-71.3029
-71.2779
-71.2528
-71.2277
-71.2025
-71.1772
-71.1519
-71.1265
-71.1011
-71.0756
-71.05
-71.0244
-70.9986
-70.9728
-70.947
-70.921
-70.895
-70.8688
-70.8426
-70.8163
-70.7899
-70.7634
-70.7368
-70.7101
-70.6834
-70.6565
-70.6295
-70.6023
-70.5751
-70.5478
-70.5203
-70.4927
-70.465
-70.4372
-70.4093
-70.3812
-70.3529
-70.3246
-70.2961
-70.2674
-70.2386
-70.2096
-70.1805
-70.1512
-70.1218
-70.0922
-70.0624
-70.0324
-70.0023
-69.972
-69.9414
-69.9107
-69.8798
-69.8487
-69.8174
-69.7858
-69.7541
-69.7221
-69.6899
-69.6575
-69.6248
-69.5918
-69.5586
-69.5252
-69.4915
-69.4575
-69.4232
-69.3887
-69.3538
-69.3187
-69.2832
-69.2474
-69.2113
-69.1748
-69.138
-69.1009
-69.0634
-69.0254
-68.9872
-68.9485
-68.9094
-68.8698
-68.8298
-68.7894
-68.7485
-68.7072
-68.6653
-68.6229
-68.58
-68.5365
-68.4925
-68.4479
-68.4026
-68.3567
-68.3102
-68.263
-68.215
-68.1663
-68.1168
-68.0665
-68.0154
-67.9633
-67.9104
-67.8564
-67.8013
-67.7452
-67.6878
-67.6292
-67.5693
-67.5079
-67.4449
-67.3803
-67.3138
-67.2454
-67.1747
-67.1017
-67.0261
-66.9475
-66.8658
-66.7806
-66.6914
-66.598
-66.4997
-66.3962
-66.287
-66.1714
-66.0489
-65.9188
-65.7805
-65.6333
-65.4766
-65.3094
-65.1312
-64.941
-64.738
-64.5212
-64.2895
-64.0417
-63.7763
-63.4917
-63.1856
-62.8556
-62.4982
-62.1093
-61.6833
-61.2126
-60.6872
-60.0927
-59.4086
-58.6034
-57.6274
-56.3956
-54.7496
-52.3538
-48.3663
-40.1902
-20.7483
16.6466
42.9277
43.7684
34.6409
18.1881
2.6214
-8.34944
-17.3609
-26.3988
-34.8708
-44.043
-58.7246
-70.0193
-73.4343
-74.4273
-74.7929
-75.0026
-75.1704
-75.3119
-75.4199
-75.4869
-75.5093
-75.4875
-75.4242
-75.3235
-75.1897
-75.0273
-74.8402
-74.632
-74.4057
-74.1636
-73.9078
-73.6399
-73.3612
-73.0724
-72.7744
-72.4678
-72.1527
-71.8296
-71.4986
-71.1596
-70.8126
-70.4574
-70.0938
-69.7214
-69.3397
-68.9479
-68.5453
-68.1308
-67.7028
-67.2597
-66.7994
-66.3188
-65.8146
-65.2819
-64.7147
-64.1047
-63.4406
-62.7064
-61.8787
-60.9217
-59.7776
-58.3467
-56.4407
-53.6583
-48.9956
-39.5626
-20.1139
18.1276
44.2224
44.6018
34.9795
17.9825
2.04175
-8.92799
-17.8723
-26.8706
-35.2267
-44.4399
-58.5801
-70.1885
-74.4936
-76.0823
-76.7085
-76.9605
-77.0409
-77.0224
-76.9339
-76.7897
-76.5987
-76.3676
-76.1019
-75.8063
-75.4849
-75.1409
-74.7773
-74.3967
-74.001
-73.5923
-73.1719
-72.7413
-72.3014
-71.8531
-71.3971
-70.9336
-70.4629
-69.9849
-69.4993
-69.0053
-68.502
-67.9879
-67.4614
-66.9199
-66.3603
-65.7786
-65.1694
-64.5257
-63.8381
-63.0935
-62.2735
-61.3505
-60.2824
-58.9994
-57.3777
-55.1738
-51.8389
-45.9228
-33.455
-11.619
31.0786
45.206
42.1289
29.4288
11.4493
-2.57402
-12.5584
-21.4465
-30.4489
-38.1567
-48.7917
-63.2815
-71.4698
-74.3463
-75.4172
-75.8571
-76.0511
-76.1264
-76.126
-76.0666
-75.9564
-75.8015
-75.607
-75.3776
-75.1175
-74.8304
-74.5197
-74.1883
-73.8387
-73.4733
-73.0938
-72.702
-72.2993
-71.8868
-71.4654
-71.0358
-70.5986
-70.1539
-69.7017
-69.2419
-68.7738
-68.2966
-67.8091
-67.3097
-66.7963
-66.2661
-65.7155
-65.1399
-64.5334
-63.8878
-63.1923
-62.4317
-61.5841
-60.6164
-59.4763
-58.0749
-56.2481
-53.6541
-49.4689
-41.3926
-24.384
7.3555
41.8642
45.2714
37.7578
21.7237
4.56342
-7.24506
-16.4263
-25.4098
-34.0855
-42.66
-55.6387
-68.1216
-73.0329
-74.7965
-75.4612
-75.7211
-75.8137
-75.821
-75.7718
-75.6772
-75.5431
-75.3735
-75.1721
-74.9422
-74.6871
-74.4095
-74.112
-73.797
-73.4664
-73.1219
-72.7652
-72.3976
-72.0202
-71.6338
-71.2393
-70.8371
-70.4276
-70.011
-69.5872
-69.1558
-68.7165
-68.2684
-67.8103
-67.3409
-66.8582
-66.3597
-65.8424
-65.3022
-64.7338
-64.1304
-63.4829
-62.7784
-61.9991
-61.1187
-60.0966
-58.8666
-57.3126
-55.2085
-52.0545
-46.552
-35.0741
-14.3488
27.3006
44.8256
42.7424
30.8196
12.9337
-1.59818
-11.7959
-20.6665
-29.6717
-37.3795
-47.5063
-61.8928
-70.8682
-73.9598
-75.0352
-75.4174
-75.5436
-75.56
-75.5159
-75.4289
-75.3064
-75.1526
-74.9708
-74.7638
-74.5344
-74.2847
-74.0171
-73.7333
-73.4351
-73.1241
-72.8015
-72.4685
-72.1261
-71.7751
-71.4163
-71.0501
-70.6769
-70.297
-69.9104
-69.517
-69.1166
-68.7086
-68.2923
-67.8668
-67.4308
-66.9827
-66.5204
-66.0413
-65.5422
-65.0187
-64.4654
-63.875
-63.2378
-62.5403
-61.7634
-60.8788
-59.8424
-58.5814
-56.9661
-54.739
-51.3154
-45.134
-31.9668
-9.1218
33.888
45.3913
41.4802
28.122
10.1219
-3.44546
-13.238
-22.1294
-31.1113
-38.8505
-49.8523
-64.2236
-71.6791
-74.2074
-75.0572
-75.3234
-75.3745
-75.3362
-75.2516
-75.1358
-74.9947
-74.8311
-74.6471
-74.4444
-74.2245
-73.9891
-73.7394
-73.4768
-73.2025
-72.9175
-72.6228
-72.3193
-72.0077
-71.6885
-71.3625
-71.0298
-70.6909
-70.346
-69.9951
-69.6382
-69.275
-68.9052
-68.5284
-68.1439
-67.7507
-67.3478
-66.9337
-66.5066
-66.0644
-65.6042
-65.1225
-64.6149
-64.0754
-63.4964
-62.8676
-62.1744
-61.3962
-60.502
-59.4432
-58.1383
-56.439
-54.0438
-50.2441
-43.0887
-27.6792
-0.255452
39.6693
45.617
39.6133
24.6604
6.93558
-5.57251
-14.975
-23.9157
-32.7864
-40.9
-53.0613
-66.7037
-72.5287
-74.4882
-75.11
-75.2583
-75.2345
-75.1443
-75.0238
-74.8847
-74.7307
-74.5628
-74.3815
-74.1874
-73.9809
-73.7628
-73.5338
-73.2948
-73.0464
-72.7893
-72.5242
-72.2518
-71.9724
-71.6867
-71.395
-71.0977
-70.7949
-70.487
-70.1739
-69.8558
-69.5324
-69.2038
-68.8695
-68.5292
-68.1823
-67.8282
-67.4661
-67.0949
-66.7133
-66.3198
-65.9124
-65.4887
-65.0458
-64.58
-64.0865
-63.559
-62.9894
-62.3666
-61.6749
-60.892
-59.9838
-58.8966
-57.5382
-55.7378
-53.1375
-48.8644
-40.4455
-22.529
11.4474
42.916
45.0286
36.6821
20.1638
3.3913
-8.0491
-17.1105
-26.0952
-34.6576
-43.4113
-56.7092
-68.729
-73.1005
-74.5181
-74.9314
-74.9964
-74.9383
-74.8348
-74.7117
-74.5768
-74.432
-74.2778
-74.1139
-73.9405
-73.7576
-73.5656
-73.3649
-73.1559
-72.9392
-72.7151
-72.4843
-72.2471
-72.004
-71.7553
-71.5014
-71.2426
-70.9792
-70.7113
-70.4392
-70.1628
-69.8823
-69.5977
-69.3088
-69.0155
-68.7175
-68.4147
-68.1065
-67.7926
-67.4722
-67.1448
-66.8093
-66.4648
-66.1101
-65.7435
-65.3633
-64.9672
-64.5524
-64.1155
-63.6521
-63.1565
-62.6214
-62.0368
-61.389
-60.6585
-59.8163
-58.8173
-57.5868
-55.9904
-53.7596
-50.2764
-43.8577
-29.8421
-5.97079
37.1033
45.5126
40.5731
26.4495
8.5262
-4.44344
-13.9953
-22.8749
-31.8275
-39.5627
-50.9514
-65.4388
-72.0653
-74.1175
-74.6682
-74.7314
-74.6459
-74.523
-74.3957
-74.2706
-74.1464
-74.0203
-73.8901
-73.7539
-73.6108
-73.4604
-73.3024
-73.137
-72.9643
-72.7848
-72.5988
-72.4067
-72.2088
-72.0056
-71.7974
-71.5845
-71.3672
-71.1458
-70.9207
-70.6918
-70.4596
-70.224
-69.9852
-69.7432
-69.4981
-69.2499
-68.9985
-68.7437
-68.4856
-68.2237
-67.958
-67.6882
-67.4138
-67.1344
-66.8496
-66.5588
-66.2612
-65.9561
-65.6426
-65.3194
-64.9853
-64.6387
-64.2776
-63.8997
-63.5022
-63.0814
-62.6328
-62.1505
-61.6268
-61.0513
-60.4096
-59.6811
-58.8352
-57.8235
-56.5652
-54.9126
-52.5639
-48.802
-41.6016
-25.486
2.63998
40.6968
45.1492
38.5625
23.254
5.86278
-6.19944
-15.4505
-24.3604
-33.1806
-41.2036
-53.3515
-67.0132
-71.9733
-73.2604
-73.4867
-73.4253
-73.3083
-73.2018
-73.1185
-73.0543
-73.0018
-72.9539
-72.9055
-72.8527
-72.7933
-72.7258
-72.6496
-72.5643
-72.4701
-72.3671
-72.2558
-72.1366
-72.01
-71.8763
-71.7363
-71.5902
-71.4386
-71.2819
-71.1204
-70.9546
-70.7848
-70.6112
-70.4342
-70.254
-70.0708
-69.8849
-69.6963
-69.5052
-69.3118
-69.116
-68.9181
-68.718
-68.5157
-68.3113
-68.1047
-67.8959
-67.6848
-67.4714
-67.2554
-67.0369
-66.8156
-66.5913
-66.3639
-66.1331
-65.8986
-65.6601
-65.4171
-65.1693
-64.9162
-64.6572
-64.3915
-64.1185
-63.8373
-63.5466
-63.2453
-62.9318
-62.6042
-62.2602
-61.897
-61.5111
-61.0979
-60.6515
-60.1641
-59.625
-59.0193
-58.3251
-57.509
-56.517
-55.2544
-53.5385
-50.9635
-46.4472
-36.5182
-15.177
25.231
42.9136
41.3557
30.2531
13.6755
-0.099201
-10.146
-18.8783
-27.7304
-35.5887
-44.8756
-58.6233
-67.4146
-69.5835
-69.4975
-69.1846
-69.0838
-69.1173
-69.2076
-69.3256
-69.4615
-69.6103
-69.7665
-69.9244
-70.0789
-70.2251
-70.3598
-70.4804
-70.5855
-70.6745
-70.7471
-70.8037
-70.8448
-70.8711
-70.8836
-70.883
-70.8702
-70.8462
-70.8118
-70.7678
-70.715
-70.6541
-70.5857
-70.5106
-70.4293
-70.3423
-70.2501
-70.1532
-70.0521
-69.9471
-69.8385
-69.7268
-69.6122
-69.495
-69.3754
-69.2537
-69.1302
-69.005
-68.8783
-68.7502
-68.6211
-68.4909
-68.3599
-68.2281
-68.0957
-67.9628
-67.8296
-67.696
-67.5623
-67.4284
-67.2946
-67.1608
-67.0271
-66.8937
-66.7605
-66.6277
-66.4953
-66.3634
-66.232
-66.1011
-65.9709
-65.8414
-65.7126
-65.5845
-65.4573
-65.3308
-65.2052
-65.0805
-64.9566
-64.8336
-64.7115
-64.5903
-64.4699
-64.3504
-64.2318
-64.1139
-63.9968
-63.8804
-63.7646
-63.6494
-63.5347
-63.4203
-63.3062
-63.1923
-63.0783
-62.9641
-62.8496
-62.7345
-62.6185
-62.5013
-62.3827
-62.2622
-62.1394
-62.0138
-61.8847
-61.7515
-61.6133
-61.469
-61.3173
-61.1568
-60.9853
-60.8005
-60.5989
-60.3764
-60.1269
-59.842
-59.5094
-59.1103
-58.6137
-57.9648
-57.0549
-55.6325
-52.9693
-46.5221
-30.9447
-1.59951
31.9933
41.4895
37.3413
24.922
10.4608
-0.977646
-10.1798
-18.6932
-27.055
-35.7944
-46.9705
-57.4958
-62.4371
-63.7162
-63.5877
-63.1497
-63.022
-63.3734
-63.9553
-64.5376
-65.0466
-65.4854
-65.8742
-66.2302
-66.5638
-66.8805
-67.1824
-67.4695
-67.741
-67.9959
-68.2335
-68.4536
-68.6561
-68.8414
-69.01
-69.1626
-69.3001
-69.4233
-69.533
-69.6302
-69.7156
-69.7901
-69.8544
-69.9093
-69.9553
-69.9933
-70.0237
-70.0471
-70.0641
-70.0751
-70.0807
-70.0812
-70.0771
-70.0688
-70.0566
-70.0408
-70.0218
-69.9999
-69.9754
-69.9486
-69.9197
-69.8889
-69.8565
-69.8227
-69.7877
-69.7518
-69.715
-69.6777
-69.6399
-69.6018
-69.5635
-69.5253
-69.4873
-69.4495
-69.4121
-69.3752
-69.3389
-69.3034
-69.2687
-69.2348
-69.202
-69.1703
-69.1396
-69.1102
-69.0821
-69.0553
-69.0298
-69.0058
-68.9833
-68.9622
-68.9427
-68.9247
-68.9083
-68.8935
-68.8804
-68.8688
-68.8589
-68.8507
-68.8441
-68.8391
-68.8358
-68.8341
-68.834
-68.8355
-68.8386
-68.8433
-68.8496
-68.8574
-68.8667
-68.8775
-68.8897
-68.9034
-68.9185
-68.935
-68.9528
-68.972
-68.9925
-69.0142
-69.0371
-69.0612
-69.0865
-69.1129
-69.1405
-69.1691
-69.1987
-69.2293
-69.2609
-69.2934
-69.3268
-69.3611
-69.3963
-69.4322
-69.469
-69.5065
-69.5447
-69.5836
-69.6232
-69.6635
-69.7043
-69.7458
-69.7878
-69.8304
-69.8735
-69.9171
-69.9612
-70.0057
-70.0507
-70.0961
-70.1419
-70.1881
-70.2346
-70.2815
-70.3287
-70.3763
-70.4241
-70.4722
-70.5206
-70.5693
-70.6181
-70.6673
-70.7166
-70.7661
-70.8159
-70.8658
-70.9159
-70.9662
-71.0166
-71.0671
-71.1178
-71.1687
-71.2196
-71.2706
-71.3218
-71.3731
-71.4244
-71.4758
-71.5273
-71.5789
-71.6306
-71.6823
-71.734
-71.7858
-71.8376
-71.8895
-71.9414
-71.9934
-72.0453
-72.0973
-72.1493
-72.2013
-72.2533
-72.3054
-72.3574
-72.4094
-72.4614
-72.5134
-72.5654
-72.6173
-72.6693
-72.7212
-72.7731
-72.8249
-72.8768
-72.9285
-72.9803
-73.032
-73.0836
-73.1353
-73.1868
-73.2383
-73.2898
-73.3412
-73.3925
-73.4438
-73.495
-73.5461
-73.5972
-73.6481
-73.699
-73.7499
-73.8006
-73.8513
-73.9019
-73.9524
-74.0027
-74.0531
-74.1033
-74.1534
-74.2034
-74.2533
-74.3031
-74.3528
-74.4024
-74.4518
-74.5012
-74.5504
-74.5995
-74.6485
-74.6974
-74.7461
-74.7947
-74.8432
-74.8916
-74.9398
-74.9879
-75.0358
-75.0836
-75.1312
-75.1787
-75.2261
-75.2733
-75.3203
-75.3672
-75.4139
-75.4605
-75.5069
-75.5531
-75.5992
-75.6451
-75.6909
-75.7364
-75.7818
-75.827
-75.872
-75.9169
-75.9615
-76.006
-76.0503
-76.0944
-76.1383
-76.182
-76.2256
-76.2689
-76.312
-76.355
-76.3977
-76.4402
-76.4825
-76.5247
-76.5666
-76.6083
-76.6498
-76.6911
-76.7321
-76.773
-76.8136
-76.854
-76.8942
-76.9342
-76.974
-77.0135
-77.0528
-77.0919
-77.1308
-77.1695
-77.2079
-77.2461
-77.284
-77.3218
-77.3593
-77.3965
-77.4336
-77.4704
-77.507
-77.5433
-77.5794
-77.6153
-77.651
-77.6864
-77.7216
-77.7565
-77.7912
-77.8257
-77.8599
-77.8939
-77.9277
-77.9612
-77.9945
-78.0276
-78.0604
-78.093
-78.1253
-78.1574
-78.1893
-78.2209
-78.2523
-78.2835
-78.3144
-78.3451
-78.3756
-78.4058
-78.4358
-78.4656
-78.4951
-78.5244
-78.5535
-78.5824
-78.611
-78.6393
-78.6675
-78.6954
-78.7231
-78.7506
-78.7778
-78.8049
-78.8317
-78.8582
-78.8846
-78.9107
-78.9366
-78.9623
-78.9878
-79.013
-79.0381
-79.0629
-79.0875
-79.1119
-79.1361
-79.16
-79.1838
-79.2073
-79.2307
-79.2538
-79.2767
-79.2994
-79.3219
-79.3442
-79.3663
-79.3882
-79.4099
-79.4314
-79.4527
-79.4738
-79.4947
-79.5155
-79.536
-79.5563
-79.5764
-79.5964
-79.6161
-79.6357
-79.6551
-79.6743
-79.6933
-79.7122
-79.7308
-79.7493
-79.7676
-79.7857
-79.8036
-79.8214
-79.839
-79.8564
-79.8737
-79.8907
-79.9076
-79.9244
-79.9409
-79.9573
-79.9736
-79.9897
-80.0056
-80.0213
-80.0369
-80.0524
-80.0676
-80.0828
-80.0977
-80.1125
-80.1272
-80.1417
-80.1561
-80.1703
-80.1843
-80.1983
-80.212
-80.2256
-80.2391
-80.2525
-80.2657
-80.2787
-80.2916
-80.3044
-80.3171
-80.3296
-80.3419
-80.3542
-80.3663
-80.3783
-80.3901
-80.4018
-80.4134
-80.4249
-80.4362
-80.4474
-80.4585
-80.4695
-80.4803
-80.4911
-80.5017
-80.5121
-80.5225
-80.5328
-80.5429
-80.5529
-80.5628
-80.5726
-80.5823
-80.5919
-80.6013
-80.6107
-80.6199
-80.6291
-80.6381
-80.647
-80.6558
-80.6646
-80.6732
-80.6817
-80.6901
-80.6984
-80.7066
-80.7148
-80.7228
-80.7307
-80.7385
-80.7463
-80.7539
-80.7615
-80.7689
-80.7763
-80.7835
-80.7907
-80.7978
-80.8048
-80.8118

