-88
-87.9148
-87.8302
-87.7463
-87.6636
-87.5825
-87.5036
-87.4271
-87.3535
-87.283
-87.2158
-87.1519
-87.0915
-87.0344
-86.9806
-86.93
-86.8826
-86.8383
-86.7968
-86.7581
-86.722
-86.6884
-86.6573
-86.6284
-86.6016
-86.5769
-86.5541
-86.5331
-86.5139
-86.4962
-86.4801
-86.4654
-86.4521
-86.4401
-86.4292
-86.4195
-86.4109
-86.4032
-86.3965
-86.3907
-86.3857
-86.3816
-86.3781
-86.3753
-86.3732
-86.3717
-86.3708
-86.3704
-86.3705
-86.371
-86.372
-86.3734
-86.3752
-86.3774
-86.3798
-86.3826
-86.3857
-86.389
-86.3926
-86.3964
-86.4004
-86.4047
-86.409
-86.4136
-86.4183
-86.4232
-86.4281
-86.4332
-86.4384
-86.4437
-86.4491
-86.4545
-86.46
-86.4656
-86.4712
-86.4769
-86.4826
-86.4883
-86.4941
-86.4998
-86.5056
-86.5114
-86.5172
-86.523
-86.5287
-86.5345
-86.5402
-86.546
-86.5517
-86.5574
-86.5631
-86.5687
-86.5743
-86.5799
-86.5854
-86.5909
-86.5963
-86.6018
-86.6071
-86.6124
-86.6177
-86.623
-86.6281
-86.6333
-86.6384
-86.6434
-86.6484
-86.6533
-86.6582
-86.663
-86.6677
-86.6724
-86.6771
-86.6817
-86.6862
-86.6907
-86.6951
-86.6995
-86.7038
-86.7081
-86.7123
-86.7164
-86.7205
-86.7245
-86.7285
-86.7324
-86.7362
-86.74
-86.7438
-86.7474
-86.7511
-86.7546
-86.7582
-86.7616
-86.765
-86.7684
-86.7717
-86.7749
-86.7781
-86.7813
-86.7843
-86.7874
-86.7903
-86.7933
-86.7961
-86.799
-86.8017
-86.8045
-86.8071
-86.8098
-86.8123
-86.8149
-86.8173
-86.8198
-86.8222
-86.8245
-86.8268
-86.829
-86.8312
-86.8334
-86.8355
-86.8376
-86.8396
-86.8416
-86.8435
-86.8454
-86.8472
-86.849
-86.8508
-86.8525
-86.8542
-86.8559
-86.8575
-86.859
-86.8606
-86.8621
-86.8635
-86.8649
-86.8663
-86.8677
-86.869
-86.8702
-86.8715
-86.8727
-86.8738
-86.875
-86.8761
-86.8771
-86.8782
-86.8792
-86.8801
-86.8811
-86.882
-86.8828
-86.8837
-86.8845
-86.8853
-86.886
-86.8868
-86.8875
-86.8881
-86.8887
-86.8891
-86.889
-86.8879
-86.8854
-86.8809
-86.874
-86.8642
-86.8513
-86.8349
-86.8151
-86.7916
-86.7645
-86.7339
-86.6997
-86.6621
-86.6212
-86.577
-86.5299
-86.4797
-86.4268
-86.3712
-86.3131
-86.2527
-86.19
-86.1252
-86.0584
-85.9897
-85.9193
-85.8473
-85.7737
-85.6987
-85.6225
-85.545
-85.4664
-85.3867
-85.3061
-85.2246
-85.1423
-85.0593
-84.9756
-84.8914
-84.8066
-84.7213
-84.6356
-84.5495
-84.4631
-84.3764
-84.2895
-84.2025
-84.1152
-84.0279
-83.9404
-83.853
-83.7655
-83.678
-83.5906
-83.5033
-83.416
-83.3289
-83.2419
-83.1551
-83.0684
-82.982
-82.8957
-82.8097
-82.724
-82.6384
-82.5532
-82.4683
-82.3836
-82.2992
-82.2152
-82.1315
-82.0481
-81.9651
-81.8824
-81.8
-81.718
-81.6364
-81.5551
-81.4742
-81.3937
-81.3136
-81.2339
-81.1545
-81.0755
-80.9969
-80.9187
-80.8409
-80.7635
-80.6865
-80.6099
-80.5337
-80.4579
-80.3825
-80.3075
-80.2329
-80.1586
-80.0848
-80.0114
-79.9383
-79.8657
-79.7934
-79.7216
-79.6501
-79.579
-79.5083
-79.438
-79.3681
-79.2985
-79.2294
-79.1606
-79.0921
-79.0241
-78.9564
-78.8891
-78.8222
-78.7556
-78.6893
-78.6235
-78.558
-78.4928
-78.428
-78.3635
-78.2994
-78.2356
-78.1722
-78.1091
-78.0463
-77.9839
-77.9218
-77.86
-77.7985
-77.7373
-77.6765
-77.616
-77.5558
-77.4959
-77.4363
-77.377
-77.318
-77.2593
-77.2009
-77.1428
-77.0849
-77.0274
-76.9701
-76.9131
-76.8564
-76.8
-76.7438
-76.6879
-76.6323
-76.5769
-76.5218
-76.4669
-76.4123
-76.3579
-76.3038
-76.2499
-76.1963
-76.1429
-76.0898
-76.0369
-75.9842
-75.9317
-75.8795
-75.8275
-75.7757
-75.7241
-75.6727
-75.6216
-75.5706
-75.5199
-75.4694
-75.419
-75.3689
-75.319
-75.2692
-75.2197
-75.1703
-75.1211
-75.0721
-75.0233
-74.9747
-74.9262
-74.878
-74.8298
-74.7819
-74.7341
-74.6865
-74.639
-74.5917
-74.5446
-74.4976
-74.4508
-74.4041
-74.3576
-74.3112
-74.2649
-74.2188
-74.1728
-74.127
-74.0813
-74.0357
-73.9903
-73.9449
-73.8997
-73.8547
-73.8097
-73.7649
-73.7201
-73.6755
-73.631
-73.5866
-73.5423
-73.4982
-73.4541
-73.4101
-73.3662
-73.3224
-73.2787
-73.2351
-73.1916
-73.1482
-73.1048
-73.0616
-73.0184
-72.9753
-72.9322
-72.8893
-72.8464
-72.8036
-72.7608
-72.7181
-72.6755
-72.633
-72.5905
-72.548
-72.5056
-72.4633
-72.421
-72.3788
-72.3366
-72.2944
-72.2523
-72.2103
-72.1682
-72.1263
-72.0843
-72.0424
-72.0005
-71.9586
-71.9168
-71.875
-71.8332
-71.7914
-71.7496
-71.7079
-71.6662
-71.6245
-71.5827
-71.541
-71.4993
-71.4576
-71.416
-71.3743
-71.3326
-71.2908
-71.2491
-71.2074
-71.1657
-71.1239
-71.0821
-71.0403
-70.9985
-70.9567
-70.9148
-70.8729
-70.831
-70.7891
-70.7471
-70.705
-70.663
-70.6209
-70.5787
-70.5365
-70.4942
-70.4519
-70.4096
-70.3672
-70.3247
-70.2821
-70.2395
-70.1969
-70.1541
-70.1113
-70.0684
-70.0255
-69.9824
-69.9393
-69.8961
-69.8528
-69.8094
-69.7659
-69.7224
-69.6787
-69.6349
-69.591
-69.547
-69.5029
-69.4587
-69.4144
-69.3699
-69.3253
-69.2806
-69.2358
-69.1908
-69.1457
-69.1005
-69.0551
-69.0096
-68.9639
-68.9181
-68.8721
-68.8259
-68.7796
-68.7332
-68.6865
-68.6397
-68.5927
-68.5455
-68.4981
-68.4506
-68.4028
-68.3548
-68.3067
-68.2583
-68.2097
-68.1609
-68.1119
-68.0627
-68.0132
-67.9635
-67.9136
-67.8634
-67.8129
-67.7622
-67.7113
-67.6601
-67.6086
-67.5568
-67.5047
-67.4524
-67.3998
-67.3468
-67.2936
-67.24
-67.1862
-67.132
-67.0774
-67.0226
-66.9673
-66.9118
-66.8559
-66.7996
-66.7429
-66.6858
-66.6284
-66.5705
-66.5123
-66.4536
-66.3945
-66.335
-66.275
-66.2146
-66.1537
-66.0923
-66.0304
-65.9681
-65.9052
-65.8419
-65.778
-65.7135
-65.6485
-65.583
-65.5168
-65.4501
-65.3828
-65.3148
-65.2462
-65.177
-65.107
-65.0364
-64.9651
-64.8931
-64.8204
-64.7469
-64.6726
-64.5975
-64.5216
-64.4449
-64.3673
-64.2888
-64.2094
-64.1291
-64.0479
-63.9656
-63.8823
-63.798
-63.7125
-63.626
-63.5383
-63.4495
-63.3594
-63.268
-63.1753
-63.0813
-62.9859
-62.889
-62.7905
-62.6905
-62.5889
-62.4855
-62.3803
-62.2733
-62.1644
-62.0534
-61.9403
-61.8249
-61.7072
-61.587
-61.4641
-61.3384
-61.2097
-61.0778
-60.9425
-60.8035
-60.6604
-60.513
-60.3607
-60.2033
-60.04
-59.8705
-59.6939
-59.5096
-59.3167
-59.1144
-58.9016
-58.6772
-58.4403
-58.1895
-57.9236
-57.6415
-57.342
-57.0239
-56.6861
-56.3277
-55.9476
-55.5451
-55.1195
-54.6702
-54.1965
-53.6981
-53.1741
-52.624
-52.0467
-51.441
-50.8052
-50.1371
-49.4338
-48.6914
-47.9051
-47.0691
-46.1756
-45.2155
-44.1776
-43.0481
-41.8113
-40.4487
-38.9403
-37.2664
-35.4099
-33.3623
-31.1293
-28.7373
-26.1684
-23.3533
-20.2615
-16.9381
-13.5444
-10.3574
-7.70034
-5.83232
-4.95881
-5.25318
-6.86632
-9.91902
-14.46
-19.8292
-24.6599
-28.903
-32.5472
-35.6512
-38.2629
-40.3909
-42.0396
-43.2329
-44.0164
-44.4459
-44.5784
-44.4659
-44.1539
-43.6807
-43.0782
-42.3729
-41.587
-40.7388
-39.8442
-38.9171
-37.9699
-37.0143
-36.0613
-35.1218
-34.2063
-33.325
-32.4877
-31.7033
-30.9798
-30.3239
-29.7401
-29.2304
-28.7957
-28.4359
-28.1501
-27.9359
-27.7896
-27.7063
-27.6798
-27.703
-27.7685
-27.8683
-27.9943
-28.1387
-28.2943
-28.454
-28.6115
-28.7612
-28.898
-29.0175
-29.1157
-29.1894
-29.2362
-29.2534
-29.2365
-29.1787
-29.0755
-28.9336
-28.7764
-28.6393
-28.5601
-28.5683
-28.6797
-28.8953
-29.2036
-29.584
-30.0121
-30.4651
-30.923
-31.3657
-31.7719
-32.1217
-32.4002
-32.5988
-32.7159
-32.7548
-32.7229
-32.6298
-32.4859
-32.3021
-32.0886
-31.8552
-31.6105
-31.3622
-31.1169
-30.8801
-30.6563
-30.4491
-30.2609
-30.0935
-29.9479
-29.8242
-29.7221
-29.6409
-29.5794
-29.5359
-29.5088
-29.496
-29.4957
-29.5057
-29.524
-29.5487
-29.5777
-29.6095
-29.6423
-29.6746
-29.7051
-29.7325
-29.7554
-29.7728
-29.7834
-29.7859
-29.7794
-29.763
-29.7354
-29.6942
-29.6342
-29.5492
-29.4383
-29.3127
-29.1962
-29.1196
-29.111
-29.1896
-29.3621
-29.6233
-29.9583
-30.3467
-30.7673
-31.2011
-31.6293
-32.0323
-32.3907
-32.6888
-32.9161
-33.0686
-33.1474
-33.1579
-33.1078
-33.0065
-32.8635
-32.6885
-32.4904
-32.2777
-32.0576
-31.8367
-31.6204
-31.4133
-31.219
-31.0404
-30.8795
-30.7375
-30.6151
-30.5124
-30.4289
-30.3637
-30.3157
-30.2835
-30.2653
-30.2594
-30.2641
-30.2773
-30.2974
-30.3225
-30.351
-30.3813
-30.412
-30.4416
-30.4689
-30.4927
-30.5118
-30.525
-30.5312
-30.5291
-30.5177
-30.4961
-30.4626
-30.414
-30.3441
-30.2467
-30.1229
-29.9869
-29.865
-29.7891
-29.7873
-29.8778
-30.0661
-30.3461
-30.7022
-31.1137
-31.5599
-32.0213
-32.4783
-32.9099
-33.2963
-33.6215
-33.8751
-34.0529
-34.156
-34.1891
-34.1597
-34.0766
-33.9488
-33.7856
-33.5958
-33.3873
-33.1677
-32.9432
-32.7198
-32.5021
-32.2942
-32.0994
-31.9201
-31.7582
-31.6148
-31.4905
-31.3853
-31.2989
-31.2305
-31.1789
-31.1428
-31.1206
-31.1105
-31.1109
-31.1199
-31.1357
-31.1564
-31.1803
-31.2058
-31.2312
-31.255
-31.2757
-31.292
-31.3022
-31.305
-31.299
-31.2827
-31.2552
-31.2151
-31.1595
-31.0832
-30.9788
-30.8436
-30.6871
-30.5329
-30.4142
-30.364
-30.4074
-30.557
-30.8122
-31.1613
-31.5846
-32.0598
-32.5654
-33.0809
-33.5849
-34.0554
-34.4725
-34.8213
-35.0933
-35.2858
-35.4009
-35.4443
-35.4234
-35.347
-35.224
-35.0634
-34.8735
-34.6623
-34.4368
-34.2036
-33.9684
-33.7361
-33.5109
-33.2964
-33.0955
-32.9104
-32.7427
-32.5934
-32.4631
-32.3518
-32.2592
-32.1845
-32.1266
-32.0843
-32.056
-32.0402
-32.0349
-32.0384
-32.0487
-32.0642
-32.0828
-32.1028
-32.1224
-32.1399
-32.1535
-32.1615
-32.1621
-32.1535
-32.1338
-32.1014
-32.0549
-31.9926
-31.9106
-31.802
-31.6594
-31.4831
-31.2881
-31.1046
-30.9702
-30.9202
-30.9794
-31.1586
-31.4547
-31.8537
-32.3336
-32.8706
-33.442
-34.0253
-34.597
-35.1331
-35.6124
-36.0195
-36.3455
-36.5875
-36.7476
-36.8313
-36.846
-36.8
-36.7022
-36.5612
-36.3855
-36.1827
-35.96
-35.724
-35.4806
-35.235
-34.9919
-34.7551
-34.5282
-34.3138
-34.1143
-33.9314
-33.7662
-33.6195
-33.4916
-33.3823
-33.2912
-33.2175
-33.16
-33.1176
-33.0885
-33.0713
-33.0642
-33.0653
-33.0727
-33.0847
-33.0992
-33.1144
-33.1285
-33.1394
-33.1453
-33.1441
-33.1336
-33.1117
-33.0759
-33.0241
-32.9546
-32.8649
-32.75
-32.6015
-32.4117
-32.1836
-31.9373
-31.7092
-31.542
-31.474
-31.5314
-31.7245
-32.0491
-32.4892
-33.0214
-33.6203
-34.2619
-34.9215
-35.573
-36.19
-36.7493
-37.234
-37.634
-37.946
-38.1714
-38.3152
-38.3846
-38.3875
-38.3326
-38.2283
-38.0827
-37.9035
-37.6979
-37.4724
-37.2329
-36.9849
-36.7332
-36.4821
-36.2355
-35.9966
-35.7682
-35.5527
-35.3519
-35.1674
-35.0001
-34.8507
-34.7194
-34.6061
-34.5104
-34.4316
-34.3688
-34.3207
-34.286
-34.2632
-34.2507
-34.2467
-34.2496
-34.2574
-34.2684
-34.2807
-34.2925
-34.3018
-34.3067
-34.3051
-34.2947
-34.2732
-34.2378
-34.1856
-34.1136
-34.0192
-33.8994
-33.7485
-33.5563
-33.3134
-33.0224
-32.7062
-32.406
-32.171
-32.0455
-32.0603
-32.2288
-32.5482
-33.0028
-33.5684
-34.2184
-34.927
-35.6677
-36.4116
-37.1288
-37.7928
-38.3834
-38.8881
-39.3014
-39.6234
-39.8582
-40.012
-40.0926
-40.1082
-40.0668
-39.9766
-39.8451
-39.6794
-39.4861
-39.2711
-39.0399
-38.7976
-38.5486
-38.2971
-38.0467
-37.8005
-37.5614
-37.3319
-37.1139
-36.9094
-36.7195
-36.5453
-36.3876
-36.2468
-36.1229
-36.0158
-35.925
-35.8499
-35.7896
-35.7431
-35.7091
-35.6864
-35.6736
-35.669
-35.6712
-35.6786
-35.6896
-35.7026
-35.7159
-35.7279
-35.737
-35.7413
-35.7391
-35.7284
-35.7067
-35.6715
-35.6196
-35.5474
-35.4506
-35.3253
-35.1671
-34.9681
-34.7154
-34.3971
-34.0164
-33.6007
-33.1992
-32.8691
-32.6622
-32.6141
-32.7411
-33.0416
-33.5
-34.0916
-34.7889
-35.5648
-36.3904
-37.2333
-38.0594
-38.8383
-39.5462
-40.168
-40.6962
-41.1295
-41.471
-41.7263
-41.9023
-42.0071
-42.0484
-42.0341
-41.9717
-41.868
-41.7296
-41.5626
-41.3722
-41.1636
-40.9413
-40.7094
-40.4716
-40.2312
-39.9913
-39.7546
-39.5234
-39.2998
-39.0857
-38.8825
-38.6915
-38.5139
-38.3504
-38.2015
-38.0676
-37.9488
-37.845
-37.7559
-37.681
-37.6198
-37.5714
-37.535
-37.5095
-37.4939
-37.487
-37.4877
-37.4947
-37.5069
-37.5229
-37.5415
-37.5617
-37.5822
-37.6019
-37.6196
-37.6344
-37.6449
-37.6502
-37.6488
-37.6395
-37.6207
-37.5903
-37.5459
-37.4843
-37.4015
-37.2918
-37.1482
-36.963
-36.725
-36.417
-36.0201
-35.5297
-34.9703
-34.3956
-33.8741
-33.4716
-33.238
-33.2013
-33.3691
-33.7317
-34.267
-34.9482
-35.7475
-36.6349
-37.5752
-38.5292
-39.459
-40.3331
-41.1292
-41.834
-42.4421
-42.9533
-43.3713
-43.7021
-43.9527
-44.1306
-44.2435
-44.2989
-44.3038
-44.2649
-44.1883
-44.0799
-43.9448
-43.7877
-43.6129
-43.4243
-43.2255
-43.0196
-42.8093
-42.5974
-42.386
-42.1772
-41.9727
-41.7742
-41.5831
-41.4006
-41.2276
-41.065
-40.9136
-40.7738
-40.6461
-40.5306
-40.4275
-40.3368
-40.2581
-40.1914
-40.1361
-40.0919
-40.0582
-40.0342
-40.0194
-40.0129
-40.0141
-40.022
-40.036
-40.0552
-40.0787
-40.1059
-40.1359
-40.1681
-40.2018
-40.2363
-40.271
-40.3055
-40.3392
-40.3716
-40.4024
-40.4312
-40.4576
-40.4814
-40.5021
-40.5196
-40.5335
-40.5434
-40.5492
-40.5502
-40.5461
-40.5362
-40.5195
-40.4949
-40.4603
-40.4128
-40.3466
-40.252
-40.1132
-39.9071
-39.6036
-39.1686
-38.5736
-37.8157
-36.9329
-36.0005
-35.1107
-34.3505
-33.7869
-33.4615
-33.391
-33.5719
-33.9854
-34.6044
-35.3995
-36.3392
-37.3857
-38.4939
-39.6171
-40.7125
-41.7471
-42.6981
-43.5529
-44.3063
-44.9584
-45.5131
-45.9761
-46.3544
-46.6554
-46.8867
-47.0558
-47.1696
-47.2351
-47.2582
-47.2449
-47.2003
-47.1293
-47.0361
-46.9247
-46.7987
-46.6611
-46.5148
-46.3622
-46.2057
-46.0471
-45.8883
-45.7308
-45.576
-45.4249
-45.2788
-45.1384
-45.0045
-44.8778
-44.7588
-44.648
-44.5457
-44.4521
-44.3673
-44.2916
-44.2248
-44.167
-44.118
-44.0776
-44.0456
-44.0217
-44.0057
-43.9971
-43.9955
-44.0007
-44.0121
-44.0293
-44.0518
-44.0793
-44.1112
-44.1472
-44.1867
-44.2295
-44.275
-44.3229
-44.3729
-44.4246
-44.4777
-44.5319
-44.587
-44.6426
-44.6987
-44.7549
-44.8112
-44.8674
-44.9234
-44.979
-45.0342
-45.089
-45.1432
-45.1968
-45.2498
-45.3022
-45.3539
-45.4051
-45.4556
-45.5055
-45.5549
-45.6037
-45.652
-45.6998
-45.7472
-45.7941
-45.8407
-45.8869
-45.9328
-45.9784
-46.0238
-46.069
-46.114
-46.1588
-46.2035
-46.248
-46.2925
-46.3368
-46.3811
-46.4252
-46.4693
-46.5133
-46.5571
-46.6007
-46.6441
-46.6873
-46.73
-46.7722
-46.8135
-46.8534
-46.8907
-46.9229
-46.9455
-46.9509
-46.927
-46.8541
-46.7019
-46.4263
-45.97
-45.2677
-44.2586
-42.9201
-41.2996
-39.5082
-37.6874
-35.9759
-34.4888
-33.3083
-32.4833
-32.0327
-31.9516
-32.2161
-32.7907
-33.6405
-34.7307
-36.0179
-37.4466
-38.9534
-40.4762
-41.9621
-43.3717
-44.6794
-45.8711
-46.9412
-47.8903
-48.7225
-49.4446
-50.0645
-50.591
-51.0329
-51.3991
-51.6978
-51.9369
-52.1239
-52.2654
-52.3677
-52.4363
-52.4762
-52.492
-52.4878
-52.467
-52.433
-52.3885
-52.3361
-52.2778
-52.2156
-52.1513
-52.0861
-52.0213
-51.9581
-51.8973
-51.8397
-51.786
-51.7366
-51.6921
-51.6527
-51.6188
-51.5905
-51.568
-51.5514
-51.5406
-51.5358
-51.5368
-51.5435
-51.556
-51.574
-51.5974
-51.6261
-51.6598
-51.6983
-51.7416
-51.7893
-51.8412
-51.8972
-51.9571
-52.0206
-52.0874
-52.1575
-52.2307
-52.3066
-52.3852
-52.4662
-52.5496
-52.6351
-52.7225
-52.8119
-52.9029
-52.9955
-53.0895
-53.1849
-53.2816
-53.3794
-53.4783
-53.5782
-53.679
-53.7807
-53.8832
-53.9865
-54.0904
-54.195
-54.3003
-54.4062
-54.5126
-54.6196
-54.7271
-54.8351
-54.9436
-55.0526
-55.162
-55.2719
-55.3823
-55.4931
-55.6043
-55.716
-55.8281
-55.9406
-56.0535
-56.1669
-56.2807
-56.3949
-56.5095
-56.6245
-56.74
-56.8559
-56.9721
-57.0888
-57.2059
-57.3235
-57.4414
-57.5597
-57.6784
-57.7975
-57.9171
-58.037
-58.1573
-58.278
-58.399
-58.5205
-58.6423
-58.7645
-58.887
-59.0099
-59.1332
-59.2568
-59.3807
-59.505
-59.6296
-59.7546
-59.8798
-60.0053
-60.1312
-60.2573
-60.3838
-60.5105
-60.6374
-60.7647
-60.8922
-61.0199
-61.1479
-61.2761
-61.4045
-61.5331
-61.662
-61.791
-61.9202
-62.0496
-62.1792
-62.3089
-62.4388
-62.5688
-62.699
-62.8292
-62.9596
-63.0901
-63.2207
-63.3513
-63.482
-63.6128
-63.7437
-63.8746
-64.0055
-64.1364
-64.2674
-64.3983
-64.5293
-64.6602
-64.7911
-64.922
-65.0528
-65.1836
-65.3143
-65.445
-65.5755
-65.706
-65.8364
-65.9666
-66.0967
-66.2267
-66.3565
-66.4862
-66.6158
-66.7451
-66.8743
-67.0033
-67.132
-67.2606
-67.3889
-67.517
-67.6449
-67.7725
-67.8998
-68.0269
-68.1537
-68.2801
-68.4063
-68.5322
-68.6577
-68.7829
-68.9078
-69.0323
-69.1565
-69.2802
-69.4036
-69.5266
-69.6492
-69.7714
-69.8932
-70.0145
-70.1354
-70.2558
-70.3758
-70.4953
-70.6144
-70.7329
-70.851
-70.9685
-71.0856
-71.2021
-71.3181
-71.4335
-71.5485
-71.6628
-71.7766
-71.8898
-72.0025
-72.1146
-72.2261
-72.3369
-72.4472
-72.5569
-72.666
-72.7744
-72.8822
-72.9894
-73.0959
-73.2018
-73.307
-73.4116
-73.5155
-73.6188
-73.7214
-73.8233
-73.9245
-74.025
-74.1249
-74.2241
-74.3225
-74.4203
-74.5174
-74.6138
-74.7095
-74.8044
-74.8987
-74.9923
-75.0851
-75.1772
-75.2687
-75.3594
-75.4494
-75.5386
-75.6272
-75.715
-75.8022
-75.8886
-75.9742
-76.0592
-76.1435
-76.227
-76.3099
-76.392
-76.4734
-76.5541
-76.6341
-76.7134
-76.792
-76.8699
-76.9471
-77.0236
-77.0994
-77.1745
-77.2489
-77.3226
-77.3957
-77.468
-77.5397
-77.6107
-77.6811
-77.7508
-77.8198
-77.8882
-77.9559
-78.0229
-78.0894
-78.1551
-78.2203
-78.2847
-78.3486
-78.4118
-78.4745
-78.5365
-78.5978
-78.6586
-78.7188
-78.7783
-78.8373
-78.8957
-78.9535
-79.0107
-79.0673
-79.1234
-79.1789
-79.2338
-79.2882
-79.342
-79.3953
-79.448
-79.5002
-79.5518
-79.6029
-79.6535
-79.7036
-79.7532
-79.8022
-79.8507
-79.8988
-79.9463
-79.9933
-80.0399
-80.086
-80.1316
-80.1767
-80.2213
-80.2655
-80.3092
-80.3525
-80.3953
-80.4376
-80.4795
-80.521
-80.5621
-80.6027
-80.6428
-80.6826
-80.7219
-80.7609
-80.7994
-80.8375
-80.8752
-80.9125
-80.9494
-80.9859
-81.0221
-81.0578
-81.0932
-81.1282
-81.1628
-81.1971
-81.231
-81.2645
-81.2977
-81.3305
-81.363
-81.3952
-81.4269
-81.4584
-81.4895
-81.5203
-81.5507
-81.5809
-81.6107
-81.6402
-81.6693
-81.6982
-81.7268
-81.755
-81.7829
-81.8106
-81.8379
-81.865
-81.8917
-81.9182
-81.9444
-81.9703
-81.9959
-82.0212
-82.0463
-82.0711
-82.0956
-82.1199
-82.1439
-82.1676
-82.1911
-82.2143
-82.2372
-82.26
-82.2824
-82.3046
-82.3266
-82.3483
-82.3698
-82.3911
-82.4121
-82.4329
-82.4535
-82.4738
-82.4939
-82.5138
-82.5334
-82.5529
-82.5721
-82.5911
-82.6099
-82.6285
-82.6469
-82.6651
-82.683
-82.7008
-82.7184
-82.7357
-82.7529
-82.7699
-82.7867
-82.8033
-82.8197
-82.8359
-82.8519
-82.8678
-82.8834
-82.8989
-82.9142
-82.9293
-82.9443
-82.9591
-82.9737
-82.9881
-83.0024
-83.0165
-83.0305
-83.0442
-83.0578
-83.0713
-83.0846
-83.0977
-83.1107
-83.1235
-83.1362

