-88
-87.9148
-87.8299
-87.7453
-87.6611
-87.5772
-87.4937
-87.4106
-87.328
-87.2458
-87.1642
-87.0832
-87.0029
-86.9233
-86.8445
-86.7666
-86.6895
-86.6134
-86.5383
-86.4642
-86.3911
-86.3191
-86.2481
-86.1782
-86.1093
-86.0415
-85.9747
-85.909
-85.8442
-85.7805
-85.7178
-85.656
-85.5952
-85.5353
-85.4763
-85.4182
-85.361
-85.3046
-85.2491
-85.1944
-85.1404
-85.0872
-85.0348
-84.9831
-84.9321
-84.8818
-84.8322
-84.7833
-84.7349
-84.6873
-84.6402
-84.5937
-84.5479
-84.5026
-84.4578
-84.4136
-84.37
-84.3268
-84.2842
-84.2421
-84.2005
-84.1593
-84.1186
-84.0784
-84.0386
-83.9993
-83.9604
-83.922
-83.8839
-83.8463
-83.8091
-83.7723
-83.7358
-83.6998
-83.6641
-83.6288
-83.5938
-83.5592
-83.525
-83.4911
-83.4575
-83.4243
-83.3914
-83.3588
-83.3266
-83.2947
-83.263
-83.2317
-83.2007
-83.17
-83.1396
-83.1094
-83.0796
-83.05
-83.0207
-82.9917
-82.9629
-82.9344
-82.9062
-82.8782
-82.8505
-82.823
-82.7958
-82.7688
-82.7421
-82.7156
-82.6893
-82.6633
-82.6375
-82.612
-82.5866
-82.5615
-82.5366
-82.5119
-82.4874
-82.4632
-82.4391
-82.4153
-82.3916
-82.3682
-82.3449
-82.3219
-82.299
-82.2764
-82.2539
-82.2316
-82.2095
-82.1876
-82.1659
-82.1443
-82.123
-82.1018
-82.0807
-82.0599
-82.0392
-82.0187
-81.9983
-81.9781
-81.9581
-81.9382
-81.9185
-81.899
-81.8796
-81.8604
-81.8413
-81.8223
-81.8035
-81.7849
-81.7664
-81.748
-81.7298
-81.7118
-81.6938
-81.676
-81.6584
-81.6409
-81.6235
-81.6062
-81.5891
-81.5721
-81.5552
-81.5385
-81.5219
-81.5054
-81.489
-81.4728
-81.4567
-81.4407
-81.4248
-81.409
-81.3934
-81.3778
-81.3624
-81.3471
-81.3319
-81.3168
-81.3018
-81.2869
-81.2721
-81.2575
-81.2429
-81.2285
-81.2141
-81.1999
-81.1857
-81.1716
-81.1577
-81.1438
-81.1301
-81.1164
-81.1028
-81.0894
-81.076
-81.0627
-81.0495
-81.0364
-81.0233
-81.0104
-80.9976
-80.9848
-80.9721
-80.9595
-80.947
-80.9346
-80.9223
-80.91
-80.8977
-80.8854
-80.8731
-80.8606
-80.848
-80.8351
-80.8219
-80.8082
-80.7941
-80.7795
-80.7642
-80.7483
-80.7317
-80.7143
-80.6962
-80.6772
-80.6575
-80.6368
-80.6154
-80.5931
-80.5699
-80.5459
-80.5211
-80.4955
-80.4691
-80.4419
-80.4139
-80.3852
-80.3557
-80.3256
-80.2948
-80.2633
-80.2312
-80.1984
-80.1651
-80.1312
-80.0968
-80.0618
-80.0263
-79.9904
-79.9539
-79.9171
-79.8798
-79.842
-79.8039
-79.7654
-79.7266
-79.6874
-79.6479
-79.608
-79.5679
-79.5275
-79.4868
-79.4458
-79.4046
-79.3632
-79.3215
-79.2796
-79.2375
-79.1952
-79.1528
-79.1101
-79.0673
-79.0243
-78.9812
-78.9379
-78.8945
-78.851
-78.8073
-78.7636
-78.7197
-78.6757
-78.6316
-78.5874
-78.5432
-78.4988
-78.4544
-78.4099
-78.3654
-78.3208
-78.2761
-78.2313
-78.1865
-78.1417
-78.0968
-78.0519
-78.007
-77.962
-77.9169
-77.8719
-77.8268
-77.7817
-77.7366
-77.6914
-77.6463
-77.6011
-77.5559
-77.5107
-77.4655
-77.4203
-77.3751
-77.3299
-77.2846
-77.2394
-77.1942
-77.149
-77.1038
-77.0585
-77.0133
-76.9681
-76.9229
-76.8778
-76.8326
-76.7874
-76.7423
-76.6971
-76.652
-76.6069
-76.5618
-76.5167
-76.4716
-76.4265
-76.3815
-76.3365
-76.2915
-76.2465
-76.2015
-76.1565
-76.1116
-76.0666
-76.0217
-75.9768
-75.9319
-75.8871
-75.8422
-75.7974
-75.7526
-75.7078
-75.663
-75.6183
-75.5735
-75.5288
-75.4841
-75.4394
-75.3947
-75.35
-75.3054
-75.2607
-75.2161
-75.1715
-75.1269
-75.0823
-75.0377
-74.9932
-74.9486
-74.904
-74.8595
-74.815
-74.7704
-74.7259
-74.6814
-74.6369
-74.5924
-74.5479
-74.5034
-74.4589
-74.4144
-74.3699
-74.3254
-74.2809
-74.2364
-74.1919
-74.1474
-74.1029
-74.0584
-74.0138
-73.9693
-73.9248
-73.8802
-73.8356
-73.7911
-73.7465
-73.7018
-73.6572
-73.6126
-73.5679
-73.5232
-73.4785
-73.4338
-73.389
-73.3442
-73.2994
-73.2546
-73.2097
-73.1648
-73.1199
-73.0749
-73.0299
-72.9849
-72.9398
-72.8947
-72.8495
-72.8043
-72.7591
-72.7138
-72.6684
-72.623
-72.5776
-72.5321
-72.4865
-72.4409
-72.3952
-72.3495
-72.3037
-72.2578
-72.2119
-72.1659
-72.1198
-72.0736
-72.0274
-71.9811
-71.9347
-71.8883
-71.8417
-71.7951
-71.7484
-71.7016
-71.6547
-71.6077
-71.5606
-71.5134
-71.4661
-71.4188
-71.3713
-71.3236
-71.2759
-71.2281
-71.1801
-71.1321
-71.0839
-71.0356
-70.9871
-70.9386
-70.8899
-70.841
-70.792
-70.7429
-70.6937
-70.6442
-70.5947
-70.545
-70.4951
-70.4451
-70.3949
-70.3445
-70.294
-70.2433
-70.1924
-70.1413
-70.0901
-70.0386
-69.987
-69.9352
-69.8832
-69.8309
-69.7785
-69.7259
-69.673
-69.6199
-69.5666
-69.5131
-69.4594
-69.4054
-69.3511
-69.2967
-69.2419
-69.1869
-69.1317
-69.0762
-69.0204
-68.9644
-68.908
-68.8514
-68.7945
-68.7373
-68.6798
-68.622
-68.5639
-68.5054
-68.4467
-68.3876
-68.3281
-68.2684
-68.2082
-68.1477
-68.0869
-68.0257
-67.9641
-67.9021
-67.8397
-67.777
-67.7138
-67.6502
-67.5862
-67.5217
-67.4568
-67.3915
-67.3257
-67.2594
-67.1927
-67.1255
-67.0578
-66.9895
-66.9208
-66.8516
-66.7818
-66.7114
-66.6405
-66.5691
-66.497
-66.4244
-66.3512
-66.2773
-66.2028
-66.1277
-66.0519
-65.9755
-65.8983
-65.8205
-65.742
-65.6627
-65.5827
-65.5019
-65.4203
-65.338
-65.2548
-65.1708
-65.0859
-65.0002
-64.9136
-64.826
-64.7376
-64.6481
-64.5577
-64.4663
-64.3739
-64.2804
-64.1858
-64.0901
-63.9933
-63.8953
-63.7961
-63.6957
-63.594
-63.491
-63.3867
-63.281
-63.1739
-63.0654
-62.9553
-62.8437
-62.7305
-62.6157
-62.4993
-62.381
-62.261
-62.1392
-62.0155
-61.8898
-61.7621
-61.6323
-61.5003
-61.3661
-61.2297
-61.0908
-60.9494
-60.8055
-60.659
-60.5097
-60.3575
-60.2023
-60.0441
-59.8826
-59.7178
-59.5495
-59.3776
-59.2018
-59.0221
-58.8382
-58.6499
-58.4571
-58.2595
-58.0568
-57.8489
-57.6353
-57.4158
-57.1901
-56.9577
-56.7183
-56.4715
-56.2167
-55.9534
-55.681
-55.3989
-55.1063
-54.8024
-54.4864
-54.1571
-53.8134
-53.454
-53.0774
-52.6818
-52.2652
-51.8255
-51.3597
-50.8649
-50.3373
-49.7726
-49.1657
-48.5104
-47.7998
-47.0255
-46.1779
-45.2462
-44.2187
-43.0833
-41.8283
-40.4437
-38.9222
-37.2608
-35.4614
-33.5313
-31.4833
-29.3344
-27.1051
-24.8282
-22.5686
-20.4208
-18.4982
-16.916
-15.775
-15.1503
-15.0857
-15.5911
-16.6393
-18.1658
-20.0701
-22.2214
-24.463
-26.6274
-28.5698
-30.2727
-31.7394
-32.9781
-33.9982
-34.8112
-35.4306
-35.8724
-36.1535
-36.2918
-36.3051
-36.2106
-36.0249
-35.7634
-35.4403
-35.0691
-34.662
-34.2303
-33.7844
-33.3335
-32.8862
-32.4496
-32.0301
-31.6329
-31.2624
-30.9217
-30.6129
-30.3375
-30.0958
-29.8875
-29.7115
-29.5664
-29.45
-29.3599
-29.2935
-29.2477
-29.2195
-29.2057
-29.2036
-29.2112
-29.2273
-29.2521
-29.2862
-29.3307
-29.3866
-29.4539
-29.5319
-29.6184
-29.7104
-29.8044
-29.8965
-29.9828
-30.0601
-30.1255
-30.1769
-30.2131
-30.2337
-30.2391
-30.2302
-30.2089
-30.177
-30.1371
-30.0913
-30.0422
-29.992
-29.9427
-29.896
-29.8534
-29.816
-29.7847
-29.7599
-29.742
-29.7309
-29.7263
-29.728
-29.7352
-29.7475
-29.7641
-29.7842
-29.8071
-29.832
-29.8583
-29.8853
-29.9125
-29.9393
-29.9654
-29.9903
-30.014
-30.0361
-30.0565
-30.0753
-30.0924
-30.1079
-30.1218
-30.1343
-30.1454
-30.1553
-30.1641
-30.1719
-30.1789
-30.185
-30.1904
-30.195
-30.1988
-30.2018
-30.2042
-30.2066
-30.2097
-30.2147
-30.2226
-30.2346
-30.2513
-30.2729
-30.2991
-30.3294
-30.3625
-30.3972
-30.4321
-30.4656
-30.4964
-30.5232
-30.5451
-30.5615
-30.572
-30.5769
-30.5765
-30.5716
-30.563
-30.5518
-30.539
-30.5257
-30.5128
-30.5012
-30.4917
-30.4848
-30.481
-30.4806
-30.4836
-30.49
-30.4998
-30.5127
-30.5283
-30.5465
-30.5666
-30.5884
-30.6114
-30.6353
-30.6595
-30.6838
-30.7079
-30.7315
-30.7543
-30.7762
-30.7971
-30.8168
-30.8353
-30.8525
-30.8686
-30.8834
-30.8971
-30.9097
-30.9212
-30.9317
-30.9412
-30.9497
-30.9571
-30.9636
-30.9695
-30.9754
-30.9821
-30.9908
-31.0026
-31.0182
-31.0384
-31.0632
-31.0923
-31.125
-31.1603
-31.1969
-31.2335
-31.2685
-31.3006
-31.3287
-31.3518
-31.3694
-31.3813
-31.3875
-31.3885
-31.3849
-31.3777
-31.3677
-31.356
-31.3436
-31.3315
-31.3204
-31.3112
-31.3044
-31.3006
-31.2999
-31.3026
-31.3086
-31.3181
-31.3307
-31.3462
-31.3642
-31.3846
-31.4067
-31.4303
-31.4549
-31.4801
-31.5056
-31.5311
-31.5562
-31.5807
-31.6044
-31.6271
-31.6487
-31.669
-31.6882
-31.706
-31.7225
-31.7377
-31.7517
-31.7644
-31.7759
-31.7862
-31.7952
-31.803
-31.8095
-31.8152
-31.8209
-31.8274
-31.8362
-31.8483
-31.8648
-31.8865
-31.9135
-31.9455
-31.9819
-32.0216
-32.0631
-32.105
-32.1457
-32.1837
-32.2174
-32.246
-32.2685
-32.2847
-32.2944
-32.298
-32.2961
-32.2895
-32.2791
-32.266
-32.2514
-32.2361
-32.2212
-32.2076
-32.196
-32.1871
-32.1812
-32.1788
-32.18
-32.1848
-32.1933
-32.2052
-32.2204
-32.2384
-32.2589
-32.2816
-32.306
-32.3317
-32.3583
-32.3854
-32.4126
-32.4396
-32.4661
-32.4919
-32.5166
-32.5402
-32.5625
-32.5834
-32.6029
-32.6208
-32.6372
-32.6521
-32.6654
-32.6771
-32.6872
-32.6956
-32.7023
-32.7076
-32.7122
-32.717
-32.7236
-32.7333
-32.7475
-32.7674
-32.7935
-32.826
-32.8644
-32.9078
-32.9549
-33.0041
-33.0536
-33.1015
-33.1462
-33.1861
-33.2199
-33.2467
-33.2662
-33.2782
-33.2831
-33.2814
-33.274
-33.2619
-33.2461
-33.2279
-33.2083
-33.1885
-33.1694
-33.152
-33.1369
-33.1249
-33.1163
-33.1115
-33.1107
-33.1139
-33.1211
-33.1322
-33.1468
-33.1646
-33.1854
-33.2086
-33.2339
-33.2608
-33.2888
-33.3176
-33.3467
-33.3758
-33.4045
-33.4324
-33.4595
-33.4853
-33.5098
-33.5327
-33.5539
-33.5734
-33.5911
-33.6068
-33.6206
-33.6324
-33.642
-33.6494
-33.6545
-33.658
-33.6605
-33.6635
-33.6687
-33.6777
-33.6924
-33.714
-33.7433
-33.7804
-33.8249
-33.8757
-33.9315
-33.9903
-34.0502
-34.1089
-34.1645
-34.215
-34.2588
-34.295
-34.3227
-34.3417
-34.3522
-34.3546
-34.3496
-34.3383
-34.3218
-34.3013
-34.2779
-34.253
-34.2277
-34.203
-34.1798
-34.1591
-34.1415
-34.1274
-34.1174
-34.1117
-34.1104
-34.1134
-34.1208
-34.1322
-34.1475
-34.1663
-34.1881
-34.2127
-34.2394
-34.2678
-34.2976
-34.3282
-34.3592
-34.3902
-34.4208
-34.4508
-34.4797
-34.5074
-34.5336
-34.5581
-34.5807
-34.6013
-34.6197
-34.6358
-34.6495
-34.6606
-34.6689
-34.6743
-34.6769
-34.6771
-34.6762
-34.6757
-34.6777
-34.6843
-34.6978
-34.7196
-34.7509
-34.7919
-34.8424
-34.9013
-34.967
-35.0374
-35.1103
-35.1831
-35.2534
-35.3188
-35.3776
-35.428
-35.4691
-35.5003
-35.5214
-35.5327
-35.5349
-35.5287
-35.5152
-35.4957
-35.4714
-35.4436
-35.4136
-35.3825
-35.3516
-35.3218
-35.2941
-35.2692
-35.2477
-35.2303
-35.2172
-35.2087
-35.2048
-35.2057
-35.2112
-35.2211
-35.2352
-35.2531
-35.2744
-35.2987
-35.3256
-35.3545
-35.3851
-35.4169
-35.4494
-35.4822
-35.5149
-35.5472
-35.5786
-35.6089
-35.6379
-35.6652
-35.6906
-35.7138
-35.7348
-35.7532
-35.769
-35.7818
-35.7913
-35.7974
-35.7996
-35.7981
-35.7933
-35.7865
-35.7796
-35.775
-35.7755
-35.7837
-35.8017
-35.8312
-35.873
-35.927
-35.9923
-36.0675
-36.1504
-36.2384
-36.3286
-36.4182
-36.5043
-36.5844
-36.6564
-36.7188
-36.7703
-36.8105
-36.8392
-36.8567
-36.8636
-36.8608
-36.8493
-36.8305
-36.8055
-36.7757
-36.7424
-36.7068
-36.6703
-36.6338
-36.5985
-36.5652
-36.5346
-36.5075
-36.4844
-36.4657
-36.4516
-36.4424
-36.4381
-36.4386
-36.4438
-36.4536
-36.4676
-36.4856
-36.5071
-36.5317
-36.5591
-36.5887
-36.6202
-36.653
-36.6868
-36.7211
-36.7555
-36.7897
-36.8234
-36.8561
-36.8877
-36.9179
-36.9463
-36.9729
-36.9973
-37.0193
-37.0387
-37.0552
-37.0685
-37.0782
-37.084
-37.0851
-37.0813
-37.0724
-37.0589
-37.042
-37.0242
-37.0084
-36.9979
-36.9961
-37.006
-37.0298
-37.0689
-37.1239
-37.1941
-37.2782
-37.3741
-37.4789
-37.5894
-37.7021
-37.8137
-37.921
-38.0212
-38.1121
-38.192
-38.2597
-38.3147
-38.3567
-38.386
-38.4033
-38.4094
-38.4053
-38.3922
-38.3713
-38.344
-38.3116
-38.2753
-38.2364
-38.196
-38.1553
-38.1153
-38.0768
-38.0406
-38.0074
-37.9777
-37.9521
-37.9309
-37.9144
-37.9026
-37.8957
-37.8936
-37.8963
-37.9035
-37.9151
-37.9308
-37.9502
-37.973
-37.9988
-38.0272
-38.0579
-38.0904
-38.1244
-38.1593
-38.195
-38.231
-38.267
-38.3027
-38.3379
-38.3722
-38.4055
-38.4376
-38.4682
-38.4973
-38.5246
-38.55
-38.5734
-38.5947
-38.6135
-38.6296
-38.6428
-38.6526
-38.6583
-38.6594
-38.6547
-38.6434
-38.6246
-38.5985
-38.5661
-38.5295
-38.4923
-38.4583
-38.4322
-38.4182
-38.4199
-38.4401
-38.4806
-38.5418
-38.6233
-38.7235
-38.8396
-38.9683
-39.1058
-39.2479
-39.3906
-39.5301
-39.6631
-39.7869
-39.8993
-39.999
-40.0848
-40.1564
-40.2138
-40.2574
-40.2879
-40.306
-40.3128
-40.3096
-40.2975
-40.2777
-40.2515
-40.2201
-40.1848
-40.1466
-40.1066
-40.0658
-40.0251
-39.9853
-39.9472
-39.9115
-39.8786
-39.849
-39.8232
-39.8014
-39.7838
-39.7707
-39.762
-39.7579
-39.7581
-39.7627
-39.7714
-39.7841
-39.8006
-39.8205
-39.8436
-39.8695
-39.8981
-39.9289
-39.9616
-39.9959
-40.0316
-40.0682
-40.1056
-40.1434
-40.1814
-40.2194
-40.2572
-40.2945
-40.3313
-40.3674
-40.4026
-40.4369
-40.4702
-40.5024
-40.5335
-40.5635
-40.5922
-40.6197
-40.646
-40.6712
-40.6951
-40.7178
-40.7392
-40.7595
-40.7784
-40.796
-40.812
-40.8261
-40.8377
-40.8461
-40.8497
-40.8468
-40.835
-40.8119
-40.7754
-40.7245
-40.6599
-40.5841
-40.5012
-40.417
-40.3377
-40.27
-40.2198
-40.1925
-40.1918
-40.2203
-40.279
-40.3675
-40.4838
-40.6245
-40.7855
-40.9617
-41.1479
-41.339
-41.5301
-41.7168
-41.8957
-42.0637
-42.2188
-42.3594
-42.4846
-42.5941
-42.6878
-42.7662
-42.8299
-42.8797
-42.9166
-42.9418
-42.9562
-42.9612
-42.9579
-42.9474
-42.9309
-42.9095
-42.884
-42.8556
-42.8252
-42.7934
-42.7612
-42.7292
-42.6981
-42.6683
-42.6404
-42.6148
-42.5919
-42.5719
-42.5552
-42.5418
-42.532
-42.5259
-42.5233
-42.5245
-42.5293
-42.5376
-42.5494
-42.5646
-42.5829
-42.6042
-42.6284
-42.6552
-42.6844
-42.7159
-42.7494
-42.7847
-42.8215
-42.8598
-42.8993
-42.9398
-42.9811
-43.023
-43.0655
-43.1083
-43.1513
-43.1944
-43.2374
-43.2804
-43.3232
-43.3656
-43.4078
-43.4495
-43.4908
-43.5317
-43.572
-43.6119
-43.6512
-43.69
-43.7284
-43.7662
-43.8035
-43.8404
-43.8768
-43.9129
-43.9485
-43.9838
-44.0187
-44.0533
-44.0877
-44.1219
-44.1558
-44.1896
-44.2233
-44.2568
-44.2903
-44.3237
-44.3571
-44.3905
-44.4239
-44.4574
-44.4909
-44.5245
-44.5582
-44.592
-44.626
-44.6601
-44.6943
-44.7287
-44.7632
-44.7979
-44.8327
-44.8676
-44.9027
-44.9378
-44.9729
-45.0079
-45.0424
-45.0759
-45.1077
-45.1364
-45.16
-45.1754
-45.1784
-45.1638
-45.1257
-45.0583
-44.9576
-44.8219
-44.6527
-44.4547
-44.2356
-44.0054
-43.7754
-43.5573
-43.3623
-43.2007
-43.0809
-43.0095
-42.9907
-43.0264
-43.116
-43.2563
-43.4419
-43.666
-43.9204
-44.1968
-44.4869
-44.7832
-45.079
-45.369
-45.6486
-45.9145
-46.1644
-46.3968
-46.6107
-46.8059
-46.9826
-47.1412
-47.2826
-47.4077
-47.5175
-47.6131
-47.6959
-47.7669
-47.8273
-47.8783
-47.921
-47.9564
-47.9856
-48.0094
-48.0288
-48.0445
-48.0574
-48.068
-48.0771
-48.0851
-48.0926
-48.1
-48.1078
-48.1162
-48.1257
-48.1364
-48.1487
-48.1627
-48.1785
-48.1963
-48.2163
-48.2384
-48.2627
-48.2893
-48.3182
-48.3493
-48.3827
-48.4183
-48.4561
-48.4961
-48.5381
-48.5821
-48.628
-48.6758
-48.7253
-48.7766
-48.8295
-48.8839
-48.9397
-48.9969
-49.0554
-49.1151
-49.176
-49.2379
-49.3008
-49.3646
-49.4294
-49.4949
-49.5612
-49.6282
-49.6959
-49.7642
-49.833
-49.9025
-49.9724
-50.0428
-50.1137
-50.185
-50.2567
-50.3288
-50.4013
-50.4742
-50.5474
-50.621
-50.6949
-50.7692
-50.8437
-50.9186
-50.9939
-51.0695
-51.1454
-51.2216
-51.2981
-51.375
-51.4523
-51.5299
-51.6078
-51.6861
-51.7647
-51.8437
-51.9231
-52.0029
-52.083
-52.1635
-52.2444
-52.3257
-52.4074
-52.4895
-52.5721
-52.655
-52.7384
-52.8222
-52.9064
-52.991
-53.0761
-53.1616
-53.2476
-53.334
-53.4209
-53.5082
-53.596
-53.6842
-53.7729
-53.8621
-53.9517
-54.0418
-54.1323
-54.2234
-54.3148
-54.4068
-54.4992
-54.5921
-54.6854
-54.7792
-54.8735
-54.9682
-55.0634
-55.1591
-55.2553
-55.3519
-55.4489
-55.5464
-55.6444
-55.7428
-55.8417
-55.9411
-56.0409
-56.1411
-56.2418
-56.3429
-56.4445
-56.5465
-56.649
-56.7519
-56.8552
-56.959
-57.0631
-57.1677
-57.2728
-57.3782
-57.4841
-57.5903
-57.697
-57.8041
-57.9115
-58.0194
-58.1277
-58.2363
-58.3454
-58.4548
-58.5646
-58.6748
-58.7853
-58.8962
-59.0075
-59.1191
-59.231
-59.3434
-59.456
-59.569
-59.6823
-59.796
-59.9099
-60.0242
-60.1388
-60.2537
-60.369
-60.4845
-60.6003
-60.7163
-60.8327
-60.9493
-61.0662
-61.1834
-61.3008
-61.4185
-61.5364
-61.6546
-61.7729
-61.8916
-62.0104
-62.1294
-62.2487
-62.3681
-62.4878
-62.6076
-62.7276
-62.8478
-62.9682
-63.0887
-63.2094
-63.3302
-63.4512
-63.5722
-63.6935
-63.8148
-63.9362
-64.0578
-64.1795
-64.3012
-64.423
-64.5449
-64.6669
-64.7889
-64.911
-65.0332
-65.1553
-65.2775
-65.3998
-65.522
-65.6443
-65.7665
-65.8888
-66.011
-66.1333
-66.2554
-66.3776
-66.4997
-66.6218
-66.7438
-66.8657
-66.9875
-67.1093
-67.231
-67.3526
-67.474
-67.5954
-67.7166
-67.8377
-67.9587
-68.0795
-68.2002
-68.3207
-68.441
-68.5611
-68.6811
-68.8008
-68.9204
-69.0397
-69.1589
-69.2778
-69.3964
-69.5148
-69.633
-69.7509
-69.8686
-69.9859
-70.103
-70.2198
-70.3363
-70.4525
-70.5683
-70.6839
-70.7991
-70.914
-71.0286
-71.1428
-71.2566
-71.3701
-71.4832
-71.5959
-71.7082
-71.8201
-71.9317
-72.0428
-72.1535
-72.2638
-72.3737
-72.4831
-72.5921
-72.7006
-72.8087
-72.9164
-73.0235
-73.1302
-73.2365
-73.3422
-73.4474
-73.5522
-73.6564
-73.7602
-73.8634
-73.9662
-74.0684
-74.17
-74.2712
-74.3718
-74.4719
-74.5714
-74.6704
-74.7689
-74.8667
-74.9641
-75.0608
-75.157
-75.2526
-75.3477
-75.4422
-75.5361
-75.6294
-75.7221
-75.8142
-75.9058
-75.9967
-76.0871
-76.1768
-76.266
-76.3546
-76.4425
-76.5298
-76.6166
-76.7027
-76.7882
-76.8731
-76.9574
-77.0411
-77.1242
-77.2066
-77.2885
-77.3697
-77.4503
-77.5302
-77.6096
-77.6884
-77.7665
-77.844
-77.9209
-77.9972
-78.0728
-78.1479
-78.2223
-78.2961
-78.3693
-78.4419
-78.5139
-78.5852
-78.656
-78.7261
-78.7957
-78.8646
-78.9329
-79.0007
-79.0678
-79.1343
-79.2003
-79.2656
-79.3304
-79.3945
-79.4581
-79.5211
-79.5835
-79.6453
-79.7065
-79.7672
-79.8273
-79.8868
-79.9457
-80.0041
-80.062
-80.1192
-80.1759
-80.2321
-80.2877
-80.3427
-80.3972
-80.4512
-80.5046
-80.5575
-80.6099
-80.6617
-80.713
-80.7638
-80.814
-80.8638
-80.913
-80.9617
-81.0099
-81.0577
-81.1049
-81.1516
-81.1978
-81.2436
-81.2888
-81.3336
-81.3779
-81.4217
-81.465
-81.5079
-81.5504
-81.5923
-81.6338
-81.6749
-81.7155
-81.7556
-81.7953
-81.8346
-81.8735
-81.9119
-81.9499
-81.9874
-82.0246
-82.0613
-82.0976
-82.1335
-82.169
-82.2041
-82.2388
-82.2731
-82.307
-82.3406
-82.3737
-82.4065
-82.4388
-82.4708
-82.5025
-82.5338
-82.5647
-82.5952
-82.6254
-82.6552
-82.6847
-82.7139

