-88
-87.915
-87.8312
-87.7495
-87.6707
-87.5959
-87.5255
-87.46
-87.3993
-87.3435
-87.2923
-87.2453
-87.2024
-87.163
-87.127
-87.0939
-87.0634
-87.0353
-87.0092
-86.9851
-86.9626
-86.9416
-86.922
-86.9035
-86.8861
-86.8697
-86.8541
-86.8392
-86.8251
-86.8116
-86.7987
-86.7862
-86.7743
-86.7628
-86.7516
-86.7409
-86.7305
-86.7203
-86.7105
-86.701
-86.6916
-86.6826
-86.6737
-86.665
-86.6566
-86.6483
-86.6402
-86.6322
-86.6244
-86.6167
-86.6092
-86.6018
-86.5945
-86.5874
-86.5803
-86.5734
-86.5666
-86.5598
-86.5532
-86.5466
-86.5401
-86.5337
-86.5274
-86.5212
-86.515
-86.5089
-86.5029
-86.4969
-86.491
-86.4851
-86.4793
-86.4736
-86.4679
-86.4622
-86.4567
-86.4511
-86.4456
-86.4402
-86.4348
-86.4294
-86.4241
-86.4188
-86.4135
-86.4083
-86.4031
-86.398
-86.3928
-86.3878
-86.3827
-86.3777
-86.3727
-86.3677
-86.3628
-86.3579
-86.353
-86.3481
-86.3433
-86.3385
-86.3337
-86.329
-86.3242
-86.3195
-86.3148
-86.3101
-86.3055
-86.3008
-86.2962
-86.2916
-86.2871
-86.2825
-86.278
-86.2734
-86.2689
-86.2644
-86.26
-86.2555
-86.2511
-86.2467
-86.2423
-86.2379
-86.2335
-86.2291
-86.2248
-86.2205
-86.2161
-86.2118
-86.2075
-86.2033
-86.199
-86.1948
-86.1905
-86.1863
-86.1821
-86.1779
-86.1737
-86.1695
-86.1654
-86.1612
-86.1571
-86.153
-86.1488
-86.1447
-86.1407
-86.1366
-86.1325
-86.1285
-86.1244
-86.1204
-86.1164
-86.1123
-86.1083
-86.1043
-86.1004
-86.0964
-86.0924
-86.0885
-86.0845
-86.0806
-86.0767
-86.0728
-86.0689
-86.065
-86.0611
-86.0573
-86.0534
-86.0496
-86.0457
-86.0419
-86.0381
-86.0343
-86.0305
-86.0267
-86.0229
-86.0191
-86.0153
-86.0116
-86.0078
-86.0041
-86.0004
-85.9967
-85.9929
-85.9892
-85.9856
-85.9819
-85.9782
-85.9745
-85.9709
-85.9672
-85.9636
-85.96
-85.9564
-85.9527
-85.9491
-85.9455
-85.942
-85.9384
-85.9348
-85.9313
-85.9277
-85.9242
-85.9206
-85.9169
-85.9123
-85.9058
-85.8965
-85.8832
-85.8654
-85.8425
-85.8144
-85.7812
-85.7429
-85.6999
-85.6524
-85.6009
-85.5458
-85.4873
-85.4258
-85.3616
-85.2951
-85.2264
-85.1559
-85.0837
-85.01
-84.9351
-84.8591
-84.7821
-84.7043
-84.6258
-84.5467
-84.467
-84.387
-84.3065
-84.2258
-84.1449
-84.0638
-83.9826
-83.9013
-83.82
-83.7387
-83.6574
-83.5762
-83.495
-83.414
-83.3332
-83.2524
-83.1719
-83.0916
-83.0114
-82.9315
-82.8519
-82.7724
-82.6932
-82.6143
-82.5357
-82.4573
-82.3792
-82.3014
-82.2239
-82.1467
-82.0699
-81.9933
-81.917
-81.8411
-81.7654
-81.6901
-81.6151
-81.5405
-81.4661
-81.3921
-81.3184
-81.2451
-81.1721
-81.0994
-81.027
-80.955
-80.8833
-80.8119
-80.7409
-80.6702
-80.5998
-80.5298
-80.46
-80.3907
-80.3216
-80.2528
-80.1844
-80.1163
-80.0485
-79.9811
-79.914
-79.8471
-79.7806
-79.7144
-79.6486
-79.583
-79.5177
-79.4528
-79.3881
-79.3238
-79.2598
-79.196
-79.1326
-79.0694
-79.0066
-78.944
-78.8818
-78.8198
-78.7581
-78.6967
-78.6356
-78.5747
-78.5142
-78.4539
-78.3939
-78.3341
-78.2747
-78.2155
-78.1565
-78.0978
-78.0394
-77.9813
-77.9234
-77.8658
-77.8084
-77.7512
-77.6944
-77.6377
-77.5813
-77.5252
-77.4693
-77.4136
-77.3582
-77.3029
-77.248
-77.1932
-77.1387
-77.0844
-77.0304
-76.9765
-76.9229
-76.8695
-76.8163
-76.7633
-76.7105
-76.6579
-76.6056
-76.5534
-76.5015
-76.4497
-76.3981
-76.3468
-76.2956
-76.2446
-76.1938
-76.1432
-76.0928
-76.0425
-75.9925
-75.9426
-75.8929
-75.8433
-75.794
-75.7448
-75.6957
-75.6469
-75.5982
-75.5496
-75.5013
-75.453
-75.405
-75.357
-75.3093
-75.2617
-75.2142
-75.1669
-75.1197
-75.0727
-75.0257
-74.979
-74.9324
-74.8859
-74.8395
-74.7932
-74.7471
-74.7011
-74.6553
-74.6095
-74.5639
-74.5184
-74.473
-74.4277
-74.3826
-74.3375
-74.2925
-74.2477
-74.2029
-74.1583
-74.1137
-74.0693
-74.0249
-73.9807
-73.9365
-73.8924
-73.8484
-73.8045
-73.7607
-73.7169
-73.6732
-73.6296
-73.5861
-73.5427
-73.4993
-73.456
-73.4128
-73.3696
-73.3265
-73.2834
-73.2404
-73.1975
-73.1546
-73.1118
-73.069
-73.0263
-72.9836
-72.941
-72.8984
-72.8559
-72.8134
-72.7709
-72.7285
-72.6861
-72.6437
-72.6013
-72.559
-72.5167
-72.4745
-72.4322
-72.39
-72.3478
-72.3056
-72.2634
-72.2213
-72.1791
-72.1369
-72.0948
-72.0526
-72.0105
-71.9683
-71.9262
-71.884
-71.8419
-71.7997
-71.7575
-71.7153
-71.673
-71.6308
-71.5885
-71.5462
-71.5039
-71.4615
-71.4192
-71.3767
-71.3343
-71.2918
-71.2493
-71.2067
-71.1641
-71.1214
-71.0787
-71.0359
-70.993
-70.9502
-70.9072
-70.8642
-70.8211
-70.7779
-70.7347
-70.6914
-70.648
-70.6046
-70.561
-70.5174
-70.4737
-70.4299
-70.386
-70.342
-70.2979
-70.2537
-70.2094
-70.165
-70.1205
-70.0758
-70.031
-69.9862
-69.9411
-69.896
-69.8507
-69.8053
-69.7598
-69.7141
-69.6682
-69.6222
-69.5761
-69.5298
-69.4833
-69.4367
-69.3899
-69.3429
-69.2958
-69.2485
-69.2009
-69.1532
-69.1053
-69.0572
-69.0089
-68.9604
-68.9117
-68.8628
-68.8136
-68.7642
-68.7146
-68.6648
-68.6147
-68.5643
-68.5137
-68.4629
-68.4117
-68.3603
-68.3087
-68.2567
-68.2045
-68.152
-68.0991
-68.046
-67.9926
-67.9388
-67.8847
-67.8303
-67.7755
-67.7204
-67.6649
-67.6091
-67.5529
-67.4963
-67.4393
-67.3819
-67.3242
-67.266
-67.2074
-67.1483
-67.0888
-67.0289
-66.9685
-66.9076
-66.8462
-66.7844
-66.722
-66.6591
-66.5957
-66.5317
-66.4672
-66.4021
-66.3365
-66.2702
-66.2033
-66.1358
-66.0677
-65.9989
-65.9294
-65.8592
-65.7883
-65.7167
-65.6443
-65.5712
-65.4973
-65.4226
-65.347
-65.2706
-65.1933
-65.1151
-65.0359
-64.9558
-64.8748
-64.7927
-64.7095
-64.6253
-64.5399
-64.4535
-64.3658
-64.2769
-64.1868
-64.0953
-64.0025
-63.9083
-63.8127
-63.7156
-63.6169
-63.5166
-63.4147
-63.311
-63.2056
-63.0982
-62.989
-62.8777
-62.7642
-62.6486
-62.5307
-62.4104
-62.2876
-62.1621
-62.0338
-61.9026
-61.7684
-61.6308
-61.4899
-61.3453
-61.1969
-61.0444
-60.8875
-60.7259
-60.5593
-60.3873
-60.2095
-60.0255
-59.8345
-59.6361
-59.4295
-59.2139
-58.9882
-58.7514
-58.5022
-58.2388
-57.9596
-57.6622
-57.3442
-57.0024
-56.6335
-56.2333
-55.7973
-55.3201
-54.796
-54.2184
-53.5807
-52.8754
-52.0954
-51.2338
-50.2845
-49.2429
-48.1068
-46.8767
-45.557
-44.1569
-42.6902
-41.1762
-39.6392
-38.1076
-36.613
-35.1881
-33.8651
-32.6735
-31.6391
-30.7813
-30.1133
-29.6409
-29.3615
-29.2654
-29.3356
-29.5495
-29.8801
-30.2978
-30.7731
-31.2777
-31.7866
-32.2767
-32.7267
-33.118
-33.4356
-33.6687
-33.8099
-33.8523
-33.7948
-33.6369
-33.3757
-33.0148
-32.5458
-31.975
-31.2933
-30.5162
-29.6299
-28.6271
-27.4591
-26.1
-24.5824
-23.0794
-21.8271
-21.0558
-20.9135
-21.4473
-22.6093
-24.2627
-26.1844
-28.1934
-30.1647
-32.0361
-33.7688
-35.3043
-36.5857
-37.5832
-38.2992
-38.7586
-38.9965
-39.0503
-38.9549
-38.7411
-38.4353
-38.0598
-37.6331
-37.1707
-36.6857
-36.1887
-35.6887
-35.193
-34.7075
-34.2371
-33.7853
-33.355
-32.9482
-32.5662
-32.2096
-31.8788
-31.5733
-31.2928
-31.0363
-30.8028
-30.5911
-30.3997
-30.2272
-30.0721
-29.9329
-29.8079
-29.6955
-29.5941
-29.502
-29.4175
-29.3388
-29.2639
-29.1908
-29.1171
-29.0399
-28.9559
-28.8611
-28.7508
-28.6199
-28.4637
-28.2778
-28.0526
-27.7675
-27.395
-26.9315
-26.4321
-26.002
-25.7523
-25.7602
-26.0537
-26.615
-27.3967
-28.3359
-29.3638
-30.4233
-31.4794
-32.5015
-33.446
-34.2652
-34.9242
-35.4089
-35.7235
-35.8842
-35.9124
-35.8314
-35.6631
-35.4275
-35.1419
-34.8213
-34.478
-34.1226
-33.7636
-33.408
-33.0614
-32.7282
-32.4116
-32.1142
-31.8373
-31.5821
-31.3487
-31.137
-30.9464
-30.776
-30.6244
-30.4904
-30.3723
-30.2683
-30.1768
-30.096
-30.0239
-29.9587
-29.8984
-29.8413
-29.7851
-29.7279
-29.6672
-29.6005
-29.5249
-29.4373
-29.3342
-29.2127
-29.0709
-28.9037
-28.6982
-28.432
-28.087
-27.6824
-27.2874
-26.9981
-26.9
-27.0429
-27.4347
-28.0493
-28.8395
-29.7464
-30.713
-31.6996
-32.6757
-33.6031
-34.4358
-35.1348
-35.6779
-36.0616
-36.2955
-36.3968
-36.3858
-36.2827
-36.1065
-35.8741
-35.6001
-35.2972
-34.9757
-34.6448
-34.3115
-33.982
-33.6611
-33.3525
-33.0592
-32.7832
-32.5259
-32.2882
-32.0704
-31.8723
-31.6934
-31.5327
-31.3893
-31.2619
-31.1488
-31.0487
-30.9597
-30.8803
-30.8085
-30.7426
-30.6808
-30.6211
-30.5616
-30.5
-30.434
-30.3611
-30.2783
-30.1825
-30.0706
-29.9395
-29.7868
-29.6056
-29.38
-29.0851
-28.7078
-28.2786
-27.8759
-27.5976
-27.5252
-27.7023
-28.1313
-28.7828
-29.6081
-30.5471
-31.5456
-32.566
-33.5754
-34.5322
-35.3897
-36.1106
-36.6752
-37.0817
-37.3402
-37.4678
-37.484
-37.408
-37.258
-37.0499
-36.7976
-36.5133
-36.207
-35.8874
-35.5616
-35.2357
-34.9147
-34.6024
-34.3021
-34.0162
-33.7464
-33.4939
-33.2595
-33.0434
-32.8453
-32.6648
-32.5012
-32.3533
-32.2199
-32.0997
-31.9911
-31.8924
-31.8018
-31.7175
-31.6377
-31.5602
-31.4828
-31.4034
-31.3192
-31.2276
-31.1253
-31.009
-30.8751
-30.7204
-30.5432
-30.3382
-30.0924
-29.783
-29.388
-28.9196
-28.4431
-28.0579
-27.8607
-27.9157
-28.2438
-28.8275
-29.6237
-30.5749
-31.6178
-32.7043
-33.8
-34.8679
-35.8612
-36.7347
-37.4574
-38.0173
-38.4182
-38.6736
-38.8019
-38.8224
-38.7539
-38.6133
-38.4156
-38.1738
-37.8992
-37.6011
-37.2878
-36.966
-36.6416
-36.3192
-36.0029
-35.6958
-35.4006
-35.1192
-34.853
-34.603
-34.3697
-34.1533
-33.9536
-33.7702
-33.6021
-33.4486
-33.3083
-33.1799
-33.0618
-32.9525
-32.85
-32.7525
-32.6579
-32.564
-32.4683
-32.3682
-32.2605
-32.1421
-32.009
-31.8571
-31.6824
-31.4814
-31.252
-30.9871
-30.6694
-30.2722
-29.7792
-29.2206
-28.6821
-28.2747
-28.0958
-28.2024
-28.6056
-29.2784
-30.1706
-31.2192
-32.3597
-33.5441
-34.7362
-35.8948
-36.9691
-37.9131
-38.6972
-39.3119
-39.7627
-40.0645
-40.2362
-40.2972
-40.2661
-40.1597
-39.9928
-39.778
-39.5264
-39.2473
-38.9487
-38.6375
-38.3193
-37.9992
-37.6812
-37.3686
-37.0645
-36.7709
-36.4897
-36.2223
-35.9695
-35.732
-35.51
-35.3035
-35.1121
-34.9352
-34.772
-34.6216
-34.4826
-34.3538
-34.2335
-34.1203
-34.0121
-33.907
-33.8029
-33.6972
-33.5874
-33.4704
-33.3426
-33.2001
-33.0383
-32.8521
-32.6364
-32.3871
-32.1012
-31.77
-31.3721
-30.8769
-30.2733
-29.6077
-28.9838
-28.5245
-28.3303
-28.4551
-28.9034
-29.6413
-30.6124
-31.7492
-32.9851
-34.2715
-35.5698
-36.834
-38.009
-39.0461
-39.9155
-40.6084
-41.1315
-41.5003
-41.7343
-41.8531
-41.8754
-41.818
-41.6955
-41.5207
-41.3044
-41.0561
-40.7836
-40.494
-40.1928
-39.8852
-39.5753
-39.2668
-38.9626
-38.6652
-38.3768
-38.0989
-37.833
-37.5799
-37.3403
-37.1147
-36.9032
-36.7056
-36.5217
-36.3508
-36.1924
-36.0453
-35.9087
-35.7812
-35.6616
-35.5483
-35.4397
-35.334
-35.2292
-35.123
-35.0131
-34.8965
-34.77
-34.6297
-34.471
-34.2885
-34.076
-33.8267
-33.5345
-33.1957
-32.801
-32.3267
-31.7367
-31.0165
-30.2185
-29.4602
-28.8805
-28.5924
-28.6567
-29.079
-29.8236
-30.8305
-32.0281
-33.3455
-34.7308
-36.1432
-37.5331
-38.8394
-40.0076
-41.0036
-41.8158
-42.45
-42.9216
-43.2502
-43.4559
-43.5578
-43.5731
-43.5168
-43.4019
-43.2396
-43.0395
-42.8098
-42.5575
-42.2886
-42.0082
-41.7207
-41.4298
-41.1387
-40.8502
-40.5664
-40.2894
-40.0208
-39.7618
-39.5135
-39.2766
-39.0517
-38.8392
-38.6392
-38.4517
-38.2764
-38.1131
-37.9612
-37.82
-37.6888
-37.5667
-37.4527
-37.3456
-37.2443
-37.1475
-37.0536
-36.9613
-36.8686
-36.7739
-36.6748
-36.5691
-36.4538
-36.3255
-36.18
-36.0123
-35.8161
-35.5836
-35.3057
-34.973
-34.5782
-34.1101
-33.5401
-32.8234
-31.9446
-30.9689
-30.0361
-29.3062
-28.9052
-28.8977
-29.2875
-30.0343
-31.0733
-32.3285
-33.7259
-35.2125
-36.7448
-38.2664
-39.7085
-41.0103
-42.1338
-43.0664
-43.8135
-44.3909
-44.8185
-45.1171
-45.306
-45.4026
-45.4223
-45.3782
-45.2817
-45.1427
-44.9695
-44.7691
-44.5478
-44.3107
-44.0623
-43.8063
-43.5462
-43.2845
-43.0238
-42.766
-42.5129
-42.2659
-42.0263
-41.795
-41.5728
-41.3604
-41.1582
-40.9666
-40.7858
-40.6158
-40.4566
-40.308
-40.1697
-40.0414
-39.9226
-39.8128
-39.7114
-39.6177
-39.531
-39.4505
-39.3754
-39.3048
-39.2378
-39.1733
-39.1106
-39.0483
-38.9855
-38.9208
-38.853
-38.7805
-38.7016
-38.6143
-38.5162
-38.4044
-38.2751
-38.1235
-37.9432
-37.7258
-37.4598
-37.1304
-36.7199
-36.2106
-35.571
-34.7446
-33.6951
-32.4744
-31.2348
-30.1695
-29.4414
-29.1439
-29.2989
-29.8746
-30.8078
-32.0209
-33.4322
-34.9814
-36.6218
-38.2954
-39.9253
-41.4357
-42.7741
-43.9164
-44.862
-45.624
-46.222
-46.677
-47.0095
-47.2381
-47.3791
-47.4468
-47.4535
-47.4097
-47.3245
-47.2057
-47.0598
-46.8925
-46.7085
-46.5121
-46.3066
-46.0952
-45.8804
-45.6643
-45.4488
-45.2356
-45.0258
-44.8208
-44.6214
-44.4285
-44.2427
-44.0646
-43.8945
-43.7328
-43.5798
-43.4356
-43.3002
-43.1738
-43.0561
-42.9471
-42.8466
-42.7544
-42.6702
-42.5937
-42.5245
-42.4623
-42.4066
-42.3569
-42.313
-42.2743
-42.2402
-42.2105
-42.1845
-42.1618
-42.142
-42.1246
-42.1091
-42.095
-42.082
-42.0696
-42.0574
-42.045
-42.0319
-42.0176
-42.0018
-41.984
-41.9636
-41.9401
-41.9128
-41.8811
-41.8439
-41.8003
-41.7489
-41.6878
-41.6146
-41.5258
-41.4154
-41.2734
-41.0813
-40.8068
-40.4011
-39.8004
-38.9315
-37.7256
-36.1647
-34.3485
-32.4954
-30.8574
-29.6328
-28.9297
-28.7745
-29.1343
-29.9411
-31.1101
-32.5508
-34.1881
-35.969
-37.8348
-39.7037
-41.485
-43.1064
-44.5278
-45.7385
-46.7474
-47.5728
-48.2369
-48.7613
-49.1664
-49.4702
-49.6885
-49.8349
-49.9211
-49.9571
-49.9517
-49.9121
-49.8447
-49.7549
-49.6471
-49.5254
-49.3931
-49.2529
-49.1074
-48.9586
-48.8082
-48.6577
-48.5084
-48.3613
-48.2173
-48.0772
-47.9416
-47.8111
-47.6859
-47.5666
-47.4534
-47.3464
-47.2459
-47.1519
-47.0645
-46.9838
-46.9096
-46.8421
-46.781
-46.7263
-46.6778
-46.6355
-46.5991
-46.5685
-46.5434
-46.5236
-46.5089
-46.4991
-46.494
-46.4932
-46.4966
-46.5039
-46.5148
-46.5292
-46.5467
-46.5671
-46.5902
-46.6158
-46.6437
-46.6736
-46.7053
-46.7388
-46.7737
-46.8099
-46.8473
-46.8857
-46.9251
-46.9651
-47.0058
-47.0471
-47.0887
-47.1308
-47.1731
-47.2156
-47.2583
-47.3011
-47.3439
-47.3868
-47.4296
-47.4723
-47.515
-47.5576
-47.6001
-47.6425
-47.6847
-47.7268
-47.7688
-47.8106
-47.8522
-47.8937
-47.9351
-47.9762
-48.0173
-48.0581
-48.0988
-48.1392
-48.1795
-48.2195
-48.2593
-48.2988
-48.3379
-48.3767
-48.415
-48.4527
-48.4897
-48.5259
-48.5609
-48.5943
-48.6252
-48.6516
-48.669
-48.6691
-48.6375
-48.5509
-48.3733
-48.048
-47.4895
-46.5825
-45.1973
-43.2172
-40.5858
-37.4452
-34.1564
-31.1227
-28.6479
-26.902
-25.9432
-25.7494
-26.2424
-27.3115
-28.8341
-30.6872
-32.7672
-35.0252
-37.4
-39.7903
-42.076
-44.1599
-45.9904
-47.5576
-48.8771
-49.9758
-50.8831
-51.6272
-52.2329
-52.7221
-53.1131
-53.422
-53.662
-53.8446
-53.9794
-54.0747
-54.1373
-54.1731
-54.1871
-54.1836
-54.1662
-54.1377
-54.1009
-54.0579
-54.0105
-53.9603
-53.9084
-53.8562
-53.8044
-53.7537
-53.705
-53.6586
-53.6149
-53.5744
-53.5373
-53.5039
-53.4742
-53.4485
-53.4267
-53.4091
-53.3955
-53.3861
-53.3807
-53.3794
-53.3821
-53.3888
-53.3993
-53.4137
-53.4318
-53.4535
-53.4787
-53.5074
-53.5394
-53.5745
-53.6128
-53.6541
-53.6982
-53.745
-53.7946
-53.8466
-53.901
-53.9578
-54.0167
-54.0778
-54.1408
-54.2057
-54.2724
-54.3408
-54.4107
-54.4822
-54.5552
-54.6295
-54.705
-54.7818
-54.8597
-54.9386
-55.0186
-55.0995
-55.1814
-55.264
-55.3475
-55.4317
-55.5166
-55.6022
-55.6885
-55.7753
-55.8627
-55.9507
-56.0392
-56.1282
-56.2176
-56.3075
-56.3979
-56.4887
-56.5799
-56.6715
-56.7635
-56.8558
-56.9486
-57.0417
-57.1351
-57.2289
-57.323
-57.4174
-57.5122
-57.6073
-57.7027
-57.7984
-57.8944
-57.9907
-58.0874
-58.1843
-58.2815
-58.379
-58.4768
-58.5749
-58.6733
-58.7719
-58.8708
-58.97
-59.0695
-59.1692
-59.2692
-59.3695
-59.47
-59.5708
-59.6718
-59.7731
-59.8747
-59.9764
-60.0785
-60.1807
-60.2832
-60.3859
-60.4889
-60.592
-60.6954
-60.799
-60.9028
-61.0068
-61.111
-61.2154
-61.32
-61.4248
-61.5298
-61.635
-61.7403
-61.8458
-61.9515
-62.0573
-62.1633
-62.2695
-62.3757
-62.4822
-62.5888
-62.6955
-62.8023
-62.9093
-63.0164
-63.1235
-63.2309
-63.3383
-63.4458
-63.5534
-63.6611
-63.7689
-63.8767
-63.9846
-64.0926
-64.2007
-64.3088
-64.417
-64.5252
-64.6335
-64.7418
-64.8501
-64.9585
-65.0669
-65.1753
-65.2837
-65.3921
-65.5006
-65.609
-65.7174
-65.8258
-65.9341
-66.0425
-66.1508
-66.2591
-66.3673
-66.4755
-66.5836
-66.6916
-66.7996
-66.9076
-67.0154
-67.1232
-67.2308
-67.3384
-67.4459
-67.5533
-67.6605
-67.7677
-67.8747
-67.9816
-68.0883
-68.1949
-68.3014
-68.4077
-68.5139
-68.6199
-68.7257
-68.8313
-68.9368
-69.0421
-69.1471
-69.252
-69.3567
-69.4612
-69.5654
-69.6694
-69.7732
-69.8768
-69.9801
-70.0832
-70.186
-70.2886
-70.3909
-70.493
-70.5948
-70.6962
-70.7975
-70.8984
-70.999
-71.0993
-71.1994
-71.2991
-71.3985
-71.4975
-71.5963
-71.6947
-71.7928
-71.8905
-71.9879
-72.085
-72.1817
-72.278
-72.374
-72.4696
-72.5648
-72.6596
-72.7541
-72.8482
-72.9419
-73.0352
-73.128
-73.2205
-73.3126
-73.4043
-73.4956
-73.5864
-73.6768
-73.7668
-73.8564
-73.9455
-74.0342
-74.1225
-74.2103
-74.2977
-74.3847
-74.4712
-74.5572
-74.6428
-74.7279
-74.8126
-74.8968
-74.9805
-75.0638
-75.1466
-75.229
-75.3108
-75.3922
-75.4731
-75.5536
-75.6336
-75.713
-75.792
-75.8706
-75.9486
-76.0262
-76.1032
-76.1798
-76.2559
-76.3315
-76.4067
-76.4813
-76.5554
-76.6291
-76.7023
-76.7749
-76.8471
-76.9188
-76.99
-77.0607
-77.131
-77.2007
-77.2699
-77.3387
-77.4069
-77.4747
-77.542
-77.6088
-77.6751
-77.7409
-77.8062
-77.8711
-77.9355
-77.9993
-78.0627
-78.1256
-78.1881
-78.25
-78.3115
-78.3725
-78.433
-78.4931
-78.5526
-78.6117
-78.6704
-78.7285
-78.7862
-78.8434
-78.9002
-78.9565
-79.0123
-79.0677
-79.1226
-79.1771
-79.2311
-79.2846
-79.3377
-79.3904
-79.4426
-79.4943
-79.5456
-79.5965
-79.6469
-79.6969
-79.7465
-79.7956
-79.8443
-79.8926
-79.9404
-79.9878
-80.0348
-80.0814
-80.1275
-80.1732
-80.2186
-80.2635
-80.308
-80.352
-80.3957
-80.439
-80.4819
-80.5244
-80.5664
-80.6081
-80.6494
-80.6903
-80.7309
-80.771
-80.8108
-80.8501
-80.8891
-80.9278
-80.966
-81.0039
-81.0414
-81.0786
-81.1154
-81.1518
-81.1878
-81.2236
-81.2589
-81.2939
-81.3286
-81.3629
-81.3969
-81.4305
-81.4638
-81.4967
-81.5294
-81.5617
-81.5936
-81.6252
-81.6566
-81.6875
-81.7182
-81.7486
-81.7786
-81.8083
-81.8377
-81.8668
-81.8956
-81.9241
-81.9523
-81.9802
-82.0078
-82.0352
-82.0622
-82.0889
-82.1153
-82.1415
-82.1674
-82.193
-82.2183
-82.2434
-82.2681
-82.2926
-82.3169
-82.3408
-82.3645
-82.388
-82.4112
-82.4341
-82.4568
-82.4792
-82.5014
-82.5233
-82.545
-82.5664
-82.5876
-82.6086
-82.6293
-82.6498
-82.67
-82.69
-82.7098
-82.7294
-82.7487
-82.7678
-82.7867
-82.8054
-82.8238
-82.8421
-82.8601
-82.8779
-82.8955
-82.9129

