-88
-87.9148
-87.8299
-87.7453
-87.6611
-87.5772
-87.4936
-87.4104
-87.3275
-87.245
-87.1629
-87.0813
-87.0001
-86.9195
-86.8394
-86.7598
-86.6809
-86.6026
-86.5251
-86.4482
-86.3721
-86.2967
-86.2222
-86.1484
-86.0755
-86.0034
-85.9321
-85.8617
-85.7921
-85.7234
-85.6554
-85.5884
-85.5221
-85.4567
-85.392
-85.3282
-85.2651
-85.2029
-85.1414
-85.0806
-85.0206
-84.9613
-84.9028
-84.8449
-84.7878
-84.7313
-84.6755
-84.6203
-84.5658
-84.512
-84.4587
-84.4061
-84.354
-84.3026
-84.2517
-84.2014
-84.1517
-84.1025
-84.0538
-84.0057
-83.9581
-83.911
-83.8644
-83.8183
-83.7727
-83.7275
-83.6829
-83.6387
-83.5949
-83.5516
-83.5088
-83.4664
-83.4244
-83.3828
-83.3417
-83.3009
-83.2606
-83.2206
-83.1811
-83.1419
-83.1031
-83.0647
-83.0267
-82.989
-82.9517
-82.9148
-82.8782
-82.8419
-82.806
-82.7705
-82.7352
-82.7003
-82.6657
-82.6315
-82.5975
-82.5639
-82.5305
-82.4975
-82.4648
-82.4324
-82.4002
-82.3684
-82.3368
-82.3056
-82.2746
-82.2438
-82.2134
-82.1832
-82.1533
-82.1237
-82.0943
-82.0652
-82.0363
-82.0077
-81.9793
-81.9512
-81.9233
-81.8956
-81.8682
-81.8411
-81.8141
-81.7874
-81.7609
-81.7347
-81.7086
-81.6828
-81.6572
-81.6318
-81.6067
-81.5817
-81.557
-81.5324
-81.5081
-81.4839
-81.46
-81.4362
-81.4127
-81.3893
-81.3661
-81.3431
-81.3203
-81.2977
-81.2753
-81.253
-81.231
-81.2091
-81.1874
-81.1658
-81.1444
-81.1232
-81.1022
-81.0813
-81.0606
-81.04
-81.0196
-80.9994
-80.9793
-80.9594
-80.9396
-80.92
-80.9006
-80.8813
-80.8621
-80.8431
-80.8242
-80.8055
-80.7869
-80.7684
-80.7501
-80.7319
-80.7139
-80.696
-80.6782
-80.6606
-80.6431
-80.6257
-80.6084
-80.5913
-80.5743
-80.5574
-80.5407
-80.5241
-80.5076
-80.4912
-80.4749
-80.4587
-80.4427
-80.4268
-80.411
-80.3952
-80.3797
-80.3642
-80.3488
-80.3335
-80.3184
-80.3033
-80.2884
-80.2736
-80.2588
-80.2442
-80.2296
-80.2152
-80.2009
-80.1866
-80.1725
-80.1584
-80.1444
-80.1305
-80.1167
-80.1028
-80.089
-80.0751
-80.0611
-80.047
-80.0327
-80.0182
-80.0034
-79.9883
-79.9729
-79.957
-79.9408
-79.924
-79.9068
-79.889
-79.8707
-79.8519
-79.8325
-79.8125
-79.7919
-79.7707
-79.749
-79.7266
-79.7037
-79.6802
-79.656
-79.6314
-79.6061
-79.5804
-79.554
-79.5272
-79.4998
-79.4719
-79.4435
-79.4147
-79.3853
-79.3555
-79.3253
-79.2947
-79.2636
-79.2321
-79.2002
-79.1679
-79.1353
-79.1023
-79.069
-79.0353
-79.0013
-78.967
-78.9324
-78.8975
-78.8623
-78.8268
-78.7911
-78.7551
-78.7188
-78.6823
-78.6456
-78.6087
-78.5715
-78.5342
-78.4966
-78.4589
-78.4209
-78.3828
-78.3445
-78.306
-78.2674
-78.2286
-78.1896
-78.1505
-78.1113
-78.0719
-78.0324
-77.9928
-77.9531
-77.9132
-77.8732
-77.8331
-77.7929
-77.7526
-77.7122
-77.6717
-77.6311
-77.5904
-77.5496
-77.5087
-77.4678
-77.4268
-77.3857
-77.3445
-77.3033
-77.262
-77.2206
-77.1792
-77.1377
-77.0962
-77.0546
-77.0129
-76.9712
-76.9294
-76.8876
-76.8458
-76.8039
-76.7619
-76.7199
-76.6779
-76.6358
-76.5937
-76.5516
-76.5094
-76.4672
-76.4249
-76.3826
-76.3403
-76.298
-76.2556
-76.2132
-76.1707
-76.1283
-76.0858
-76.0433
-76.0007
-75.9582
-75.9156
-75.873
-75.8303
-75.7877
-75.745
-75.7023
-75.6596
-75.6168
-75.5741
-75.5313
-75.4885
-75.4457
-75.4028
-75.36
-75.3171
-75.2742
-75.2313
-75.1883
-75.1453
-75.1024
-75.0594
-75.0163
-74.9733
-74.9302
-74.8871
-74.844
-74.8009
-74.7578
-74.7146
-74.6714
-74.6282
-74.5849
-74.5417
-74.4984
-74.4551
-74.4117
-74.3684
-74.325
-74.2816
-74.2381
-74.1946
-74.1511
-74.1076
-74.064
-74.0204
-73.9768
-73.9332
-73.8895
-73.8457
-73.802
-73.7582
-73.7144
-73.6705
-73.6266
-73.5826
-73.5386
-73.4946
-73.4505
-73.4064
-73.3622
-73.318
-73.2738
-73.2295
-73.1851
-73.1407
-73.0962
-73.0517
-73.0071
-72.9625
-72.9178
-72.8731
-72.8283
-72.7834
-72.7385
-72.6935
-72.6484
-72.6033
-72.5581
-72.5128
-72.4674
-72.422
-72.3765
-72.3309
-72.2853
-72.2395
-72.1937
-72.1478
-72.1018
-72.0557
-72.0096
-71.9633
-71.9169
-71.8705
-71.8239
-71.7773
-71.7305
-71.6836
-71.6367
-71.5896
-71.5424
-71.4951
-71.4476
-71.4001
-71.3524
-71.3046
-71.2567
-71.2087
-71.1605
-71.1122
-71.0637
-71.0151
-70.9664
-70.9175
-70.8685
-70.8193
-70.77
-70.7205
-70.6709
-70.6211
-70.5711
-70.521
-70.4707
-70.4202
-70.3695
-70.3187
-70.2677
-70.2165
-70.1651
-70.1135
-70.0617
-70.0097
-69.9575
-69.9051
-69.8524
-69.7996
-69.7465
-69.6932
-69.6397
-69.5859
-69.5319
-69.4777
-69.4232
-69.3685
-69.3135
-69.2582
-69.2027
-69.1469
-69.0909
-69.0345
-68.9779
-68.921
-68.8638
-68.8062
-68.7484
-68.6903
-68.6318
-68.5731
-68.514
-68.4545
-68.3947
-68.3346
-68.2741
-68.2133
-68.152
-68.0904
-68.0285
-67.9661
-67.9034
-67.8402
-67.7766
-67.7126
-67.6482
-67.5834
-67.5181
-67.4523
-67.3861
-67.3194
-67.2523
-67.1846
-67.1165
-67.0479
-66.9787
-66.909
-66.8388
-66.768
-66.6967
-66.6248
-66.5523
-66.4792
-66.4056
-66.3313
-66.2563
-66.1808
-66.1046
-66.0277
-65.9501
-65.8718
-65.7929
-65.7131
-65.6327
-65.5515
-65.4695
-65.3867
-65.3031
-65.2187
-65.1334
-65.0473
-64.9603
-64.8723
-64.7835
-64.6937
-64.6029
-64.5111
-64.4184
-64.3245
-64.2296
-64.1336
-64.0365
-63.9383
-63.8388
-63.7381
-63.6362
-63.5331
-63.4286
-63.3228
-63.2155
-63.1069
-62.9968
-62.8852
-62.772
-62.6572
-62.5408
-62.4227
-62.3029
-62.1813
-62.0578
-61.9324
-61.8051
-61.6757
-61.5443
-61.4106
-61.2748
-61.1367
-60.9961
-60.8531
-60.7076
-60.5594
-60.4084
-60.2546
-60.0979
-59.9381
-59.7751
-59.6088
-59.439
-59.2656
-59.0885
-58.9075
-58.7224
-58.533
-58.3391
-58.1405
-57.937
-57.7283
-57.5142
-57.2944
-57.0684
-56.8362
-56.5971
-56.3509
-56.0971
-55.8352
-55.5647
-55.285
-54.9955
-54.6954
-54.3839
-54.0602
-53.7232
-53.3719
-53.005
-52.621
-52.2183
-51.795
-51.349
-50.8778
-50.3786
-49.8479
-49.2818
-48.6758
-48.0244
-47.3212
-46.5589
-45.7287
-44.8206
-43.8236
-42.7255
-41.5141
-40.1781
-38.709
-37.1022
-35.3591
-33.4859
-31.4927
-29.3902
-27.1861
-24.8961
-22.5697
-20.2935
-18.1839
-16.37
-14.9756
-14.1052
-13.8375
-14.2188
-15.2545
-16.8976
-19.0423
-21.5224
-24.1202
-26.5845
-28.7762
-30.6879
-32.3274
-33.7051
-34.832
-35.721
-36.3878
-36.8509
-37.1309
-37.2491
-37.2266
-37.0836
-36.8392
-36.511
-36.1154
-35.6673
-35.1804
-34.6676
-34.1405
-33.6097
-33.0848
-32.5745
-32.0862
-31.6262
-31.1997
-30.8106
-30.4617
-30.1545
-29.8895
-29.6664
-29.4838
-29.34
-29.2323
-29.1577
-29.1128
-29.094
-29.0972
-29.1187
-29.1547
-29.2015
-29.2557
-29.3145
-29.3751
-29.4358
-29.4952
-29.5526
-29.608
-29.6617
-29.714
-29.7651
-29.8152
-29.8639
-29.9105
-29.9543
-29.9942
-30.0292
-30.0583
-30.0808
-30.0963
-30.1045
-30.1055
-30.0998
-30.0881
-30.0712
-30.0503
-30.0267
-30.0014
-29.9756
-29.9506
-29.9272
-29.9063
-29.8885
-29.8744
-29.8642
-29.8581
-29.8561
-29.8581
-29.8638
-29.8729
-29.885
-29.8997
-29.9165
-29.9349
-29.9544
-29.9747
-29.9953
-30.0158
-30.036
-30.0556
-30.0743
-30.0922
-30.1089
-30.1246
-30.1391
-30.1526
-30.1651
-30.1765
-30.1872
-30.197
-30.2062
-30.2149
-30.2231
-30.2309
-30.2385
-30.2458
-30.2531
-30.2601
-30.2671
-30.274
-30.2809
-30.2881
-30.2959
-30.3047
-30.3147
-30.3265
-30.3403
-30.3561
-30.3739
-30.3933
-30.414
-30.4353
-30.4568
-30.4777
-30.4974
-30.5154
-30.5313
-30.5448
-30.5558
-30.5642
-30.5703
-30.5745
-30.577
-30.5784
-30.5792
-30.5798
-30.5808
-30.5826
-30.5855
-30.5899
-30.5958
-30.6036
-30.6131
-30.6244
-30.6375
-30.652
-30.668
-30.6851
-30.7032
-30.722
-30.7412
-30.7607
-30.7803
-30.7997
-30.8188
-30.8374
-30.8555
-30.8729
-30.8897
-30.9057
-30.921
-30.9356
-30.9494
-30.9627
-30.9753
-30.9874
-30.999
-31.0101
-31.0208
-31.0311
-31.041
-31.0507
-31.0603
-31.07
-31.0803
-31.0914
-31.1038
-31.1179
-31.1339
-31.1518
-31.1716
-31.193
-31.2154
-31.2385
-31.2616
-31.2841
-31.3054
-31.325
-31.3423
-31.3572
-31.3696
-31.3793
-31.3868
-31.3921
-31.3958
-31.3982
-31.3999
-31.4013
-31.4029
-31.4052
-31.4085
-31.4131
-31.4193
-31.4272
-31.4369
-31.4484
-31.4616
-31.4765
-31.4929
-31.5106
-31.5293
-31.5489
-31.5692
-31.5899
-31.6107
-31.6315
-31.6522
-31.6724
-31.6922
-31.7113
-31.7298
-31.7476
-31.7646
-31.7808
-31.7962
-31.8109
-31.8249
-31.8381
-31.8508
-31.8629
-31.8744
-31.8853
-31.8958
-31.9059
-31.9157
-31.9257
-31.9361
-31.9475
-31.9604
-31.9752
-31.9921
-32.0114
-32.0328
-32.0562
-32.0811
-32.107
-32.1331
-32.1588
-32.1833
-32.2061
-32.2266
-32.2443
-32.2591
-32.271
-32.2799
-32.2862
-32.2902
-32.2924
-32.2933
-32.2934
-32.2933
-32.2935
-32.2944
-32.2964
-32.2999
-32.3051
-32.3122
-32.3214
-32.3325
-32.3456
-32.3605
-32.3772
-32.3955
-32.415
-32.4356
-32.4571
-32.4791
-32.5015
-32.5239
-32.5463
-32.5684
-32.59
-32.6111
-32.6314
-32.6509
-32.6696
-32.6875
-32.7044
-32.7204
-32.7355
-32.7498
-32.7632
-32.7758
-32.7876
-32.7986
-32.8089
-32.8187
-32.8283
-32.838
-32.8486
-32.8605
-32.8743
-32.8906
-32.9096
-32.9315
-32.956
-32.9829
-33.0117
-33.0415
-33.0717
-33.1014
-33.1298
-33.1561
-33.1796
-33.2
-33.2169
-33.2302
-33.24
-33.2466
-33.2502
-33.2515
-33.2508
-33.2489
-33.2463
-33.2436
-33.2414
-33.2401
-33.2401
-33.2419
-33.2456
-33.2516
-33.2598
-33.2703
-33.283
-33.298
-33.3149
-33.3336
-33.354
-33.3756
-33.3983
-33.4219
-33.4459
-33.4702
-33.4945
-33.5187
-33.5424
-33.5656
-33.588
-33.6096
-33.6303
-33.65
-33.6686
-33.6862
-33.7026
-33.718
-33.7322
-33.7453
-33.7574
-33.7683
-33.7783
-33.7875
-33.7963
-33.8054
-33.8154
-33.827
-33.8411
-33.8582
-33.8787
-33.9027
-33.9303
-33.961
-33.9942
-34.0292
-34.0649
-34.1004
-34.1348
-34.1669
-34.1962
-34.2219
-34.2435
-34.2608
-34.2739
-34.2827
-34.2878
-34.2894
-34.2882
-34.2848
-34.2798
-34.274
-34.2678
-34.2621
-34.2573
-34.2538
-34.2522
-34.2527
-34.2556
-34.261
-34.269
-34.2797
-34.2929
-34.3085
-34.3263
-34.3462
-34.3678
-34.3909
-34.4153
-34.4406
-34.4665
-34.4928
-34.5191
-34.5453
-34.5712
-34.5964
-34.6209
-34.6445
-34.6671
-34.6885
-34.7088
-34.7277
-34.7454
-34.7616
-34.7765
-34.79
-34.8019
-34.8125
-34.8216
-34.8297
-34.8372
-34.8448
-34.8535
-34.8641
-34.8776
-34.8948
-34.9163
-34.9423
-34.9729
-35.0078
-35.0462
-35.0873
-35.1301
-35.1734
-35.216
-35.2567
-35.2944
-35.3284
-35.3578
-35.3823
-35.4017
-35.4159
-35.4251
-35.4297
-35.4303
-35.4273
-35.4215
-35.4137
-35.4044
-35.3945
-35.3846
-35.3753
-35.3673
-35.3609
-35.3566
-35.3548
-35.3556
-35.3592
-35.3657
-35.3752
-35.3875
-35.4025
-35.4201
-35.44
-35.462
-35.4858
-35.5111
-35.5376
-35.565
-35.5931
-35.6214
-35.6499
-35.6781
-35.7058
-35.733
-35.7593
-35.7846
-35.8088
-35.8317
-35.8532
-35.8733
-35.8919
-35.9088
-35.924
-35.9375
-35.949
-35.9586
-35.9663
-35.9724
-35.9775
-35.9824
-35.9881
-35.9959
-36.0069
-36.0223
-36.043
-36.0694
-36.1018
-36.14
-36.1835
-36.2314
-36.2825
-36.3355
-36.389
-36.4415
-36.4918
-36.5384
-36.5806
-36.6174
-36.6484
-36.6732
-36.6919
-36.7047
-36.7118
-36.7138
-36.7113
-36.705
-36.6956
-36.684
-36.6708
-36.6568
-36.6428
-36.6293
-36.6171
-36.6065
-36.598
-36.592
-36.5888
-36.5886
-36.5915
-36.5975
-36.6067
-36.619
-36.6341
-36.652
-36.6725
-36.6952
-36.7199
-36.7463
-36.7742
-36.8031
-36.8329
-36.8631
-36.8936
-36.9241
-36.9543
-36.984
-37.013
-37.0412
-37.0683
-37.0942
-37.1188
-37.142
-37.1637
-37.1838
-37.202
-37.2184
-37.2328
-37.2449
-37.2546
-37.2617
-37.2663
-37.2686
-37.2691
-37.269
-37.2694
-37.2718
-37.2779
-37.2891
-37.3067
-37.3317
-37.3645
-37.4052
-37.4534
-37.5083
-37.5688
-37.6334
-37.7004
-37.768
-37.8346
-37.8985
-37.9585
-38.0131
-38.0617
-38.1035
-38.1382
-38.1658
-38.1862
-38.1998
-38.2071
-38.2087
-38.2052
-38.1974
-38.1861
-38.172
-38.156
-38.1388
-38.121
-38.1035
-38.0869
-38.0715
-38.0581
-38.0469
-38.0384
-38.0327
-38.0301
-38.0308
-38.0347
-38.0419
-38.0522
-38.0657
-38.0822
-38.1014
-38.1232
-38.1473
-38.1734
-38.2012
-38.2306
-38.2612
-38.2926
-38.3248
-38.3573
-38.3899
-38.4225
-38.4548
-38.4866
-38.5178
-38.5481
-38.5775
-38.6059
-38.6331
-38.6591
-38.6837
-38.7071
-38.7289
-38.7492
-38.7679
-38.7848
-38.7996
-38.8123
-38.8224
-38.8295
-38.8332
-38.8332
-38.8297
-38.8229
-38.8138
-38.8038
-38.7947
-38.7886
-38.7876
-38.7936
-38.8083
-38.8329
-38.8682
-38.9144
-38.971
-39.0372
-39.1116
-39.1924
-39.2776
-39.3651
-39.4528
-39.5387
-39.621
-39.6983
-39.7694
-39.8332
-39.8892
-39.937
-39.9765
-40.0079
-40.0315
-40.0477
-40.057
-40.0602
-40.058
-40.051
-40.0402
-40.0262
-40.0098
-39.9918
-39.9729
-39.9537
-39.9349
-39.9169
-39.9003
-39.8855
-39.8729
-39.8628
-39.8555
-39.8511
-39.8497
-39.8515
-39.8564
-39.8646
-39.8758
-39.89
-39.907
-39.9268
-39.949
-39.9736
-40.0003
-40.0288
-40.0589
-40.0904
-40.1231
-40.1567
-40.191
-40.2257
-40.2608
-40.2959
-40.331
-40.3658
-40.4002
-40.4342
-40.4676
-40.5003
-40.5322
-40.5634
-40.5936
-40.623
-40.6515
-40.6791
-40.7058
-40.7315
-40.7564
-40.7803
-40.8034
-40.8257
-40.8471
-40.8676
-40.8873
-40.906
-40.9236
-40.9399
-40.9543
-40.9664
-40.9751
-40.9795
-40.9784
-40.9708
-40.9562
-40.9345
-40.9068
-40.8745
-40.84
-40.8063
-40.7764
-40.7536
-40.7408
-40.7407
-40.7551
-40.7854
-40.8322
-40.8951
-40.9732
-41.0647
-41.1676
-41.2793
-41.397
-41.5181
-41.6399
-41.7599
-41.8762
-41.9869
-42.0906
-42.1862
-42.273
-42.3505
-42.4186
-42.4772
-42.5266
-42.5672
-42.5995
-42.624
-42.6415
-42.6526
-42.6581
-42.6586
-42.655
-42.6479
-42.6381
-42.6262
-42.6128
-42.5986
-42.584
-42.5697
-42.556
-42.5433
-42.532
-42.5225
-42.515
-42.5097
-42.5067
-42.5064
-42.5087
-42.5136
-42.5214
-42.5318
-42.5449
-42.5607
-42.579
-42.5998
-42.6229
-42.6482
-42.6756
-42.7049
-42.736
-42.7686
-42.8027
-42.838
-42.8744
-42.9118
-42.95
-42.9888
-43.0281
-43.0678
-43.1078
-43.1479
-43.1881
-43.2282
-43.2682
-43.3081
-43.3476
-43.3869
-43.4259
-43.4644
-43.5026
-43.5404
-43.5777
-43.6146
-43.651
-43.687
-43.7226
-43.7578
-43.7925
-43.827
-43.861
-43.8947
-43.9282
-43.9614
-43.9943
-44.027
-44.0596
-44.0919
-44.1242
-44.1563
-44.1884
-44.2205
-44.2525
-44.2845
-44.3166
-44.3487
-44.3809
-44.4131
-44.4455
-44.478
-44.5106
-44.5433
-44.5762
-44.6093
-44.6425
-44.6759
-44.7095
-44.7432
-44.7771
-44.8112
-44.8454
-44.8796
-44.9139
-44.948
-44.9817
-45.0146
-45.0459
-45.0747
-45.0994
-45.1179
-45.1276
-45.1256
-45.109
-45.0754
-45.0233
-44.9525
-44.8644
-44.7617
-44.6486
-44.5301
-44.4121
-44.3006
-44.2017
-44.1208
-44.0628
-44.0315
-44.0297
-44.0586
-44.1182
-44.2073
-44.3234
-44.4631
-44.6224
-44.797
-44.9825
-45.1748
-45.37
-45.5647
-45.7559
-45.9413
-46.119
-46.2876
-46.446
-46.5937
-46.7303
-46.8558
-46.9704
-47.0743
-47.168
-47.2521
-47.3271
-47.3939
-47.453
-47.5052
-47.5511
-47.5916
-47.6272
-47.6586
-47.6864
-47.7112
-47.7336
-47.754
-47.773
-47.7909
-47.8082
-47.8252
-47.8423
-47.8598
-47.8778
-47.8967
-47.9166
-47.9377
-47.9601
-47.984
-48.0095
-48.0366
-48.0654
-48.0959
-48.1282
-48.1622
-48.198
-48.2356
-48.2748
-48.3158
-48.3584
-48.4026
-48.4484
-48.4956
-48.5444
-48.5945
-48.6459
-48.6985
-48.7524
-48.8074
-48.8635
-48.9206
-48.9786
-49.0376
-49.0974
-49.158
-49.2194
-49.2814
-49.3441
-49.4075
-49.4714
-49.5359
-49.6008
-49.6663
-49.7323
-49.7987
-49.8655
-49.9327
-50.0003
-50.0682
-50.1366
-50.2052
-50.2743
-50.3436
-50.4133
-50.4833
-50.5536
-50.6243
-50.6953
-50.7666
-50.8382
-50.9102
-50.9825
-51.0551
-51.1281
-51.2014
-51.275
-51.349
-51.4234
-51.4981
-51.5732
-51.6487
-51.7246
-51.8008
-51.8774
-51.9545
-52.0319
-52.1098
-52.188
-52.2667
-52.3458
-52.4254
-52.5053
-52.5857
-52.6666
-52.7479
-52.8297
-52.9119
-52.9945
-53.0777
-53.1612
-53.2453
-53.3298
-53.4148
-53.5003
-53.5862
-53.6726
-53.7595
-53.8469
-53.9348
-54.0231
-54.1119
-54.2012
-54.291
-54.3813
-54.472
-54.5633
-54.655
-54.7472
-54.8399
-54.9331
-55.0267
-55.1209
-55.2155
-55.3106
-55.4062
-55.5023
-55.5988
-55.6958
-55.7933
-55.8913
-55.9897
-56.0886
-56.188
-56.2878
-56.3881
-56.4888
-56.5901
-56.6917
-56.7939
-56.8964
-56.9995
-57.1029
-57.2069
-57.3112
-57.416
-57.5212
-57.6269
-57.733
-57.8395
-57.9465
-58.0538
-58.1616
-58.2698
-58.3784
-58.4874
-58.5968
-58.7065
-58.8167
-58.9273
-59.0383
-59.1496
-59.2613
-59.3734
-59.4858
-59.5986
-59.7118
-59.8253
-59.9392
-60.0534
-60.168
-60.2828
-60.398
-60.5136
-60.6294
-60.7456
-60.862
-60.9788
-61.0958
-61.2132
-61.3308
-61.4487
-61.5669
-61.6853
-61.804
-61.923
-62.0422
-62.1616
-62.2813
-62.4012
-62.5213
-62.6416
-62.7622
-62.8829
-63.0038
-63.1249
-63.2462
-63.3677
-63.4893
-63.6111
-63.7331
-63.8552
-63.9774
-64.0998
-64.2222
-64.3448
-64.4675
-64.5903
-64.7132
-64.8362
-64.9593
-65.0824
-65.2056
-65.3288
-65.4521
-65.5755
-65.6988
-65.8222
-65.9456
-66.0691
-66.1925
-66.3159
-66.4393
-66.5627
-66.686
-66.8093
-66.9325
-67.0557
-67.1789
-67.3019
-67.4249
-67.5478
-67.6706
-67.7932
-67.9158
-68.0382
-68.1606
-68.2827
-68.4047
-68.5266
-68.6483
-68.7698
-68.8912
-69.0123
-69.1333
-69.254
-69.3745
-69.4948
-69.6149
-69.7347
-69.8543
-69.9736
-70.0926
-70.2114
-70.3299
-70.4481
-70.566
-70.6835
-70.8008
-70.9177
-71.0343
-71.1506
-71.2665
-71.382
-71.4972
-71.612
-71.7264
-71.8405
-71.9541
-72.0673
-72.1802
-72.2926
-72.4045
-72.5161
-72.6271
-72.7378
-72.848
-72.9577
-73.067
-73.1757
-73.284
-73.3918
-73.4991
-73.6059
-73.7122
-73.818
-73.9233
-74.028
-74.1322
-74.2359
-74.339
-74.4416
-74.5436
-74.6451
-74.746
-74.8463
-74.9461
-75.0453
-75.1439
-75.2419
-75.3393
-75.4362
-75.5324
-75.628
-75.7231
-75.8175
-75.9113
-76.0045
-76.0971
-76.1891
-76.2804
-76.3712
-76.4613
-76.5507
-76.6396
-76.7278
-76.8154
-76.9023
-76.9886
-77.0743
-77.1593
-77.2437
-77.3274
-77.4105
-77.493
-77.5748
-77.6559
-77.7365
-77.8164
-77.8956
-77.9742
-78.0521
-78.1295
-78.2061
-78.2821
-78.3575
-78.4323
-78.5064
-78.5798
-78.6527
-78.7249
-78.7964
-78.8674
-78.9377
-79.0073
-79.0764
-79.1448
-79.2126
-79.2797
-79.3463
-79.4122
-79.4775
-79.5422
-79.6063
-79.6698
-79.7327
-79.795
-79.8566
-79.9177
-79.9782
-80.0381
-80.0974
-80.1561
-80.2143
-80.2718
-80.3288
-80.3852
-80.4411
-80.4964
-80.5511
-80.6052
-80.6588
-80.7119
-80.7644
-80.8164
-80.8678
-80.9187
-80.969
-81.0188
-81.0681
-81.1169
-81.1651
-81.2129
-81.2601
-81.3068
-81.353
-81.3987
-81.4439
-81.4887
-81.5329
-81.5766
-81.6199
-81.6627
-81.705
-81.7469
-81.7882
-81.8292
-81.8696
-81.9096
-81.9492
-81.9883
-82.027
-82.0652
-82.103
-82.1404
-82.1774
-82.2139
-82.25
-82.2857
-82.321
-82.3558
-82.3903
-82.4244
-82.458
-82.4913
-82.5242
-82.5567
-82.5888
-82.6206
-82.652

