-88
-87.915
-87.8312
-87.7495
-87.6707
-87.5959
-87.5256
-87.4601
-87.3995
-87.3439
-87.2929
-87.2463
-87.2038
-87.1652
-87.1301
-87.0981
-87.0691
-87.0428
-87.0189
-86.9973
-86.9777
-86.96
-86.9441
-86.9297
-86.9169
-86.9054
-86.8953
-86.8863
-86.8784
-86.8715
-86.8656
-86.8606
-86.8564
-86.853
-86.8503
-86.8484
-86.847
-86.8463
-86.8461
-86.8464
-86.8472
-86.8484
-86.8501
-86.8522
-86.8546
-86.8574
-86.8605
-86.8639
-86.8676
-86.8715
-86.8757
-86.8801
-86.8846
-86.8894
-86.8943
-86.8994
-86.9046
-86.91
-86.9155
-86.9211
-86.9267
-86.9325
-86.9383
-86.9442
-86.9502
-86.9562
-86.9623
-86.9684
-86.9745
-86.9806
-86.9868
-86.9929
-86.9991
-87.0053
-87.0115
-87.0176
-87.0238
-87.0299
-87.036
-87.0421
-87.0482
-87.0542
-87.0602
-87.0662
-87.0721
-87.078
-87.0839
-87.0897
-87.0955
-87.1012
-87.1069
-87.1125
-87.118
-87.1236
-87.129
-87.1344
-87.1398
-87.1451
-87.1504
-87.1555
-87.1607
-87.1658
-87.1708
-87.1757
-87.1806
-87.1855
-87.1902
-87.1949
-87.1996
-87.2042
-87.2087
-87.2132
-87.2176
-87.222
-87.2263
-87.2305
-87.2347
-87.2388
-87.2428
-87.2468
-87.2508
-87.2546
-87.2584
-87.2622
-87.2659
-87.2695
-87.2731
-87.2766
-87.2801
-87.2835
-87.2869
-87.2902
-87.2934
-87.2966
-87.2997
-87.3028
-87.3058
-87.3088
-87.3117
-87.3146
-87.3174
-87.3202
-87.3229
-87.3255
-87.3282
-87.3307
-87.3332
-87.3357
-87.3381
-87.3405
-87.3428
-87.345
-87.3473
-87.3494
-87.3516
-87.3537
-87.3557
-87.3577
-87.3596
-87.3616
-87.3634
-87.3652
-87.367
-87.3688
-87.3705
-87.3721
-87.3737
-87.3753
-87.3769
-87.3784
-87.3798
-87.3812
-87.3826
-87.384
-87.3853
-87.3866
-87.3878
-87.389
-87.3902
-87.3913
-87.3924
-87.3935
-87.3945
-87.3955
-87.3965
-87.3974
-87.3983
-87.3992
-87.4
-87.4008
-87.4016
-87.4023
-87.4031
-87.4037
-87.4044
-87.405
-87.4056
-87.4062
-87.4068
-87.4073
-87.4078
-87.408
-87.4074
-87.4048
-87.3994
-87.39
-87.3759
-87.3568
-87.3324
-87.3027
-87.2678
-87.228
-87.1837
-87.135
-87.0824
-87.0261
-86.9665
-86.9038
-86.8383
-86.7703
-86.6999
-86.6273
-86.5528
-86.4765
-86.3985
-86.319
-86.2382
-86.1562
-86.073
-85.9887
-85.9036
-85.8176
-85.7309
-85.6434
-85.5554
-85.4668
-85.3778
-85.2884
-85.1985
-85.1084
-85.0181
-84.9275
-84.8367
-84.7459
-84.6549
-84.5639
-84.4729
-84.3819
-84.2909
-84.2
-84.1092
-84.0186
-83.9281
-83.8377
-83.7476
-83.6576
-83.5679
-83.4784
-83.3892
-83.3003
-83.2116
-83.1233
-83.0352
-82.9475
-82.8601
-82.7731
-82.6864
-82.6001
-82.5141
-82.4285
-82.3433
-82.2585
-82.174
-82.09
-82.0064
-81.9231
-81.8403
-81.7579
-81.6759
-81.5943
-81.5131
-81.4324
-81.3521
-81.2722
-81.1927
-81.1136
-81.035
-80.9568
-80.879
-80.8016
-80.7247
-80.6481
-80.572
-80.4964
-80.4211
-80.3463
-80.2718
-80.1978
-80.1242
-80.051
-79.9783
-79.9059
-79.834
-79.7624
-79.6913
-79.6205
-79.5502
-79.4802
-79.4106
-79.3415
-79.2727
-79.2043
-79.1363
-79.0687
-79.0014
-78.9345
-78.868
-78.8019
-78.7361
-78.6707
-78.6057
-78.541
-78.4767
-78.4127
-78.3491
-78.2858
-78.2229
-78.1603
-78.098
-78.0361
-77.9745
-77.9133
-77.8523
-77.7917
-77.7314
-77.6715
-77.6118
-77.5525
-77.4935
-77.4347
-77.3763
-77.3182
-77.2604
-77.2028
-77.1456
-77.0886
-77.032
-76.9756
-76.9195
-76.8636
-76.8081
-76.7528
-76.6978
-76.643
-76.5885
-76.5343
-76.4803
-76.4266
-76.3731
-76.3199
-76.2669
-76.2142
-76.1617
-76.1094
-76.0574
-76.0056
-75.9541
-75.9027
-75.8516
-75.8007
-75.7501
-75.6996
-75.6494
-75.5993
-75.5495
-75.4999
-75.4505
-75.4012
-75.3522
-75.3034
-75.2548
-75.2063
-75.1581
-75.11
-75.0621
-75.0144
-74.9669
-74.9195
-74.8724
-74.8254
-74.7785
-74.7318
-74.6853
-74.639
-74.5928
-74.5468
-74.5009
-74.4551
-74.4096
-74.3641
-74.3188
-74.2737
-74.2287
-74.1838
-74.1391
-74.0945
-74.05
-74.0057
-73.9615
-73.9174
-73.8734
-73.8296
-73.7859
-73.7423
-73.6988
-73.6554
-73.6121
-73.569
-73.5259
-73.4829
-73.4401
-73.3973
-73.3547
-73.3121
-73.2696
-73.2272
-73.185
-73.1427
-73.1006
-73.0586
-73.0166
-72.9747
-72.9329
-72.8912
-72.8495
-72.808
-72.7664
-72.725
-72.6836
-72.6423
-72.601
-72.5598
-72.5186
-72.4775
-72.4365
-72.3955
-72.3545
-72.3136
-72.2727
-72.2319
-72.1911
-72.1504
-72.1097
-72.069
-72.0283
-71.9877
-71.9471
-71.9066
-71.866
-71.8255
-71.785
-71.7445
-71.704
-71.6636
-71.6231
-71.5827
-71.5423
-71.5019
-71.4614
-71.421
-71.3806
-71.3402
-71.2997
-71.2593
-71.2188
-71.1784
-71.1379
-71.0974
-71.0569
-71.0164
-70.9758
-70.9352
-70.8946
-70.854
-70.8133
-70.7726
-70.7319
-70.6911
-70.6502
-70.6094
-70.5685
-70.5275
-70.4865
-70.4454
-70.4043
-70.3631
-70.3219
-70.2806
-70.2392
-70.1978
-70.1563
-70.1147
-70.0731
-70.0313
-69.9895
-69.9476
-69.9056
-69.8636
-69.8214
-69.7791
-69.7368
-69.6943
-69.6518
-69.6091
-69.5663
-69.5234
-69.4804
-69.4373
-69.3941
-69.3507
-69.3072
-69.2636
-69.2198
-69.176
-69.1319
-69.0877
-69.0434
-68.9989
-68.9543
-68.9095
-68.8646
-68.8195
-68.7742
-68.7287
-68.6831
-68.6373
-68.5913
-68.5451
-68.4987
-68.4521
-68.4054
-68.3584
-68.3112
-68.2638
-68.2161
-68.1683
-68.1202
-68.0719
-68.0233
-67.9745
-67.9255
-67.8762
-67.8266
-67.7768
-67.7267
-67.6764
-67.6257
-67.5748
-67.5235
-67.472
-67.4202
-67.368
-67.3155
-67.2627
-67.2096
-67.1561
-67.1023
-67.0481
-66.9936
-66.9387
-66.8834
-66.8277
-66.7717
-66.7152
-66.6583
-66.601
-66.5433
-66.4851
-66.4265
-66.3674
-66.3078
-66.2478
-66.1872
-66.1262
-66.0646
-66.0026
-65.9399
-65.8768
-65.813
-65.7487
-65.6838
-65.6182
-65.5521
-65.4853
-65.4178
-65.3497
-65.2809
-65.2114
-65.1411
-65.0701
-64.9983
-64.9257
-64.8524
-64.7781
-64.7031
-64.6271
-64.5502
-64.4724
-64.3937
-64.3139
-64.2331
-64.1512
-64.0682
-63.9841
-63.8989
-63.8124
-63.7246
-63.6356
-63.5452
-63.4533
-63.3601
-63.2652
-63.1688
-63.0708
-62.9709
-62.8693
-62.7657
-62.6601
-62.5524
-62.4425
-62.3301
-62.2153
-62.0977
-61.9773
-61.8538
-61.727
-61.5965
-61.4621
-61.3235
-61.1801
-61.0315
-60.8772
-60.7165
-60.5487
-60.373
-60.1884
-59.994
-59.7886
-59.5711
-59.34
-59.0941
-58.832
-58.5523
-58.2536
-57.9347
-57.5944
-57.2319
-56.8464
-56.4376
-56.0051
-55.5492
-55.0702
-54.5688
-54.0457
-53.5017
-52.9376
-52.3542
-51.7519
-51.1306
-50.4899
-49.8287
-49.1451
-48.4363
-47.6985
-46.9266
-46.1143
-45.2538
-44.3351
-43.3466
-42.2741
-41.101
-39.8079
-38.3735
-36.7755
-34.9935
-33.0132
-30.8339
-28.4757
-25.902
-23.0295
-19.7973
-16.2206
-12.4846
-8.97971
-6.15366
-4.35479
-3.82754
-4.72922
-7.14868
-11.107
-16.4109
-21.839
-26.7061
-30.9968
-34.7324
-37.9538
-40.6453
-42.7861
-44.3912
-45.512
-46.2177
-46.579
-46.6593
-46.5132
-46.1856
-45.7133
-45.1263
-44.4491
-43.7016
-42.9
-42.0579
-41.1868
-40.2967
-39.3966
-38.4948
-37.5996
-36.7187
-35.86
-35.031
-34.2389
-33.4905
-32.7917
-32.1473
-31.5609
-31.0346
-30.5691
-30.1641
-29.8182
-29.5292
-29.2939
-29.1081
-28.9671
-28.8653
-28.7968
-28.755
-28.7336
-28.7257
-28.7247
-28.7239
-28.7163
-28.6951
-28.653
-28.5829
-28.4786
-28.335
-28.1416
-27.8777
-27.5158
-27.0521
-26.5429
-26.095
-25.8219
-25.8038
-26.0715
-26.6097
-27.3726
-28.2988
-29.3199
-30.3793
-31.4416
-32.4758
-33.4371
-34.2762
-34.9563
-35.4617
-35.7951
-35.9714
-36.0113
-35.9375
-35.7717
-35.5339
-35.2416
-34.91
-34.5521
-34.179
-33.7998
-33.4222
-33.0526
-32.696
-32.3564
-32.0368
-31.7392
-31.4649
-31.2147
-30.9884
-30.7856
-30.6054
-30.4464
-30.3072
-30.1859
-30.0806
-29.9893
-29.9098
-29.8402
-29.7781
-29.7215
-29.6681
-29.6158
-29.5621
-29.5048
-29.441
-29.3678
-29.282
-29.1803
-29.0597
-28.9183
-28.751
-28.5452
-28.2786
-27.9331
-27.528
-27.1326
-26.8427
-26.7434
-26.8843
-27.2731
-27.8839
-28.6696
-29.5719
-30.5339
-31.516
-32.488
-33.4117
-34.2413
-34.9376
-35.4785
-35.8603
-36.0923
-36.1914
-36.1777
-36.0713
-35.8909
-35.6532
-35.3731
-35.0631
-34.734
-34.3948
-34.0532
-33.7154
-33.3866
-33.0709
-32.7714
-32.4904
-32.2295
-31.9896
-31.7712
-31.5739
-31.3972
-31.2402
-31.1016
-30.9799
-30.8736
-30.7807
-30.6994
-30.6277
-30.5639
-30.5057
-30.4513
-30.3986
-30.3454
-30.2897
-30.2289
-30.1605
-30.0817
-29.9893
-29.8801
-29.7514
-29.6006
-29.4211
-29.197
-28.9038
-28.5284
-28.1015
-27.7013
-27.4252
-27.354
-27.5309
-27.9581
-28.6061
-29.4265
-30.3595
-31.3513
-32.3647
-33.367
-34.3171
-35.1684
-35.8837
-36.4436
-36.8459
-37.1007
-37.2249
-37.2374
-37.1575
-37.0028
-36.7893
-36.5308
-36.2394
-35.9252
-35.5972
-35.2628
-34.9282
-34.5988
-34.2787
-33.9714
-33.6796
-33.4053
-33.1499
-32.9141
-32.6982
-32.5021
-32.3251
-32.1664
-32.0247
-31.8987
-31.7868
-31.6871
-31.5978
-31.5169
-31.4424
-31.3721
-31.3039
-31.2354
-31.1642
-31.0877
-31.003
-30.9069
-30.7962
-30.6672
-30.5169
-30.3434
-30.1416
-29.8988
-29.5922
-29.2
-28.7348
-28.2616
-27.8795
-27.6846
-27.7405
-28.0678
-28.6487
-29.4405
-30.386
-31.4223
-32.5017
-33.5902
-34.6511
-35.6382
-36.5062
-37.2244
-37.7808
-38.1789
-38.432
-38.5581
-38.576
-38.5043
-38.3595
-38.1565
-37.9081
-37.6256
-37.3186
-36.9953
-36.6629
-36.3273
-35.9937
-35.6666
-35.3493
-35.0448
-34.7554
-34.4828
-34.2281
-33.9919
-33.7746
-33.5758
-33.3952
-33.2317
-33.0844
-32.9517
-32.8321
-32.7238
-32.6249
-32.5335
-32.4472
-32.3638
-32.281
-32.1959
-32.106
-32.0079
-31.8983
-31.7733
-31.6288
-31.4607
-31.2657
-31.0417
-30.7815
-30.4681
-30.075
-29.5859
-29.0315
-28.497
-28.0932
-27.9166
-28.024
-28.4258
-29.0955
-29.9828
-31.0253
-32.1588
-33.3361
-34.5214
-35.6737
-36.7429
-37.683
-38.4647
-39.0781
-39.5287
-39.8308
-40.0029
-40.0639
-40.0319
-39.9234
-39.7527
-39.5325
-39.2736
-38.9854
-38.6761
-38.3527
-38.0213
-37.6871
-37.3547
-37.0278
-36.7098
-36.4032
-36.1102
-35.8325
-35.5712
-35.3272
-35.1009
-34.8922
-34.7008
-34.526
-34.3671
-34.2227
-34.0915
-33.9719
-33.8621
-33.7602
-33.6641
-33.5714
-33.4799
-33.3867
-33.2892
-33.1839
-33.0674
-32.9354
-32.7833
-32.6061
-32.3986
-32.1567
-31.8776
-31.5524
-31.1601
-30.6702
-30.0717
-29.4111
-28.7919
-28.3365
-28.1448
-28.2703
-28.7169
-29.4512
-30.417
-31.5472
-32.776
-34.0553
-35.3472
-36.6062
-37.7776
-38.8129
-39.6826
-40.3775
-40.904
-41.2772
-41.5157
-41.6388
-41.6644
-41.6088
-41.4862
-41.309
-41.088
-40.8325
-40.5504
-40.2489
-39.9339
-39.6108
-39.2842
-38.958
-38.6358
-38.3204
-38.0144
-37.7199
-37.4385
-37.1717
-36.9202
-36.6849
-36.4659
-36.2633
-36.0768
-35.9058
-35.7495
-35.6069
-35.4767
-35.3575
-35.2477
-35.1455
-35.049
-34.9561
-34.8646
-34.772
-34.6755
-34.5722
-34.4585
-34.3304
-34.1832
-34.0115
-33.809
-33.5688
-33.285
-32.9538
-32.5661
-32.0982
-31.5141
-30.7998
-30.0075
-29.2545
-28.6791
-28.3938
-28.4587
-28.8792
-29.6197
-30.6207
-31.8113
-33.1211
-34.4991
-35.9054
-37.2907
-38.5949
-39.7637
-40.763
-41.5813
-42.2237
-42.7051
-43.0442
-43.2605
-43.3722
-43.3958
-43.3457
-43.2346
-43.0731
-42.8709
-42.6359
-42.3752
-42.0951
-41.8008
-41.497
-41.1878
-40.8769
-40.5674
-40.262
-39.963
-39.6726
-39.3925
-39.1241
-38.8686
-38.6269
-38.3995
-38.1869
-37.9892
-37.8064
-37.638
-37.4836
-37.3425
-37.2137
-37.0963
-36.989
-36.8904
-36.7992
-36.7137
-36.6322
-36.5528
-36.4737
-36.3926
-36.3072
-36.2148
-36.1124
-35.9964
-35.8627
-35.7059
-35.5197
-35.2964
-35.0269
-34.7019
-34.314
-33.8523
-33.2883
-32.5773
-31.7041
-30.7339
-29.8062
-29.0803
-28.6816
-28.6739
-29.0609
-29.8024
-30.8342
-32.081
-33.4696
-34.9481
-36.4738
-37.9914
-39.4329
-40.738
-41.8689
-42.8128
-43.5745
-44.1689
-44.6152
-44.9331
-45.1408
-45.255
-45.2901
-45.2588
-45.172
-45.0391
-44.8683
-44.6666
-44.4402
-44.1945
-43.9342
-43.6633
-43.3855
-43.1039
-42.8213
-42.5402
-42.2626
-41.9905
-41.7255
-41.469
-41.2223
-40.9862
-40.7618
-40.5495
-40.3499
-40.1633
-39.9897
-39.8291
-39.6815
-39.5463
-39.4231
-39.3115
-39.2105
-39.1195
-39.0375
-38.9635
-38.8964
-38.8353
-38.7788
-38.7257
-38.6749
-38.625
-38.5746
-38.5223
-38.4666
-38.4058
-38.3381
-38.2613
-38.1729
-38.07
-37.9488
-37.8044
-37.6305
-37.4187
-37.1576
-36.8325
-36.4257
-35.9197
-35.2832
-34.4601
-33.414
-32.1971
-30.9612
-29.8988
-29.1717
-28.8728
-29.0234
-29.5916
-30.5149
-31.7165
-33.1157
-34.6532
-36.2839
-37.951
-39.5789
-41.0931
-42.4414
-43.5996
-44.5665
-45.3542
-45.9812
-46.4672
-46.8314
-47.0913
-47.2621
-47.357
-47.3878
-47.3644
-47.2954
-47.1883
-47.0498
-46.8854
-46.7002
-46.4985
-46.284
-46.0601
-45.8298
-45.5954
-45.3593
-45.1234
-44.8895
-44.6591
-44.4335
-44.2139
-44.0012
-43.7965
-43.6003
-43.4134
-43.2362
-43.0692
-42.9127
-42.7667
-42.6315
-42.507
-42.3932
-42.2898
-42.1965
-42.1132
-42.0393
-41.9743
-41.9179
-41.8693
-41.828
-41.7935
-41.7649
-41.7418
-41.7233
-41.709
-41.698
-41.6898
-41.6837
-41.6792
-41.6757
-41.6725
-41.6692
-41.6653
-41.6602
-41.6534
-41.6445
-41.6329
-41.618
-41.5994
-41.5764
-41.5482
-41.514
-41.4727
-41.4229
-41.363
-41.2904
-41.2017
-41.091
-40.9483
-40.7551
-40.4794
-40.0724
-39.4704
-38.6006
-37.3944
-35.8342
-34.0192
-32.1671
-30.5286
-29.3002
-28.5893
-28.4213
-28.7635
-29.5486
-30.6933
-32.1087
-33.7208
-35.4786
-37.326
-39.1837
-40.9635
-42.5942
-44.0357
-45.2766
-46.3242
-47.195
-47.9092
-48.4868
-48.946
-49.3034
-49.5731
-49.7676
-49.8977
-49.9728
-50.0011
-49.9897
-49.9448
-49.872
-49.776
-49.6611
-49.5308
-49.3884
-49.2367
-49.0783
-48.9151
-48.7492
-48.5822
-48.4155
-48.2504
-48.0879
-47.929
-47.7746
-47.6253
-47.4818
-47.3445
-47.2139
-47.0904
-46.9743
-46.8657
-46.7649
-46.6719
-46.5868
-46.5097
-46.4403
-46.3788
-46.3249
-46.2786
-46.2395
-46.2074
-46.1822
-46.1635
-46.1511
-46.1445
-46.1436
-46.1478
-46.157
-46.1707
-46.1887
-46.2105
-46.2358
-46.2643
-46.2957
-46.3297
-46.366
-46.4042
-46.4443
-46.4858
-46.5286
-46.5726
-46.6174
-46.6629
-46.709
-46.7556
-46.8024
-46.8495
-46.8967
-46.9439
-46.991
-47.0381
-47.0851
-47.1318
-47.1784
-47.2247
-47.2708
-47.3166
-47.3622
-47.4075
-47.4525
-47.4973
-47.5419
-47.5862
-47.6303
-47.6742
-47.7179
-47.7614
-47.8046
-47.8477
-47.8907
-47.9334
-47.9759
-48.0183
-48.0604
-48.1022
-48.1439
-48.1852
-48.2261
-48.2666
-48.3065
-48.3458
-48.3843
-48.4216
-48.4574
-48.4906
-48.5193
-48.5391
-48.5417
-48.5124
-48.4282
-48.2529
-47.9296
-47.3728
-46.4669
-45.0817
-43.0998
-40.4639
-37.3145
-34.0106
-30.9527
-28.4416
-26.6448
-25.6197
-25.3444
-25.7427
-26.7077
-28.1221
-29.8687
-31.8458
-34.0032
-36.2863
-38.6036
-40.8452
-42.9195
-44.7747
-46.3966
-47.7954
-48.9926
-50.0123
-50.8777
-51.6091
-52.2243
-52.7385
-53.1647
-53.5143
-53.7973
-54.0226
-54.1978
-54.33
-54.4252
-54.4888
-54.5258
-54.5403
-54.5361
-54.5165
-54.4846
-54.4427
-54.3933
-54.3381
-54.2791
-54.2176
-54.155
-54.0923
-54.0305
-53.9705
-53.913
-53.8585
-53.8075
-53.7605
-53.7178
-53.6796
-53.6462
-53.6178
-53.5943
-53.576
-53.5628
-53.5548
-53.5519
-53.5541
-53.5612
-53.5733
-53.5902
-53.6117
-53.6378
-53.6684
-53.7031
-53.742
-53.7848
-53.8314
-53.8816
-53.9352
-53.9921
-54.0521
-54.115
-54.1808
-54.2491
-54.32
-54.3932
-54.4686
-54.546
-54.6254
-54.7066
-54.7895
-54.8739
-54.9599
-55.0472
-55.1359
-55.2257
-55.3167
-55.4087
-55.5018
-55.5957
-55.6906
-55.7862
-55.8827
-55.9798
-56.0777
-56.1762
-56.2754
-56.3751
-56.4754
-56.5763
-56.6777
-56.7796
-56.882
-56.9848
-57.0881
-57.1919
-57.2961
-57.4008
-57.5058
-57.6113
-57.7172
-57.8235
-57.9302
-58.0373
-58.1447
-58.2526
-58.3608
-58.4694
-58.5783
-58.6876
-58.7973
-58.9074
-59.0177
-59.1285
-59.2396
-59.351
-59.4627
-59.5748
-59.6872
-59.7999
-59.913
-60.0263
-60.14
-60.2539
-60.3682
-60.4827
-60.5976
-60.7127
-60.828
-60.9437
-61.0596
-61.1757
-61.2922
-61.4088
-61.5257
-61.6428
-61.7601
-61.8777
-61.9954
-62.1134
-62.2315
-62.3499
-62.4684
-62.5871
-62.7059
-62.8249
-62.9441
-63.0634
-63.1828
-63.3024
-63.4221
-63.5418
-63.6617
-63.7817
-63.9018
-64.022
-64.1422
-64.2625
-64.3828
-64.5032
-64.6237
-64.7441
-64.8646
-64.9852
-65.1057
-65.2262
-65.3467
-65.4672
-65.5876
-65.7081
-65.8285
-65.9488
-66.0691
-66.1893
-66.3094
-66.4295
-66.5495
-66.6693
-66.7891
-66.9087
-67.0283
-67.1476
-67.2669
-67.386
-67.5049
-67.6237
-67.7423
-67.8607
-67.979
-68.097
-68.2148
-68.3324
-68.4498
-68.567
-68.6839
-68.8005
-68.917
-69.0331
-69.149
-69.2645
-69.3798
-69.4948
-69.6095
-69.7239
-69.8379
-69.9517
-70.065
-70.1781
-70.2907
-70.4031
-70.515
-70.6266
-70.7377
-70.8485
-70.9589
-71.0688
-71.1784
-71.2875
-71.3962
-71.5045
-71.6123
-71.7196
-71.8265
-71.9329
-72.0389
-72.1443
-72.2493
-72.3538
-72.4578
-72.5612
-72.6642
-72.7666
-72.8686
-72.97
-73.0708
-73.1711
-73.2709
-73.3701
-73.4687
-73.5668
-73.6644
-73.7613
-73.8577
-73.9535
-74.0487
-74.1434
-74.2374
-74.3309
-74.4237
-74.516
-74.6076
-74.6987
-74.7891
-74.879
-74.9682
-75.0568
-75.1447
-75.2321
-75.3188
-75.405
-75.4904
-75.5753
-75.6596
-75.7432
-75.8261
-75.9085
-75.9902
-76.0713
-76.1518
-76.2316
-76.3109
-76.3894
-76.4674
-76.5447
-76.6214
-76.6975
-76.773
-76.8478
-76.922
-76.9956
-77.0685
-77.1409
-77.2126
-77.2837
-77.3542
-77.4241
-77.4934
-77.5621
-77.6302
-77.6977
-77.7645
-77.8308
-77.8965
-77.9616
-78.0261
-78.0901
-78.1534
-78.2162
-78.2784
-78.34
-78.401
-78.4615
-78.5214
-78.5808
-78.6396
-78.6979
-78.7556
-78.8127
-78.8693
-78.9254
-78.981
-79.036
-79.0905
-79.1444
-79.1979
-79.2508
-79.3032
-79.3552
-79.4066
-79.4575
-79.5079
-79.5578
-79.6072
-79.6562
-79.7046
-79.7526
-79.8001
-79.8472
-79.8937
-79.9399
-79.9855
-80.0307
-80.0755
-80.1198
-80.1636
-80.2071
-80.25
-80.2926
-80.3347
-80.3764
-80.4177
-80.4586
-80.499
-80.5391
-80.5787
-80.6179
-80.6568
-80.6952
-80.7333
-80.7709
-80.8082
-80.8451
-80.8816
-80.9178
-80.9536
-80.989
-81.024
-81.0587
-81.093
-81.127
-81.1606
-81.1939
-81.2268
-81.2594
-81.2917
-81.3236
-81.3552
-81.3864
-81.4174
-81.448
-81.4783
-81.5082
-81.5379
-81.5673
-81.5963
-81.625
-81.6535
-81.6816
-81.7094
-81.737
-81.7642
-81.7912
-81.8179
-81.8443
-81.8704
-81.8963
-81.9218
-81.9471
-81.9721
-81.9969
-82.0214
-82.0456
-82.0696
-82.0933
-82.1168
-82.14
-82.1629
-82.1856
-82.2081
-82.2303
-82.2523
-82.274
-82.2955
-82.3168
-82.3378
-82.3586
-82.3792
-82.3996
-82.4197
-82.4396
-82.4593
-82.4788
-82.498
-82.5171
-82.5359
-82.5545
-82.5729
-82.5911
-82.6091
-82.6269
-82.6445
-82.662
-82.6792
-82.6962
-82.713
-82.7296
-82.7461
-82.7623
-82.7784
-82.7943
-82.81
-82.8255
-82.8409
-82.8561
-82.8711
-82.8859
-82.9006
-82.915
-82.9294
-82.9435
-82.9575
-82.9713
-82.985
-82.9985
-83.0118
-83.025
-83.038
-83.0509
-83.0636
-83.0762

