-88
-87.9148
-87.8299
-87.7453
-87.6611
-87.5772
-87.4936
-87.4103
-87.3273
-87.2447
-87.1624
-87.0803
-86.9986
-86.9173
-86.8362
-86.7554
-86.675
-86.5949
-86.5151
-86.4356
-86.3564
-86.2776
-86.1991
-86.121
-86.0432
-85.9657
-85.8887
-85.8119
-85.7356
-85.6597
-85.5841
-85.5089
-85.4342
-85.3598
-85.2859
-85.2124
-85.1393
-85.0666
-84.9945
-84.9227
-84.8514
-84.7806
-84.7102
-84.6404
-84.5709
-84.502
-84.4336
-84.3656
-84.2981
-84.2311
-84.1646
-84.0986
-84.0331
-83.9681
-83.9036
-83.8395
-83.776
-83.713
-83.6505
-83.5884
-83.5269
-83.4659
-83.4053
-83.3453
-83.2857
-83.2266
-83.168
-83.11
-83.0523
-82.9952
-82.9386
-82.8824
-82.8267
-82.7715
-82.7167
-82.6624
-82.6086
-82.5552
-82.5023
-82.4499
-82.3979
-82.3463
-82.2952
-82.2445
-82.1943
-82.1445
-82.0952
-82.0462
-81.9977
-81.9496
-81.902
-81.8547
-81.8078
-81.7614
-81.7154
-81.6697
-81.6245
-81.5796
-81.5352
-81.4911
-81.4474
-81.4041
-81.3611
-81.3186
-81.2764
-81.2345
-81.1931
-81.1519
-81.1112
-81.0708
-81.0307
-80.991
-80.9516
-80.9125
-80.8738
-80.8355
-80.7974
-80.7597
-80.7223
-80.6852
-80.6484
-80.6119
-80.5758
-80.5399
-80.5044
-80.4691
-80.4342
-80.3995
-80.3651
-80.3311
-80.2973
-80.2637
-80.2305
-80.1975
-80.1649
-80.1324
-80.1003
-80.0684
-80.0368
-80.0054
-79.9743
-79.9434
-79.9128
-79.8825
-79.8524
-79.8225
-79.7929
-79.7635
-79.7343
-79.7054
-79.6767
-79.6483
-79.62
-79.592
-79.5642
-79.5367
-79.5093
-79.4822
-79.4553
-79.4286
-79.4021
-79.3758
-79.3497
-79.3238
-79.2981
-79.2726
-79.2473
-79.2223
-79.1973
-79.1726
-79.1481
-79.1238
-79.0996
-79.0757
-79.0519
-79.0283
-79.0048
-78.9816
-78.9585
-78.9356
-78.9129
-78.8903
-78.8679
-78.8456
-78.8236
-78.8017
-78.7799
-78.7583
-78.7369
-78.7156
-78.6945
-78.6735
-78.6527
-78.632
-78.6115
-78.5911
-78.5709
-78.5508
-78.5309
-78.5111
-78.4914
-78.4719
-78.4525
-78.4333
-78.4142
-78.3952
-78.3763
-78.3576
-78.339
-78.3206
-78.3022
-78.284
-78.2659
-78.248
-78.2301
-78.2124
-78.1947
-78.1772
-78.1598
-78.1424
-78.1252
-78.108
-78.0909
-78.0738
-78.0568
-78.0399
-78.0229
-78.006
-77.9891
-77.9722
-77.9552
-77.9382
-77.9212
-77.9042
-77.887
-77.8698
-77.8525
-77.8352
-77.8177
-77.8001
-77.7823
-77.7644
-77.7464
-77.7282
-77.7099
-77.6914
-77.6727
-77.6539
-77.6348
-77.6156
-77.5961
-77.5765
-77.5566
-77.5365
-77.5162
-77.4957
-77.475
-77.454
-77.4328
-77.4114
-77.3897
-77.3678
-77.3457
-77.3233
-77.3007
-77.2778
-77.2547
-77.2313
-77.2077
-77.1839
-77.1598
-77.1355
-77.111
-77.0862
-77.0612
-77.0359
-77.0104
-76.9846
-76.9587
-76.9325
-76.906
-76.8794
-76.8525
-76.8254
-76.798
-76.7705
-76.7427
-76.7147
-76.6865
-76.658
-76.6294
-76.6006
-76.5715
-76.5422
-76.5128
-76.4831
-76.4533
-76.4232
-76.3929
-76.3625
-76.3319
-76.301
-76.27
-76.2388
-76.2075
-76.1759
-76.1442
-76.1123
-76.0802
-76.048
-76.0155
-75.983
-75.9502
-75.9173
-75.8842
-75.851
-75.8176
-75.7841
-75.7504
-75.7165
-75.6826
-75.6484
-75.6141
-75.5797
-75.5451
-75.5104
-75.4756
-75.4406
-75.4054
-75.3702
-75.3348
-75.2993
-75.2636
-75.2278
-75.1919
-75.1559
-75.1197
-75.0834
-75.047
-75.0105
-74.9738
-74.9371
-74.9002
-74.8632
-74.826
-74.7888
-74.7514
-74.714
-74.6764
-74.6387
-74.6009
-74.563
-74.525
-74.4868
-74.4486
-74.4102
-74.3718
-74.3332
-74.2945
-74.2558
-74.2169
-74.1779
-74.1388
-74.0996
-74.0603
-74.0209
-73.9814
-73.9418
-73.9021
-73.8623
-73.8223
-73.7823
-73.7422
-73.7019
-73.6616
-73.6212
-73.5806
-73.54
-73.4992
-73.4583
-73.4174
-73.3763
-73.3351
-73.2939
-73.2525
-73.211
-73.1694
-73.1277
-73.0859
-73.0439
-73.0019
-72.9597
-72.9175
-72.8751
-72.8326
-72.79
-72.7473
-72.7045
-72.6616
-72.6185
-72.5753
-72.532
-72.4886
-72.4451
-72.4014
-72.3576
-72.3137
-72.2697
-72.2255
-72.1813
-72.1368
-72.0923
-72.0476
-72.0028
-71.9578
-71.9127
-71.8675
-71.8222
-71.7766
-71.731
-71.6852
-71.6392
-71.5931
-71.5469
-71.5005
-71.4539
-71.4072
-71.3604
-71.3133
-71.2661
-71.2188
-71.1713
-71.1236
-71.0757
-71.0276
-70.9794
-70.931
-70.8824
-70.8337
-70.7847
-70.7356
-70.6862
-70.6367
-70.587
-70.537
-70.4869
-70.4366
-70.386
-70.3353
-70.2843
-70.2331
-70.1816
-70.13
-70.0781
-70.026
-69.9737
-69.9211
-69.8682
-69.8152
-69.7618
-69.7082
-69.6544
-69.6003
-69.5459
-69.4912
-69.4363
-69.3811
-69.3256
-69.2698
-69.2137
-69.1573
-69.1007
-69.0437
-68.9863
-68.9287
-68.8708
-68.8125
-68.7539
-68.6949
-68.6356
-68.5759
-68.5159
-68.4555
-68.3948
-68.3336
-68.2721
-68.2102
-68.1479
-68.0852
-68.0221
-67.9585
-67.8945
-67.8302
-67.7653
-67.7
-67.6343
-67.5681
-67.5014
-67.4342
-67.3666
-67.2984
-67.2298
-67.1606
-67.0909
-67.0206
-66.9498
-66.8785
-66.8066
-66.7341
-66.661
-66.5873
-66.513
-66.4381
-66.3625
-66.2863
-66.2094
-66.1319
-66.0536
-65.9747
-65.895
-65.8146
-65.7335
-65.6516
-65.5689
-65.4854
-65.4012
-65.316
-65.2301
-65.1433
-65.0556
-64.967
-64.8774
-64.787
-64.6955
-64.6031
-64.5097
-64.4152
-64.3197
-64.2231
-64.1254
-64.0265
-63.9265
-63.8253
-63.7229
-63.6193
-63.5143
-63.4081
-63.3005
-63.1915
-63.0811
-62.9693
-62.8559
-62.741
-62.6245
-62.5064
-62.3866
-62.265
-62.1417
-62.0166
-61.8896
-61.7606
-61.6297
-61.4966
-61.3615
-61.2242
-61.0846
-60.9427
-60.7984
-60.6516
-60.5023
-60.3502
-60.1955
-60.0378
-59.8772
-59.7136
-59.5468
-59.3766
-59.2031
-59.0259
-58.8451
-58.6604
-58.4717
-58.2788
-58.0814
-57.8796
-57.6729
-57.4611
-57.2442
-57.0217
-56.7934
-56.559
-56.3181
-56.0705
-55.8157
-55.5533
-55.2829
-55.004
-54.716
-54.4184
-54.1104
-53.7915
-53.4607
-53.1172
-52.7601
-52.3883
-52.0005
-51.5953
-51.1713
-50.7267
-50.2595
-49.7675
-49.2481
-48.6984
-48.1148
-47.4937
-46.8302
-46.1194
-45.3549
-44.5298
-43.6359
-42.6641
-41.604
-40.4446
-39.1743
-37.7823
-36.2601
-34.6038
-32.817
-30.9138
-28.9197
-26.8324
-24.6314
-22.3253
-19.9614
-17.6322
-15.4682
-13.6194
-12.2331
-11.4436
-11.3688
-12.1069
-13.7247
-16.2385
-19.5963
-23.2679
-26.5782
-29.499
-32.0158
-34.1518
-35.9309
-37.3686
-38.4802
-39.2858
-39.8122
-40.09
-40.1515
-40.0279
-39.7484
-39.3394
-38.8243
-38.2241
-37.5576
-36.8415
-36.0914
-35.3217
-34.5456
-33.776
-33.0245
-32.3023
-31.6193
-30.9844
-30.4051
-29.8874
-29.4351
-29.0497
-28.732
-28.4816
-28.2969
-28.175
-28.1119
-28.1023
-28.1402
-28.2189
-28.3312
-28.4699
-28.628
-28.7985
-28.9751
-29.1522
-29.3248
-29.4888
-29.641
-29.7787
-29.9003
-30.0049
-30.0921
-30.1622
-30.2159
-30.2542
-30.2786
-30.2905
-30.2916
-30.2837
-30.2686
-30.2478
-30.2231
-30.1958
-30.1673
-30.1387
-30.111
-30.0849
-30.0612
-30.0402
-30.0221
-30.0073
-29.9957
-29.9873
-29.982
-29.9795
-29.9796
-29.9822
-29.9868
-29.9933
-30.0013
-30.0107
-30.0211
-30.0324
-30.0443
-30.0567
-30.0694
-30.0822
-30.0951
-30.108
-30.1208
-30.1334
-30.1458
-30.1579
-30.1699
-30.1815
-30.1929
-30.2041
-30.215
-30.2257
-30.2362
-30.2466
-30.2568
-30.2669
-30.2769
-30.2869
-30.2969
-30.3068
-30.3169
-30.3269
-30.3371
-30.3473
-30.3576
-30.3681
-30.3788
-30.3895
-30.4005
-30.4115
-30.4228
-30.4342
-30.4457
-30.4574
-30.4692
-30.4811
-30.4931
-30.5052
-30.5174
-30.5297
-30.5421
-30.5546
-30.5671
-30.5797
-30.5924
-30.6051
-30.6178
-30.6306
-30.6433
-30.6561
-30.6688
-30.6814
-30.694
-30.7066
-30.7191
-30.7315
-30.7439
-30.7563
-30.7687
-30.781
-30.7934
-30.8059
-30.8183
-30.8309
-30.8436
-30.8563
-30.8692
-30.8822
-30.8953
-30.9085
-30.9218
-30.9352
-30.9487
-30.9623
-30.9759
-30.9895
-31.0031
-31.0167
-31.0303
-31.0439
-31.0574
-31.0709
-31.0843
-31.0977
-31.111
-31.1243
-31.1376
-31.1508
-31.164
-31.1772
-31.1904
-31.2037
-31.2169
-31.2302
-31.2434
-31.2568
-31.2701
-31.2835
-31.297
-31.3105
-31.324
-31.3376
-31.3513
-31.3651
-31.3789
-31.3928
-31.4068
-31.4209
-31.435
-31.4491
-31.4632
-31.4773
-31.4913
-31.5053
-31.5193
-31.5331
-31.5469
-31.5606
-31.5742
-31.5877
-31.6012
-31.6146
-31.6281
-31.6415
-31.655
-31.6686
-31.6823
-31.696
-31.7099
-31.7238
-31.7379
-31.7521
-31.7664
-31.7808
-31.7953
-31.8098
-31.8244
-31.839
-31.8536
-31.8682
-31.8828
-31.8973
-31.9119
-31.9263
-31.9408
-31.9551
-31.9694
-31.9837
-31.9979
-32.012
-32.0261
-32.0402
-32.0542
-32.0682
-32.0822
-32.0962
-32.1102
-32.1242
-32.1382
-32.1523
-32.1664
-32.1806
-32.1948
-32.2091
-32.2235
-32.2381
-32.2527
-32.2674
-32.2822
-32.297
-32.3119
-32.3269
-32.3419
-32.3568
-32.3717
-32.3866
-32.4013
-32.416
-32.4306
-32.445
-32.4593
-32.4736
-32.4877
-32.5018
-32.5159
-32.5299
-32.5439
-32.5579
-32.5721
-32.5863
-32.6006
-32.615
-32.6295
-32.6442
-32.6591
-32.6741
-32.6892
-32.7044
-32.7197
-32.7351
-32.7506
-32.7661
-32.7816
-32.7971
-32.8125
-32.8279
-32.8433
-32.8586
-32.8738
-32.8889
-32.9039
-32.9189
-32.9338
-32.9486
-32.9633
-32.978
-32.9927
-33.0073
-33.0219
-33.0365
-33.051
-33.0656
-33.0802
-33.0948
-33.1095
-33.1243
-33.1391
-33.1541
-33.1692
-33.1845
-33.1998
-33.2154
-33.231
-33.2467
-33.2625
-33.2783
-33.2942
-33.31
-33.3257
-33.3413
-33.3568
-33.3721
-33.3873
-33.4023
-33.4172
-33.4319
-33.4465
-33.461
-33.4754
-33.4899
-33.5043
-33.5188
-33.5333
-33.5479
-33.5627
-33.5777
-33.5928
-33.608
-33.6235
-33.6391
-33.655
-33.6709
-33.687
-33.7033
-33.7196
-33.736
-33.7524
-33.7689
-33.7853
-33.8017
-33.8181
-33.8343
-33.8505
-33.8665
-33.8825
-33.8983
-33.914
-33.9296
-33.9451
-33.9606
-33.9759
-33.9911
-34.0063
-34.0215
-34.0366
-34.0516
-34.0667
-34.0818
-34.097
-34.1122
-34.1276
-34.1431
-34.1588
-34.1746
-34.1906
-34.2069
-34.2233
-34.2398
-34.2565
-34.2733
-34.2901
-34.307
-34.3237
-34.3404
-34.3569
-34.3733
-34.3894
-34.4053
-34.421
-34.4365
-34.4517
-34.4668
-34.4817
-34.4965
-34.5113
-34.526
-34.5407
-34.5555
-34.5705
-34.5855
-34.6008
-34.6162
-34.6319
-34.6479
-34.664
-34.6805
-34.6971
-34.714
-34.731
-34.7483
-34.7656
-34.7831
-34.8006
-34.8182
-34.8357
-34.8533
-34.8707
-34.8881
-34.9054
-34.9225
-34.9396
-34.9564
-34.9732
-34.9898
-35.0062
-35.0225
-35.0386
-35.0546
-35.0705
-35.0863
-35.102
-35.1176
-35.1332
-35.1488
-35.1645
-35.1802
-35.1961
-35.2121
-35.2283
-35.2448
-35.2615
-35.2785
-35.2957
-35.3133
-35.331
-35.3489
-35.3669
-35.385
-35.4031
-35.4211
-35.439
-35.4567
-35.4742
-35.4915
-35.5084
-35.525
-35.5412
-35.5572
-35.5728
-35.5883
-35.6035
-35.6185
-35.6335
-35.6484
-35.6633
-35.6784
-35.6936
-35.7089
-35.7245
-35.7404
-35.7566
-35.7731
-35.7899
-35.807
-35.8245
-35.8422
-35.8602
-35.8785
-35.897
-35.9156
-35.9344
-35.9533
-35.9722
-35.9912
-36.0101
-36.029
-36.0478
-36.0664
-36.0849
-36.1032
-36.1214
-36.1393
-36.1571
-36.1746
-36.192
-36.2091
-36.2261
-36.2429
-36.2595
-36.276
-36.2923
-36.3086
-36.3248
-36.341
-36.3573
-36.3736
-36.3902
-36.4069
-36.424
-36.4414
-36.4592
-36.4773
-36.4959
-36.5148
-36.534
-36.5535
-36.5733
-36.5932
-36.6131
-36.6329
-36.6527
-36.6722
-36.6915
-36.7103
-36.7288
-36.7469
-36.7645
-36.7816
-36.7983
-36.8146
-36.8305
-36.8461
-36.8614
-36.8766
-36.8917
-36.9067
-36.9218
-36.9371
-36.9525
-36.9682
-36.9842
-37.0005
-37.0173
-37.0344
-37.052
-37.07
-37.0884
-37.1073
-37.1265
-37.146
-37.1658
-37.186
-37.2063
-37.2268
-37.2475
-37.2682
-37.2889
-37.3097
-37.3303
-37.3509
-37.3713
-37.3915
-37.4116
-37.4314
-37.451
-37.4704
-37.4895
-37.5084
-37.527
-37.5453
-37.5634
-37.5813
-37.5989
-37.6163
-37.6335
-37.6505
-37.6674
-37.6843
-37.7012
-37.7182
-37.7353
-37.7527
-37.7705
-37.7887
-37.8073
-37.8265
-37.8463
-37.8667
-37.8876
-37.9091
-37.931
-37.9533
-37.9758
-37.9985
-38.0213
-38.0439
-38.0664
-38.0885
-38.1102
-38.1313
-38.1519
-38.1719
-38.1913
-38.2099
-38.228
-38.2454
-38.2623
-38.2787
-38.2946
-38.3103
-38.3256
-38.3408
-38.356
-38.3711
-38.3864
-38.402
-38.4178
-38.434
-38.4506
-38.4676
-38.4852
-38.5033
-38.522
-38.5412
-38.5609
-38.5812
-38.6019
-38.6231
-38.6448
-38.6668
-38.6892
-38.7118
-38.7346
-38.7576
-38.7807
-38.8039
-38.827
-38.8501
-38.8731
-38.896
-38.9187
-38.9412
-38.9634
-38.9855
-39.0072
-39.0287
-39.0499
-39.0708
-39.0914
-39.1117
-39.1317
-39.1515
-39.1709
-39.1901
-39.209
-39.2276
-39.246
-39.2641
-39.282
-39.2998
-39.3174
-39.3351
-39.3529
-39.3708
-39.3892
-39.408
-39.4274
-39.4475
-39.4684
-39.4902
-39.513
-39.5366
-39.5611
-39.5865
-39.6125
-39.6392
-39.6664
-39.6938
-39.7214
-39.749
-39.7764
-39.8035
-39.8301
-39.856
-39.8812
-39.9056
-39.929
-39.9516
-39.9733
-39.994
-40.0138
-40.0328
-40.051
-40.0685
-40.0854
-40.1018
-40.1179
-40.1336
-40.1492
-40.1647
-40.1803
-40.1961
-40.2122
-40.2286
-40.2454
-40.2628
-40.2807
-40.2993
-40.3185
-40.3383
-40.3588
-40.3801
-40.4019
-40.4245
-40.4476
-40.4714
-40.4957
-40.5204
-40.5457
-40.5713
-40.5972
-40.6234
-40.6498
-40.6764
-40.703
-40.7297
-40.7564
-40.783
-40.8096
-40.836
-40.8622
-40.8882
-40.914
-40.9396
-40.9649
-40.9899
-41.0147
-41.0392
-41.0635
-41.0875
-41.1112
-41.1347
-41.1579
-41.181
-41.2039
-41.2265
-41.2491
-41.2714
-41.2936
-41.3156
-41.3374
-41.359
-41.3803
-41.4013
-41.4219
-41.4422
-41.4621
-41.4816
-41.5007
-41.5196
-41.5383
-41.557
-41.5758
-41.595
-41.6148
-41.6354
-41.6569
-41.6797
-41.7038
-41.7294
-41.7565
-41.7853
-41.8156
-41.8474
-41.8806
-41.9151
-41.9506
-41.9869
-42.0239
-42.0612
-42.0987
-42.1361
-42.1731
-42.2096
-42.2454
-42.2802
-42.3141
-42.3467
-42.3782
-42.4083
-42.4372
-42.4647
-42.4909
-42.5159
-42.5397
-42.5624
-42.584
-42.6048
-42.6247
-42.644
-42.6628
-42.6812
-42.6992
-42.7172
-42.7351
-42.7531
-42.7713
-42.7898
-42.8088
-42.8282
-42.8482
-42.8688
-42.8901
-42.9121
-42.9348
-42.9584
-42.9827
-43.0079
-43.0338
-43.0605
-43.0879
-43.116
-43.1448
-43.1743
-43.2043
-43.2349
-43.266
-43.2975
-43.3295
-43.3617
-43.3943
-43.4271
-43.4601
-43.4932
-43.5264
-43.5597
-43.593
-43.6263
-43.6596
-43.6927
-43.7258
-43.7588
-43.7916
-43.8243
-43.8568
-43.8892
-43.9214
-43.9534
-43.9853
-44.017
-44.0486
-44.08
-44.1113
-44.1425
-44.1735
-44.2045
-44.2354
-44.2663
-44.2971
-44.3278
-44.3586
-44.3893
-44.4201
-44.4509
-44.4818
-44.5128
-44.5438
-44.5749
-44.6061
-44.6374
-44.6688
-44.7004
-44.7321
-44.764
-44.796
-44.8282
-44.8605
-44.8931
-44.9257
-44.9586
-44.9916
-45.0248
-45.0582
-45.0917
-45.1254
-45.1592
-45.193
-45.2269
-45.2607
-45.2943
-45.3276
-45.3604
-45.3925
-45.4237
-45.4537
-45.4824
-45.5096
-45.5352
-45.559
-45.5811
-45.6017
-45.6208
-45.6389
-45.6562
-45.6731
-45.6902
-45.708
-45.727
-45.7476
-45.7705
-45.7959
-45.8242
-45.8558
-45.8908
-45.9292
-45.9712
-46.0166
-46.0652
-46.1169
-46.1713
-46.2282
-46.2871
-46.3478
-46.4099
-46.4729
-46.5366
-46.6006
-46.6645
-46.7281
-46.791
-46.8532
-46.9143
-46.9741
-47.0327
-47.0898
-47.1454
-47.1994
-47.2518
-47.3027
-47.352
-47.3998
-47.4462
-47.4912
-47.5349
-47.5775
-47.619
-47.6595
-47.6992
-47.7381
-47.7765
-47.8143
-47.8518
-47.889
-47.9261
-47.9631
-48.0001
-48.0373
-48.0747
-48.1124
-48.1505
-48.189
-48.228
-48.2676
-48.3077
-48.3485
-48.39
-48.4322
-48.475
-48.5186
-48.563
-48.608
-48.6539
-48.7004
-48.7477
-48.7958
-48.8445
-48.894
-48.9441
-48.9949
-49.0463
-49.0984
-49.151
-49.2043
-49.2581
-49.3125
-49.3673
-49.4227
-49.4786
-49.5349
-49.5917
-49.6488
-49.7064
-49.7644
-49.8228
-49.8815
-49.9406
-50
-50.0598
-50.1199
-50.1803
-50.241
-50.3021
-50.3634
-50.4251
-50.487
-50.5493
-50.6119
-50.6747
-50.7379
-50.8014
-50.8651
-50.9292
-50.9936
-51.0584
-51.1234
-51.1888
-51.2545
-51.3206
-51.387
-51.4537
-51.5208
-51.5883
-51.6561
-51.7243
-51.7929
-51.8619
-51.9312
-52.0009
-52.0711
-52.1416
-52.2126
-52.2839
-52.3557
-52.4279
-52.5005
-52.5736
-52.6471
-52.721
-52.7954
-52.8702
-52.9455
-53.0212
-53.0974
-53.174
-53.2511
-53.3287
-53.4067
-53.4852
-53.5642
-53.6436
-53.7235
-53.8039
-53.8848
-53.9662
-54.048
-54.1304
-54.2132
-54.2965
-54.3803
-54.4646
-54.5494
-54.6346
-54.7204
-54.8066
-54.8934
-54.9806
-55.0684
-55.1566
-55.2453
-55.3346
-55.4243
-55.5145
-55.6052
-55.6965
-55.7882
-55.8804
-55.9731
-56.0663
-56.16
-56.2542
-56.3489
-56.4441
-56.5398
-56.6359
-56.7326
-56.8298
-56.9274
-57.0255
-57.1242
-57.2233
-57.3229
-57.4229
-57.5235
-57.6245
-57.726
-57.828
-57.9305
-58.0334
-58.1368
-58.2407
-58.3451
-58.4499
-58.5551
-58.6608
-58.767
-58.8737
-58.9807
-59.0883
-59.1962
-59.3046
-59.4135
-59.5228
-59.6325
-59.7426
-59.8532
-59.9642
-60.0756
-60.1874
-60.2996
-60.4122
-60.5252
-60.6386
-60.7524
-60.8666
-60.9812
-61.0961
-61.2115
-61.3271
-61.4432
-61.5596
-61.6763
-61.7934
-61.9109
-62.0286
-62.1467
-62.2652
-62.3839
-62.5029
-62.6223
-62.742
-62.8619
-62.9821
-63.1026
-63.2234
-63.3445
-63.4658
-63.5873
-63.7091
-63.8311
-63.9533
-64.0758
-64.1985
-64.3214
-64.4445
-64.5678
-64.6913
-64.8149
-64.9387
-65.0627
-65.1869
-65.3112
-65.4356
-65.5602
-65.6849
-65.8097
-65.9346
-66.0596
-66.1847
-66.31
-66.4352
-66.5606
-66.686
-66.8114
-66.9369
-67.0625
-67.188
-67.3136
-67.4392
-67.5647
-67.6903
-67.8158
-67.9413
-68.0668
-68.1922
-68.3175
-68.4428
-68.568
-68.6931
-68.8181
-68.943
-69.0677
-69.1924
-69.3169
-69.4412
-69.5654
-69.6893
-69.8132
-69.9368
-70.0602
-70.1834
-70.3063
-70.4291
-70.5516
-70.6738
-70.7957
-70.9174
-71.0388
-71.1599
-71.2806
-71.4011
-71.5212
-71.6409
-71.7603
-71.8794
-71.9981
-72.1164
-72.2342
-72.3517
-72.4688
-72.5855
-72.7017
-72.8174
-72.9327
-73.0476
-73.162
-73.2759
-73.3893
-73.5022
-73.6145
-73.7264
-73.8378
-73.9486
-74.0588
-74.1685
-74.2777
-74.3863
-74.4943
-74.6017
-74.7086
-74.8148
-74.9205
-75.0255
-75.1299
-75.2337
-75.3369
-75.4394
-75.5413
-75.6426
-75.7432
-75.8431
-75.9424
-76.0411
-76.139
-76.2363
-76.3329
-76.4288
-76.5241
-76.6186
-76.7125
-76.8057
-76.8982
-76.9899
-77.081
-77.1714
-77.2611
-77.35
-77.4383
-77.5259
-77.6127
-77.6988
-77.7842
-77.869
-77.953
-78.0362
-78.1188
-78.2007
-78.2818
-78.3623
-78.442
-78.521
-78.5993
-78.6769
-78.7538
-78.83
-78.9055
-78.9803
-79.0544
-79.1277
-79.2004
-79.2724
-79.3437
-79.4144
-79.4843
-79.5536
-79.6221
-79.69
-79.7572
-79.8238
-79.8897
-79.9549
-80.0195
-80.0834
-80.1466
-80.2092
-80.2711
-80.3325
-80.3931
-80.4532
-80.5126
-80.5713
-80.6295
-80.687
-80.7439
-80.8002
-80.8559
-80.911
-80.9655
-81.0194
-81.0727
-81.1255
-81.1776
-81.2292
-81.2802
-81.3306
-81.3805
-81.4298
-81.4786
-81.5268
-81.5745
-81.6216
-81.6682
-81.7143
-81.7598
-81.8048
-81.8493
-81.8933
-81.9368
-81.9798
-82.0223
-82.0643
-82.1058
-82.1468
-82.1873
-82.2274
-82.267
-82.3061
-82.3448
-82.383
-82.4207
-82.458

