-88
-87.9215
-88.0043
-88.1242
-88.2481
-88.3673
-88.4797
-88.5855
-88.6854
-88.7801
-88.8703
-88.9565
-89.0392
-89.1186
-89.195
-89.2687
-89.3398
-89.4084
-89.4746
-89.5386
-89.6004
-89.6601
-89.7178
-89.7736
-89.8274
-89.8795
-89.9298
-89.9784
-90.0254
-90.0708
-90.1147
-90.1572
-90.1982
-90.2379
-90.2763
-90.3135
-90.3495
-90.3843
-90.418
-90.4506
-90.4823
-90.5129
-90.5426
-90.5714
-90.5994
-90.6265
-90.6528
-90.6784
-90.7032
-90.7273
-90.7507
-90.7735
-90.7957
-90.8172
-90.8382
-90.8587
-90.8786
-90.8979
-90.9168
-90.9353
-90.9532
-90.9708
-90.9879
-91.0046
-91.0209
-91.0368
-91.0523
-91.0675
-91.0824
-91.0969
-91.1112
-91.1251
-91.1387
-91.152
-91.1651
-91.1778
-91.1904
-91.2026
-91.2146
-91.2264
-91.238
-91.2493
-91.2604
-91.2713
-91.282
-91.2925
-91.3028
-91.3129
-91.3228
-91.3326
-91.3421
-91.3515
-91.3608
-91.3699
-91.3788
-91.3875
-91.3961
-91.4046
-91.4129
-91.4211
-91.4292
-91.4371
-91.4448
-91.4525
-91.46
-91.4674
-91.4747
-91.4818
-91.4889
-91.4958
-91.5026
-91.5093
-91.5159
-91.5224
-91.5288
-91.5351
-91.5413
-91.5474
-91.5534
-91.5593
-91.5651
-91.5708
-91.5764
-91.582
-91.5874
-91.5928
-91.598
-91.6032
-91.6084
-91.6134
-91.6183
-91.6232
-91.628
-91.6327
-91.6374
-91.642
-91.6465
-91.6509
-91.6553
-91.6596
-91.6638
-91.6679
-91.672
-91.6761
-91.68
-91.6839
-91.6878
-91.6915
-91.6953
-91.6989
-91.7025
-91.7061
-91.7095
-91.713
-91.7163
-91.7196
-91.7229
-91.7261
-91.7293
-91.7324
-91.7354
-91.7384
-91.7413
-91.7442
-91.7471
-91.7499
-91.7526
-91.7553
-91.758
-91.7606
-91.7632
-91.7657
-91.7682
-91.7706
-91.773
-91.7754
-91.7777
-91.7799
-91.7822
-91.7844
-91.7865
-91.7886
-91.7907
-91.7927
-91.7947
-91.7967
-91.7986
-91.8005
-91.8023
-91.8041
-91.8059
-91.8076
-91.8093
-91.811
-91.8126
-91.8143
-91.8158
-91.8174
-91.8189
-91.8204
-91.8218
-91.5022
-91.1213
-90.7477
-90.3947
-90.0632
-89.7511
-89.456
-89.1759
-88.9089
-88.6535
-88.4087
-88.1734
-87.9467
-87.7281
-87.5168
-87.3124
-87.1145
-86.9226
-86.7364
-86.5555
-86.3797
-86.2087
-86.0423
-85.8801
-85.7221
-85.5679
-85.4175
-85.2706
-85.1271
-84.9868
-84.8496
-84.7154
-84.584
-84.4552
-84.3291
-84.2054
-84.0842
-83.9652
-83.8484
-83.7336
-83.621
-83.5102
-83.4013
-83.2943
-83.1889
-83.0852
-82.9831
-82.8826
-82.7836
-82.686
-82.5898
-82.4949
-82.4014
-82.3091
-82.2181
-82.1282
-82.0395
-81.9518
-81.8653
-81.7798
-81.6953
-81.6118
-81.5293
-81.4477
-81.367
-81.2872
-81.2082
-81.1301
-81.0529
-80.9764
-80.9007
-80.8257
-80.7515
-80.678
-80.6052
-80.5332
-80.4618
-80.391
-80.321
-80.2515
-80.1827
-80.1145
-80.0469
-79.9799
-79.9135
-79.8476
-79.7823
-79.7175
-79.6533
-79.5896
-79.5265
-79.4638
-79.4016
-79.34
-79.2788
-79.2181
-79.1579
-79.0982
-79.0389
-78.98
-78.9216
-78.8637
-78.8062
-78.7491
-78.6924
-78.6362
-78.5803
-78.5249
-78.4698
-78.4152
-78.3609
-78.307
-78.2535
-78.2004
-78.1477
-78.0953
-78.0433
-77.9916
-77.9403
-77.8893
-77.8387
-77.7884
-77.7385
-77.6888
-77.6396
-77.5906
-77.542
-77.4936
-77.4456
-77.3979
-77.3505
-77.3034
-77.2567
-77.2102
-77.164
-77.118
-77.0724
-77.0271
-76.982
-76.9373
-76.8927
-76.8485
-76.8045
-76.7608
-76.7174
-76.6742
-76.6313
-76.5887
-76.5463
-76.5041
-76.4622
-76.4205
-76.3791
-76.3379
-76.2969
-76.2562
-76.2157
-76.1755
-76.1354
-76.0956
-76.056
-76.0167
-75.9775
-75.9386
-75.8999
-75.8614
-75.8231
-75.785
-75.7471
-75.7094
-75.6719
-75.6346
-75.5975
-75.5605
-75.5238
-75.4873
-75.4509
-75.4148
-75.3788
-75.343
-75.3074
-75.2719
-75.2367
-75.2016
-75.1666
-75.1319
-75.0973
-75.0628
-75.0286
-74.9945
-74.9605
-74.9267
-74.8931
-74.8596
-74.8263
-74.7931
-74.76
-74.7272
-74.6944
-74.6618
-74.6293
-74.597
-74.5648
-74.5328
-74.5009
-74.4691
-74.4375
-74.4059
-74.3745
-74.3433
-74.3121
-74.2811
-74.2502
-74.2194
-74.1888
-74.1582
-74.1278
-74.0975
-74.0673
-74.0372
-74.0072
-73.9773
-73.9475
-73.9179
-73.8883
-73.8588
-73.8295
-73.8002
-73.771
-73.7419
-73.713
-73.6841
-73.6553
-73.6265
-73.5979
-73.5694
-73.5409
-73.5126
-73.4843
-73.4561
-73.4279
-73.3999
-73.3719
-73.344
-73.3162
-73.2884
-73.2607
-73.2331
-73.2056
-73.1781
-73.1507
-73.1234
-73.0961
-73.0688
-73.0417
-73.0146
-72.9875
-72.9605
-72.9336
-72.9067
-72.8799
-72.8531
-72.8264
-72.7997
-72.773
-72.7464
-72.7199
-72.6934
-72.6669
-72.6405
-72.6141
-72.5878
-72.5615
-72.5352
-72.5089
-72.4827
-72.4565
-72.4304
-72.4043
-72.3782
-72.3521
-72.326
-72.3
-72.274
-72.248
-72.222
-72.1961
-72.1702
-72.1442
-72.1183
-72.0924
-72.0666
-72.0407
-72.0148
-71.9889
-71.9631
-71.9372
-71.9114
-71.8855
-71.8597
-71.8338
-71.8079
-71.7821
-71.7562
-71.7303
-71.7044
-71.6785
-71.6526
-71.6267
-71.6007
-71.5748
-71.5488
-71.5228
-71.4968
-71.4707
-71.4446
-71.4185
-71.3924
-71.3663
-71.3401
-71.3138
-71.2876
-71.2613
-71.235
-71.2086
-71.1822
-71.1557
-71.1292
-71.1027
-71.0761
-71.0494
-71.0227
-70.9959
-70.9691
-70.9422
-70.9153
-70.8883
-70.8612
-70.8341
-70.8069
-70.7796
-70.7523
-70.7249
-70.6974
-70.6698
-70.6422
-70.6144
-70.5866
-70.5587
-70.5307
-70.5026
-70.4744
-70.4461
-70.4177
-70.3892
-70.3606
-70.3319
-70.3031
-70.2741
-70.2451
-70.2159
-70.1866
-70.1572
-70.1276
-70.0979
-70.0681
-70.0382
-70.0081
-69.9778
-69.9474
-69.9169
-69.8862
-69.8553
-69.8243
-69.7931
-69.7617
-69.7301
-69.6984
-69.6665
-69.6344
-69.6021
-69.5696
-69.5369
-69.504
-69.4709
-69.4376
-69.404
-69.3703
-69.3363
-69.302
-69.2675
-69.2327
-69.1977
-69.1625
-69.1269
-69.0911
-69.055
-69.0186
-68.9819
-68.9449
-68.9075
-68.8699
-68.8319
-68.7936
-68.7549
-68.7159
-68.6764
-68.6366
-68.5964
-68.5558
-68.5148
-68.4734
-68.4315
-68.3891
-68.3463
-68.303
-68.2592
-68.2148
-68.17
-68.1245
-68.0785
-68.0319
-67.9847
-67.9368
-67.8883
-67.8391
-67.7891
-67.7384
-67.687
-67.6346
-67.5815
-67.5274
-67.4724
-67.4163
-67.3592
-67.301
-67.2416
-67.181
-67.1189
-67.0555
-66.9904
-66.9237
-66.8551
-66.7845
-66.7118
-66.6366
-66.5588
-66.478
-66.3941
-66.3065
-66.215
-66.1192
-66.0184
-65.9124
-65.8005
-65.6821
-65.5567
-65.4236
-65.2822
-65.1318
-64.9718
-64.8014
-64.62
-64.4269
-64.2213
-64.0024
-63.7694
-63.5212
-63.257
-62.9753
-62.6746
-62.3531
-62.0084
-61.6375
-61.2364
-60.8001
-60.3218
-59.792
-59.1978
-58.5205
-57.7321
-56.7887
-55.6168
-54.0826
-51.9111
-48.4392
-41.7213
-26.536
1.10994
33.8164
40.9245
37.0951
24.8317
9.68676
-2.6026
-12.5521
-21.7881
-30.7212
-39.0762
-50.8426
-62.5743
-67.4908
-69.7726
-71.1911
-72.2091
-72.9874
-73.5878
-74.0397
-74.3629
-74.5744
-74.6901
-74.7245
-74.6906
-74.5999
-74.4621
-74.2855
-74.0768
-73.8414
-73.5838
-73.3073
-73.0148
-72.7082
-72.3892
-72.059
-71.7186
-71.3685
-71.0093
-70.6412
-70.2644
-69.8789
-69.4847
-69.0815
-68.6689
-68.2463
-67.8132
-67.3684
-66.9109
-66.4389
-65.9507
-65.4435
-64.9143
-64.359
-63.7721
-63.1466
-62.4731
-61.7383
-60.9237
-60.0019
-58.9308
-57.6426
-56.0199
-53.8423
-50.6445
-45.2917
-34.7557
-15.5108
22.5014
42.778
42.4342
32.2948
15.3463
0.191011
-10.4999
-19.4546
-28.4474
-36.4797
-45.6406
-58.5183
-67.7071
-71.2454
-72.8762
-73.8318
-74.4762
-74.9245
-75.2202
-75.3873
-75.4439
-75.4062
-75.2885
-75.1032
-74.8613
-74.5717
-74.2422
-73.8791
-73.4879
-73.0731
-72.6382
-72.1865
-71.7204
-71.242
-70.7529
-70.2542
-69.7469
-69.2315
-68.7079
-68.1761
-67.6354
-67.0847
-66.5225
-65.9468
-65.3548
-64.743
-64.1067
-63.4399
-62.7344
-61.9794
-61.1599
-60.2544
-59.2313
-58.0413
-56.6035
-54.7744
-52.2727
-48.4744
-41.7931
-28.4301
-7.87556
31.7388
43.1193
39.9125
27.3073
9.9723
-3.47148
-13.3866
-22.3303
-31.2473
-38.8289
-48.9427
-61.4516
-68.084
-70.7191
-72.0572
-72.9175
-73.5393
-73.9956
-74.3139
-74.511
-74.6015
-74.5993
-74.5175
-74.368
-74.1609
-73.9054
-73.609
-73.2782
-72.9183
-72.534
-72.1292
-71.7068
-71.2697
-70.8198
-70.3589
-69.8883
-69.4089
-68.9212
-68.4255
-67.9216
-67.4091
-66.887
-66.354
-65.8084
-65.2477
-64.6688
-64.0677
-63.4391
-62.7763
-62.0699
-61.3077
-60.4722
-59.5383
-58.4681
-57.2015
-55.6368
-53.586
-50.6628
-45.9556
-37.0772
-20.0625
11.2611
39.8473
42.8339
35.3644
19.7345
3.44026
-8.09126
-17.2931
-26.2709
-34.7442
-43.1419
-54.866
-65.0725
-69.241
-71.0939
-72.1488
-72.8634
-73.3817
-73.7544
-74.0051
-74.1495
-74.2014
-74.1733
-74.0764
-73.9209
-73.7157
-73.4683
-73.1851
-72.8718
-72.5328
-72.1721
-71.7929
-71.398
-70.9895
-70.5693
-70.1387
-69.699
-69.2507
-68.7944
-68.3302
-67.858
-67.3773
-66.8872
-66.3865
-65.8738
-65.3467
-64.8025
-64.2378
-63.6478
-63.0267
-62.3667
-61.6571
-60.8836
-60.0256
-59.0528
-57.9186
-56.547
-54.8045
-52.4336
-48.8723
-42.712
-30.4359
-11.375
27.7805
42.5354
40.5187
28.8516
11.6724
-2.24546
-12.3859
-21.3237
-30.2713
-37.8159
-47.4866
-60.0355
-67.3422
-70.1376
-71.4588
-72.2571
-72.8159
-73.2235
-73.5119
-73.6976
-73.7934
-73.8107
-73.7602
-73.6515
-73.493
-73.2922
-73.0552
-72.7876
-72.4939
-72.1779
-71.8428
-71.4915
-71.126
-70.7483
-70.3599
-69.962
-69.5554
-69.1408
-68.7184
-68.2885
-67.8509
-67.405
-66.9503
-66.4857
-66.0099
-65.521
-65.0167
-64.4941
-63.9495
-63.378
-62.7734
-62.1275
-61.4291
-60.6629
-59.8069
-58.8286
-57.6773
-56.2695
-54.4563
-51.9451
-48.0816
-41.1919
-27.3474
-5.70541
33.3615
43.1329
39.3482
26.3159
9.05944
-4.07411
-13.8771
-22.8336
-31.7247
-39.3722
-49.6856
-61.9104
-67.9827
-70.342
-71.4809
-72.1693
-72.6458
-72.9887
-73.2279
-73.3787
-73.4525
-73.4592
-73.4075
-73.3056
-73.1605
-72.9784
-72.7646
-72.5237
-72.2595
-71.9753
-71.6739
-71.3576
-71.0285
-70.688
-70.3376
-69.9782
-69.6108
-69.2359
-68.8539
-68.4649
-68.0689
-67.6658
-67.255
-66.8359
-66.4075
-65.9687
-65.5178
-65.053
-64.5717
-64.0708
-63.5464
-62.9933
-62.4051
-61.773
-61.0853
-60.3254
-59.4699
-58.4835
-57.3107
-55.8586
-53.9588
-51.2721
-47.0176
-39.1537
-23.4524
3.36677
37.8372
43.2892
37.5356
23.0449
6.09908
-6.17084
-15.645
-24.6303
-33.3592
-41.3551
-52.4842
-63.7758
-68.6053
-70.5464
-71.5143
-72.1035
-72.5081
-72.7963
-72.9955
-73.1197
-73.1787
-73.1806
-73.1327
-73.0416
-72.9131
-72.7523
-72.5638
-72.3513
-72.1181
-71.8671
-71.6006
-71.3207
-71.0291
-70.7273
-70.4163
-70.0973
-69.7709
-69.4377
-69.0983
-68.7528
-68.4014
-68.044
-67.6805
-67.3106
-66.9336
-66.549
-66.1559
-65.7531
-65.3392
-64.9126
-64.4711
-64.0122
-63.5324
-63.0277
-62.4928
-61.9208
-61.3024
-60.6254
-59.8723
-59.0178
-58.0241
-56.8306
-55.3346
-53.346
-50.4719
-45.7773
-36.7764
-19.335
13.2271
40.1688
42.6594
34.8328
19.0622
3.02702
-8.37702
-17.5659
-26.5615
-34.9643
-43.4572
-55.2802
-65.1135
-68.9418
-70.5333
-71.3608
-71.8826
-72.2502
-72.5175
-72.7067
-72.8296
-72.8946
-72.9088
-72.8788
-72.8101
-72.7079
-72.5766
-72.4202
-72.2421
-72.0452
-71.8319
-71.6045
-71.3647
-71.1141
-70.8541
-70.5858
-70.31
-70.0277
-69.7393
-69.4454
-69.1464
-68.8425
-68.5339
-68.2206
-67.9026
-67.5796
-67.2516
-66.918
-66.5784
-66.2322
-65.8787
-65.5169
-65.1457
-64.7637
-64.3694
-63.9608
-63.5354
-63.0902
-62.6216
-62.1247
-61.5935
-61.02
-60.3934
-59.6988
-58.9152
-58.0112
-56.9381
-55.6155
-53.8999
-51.5077
-47.7991
-41.1054
-27.3316
-5.62473
32.9101
42.6747
39.0917
26.325
9.4008
-3.63037
-13.4747
-22.4517
-31.3427
-38.9999
-49.2948
-61.5623
-67.4674
-69.6842
-70.7057
-71.2956
-71.6996
-72.0014
-72.2311
-72.4007
-72.5173
-72.5861
-72.6122
-72.6002
-72.5548
-72.4799
-72.3794
-72.2565
-72.1142
-71.9548
-71.7808
-71.5938
-71.3957
-71.1878
-70.9713
-70.7473
-70.5166
-70.28
-70.0382
-69.7916
-69.5408
-69.286
-69.0276
-68.7657
-68.5004
-68.2319
-67.9602
-67.6851
-67.4067
-67.1246
-66.8388
-66.5489
-66.2546
-65.9554
-65.6509
-65.3404
-65.0233
-64.6987
-64.3656
-64.023
-63.6694
-63.3032
-62.9224
-62.5247
-62.1072
-61.666
-61.1967
-60.6933
-60.1478
-59.5499
-58.8851
-58.1326
-57.2618
-56.2251
-54.943
-53.2725
-50.9266
-47.2417
-40.4288
-26.1081
-2.24573
33.2663
41.4608
37.7839
25.212
9.10786
-3.41194
-13.1944
-22.2063
-31.0429
-38.8259
-49.1945
-60.885
-66.0898
-68.0811
-69.0992
-69.7399
-70.2081
-70.5822
-70.8921
-71.1491
-71.3582
-71.5228
-71.6458
-71.7307
-71.7807
-71.7993
-71.79
-71.7556
-71.6992
-71.6233
-71.5303
-71.422
-71.3005
-71.1672
-71.0237
-70.871
-70.7103
-70.5425
-70.3685
-70.189
-70.0045
-69.8157
-69.623
-69.4269
-69.2275
-69.0254
-68.8206
-68.6135
-68.4041
-68.1927
-67.9793
-67.7639
-67.5468
-67.3277
-67.1069
-66.8842
-66.6595
-66.4329
-66.2042
-65.9733
-65.7401
-65.5044
-65.266
-65.0246
-64.7802
-64.5322
-64.2804
-64.0245
-63.7638
-63.498
-63.2264
-62.9484
-62.663
-62.3694
-62.0663
-61.7524
-61.4261
-61.0853
-60.7275
-60.3496
-59.9477
-59.5167
-59.0499
-58.5383
-57.9695
-57.3252
-56.5785
-55.6862
-54.5743
-53.1036
-50.9749
-47.4208
-40.0789
-24.3001
4.87674
32.4196
37.7152
33.2077
21.9891
9.13497
-1.66399
-10.9893
-19.9455
-28.5517
-36.8492
-47.3243
-57.189
-61.365
-62.6932
-63.7265
-64.7587
-65.6315
-66.3402
-66.9315
-67.4433
-67.8975
-68.3047
-68.6692
-68.9927
-69.2766
-69.5219
-69.7306
-69.9046
-70.0465
-70.1587
-70.2439
-70.3046
-70.343
-70.3615
-70.3622
-70.3467
-70.3169
-70.2742
-70.2201
-70.1557
-70.0822
-70.0005
-69.9114
-69.8159
-69.7145
-69.608
-69.4969
-69.3816
-69.2627
-69.1406
-69.0157
-68.8882
-68.7585
-68.6269
-68.4936
-68.3588
-68.2229
-68.0859
-67.948
-67.8095
-67.6705
-67.531
-67.3913
-67.2515
-67.1116
-66.9719
-66.8323
-66.6931
-66.5543
-66.4159
-66.2782
-66.1411
-66.0047
-65.8692
-65.7346
-65.6009
-65.4683
-65.3368
-65.2064
-65.0772
-64.9493
-64.8227
-64.6975
-64.5737
-64.4513
-64.3304
-64.211
-64.0931
-63.9767
-63.8618
-63.7485
-63.6367
-63.5265
-63.4177
-63.3104
-63.2046
-63.1001
-62.997
-62.8952
-62.7946
-62.6952
-62.5967
-62.4992
-62.4026
-62.3065
-62.2111
-62.1159
-62.0209
-61.9258
-61.8304
-61.7344
-61.6375
-61.5392
-61.4391
-61.3368
-61.2316
-61.1228
-61.0095
-60.8906
-60.7648
-60.6304
-60.4854
-60.3267
-60.1507
-59.9519
-59.7227
-59.4515
-59.1196
-58.6944
-58.1133
-57.2352
-55.6655
-52.053
-43.1864
-24.6516
3.31666
28.1417
34.4533
30.6007
22.0589
12.9711
4.08623
-4.44168
-12.8684
-21.6015
-30.9571
-40.3751
-48.5099
-53.4228
-55.7083
-56.8967
-58.1204
-59.6592
-61.1229
-62.2955
-63.2089
-63.9455
-64.5676
-65.1135
-65.605
-66.0537
-66.4657
-66.8438
-67.1896
-67.5043
-67.7891
-68.0454
-68.275
-68.4797
-68.6613
-68.8218
-68.9628
-69.0862
-69.1933
-69.2857
-69.3647
-69.4315
-69.4871
-69.5326
-69.569
-69.5969
-69.6171
-69.6304
-69.6374
-69.6385
-69.6344
-69.6255
-69.6123
-69.5952
-69.5745
-69.5506
-69.5239
-69.4947
-69.4632
-69.4297
-69.3945
-69.3579
-69.32
-69.2811
-69.2414
-69.201
-69.1602
-69.1192
-69.078
-69.0369
-68.996
-68.9555
-68.9154
-68.8759
-68.8371
-68.7991
-68.7621
-68.726
-68.6911
-68.6573
-68.6248
-68.5936
-68.5638
-68.5355
-68.5086
-68.4833
-68.4595
-68.4374
-68.417
-68.3982
-68.3812
-68.3658
-68.3522
-68.3403
-68.3302
-68.3219
-68.3153
-68.3105
-68.3074
-68.306
-68.3064
-68.3084
-68.3122
-68.3176
-68.3247
-68.3334
-68.3436
-68.3555
-68.3689
-68.3838
-68.4002
-68.418
-68.4373
-68.458
-68.48
-68.5033
-68.5279
-68.5537
-68.5808
-68.6091
-68.6385
-68.669
-68.7006
-68.7332
-68.7669
-68.8016
-68.8371
-68.8737
-68.9111
-68.9493
-68.9884
-69.0283
-69.0689
-69.1103
-69.1524
-69.1951
-69.2386
-69.2826
-69.3273
-69.3726
-69.4184
-69.4647
-69.5116
-69.559
-69.6068
-69.6551
-69.7038
-69.753
-69.8025
-69.8524
-69.9027
-69.9534
-70.0043
-70.0556
-70.1072
-70.1591
-70.2112
-70.2636
-70.3163
-70.3692
-70.4223
-70.4756
-70.5292
-70.5829
-70.6368
-70.6909
-70.7451
-70.7995
-70.8541
-70.9088
-70.9636
-71.0185
-71.0736
-71.1288
-71.184
-71.2394
-71.2948
-71.3504
-71.406
-71.4617
-71.5174
-71.5732
-71.6291
-71.685
-71.7409
-71.7969
-71.8529
-71.909
-71.965
-72.0211
-72.0772
-72.1334
-72.1895
-72.2456
-72.3018
-72.3579
-72.414
-72.4701
-72.5262
-72.5823
-72.6384
-72.6944
-72.7505
-72.8064
-72.8624
-72.9183
-72.9742
-73.03
-73.0858
-73.1415
-73.1972
-73.2528
-73.3084
-73.3639
-73.4193
-73.4747
-73.53
-73.5853
-73.6404
-73.6955
-73.7505
-73.8054
-73.8602
-73.915
-73.9696
-74.0242
-74.0786
-74.133
-74.1872
-74.2413
-74.2954
-74.3493
-74.4031
-74.4568
-74.5104
-74.5638
-74.6171
-74.6703
-74.7234
-74.7763
-74.8291
-74.8817
-74.9343
-74.9866
-75.0388
-75.0909
-75.1428
-75.1946
-75.2462
-75.2976
-75.3489
-75.4001
-75.451
-75.5018
-75.5524
-75.6028
-75.6531
-75.7032
-75.7531
-75.8028
-75.8523
-75.9016
-75.9508
-75.9997
-76.0485
-76.0971
-76.1454
-76.1936
-76.2415
-76.2893
-76.3368
-76.3841
-76.4312
-76.4781
-76.5248
-76.5713
-76.6175
-76.6636
-76.7094
-76.7549
-76.8003
-76.8454
-76.8903
-76.935
-76.9794
-77.0236
-77.0675
-77.1112
-77.1547
-77.198
-77.241
-77.2837
-77.3262
-77.3685
-77.4105
-77.4523
-77.4938
-77.5351
-77.5761
-77.6169
-77.6575
-77.6977
-77.7378
-77.7775
-77.8171
-77.8563
-77.8953
-77.9341
-77.9726
-78.0108
-78.0488
-78.0866
-78.124
-78.1613
-78.1982
-78.2349
-78.2714
-78.3076
-78.3435
-78.3792
-78.4146
-78.4497
-78.4847
-78.5193
-78.5537
-78.5878
-78.6217
-78.6553
-78.6887
-78.7218
-78.7547
-78.7873
-78.8196
-78.8518
-78.8836
-78.9152
-78.9465
-78.9776
-79.0085
-79.0391
-79.0694
-79.0995
-79.1294
-79.159
-79.1884
-79.2175
-79.2464
-79.275
-79.3034
-79.3316
-79.3595
-79.3872
-79.4146
-79.4418
-79.4688
-79.4956
-79.5221
-79.5483
-79.5744
-79.6002
-79.6258
-79.6511
-79.6763
-79.7012
-79.7259
-79.7503
-79.7746
-79.7986
-79.8224
-79.846
-79.8693
-79.8925
-79.9154
-79.9381
-79.9607
-79.983
-80.0051
-80.0269
-80.0486
-80.0701
-80.0914
-80.1124
-80.1333
-80.154
-80.1745
-80.1947
-80.2148
-80.2347
-80.2544
-80.2739
-80.2932
-80.3123
-80.3313
-80.35
-80.3686
-80.3869
-80.4051
-80.4232
-80.441
-80.4586
-80.4761
-80.4934
-80.5106
-80.5275
-80.5443
-80.5609
-80.5774
-80.5936
-80.6097
-80.6257
-80.6415
-80.6571
-80.6725
-80.6878
-80.7029
-80.7179
-80.7327
-80.7474
-80.7619
-80.7763
-80.7905
-80.8045
-80.8184
-80.8322
-80.8458
-80.8592
-80.8726
-80.8857
-80.8988
-80.9117
-80.9244
-80.937
-80.9495
-80.9618
-80.974
-80.9861
-80.998
-81.0098
-81.0215
-81.033
-81.0445
-81.0557
-81.0669
-81.0779
-81.0888
-81.0996
-81.1103
-81.1208
-81.1312
-81.1415
-81.1517
-81.1618
-81.1717
-81.1816
-81.1913
-81.2009
-81.2104
-81.2198
-81.2291
-81.2382
-81.2473
-81.2562
-81.2651
-81.2738
-81.2825
-81.291
-81.2994
-81.3077
-81.316
-81.3241
-81.3321
-81.34
-81.3479
-81.3556
-81.3632
-81.3708

