-65
-64.9994
-64.9988
-64.9982
-64.9977
-64.9971
-64.9965
-64.996
-64.9954
-64.9949
-64.9943
-64.9938
-64.9932
-64.9927
-64.9922
-64.9917
-64.9912
-64.9906
-64.9901
-64.9896
-64.9891
-64.9886
-64.9881
-64.9876
-64.9872
-64.9867
-64.9862
-64.9857
-64.9852
-64.9848
-64.9843
-64.9838
-64.9834
-64.9829
-64.9825
-64.982
-64.9816
-64.9811
-64.9807
-64.9802
-64.9798
-64.9794
-64.9789
-64.9785
-64.9781
-64.9777
-64.9772
-64.9768
-64.9764
-64.976
-64.9756
-64.9752
-64.9748
-64.9744
-64.974
-64.9736
-64.9732
-64.9728
-64.9725
-64.9721
-64.9717
-64.9713
-64.971
-64.9706
-64.9702
-64.9699
-64.9695
-64.9692
-64.9688
-64.9685
-64.9681
-64.9678
-64.9675
-64.9671
-64.9668
-64.9665
-64.9661
-64.9658
-64.9655
-64.9652
-64.9649
-64.9646
-64.9642
-64.9639
-64.9636
-64.9633
-64.963
-64.9628
-64.9625
-64.9622
-64.9619
-64.9616
-64.9613
-64.9611
-64.9608
-64.9605
-64.9603
-64.96
-64.9598
-64.9595
-64.9592
-64.959
-64.9588
-64.9585
-64.9583
-64.958
-64.9578
-64.9576
-64.9573
-64.9571
-64.9569
-64.9567
-64.9565
-64.9562
-64.956
-64.9558
-64.9556
-64.9554
-64.9552
-64.955
-64.9548
-64.9546
-64.9545
-64.9543
-64.9541
-64.9539
-64.9537
-64.9536
-64.9534
-64.9532
-64.9531
-64.9529
-64.9527
-64.9526
-64.9524
-64.9523
-64.9521
-64.952
-64.9519
-64.9517
-64.9516
-64.9514
-64.9513
-64.9512
-64.9511
-64.9509
-64.9508
-64.9507
-64.9506
-64.9505
-64.9504
-64.9503
-64.9502
-64.95
-64.9499
-64.9499
-64.9498
-64.9497
-64.9496
-64.9495
-64.9494
-64.9493
-64.9492
-64.9492
-64.9491
-64.949
-64.9489
-64.9489
-64.9488
-64.9487
-64.9487
-64.9486
-64.9486
-64.9485
-64.9485
-64.9484
-64.9484
-64.9483
-64.9483
-64.9482
-64.9482
-64.9482
-64.9481
-64.9481
-64.9481
-64.948
-64.948
-64.948
-64.948
-64.948
-64.9479
-64.9479
-64.9479
-64.9479
-64.9479
-64.9479
-64.9479
-64.9479
-64.9479
-64.9479
-64.9479
-64.9479
-64.9479
-64.9479
-64.9479
-64.9479
-64.9479
-64.9479
-64.948
-64.948
-64.948
-64.948
-64.9481
-64.9481
-64.9481
-64.9481
-64.9482
-64.9482
-64.9482
-64.9483
-64.9483
-64.9483
-64.9484
-64.9484
-64.9485
-64.9485
-64.9486
-64.9486
-64.9487
-64.9487
-64.9488
-64.9488
-64.9489
-64.9489
-64.949
-64.9491
-64.9491
-64.9492
-64.9492
-64.9493
-64.9494
-64.9494
-64.9495
-64.9496
-64.9497
-64.9497
-64.9498
-64.9499
-64.95
-64.95
-64.9501
-64.9502
-64.9503
-64.9504
-64.9504
-64.9505
-64.9506
-64.9507
-64.9508
-64.9509
-64.951
-64.951
-64.9511
-64.9512
-64.9513
-64.9514
-64.9515
-64.9516
-64.9517
-64.9518
-64.9519
-64.952
-64.9521
-64.9522
-64.9523
-64.9524
-64.9525
-64.9526
-64.9527
-64.9528
-64.9529
-64.953
-64.9532
-64.9533
-64.9534
-64.9535
-64.9536
-64.9537
-64.9538
-64.9539
-64.954
-64.9542
-64.9543
-64.9544
-64.9545
-64.9546
-64.9547
-64.9548
-64.955
-64.9551
-64.9552
-64.9553
-64.9554
-64.9556
-64.9557
-64.9558
-64.9559
-64.956
-64.9562
-64.9563
-64.9564
-64.9565
-64.9566
-64.9568
-64.9569
-64.957
-64.9571
-64.9573
-64.9574
-64.9575
-64.9576
-64.9578
-64.9579
-64.958
-64.9581
-64.9583
-64.9584
-64.9585
-64.9587
-64.9588
-64.9589
-64.959
-64.9592
-64.9593
-64.9594
-64.9595
-64.9597
-64.9598
-64.9599
-64.96
-64.9602
-64.9603
-64.9604
-64.9606
-64.9607
-64.9608
-64.9609
-64.9611
-64.9612
-64.9613
-64.9614
-64.9616
-64.9617
-64.9618
-64.962
-64.9621
-64.9622
-64.9623
-64.9625
-64.9626
-64.9627
-64.9628
-64.963
-64.9631
-64.9632
-64.9633
-64.9635
-64.9636
-64.9637
-64.9638
-64.964
-64.9641
-64.9642
-64.9643
-64.9645
-64.9646
-64.9647
-64.9648
-64.9649
-64.9651
-64.9652
-64.9653
-64.9654
-64.9655
-64.9657
-64.9658
-64.9659
-64.966
-64.9661
-64.9663
-64.9664
-64.9665
-64.9666
-64.9667
-64.9668
-64.967
-64.9671
-64.9672
-64.9673
-64.9674
-64.9675
-64.9677
-64.9678
-64.9679
-64.968
-64.9681
-64.9682
-64.9683
-64.9684
-64.9685
-64.9687
-64.9688
-64.9689
-64.969
-64.9691
-64.9692
-64.9693
-64.9694
-64.9695
-64.9696
-64.9697
-64.9698
-64.9699
-64.97
-64.9701
-64.9702
-64.9703
-64.9704
-64.9705
-64.9706
-64.9707
-64.9708
-64.9709
-64.971
-64.9711
-64.9712
-64.9713
-64.9714
-64.9715
-64.9716
-64.9717
-64.9718
-64.9719
-64.972
-64.9721
-64.9722
-64.9722
-64.9723
-64.9724
-64.9725
-64.9726
-64.9727
-64.9728
-64.9729
-64.9729
-64.973
-64.9731
-64.9732
-64.9733
-64.9734
-64.9734
-64.9735
-64.9736
-64.9737
-64.9738
-64.9738
-64.9739
-64.974
-64.9741
-64.9741
-64.9742
-64.9743
-64.9744
-64.9744
-64.9745
-64.9746
-64.9747
-64.9747
-64.9748
-64.9749
-64.9749
-64.975
-64.9751
-64.9751
-64.9752
-64.9753
-64.9753
-64.9754
-64.9755
-64.9755
-64.9756
-64.9757
-64.9757
-64.9758
-64.9758
-64.9759
-64.976
-64.976
-64.9761
-64.9761
-64.9762
-64.9762
-64.9763
-64.9764
-64.9764
-64.9765
-64.9765
-64.9766
-64.9766
-64.9767
-64.9767
-64.9768
-64.9768
-64.9769
-64.9769
-64.977
-64.977
-64.9771
-64.9771
-64.9771
-64.9772
-64.9772
-64.9773
-64.9773
-64.9774
-64.9774
-64.9774
-64.9775
-64.9775
-64.9776
-64.9776
-64.9776
-64.9777
-64.9777
-64.9778
-64.9778
-64.9778
-64.9779
-64.9779
-64.9779
-64.978
-64.978
-64.978
-64.9781
-64.9781
-64.9781
-64.9781
-64.9782
-64.9782
-64.9782
-64.9783
-64.9783
-64.9783
-64.9783
-64.9784
-64.9784
-64.9784
-64.9784
-64.9785
-64.9785
-64.9785
-64.9785
-64.9785
-64.9786
-64.9786
-64.9786
-64.9786
-64.9786
-64.9787
-64.9787
-64.9787
-64.9787
-64.9787
-64.9787
-64.9787
-64.9788
-64.9788
-64.9788
-64.9788
-64.9788
-64.9788
-64.9788
-64.9789
-64.9789
-64.9789
-64.9789
-64.9789
-64.9789
-64.9789
-64.9789
-64.9789
-64.9789
-64.9789
-64.9789
-64.9789
-64.979
-64.979
-64.979
-64.979
-64.979
-64.979
-64.979
-64.979
-64.979
-64.979
-64.979
-64.979
-64.979
-64.979
-64.979
-64.979
-64.979
-64.979
-64.979
-64.979
-64.979
-64.979
-64.979
-64.979
-64.979
-64.979
-64.979
-64.9789
-64.9789
-64.9789
-64.9789
-64.9789
-64.9789
-64.9789
-64.9789
-64.9789
-64.9789
-64.9789
-64.9789
-64.9789
-64.9789
-64.9788
-64.9788
-64.9788
-64.9788
-64.9788
-64.9788
-64.9788
-64.9788
-64.9788
-64.9787
-64.9787
-64.9787
-64.9787
-64.9787
-64.9787
-64.9787
-64.9787
-64.9786
-64.9786
-64.9786
-64.9786
-64.9786
-64.9786
-64.9786
-64.9785
-64.9785
-64.9785
-64.9785
-64.9785
-64.9785
-64.9784
-64.9784
-64.9784
-64.9784
-64.9784
-64.9783
-64.9783
-64.9783
-64.9783
-64.9783
-64.9783
-64.9782
-64.9782
-64.9782
-64.9782
-64.9782
-64.9781
-64.9781
-64.9781
-64.9781
-64.9781
-64.978
-64.978
-64.978
-64.978
-64.9779
-64.9779
-64.9779
-64.9779
-64.9779
-64.9778
-64.9778
-64.9778
-64.9778
-64.9778
-64.9777
-64.9777
-64.9777
-64.9777
-64.9776
-64.9776
-64.9776
-64.9776
-64.8429
-64.6207
-64.334
-63.9973
-63.6209
-63.2127
-62.7791
-62.3249
-61.8544
-61.3708
-60.8768
-60.3746
-59.8661
-59.3528
-58.8358
-58.3161
-57.7946
-57.2718
-56.7482
-56.2241
-55.6998
-55.1753
-54.6507
-54.1257
-53.6002
-53.0739
-52.5462
-52.0167
-51.4846
-50.9491
-50.4094
-49.8643
-49.3126
-48.7529
-48.0883
-47.3555
-46.571
-45.7437
-44.8785
-43.9777
-43.0417
-42.069
-41.0568
-40.001
-38.896
-37.7348
-36.5092
-35.2095
-33.8243
-32.3409
-30.7445
-29.0189
-27.1462
-25.1068
-22.8806
-20.4468
-17.7862
-14.8826
-11.7257
-8.315
-4.66358
-0.802809
3.21468
7.31407
11.4012
15.3695
19.1103
22.5248
25.5353
28.0926
30.1792
31.8076
33.0141
33.8505
34.3749
34.6445
34.711
34.6176
34.3988
34.0813
33.6848
33.2243
32.7104
32.1514
31.5534
30.9209
30.2579
29.5673
28.8518
28.1136
27.3548
26.5772
25.7825
24.9722
24.1479
23.3108
22.4623
21.6035
20.7357
19.8599
18.9772
18.0885
17.1948
16.2969
15.3956
14.4918
13.586
12.6791
11.7715
10.864
9.95703
9.05111
8.14672
7.24428
6.3442
5.44683
4.55252
3.66157
2.77425
1.8908
1.01146
0.136429
-0.734126
-1.60005
-2.46119
-3.31744
-4.1687
-5.01489
-5.85593
-6.69177
-7.52238
-8.34772
-9.16778
-9.98256
-10.7921
-11.5963
-12.3953
-13.1892
-13.9779
-14.7615
-15.5401
-16.3139
-17.0827
-17.8469
-18.6065
-19.3616
-20.1124
-20.8591
-21.6017
-22.3406
-23.076
-23.808
-24.5369
-25.2631
-25.9868
-26.7084
-27.4282
-28.1466
-28.8641
-29.5811
-30.298
-31.0155
-31.7341
-32.4544
-33.177
-33.9026
-34.6319
-35.3656
-36.1046
-36.8496
-37.6015
-38.361
-39.1291
-39.9066
-40.6943
-41.493
-42.3034
-43.1262
-43.9619
-44.8108
-45.6731
-46.5486
-47.4369
-48.3372
-49.2483
-50.1683
-51.095
-52.0254
-52.9559
-53.8825
-54.8005
-55.7047
-56.5895
-57.4495
-58.2791
-59.0731
-59.8267
-60.536
-61.1981
-61.8109
-62.3735
-62.8859
-63.3493
-63.7655
-64.1371
-64.467
-64.7586
-65.0154
-65.2408
-65.4382
-65.611
-65.7622
-65.8945
-66.0105
-66.1124
-66.2022
-66.2816
-66.3522
-66.4153
-66.4719
-66.5232
-66.5698
-66.6125
-66.6519
-66.6886
-66.7228
-66.755
-66.7856
-66.8147
-66.8425
-66.8693
-66.8953
-66.9205
-66.945
-66.969
-66.9925
-67.0157
-67.0385
-67.061
-67.0832
-67.1052
-67.127
-67.1487
-67.1702
-67.1915
-67.2128
-67.234
-67.255
-67.276
-67.2969
-67.3177
-67.3385
-67.3591
-67.3798
-67.4003
-67.4209
-67.4413
-67.4617
-67.4821
-67.5024
-67.5226
-67.5428
-67.5629
-67.583
-67.603
-67.623
-67.6429
-67.6627
-67.6825
-67.7022
-67.7219
-67.7415
-67.761
-67.7805
-67.7999
-67.8192
-67.8385
-67.8577
-67.8768
-67.8959
-67.9148
-67.9337
-67.9526
-67.9713
-67.99
-68.0085
-68.027
-68.0454
-68.0638
-68.082
-68.1002
-68.1182
-68.1362
-68.1541
-68.1719
-68.1896
-68.2072
-68.2247
-68.2421
-68.2594
-68.2766
-68.2938
-68.3108
-68.3277
-68.3445
-68.3612
-68.3778
-68.3944
-68.4108
-68.4271
-68.4433
-68.4593
-68.4753
-68.4912
-68.507
-68.5226
-68.5382
-68.5536
-68.5689
-68.5841
-68.5992
-68.6142
-68.6291
-68.6438
-68.6585
-68.673
-68.6874
-68.7017
-68.7159
-68.7299
-68.7439
-68.7577
-68.7714
-68.785
-68.7985
-68.8119
-68.8251
-68.8382
-68.8512
-68.8641
-68.8768
-68.8895
-68.902
-68.9144
-68.9267
-68.9388
-68.9509
-68.9628
-68.9746
-68.9862
-68.9978
-69.0092
-69.0205
-69.0317
-69.0428
-69.0537
-69.0645
-69.0752
-69.0858
-69.0962
-69.1066
-69.1168
-69.1269
-69.1368
-69.1467
-69.1564
-69.166
-69.1755
-69.1848
-69.194
-69.2031
-69.2121
-69.221
-69.2297
-69.2384
-69.2469
-69.2552
-69.2635
-69.2716
-69.2797
-69.2876
-69.2953
-69.303
-69.3105
-69.3179
-69.3252
-69.3324
-69.3395
-69.3464
-69.3532
-69.3599
-69.3665
-69.373
-69.3793
-69.3855
-69.3916
-69.3976
-69.4035
-69.4093
-69.4149
-69.4204
-69.4258
-69.4311
-69.4363
-69.4414
-69.4463
-69.4512
-69.4559
-69.4605
-69.465
-69.4694
-69.4736
-69.4778
-69.4818
-69.4857
-69.4895
-69.4932
-69.4968
-69.5003
-69.5037
-69.507
-69.5101
-69.5131
-69.5161
-69.5189
-69.5216
-69.5242
-69.5267
-69.5291
-69.5314
-69.5336
-69.5356
-69.5376
-69.5395
-69.5412
-69.5429
-69.5444
-69.5458
-69.5472
-69.5484
-69.5495
-69.5506
-69.5515
-69.5523
-69.553
-69.5537
-69.5542
-69.5546
-69.5549
-69.5551
-69.5553
-69.5553
-69.5552
-69.555
-69.5548
-69.5544
-69.5539
-69.5534
-69.5527
-69.552
-69.5511
-69.5502
-69.5491
-69.548
-69.5468
-69.5455
-69.5441
-69.5426
-69.541
-69.5393
-69.5375
-69.5357
-69.5337
-69.5317
-69.5296
-69.5273
-69.525
-69.5226
-69.5202
-69.5176
-69.515
-69.5122
-69.5094
-69.5065
-69.5035
-69.5004
-69.4973
-69.494
-69.4907
-69.4873
-69.4838
-69.4802
-69.4766
-69.4729
-69.469
-69.4651
-69.4612
-69.4571
-69.453
-69.4488
-69.4445
-69.4402
-69.4357
-69.4312
-69.4266
-69.422
-69.4172
-69.4124
-69.4075
-69.4026
-69.3976
-69.3925
-69.3873
-69.382
-69.3767
-69.3713
-69.3659
-69.3604
-69.3548
-69.3491
-69.3434
-69.3376
-69.3317
-69.3258
-69.3198
-69.3137
-69.3076
-69.3014
-69.2951
-69.2888
-69.2824
-69.276
-69.2695
-69.2629
-69.2563
-69.2496
-69.2428
-69.236
-69.2291
-69.2222
-69.2152
-69.2081
-69.201
-69.1938
-69.1866
-69.1793
-69.172
-69.1646
-69.1571
-69.1496
-69.142
-69.1344
-69.1267
-69.119
-69.1112
-69.1034
-69.0955
-69.0876
-69.0796
-69.0716
-69.0635
-69.0553
-69.0472
-69.0389
-69.0306
-69.0223
-69.0139
-69.0055
-68.997
-68.9885
-68.8381
-68.5963
-68.2881
-67.9288
-67.5297
-67.0993
-66.6442
-66.1699
-65.6806
-65.18
-64.671
-64.1559
-63.6368
-63.1154
-62.593
-62.0707
-61.5497
-61.0307
-60.5145
-60.0015
-59.4923
-58.9874
-58.4869
-57.9913
-57.5006
-57.0149
-56.5345
-56.0592
-55.589
-55.1239
-54.6636
-54.2081
-53.757
-53.3101
-52.867
-52.4274
-51.9908
-51.5567
-51.1245
-50.6937
-50.2636
-49.8334
-49.4025
-48.9698
-48.5346
-48.0957
-47.6522
-47.2027
-46.7461
-46.2808
-45.8055
-45.3184
-44.8176
-44.3013
-43.7672
-43.2128
-42.6356
-42.0326
-41.4004
-40.7355
-40.0338
-39.2908
-38.5014
-37.6599
-36.7602
-35.795
-34.7565
-33.636
-32.4235
-31.1084
-29.6788
-28.1218
-26.4239
-24.5707
-22.5478
-20.3412
-17.9386
-15.3306
-12.5125
-9.48689
-6.26603
-2.87442
0.649119
4.25055
7.86159
11.403
14.7903
17.9413
20.7838
23.2637
25.3491
27.0319
28.3259
29.2612
29.8786
30.2231
30.3389
30.2664
30.0407
29.6905
29.2391
28.7049
28.1023
27.4425
26.7342
25.9846
25.1993
24.3828
23.5391
22.6716
21.7831
20.8762
19.9532
19.0162
18.0671
17.1076
16.1394
15.1638
14.1823
13.1961
12.2064
11.2141
10.2204
9.22605
8.23194
7.2388
6.24734
5.25817
4.27186
3.28893
2.30983
1.33499
0.364761
-0.600518
-1.56056
-2.51513
-3.46399
-4.40697
-5.34391
-6.27468
-7.19919
-8.11735
-9.02911
-9.93442
-10.8333
-11.7257
-12.6117
-13.4912
-14.3645
-15.2315
-16.0922
-16.9469
-17.7957
-18.6386
-19.4758
-20.3075
-21.1339
-21.9551
-22.7715
-23.5833
-24.3906
-25.194
-25.9936
-26.7898
-27.583
-28.3737
-29.1623
-29.9492
-30.735
-31.5203
-32.3057
-33.0918
-33.8792
-34.6688
-35.4613
-36.2575
-37.0582
-37.8643
-38.6767
-39.4964
-40.3243
-41.1614
-42.0087
-42.867
-43.7374
-44.6206
-45.5175
-46.4288
-47.3548
-48.296
-49.2525
-50.2239
-51.2098
-52.209
-53.2201
-54.241
-55.2689
-56.3005
-57.3317
-58.3578
-59.3734
-60.3727
-61.3492
-62.2966
-63.2086
-64.079
-64.9026
-65.6748
-66.3922
-67.0526
-67.6551
-68.2001
-68.689
-69.1243
-69.5092
-69.8473
-70.1427
-70.3997
-70.6222
-70.8144
-70.9799
-71.1222
-71.2444
-71.3493
-71.4394
-71.5168
-71.5834
-71.6408
-71.6904
-71.7334
-71.7708
-71.8034
-71.832
-71.8572
-71.8795
-71.8994
-71.9171
-71.9331
-71.9476
-71.9607
-71.9728
-71.9839
-71.9943
-72.0039
-72.0129
-72.0214
-72.0294
-72.037
-72.0443
-72.0513
-72.058
-72.0645
-72.0707
-72.0768
-72.0827
-72.0884
-72.094
-72.0994
-72.1047
-72.1099
-72.115
-72.12
-72.1249
-72.1297
-72.1344
-72.139
-72.1435
-72.1479
-72.1522
-72.1565
-72.1607
-72.1648
-72.1688
-72.1727
-72.1766
-72.1804
-72.1841
-72.1877
-72.1912
-72.1947
-72.1981
-72.2014
-72.2046
-72.2077
-72.2108
-72.2138
-72.2167
-72.2195
-72.2222
-72.2249
-72.2274
-72.2299
-72.2323
-72.2346
-72.2368
-72.2389
-72.241
-72.2429
-72.2448
-72.2466
-72.2483
-72.2499
-72.2514
-72.2528
-72.2541
-72.2554
-72.2565
-72.2576
-72.2585
-72.2594
-72.2602
-72.2609
-72.2615
-72.262
-72.2624
-72.2627
-72.2629
-72.263
-72.263
-72.263
-72.2628
-72.2625
-72.2622
-72.2617
-72.2612
-72.2605
-72.2598
-72.2589
-72.258
-72.257
-72.2558
-72.2546
-72.2533
-72.2519
-72.2503
-72.2487
-72.247
-72.2452
-72.2433
-72.2413
-72.2392
-72.237
-72.2346
-72.2322
-72.2297
-72.2271
-72.2244
-72.2216
-72.2188
-72.2158
-72.2127
-72.2095
-72.2062
-72.0588
-71.822
-71.5228
-71.1779
-70.799
-70.3947
-69.9719
-69.5358
-69.0907
-68.6399
-68.1861
-67.7314
-67.2777
-66.8264
-66.3786
-65.9354
-65.4975
-65.0656
-64.6402
-64.2218
-63.8107
-63.4072
-63.0116
-62.624
-62.2444
-61.8731
-61.5101
-61.1553
-60.8088
-60.4706
-60.1406
-59.8187
-59.5048
-59.1989
-58.9008
-58.6105
-58.3278
-58.0525
-57.7846
-57.5238
-57.27
-57.0231
-56.7829
-56.5492
-56.3219
-56.1008
-55.8858
-55.6767
-55.4732
-55.2753
-55.0829
-54.8956
-54.7135
-54.5362
-54.3638
-54.196
-54.0326
-53.8736
-53.7188
-53.5681
-53.4213
-53.2783
-53.139
-53.0032
-52.8709
-52.7419
-52.6162
-52.4935
-52.3739
-52.2572
-52.1433
-52.0322
-51.9237
-51.8177
-51.7142
-51.6132
-51.5144
-51.4179
-51.3236
-51.2315
-51.1413
-51.0532
-50.967
-50.8827
-50.8003
-50.7196
-50.6406
-50.5634
-50.4878
-50.4138
-50.3413
-50.2704
-50.201
-50.133
-50.0665
-50.0013
-49.9375
-49.8751
-49.8139
-49.7541
-49.6955
-49.6381
-49.582
-49.527
-49.4732
-49.4206
-49.3691
-49.3188
-49.2695
-49.2214
-49.1743
-49.1283
-49.0833
-49.0394
-48.9966
-48.9547
-48.9139
-48.8741
-48.8353
-48.7975
-48.7607
-48.7249
-48.69
-48.6562
-48.6233
-48.5914
-48.5605
-48.5305
-48.5016
-48.4736
-48.4465
-48.4205
-48.3954
-48.3713
-48.3482
-48.3261
-48.305
-48.2849
-48.2658
-48.2477
-48.2306
-48.2146
-48.1995
-48.1856
-48.1727
-48.1608
-48.1501
-48.1404
-48.1319
-48.1244
-48.1181
-48.113
-48.1091
-48.1063
-48.1047
-48.1044
-48.1053
-48.1075
-48.111
-48.1157
-48.1219
-48.1293
-48.1382
-48.1485
-48.1602
-48.1734
-48.1881
-48.2043
-48.2221
-48.2415
-48.2626
-48.2853
-48.3097
-48.3358
-48.3638
-48.3935
-48.4252
-48.4587
-48.4942
-48.5318
-48.5713
-48.613
-48.6568
-48.7028
-48.7511
-48.8016
-48.8545
-48.9099
-48.9677
-49.028
-49.0909
-49.1565
-49.2248
-49.2958
-49.3697
-49.4464
-49.5261
-49.6088
-49.6946
-49.7835
-49.8756
-49.971
-50.0697
-50.1717
-50.2772
-50.3861
-50.4986
-50.6146
-50.7343
-50.8576
-50.9847
-51.1154
-51.25
-51.3883
-51.5304
-51.6764
-51.8262
-51.9798
-52.1373
-52.2985
-52.4635
-52.6323
-52.8048
-52.9809
-53.1606
-53.3439
-53.5306
-53.7206
-53.9138
-54.1102
-54.3095
-54.5117
-54.7166
-54.924
-55.1338
-55.3457
-55.5596
-55.7753
-55.9926
-56.2113
-56.431
-56.6517
-56.873
-57.0947
-57.2035
-57.2418
-57.2296
-57.1792
-57.0989
-56.9948
-56.8716
-56.7329
-56.5817
-56.4203
-56.2505
-56.0739
-55.8918
-55.7052
-55.515
-55.3221
-55.1271
-54.9305
-54.7329
-54.5347
-54.3362
-54.1379
-53.94
-53.7427
-53.5464
-53.3512
-53.1573
-52.9648
-52.774
-52.5849
-52.3975
-52.2121
-52.0287
-51.8473
-51.6679
-51.4907
-51.3156
-51.1427
-50.9719
-50.8033
-50.6368
-50.4725
-50.3102
-50.15
-49.9918
-49.8356
-49.6814
-49.529
-49.3785
-49.2298
-49.0827
-48.9374
-48.7936
-48.6513
-48.5105
-48.3711
-48.233
-48.0961
-47.9603
-47.8256
-47.6919
-47.5591
-47.4272
-47.2959
-47.1653
-47.0353
-46.9057
-46.7765
-46.6475
-46.5188
-46.3901
-46.2614
-46.1326
-46.0035
-45.8741
-45.7443
-45.6138
-45.4827
-45.3507
-45.2178
-45.0838
-44.9486
-44.812
-44.6739
-44.534
-44.3923
-44.2486
-44.1027
-43.9543
-43.8033
-43.6495
-43.4926
-43.3324
-43.1687
-43.001
-42.8293
-42.6531
-42.4721
-42.2861
-42.0945
-41.897
-41.6932
-41.4826
-41.2647
-41.0391
-40.805
-40.562
-40.3093
-40.0463
-39.7722
-39.4862
-39.1873
-38.8747
-38.5473
-38.204
-37.8435
-37.4647
-37.066
-36.6459
-36.2028
-35.735
-35.2404
-34.7171
-34.1627
-33.575
-32.9514
-32.2891
-31.5853
-30.8369
-30.0407
-29.1935
-28.2919
-27.3325
-26.312
-25.2272
-24.0754
-22.8542
-21.5622
-20.1988
-18.7647
-17.2628
-15.6976
-14.0768
-12.4106
-10.7129
-9.00067
-7.29429
-5.61669
-3.99255
-2.44704
-1.00437
0.313695
1.48912
2.50859
3.36393
4.05209
4.57474
4.93748
5.14892
5.21978
5.16197
4.9879
4.70989
4.33977
3.88862
3.36664
2.78304
2.14613
1.46326
0.740987
-0.0149266
-0.799389
-1.60792
-2.43658
-3.28188
-4.14077
-5.01056
-5.88887
-6.77361
-7.66293
-8.55521
-9.44902
-10.3431
-11.2364
-12.1279
-13.0168
-13.9023
-14.7839
-15.661
-16.5332
-17.4
-18.2613
-19.1167
-19.966
-20.8092
-21.6461
-22.4768
-23.3011
-24.1193
-24.9313
-25.7373
-26.5375
-27.332
-28.1212
-28.9053
-29.6846
-30.4594
-31.2302
-31.9973
-32.7612
-33.5223
-34.2813
-35.0386
-35.7948
-36.5504
-37.3062
-38.0628
-38.8207
-39.5809
-40.3438
-41.1103
-41.8811
-42.6569
-43.4384
-44.2263
-45.0212
-45.8239
-46.6348
-47.4544
-48.2832
-49.1215
-49.9693
-50.8268
-51.6935
-52.5692
-53.453
-54.3441
-55.241
-56.142
-57.0451
-57.9477
-58.847
-59.7396
-60.6218
-61.4897
-62.339
-63.1654
-63.9646
-64.7324
-65.465
-66.1588
-66.8113
-67.4203
-67.9845
-68.5034
-68.9774
-69.4076
-69.7954
-70.1432
-70.4535
-70.729
-70.9726
-71.1874
-71.3761
-71.5415
-71.6863
-71.8129
-71.9234
-72.0199
-72.1041
-72.1776
-72.2419
-72.2981
-72.3473
-72.3905
-72.4285
-72.4619
-72.4914
-72.5176
-72.5407
-72.5614
-72.5798
-72.5963
-72.6111
-72.6245
-72.6366
-72.6476
-72.6575
-72.6667
-72.675
-72.6827
-72.6898
-72.6964
-72.7025
-72.7082
-72.7135
-72.7184
-72.723
-72.7274
-72.7315
-72.7353
-72.7389
-72.7424
-72.7456
-72.7486
-72.7515
-72.7543
-72.7568
-72.7593
-72.7615
-72.7637
-72.7657
-72.7676
-72.7694
-72.7711
-72.7726
-72.7741
-72.7754
-72.7766
-72.7777
-72.7787
-72.7796
-72.7804
-72.7811
-72.7817
-72.7822
-72.7825
-72.7828
-72.783
-72.7831
-72.7831
-72.783
-72.7827
-72.7824
-72.782
-72.7815
-72.7809
-72.7801
-72.7793
-72.7784
-72.7774
-72.7763
-72.7751
-72.7737
-72.7723
-72.7708
-72.7692
-72.7675
-72.7657
-72.7638
-72.7618
-72.7596
-72.7574
-72.7551
-72.7527
-72.7502
-72.7476
-72.7449
-72.7421
-72.7392
-72.7361
-72.733
-72.7298
-72.7265
-72.7231
-72.7196
-72.716
-72.7123
-72.7085
-72.7046
-72.7005
-72.6964
-72.6922
-72.6879
-72.6835
-72.679
-72.6744
-72.6697
-72.6649
-72.66
-72.655
-72.6499
-72.6447
-72.6394
-72.4887
-72.2475
-71.943
-71.5917
-71.2056
-70.7935
-70.3623
-69.9172
-69.4626
-69.002
-68.5381
-68.073
-67.6088
-67.1467
-66.6881
-66.234
-65.7852
-65.3424
-64.9062
-64.477
-64.0552
-63.6411
-63.2349
-62.8368
-62.4471
-62.0656
-61.6926
-61.3281
-60.972
-60.6244
-60.2851
-59.9542
-59.6315
-59.317
-59.0106
-58.7121
-58.4214
-58.1383
-57.8628
-57.5947
-57.3339
-57.0801
-56.8332
-56.5931
-56.3595
-56.1324
-55.9115
-55.6967
-55.4879
-55.2848
-55.0872
-54.8951
-54.7083
-54.5266
-54.3498
-54.1779
-54.0105
-53.8477
-53.6893
-53.535
-53.3849
-53.2387
-53.0963
-52.9576
-52.8225
-52.6909
-52.5626
-52.4375
-52.3156
-52.1967
-52.0808
-51.9676
-51.8572
-51.7495
-51.6444
-51.5417
-51.4415
-51.3436
-51.2479
-51.1545
-51.0632
-50.974
-50.8868
-50.8015
-50.7182
-50.6367
-50.557
-50.4791
-50.4029
-50.3283
-50.2554
-50.1841
-50.1143
-50.046
-49.9792
-49.9139
-49.85
-49.7874
-49.7263
-49.6665
-49.608
-49.5507
-49.4948
-49.4401
-49.3867
-49.3345
-49.2835
-49.2336
-49.1849
-49.1374
-49.091
-49.0458
-49.0016
-48.9587
-48.9168
-48.876
-48.8362
-48.7976
-48.76
-48.7235
-48.6881
-48.6537
-48.6204
-48.5882
-48.5571
-48.527
-48.4979
-48.4699
-48.443
-48.4172
-48.3924
-48.3687
-48.3461
-48.3246
-48.3042
-48.2848
-48.2666
-48.2495
-48.2336
-48.2187
-48.2051
-48.1925
-48.1812
-48.171
-48.1621
-48.1544
-48.1479
-48.1426
-48.1386
-48.136
-48.1346
-48.1345
-48.1359
-48.1386
-48.1427
-48.1482
-48.1551
-48.1636
-48.1735
-48.185
-48.1981
-48.2127
-48.2289
-48.2469
-48.2665
-48.2878
-48.3109
-48.3358
-48.3625
-48.3912
-48.4217
-48.4542
-48.4887
-48.5253
-48.5639
-48.6047
-48.6477
-48.6929
-48.7404
-48.7902
-48.8425
-48.8971
-48.9543
-49.014
-49.0763
-49.1413
-49.209
-49.2794
-49.3526
-49.4288
-49.5078
-49.5899
-49.675
-49.7632
-49.8545
-49.9491
-50.0469
-50.148
-50.2524
-50.3602
-50.4715
-50.5862
-50.7044
-50.8262
-50.9516
-51.0805
-51.2131
-51.3492
-51.4891
-51.6325
-51.7796
-51.9303
-52.0847
-52.2426
-52.404
-52.569
-52.7375
-52.9093
-53.0845
-53.2629
-53.4445
-53.524
-53.5411
-53.5147
-53.4559
-53.3723
-53.2693
-53.1511
-53.0209
-52.881
-52.7334
-52.5796
-52.421
-52.2584
-52.0928
-51.9248
-51.755
-51.5838
-51.4118
-51.2391
-51.0661
-50.8931
-50.7203
-50.5478
-50.3758
-50.2044
-50.0338
-49.8639
-49.695
-49.5271
-49.3601
-49.1942
-49.0294
-48.8656
-48.7029
-48.5413
-48.3807
-48.2212
-48.0627
-47.9052
-47.7487
-47.593
-47.4382
-47.2842
-47.131
-46.9784
-46.8265
-46.6751
-46.5242
-46.3737
-46.2235
-46.0735
-45.9237
-45.7739
-45.6241
-45.4741
-45.3238
-45.1732
-45.0222
-44.8705
-44.7181
-44.5648
-44.4105
-44.2552
-44.0985
-43.9404
-43.7807
-43.6193
-43.4559
-43.2904
-43.1226
-42.9523
-42.7792
-42.6032
-42.4239
-42.2412
-42.0548
-41.8644
-41.6696
-41.4702
-41.2659
-41.0562
-40.8408
-40.6193
-40.3912
-40.1561
-39.9134
-39.6627
-39.4034
-39.1348
-38.8564
-38.5673
-38.267
-37.9544
-37.6289
-37.2895
-36.9352
-36.5648
-36.1774
-35.7716
-35.3461
-34.8996
-34.4305
-33.9372
-33.418
-32.8711
-32.2945
-31.6863
-31.0442
-30.3659
-29.6493
-28.8917
-28.0909
-27.2443
-26.3495
-25.4043
-24.4065
-23.3544
-22.2467
-21.0826
-19.8624
-18.5872
-17.2596
-15.8837
-14.4658
-13.0142
-11.5395
-10.055
-8.57624
-7.12096
-5.7083
-4.35811
-3.08996
-1.92204
-0.870172
0.0530358
0.838728
1.482
1.9818
2.34052
2.56339
2.65786
2.63287
2.49826
2.26424
1.94093
1.53812
1.06504
0.530226
-0.0584951
-0.694055
-1.3701
-2.08095
-2.82155
-3.58742
-4.37457
-5.1795
-5.99908
-6.83056
-7.67151
-8.51979
-9.37349
-10.231
-11.0907
-11.9514
-12.812
-13.6714
-14.5289
-15.3835
-16.2348
-17.0821
-17.925
-18.763
-19.5959
-20.4235
-21.2454
-22.0616
-22.872
-23.6765
-24.4751
-25.268
-26.0552
-26.8368
-27.6129
-28.3839
-29.1499
-29.9113
-30.6682
-31.4212
-32.1706
-32.9167
-33.66
-34.4011
-35.1403
-35.8784
-36.6157
-37.3529
-38.0906
-38.8294
-39.57
-40.3131
-41.0593
-41.8093
-42.5638
-43.3234
-44.0888
-44.8607
-45.6396
-46.426
-47.2206
-48.0235
-48.8352
-49.6557
-50.4852
-51.3233
-52.1698
-53.0241
-53.8851
-54.7518
-55.6225
-56.4953
-57.368
-58.2379
-59.1019
-59.9565
-60.7981
-61.6227
-62.4262
-63.2044
-63.9534
-64.6694
-65.349
-65.9896
-66.589
-67.1457
-67.6593
-68.1297
-68.5579
-68.9452
-69.2937
-69.6055
-69.8833
-70.1299
-70.348
-70.5404
-70.7097
-70.8584
-70.989
-71.1035
-71.204
-71.2921
-71.3694
-71.4374
-71.4972
-71.55
-71.5966
-71.6379
-71.6746
-71.7073
-71.7366
-71.7628
-71.7864
-71.8077
-71.8271
-71.8448
-71.8609
-71.8757
-71.8894
-71.9021
-71.9139
-71.9249
-71.9352
-71.9449
-71.954
-71.9627
-71.9709
-71.9787
-71.9862
-71.9933
-72.0002
-72.0068
-72.0131
-72.0193
-72.0252
-72.0309
-72.0364
-72.0418
-72.047
-72.052
-72.0569
-72.0616
-72.0663
-72.0708
-72.0751
-72.0793
-72.0835
-72.0875
-72.0914
-72.0951
-72.0988
-72.1024
-72.1058
-72.1091
-72.1124
-72.1155
-72.1185
-72.1215
-72.1243
-72.127
-72.1296
-72.1321
-72.1345
-72.1368
-72.139
-72.1412
-72.1432
-72.1451
-72.1469
-72.1486
-72.1502
-72.1517
-72.1531
-72.1543
-72.1555
-72.1566
-72.1576
-72.1585
-72.1593
-72.16
-72.1606
-72.161
-72.1614
-72.1617
-72.1618
-72.1619
-72.1619
-72.1617
-72.1615
-72.1612
-72.1607
-72.1602
-72.1595
-72.1588
-72.1579
-72.1569
-72.1559
-72.1547
-72.1534
-72.1521
-72.1506
-72.149
-72.1473
-72.1455
-72.1436
-72.1417
-72.1396
-72.1374
-72.1351
-72.1327
-72.1302
-72.1276
-72.1249
-72.122
-72.1191
-72.1161
-72.113
-72.1098
-72.1065
-72.1031
-72.0995
-72.0959
-72.0922
-72.0884
-72.0845
-72.0804
-72.0763
-72.0721
-72.0678
-72.0634
-72.0589
-72.0542
-72.0495
-72.0447
-72.0398
-72.0348
-72.0297
-72.0245
-72.0192
-72.0138
-72.0083
-72.0027
-71.997
-71.9913
-71.9854
-71.9794
-71.9734
-71.9672
-71.9609
-71.9546
-71.9482
-71.9416
-71.935
-71.9283
-71.9215
-71.9146
-71.9076
-71.9005
-71.8933
-71.8861
-71.8787
-71.8713
-71.8638
-71.8561
-71.8484
-71.8406
-71.8328
-71.8248
-71.8167
-71.8086
-71.8004
-71.7921
-71.7837
-71.7752
-71.7666
-71.7579
-71.7492
-71.7404
-71.7315
-71.7225
-71.7134
-71.7043
-71.6951
-71.6858
-71.6764
-71.6669
-71.6574
-71.6477
-71.638
-71.6282
-71.6184
-71.6084
-71.5984
-71.5883
-71.5782
-71.5679
-71.5576
-71.5472
-71.5368
-71.5262
-71.5156
-71.5049
-71.4942
-71.4834
-71.4725
-71.4615
-71.4505
-71.4394
-71.4282
-71.4169
-71.4056
-71.3943
-71.3828
-71.3713
-71.3597
-71.3481
-71.3364
-71.3246
-71.3127
-71.3008
-71.2889
-71.2768
-71.2648
-71.2526
-71.2404
-71.2281
-71.2158
-71.2034
-71.1909
-71.1784
-71.1658
-71.1532
-71.1405
-71.1278
-71.115
-71.1021
-71.0892
-71.0762
-71.0632
-71.0501
-71.037
-71.0238
-71.0106
-70.9973
-70.984
-70.9706
-70.9571
-70.9437
-70.9301
-70.9165
-70.9029
-70.8892
-70.8755
-70.8617
-70.8479
-70.834
-70.8201
-70.8061
-70.7921
-70.7781
-70.764
-70.7498
-70.7357
-70.7214
-70.7072
-70.6929
-70.6785
-70.6642
-70.6497
-70.6353
-70.6208
-70.6062
-70.5917
-70.577
-70.5624
-70.5477
-70.533
-70.5182
-70.5034
-70.4886
-70.4737
-70.4589
-70.4439
-70.429
-70.414
-70.399
-70.3839
-70.3688
-70.3537
-70.3386
-70.3234
-70.3082
-70.293
-70.2777
-70.2624
-70.2471
-70.2318
-70.2164
-70.201
-70.1856
-70.1702
-70.1547
-70.1392
-70.1237
-70.1082
-70.0926
-70.0771
-70.0615
-70.0459
-70.0302
-70.0146
-69.9989
-69.9832
-69.9675
-69.9517
-69.936
-69.9202
-69.9044
-69.8886
-69.8728
-69.857
-69.8411
-69.8253
-69.8094
-69.7935
-69.7776
-69.7617
-69.7458
-69.7298
-69.7139
-69.6979
-69.6819
-69.6659
-69.6499
-69.6339
-69.6179
-69.6019
-69.5858
-69.5698
-69.5537
-69.5377
-69.5216
-69.5055
-69.4895
-69.4734
-69.4573
-69.4412
-69.4251
-69.409
-69.3929
-69.3768
-69.3606
-69.3445
-69.3284
-69.3123
-69.2961
-69.28
-69.2639
-69.2478
-69.2316
-69.2155
-69.1994
-69.1832
-69.1671
-69.151
-69.1348
-69.1187
-69.1026
-69.0865
-69.0704
-69.0542
-69.0381
-69.022
-69.0059
-68.9898
-68.9737
-68.9576
-68.9416
-68.9255
-68.9094
-68.8933
-68.8773
-68.8612
-68.8452
-68.8292
-68.8131
-68.7971
-68.7811
-68.7651
-68.7491
-68.7331
-68.7171
-68.7012
-68.6852
-68.6693
-68.6534
-68.6374
-68.6215
-68.6056
-68.5897
-68.5739
-68.558
-68.5422
-68.5263
-68.5105
-68.4947
-68.4789
-68.4631
-68.4473
-68.4316
-68.4159
-68.4001
-68.3844
-68.3687
-68.3531
-68.3374
-68.3218
-68.3062
-68.2905
-68.275
-68.2594
-68.2438
-68.2283
-68.2128
-68.1973
-68.1818
-68.1663
-68.1509
-68.1354
-68.12
-68.1046
-68.0893
-68.0739
-68.0586
-68.0433
-68.028
-68.0127
-67.9975
-67.9823
-67.9671
-67.9519
-67.9367
-67.9216
-67.9065
-67.8914
-67.8763
-67.8613
-67.8462
-67.8312
-67.8163
-67.8013
-67.7864
-67.7715
-67.7566
-67.7417
-67.7269
-67.7121
-67.6973
-67.6825
-67.6678
-67.6531
-67.6384
-67.6238
-67.6091
-67.5945
-67.5799
-67.5654
-67.5509
-67.5364
-67.5219
-67.5074
-67.493
-67.4786
-67.4643
-67.4499
-67.4356
-67.4213
-67.4071
-67.3929
-67.3787
-67.3645
-67.3504
-67.3363
-67.3222
-67.3081
-67.2941
-67.2801
-67.2661
-67.2522
-67.2383
-67.2244
-67.2106
-67.1968
-67.183
-67.1692
-67.1555
-67.1418
-67.1281
-67.1145
-67.1009
-67.0873
-67.0738
-67.0603
-67.0468
-67.0333
-67.0199
-67.0065
-66.9932
-66.9799
-66.9666
-66.9533
-66.9401
-66.9269
-66.9138
-66.9007
-66.8876
-66.8745
-66.8615
-66.71
-66.4686
-66.1612
-65.8025
-65.4034
-64.972
-64.5149
-64.0373
-63.5434
-63.0366
-62.5199
-61.9956
-61.4656
-60.9315
-60.3946
-59.856
-59.3167
-58.7773
-58.2385
-57.7006
-57.1642
-56.6293
-56.0963
-55.565
-55.0355
-54.5077
-53.9813
-53.456
-52.9315
-52.4072
-51.8826
-51.357
-50.8295
-50.2992
-49.7651
-49.2261
-48.6807
-48.1275
-47.5649
-46.9909
-46.4034
-45.8002
-45.1785
-44.5355
-43.8678
-43.1718
-42.4432
-41.6773
-40.8689
-40.0118
-39.0992
-38.1232
-37.075
-35.9445
-34.7202
-33.389
-31.9364
-30.3457
-28.5986
-26.675
-24.5535
-22.2114
-19.6266
-16.779
-13.6528
-10.2407
-6.54802
-2.59823
1.56248
5.86216
10.2038
14.4711
18.5391
22.2884
25.6203
28.468
30.8025
32.6314
33.9918
34.9398
35.5398
35.8557
35.9452
35.8566
35.6286
35.291
34.8659
34.3698
33.815
33.2104
32.5627
31.8771
31.1578
30.4082
29.6311
28.8291
28.0043
27.1588
26.2944
25.413
24.516
23.6052
22.6819
21.7475
20.8033
19.8506
18.8906
17.9243
16.9528
15.977
14.998
14.0165
13.0334
12.0495
11.0654
10.0817
9.09917
8.11826
7.13952
6.16341
5.19035
4.22074
3.25493
2.29323
1.33593
0.383284
-0.564491
-1.5072
-2.44467
-3.37676
-4.30335
-5.22435
-6.13966
-7.04925
-7.95304
-8.85104
-9.74323
-10.6296
-11.5102
-12.3851
-13.2543
-14.1179
-14.9759
-15.8285
-16.6757
-17.5177
-18.3547
-19.1867
-20.014
-20.8367
-21.6552
-22.4695
-23.28
-24.0869
-24.8906
-25.6914
-26.4897
-27.2859
-28.0804
-28.8737
-29.6664
-30.4589
-31.252
-32.0462
-32.8422
-33.6409
-34.443
-35.2493
-36.0607
-36.8782
-37.7027
-38.5352
-39.3768
-40.2286
-41.0916
-41.9669
-42.8555
-43.7586
-44.6769
-45.6113
-46.5626
-47.5311
-48.5171
-49.5205
-50.5407
-51.5767
-52.627
-53.6893
-54.7607
-55.8374
-56.915
-57.9879
-59.0502
-60.0951
-61.1155
-62.1041
-63.0537
-63.9575
-64.8096
-65.6052
-66.3409
-67.0144
-67.6253
-68.1744
-68.6638
-69.0966
-69.4766
-69.8082
-70.0959
-70.3445
-70.5583
-70.7418
-70.8989
-71.0332
-71.1479
-71.2459
-71.3297
-71.4014
-71.4629
-71.5157
-71.5613
-71.6007
-71.6349
-71.6648
-71.691
-71.7142
-71.7347
-71.7529
-71.7694
-71.7842
-71.7977
-71.8101
-71.8215
-71.832
-71.8419
-71.8512
-71.8599
-71.8682
-71.8761
-71.8836
-71.8908
-71.8978
-71.9046
-71.9111
-71.9175
-71.9237
-71.9298
-71.9357
-71.9415
-71.9472
-71.9528
-71.9583
-71.9636
-71.9689
-71.9741
-71.9793
-71.9843
-71.9893
-71.9942
-71.999
-72.0037
-72.0084
-72.013
-72.0175
-72.0219
-72.0263
-72.0306
-72.0348
-72.039
-71.9053
-71.6906
-71.4226
-71.1177
-70.7873
-70.4396
-70.0804
-69.7144
-69.345
-68.9748
-68.6059
-68.2399
-67.8779
-67.5209
-67.1696
-66.8246
-66.4863
-66.155
-65.8309
-65.5142
-65.205
-64.9033
-64.6092
-64.3227
-64.0436
-63.7719
-63.5076
-63.2506
-63.0006
-62.7578
-62.5218
-62.2926
-62.07
-61.854
-61.6443
-61.4409
-61.2435
-61.0521
-60.8665
-60.6866
-60.5123
-60.3433
-60.1796
-60.0211
-59.8676
-59.7189
-59.5751
-59.4359
-59.3012
-59.171
-59.045
-58.9233
-58.8057
-58.692
-58.5823
-58.4763
-58.3741
-58.2754
-58.1803
-58.0886
-58.0003
-57.9152
-57.8333
-57.7546
-57.6789
-57.6061
-57.5363
-57.4693
-57.405
-57.3435
-57.2846
-57.2283
-57.1745
-57.1231
-57.0742
-57.0277
-56.9834
-56.9414
-56.9017
-56.8641
-56.8286
-56.7952
-56.7638
-56.7344
-56.7069
-56.6814
-56.6577
-56.6359
-56.6158
-56.5975
-56.581
-56.5661
-56.5529
-56.5414
-56.5314
-56.523
-56.5161
-56.5108
-56.5069
-56.5045
-56.5034
-56.5038
-56.5056
-56.5087
-56.5131
-56.5188
-56.5258
-56.534
-56.5434
-56.5541
-56.5659
-56.5789
-56.593
-56.6082
-56.6244
-56.6418
-56.6602
-56.6796
-56.7001
-56.7215
-56.7438
-56.7672
-56.7914
-56.8166
-56.8426
-56.8695
-56.8973
-56.9259
-56.9553
-56.9855
-57.0165
-57.0482
-57.0807
-57.1139
-57.1478
-57.1825
-57.2177
-57.2537
-57.2903
-57.3275
-57.3654
-57.4038
-57.4428
-57.4824
-57.5225
-57.5631
-57.6043
-57.646
-57.6882
-57.7308
-57.7739
-57.8174
-57.8614
-57.9058
-57.9506
-57.9958
-58.0414
-58.0873
-58.1336
-58.1802
-58.2271
-58.2744
-58.3219
-58.3697
-58.4178
-58.4662
-58.5148
-58.5637
-58.6128
-58.6621
-58.7116
-58.7613
-58.8111
-58.8612
-58.9114
-58.9618
-59.0123
-59.0629
-59.1137
-59.1645
-59.2155
-59.2665
-59.3177
-59.3689
-59.4202
-59.4715
-59.5229
-59.5743
-59.6258
-59.6773
-59.7288
-59.7803
-59.8318
-59.8833
-59.9348
-59.9863
-60.0377
-60.0891
-60.1405
-60.1918
-60.243
-60.2942
-60.3454
-60.3964
-60.4474
-60.4983
-60.5491
-60.5999
-60.6505
-60.701
-60.7514
-60.8017
-60.8519
-60.9019
-60.9519
-61.0016
-61.0513
-61.1008
-61.1502
-61.1994
-61.2485
-61.2974
-61.3462
-61.3948
-61.4432
-61.4915
-61.5396
-61.5875
-61.6353
-61.6828
-61.7302
-61.7774
-61.8244
-61.8712
-61.9179
-61.9643
-62.0105
-62.0566
-62.1024
-62.148
-62.1935
-62.2387
-62.2837
-62.3285
-62.3731
-62.4175
-62.4616
-62.5056
-62.5493
-62.5928
-62.6361
-62.6792
-62.722
-62.7646
-62.807
-62.8492
-62.8911
-62.9329
-62.9743
-63.0156
-63.0566
-63.0974
-63.138
-63.1784
-63.2185
-63.2583
-63.298
-63.3374
-63.3766
-63.4155
-63.4542
-63.4927
-63.5309
-63.5689
-63.6067
-63.6443
-63.6816
-63.7186
-63.7554
-63.792
-63.8284
-63.8645
-63.9004
-63.9361
-63.9715
-64.0067
-64.0416
-64.0763
-64.1108
-64.145
-64.179
-64.2128
-64.2463
-64.2796
-64.3127
-64.3456
-64.3782
-64.4105
-64.4427
-64.4746
-64.5063
-64.5377
-64.5689
-64.5999
-64.6307
-64.6612
-64.6915
-64.7216
-64.7515
-64.7811
-64.8105
-64.8397
-64.8686
-64.8973
-64.9258
-64.9541
-64.9822
-65.01
-65.0376
-65.065
-65.0922
-65.1191
-65.1458
-65.1723
-65.1986
-65.2247
-65.2506
-65.2762
-65.3016
-65.3269
-65.3519
-65.3767
-65.4012
-65.4256
-65.4498
-65.4737
-65.4974
-65.521
-65.5443
-65.5674
-65.5903
-65.613
-65.6355
-65.6578
-65.6799
-65.7018
-65.7235
-65.745
-65.7663
-65.7874
-65.8083
-65.829
-65.8495
-65.8698
-65.8899
-65.9098
-65.9295
-65.949
-65.9684
-65.9875
-66.0065
-66.0252
-66.0438
-66.0622
-66.0804
-66.0984
-66.1162
-66.1339
-66.1513
-66.1686
-66.1857
-66.2026
-66.2194
-66.2359
-66.2523
-66.2685
-66.2845
-66.3004
-66.316
-66.3315
-66.3469
-66.362
-66.377
-66.3918
-66.4064
-66.4209
-66.4352
-66.4493
-66.4633
-66.4771
-66.4907
-66.5042
-66.5175
-66.5306
-66.5436
-66.5564
-66.569
-66.5815
-66.5939
-66.606
-66.6181
-66.6299
-66.6416
-66.6532
-66.6646
-66.6758
-66.6869
-66.6979
-66.7087
-66.7193
-66.7298
-66.7401
-66.7503
-66.7604
-66.7703
-66.78
-66.7897
-66.7991
-66.8085
-66.8177
-66.8267
-66.8356
-66.8444
-66.853
-66.8615
-66.8698
-66.8781
-66.8861
-66.8941
-66.9019
-66.9096
-66.9171
-66.9246
-66.9318
-66.939
-66.946
-66.9529
-66.9597
-66.9663
-66.9729
-66.9793
-66.9855
-66.9917
-66.9977
-67.0036
-66.8718
-66.6514
-66.3665
-66.0321
-65.659
-65.2555
-64.8279
-64.3816
-63.9206
-63.4483
-62.9677
-62.4809
-61.9899
-61.4962
-61.0012
-60.506
-60.0115
-59.5185
-59.0276
-58.5394
-58.0542
-57.5725
-57.0945
-56.6205
-56.1505
-55.6846
-55.2229
-54.7653
-54.3117
-53.862
-53.416
-52.9734
-52.534
-52.0973
-51.663
-51.2306
-50.7996
-50.3694
-49.9394
-49.5089
-49.0771
-48.6432
-48.2062
-47.7653
-47.3192
-46.8669
-46.407
-45.9382
-45.459
-44.9677
-44.4624
-43.9412
-43.402
-42.8422
-42.2592
-41.6501
-41.0116
-40.34
-39.6314
-38.8812
-38.0844
-37.2354
-36.3279
-35.3549
-34.3086
-33.1803
-31.9605
-30.6385
-29.2028
-27.6409
-25.9397
-24.0853
-22.0639
-19.8625
-17.4697
-14.877
-12.081
-9.08548
-5.9038
-2.56158
0.901399
4.43033
7.95646
11.4004
14.6783
17.7093
20.4242
22.7727
24.7279
26.2866
27.4664
28.3001
28.8292
29.098
29.1494
29.022
28.7487
28.3566
27.8675
27.2989
26.6641
25.974
25.2371
24.46
23.6485
22.8069
21.9393
21.049
20.1389
19.2115
18.2693
17.3142
16.3483
15.3732
14.3906
13.4019
12.4084
11.4114
10.4121
9.41136
8.41028
7.40968
6.41035
5.41303
4.41835
3.42691
2.43925
1.45583
0.477074
-0.496631
-1.46496
-2.42762
-3.38437
-4.33498
-5.27928
-6.21711
-7.14836
-8.07292
-8.99073
-9.90172
-10.8059
-11.7032
-12.5937
-13.4775
-14.3544
-15.2247
-16.0627
-16.8794
-17.6798
-18.4663
-19.2404
-20.0033
-20.7558
-21.4984
-22.2317
-22.956
-23.672
-24.3799
-25.0801
-25.7731
-26.4593
-27.1391
-27.8129
-28.4811
-29.1442
-29.8027
-30.4569
-31.1074
-31.7547
-32.3994
-33.0418
-33.6827
-34.3226
-34.962
-35.6015
-36.2418
-36.8836
-37.5273
-38.1738
-38.8236
-39.4773
-40.1357
-40.7993
-41.4687
-42.1445
-42.8271
-43.517
-44.2144
-44.9196
-45.6326
-46.3532
-47.0811
-47.8156
-48.5558
-49.3004
-50.0478
-50.7959
-51.5423
-52.2842
-53.0183
-53.7411
-54.4488
-55.1376
-55.8034
-56.4426
-57.0516
-57.6273
-58.1674
-58.67
-59.1338
-59.5586
-59.9447
-60.2928
-60.6045
-60.8816
-61.1264
-61.3414
-61.529
-61.6918
-61.8324
-61.9532
-62.0566
-62.1446
-62.2192
-62.2822
-62.3352
-62.3796
-62.4167
-62.4476
-62.4732
-62.4943
-62.5118
-62.5262
-62.538
-62.5478
-62.5559
-62.5627
-62.5684
-62.5733
-62.5777
-62.5816
-62.5853
-62.5888
-62.5924
-62.596
-62.5997
-62.6037
-62.6079
-62.6124
-62.6173
-62.6226
-62.6282
-62.6343
-62.6408
-62.6478
-62.6552
-62.6631
-62.6714
-62.6802
-62.6895
-62.6992
-62.7094
-62.72
-62.7311
-62.7427
-62.7547
-62.7671
-62.78
-62.7933
-62.807
-62.8211
-62.8356
-62.8505
-62.8658
-62.8814
-62.8975
-62.9139
-62.9306
-62.9477
-62.9652
-62.9829
-63.001
-63.0194
-63.0381
-63.0571
-63.0764
-63.096
-63.1159
-63.136
-63.1564
-63.177
-63.1979
-63.219
-63.2404
-63.262
-63.2838
-63.3058
-63.328
-63.3505
-63.3731
-63.3959
-63.4189
-63.442
-63.4654
-63.4888
-63.5125
-63.5363
-63.5602
-63.5843
-63.6085
-63.6329
-63.6574
-63.682
-63.7067
-63.7315
-63.7564
-63.7814
-63.8065
-63.8317
-63.857
-63.8824
-63.9078
-63.9333
-63.9589
-63.9846
-64.0103
-64.036
-64.0618
-64.0877
-64.1136
-64.1395
-64.1655
-64.1915
-64.2175
-64.2436
-64.2697
-64.2958
-64.3219
-64.348
-64.3741
-64.4003
-64.4264
-64.4526
-64.4787
-64.5048
-64.531
-64.5571
-64.5832
-64.6092
-64.6353
-64.6613
-64.6873
-64.7133
-64.7392
-64.7651
-64.791
-64.8169
-64.8427
-64.8684
-64.8941
-64.9198
-64.8197
-64.644
-64.4171
-64.1537
-63.8639
-63.5551
-63.233
-62.9018
-62.5648
-62.2246
-61.8833
-61.5425
-61.2036
-60.8674
-60.5349
-60.2067
-59.8834
-59.5654
-59.253
-58.9465
-58.6461
-58.3519
-58.0642
-57.7828
-57.508
-57.2397
-56.9779
-56.7226
-56.4738
-56.2313
-55.9952
-55.7653
-55.5415
-55.3238
-55.112
-54.9061
-54.7059
-54.5113
-54.3223
-54.1385
-53.96
-53.7867
-53.6183
-53.4548
-53.2961
-53.142
-52.9924
-52.8472
-52.7063
-52.5695
-52.4368
-52.3081
-52.1832
-52.062
-51.9445
-51.8306
-51.7201
-51.6129
-51.5091
-51.4084
-51.3109
-51.2164
-51.1248
-51.0362
-50.9504
-50.8673
-50.787
-50.7093
-50.6342
-50.5616
-50.4915
-50.4238
-50.3585
-50.2955
-50.2349
-50.1765
-50.1203
-50.0664
-50.0146
-49.9649
-49.9173
-49.8718
-49.8283
-49.7869
-49.7474
-49.71
-49.6745
-49.6409
-49.6093
-49.5795
-49.5517
-49.5258
-49.5018
-49.4796
-49.4593
-49.3477
-49.1834
-48.9843
-48.7611
-48.5205
-48.2674
-48.0055
-47.7373
-47.4646
-47.1889
-46.9113
-46.6325
-46.353
-46.0734
-45.7938
-45.5144
-45.2354
-44.9567
-44.6784
-44.4004
-44.1226
-43.8448
-43.567
-43.2889
-43.0103
-42.7311
-42.4509
-42.1695
-41.8866
-41.602
-41.3153
-41.0263
-40.7344
-40.4395
-40.1412
-39.8389
-39.5324
-39.2212
-38.9048
-38.5828
-38.2546
-37.9199
-37.5779
-37.2283
-36.8702
-36.5032
-36.1266
-35.7397
-35.3417
-34.932
-34.5097
-34.0739
-33.6238
-33.1585
-32.677
-32.1783
-31.6614
-31.1251
-30.5683
-29.9898
-29.3883
-28.7627
-28.1116
-27.4337
-26.7276
-25.9921
-25.2256
-24.427
-23.5951
-22.7285
-21.8264
-20.8877
-19.9121
-18.899
-17.8182
-16.6887
-15.5205
-14.3209
-13.0961
-11.8529
-10.5986
-9.34186
-8.09248
-6.86191
-5.66297
-4.50962
-3.41647
-2.39812
-1.46835
-0.639278
0.0793319
0.680658
1.16108
1.52015
1.76036
1.88662
1.90574
1.82578
1.65555
1.40408
1.08028
0.692669
0.249199
-0.242838
-0.776845
-1.34691
-1.94779
-2.57483
-3.22393
-3.8915
-4.57437
-5.26975
-5.9752
-6.68858
-7.40799
-8.13178
-8.85849
-9.58683
-10.3157
-11.0441
-11.7711
-12.496
-13.2182
-13.937
-14.652
-15.3627
-16.0688
-16.77
-17.466
-18.1565
-18.8415
-19.5208
-20.1943
-20.862
-21.5237
-22.1795
-22.8294
-23.4735
-24.1118
-24.7444
-25.3714
-25.9929
-26.6091
-27.2202
-27.8262
-28.4275
-29.0242
-29.6166
-30.2049
-30.7894
-31.3704
-31.9481
-32.5229
-33.0952
-33.6652
-34.2333
-34.8
-35.3656
-35.9305
-36.4952
-37.0601
-37.6257
-38.1924
-38.7607
-39.331
-39.9039
-40.4798
-41.0592
-41.6425
-42.2301
-42.8225
-43.4199
-44.0226
-44.6309
-45.2448
-45.8644
-46.4895
-47.1198
-47.7548
-48.3938
-49.0358
-49.6798
-50.3241
-50.9672
-51.6068
-52.2409
-52.8668
-53.482
-54.0836
-54.6689
-55.2353
-55.78
-56.301
-56.7962
-57.2641
-57.7036
-58.1142
-58.4957
-58.8484
-59.1729
-59.4704
-59.7421
-59.9896
-60.2144
-60.4182
-60.6029
-60.7702
-60.9217
-61.059
-61.1836
-61.2969
-61.4001
-61.4946
-61.5812
-61.6609
-61.7347
-61.8031
-61.867
-61.9269
-61.9832
-62.0365
-62.0871
-62.1354
-62.1817
-62.2263
-62.2693
-62.3111
-62.3516
-62.3912
-62.4299
-62.4679
-62.5053
-62.542
-62.5783
-62.6142
-62.6496
-62.6848
-62.7197
-62.7543
-62.7888
-62.823
-62.8571
-62.8911
-62.925
-62.9587
-62.9923
-63.0259
-63.0594
-63.0928
-63.1262
-63.1595
-63.1928
-63.226
-63.2592
-63.2924
-63.3255
-63.3586
-63.3916
-63.4247
-63.4576
-63.4906
-63.5235
-63.5564
-63.5892
-63.622
-63.6548
-63.6875
-63.7202
-63.7529
-63.7855
-63.818
-63.8505
-63.883
-63.9154
-63.9477
-63.9801
-64.0123
-64.0445
-64.0766
-64.1087
-64.1407
-64.1726
-64.2045
-64.2363
-64.268
-64.2997
-64.3313
-64.3628
-64.3942
-64.4256
-64.4569
-64.488
-64.5191
-64.5502
-64.5811
-64.6119
-64.6427
-64.6733
-64.7039
-64.7344
-64.7647
-64.795
-64.8252
-64.8552
-64.8852
-64.9151
-64.9448
-64.9745
-65.004
-65.0335
-65.0628
-65.092
-65.1211
-65.1501
-65.179
-65.2077
-65.2364
-65.2649
-65.2933
-65.3216
-65.3497
-65.3778
-65.4057
-65.4335
-65.4612
-65.4887
-65.5161
-65.5434
-65.5706
-65.5976
-65.6245
-65.6513
-65.678
-65.7045
-65.7309
-65.7571
-65.7832
-65.8092
-65.8351
-65.8608
-65.8864
-65.9118
-65.9371
-65.9623
-65.9873
-66.0122
-66.037
-66.0616
-66.0861
-66.1105
-66.1347
-66.1587
-66.1827
-66.2064
-66.2301
-66.2536
-66.277
-66.3002
-66.3233
-66.3462
-66.369
-66.3916
-66.4141
-66.4365
-66.4587
-66.4808
-66.5028
-66.5245
-66.5462
-66.5677
-66.5891
-66.6103
-66.6314
-66.6523
-66.6731
-66.6937
-66.7142
-66.7346
-66.7548
-66.7748
-66.7947
-66.8145
-66.8341
-66.8536
-66.873
-66.8922
-66.9112
-66.9301
-66.9489
-66.9675
-66.986
-67.0043
-67.0225
-67.0405
-67.0584
-67.0762
-67.0938
-67.1113
-67.1286
-67.1458
-67.1628
-67.1797
-67.1965
-67.2131
-67.2295
-67.2459
-67.262
-67.2781
-67.294
-67.3097
-67.3254
-67.3408
-67.3562
-67.3714
-67.3864
-67.4013
-67.4161
-67.4308
-67.4453
-67.4596
-67.4738
-67.4879
-67.5019
-67.5157
-67.5293
-67.5429
-67.5562
-67.5695
-67.5826
-67.5956
-67.6084
-67.6212
-67.6337
-67.6462
-67.6585
-67.6706
-67.6827
-67.6946
-67.7063
-67.718
-67.7295
-67.7408
-67.7521
-67.7632
-67.7742
-67.785
-67.7957
-67.8063
-67.8167
-67.8271
-67.8373
-67.8473
-67.8573
-67.8671
-67.8767
-67.8863
-67.8957
-67.905
-67.9142
-67.9232
-67.9321
-67.9409
-67.9496
-67.9581
-67.9666
-67.9749
-67.983
-67.9911
-67.999
-68.0068
-68.0145
-68.0221
-68.0295
-68.0368
-68.044
-68.0511
-68.0581
-68.0649
-68.0716
-68.0782
-68.0847
-68.0911
-68.0974
-68.1035
-68.1095
-68.1154
-68.1212
-68.1269
-68.1325
-68.1379
-68.1433
-68.1485
-68.1536
-68.1586
-68.1635
-68.1683
-68.1729
-68.1775
-68.182
-68.1863
-68.1905
-68.1947
-68.1987
-68.2026
-68.2064
-68.2101
-68.2137
-68.2172
-68.2205
-68.2238
-68.227
-68.23
-68.233
-68.2359
-68.2386
-68.2413
-68.2438
-68.2463
-68.2487
-68.2509
-68.2531
-68.2551
-68.2571
-68.259
-68.2607
-68.2624
-68.264
-68.2654
-68.2668
-68.2681
-68.2693
-68.2704
-68.2714
-68.2723
-68.2731
-68.2738
-68.2745
-68.275
-68.2755
-68.2758
-68.2761
-68.2763
-68.2764
-68.2764
-68.2763
-68.2761
-68.2759
-68.2755
-68.2751
-68.2746
-68.274
-68.2733
-68.2725
-68.2717
-68.2708
-68.2697
-68.2686
-68.2675
-68.2662
-68.2648
-68.2634
-68.2619
-68.2603
-68.2587
-68.2569
-68.2551
-68.2532
-68.2513
-68.2492
-68.2471
-68.2449
-68.2426
-68.2403
-68.2378
-68.2353
-68.2328
-68.2301
-68.2274
-68.2246
-68.2218
-68.2188
-68.2158
-68.2128
-68.2096

