-65
-64.9994
-64.9988
-64.9982
-64.9977
-64.9971
-64.9965
-64.996
-64.9954
-64.9949
-64.9943
-64.9938
-64.9932
-64.9927
-64.9922
-64.9917
-64.9912
-64.9906
-64.9901
-64.9896
-64.9891
-64.9886
-64.9881
-64.9876
-64.9872
-64.9867
-64.9862
-64.9857
-64.9852
-64.9848
-64.9843
-64.9838
-64.9834
-64.9829
-64.9825
-64.982
-64.9816
-64.9811
-64.9807
-64.9802
-64.9798
-64.9794
-64.9789
-64.9785
-64.9781
-64.9777
-64.9772
-64.9768
-64.9764
-64.976
-64.9756
-64.9752
-64.9748
-64.9744
-64.974
-64.9736
-64.9732
-64.9728
-64.9725
-64.9721
-64.9717
-64.9713
-64.971
-64.9706
-64.9702
-64.9699
-64.9695
-64.9692
-64.9688
-64.9685
-64.9681
-64.9678
-64.9675
-64.9671
-64.9668
-64.9665
-64.9661
-64.9658
-64.9655
-64.9652
-64.9649
-64.9646
-64.9642
-64.9639
-64.9636
-64.9633
-64.963
-64.9628
-64.9625
-64.9622
-64.9619
-64.9616
-64.9613
-64.9611
-64.9608
-64.9605
-64.9603
-64.96
-64.9598
-64.9595
-64.9592
-64.959
-64.9588
-64.9585
-64.9583
-64.958
-64.9578
-64.9576
-64.9573
-64.9571
-64.9569
-64.9567
-64.9565
-64.9562
-64.956
-64.9558
-64.9556
-64.9554
-64.9552
-64.955
-64.9548
-64.9546
-64.9545
-64.9543
-64.9541
-64.9539
-64.9537
-64.9536
-64.9534
-64.9532
-64.9531
-64.9529
-64.9527
-64.9526
-64.9524
-64.9523
-64.9521
-64.952
-64.9519
-64.9517
-64.9516
-64.9514
-64.9513
-64.9512
-64.9511
-64.9509
-64.9508
-64.9507
-64.9506
-64.9505
-64.9504
-64.9503
-64.9502
-64.95
-64.9499
-64.9499
-64.9498
-64.9497
-64.9496
-64.9495
-64.9494
-64.9493
-64.9492
-64.9492
-64.9491
-64.949
-64.9489
-64.9489
-64.9488
-64.9487
-64.9487
-64.9486
-64.9486
-64.9485
-64.9485
-64.9484
-64.9484
-64.9483
-64.9483
-64.9482
-64.9482
-64.9482
-64.9481
-64.9481
-64.9481
-64.948
-64.948
-64.948
-64.948
-64.948
-64.9479
-64.9479
-64.9479
-64.9479
-64.9479
-64.9479
-64.9479
-64.9479
-64.9479
-64.9479
-64.9479
-64.9479
-64.9479
-64.9479
-64.9479
-64.9479
-64.9479
-64.9479
-64.948
-64.948
-64.948
-64.948
-64.9481
-64.9481
-64.9481
-64.9481
-64.9482
-64.9482
-64.9482
-64.9483
-64.9483
-64.9483
-64.9484
-64.9484
-64.9485
-64.9485
-64.9486
-64.9486
-64.9487
-64.9487
-64.9488
-64.9488
-64.9489
-64.9489
-64.949
-64.9491
-64.9491
-64.9492
-64.9492
-64.9493
-64.9494
-64.9494
-64.9495
-64.9496
-64.9497
-64.9497
-64.9498
-64.9499
-64.95
-64.95
-64.9501
-64.9502
-64.9503
-64.9504
-64.9504
-64.9505
-64.9506
-64.9507
-64.9508
-64.9509
-64.951
-64.951
-64.9511
-64.9512
-64.9513
-64.9514
-64.9515
-64.9516
-64.9517
-64.9518
-64.9519
-64.952
-64.9521
-64.9522
-64.9523
-64.9524
-64.9525
-64.9526
-64.9527
-64.9528
-64.9529
-64.953
-64.9532
-64.9533
-64.9534
-64.9535
-64.9536
-64.9537
-64.9538
-64.9539
-64.954
-64.9542
-64.9543
-64.9544
-64.9545
-64.9546
-64.9547
-64.9548
-64.955
-64.9551
-64.9552
-64.9553
-64.9554
-64.9556
-64.9557
-64.9558
-64.9559
-64.956
-64.9562
-64.9563
-64.9564
-64.9565
-64.9566
-64.9568
-64.9569
-64.957
-64.9571
-64.9573
-64.9574
-64.9575
-64.9576
-64.9578
-64.9579
-64.958
-64.9581
-64.9583
-64.9584
-64.9585
-64.9587
-64.9588
-64.9589
-64.959
-64.9592
-64.9593
-64.9594
-64.9595
-64.9597
-64.9598
-64.9599
-64.96
-64.9602
-64.9603
-64.9604
-64.9606
-64.9607
-64.9608
-64.9609
-64.9611
-64.9612
-64.9613
-64.9614
-64.9616
-64.9617
-64.9618
-64.962
-64.9621
-64.9622
-64.9623
-64.8279
-64.6059
-64.3194
-63.9829
-63.6067
-63.1988
-62.7654
-62.3115
-61.8412
-61.3578
-60.8641
-60.3622
-59.8539
-59.3408
-58.824
-58.3046
-57.7833
-57.2607
-56.7372
-56.2134
-55.6892
-55.1649
-54.6404
-54.1156
-53.5902
-53.064
-52.5364
-52.0069
-51.4748
-50.9394
-50.3996
-49.8545
-49.3027
-48.743
-48.1736
-47.5928
-46.9986
-46.3887
-45.7605
-45.1112
-44.4375
-43.7358
-43.0017
-42.2308
-41.4174
-40.5557
-39.6385
-38.658
-37.6052
-36.4696
-35.2394
-33.9012
-32.4397
-30.8376
-29.0756
-27.1323
-24.9848
-22.6086
-19.9796
-17.0752
-13.8775
-10.3772
-6.57883
-2.50655
1.79029
6.23374
10.7182
15.1172
19.2961
23.1285
26.5124
29.3827
31.7155
33.5258
34.8584
35.7762
36.3486
36.6425
36.7168
36.6202
36.3906
36.057
35.6406
35.157
34.6174
34.0303
33.4017
32.7366
32.0386
31.3109
30.5561
29.7766
28.9744
28.1514
27.3094
26.45
25.5748
24.6852
23.7827
22.8686
21.9441
21.0104
20.0687
19.12
18.1393
17.1457
16.1473
15.1484
14.1511
13.1569
12.1668
11.1816
10.2018
9.22777
8.25994
7.2986
6.34402
5.3964
4.45595
3.5228
2.5971
1.67893
0.768379
-0.134497
-1.02966
-1.91708
-2.79676
-3.66872
-4.53297
-5.38954
-6.23849
-7.07987
-7.91374
-8.74019
-9.54503
-10.3341
-11.1098
-11.8735
-12.626
-13.3677
-14.0993
-14.821
-15.5332
-16.2362
-16.9303
-17.6159
-18.2931
-18.9624
-19.6239
-20.2779
-20.9248
-21.5648
-22.1982
-22.8253
-23.4464
-24.0618
-24.6719
-25.2769
-25.8773
-26.4733
-27.0654
-27.6538
-28.2391
-28.8215
-29.4017
-29.9799
-30.5566
-31.1323
-31.7076
-32.2828
-32.8586
-33.4354
-34.0138
-34.5944
-35.1777
-35.7642
-36.3545
-36.9491
-37.5484
-38.153
-38.7632
-39.3793
-40.0015
-40.6299
-41.2644
-41.9048
-42.5506
-43.201
-43.8552
-44.5118
-45.1694
-45.826
-46.4794
-47.1273
-47.7671
-48.3958
-49.0106
-49.6087
-50.1872
-50.7436
-51.2756
-51.7814
-52.2595
-52.7089
-53.1289
-53.5195
-53.8811
-54.2142
-54.5199
-54.7994
-55.0542
-55.2857
-55.4956
-55.6857
-55.8575
-56.0126
-56.1527
-56.2792
-56.3935
-56.4968
-56.5905
-56.6754
-56.7528
-56.8233
-56.8879
-56.9473
-57.0021
-57.053
-57.1003
-57.1446
-57.1864
-57.2258
-57.2634
-57.2993
-57.2373
-57.1249
-56.9834
-56.8243
-56.6549
-56.4798
-56.3022
-56.1242
-55.9474
-55.7728
-55.6012
-55.4331
-55.2689
-55.1089
-54.9532
-54.8019
-54.6552
-54.5129
-54.3752
-54.242
-54.1132
-53.9888
-53.8688
-53.753
-53.6414
-53.534
-53.4306
-53.3311
-53.2355
-53.1436
-53.0555
-52.9709
-52.8899
-52.8124
-52.7382
-52.6673
-52.5996
-52.535
-52.4735
-52.415
-52.3595
-52.3067
-52.2568
-52.2096
-52.165
-52.123
-52.0836
-52.0467
-52.0122
-51.98
-51.9502
-51.9227
-51.8973
-51.8742
-51.8532
-51.8342
-51.8173
-51.8024
-51.7894
-51.7784
-51.7692
-51.7618
-51.7563
-51.7525
-51.7504
-51.7501
-51.7514
-51.7543
-51.7588
-51.7648
-51.7724
-51.7815
-51.7921
-51.8041
-51.8175
-51.8324
-51.8485
-51.866
-51.8849
-51.905
-51.9263
-51.9489
-51.9727
-51.9977
-52.0239
-52.0512
-52.0796
-52.1091
-52.1397
-52.1713
-52.204
-52.2377
-52.2723
-52.308
-52.3445
-52.3821
-52.4205
-52.4598
-52.5
-52.5411
-52.5829
-52.6257
-52.6692
-52.7134
-52.7585
-52.8043
-52.8508
-52.898
-52.946
-52.9946
-53.0438
-53.0937
-53.1443
-53.1954
-53.2472
-53.2995
-53.3524
-53.4059
-53.4598
-53.5143
-53.5694
-53.6249
-53.6808
-53.7373
-53.7942
-53.8515
-53.9092
-53.9674
-54.0259
-54.0848
-54.1441
-54.2038
-54.2637
-54.3241
-54.3847
-54.4456
-54.5068
-54.5683
-54.6301
-54.6921
-54.7544
-54.8168
-54.8795
-54.9425
-55.0056
-55.0689
-55.1324
-55.196
-55.2598
-55.3238
-55.3879
-55.4521
-55.5164
-55.5809
-55.6454
-55.71
-55.7747
-55.8395
-55.9044
-55.9693
-56.0342
-56.0992
-56.1642
-56.2293
-56.2943
-56.3594
-56.4244
-56.4895
-56.5545
-56.6195
-56.6845
-56.7495
-56.8144
-56.8792
-56.944
-57.0088
-57.0735
-57.1381
-57.2026
-57.2671
-57.3314
-57.3957
-57.4599
-57.5239
-57.5879
-57.6517
-57.7155
-57.7791
-57.8425
-57.9059
-57.9691
-58.0322
-58.0951
-58.1579
-58.2205
-58.283
-58.3453
-58.4074
-58.4694
-58.5313
-58.5929
-58.6544
-58.7157
-58.7768
-58.8377
-58.8985
-58.959
-59.0194
-59.0796
-59.1396
-59.1994
-59.2589
-59.3183
-59.3775
-59.4364
-59.4952
-59.5538
-59.6121
-59.6702
-59.7281
-59.7858
-59.8433
-59.9005
-59.9575
-60.0143
-60.0709
-60.1273
-60.1834
-60.2393
-60.2949
-60.3504
-60.4056
-60.4605
-60.5152
-60.5697
-60.624
-60.678
-60.7318
-60.7853
-60.8386
-60.8917
-60.9445
-60.9971
-61.0495
-61.1016
-61.1534
-61.205
-61.2564
-61.3075
-61.3584
-61.409
-61.4594
-61.5095
-61.5594
-61.609
-61.6584
-61.7076
-61.7565
-61.8051
-61.8535
-61.9017
-61.9496
-61.9972
-62.0446
-62.0918
-62.1387
-62.1854
-62.2318
-62.2779
-62.3238
-62.3695
-62.4149
-62.4601
-62.505
-62.5497
-62.5941
-62.6383
-62.6822
-62.7259
-62.7693
-62.8125
-62.8554
-62.8981
-62.9405
-62.9827
-63.0247
-63.0664
-63.1078
-63.149
-63.19
-63.2307
-63.2712
-63.3114
-63.3514
-63.3911
-63.4306
-63.4699
-63.5089
-63.5477
-63.5862
-63.6245
-63.6626
-63.7004
-63.7379
-63.7753
-63.8124
-63.8492
-63.8858
-63.9222
-63.9583
-63.9942
-64.0299
-64.0653
-64.1005
-64.1355
-64.1702
-64.2047
-64.239
-64.273
-64.3068
-64.3404
-64.3737
-64.4068
-64.4397
-64.3437
-64.1672
-63.934
-63.6585
-63.3511
-63.0192
-62.669
-62.3049
-61.9306
-61.5492
-61.1629
-60.7737
-60.3831
-59.9925
-59.6028
-59.2151
-58.8299
-58.4479
-58.0696
-57.6954
-57.3256
-56.9606
-56.6006
-56.2457
-55.896
-55.5517
-55.2129
-54.8795
-54.5516
-54.2291
-53.9119
-53.6001
-53.2935
-52.9921
-52.6956
-52.4039
-52.117
-51.8345
-51.5564
-51.2823
-51.0123
-50.7459
-50.4829
-50.2232
-49.9665
-49.7125
-49.4609
-49.2115
-48.964
-48.7181
-48.4735
-48.2299
-47.987
-47.7444
-47.5018
-47.2588
-47.0152
-46.7704
-46.5241
-46.276
-46.0255
-45.7723
-45.5159
-45.2557
-44.9913
-44.7222
-44.4476
-44.1672
-43.8801
-43.5857
-43.2833
-42.972
-42.6511
-42.3195
-41.9764
-41.6205
-41.2508
-40.866
-40.4648
-40.0456
-39.6068
-39.1466
-38.6631
-38.1542
-37.6175
-37.0506
-36.4506
-35.8144
-35.1388
-34.4201
-33.6544
-32.8373
-31.9643
-31.0301
-30.0296
-28.9569
-27.8061
-26.571
-25.2452
-23.8227
-22.2977
-20.665
-18.9208
-17.0632
-15.0927
-13.0134
-10.8339
-8.56851
-6.23776
-3.86929
-1.49754
0.837265
3.09113
5.21938
7.1802
8.9382
10.4671
11.7516
12.7869
13.5783
14.1384
14.4856
14.6408
14.6263
14.4637
14.1733
13.7736
13.2806
12.7084
12.0691
11.373
10.6288
9.84401
9.02495
8.17706
7.30503
6.41291
5.50421
4.58199
3.64896
2.70748
1.75963
0.807267
-0.147988
-1.10469
-2.06155
-3.01746
-3.9714
-4.92251
-5.87001
-6.81323
-7.75158
-8.68455
-9.61172
-10.5327
-11.4472
-12.3549
-13.2556
-14.1492
-15.0355
-15.9145
-16.7861
-17.6503
-18.507
-19.3564
-20.1984
-21.0332
-21.861
-22.6818
-23.4958
-24.3032
-25.1042
-25.8992
-26.6883
-27.4718
-28.2501
-29.0235
-29.7924
-30.5573
-31.3184
-32.0764
-32.7761
-33.4429
-34.0885
-34.7191
-35.3387
-35.95
-36.5549
-37.1549
-37.7511
-38.3446
-38.9361
-39.5265
-40.1165
-40.7067
-41.2978
-41.8903
-42.4849
-43.0821
-43.6824
-44.2863
-44.8942
-45.5065
-46.1234
-46.7451
-47.3717
-48.0032
-48.6393
-49.2796
-49.9236
-50.5703
-51.2187
-51.8673
-52.5145
-53.1582
-53.7962
-54.4256
-55.0438
-55.6475
-56.2337
-56.799
-57.3404
-57.855
-58.3402
-58.794
-59.2146
-59.6012
-59.9533
-60.2711
-60.5554
-60.8073
-61.0284
-61.2207
-61.3862
-61.5273
-61.6461
-61.7451
-61.8262
-61.8917
-61.9435
-61.9834
-62.013
-62.0337
-62.047
-62.0539
-62.0556
-61.9433
-61.7688
-61.5563
-61.3199
-61.0684
-60.8082
-60.5435
-60.2774
-60.0123
-59.7497
-59.4909
-59.2368
-58.9879
-58.7448
-58.5076
-58.2767
-58.0522
-57.8341
-57.6224
-57.4171
-57.2182
-57.0255
-56.8391
-56.6587
-56.4843
-56.3158
-56.153
-55.9957
-55.844
-55.6976
-55.5564
-55.4202
-55.289
-55.1626
-55.0409
-54.9238
-54.8111
-54.7028
-54.5986
-54.4986
-54.4025
-54.3104
-54.222
-54.1374
-54.0563
-53.9787
-53.9046
-53.8337
-53.7661
-53.7017
-53.6404
-53.582
-53.5266
-53.474
-53.4243
-53.3772
-53.3328
-53.291
-53.2518
-53.215
-53.1806
-53.1486
-53.1189
-53.0914
-53.0662
-53.0431
-53.0222
-53.0033
-52.893
-52.7343
-52.5468
-52.3416
-52.1259
-51.9044
-51.6804
-51.4563
-51.2338
-51.0141
-50.798
-50.5862
-50.3791
-50.177
-49.9801
-49.7885
-49.6023
-49.4216
-49.2463
-49.0763
-48.9117
-48.7523
-48.5982
-48.4491
-48.3051
-48.166
-48.0316
-47.902
-47.7771
-47.6566
-47.5405
-47.4287
-47.3212
-47.2177
-47.1183
-47.0228
-46.9312
-46.8433
-46.7591
-46.6784
-46.6013
-46.5277
-46.4574
-46.3904
-46.3266
-46.266
-46.2086
-46.1542
-46.1028
-46.0544
-46.0088
-45.9662
-45.9263
-45.8892
-45.8548
-45.8231
-45.7941
-45.7677
-45.7439
-45.7226
-45.7038
-45.6875
-45.6737
-45.6623
-45.6533
-45.6467
-45.6424
-45.6405
-45.6408
-45.6435
-45.6484
-45.6556
-45.6649
-45.6765
-45.6903
-45.7062
-45.7243
-45.7445
-45.7668
-45.7911
-45.8176
-45.8461
-45.8767
-45.9093
-45.9438
-45.9804
-46.0189
-46.0594
-46.1018
-46.1461
-46.1924
-46.2405
-46.2904
-46.3422
-46.3958
-46.4512
-46.5084
-46.5674
-46.6281
-46.6905
-46.7547
-46.8205
-46.8879
-46.957
-47.0277
-47.1001
-47.1739
-47.2493
-47.3262
-47.4046
-47.4845
-47.5658
-47.6485
-47.7326
-47.8181
-47.9049
-47.9929
-48.0823
-48.1729
-48.2646
-48.3576
-48.4517
-48.5469
-48.6432
-48.7405
-48.8389
-48.9382
-49.0385
-49.1397
-49.2417
-49.3446
-49.4483
-49.5528
-49.658
-49.7639
-49.8704
-49.9776
-50.0854
-50.1937
-50.3025
-50.4118
-50.5215
-50.6317
-50.7422
-50.853
-50.9642
-51.0755
-51.1872
-51.299
-51.4109
-51.523
-51.6352
-51.7474
-51.8596
-51.9719
-52.0841
-52.1962
-52.3082
-52.42
-52.5318
-52.6433
-52.7546
-52.8656
-52.9764
-53.0869
-53.1971
-53.3069
-53.4164
-53.5255
-53.6341
-53.7424
-53.8502
-53.9575
-54.0644
-54.1707
-54.2766
-54.3819
-54.4866
-54.5909
-54.6945
-54.7976
-54.9001
-55.002
-55.1032
-55.2039
-55.3039
-55.4033
-55.5021
-55.6003
-55.6977
-55.7946
-55.8908
-55.9863
-56.0812
-56.1754
-56.2689
-56.3618
-56.454
-56.5456
-56.6365
-56.7267
-56.8163
-56.9052
-56.9934
-57.081
-57.168
-57.2542
-57.3399
-57.4249
-57.5092
-57.593
-57.6761
-57.7585
-57.8403
-57.9216
-58.0021
-58.0821
-58.1615
-58.2403
-58.3185
-58.396
-58.473
-58.5495
-58.6253
-58.7005
-58.7752
-58.8494
-58.9229
-58.996
-59.0684
-59.1404
-59.2118
-59.2826
-59.353
-59.4228
-59.4921
-59.5608
-59.6291
-59.6969
-59.7642
-59.8309
-59.8972
-59.963
-60.0284
-60.0932
-60.1576
-60.2215
-60.2849
-60.3479
-60.4105
-60.4726
-60.5342
-60.5954
-60.6562
-60.7165
-60.7764
-60.8359
-60.8949
-60.9536
-61.0118
-61.0696
-61.127
-61.184
-61.2406
-61.2968
-61.3526
-61.408
-61.463
-61.5176
-61.5719
-61.6257
-61.6792
-61.7323
-61.7851
-61.8375
-61.8895
-61.9411
-61.9924
-62.0433
-62.0939
-62.1441
-62.194
-62.2435
-62.2927
-62.3416
-62.2673
-62.1172
-61.9145
-61.6731
-61.4027
-61.1105
-60.8021
-60.4818
-60.153
-59.8182
-59.4796
-59.139
-58.7977
-58.4569
-58.1175
-57.7801
-57.4456
-57.1144
-56.7868
-56.4633
-56.1442
-55.8296
-55.5199
-55.215
-54.9152
-54.6204
-54.3308
-54.0464
-53.7672
-53.4931
-53.2242
-52.9603
-52.7015
-52.4476
-52.1985
-51.9541
-51.7144
-51.4791
-51.2482
-51.0216
-50.799
-50.5803
-50.3654
-50.1542
-49.9464
-49.7419
-49.5405
-49.3421
-49.1464
-48.9533
-48.7627
-48.5743
-48.388
-48.2035
-48.0208
-47.8395
-47.6596
-47.4807
-47.3029
-47.1257
-46.9491
-46.7729
-46.5968
-46.4206
-46.2441
-46.0671
-45.8894
-45.7107
-45.5309
-45.3495
-45.1665
-44.9815
-44.7943
-44.6045
-44.4118
-44.216
-44.0167
-43.8135
-43.6061
-43.3941
-43.177
-42.9544
-42.7257
-42.4906
-42.2484
-41.9985
-41.7403
-41.4731
-41.1962
-40.9087
-40.6098
-40.2986
-39.9739
-39.6348
-39.28
-38.9082
-38.5179
-38.1076
-37.6756
-37.2201
-36.7389
-36.23
-35.6908
-35.1188
-34.5111
-33.8646
-33.1759
-32.4414
-31.6571
-30.819
-29.9225
-28.963
-27.9358
-26.836
-25.6587
-24.3995
-23.0544
-21.6203
-20.0952
-18.4793
-16.775
-14.9881
-13.1282
-11.2095
-9.25134
-7.27792
-5.31801
-3.4037
-1.56859
0.154428
1.73552
3.15
4.37986
5.41442
6.25026
6.8904
7.34311
7.62044
7.73682
7.70787
7.54937
7.27659
6.90386
6.44424
5.90951
5.31012
4.65526
3.95299
3.21036
2.43349
1.62774
0.797774
-0.052311
-0.918942
-1.79898
-2.68968
-3.58861
-4.49363
-5.40287
-6.31468
-7.2276
-8.12681
-9.01516
-9.89339
-10.7616
-11.6198
-12.4679
-13.3056
-14.133
-14.9499
-15.7563
-16.5522
-17.3377
-18.1128
-18.8776
-19.6322
-20.3768
-21.1115
-21.8366
-22.5522
-23.2586
-23.9559
-24.6446
-25.3247
-25.9966
-26.6606
-27.317
-27.9661
-28.6082
-29.2437
-29.873
-30.4964
-31.1143
-31.7271
-32.3353
-32.9391
-33.5391
-34.1357
-34.7294
-35.3207
-35.91
-36.4978
-37.0847
-37.6712
-38.2577
-38.8449
-39.4333
-40.0233
-40.6156
-41.2107
-41.8091
-42.4113
-43.0177
-43.6289
-44.1706
-44.6776
-45.1652
-45.6415
-46.1112
-46.5769
-47.0404
-47.5025
-47.9635
-48.423
-48.8806
-49.3352
-49.7857
-50.2305
-50.6679
-51.096
-51.5127
-51.9159
-52.3033
-52.6729
-53.0228
-53.3512
-53.6568
-53.9384
-54.1955
-54.4276
-54.635
-54.8181
-54.9778
-55.1151
-55.2314
-55.328
-55.4067
-55.469
-55.5164
-55.5508
-55.5734
-55.5859
-55.5895
-55.5856
-55.5752
-55.5594
-55.5391
-55.5152
-55.4884
-55.4592
-55.4284
-55.3963
-55.3635
-55.3302
-55.2969
-55.2637
-55.2309
-55.1988
-55.1674
-55.137
-55.1076
-55.0793
-55.0523
-55.0265
-55.0021
-54.9791
-54.9575
-54.9374
-54.9187
-54.9014
-54.8856
-54.8713
-54.8585
-54.8471
-54.8372
-54.8287
-54.8216
-54.816
-54.8117
-54.8088
-54.8073
-54.8071
-54.8082
-54.8106
-54.8143
-54.8192
-54.8253
-54.8327
-54.8412
-54.8509
-54.8618
-54.8738
-54.8868
-54.901
-54.9162
-54.9324
-54.9497
-54.9679
-54.9871
-55.0073
-55.0285
-55.0505
-55.0734
-55.0972
-55.1219
-55.1474
-55.1738
-55.2009
-55.2288
-55.2576
-55.287
-55.3172
-55.3481
-55.3798
-55.4121
-55.4451
-55.4787
-55.513
-55.548
-55.5835
-55.6196
-55.6564
-55.6937
-55.7315
-55.7699
-55.8089
-55.8483
-55.8883
-55.9287
-55.9696
-56.011
-56.0529
-56.0952
-56.1379
-56.181
-56.2246
-56.2685
-56.3128
-56.3575
-56.4026
-56.448
-56.4938
-56.5398
-56.5863
-56.633
-56.68
-56.7273
-56.7749
-56.8227
-56.8708
-56.9192
-56.9678
-57.0166
-57.0657
-57.115
-57.1645
-57.2141
-57.264
-57.3141
-57.3643
-57.4147
-57.4653
-57.516
-57.5668
-57.6178
-57.669
-57.7202
-57.7715
-57.823
-57.8746
-57.9262
-57.978
-58.0298
-58.0817
-58.1336
-58.1857
-58.2377
-58.2899
-58.342
-58.3942
-58.4465
-58.4987
-58.551
-58.6033
-58.6556
-58.7079
-58.7603
-58.8126
-58.8649
-58.9171
-58.9694
-59.0216
-59.0739
-59.126
-59.1782
-59.2303
-59.2823
-59.3343
-59.3863
-59.4381
-59.49
-59.5417
-59.5934
-59.645
-59.6966
-59.748
-59.7994
-59.8507
-59.9018
-59.9529
-60.0039
-60.0548
-60.1056
-60.1563
-60.2069
-60.2574
-60.3077
-60.3579
-60.408
-60.458
-60.5079
-60.5576
-60.6072
-60.6567
-60.706
-60.7552
-60.8043
-60.8532
-60.902
-60.9506
-60.9991
-61.0474
-61.0956
-61.1436
-61.1914
-61.2392
-61.2867
-61.3341
-61.3813
-61.4284
-61.4753
-61.522
-61.5685
-61.6149
-61.6611
-61.7072
-61.753
-61.7987
-61.8442
-61.8896
-61.9347
-61.9797
-62.0245
-62.0691
-62.1135
-62.1578
-62.2018
-62.2457
-62.2894
-62.3329
-62.3762
-62.4193
-62.4622
-62.505
-62.5475
-62.5899
-62.632
-62.674
-62.7157
-62.7573
-62.7987
-62.8398
-62.8808
-62.9216
-62.9622
-63.0025
-63.0427
-63.0827
-63.1225
-63.1621
-63.2014
-63.2406
-63.2796
-63.3184
-63.3569
-63.3953
-63.4335
-63.4714
-63.5092
-63.5467
-63.5841
-63.6212
-63.6582
-63.6949
-63.7314
-63.7678
-63.8039
-63.8398
-63.8755
-63.911
-63.9463
-63.9814
-64.0163
-64.051
-64.0855
-64.1198
-64.1539
-64.1877
-64.2214
-64.2549
-64.2881
-64.3212
-64.354
-64.3866
-64.4191
-64.4513
-64.4834
-64.5152
-64.5468
-64.5782
-64.6094
-64.6405
-64.6713
-64.7019
-64.7323
-64.7625
-64.7925
-64.8223
-64.8519
-64.8813
-64.9105
-64.9395
-64.9683
-64.9969
-65.0253
-65.0535
-65.0815
-65.1093
-65.1369
-65.1644
-65.1916
-65.2186
-65.2454
-65.272
-65.2985
-65.3247
-65.3507
-65.3766
-65.4022
-65.4277
-65.453
-65.478
-65.5029
-65.5276
-65.5521
-65.5764
-65.6006
-65.6245
-65.6482
-65.6718
-65.6951
-65.7183
-65.7413
-65.7641
-65.7867
-65.8091
-65.8314
-65.8534
-65.8753
-65.897
-65.9185
-65.9398
-65.961
-65.9819
-66.0027
-66.0233
-66.0437
-66.064
-66.084
-66.1039
-66.1236
-66.1431
-66.1625
-66.1817
-66.2007
-66.2195
-66.2381
-66.2566
-66.2749
-66.293
-66.311
-66.3288
-66.3464
-66.3638
-66.3811
-66.3982
-66.4151
-66.4319
-66.4485
-66.4649
-66.4812
-66.4973
-66.5132
-66.529
-66.5446
-66.5601
-66.5753
-66.5905
-66.6054
-66.6202
-66.6349
-66.6494
-66.6637
-66.6778
-66.6919
-66.7057
-66.7194
-66.7329
-66.7463
-66.7596
-66.7726
-66.7856
-66.7983
-66.811
-66.8234
-66.8357
-66.8479
-66.8599
-66.8718
-66.8835
-66.8951
-66.9065
-66.9178
-66.929
-66.94
-66.9508
-66.9615
-66.9721
-66.9825
-66.9928
-67.0029
-67.0129
-67.0228
-67.0325
-67.0421
-67.0516
-67.0609
-67.0701
-67.0791
-67.088
-67.0968
-67.1054
-67.1139
-67.1223
-67.1305
-67.1386
-67.1466
-67.1545
-67.1622
-67.1698
-67.1773
-67.1846
-67.1918
-67.1989
-67.2059
-67.2127
-67.2194
-67.226
-67.2325
-67.2388
-67.2451
-67.2512
-67.2572
-67.263
-67.2688
-67.2744
-67.2799
-67.2853
-67.2906
-67.2958
-67.3008
-67.3058
-67.3106
-67.3153
-67.3199
-67.3244
-67.3288
-67.3331
-67.3372
-67.3413
-67.3452
-67.3491
-67.3528
-67.3564
-67.3599
-67.3633
-67.3667
-67.3699
-67.373
-67.376
-67.3788
-67.3816
-67.3843
-67.3869
-67.3894
-67.3918
-67.3941
-67.3963
-67.3984
-67.4004
-67.4023
-67.4041
-67.4059
-67.4075
-67.409
-67.4105
-67.4118
-67.4131
-67.4142
-67.4153
-67.4163
-67.4172
-67.418
-67.4187
-67.4194
-67.4199
-67.4204
-67.4207
-67.421
-67.4212
-67.4214
-67.4214
-67.4214
-67.4212
-67.421
-67.4207
-67.4204
-67.4199
-67.4194
-67.4188
-67.4181
-67.4173
-67.4165
-67.4156
-67.4146
-67.4135
-67.4124
-67.4112
-67.4099
-67.4085
-67.4071
-67.4056
-67.404
-67.4024
-67.4006
-67.3989
-67.397
-67.3951
-67.3931
-67.391
-67.3889
-67.3867
-67.3844
-67.3821
-67.3797
-67.3773
-67.3748
-67.3722
-67.3695
-67.3668
-67.3641
-67.3612
-67.3584
-67.3554
-67.3524
-67.3493
-67.3462
-67.343
-67.3398
-67.3365
-67.3331
-67.3297
-67.3263
-67.3228
-67.3192
-67.3156
-67.3119
-67.3081
-67.3043
-67.3005
-67.2966
-67.2927
-67.2887
-67.2846
-67.2805
-67.2764
-67.2722
-67.268
-67.2637
-67.2593
-67.255
-67.2505
-67.2461
-67.2415
-67.237
-67.2324
-67.2277
-67.223
-67.2183
-67.2135
-67.2087
-67.2038
-67.1989
-67.1939
-67.1889
-67.1839
-67.1788
-67.1737
-67.1686
-67.1634
-67.1582
-67.1529
-67.1476
-67.1423
-67.1369
-67.1315
-67.1261
-67.1206
-67.1151
-67.1095
-67.1039
-67.0983
-67.0927
-67.087
-67.0813
-67.0755
-67.0698
-67.064
-67.0581
-67.0523
-67.0464
-67.0405
-67.0345
-67.0285
-67.0225
-67.0165
-67.0104
-67.0043
-66.9982
-66.9921
-66.9859
-66.9797
-66.9735
-66.9673
-66.961
-66.9547
-66.9484
-66.9421
-66.9357
-66.9294
-66.923
-66.9165
-66.9101
-66.9036
-66.8971
-66.8906
-66.8841
-66.8776
-66.871
-66.8644
-66.8578
-66.8512
-66.8445
-66.8379
-66.8312
-66.8245
-66.8178
-66.8111
-66.8043
-66.7976
-66.7908
-66.784
-66.7772
-66.7704
-66.7635
-66.7567
-66.7498
-66.743
-66.7361
-66.7292
-66.7223
-66.7153
-66.7084
-66.7014
-66.6945
-66.6875
-66.6805
-66.6735
-66.6665
-66.6595
-66.6525
-66.6455
-66.6384
-66.6314
-66.6243
-66.6173
-66.6102
-66.6031
-66.5961
-66.589
-66.5819
-66.5748
-66.5677
-66.5606
-66.5534
-66.5463
-66.5392
-66.5321
-66.5249
-66.5178
-66.5107
-66.5035
-66.4964
-66.4892
-66.4821
-66.4749
-66.4678
-66.4606
-66.4534
-66.4463
-66.4391
-66.4319
-66.4248
-66.4176
-66.4104
-66.4033
-66.3961
-66.3889
-66.3818
-66.3746
-66.3674
-66.3603
-66.3531
-66.346
-66.3388
-66.3316
-66.3245
-66.3173
-66.3102
-66.303
-66.2959
-66.2887
-66.2816
-66.2744
-66.2673
-66.2602
-66.2531
-66.2459
-66.2388
-66.2317
-66.2246
-66.2175
-66.2104
-66.2033
-66.1962
-66.1892
-66.1821
-66.175
-66.168
-66.1609
-66.1539
-66.1468
-66.1398
-66.1328
-66.1258
-66.1188
-66.1118
-66.1048
-66.0978
-66.0909
-66.0839
-66.077
-66.07
-66.0631
-66.0562
-66.0493
-66.0424
-66.0355
-66.0286
-66.0217
-66.0149
-66.008
-66.0012
-65.9944
-65.9876
-65.9808
-65.974
-65.9672
-65.9605
-65.9537
-65.947
-65.9403
-65.9336
-65.9269
-65.9202
-65.9135
-65.9069
-65.9002
-65.8936
-65.887
-65.8804
-65.8738
-65.8672
-65.8606
-65.8541
-65.8475
-65.841
-65.8345
-65.828
-65.8215
-65.815
-65.8086
-65.8021
-65.7957
-65.7893
-65.7829
-65.7765
-65.7702
-65.7638
-65.7575
-65.7512
-65.7449
-65.7386
-65.7324
-65.7261
-65.7199
-65.7137
-65.7075
-65.7013
-65.6951
-65.689
-65.6829
-65.6768
-65.6707
-65.6646
-65.6586
-65.6525
-65.6465
-65.6405
-65.6345
-65.6286
-65.6226
-65.6167
-65.6108
-65.6049
-65.599
-65.5932
-65.5874
-65.5816
-65.5758
-65.57
-65.5643
-65.5585
-65.5528
-65.5472
-65.5415
-65.5358
-65.5302
-65.5246
-65.519
-65.5135
-65.5079
-65.5024
-65.4969
-65.4914
-65.486
-65.4805
-65.4751
-65.4697
-65.4644
-65.459
-65.4537
-65.4484
-65.4431
-65.4378
-65.4326
-65.4273
-65.4221
-65.4169
-65.4118
-65.4066
-65.4015
-65.3964
-65.3913
-65.3863
-65.3813
-65.3762
-65.3712
-65.3663
-65.3613
-65.3564
-65.3515
-65.3466
-65.3418
-65.3369
-65.3321
-65.3273
-65.3225
-65.3178
-65.3131
-65.3084
-65.3037
-65.299
-65.2944
-65.2898
-65.2852
-65.2806
-65.2761
-65.2715
-65.267
-65.2626
-65.2581
-65.2537
-65.2493
-65.2449
-65.2405
-65.2362
-65.2319
-65.2276
-65.2233
-65.2191
-65.2149
-65.2107
-65.2065
-65.2024
-65.1982
-65.1941
-65.19
-65.186
-65.182
-65.178
-65.174
-65.17
-65.1661
-65.1622
-65.1583
-65.1544
-65.1506
-65.1468
-65.143
-65.1392
-65.1355
-65.1318
-65.1281
-65.1244
-65.1208
-65.1171
-65.1136
-65.11
-65.1064
-65.1029
-65.0994
-65.0959
-65.0925
-65.0891
-65.0857
-65.0823
-65.0789
-65.0756
-65.0723
-65.069
-65.0658
-65.0625
-65.0593
-65.0561
-65.053
-65.0499
-65.0467
-65.0437
-65.0406
-65.0376
-65.0345
-65.0316
-65.0286
-65.0257
-65.0227
-65.0198
-65.017
-65.0141
-65.0113
-65.0085
-65.0057
-65.003
-65.0003
-64.9976
-64.9949
-64.9922
-64.9896
-64.987
-64.9844
-64.9819
-64.9793
-64.9768
-64.9743
-64.9718
-64.9694
-64.967
-64.9646
-64.9622
-64.9598
-64.9575
-64.9552
-64.9529
-64.9506
-64.9484
-64.9462
-64.944
-64.9418
-64.9396
-64.9375
-64.9354
-64.9333
-64.9312
-64.9292
-64.9272
-64.9252
-64.9232
-64.9212
-64.9193
-64.9174
-64.9155
-64.9136
-64.9118
-64.9099
-64.9081
-64.9063
-64.9046
-64.9028
-64.9011
-64.8994
-64.8977
-64.8961
-64.8945
-64.8928
-64.8912
-64.8897
-64.8881
-64.8866
-64.8851
-64.8836
-64.8821
-64.8807
-64.8792
-64.8778
-64.8764
-64.8751
-64.8737
-64.8724
-64.8711
-64.8698
-64.8685
-64.8673
-64.866
-64.8648
-64.8636
-64.8625
-64.8613
-64.8602
-64.8591
-64.858
-64.8569
-64.8559
-64.8548
-64.8538
-64.8528
-64.8518
-64.8509
-64.8499
-64.849
-64.8481
-64.8472
-64.8463
-64.8455
-64.8447
-64.8438
-64.8431
-64.8423
-64.8415
-64.8408
-64.84
-64.8393
-64.8386
-64.838
-64.8373
-64.8367
-64.8361
-64.8354
-64.8349
-64.8343
-64.8337
-64.8332
-64.8327
-64.8322
-64.8317
-64.8312
-64.8307
-64.8303
-64.8299
-64.8295
-64.8291
-64.8287
-64.8283
-64.828
-64.8276
-64.8273
-64.827
-64.8267
-64.8265
-64.8262
-64.826
-64.8257
-64.8255
-64.8253
-64.8251
-64.825
-64.8248
-64.8247
-64.8245
-64.8244
-64.8243
-64.8242
-64.8242
-64.8241
-64.8241
-64.824
-64.824
-64.824
-64.824
-64.824
-64.824
-64.8241
-64.8241
-64.8242
-64.8243
-64.8244
-64.8245
-64.8246
-64.8247
-64.8249
-64.825
-64.8252
-64.8254
-64.8255
-64.8257
-64.8259
-64.6919
-64.4705
-64.1848
-63.8492
-63.4741
-63.0673
-62.6351
-62.1825
-61.7135
-61.2316
-60.7393
-60.2388
-59.7321
-59.2205
-58.7054
-58.1875
-57.6678
-57.1469
-56.6252
-56.103
-55.5807
-55.0582
-54.5355
-54.0126
-53.4892
-52.9651
-52.4396
-51.9124
-51.3828
-50.8499
-50.313
-49.7708
-49.2223
-48.666
-48.1005
-47.524
-46.9345
-46.3299
-45.7077
-45.0651
-44.399
-43.7057
-42.9814
-42.2215
-41.4209
-40.5736
-39.6732
-38.7121
-37.6816
-36.572
-35.372
-34.0689
-32.6482
-31.0938
-29.3873
-27.5085
-25.4356
-23.1454
-20.6144
-17.8204
-14.7448
-11.3759
-7.71417
-3.77683
0.396077
4.73782
9.15425
13.5282
17.7297
21.6307
25.1214
28.1244
30.6014
32.5545
34.0183
35.0494
35.7149
36.0819
36.2115
36.155
35.9535
35.6385
35.2334
34.7557
34.2179
33.6293
32.997
32.3263
31.6213
30.8855
30.1218
29.3327
28.5203
27.6867
26.8339
25.9634
25.0771
24.1763
23.2626
22.3373
21.4017
20.4572
19.5048
18.5458
17.581
16.6116
15.6385
14.6625
13.6844
12.7051
11.7253
10.7455
9.76653
8.78882
7.81295
6.83939
5.86859
4.90095
3.93683
2.97657
2.02046
1.06878
0.12175
-0.820417
-1.75754
-2.68946
-3.61605
-4.53719
-5.45279
-6.36279
-7.26713
-8.16579
-9.05874
-9.94597
-10.8275
-11.7034
-12.5736
-13.4382
-14.2974
-15.1511
-15.9995
-16.8427
-17.6808
-18.5139
-19.3423
-20.1661
-20.9854
-21.8006
-22.6118
-23.4193
-24.2235
-25.0245
-25.8229
-26.6189
-27.4129
-28.2055
-28.9971
-29.7882
-30.5794
-31.3714
-32.1647
-32.9601
-33.7584
-34.5603
-35.3667
-36.1786
-36.9968
-37.8223
-38.6561
-39.4994
-40.3532
-41.2185
-42.0965
-42.9881
-43.8945
-44.8165
-45.7549
-46.7103
-47.6833
-48.6738
-49.6818
-50.7066
-51.747
-52.8014
-53.8673
-54.9415
-56.0202
-57.0984
-58.1707
-59.2307
-60.2716
-61.2859
-62.2665
-63.2061
-64.0981
-64.9369
-65.7178
-66.4377
-67.095
-67.6895
-68.2224
-68.696
-69.1139
-69.4799
-69.7986
-70.0747
-70.3127
-70.5173
-70.6925
-70.8424
-70.9705
-71.0798
-71.044
-70.9234
-70.7475
-70.5339
-70.2945
-70.0375
-69.7691
-69.4936
-69.2144
-68.934
-68.6542
-68.3766
-68.1021
-67.8315
-67.5655
-67.3046
-67.049
-66.7989
-66.5545
-66.316
-66.0833
-65.8565
-65.6356
-65.4204
-65.211
-65.0073
-64.8091
-64.6164
-64.4292
-64.2472
-64.0704
-63.8987
-63.7319
-63.57
-63.4128
-63.2603
-63.1123
-62.9687
-62.716
-62.4057
-62.0621
-61.699
-61.3256
-60.9478
-60.57
-60.1953
-59.8258
-59.4629
-59.1078
-58.7612
-58.4235
-58.095
-57.7759
-57.4663
-57.166
-56.8751
-56.5935
-56.3208
-56.0571
-55.8021
-55.5556
-55.3174
-55.0872
-54.8649
-54.6502
-54.4429
-54.2427
-54.0496
-53.8632
-53.6834
-53.5099
-53.3426
-53.1812
-53.0257
-52.8757
-52.7312
-52.592
-52.4579
-52.3287
-52.2044
-52.0847
-51.9696
-51.8589
-51.7524
-51.6501
-51.5519
-51.4576
-51.3671
-51.2803
-51.1972
-51.1176
-51.0415
-50.9687
-50.8992
-50.8329
-50.7697
-50.7096
-50.6524
-50.5982
-50.5469
-50.4983
-50.4525
-50.4094
-50.3689
-50.3309
-50.2956
-50.2626
-50.2322
-50.2041
-50.1784
-50.155
-50.1339
-50.115
-50.0983
-50.0837
-50.0713
-50.061
-50.0528
-50.0466
-50.0424
-50.0402
-50.0399
-50.0416
-50.0451
-50.0506
-50.0578
-50.0669
-50.0777
-50.0903
-50.1047
-50.1208
-50.1385
-50.158
-50.179
-50.2017
-50.226
-50.2519
-50.2794
-50.3083
-50.3388
-50.3708
-50.4042
-50.4391
-50.4755
-50.5132
-50.5523
-50.5928
-50.6346
-50.6777
-50.7221
-50.7678
-50.8148
-50.8629
-50.9123
-50.9629
-51.0146
-51.0675
-51.1215
-51.1766
-51.2328
-51.29
-51.3483
-51.4076
-51.4678
-51.529
-51.5912
-51.6543
-51.7182
-51.7831
-51.8488
-51.9153
-51.9826
-52.0507
-52.1195
-52.1891
-52.2593
-52.3303
-52.4019
-52.4742
-52.5471
-52.6205
-52.6946
-52.7692
-52.8443
-52.9199
-52.996
-53.0725
-53.1495
-53.2269
-53.3047
-53.2841
-53.2069
-53.0926
-52.9527
-52.7946
-52.6235
-52.4433
-52.2569
-52.0664
-51.8735
-51.6795
-51.4853
-51.2916
-51.0992
-50.9085
-50.7199
-50.5336
-50.35
-50.1692
-49.9914
-49.8168
-49.6453
-49.4771
-49.3122
-49.1507
-48.9926
-48.8378
-48.6864
-48.5384
-48.3937
-48.2523
-48.1142
-47.9793
-47.8475
-47.719
-47.5935
-47.471
-47.3516
-47.235
-47.1214
-47.0106
-46.9026
-46.7973
-46.6946
-46.5946
-46.4972
-46.4023
-46.3099
-46.2199
-46.1323
-46.047
-45.9641
-45.8834
-45.8049
-45.7287
-45.6546
-45.5826
-45.5127
-45.4449
-45.3792
-45.3154
-45.2537
-45.1939
-45.136
-45.0801
-45.026
-44.9739
-44.9236
-44.8752
-44.8287
-44.7839
-44.741
-44.6999
-44.6607
-44.6232
-44.5875
-44.5536
-44.5214
-44.4911
-44.4625
-44.4358
-44.4108
-44.3875
-44.3661
-44.3464
-44.3286
-44.3125
-44.2982
-44.2857
-44.275
-44.2662
-44.2591
-44.2539
-44.2506
-44.2491
-44.2494
-44.2517
-44.2558
-44.2619
-44.2698
-44.2797
-44.2916
-44.3054
-44.3212
-44.339
-44.3588
-44.3806
-44.4045
-44.4305
-44.4586
-44.4888
-44.5211
-44.5556
-44.5923
-44.6312
-44.6723
-44.7157
-44.7614
-44.8093
-44.8597
-44.9123
-44.9674
-45.0249
-45.0848
-45.1472
-45.2121
-45.2795
-45.3495
-45.4221
-45.4973
-45.5752
-45.6558
-45.7391
-45.8251
-45.9139
-46.0055
-46.0999
-46.1972
-46.2974
-46.4005
-46.5065
-46.6155
-46.7275
-46.8425
-46.9605
-47.0816
-47.2058
-47.333
-47.4633
-47.5967
-47.7333
-47.8729
-48.0156
-48.1615
-48.3104
-48.4624
-48.6175
-48.7756
-48.9367
-49.1008
-49.2678
-49.4377
-49.6104
-49.786
-49.9642
-50.145
-50.3285
-50.5144
-50.7026
-50.8932
-51.0859
-51.2806
-51.4773
-51.6758
-51.8759
-52.0776
-52.2806
-52.4848
-52.69
-52.8962
-53.103
-53.3103
-53.5181
-53.7259
-53.9338
-54.1415
-54.3487
-54.5554
-54.7614
-54.9664
-55.1704
-55.373
-55.5742
-55.7738
-55.9717
-56.1676
-56.3615
-56.5532
-56.7425
-56.9295
-57.1139
-57.2956
-57.4746
-57.6508
-57.8242
-57.9946
-58.162
-58.3264
-58.4877
-58.6459
-58.801
-58.953
-59.1018
-59.2476
-59.3903
-59.5299
-59.6664
-59.7999
-59.9305
-60.058
-60.1827
-60.3045
-60.4236
-60.5398
-60.6534
-60.7643
-60.8727
-60.9785
-61.0818
-61.1828
-61.2814
-61.3777
-61.4718
-61.5638
-61.6536
-61.7414
-61.8272
-61.9111
-61.9932
-62.0734
-62.1519
-62.2287
-62.3038
-62.3773
-62.4493
-62.5198
-62.5888
-62.6565
-62.7227
-62.7877
-62.8514
-62.9138
-62.9751
-63.0352
-63.0941
-63.152
-63.2089
-63.2647
-63.3195
-63.3734
-63.4264
-63.4784
-63.5296
-63.5799
-63.6295
-63.6782
-63.7262
-63.7734
-63.8199
-63.8656
-63.9107
-63.9552
-63.999
-64.0421
-64.0847
-64.1266
-64.168
-64.2088
-64.2491
-64.2888
-64.3281
-64.3668
-64.405
-64.4427
-64.48
-64.5168
-64.5531
-64.5891
-64.6246
-64.6596
-64.6943
-64.7286
-64.7624
-64.7959
-64.829
-64.8618
-64.8942
-64.9262
-64.9579
-64.9892
-65.0202
-65.0509
-65.0813
-65.1113
-65.1411
-65.1705
-65.1996
-65.2285
-65.257
-65.2853
-65.3132
-65.3409
-65.3683
-65.3955
-65.4224
-65.449
-65.4754
-65.5015
-65.5273
-65.5529
-65.5783
-65.6034
-65.6283
-65.6529
-65.6773
-65.7015
-65.7255
-65.7492
-65.7727
-65.7959
-65.819
-65.8418
-65.8644
-65.8868
-65.909
-65.931
-65.9528
-65.9743
-65.9957
-66.0169
-66.0378
-66.0586
-66.0791
-66.0995
-66.1197
-66.1397
-66.1594
-66.179
-66.1984
-66.2177
-66.2367
-66.2555
-66.2742
-66.2927
-66.311
-66.3291
-66.347
-66.3648
-66.3824
-66.3998
-66.417
-66.4341
-66.4509
-66.4677
-66.4842
-66.5006
-66.5168
-66.5328
-66.5487
-66.5644
-66.5799
-66.5953
-66.6105
-66.6256
-66.6405
-66.6552
-66.6698
-66.6842
-66.6985
-66.7126
-66.7265
-66.7403
-66.7539
-66.7674
-66.7807
-66.7939
-66.8069
-66.8198
-66.8325
-66.8451
-66.8575
-66.8698
-66.8819
-66.8939
-66.9057
-66.9174
-66.9289
-66.9403
-66.9516
-66.9627
-66.9737
-66.9845
-66.9952
-67.0058
-67.0162
-67.0265
-67.0366
-67.0466
-67.0565
-67.0662
-67.0758
-67.0853
-67.0946
-67.1038
-67.1129
-67.1218
-67.1306
-67.1393
-67.1478
-67.1562
-67.1645
-67.1727
-67.1807
-67.1886
-67.1964
-67.204
-67.2116
-67.219
-67.2263
-67.2334
-67.2405
-67.2474
-67.2542
-67.2608
-67.2674
-67.2738
-67.2801
-67.2863
-67.2924
-67.2984
-67.3042
-67.31
-67.3156
-67.3211
-67.3265
-67.3318
-67.3369
-67.342
-67.3469
-67.3518
-67.3565
-67.3611
-67.3656
-67.37
-67.3743
-67.3785
-67.3826
-67.3865
-67.3904
-67.3941
-67.3978
-67.4014
-67.4048
-67.4082
-67.4114
-67.4145
-67.4176
-67.4205
-67.4234
-67.4261
-67.4288
-67.4313
-67.4338
-67.4361
-67.4384
-67.4406
-67.4426
-67.4446
-67.4465
-67.4483
-67.45
-67.4516
-67.4531
-67.4545
-67.4559
-67.4571
-67.4583
-67.4593
-67.4603
-67.4612
-67.462
-67.4627
-67.4633
-67.4639
-67.4644
-67.4647
-67.465
-67.4652
-67.4654
-67.4654
-67.4654
-67.4653
-67.4651
-67.4648
-67.4645
-67.464
-67.4635
-67.4629
-67.4623
-67.4615
-67.4607
-67.4598
-67.4588
-67.4578
-67.4567
-67.4555
-67.4542
-67.4529
-67.4515
-67.45
-67.4485
-67.4469
-67.4452
-67.4434
-67.4416
-67.4397
-67.4378
-67.4357
-67.4337
-67.4315
-67.4293
-67.427
-67.4246
-67.4222
-67.4198
-67.4172
-67.4146
-67.4119
-67.4092
-67.4064
-67.4036
-67.4007
-67.3977
-67.3947
-67.3916
-67.3885
-67.3853
-67.382
-67.3787
-67.3753
-67.3719
-67.3684
-67.3649
-67.3613
-67.3577
-67.354
-67.3502
-67.3465
-67.3426
-67.3387
-67.3348
-67.3308
-67.1879
-66.9554
-66.6574
-66.3089
-65.9208
-65.5013
-65.057
-64.5931
-64.1138
-63.6227
-63.1225
-62.6156
-62.1039
-61.589
-61.0724
-60.555
-60.0379
-59.5219
-59.0075
-58.4954
-57.9859
-57.4794
-56.9762
-56.4764
-55.9803
-55.4878
-54.9989
-54.5135
-54.0316
-53.5528
-53.077
-52.6038
-52.1329
-51.6637
-51.1958
-50.7285
-50.2612
-49.7932
-49.3235
-48.8514
-48.3758
-47.8955
-47.4094
-46.9162
-46.4142
-45.902
-45.3778
-44.8395
-44.285
-43.7119
-43.1175
-42.499
-41.853
-41.1759
-40.4636
-39.7115
-38.9146
-38.0671
-37.1626
-36.1939
-35.1528
-34.0303
-32.8163
-31.4993
-30.0669
-28.5055
-26.8002
-24.9352
-22.8943
-20.6615
-18.2218
-15.563
-12.6773
-9.56474
-6.23547
-2.71363
0.959915
4.72587
8.50709
12.2124
15.7439
19.0066
21.9199
24.4264
26.4972
28.1324
29.3563
30.2099
30.7428
31.0063
31.0485
30.9114
30.63
30.2322
29.7403
29.1713
28.5385
27.8519
27.1197
26.3481
25.5424
24.7067
23.8447
22.9596
22.054
21.1305
20.1913
19.2384
18.2738
17.299
16.3157
15.3254
14.3295
13.3291
12.3255
11.3198
10.3128
9.30565
8.29906
7.29381
6.29062
5.29012
4.29289
3.29945
2.31027
1.32577
0.346322
-0.627738
-1.59612
-2.55858
-3.51489
-4.46487
-5.40836
-6.34525
-7.27542
-8.19882
-9.11537
-10.025
-10.9278
-11.8237
-12.7128
-13.5951
-14.4705
-15.3394
-16.2016
-17.0573
-17.9067
-18.7499
-19.5869
-20.4181
-21.2436
-22.0636
-22.8783
-23.688
-24.4929
-25.2934
-26.0898
-26.8824
-27.6717
-28.4579
-29.2416
-30.0233
-30.8035
-31.5826
-32.3613
-33.1403
-33.9201
-34.7015
-35.4852
-36.272
-37.0627
-37.8581
-38.6591
-39.4666
-40.2816
-41.1049
-41.9374
-42.7801
-43.6338
-44.4995
-45.3777
-46.2693
-47.1747
-48.0943
-49.0281
-49.9762
-50.9379
-51.9125
-52.8987
-53.8946
-54.8979
-55.9056
-56.9141
-57.919
-58.9156
-59.8984
-60.8616
-61.799
-62.7047
-63.5727
-64.3976
-65.1748
-65.9004
-66.5719
-67.1877
-67.7477
-68.2528
-68.7048
-69.1064
-69.4609
-69.7721
-70.0439
-70.2802
-70.485
-70.662
-70.8146
-70.9461
-71.0592
-71.1565
-71.2403
-71.3125
-71.3748
-71.4288
-71.4756
-71.5164
-71.552
-71.5832
-71.6107
-71.6351
-71.6568
-71.6763
-71.6938
-71.7097
-71.7241
-71.7374
-71.7496
-71.7609
-71.7715
-71.7814
-71.7907
-71.7996
-71.808
-71.8161
-71.8238
-71.8312
-71.8384
-71.8454
-71.8521
-71.8586
-71.865
-71.8713
-71.8774
-71.8833
-71.8892
-71.8949
-71.9005
-71.906
-71.9115
-71.9168
-71.922
-71.9272
-71.9323
-71.9372
-71.9421
-71.947
-71.9517
-71.9564
-71.961
-71.9655
-71.9699
-71.9742
-71.9785
-71.9827
-71.9868
-71.9908
-71.9948
-71.9987
-72.0025
-72.0062
-72.0098
-72.0134
-72.0168
-72.0202
-72.0235
-72.0268
-72.0299
-72.0329
-72.0359
-72.0388
-72.0416
-72.0443
-72.0469
-72.0495
-72.0519
-72.0543
-72.0566
-72.0587
-72.0608
-72.0628
-72.0647
-72.0666
-72.0683
-72.0699
-72.0715
-72.0729
-72.0743
-72.0756
-72.0767
-72.0778
-72.0788
-72.0797
-72.0805
-72.0812
-72.0818
-72.0823
-72.0827
-72.083
-72.0833
-72.0834
-72.0834
-72.0834
-72.0832
-72.0829
-72.0826
-72.0821
-72.0816
-72.0809
-72.0802
-72.0793
-72.0784
-72.0773
-72.0762
-72.0749
-72.0736
-72.0721
-72.0706
-72.069
-72.0672
-72.0654
-72.0635
-72.0614
-72.0593
-72.0571
-72.0547
-72.0523
-72.0498
-72.0472
-72.0444
-72.0416
-72.0387
-72.0357
-72.0326
-72.0294
-72.0261
-72.0226
-72.0191
-72.0155
-72.0118
-72.008
-72.0041
-72.0001
-71.8518
-71.6134
-71.3118
-70.9635
-70.5803
-70.1707
-69.7418
-69.2987
-68.8458
-68.3865
-67.9235
-67.4591
-66.995
-66.5328
-66.0738
-65.6189
-65.1689
-64.7246
-64.2866
-63.8553
-63.431
-63.0142
-62.6051
-62.2039
-61.8107
-61.4256
-61.0487
-60.68
-60.3197
-59.9675
-59.6236
-59.2878
-58.96
-58.6403
-58.3284
-58.0243
-57.7278
-57.4389
-57.1573
-56.8829
-56.6155
-56.355
-56.1013
-55.8541
-55.6132
-55.3786
-55.1499
-54.9272
-54.7101
-54.4984
-54.2921
-54.091
-53.8948
-53.7034
-53.5166
-53.3343
-53.1563
-52.9824
-52.8125
-52.6464
-52.484
-52.3251
-52.1696
-52.0174
-51.8682
-51.722
-51.5786
-51.438
-51.2999
-51.1643
-51.0311
-50.9
-50.7711
-50.6442
-50.5193
-50.3961
-50.2746
-50.1547
-50.0364
-49.9194
-49.8038
-49.6895
-49.5762
-49.4641
-49.3529
-49.2426
-49.1331
-49.0243
-48.9162
-48.8087
-48.7016
-48.5949
-48.4886
-48.3825
-48.2765
-48.1706
-48.0647
-47.9587
-47.8525
-47.7461
-47.6392
-47.5319
-47.4241
-47.3156
-47.2063
-47.0962
-46.9851
-46.873
-46.7596
-46.6449
-46.5288
-46.411
-46.2916
-46.1703
-46.0469
-45.9214
-45.7935
-45.6631
-45.5299
-45.3938
-45.2545
-45.1119
-44.9656
-44.8155
-44.6612
-44.5024
-44.3389
-44.1703
-43.9963
-43.8164
-43.6303
-43.4375
-43.2375
-43.0299
-42.8141
-42.5895
-42.3555
-42.1114
-41.8564
-41.5898
-41.3108
-41.0182
-40.7113
-40.3889
-40.0497
-39.6926
-39.316
-38.9186
-38.4987
-38.0545
-37.5841
-37.0854
-36.5561
-35.9939
-35.396
-34.7596
-34.0818
-33.3591
-32.5882
-31.7654
-30.8868
-29.9483
-28.9458
-27.875
-26.7318
-25.512
-24.2119
-22.828
-21.3578
-19.7997
-18.1532
-16.42
-14.6037
-12.7106
-10.7506
-8.7367
-6.68622
-4.62038
-2.56425
-0.546103
1.40366
3.25404
4.97525
6.54067
7.92858
9.12343
10.1166
10.9061
11.4963
11.8965
12.1194
12.1803
12.0955
11.8812
11.5533
11.1263
10.6136
10.0271
9.37735
8.67345
7.92342
7.1342
6.31179
5.46141
4.58759
3.69427
2.78487
1.86242
0.929547
-0.0114319
-0.958478
-1.9098
-2.86382
-3.81914
-4.77455
-5.72897
-6.68146
-7.63119
-8.57745
-9.51961
-10.4571
-11.3896
-12.3166
-13.2377
-14.1529
-15.0617
-15.9641
-16.86
-17.7493
-18.6319
-19.5078
-20.3771
-21.2399
-22.0962
-22.9463
-23.7902
-24.6282
-25.4605
-26.2873
-27.1091
-27.926
-28.7385
-29.547
-30.3519
-31.1537
-31.9529
-32.75
-33.5456
-34.3403
-35.1348
-35.9297
-36.7258
-37.5239
-38.3246
-39.1287
-39.9372
-40.7508
-41.5704
-42.3968
-43.2308
-44.0733
-44.925
-45.7867
-46.659
-47.5424
-48.4375
-49.3444
-50.2633
-51.1941
-52.1364
-53.0895
-54.0524
-55.0236
-56.0014
-56.9834
-57.9668
-58.9483
-59.9241
-60.8901
-61.8416
-62.7737
-63.6814
-64.5595
-65.4032
-66.208
-66.9697
-67.6851
-68.3517
-68.9679
-69.5332
-70.0479
-70.5131
-70.9309
-71.3036
-71.6343
-71.9262
-72.1827
-72.4071
-72.6029
-72.7732
-72.9209
-73.0488
-73.1593
-73.2548
-73.3372
-73.4083
-73.4696
-73.5224
-73.5679
-73.6072
-73.641
-73.6702
-73.6955
-73.7173
-73.7361
-73.7523
-73.7664
-73.7785
-73.789
-73.7981
-73.8059
-73.8126
-73.8184
-73.8233
-73.8275
-73.8311
-73.8341
-73.8366
-73.8387
-73.8403
-73.8417
-73.8426
-73.8433
-73.8437
-73.8439
-73.8439
-73.8437
-73.8432
-73.8426
-73.8419
-73.8409
-73.8399
-73.8386
-73.8373
-73.8358
-73.8342
-73.8325
-73.8307
-73.8287
-73.8267
-73.8245
-73.8223
-73.8199
-73.8175
-73.8149
-73.8122
-73.8095
-73.8066
-73.8037
-73.8006
-73.7975
-73.7942
-73.7909
-73.7875
-73.784
-73.7804
-73.7766
-73.7729
-73.769
-73.765
-73.7609
-73.7567
-73.7525
-73.7481
-73.7437
-73.7391
-73.7345
-73.7298
-73.725
-73.7201
-73.7151
-73.71
-73.7048
-73.6995
-73.6941
-73.6887
-73.6831
-73.6775
-73.6717
-73.6659
-73.66
-73.6539
-73.6478
-73.6416
-73.6353
-73.6289
-73.6225
-73.6159
-73.6092
-73.6024
-73.5956
-73.5886
-73.5816
-73.5745
-73.5672
-73.5599
-73.5525
-73.545
-73.5374
-73.5297
-73.5219
-73.5141
-73.5061
-73.498
-73.4899
-73.4817
-73.4733
-73.4649
-73.4564
-73.4478
-73.4391
-73.4303
-73.4214
-73.4125
-73.4034
-73.3943
-73.385
-73.3757
-73.3663
-73.3568
-73.3472
-73.3375
-73.3277
-73.3179
-73.3079
-73.2979
-73.2878
-73.2775
-73.2672
-73.2569
-73.2464
-73.2358
-73.2252
-73.2145
-73.2036
-73.1927
-73.1818
-73.1707
-73.1595
-73.1483
-73.137
-73.1256
-73.1141
-73.1025
-73.0908
-73.0791
-73.0673
-73.0554
-73.0434
-73.0313
-73.0192
-73.0069
-72.9946
-72.9823
-72.9698
-72.9572
-72.9446
-72.9319
-72.9191
-72.9063
-72.8934
-72.8804
-72.8673
-72.8541
-72.8409
-72.8276
-72.8142
-72.8007
-72.7872
-72.7736
-72.7599
-72.7461
-72.7323
-72.7184
-72.7044
-72.6904
-72.6763
-72.6621
-72.6479
-72.6335
-72.6192
-72.6047
-72.5902
-72.5756
-72.5609
-72.5462
-72.5314
-72.5165
-72.5016
-72.4866
-72.4716
-72.4565
-72.4413
-72.4261
-72.4108
-72.3954
-72.38
-72.3645
-72.3489
-72.3333
-72.3177
-72.3019
-72.2861
-72.2703
-72.2544
-72.2385
-72.2224
-72.2064
-72.1902
-72.1741
-72.1578
-72.1415
-72.1252
-72.1088
-72.0924
-72.0759
-72.0593
-72.0427
-72.0261
-72.0094
-71.9926
-71.9758
-71.959
-71.9421
-71.9251
-71.9081
-71.8911
-71.874
-71.8569
-71.8397
-71.8225
-71.8052
-71.7879
-71.7706
-71.7532
-71.7357
-71.7183
-71.7008
-71.6832
-71.6656
-71.648
-71.6303
-71.6126
-71.5948
-71.5771
-71.5592
-71.5414
-71.5235
-71.5056
-71.4876
-71.4696
-71.4516
-71.4335
-71.4154
-71.3973
-71.3791
-71.3609
-71.3427
-71.3245
-71.3062
-71.2879
-71.2695
-71.2512
-71.2328
-71.2144
-71.1959
-71.1775
-71.159
-71.1404
-71.1219
-71.1033
-71.0847
-71.0661
-71.0475
-71.0288
-71.0101
-70.9914
-70.9727
-70.954
-70.9352
-70.9164
-70.8976
-70.8788
-70.86
-70.8411
-70.8222
-70.8034
-70.7845
-70.7655
-70.7466
-70.7277
-70.7087
-70.6897
-70.6708
-70.6518
-70.6328
-70.6137
-70.5947
-70.5757
-70.5566
-70.5376
-70.5185
-70.4994
-70.4803
-70.4612
-70.4422
-70.423
-70.4039
-70.3848
-70.3657
-70.3466
-70.3274
-70.3083
-70.2892
-70.27
-70.2509
-70.2317
-70.2126
-70.1934
-70.1743
-70.1551
-70.136
-70.1168
-70.0976
-70.0785
-70.0593
-70.0402
-70.021
-70.0019
-69.9828
-69.9636
-69.9445
-69.9254
-69.9062
-69.8871
-69.868
-69.8489
-69.8298
-69.8107
-69.7916
-69.7725
-69.7534
-69.7344
-69.7153
-69.6963
-69.6772
-69.6582
-69.6392
-69.6202
-69.6012
-69.5822
-69.5632
-69.5442
-69.5253
-69.5063
-69.4874
-69.4685
-69.4496
-69.4307
-69.4118
-69.3929
-69.3741
-69.3552
-69.3364
-69.3176
-69.2988
-69.2801
-69.2613
-69.2426
-69.2239
-69.2052
-69.1865
-69.1678
-69.1492
-68.9876
-68.7334
-68.4114
-68.0372
-67.6217
-67.1735
-66.6995
-66.205
-65.6946
-65.1717
-64.6394
-64.1002
-63.556
-63.0086
-62.4594
-61.9096
-61.3602
-60.8121
-60.266
-59.7224
-59.1819
-58.6447
-58.1113
-57.5818
-57.0564
-56.5351
-56.018
-55.505
-54.9959
-54.4905
-53.9887
-53.49
-52.9941
-52.5004
-52.0085
-51.5176
-51.0271
-50.5362
-50.0439
-49.5493
-49.0513
-48.5487
-48.0401
-47.524
-46.9989
-46.4628
-45.9139
-45.3499
-44.7683
-44.1664
-43.5413
-42.8895
-42.2073
-41.4904
-40.7342
-39.9332
-39.0815
-38.1723
-37.1979
-36.1496
-35.0177
-33.7911
-32.4575
-31.0031
-29.4125
-27.669
-25.7547
-23.6506
-21.3377
-18.7979
-16.0158
-12.9811
-9.69168
-6.15739
-2.40403
1.52334
5.55881
9.61687
13.5975
17.3946
20.9071
24.0498
26.7624
29.0149
30.8071
32.1643
33.13
33.7577
34.1027
34.217
34.1463
33.9283
33.5928
33.1631
32.6569
32.0875
31.465
30.797
30.0895
29.3473
28.5742
27.7736
26.9482
26.1006
25.2329
24.3473
23.4454
22.5292
21.6002
20.6599
19.7097
18.751

