-65
-64.9994
-64.9988
-64.9982
-64.9977
-64.9971
-64.9965
-64.996
-64.9954
-64.9949
-64.9943
-64.9938
-64.9932
-64.9927
-64.9922
-64.9917
-64.9912
-64.9906
-64.9901
-64.9896
-64.9891
-64.9886
-64.9881
-64.9876
-64.9872
-64.9867
-64.9862
-64.9857
-64.9852
-64.9848
-64.9843
-64.9838
-64.9834
-64.9829
-64.9825
-64.982
-64.9816
-64.9811
-64.9807
-64.9802
-64.9798
-64.9794
-64.9789
-64.9785
-64.9781
-64.9777
-64.9772
-64.9768
-64.9764
-64.976
-64.9756
-64.9752
-64.9748
-64.9744
-64.974
-64.9736
-64.9732
-64.9728
-64.9725
-64.9721
-64.9717
-64.9713
-64.971
-64.9706
-64.9702
-64.9699
-64.9695
-64.9692
-64.9688
-64.9685
-64.9681
-64.9678
-64.9675
-64.9671
-64.9668
-64.9665
-64.9661
-64.9658
-64.9655
-64.9652
-64.9649
-64.9646
-64.9642
-64.9639
-64.9636
-64.9633
-64.963
-64.9628
-64.9625
-64.9622
-64.9619
-64.9616
-64.9613
-64.9611
-64.9608
-64.9605
-64.9603
-64.96
-64.9598
-64.9595
-64.9592
-64.959
-64.9588
-64.9585
-64.9583
-64.958
-64.9578
-64.9576
-64.9573
-64.9571
-64.9569
-64.9567
-64.9565
-64.9562
-64.956
-64.9558
-64.9556
-64.9554
-64.9552
-64.955
-64.9548
-64.9546
-64.9545
-64.9543
-64.9541
-64.9539
-64.9537
-64.9536
-64.9534
-64.9532
-64.9531
-64.9529
-64.9527
-64.9526
-64.9524
-64.9523
-64.9521
-64.952
-64.9519
-64.9517
-64.9516
-64.9514
-64.9513
-64.9512
-64.9511
-64.9509
-64.9508
-64.9507
-64.9506
-64.9505
-64.9504
-64.9503
-64.9502
-64.95
-64.9499
-64.9499
-64.9498
-64.9497
-64.9496
-64.9495
-64.9494
-64.9493
-64.9492
-64.9492
-64.9491
-64.949
-64.9489
-64.9489
-64.9488
-64.9487
-64.9487
-64.9486
-64.9486
-64.9485
-64.9485
-64.9484
-64.9484
-64.9483
-64.9483
-64.9482
-64.9482
-64.9482
-64.9481
-64.9481
-64.9481
-64.948
-64.948
-64.948
-64.948
-64.948
-64.9479
-64.9479
-64.9479
-64.9479
-64.9479
-64.9479
-64.9479
-64.9479
-64.9479
-64.9479
-64.9479
-64.9479
-64.9479
-64.9479
-64.9479
-64.9479
-64.9479
-64.9479
-64.948
-64.948
-64.948
-64.948
-64.9481
-64.9481
-64.9481
-64.9481
-64.9482
-64.9482
-64.9482
-64.9483
-64.9483
-64.9483
-64.9484
-64.9484
-64.9485
-64.9485
-64.9486
-64.9486
-64.9487
-64.9487
-64.9488
-64.9488
-64.9489
-64.9489
-64.949
-64.9491
-64.9491
-64.9492
-64.9492
-64.9493
-64.9494
-64.9494
-64.9495
-64.9496
-64.9497
-64.9497
-64.9498
-64.9499
-64.95
-64.95
-64.9501
-64.9502
-64.9503
-64.9504
-64.9504
-64.9505
-64.9506
-64.9507
-64.9508
-64.9509
-64.951
-64.951
-64.9511
-64.9512
-64.9513
-64.9514
-64.9515
-64.9516
-64.9517
-64.9518
-64.9519
-64.952
-64.9521
-64.9522
-64.9523
-64.9524
-64.9525
-64.9526
-64.9527
-64.9528
-64.9529
-64.953
-64.9532
-64.9533
-64.9534
-64.9535
-64.9536
-64.9537
-64.9538
-64.9539
-64.954
-64.9542
-64.9543
-64.9544
-64.9545
-64.9546
-64.9547
-64.9548
-64.955
-64.9551
-64.9552
-64.9553
-64.9554
-64.9556
-64.9557
-64.9558
-64.9559
-64.956
-64.9562
-64.9563
-64.9564
-64.9565
-64.9566
-64.9568
-64.9569
-64.957
-64.9571
-64.9573
-64.9574
-64.9575
-64.9576
-64.9578
-64.9579
-64.958
-64.9581
-64.9583
-64.9584
-64.9585
-64.9587
-64.9588
-64.9589
-64.959
-64.9592
-64.9593
-64.9594
-64.9595
-64.9597
-64.9598
-64.9599
-64.96
-64.9602
-64.9603
-64.9604
-64.9606
-64.9607
-64.9608
-64.9609
-64.9611
-64.9612
-64.9613
-64.9614
-64.9616
-64.9617
-64.9618
-64.962
-64.9621
-64.9622
-64.9623
-64.9625
-64.9626
-64.9627
-64.9628
-64.963
-64.9631
-64.9632
-64.9633
-64.9635
-64.9636
-64.9637
-64.9638
-64.964
-64.9641
-64.9642
-64.9643
-64.9645
-64.9646
-64.9647
-64.9648
-64.9649
-64.9651
-64.9652
-64.9653
-64.9654
-64.9655
-64.9657
-64.9658
-64.9659
-64.966
-64.9661
-64.9663
-64.9664
-64.9665
-64.9666
-64.9667
-64.9668
-64.967
-64.9671
-64.9672
-64.9673
-64.9674
-64.9675
-64.9677
-64.9678
-64.9679
-64.968
-64.9681
-64.9682
-64.9683
-64.9684
-64.9685
-64.9687
-64.9688
-64.9689
-64.969
-64.9691
-64.9692
-64.9693
-64.9694
-64.9695
-64.9696
-64.9697
-64.9698
-64.9699
-64.97
-64.9701
-64.9702
-64.9703
-64.9704
-64.9705
-64.9706
-64.9707
-64.9708
-64.9709
-64.971
-64.9711
-64.9712
-64.9713
-64.9714
-64.9715
-64.9716
-64.9717
-64.9718
-64.9719
-64.972
-64.9721
-64.8375
-64.6155
-64.3289
-63.9924
-63.6161
-63.2081
-62.7745
-62.3206
-61.8502
-61.3667
-60.8729
-60.3709
-59.8625
-59.3493
-58.8324
-58.3129
-57.7915
-57.2688
-56.7454
-56.2215
-55.6973
-55.1729
-54.6484
-54.1236
-53.5982
-53.072
-52.5444
-52.015
-51.483
-50.9476
-50.408
-49.863
-49.3114
-48.7518
-48.1827
-47.6021
-47.0083
-46.3987
-45.771
-45.1222
-44.449
-43.7478
-43.0145
-42.2443
-41.4319
-40.5711
-39.6551
-38.676
-37.6246
-36.4907
-35.2625
-33.9266
-32.4676
-30.8684
-29.1097
-27.1702
-25.0269
-22.6554
-20.0316
-17.1328
-13.9411
-10.4468
-6.65428
-2.5872
1.70559
6.14675
10.6312
15.0328
19.2169
23.0568
26.45
29.3304
31.6736
33.4937
34.8351
35.7604
36.339
36.6377
36.7159
36.6222
36.3949
36.0631
35.6481
35.1657
34.6271
34.0408
33.413
32.7485
32.0511
31.3239
30.5696
29.7905
28.9886
28.166
27.3243
26.4652
25.5902
24.7009
23.7986
22.8846
21.9603
21.0267
20.0852
19.1366
18.1821
17.2226
16.2591
15.2923
14.3232
13.3524
12.3806
11.4086
10.4369
9.46615
8.49679
7.52934
6.56424
5.6019
4.64269
3.68695
2.73498
1.78705
0.843415
-0.0957173
-1.03015
-1.95973
-2.8843
-3.80375
-4.71798
-5.62691
-6.53048
-7.42863
-8.32135
-9.20861
-10.0904
-10.9668
-11.8378
-12.7034
-13.5638
-14.4189
-15.2688
-16.1138
-16.9537
-17.7889
-18.6195
-19.4456
-20.2673
-21.085
-21.8988
-22.7089
-23.5157
-24.3194
-25.1204
-25.9191
-26.7157
-27.5108
-28.3048
-29.0982
-29.8916
-30.6855
-31.4807
-32.2777
-33.0774
-33.8804
-34.6877
-35.5001
-36.3186
-37.1441
-37.9777
-38.8204
-39.6733
-40.5376
-41.4143
-42.3046
-43.2095
-44.13
-45.0671
-46.0215
-46.9939
-47.9845
-48.9935
-50.0203
-51.0643
-52.124
-53.1972
-54.2813
-55.3725
-56.4665
-57.5578
-58.6404
-59.7074
-60.7515
-61.7649
-62.7402
-63.6702
-64.5484
-65.3695
-66.1296
-66.8261
-67.4583
-68.0267
-68.5333
-68.9811
-69.374
-69.7165
-70.0134
-70.2695
-70.4895
-70.678
-70.839
-70.9763
-71.0934
-71.1932
-71.2784
-71.3511
-71.4133
-71.4666
-71.5125
-71.5522
-71.5865
-71.6165
-71.5116
-71.3306
-71.1017
-70.8415
-70.5607
-70.2669
-69.9654
-69.6602
-69.354
-69.049
-68.7467
-68.4481
-68.1543
-67.8657
-67.5829
-67.3061
-67.0355
-66.7713
-66.5135
-66.2622
-66.0173
-65.7788
-65.5467
-65.3209
-65.1012
-64.8876
-64.68
-64.4782
-64.2822
-64.0917
-63.9068
-63.7272
-63.5528
-63.3836
-63.2194
-63.06
-62.9054
-62.7554
-62.61
-62.469
-62.3324
-62.1999
-62.0715
-61.9471
-61.8267
-61.71
-61.5971
-61.4877
-61.382
-61.2796
-61.1807
-61.085
-60.9925
-60.9031
-60.8168
-60.7335
-60.6531
-60.5756
-60.5008
-60.4287
-60.3592
-60.2924
-60.228
-60.1662
-60.1067
-60.0496
-59.9948
-59.9422
-59.8918
-59.8436
-59.7975
-59.7534
-59.7113
-59.6712
-59.633
-59.5966
-59.5621
-59.5294
-59.4985
-59.4692
-59.4417
-59.4158
-59.3914
-59.3687
-59.3475
-59.3278
-59.3095
-59.2927
-59.2773
-59.2633
-59.2506
-59.2393
-59.2292
-59.2205
-59.2129
-59.2066
-59.2014
-59.1974
-59.1945
-59.1928
-59.1921
-59.1925
-59.1939
-59.1964
-59.1998
-59.2042
-59.2096
-59.2159
-59.2232
-59.2313
-59.2403
-59.2501
-59.2608
-59.2723
-59.2846
-59.2977
-59.3115
-59.3261
-59.3415
-59.3575
-59.3742
-59.2797
-59.1206
-58.9192
-58.6886
-58.4378
-58.1732
-57.8994
-57.62
-57.3376
-57.0543
-56.7716
-56.4908
-56.2129
-55.9385
-55.6682
-55.4025
-55.1417
-54.886
-54.6357
-54.3908
-54.1514
-53.9177
-53.6895
-53.467
-53.2501
-53.0387
-52.8328
-52.6323
-52.4371
-52.2472
-52.0624
-51.8827
-51.7079
-51.5379
-51.3727
-51.2121
-51.056
-50.9042
-50.7568
-50.6135
-50.4743
-50.3391
-50.2077
-50.08
-49.9561
-49.8357
-49.7187
-49.6052
-49.4949
-49.3879
-49.284
-49.1832
-49.0853
-48.9904
-48.8983
-48.809
-48.7224
-48.6385
-48.5572
-48.4785
-48.3136
-48.101
-47.8585
-47.5965
-47.3214
-47.0379
-46.7491
-46.4573
-46.1643
-45.871
-45.5785
-45.2873
-44.9977
-44.7101
-44.4245
-44.141
-43.8597
-43.5804
-43.3032
-43.0278
-42.7542
-42.4822
-42.2116
-41.9422
-41.6739
-41.4064
-41.1396
-40.8731
-40.6069
-40.3405
-40.0739
-39.8068
-39.539
-39.2701
-39
-38.7284
-38.455
-38.1796
-37.902
-37.6218
-37.3388
-37.0528
-36.7634
-36.4703
-36.1733
-35.8721
-35.5664
-35.2559
-34.9402
-34.6191
-34.2922
-33.9591
-33.6196
-33.2733
-32.9198
-32.5588
-32.1898
-31.8126
-31.4266
-31.0315
-30.6269
-30.2124
-29.7874
-29.3517
-28.9046
-28.4458
-27.9748
-27.491
-26.9941
-26.4834
-25.9584
-25.4188
-24.8638
-24.293
-23.7058
-23.1018
-22.4803
-21.8409
-21.1831
-20.5064
-19.8106
-19.0953
-18.3604
-17.6062
-16.8329
-16.0412
-15.2324
-14.4082
-13.571
-12.724
-11.8717
-11.0192
-10.1731
-9.34093
-8.53143
-7.75407
-7.01889
-6.33597
-5.71502
-5.16479
-4.69263
-4.30417
-4.00303
-3.79082
-3.66718
-3.63007
-3.67596
-3.80028
-3.99765
-4.26228
-4.58818
-4.96937
-5.40006
-5.87477
-6.38835
-6.93606
-7.51358
-8.11696
-8.74265
-9.38746
-10.0485
-10.7233
-11.4095
-12.1051
-12.8082
-13.5172
-14.2308
-14.9476
-15.6665
-16.3865
-17.1068
-17.8264
-18.5449
-19.2615
-19.9758
-20.6872
-21.3955
-22.1003
-22.8014
-23.4985
-24.1916
-24.8803
-25.5648
-26.2449
-26.9206
-27.592
-28.2592
-28.9222
-29.5811
-30.2362
-30.8875
-31.5354
-32.18
-32.8215
-33.4603
-34.0967
-34.731
-35.3635
-35.9946
-36.6247
-37.2541
-37.8834
-38.5129
-39.1431
-39.7744
-40.4074
-41.0425
-41.6802
-42.3209
-42.9653
-43.6137
-44.2666
-44.9245
-45.5878
-46.2569
-46.932
-47.6134
-48.3014
-48.9961
-49.6973
-50.4048
-51.1185
-51.8377
-52.5617
-53.2895
-54.0198
-54.7511
-55.4815
-56.2089
-56.9306
-57.644
-58.3461
-59.0336
-59.7032
-60.3516
-60.9757
-61.5725
-62.1394
-62.6743
-63.1757
-63.6423
-64.074
-64.4709
-64.8336
-65.1635
-65.462
-65.731
-65.9726
-66.1891
-66.3825
-66.5551
-66.709
-66.8462
-66.9686
-67.078
-67.1759
-67.2637
-67.3427
-67.414
-67.4787
-67.5375
-67.5913
-67.6407
-67.6863
-67.7286
-67.7681
-67.8051
-67.8399
-67.8728
-67.9042
-67.9341
-67.9627
-67.9903
-68.0169
-68.0427
-68.0677
-68.0921
-68.1159
-68.1391
-68.162
-68.1844
-68.2064
-68.2281
-68.2495
-68.2705
-68.2914
-68.312
-68.3324
-68.3525
-68.3725
-68.3923
-68.4119
-68.4314
-68.4507
-68.4699
-68.4889
-68.5077
-68.5264
-68.545
-68.5635
-68.5818
-68.6
-68.6181
-68.6361
-68.6539
-68.6716
-68.6892
-68.7067
-68.724
-68.7413
-68.7584
-68.7754
-68.7923
-68.809
-68.8257
-68.8422
-68.8586
-68.8749
-68.891
-68.9071
-68.923
-68.9388
-68.9545
-68.9701
-68.9855
-69.0008
-69.016
-69.0311
-69.0461
-69.0609
-69.0756
-69.0902
-69.1047
-69.119
-69.1332
-69.1473
-69.1613
-69.1751
-69.1888
-69.2024
-69.2159
-69.2292
-69.2424
-69.2555
-69.2685
-69.2813
-69.294
-69.3066
-69.319
-69.3313
-69.3435
-69.3556
-69.3675
-69.3794
-69.391
-69.4026
-69.414
-69.4253
-69.4365
-69.4475
-69.4584
-69.4692
-69.4799
-69.4904
-69.5008
-69.5111
-69.5212
-69.5312
-69.5411
-69.5508
-69.5605
-69.57
-69.5793
-69.5886
-69.5977
-69.6067
-69.6155
-69.6243
-69.6329
-69.6413
-69.6497
-69.6579
-69.666
-69.674
-69.6818
-69.6895
-69.6971
-69.7046
-69.7119
-69.7191
-69.7262
-69.7331
-69.74
-69.7467
-69.7533
-69.7597
-69.7661
-69.7723
-69.7784
-69.7843
-69.7902
-69.7959
-69.8015
-69.8069
-69.8123
-69.8175
-69.8226
-69.8276
-69.8325
-69.8372
-69.8419
-69.8464
-69.8508
-69.855
-69.8592
-69.8632
-69.8671
-69.8709
-69.8746
-69.8782
-69.8816
-69.8849
-69.8881
-69.8912
-69.8942
-69.8971
-69.8998
-69.9025
-69.905
-69.7667
-69.5401
-69.2508
-68.915
-68.5437
-68.1456
-67.7273
-67.2939
-66.8497
-66.398
-65.9415
-65.4826
-65.0229
-64.564
-64.1072
-63.6534
-63.2037
-62.7586
-62.3188
-61.8848
-61.457
-61.0357
-60.6214
-60.2141
-59.814
-59.4214
-59.0363
-58.6587
-58.2887
-57.9263
-57.5715
-57.2242
-56.8844
-56.552
-56.2269
-55.909
-55.5981
-55.2941
-54.9969
-54.7062
-54.422
-54.1439
-53.872
-53.6058
-53.3453
-53.0902
-52.8404
-52.5955
-52.3555
-52.12
-51.8889
-51.6619
-51.4388
-51.2193
-51.0034
-50.7906
-50.5809
-50.3739
-50.1694
-49.9673
-49.7673
-49.5691
-49.3726
-49.1775
-48.9835
-48.7905
-48.5982
-48.4064
-48.2148
-48.0233
-47.8314
-47.6391
-47.446
-47.2519
-47.0566
-46.8596
-46.6609
-46.4599
-46.2566
-46.0504
-45.8412
-45.6285
-45.412
-45.1912
-44.9659
-44.7355
-44.4996
-44.2577
-44.0093
-43.7538
-43.4907
-43.2192
-42.9388
-42.6487
-42.348
-42.0361
-41.7118
-41.3743
-41.0225
-40.6552
-40.2712
-39.8691
-39.4473
-39.0044
-38.5386
-38.0479
-37.5304
-36.9837
-36.4055
-35.7931
-35.1437
-34.4542
-33.7213
-32.9416
-32.1112
-31.2261
-30.2822
-29.2749
-28.1998
-27.0523
-25.8278
-24.5218
-23.1302
-21.6495
-20.0768
-18.4106
-16.6507
-14.7989
-12.8595
-10.8398
-8.75064
-6.60665
-4.4268
-2.23433
-0.0565686
2.07584
4.13005
6.0727
7.87193
9.49948
10.9327
12.1559
13.1613
13.9484
14.5236
14.8987
15.0892
15.1126
14.9873
14.7315
14.3622
13.8952
13.3442
12.7217
12.0382
11.303
10.5239
9.70783
8.86052
7.98701
7.09162
6.17812
5.24978
4.30945
3.35965
2.40256
1.44014
0.474098
-0.494062
-1.463
-2.43155
-3.39866
-4.36342
-5.32504
-6.2828
-7.23611
-8.18443
-9.12731
-10.0644
-10.9953
-11.9197
-12.8375
-13.7485
-14.6526
-15.5496
-16.4395
-17.3223
-18.198
-19.0666
-19.9282
-20.7829
-21.6308
-22.4721
-23.307
-24.1356
-24.9583
-25.7752
-26.5867
-27.393
-28.1946
-28.9918
-29.7851
-30.5748
-31.3615
-32.1457
-32.9279
-33.7088
-34.4888
-35.2687
-36.0491
-36.8308
-37.6145
-38.4009
-39.1908
-39.9851
-40.7845
-41.5899
-42.4021
-43.2219
-44.05
-44.8873
-45.7343
-46.5919
-47.4603
-48.3401
-49.2315
-50.1345
-51.0489
-51.9743
-52.91
-53.8548
-54.8071
-55.7651
-56.7263
-57.6877
-58.646
-59.5973
-60.5372
-61.461
-62.3638
-63.2404
-64.086
-64.8957
-65.6652
-66.3909
-67.0697
-67.6996
-68.2797
-68.8096
-69.2903
-69.7232
-70.1106
-70.4552
-70.7602
-71.0289
-71.2645
-71.4706
-71.6502
-71.8064
-71.9421
-72.0597
-72.1617
-72.25
-72.3266
-72.393
-72.4506
-72.5007
-72.5442
-72.5822
-72.6155
-72.6445
-72.6701
-72.6926
-72.7125
-72.7301
-72.7458
-72.7598
-72.7723
-72.7836
-72.7937
-72.8029
-72.8113
-72.819
-72.826
-72.8324
-72.8383
-72.8438
-72.8489
-72.8536
-72.8581
-72.8622
-72.8661
-72.8697
-72.8731
-72.8764
-72.8794
-72.8823
-72.885
-72.8875
-72.8899
-72.8922
-72.8943
-72.8963
-72.8982
-72.9
-72.9017
-72.9032
-72.9047
-72.906
-72.9073
-72.9084
-72.9095
-72.9104
-72.9112
-72.912
-72.9126
-72.9132
-72.9136
-72.914
-72.9143
-72.9144
-72.9145
-72.9145
-72.9144
-72.9142
-72.9139
-72.9135
-72.913
-72.9124
-72.9117
-72.911
-72.9101
-72.9091
-72.9081
-72.9069
-72.9057
-72.9043
-72.9029
-72.9014
-72.8997
-72.898
-72.8962
-72.8943
-72.8922
-72.8901
-72.8879
-72.8856
-72.8832
-72.8807
-72.8781
-72.8754
-72.8726
-72.8697
-72.7226
-72.4871
-72.1907
-71.8501
-71.4772
-71.0808
-70.6675
-70.2425
-69.8099
-69.3731
-68.9345
-68.4962
-68.0599
-67.627
-67.1986
-66.7755
-66.3584
-65.948
-65.5446
-65.1487
-64.7605
-64.3803
-64.0083
-63.6444
-63.2889
-62.9417
-62.6029
-62.2725
-61.9503
-61.6364
-61.3306
-61.0329
-60.7432
-60.4614
-60.1873
-59.9208
-59.6617
-59.41
-59.1655
-58.928
-58.6973
-58.4735
-58.2562
-58.0453
-57.8407
-57.6422
-57.4497
-57.263
-57.082
-56.9065
-56.7364
-56.5715
-56.4118
-56.257
-56.1071
-55.9619
-55.8213
-55.6851
-55.5533
-55.4257
-55.3023
-55.1828
-55.0672
-54.9555
-54.8475
-54.743
-54.6421
-54.5446
-54.4505
-54.3596
-54.2719
-54.1874
-54.1058
-54.0272
-53.9515
-53.8787
-53.8086
-53.7412
-53.6765
-53.6144
-53.5548
-53.4978
-53.4431
-53.3909
-53.3411
-53.2935
-53.2483
-53.2053
-53.1645
-53.1259
-53.0894
-53.055
-53.0227
-52.9925
-52.9643
-52.9381
-52.9138
-52.8915
-52.8712
-52.8527
-52.8362
-52.8215
-52.8086
-52.7976
-52.7884
-52.781
-52.7754
-52.7715
-52.7694
-52.769
-52.7704
-52.7735
-52.7783
-52.7847
-52.7929
-52.8027
-52.8142
-52.8273
-52.842
-52.8584
-52.8764
-52.896
-52.9172
-52.9399
-52.9642
-52.9901
-53.0176
-53.0466
-53.0771
-53.1091
-53.1426
-53.1777
-53.2142
-53.2521
-53.2915
-53.3324
-53.3747
-53.4184
-53.4635
-53.5101
-53.5579
-53.6072
-53.6578
-53.7097
-53.7629
-53.8174
-53.8731
-53.9302
-53.9884
-54.0479
-54.1086
-54.1705
-54.2335
-54.2976
-54.3629
-54.4292
-54.4966
-54.565
-54.6345
-54.7049
-54.7763
-54.8487
-54.9219
-54.9961
-55.0711
-55.1469
-55.2235
-55.3009
-55.3791
-55.4579
-55.5375
-55.6177
-55.6985
-55.7799
-55.8619
-55.9444
-56.0275
-56.111
-56.1949
-56.2792
-56.364
-56.449
-56.5344
-56.6201
-56.7061
-56.7922
-56.8786
-56.9651
-57.0518
-57.1386
-57.2255
-57.3124
-57.3993
-57.4863
-57.5732
-57.6601
-57.7469
-57.8336
-57.9201
-58.0066
-58.0928
-58.1788
-58.2647
-58.3503
-58.4356
-58.5206
-58.6054
-58.6898
-58.7739
-58.8576
-58.941
-59.0239
-59.1065
-59.1887
-59.2704
-59.3517
-59.4325
-59.5129
-59.5928
-59.6722
-59.7511
-59.8295
-59.9073
-59.9847
-60.0615
-60.1378
-60.2135
-60.2887
-60.3633
-60.4374
-60.5109
-60.5838
-60.6562
-60.728
-60.7992
-60.8698
-60.9398
-61.0093
-61.0782
-61.1465
-61.2142
-61.2813
-61.3478
-61.4138
-61.4792
-61.5439
-61.6082
-61.6718
-61.7348
-61.7973
-61.8592
-61.9205
-61.9813
-62.0415
-62.1011
-62.1602
-62.2187
-62.2767
-62.3341
-62.391
-62.4473
-62.5031
-62.5583
-62.613
-62.6672
-62.7209
-62.7741
-62.8267
-62.8788
-62.9305
-62.9816
-63.0322
-63.0823
-63.1319
-63.1811
-63.2298
-63.2779
-63.3257
-63.3729
-63.4197
-63.466
-63.5119
-63.5573
-63.6023
-63.6468
-63.6909
-63.7345
-63.7777
-63.8205
-63.8629
-63.9048
-63.9463
-63.9874
-64.0281
-64.0684
-64.1083
-64.1478
-64.187
-64.2257
-64.264
-64.302
-64.3395
-64.3767
-64.4136
-64.45
-64.4861
-64.5219
-64.5572
-64.5923
-64.6269
-64.6613
-64.6952
-64.7289
-64.7622
-64.7951
-64.8277
-64.86
-64.892
-64.9237
-64.955
-64.986
-65.0167
-65.0471
-65.0772
-65.1069
-65.1364
-65.1655
-65.1944
-65.223
-65.2512
-65.2792
-65.1744
-64.9851
-64.7351
-64.439
-64.1073
-63.7479
-63.3669
-62.9694
-62.5593
-62.1396
-61.7131
-61.2819
-60.8477
-60.412
-59.9759
-59.5405
-59.1066
-58.6749
-58.246
-57.8204
-57.3985
-56.9805
-56.5669
-56.1577
-55.7531
-55.3532
-54.9581
-54.5677
-54.1821
-53.8011
-53.4247
-53.0527
-52.6849
-52.3212
-51.9613
-51.605
-51.2519
-50.9017
-50.5542
-50.2089
-49.8654
-49.5232
-49.182
-48.8412
-48.5003
-48.1587
-47.8159
-47.4712
-47.1239
-46.7734
-46.4188
-46.0594
-45.6943
-45.3226
-44.9434
-44.5554
-44.1577
-43.7489
-43.3278
-42.8929
-42.4427
-41.9754
-41.4893
-40.9822
-40.452
-39.8962
-39.3122
-38.697
-38.0474
-37.3599
-36.6305
-35.855
-35.0286
-34.1461
-33.2018
-32.1897
-31.1029
-29.9342
-28.6758
-27.3198
-25.8576
-24.2808
-22.5809
-20.7504
-18.7824
-16.6724
-14.4184
-12.0222
-9.49092
-6.83796
-4.08448
-1.26016
1.59641
4.4384
7.21261
9.86256
12.3328
14.5738
16.5463
18.2245
19.5977
20.6692
21.454
21.9758
22.2627
22.3446
22.2508
22.0081
21.6403
21.1678
20.6079
19.9748
19.2804
18.5343
17.7447
16.9181
16.0604
15.1761
14.2693
13.3436
12.4021
11.4474
10.4819
9.50781
8.52689
7.5409
6.55134
5.5596
4.56688
3.57429
2.58281
1.59334
0.606648
-0.376559
-1.35566
-2.33011
-3.29942
-4.26317
-5.221
-6.1726
-7.11769
-8.05606
-8.98752
-9.91193
-10.8292
-11.7392
-12.6418
-13.5372
-14.4252
-15.3059
-16.1793
-17.0455
-17.9046
-18.7567
-19.6018
-20.4402
-21.2721
-22.0975
-22.9168
-23.7301
-24.5376
-25.3398
-26.1368
-26.929
-27.7168
-28.5005
-29.2805
-30.0573
-30.8314
-31.6032
-32.3734
-33.1423
-33.9108
-34.6794
-35.4487
-36.2195
-36.9924
-37.7684
-38.548
-39.3322
-40.1218
-40.9175
-41.7203
-42.5309
-43.3501
-44.1788
-45.0176
-45.8673
-46.7283
-47.6011
-48.486
-49.3832
-50.2924
-51.2132
-52.1449
-53.0864
-54.0362
-54.9923
-55.952
-56.9125
-57.8701
-58.8206
-59.7595
-60.6819
-61.5825
-62.4559
-63.297
-64.1007
-64.8626
-65.5789
-66.2469
-66.8645
-67.431
-67.9465
-68.412
-68.8295
-69.2014
-69.5309
-69.8212
-70.0759
-70.2985
-70.4925
-70.661
-70.8073
-70.934
-71.0438
-71.1388
-71.2213
-71.2928
-71.3549
-71.4091
-71.4563
-71.4977
-71.5341
-71.5663
-71.5947
-71.6201
-71.6427
-71.6631
-71.6815
-71.6982
-71.7135
-71.7275
-71.7405
-71.7525
-71.7637
-71.7742
-71.7841
-71.7935
-71.8024
-71.8109
-71.819
-71.8268
-71.8343
-71.8416
-71.8486
-71.8554
-71.8621
-71.8685
-71.8748
-71.8809
-71.8869
-71.8928
-71.8985
-71.9042
-71.9097
-71.9151
-71.9204
-71.9256
-71.9307
-71.9357
-71.9406
-71.9454
-71.9501
-71.9548
-71.9593
-71.9638
-71.9681
-71.9724
-71.9766
-71.9807
-71.9848
-71.9887
-71.9925
-71.9963
-72
-72.0036
-72.0071
-72.0105
-72.0138
-72.017
-72.0202
-72.0232
-72.0262
-72.0291
-72.0319
-72.0346
-72.0372
-72.0397
-72.0421
-72.0444
-72.0466
-72.0488
-72.0508
-72.0528
-72.0546
-72.0564
-72.0581
-72.0596
-72.0611
-72.0625
-72.0638
-72.065
-72.0661
-72.0671
-72.068
-72.0688
-72.0695
-72.0701
-72.0706
-72.071
-72.0713
-72.0715
-72.0716
-72.0716
-72.0715
-72.0713
-72.0711
-72.0707
-72.0702
-72.0696
-72.0689
-72.0681
-72.0673
-72.0663
-72.0652
-72.064
-72.0627
-72.0613
-72.0598
-72.0583
-72.0566
-72.0548
-72.0529
-72.0509
-72.0488
-72.0466
-72.0444
-72.042
-72.0395
-72.0369
-72.0342
-72.0314
-72.0286
-72.0256
-72.0225
-72.0193
-72.016
-72.0126
-72.0092
-72.0056
-72.0019
-71.9981
-71.9943
-71.9903
-71.9862
-71.9821
-71.9778
-71.9734
-71.969
-71.9644
-71.9598
-71.955
-71.9502
-71.9452
-71.9402
-71.9351
-71.9298
-71.9245
-71.9191
-71.9136
-71.908
-71.9023
-71.8965
-71.7457
-71.504
-71.1977
-70.8435
-70.453
-70.0351
-69.5964
-69.1426
-68.6779
-68.2058
-67.7291
-67.2502
-66.771
-66.2929
-65.8173
-65.3454
-64.8779
-64.4156
-63.9591
-63.5091
-63.0658
-62.6297
-62.201
-61.78
-61.3669
-60.9618
-60.5647
-60.1758
-59.7951
-59.4226
-59.0583
-58.702
-58.3539
-58.0137
-57.6815
-57.3569
-57.0401
-56.7307
-56.4287
-56.1339
-55.8461
-55.5651
-55.2908
-55.023
-54.7615
-54.5061
-54.2566
-54.0127
-53.7743
-53.5413
-53.3133
-53.0901
-52.8716
-52.6576
-52.4478
-52.2421
-52.0402
-51.8419
-51.6471
-51.4555
-51.267
-51.0813
-50.8983
-50.7177
-50.5394
-50.3632
-50.1889
-50.0164
-49.8453
-49.6756
-49.5071
-49.3396
-49.1729
-49.0068
-48.8411
-48.6757
-48.5104
-48.3449
-48.1791
-48.0128
-47.8458
-47.6779
-47.5089
-47.3385
-47.1666
-46.9929
-46.8172
-46.6391
-46.4586
-46.2752
-46.0888
-45.899
-45.7054
-45.5079
-45.3059
-45.0992
-44.8873
-44.6698
-44.4463
-44.2163
-43.9793
-43.7347
-43.4819
-43.2203
-42.9492
-42.6678
-42.3754
-42.0712
-41.7541
-41.4231
-41.0772
-40.7152
-40.3358
-39.9376
-39.5191
-39.0786
-38.6143
-38.1243
-37.6066
-37.0586
-36.4781
-35.8623
-35.2083
-34.5129
-33.7728
-32.9844
-32.1438
-31.247
-30.2896
-29.2672
-28.1753
-27.0093
-25.7646
-24.4369
-23.0221
-21.5171
-19.9192
-18.2272
-16.4415
-14.5644
-12.6008
-10.5586
-8.44914
-6.28752
-4.09291
-1.88849
0.298801
2.439
4.50021
6.45008
8.25766
9.8954
11.341
12.5786
13.6001
14.4045
14.9975
15.3901
15.5974
15.6366
15.5259
15.2833
14.9261
14.4698
13.9286
13.3147
12.6391
11.911
11.1205
10.2868
9.42107
8.5313
7.62339
6.70198
5.77078
4.83282
3.89064
2.94636
2.00176
1.05838
0.117508
-0.819736
-1.7524
-2.67968
-3.60088
-4.51541
-5.42277
-6.32256
-7.21444
-8.09814
-8.97342
-9.84013
-10.6981
-11.5473
-12.3877
-13.2192
-14.0419
-14.8557
-15.6608
-16.4572
-17.2449
-18.0243
-18.7952
-19.558
-20.3128
-21.0597
-21.7989
-22.5307
-23.2552
-23.9728
-24.6836
-25.3879
-26.086
-26.7782
-27.4649
-28.1462
-28.8227
-29.4946
-30.1624
-30.8265
-31.4872
-32.145
-32.8005
-33.454
-34.1062
-34.7574
-35.4083
-36.0594
-36.7113
-37.3646
-38.0199
-38.6778
-39.3389
-40.0039
-40.6733
-41.3478
-42.0278
-42.7141
-43.4069
-44.1068
-44.814
-45.5289
-46.2514
-46.9815
-47.7189
-48.4632
-49.2134
-49.9686
-50.7274
-51.4879
-52.2481
-53.0053
-53.7567
-54.4991
-55.2289
-55.9424
-56.6358
-57.3055
-57.9479
-58.5597
-59.1382
-59.6813
-60.1872
-60.6552
-61.0851
-61.4773
-61.8328
-62.1532
-62.4403
-62.6964
-62.9237
-63.1248
-63.3021
-63.458
-63.5949
-63.7149
-63.82
-63.9121
-63.9928
-64.0637
-64.126
-64.181
-64.2297
-64.273
-64.3117
-64.3464
-64.3778
-64.4063
-64.4325
-64.4566
-64.4791
-64.5002
-64.5201
-64.539
-64.5571
-64.5746
-64.5916
-64.6082
-64.6245
-64.6405
-64.6564
-64.6722
-64.6879
-64.7036
-64.7193
-64.735
-64.7508
-64.7667
-64.7827
-64.7988
-64.8151
-64.8314
-64.848
-64.8646
-64.8814
-64.8984
-64.9155
-64.9328
-64.9502
-64.9678
-64.9856
-65.0035
-65.0215
-65.0397
-65.0581
-65.0766
-65.0952
-65.1139
-65.1328
-65.1518
-65.171
-65.1902
-65.2096
-65.2291
-65.2487
-65.2684
-65.2882
-65.3081
-65.3281
-65.3482
-65.3683
-65.3886
-65.4089
-65.4293
-65.4498
-65.4703
-65.4909
-65.5115
-65.5322
-65.553
-65.5738
-65.5947
-65.6155
-65.6365
-65.6574
-65.6784
-65.6994
-65.7204
-65.7415
-65.7626
-65.7837
-65.8048
-65.8259
-65.847
-65.8681
-65.8892
-65.9103
-65.9314
-65.9525
-65.9736
-65.9947
-66.0157
-66.0368
-66.0578
-66.0788
-66.0997
-66.1207
-66.1416
-66.1624
-66.1833
-66.2041
-66.2249
-66.2456
-66.2663
-66.2869
-66.3075
-66.328
-66.3485
-66.3689
-66.3893
-66.4096
-66.4299
-66.4501
-66.4703
-66.4903
-66.5104
-66.5303
-66.5502
-66.57
-66.5898
-66.6095
-66.6291
-66.6486
-66.668
-66.6874
-66.7067
-66.7259
-66.7451
-66.7641
-66.7831
-66.802
-66.8208
-66.8395
-66.8582
-66.8767
-66.8952
-66.9135
-66.9318
-66.95
-66.9681
-66.9861
-67.004
-67.0218
-67.0395
-67.0571
-67.0747
-67.0921
-67.1094
-67.1266
-67.1437
-67.1607
-67.1777
-67.1945
-67.2112
-67.2278
-67.2443
-67.2607
-67.277
-67.2932
-67.3093
-67.3252
-67.3411
-67.3569
-67.3725
-67.3881
-67.4035
-67.4188
-67.434
-67.4491
-67.4641
-67.479
-67.4938
-67.5085
-67.523
-67.5374
-67.5518
-67.566
-67.5801
-67.5941
-67.6079
-67.6217
-67.6354
-67.6489
-67.6623
-67.6756
-67.6888
-67.7019
-67.7148
-67.7277
-67.7404
-67.753
-67.7655
-67.7779
-67.7902
-67.8024
-67.8144
-67.8263
-67.8381
-67.8498
-67.8614
-67.8729
-67.8842
-67.8955
-67.9066
-67.9176
-67.9285
-67.9392
-67.9499
-67.9604
-67.9709
-67.9812
-67.9914
-68.0014
-68.0114
-68.0213
-68.031
-68.0406
-68.0501
-68.0595
-68.0688
-68.078
-68.087
-68.0959
-68.1048
-68.1135
-68.1221
-68.1305
-68.1389
-68.1472
-68.1553
-68.1633
-68.1713
-68.1791
-68.1868
-68.1943
-68.2018
-68.2092
-68.2164
-68.2235
-68.2306
-68.2375
-68.2443
-68.251
-68.2576
-68.264
-68.2704
-68.2767
-68.2828
-68.2888
-68.2948
-68.3006
-68.3063
-68.3119
-68.3174
-68.3228
-68.3281
-68.3333
-68.3384
-68.3433
-68.3482
-68.353
-68.3576
-68.3622
-68.3666
-68.371
-68.3752
-68.3793
-68.3834
-68.3873
-68.3911
-68.3949
-68.3985
-68.402
-68.4054
-68.4088
-68.412
-68.4151
-68.4181
-68.421
-68.4239
-68.4266
-68.4292
-68.4318
-68.4342
-68.4365
-68.4388
-68.4409
-68.443
-68.4449
-68.4468
-68.4486
-68.4502
-68.4518
-68.4533
-68.4547
-68.456
-68.4572
-68.4583
-68.4593
-68.4603
-68.4611
-68.4619
-68.4625
-68.4631
-68.4636
-68.464
-68.4643
-68.4645
-68.4646
-68.4647
-68.4646
-68.4645
-68.4643
-68.464
-68.4636
-68.4631
-68.4626
-68.4619
-68.4612
-68.4604
-68.4595
-68.4585
-68.4575
-68.4563
-68.4551
-68.4538
-68.4525
-68.451
-68.4495
-68.4479
-68.4462
-68.4444
-68.4426
-68.4406
-68.4386
-68.4366
-68.4344
-68.4322
-68.4299
-68.4275
-68.4251
-68.4226
-68.42
-68.4173
-68.4145
-68.4117
-68.4089
-68.4059
-68.4029
-68.3998
-68.3966
-68.3934
-68.3901
-68.3867
-68.3833
-68.3798
-68.3762
-68.3726
-68.3688
-68.3651
-68.3612
-68.3573
-68.3534
-68.3493
-68.3452
-68.3411
-68.3369
-68.3326
-68.3282
-68.3238
-68.3194
-68.3148
-68.3102
-68.3056
-68.3009
-68.2961
-68.2913
-68.2864
-68.2815
-68.2765
-68.2714
-68.2663
-68.2612
-68.2559
-68.2507
-68.2453
-68.2399
-68.2345
-68.229
-68.2235
-68.2179
-68.2122
-68.2065
-68.2008
-68.195
-68.1891
-68.1832
-68.1773
-68.1713
-68.1652
-68.1591
-68.153
-68.1468
-68.1406
-68.1343
-68.128
-68.1216
-68.1152
-68.1087
-68.1022
-68.0956
-68.089
-68.0824
-68.0757
-68.069
-68.0622
-68.0554
-68.0486
-68.0417
-68.0347
-68.0278
-68.0207
-68.0137
-68.0066
-67.9995
-67.9923
-67.9851
-67.9779
-67.9706
-67.9633
-67.9559
-67.9485
-67.9411
-67.9337
-67.9262
-67.9187
-67.9111
-67.9035
-67.8959
-67.8882
-67.8805
-67.8728
-67.8651
-67.8573
-67.8495
-67.8416
-67.8338
-67.8259
-67.8179
-67.81
-67.802
-67.794
-67.7859
-67.7778
-67.7697
-67.7616
-67.7535
-67.7453
-67.7371
-67.7289
-67.7206
-67.7123
-67.704
-67.6957
-67.6873
-67.679
-67.6706
-67.6622
-67.6537
-67.6453
-67.6368
-67.6283
-67.6197
-67.6112
-67.6026
-67.5941
-67.5854
-67.5768
-67.5682
-67.5595
-67.5508
-67.5421
-67.5334
-67.5247
-67.516
-67.5072
-67.4984
-67.4896
-67.4808
-67.472
-67.4632
-67.4543
-67.4454
-67.4366
-67.4277
-67.4188
-67.4098
-67.4009
-67.392
-67.383
-67.374
-67.3651
-67.3561
-67.3471
-67.3381
-67.329
-67.32
-67.311
-67.3019
-67.2929
-67.2838
-67.2747
-67.2656
-67.2565
-67.2474
-67.2383
-67.2292
-67.2201
-67.211
-67.2018
-67.1927
-67.1835
-67.1744
-67.1652
-67.156
-67.1469
-67.1377
-67.1285
-67.1193
-67.1102
-67.101
-67.0918
-67.0826
-67.0734
-67.0642
-67.055
-67.0458
-67.0366
-67.0274
-67.0182
-67.009
-66.9998
-66.9906
-66.9814
-66.9722
-66.963
-66.9538
-66.9446
-66.9354
-66.9262
-66.917
-66.9078
-66.8986
-66.8894
-66.8803
-66.8711
-66.8619
-66.8527
-66.8435
-66.8344
-66.8252
-66.816
-66.8069
-66.7977
-66.7886
-66.7794
-66.7703
-66.7612
-66.752
-66.7429
-66.7338
-66.7247
-66.7156
-66.7065
-66.6974
-66.6883
-66.6792
-66.6702
-66.6611
-66.6521
-66.643
-66.634
-66.6249
-66.6159
-66.6069
-66.5979
-66.5889
-66.5799
-66.571
-66.562
-66.5531
-66.5441
-66.5352
-66.5263
-66.5174
-66.5085
-66.4996
-66.4907
-66.4819
-66.473
-66.4642
-66.4554
-66.4466
-66.4378
-66.429
-66.4202
-66.4115
-66.4027
-66.394
-66.3853
-66.3765
-66.3679
-66.3592
-66.3505
-66.3419
-66.3332
-66.3246
-66.316
-66.3074
-66.2988
-66.153
-65.918
-65.6176
-65.2664
-64.8751
-64.4518
-64.003
-63.5338
-63.0484
-62.5503
-62.0421
-61.5264
-61.0048
-60.4791
-59.9505
-59.4201
-58.8887
-58.3571
-57.8258
-57.2953
-56.7659
-56.2378
-55.7112
-55.186
-54.6623
-54.1399
-53.6184
-53.0977
-52.5772
-52.0565
-51.5349
-51.0117
-50.486
-49.957
-49.4234
-48.8842
-48.3378
-47.7827
-47.2173
-46.6395
-46.0472
-45.438
-44.8091
-44.1575
-43.4797
-42.7719
-42.0297
-41.2481
-40.4218
-39.5442
-38.6083
-37.6058
-36.5277
-35.3632
-34.1006
-32.7262
-31.2249
-29.5797
-27.7718
-25.7808
-23.5851
-21.1626
-18.4921
-15.555
-12.3388
-8.84065
-5.0721
-1.06438
3.12741
7.42246
11.7165
15.8892
19.8164
23.3849
26.5069
29.1297
31.2393
32.856
34.0262
34.8106
35.2744
35.4795
35.4796
35.319
35.0322
34.6456
34.1789
33.6465
33.0592
32.4251
31.75
31.039
30.2958
29.5236
28.7252
27.903
27.0593
26.1959
25.3147
24.4175
23.5059
22.5815
21.6455
20.6995
19.7448
18.7824
17.8136
16.8395
15.861
14.8792
13.8949
12.9089
11.9221
10.9351
9.94863
8.96332
7.97973
6.99837
6.01973
5.04425
4.07233
3.10432
2.14054
1.1813
0.226831
-0.722626
-1.66688
-2.60575
-3.5391
-4.4668
-5.38876
-6.30489
-7.21514
-8.11947
-9.01785
-9.91027
-10.7967
-11.6773
-12.552
-13.4208
-14.2839
-15.1413
-15.9931
-16.8394
-17.6804
-18.5162
-19.3469
-20.1728
-20.9939
-21.8106
-22.6231
-23.4316
-24.2364
-25.0379
-25.8363
-26.6321
-27.4256
-28.2173
-29.0077
-29.7972
-30.5865
-31.3761
-32.1667
-32.959
-33.7536
-34.5514
-35.3532
-36.1599
-36.9724
-37.7915
-38.6184
-39.4541
-40.2995
-41.1557
-42.0238
-42.9048
-43.7996
-44.7093
-45.6345
-46.576
-47.5342
-48.5093
-49.5013
-50.5097
-51.5334
-52.5712
-53.6208
-54.6794
-55.7436
-56.809
-57.8705
-58.9223
-59.9579
-60.9704
-61.9528
-62.8981
-63.7995
-64.6511
-65.448
-66.1866
-66.8646
-67.481
-68.0365
-68.5329
-68.9728
-69.36
-69.6987
-69.9931
-70.248
-70.4677
-70.6565
-70.8183
-70.9569
-71.0753
-71.1767
-71.2633
-71.3376
-71.4012
-71.456
-71.5032
-71.5441
-71.5796
-71.6106
-71.6377
-71.6617
-71.6829
-71.7018
-71.7188
-71.7342
-71.7481
-71.7609
-71.7727
-71.7836
-71.7938
-71.8033
-71.8123
-71.8208
-71.8289
-71.8367
-71.8441
-71.8513
-71.8583
-71.865
-71.8716
-71.878
-71.8842
-71.8903
-71.8962
-71.9021
-71.9078
-71.9135
-71.919
-71.9245
-71.9298
-71.9351
-71.9403
-71.9454
-71.9505
-71.9554
-71.9603
-71.9651
-71.9699
-71.9745
-71.9791
-71.9837
-71.9881
-71.9925
-71.9968
-72.001
-72.0052
-72.0093
-72.0133
-72.0173
-72.0211
-72.0249
-72.0286
-72.0323
-72.0358
-72.0393
-72.0427
-72.046
-72.0493
-72.0524
-72.0555
-72.0585
-72.0614
-72.0643
-72.067
-72.0697
-72.0723
-72.0748
-72.0772
-72.0795
-72.0818
-72.0839
-72.086
-72.088
-72.0899
-72.0917
-72.0934
-72.095
-72.0965
-72.098
-72.0993
-72.1006
-72.1018
-72.1028
-72.1038
-72.1047
-72.1055
-72.1062
-72.1068
-72.1073
-72.1078
-72.1081
-72.1083
-72.1085
-72.1085
-72.1085
-72.1083
-72.1081
-72.1077
-72.1073
-72.1067
-72.1061
-72.1054
-72.1046
-72.1036
-72.1026
-72.1015
-72.1003
-72.099
-72.0976
-72.0961
-72.0945
-72.0928
-72.091
-72.0891
-72.0871
-72.085
-72.0828
-72.0805
-72.0781
-72.0756
-72.073
-72.0704
-72.0676
-72.0647
-72.0617
-72.0587
-72.0555
-72.0522
-72.0489
-72.0454
-72.0419
-72.0382
-71.8904
-71.6529
-71.3526
-71.006
-70.6248
-70.2177
-69.7916
-69.3518
-68.9024
-68.4469
-67.988
-67.5279
-67.0684
-66.6109
-66.1567
-65.7068
-65.2619
-64.8229
-64.3901
-63.9642
-63.5454
-63.1341
-62.7305
-62.3348
-61.9472
-61.5677
-61.1963
-60.8332
-60.4784
-60.1317
-59.7933
-59.4629
-59.1406
-58.8263
-58.5197
-58.2209
-57.9297
-57.646
-57.3695
-57.1003
-56.838
-56.5826
-56.3339
-56.0917
-55.8558
-55.6261
-55.4024
-55.1846
-54.9724
-54.7657
-54.5644
-54.3681
-54.1769
-53.9905
-53.8087
-53.6315
-53.4585
-53.2898
-53.1251
-52.9643
-52.8073
-52.6538
-52.5038
-52.3572
-52.2137
-52.0733
-51.9359
-51.8014
-51.6695
-51.5403
-51.4135
-51.2892
-51.1672
-51.0473
-50.9296
-50.8138
-50.7
-50.5881
-50.4778
-50.3692
-50.2623
-50.1568
-50.0527
-49.9501
-49.8487
-49.7485
-49.6494
-49.5515
-49.4545
-49.3586
-49.2635
-49.1692
-49.0757
-48.9829
-48.8907
-48.7991
-48.708
-48.6174
-48.5272
-48.4374
-48.3478
-48.2584
-48.1692
-48.0801
-47.991
-47.9019
-47.8127
-47.7234
-47.6338
-47.5439
-47.4536
-47.3629
-47.2716
-47.1798
-47.0872
-46.9939
-46.8997
-46.8046
-46.7084
-46.6111
-46.5125
-46.4125
-46.3111
-46.2081
-46.1033
-45.9966
-45.8879
-45.7771
-45.664
-45.5483
-45.43
-45.3089
-45.1846
-45.0571
-44.9262
-44.7914
-44.6527
-44.5097
-44.3622
-44.2097
-44.0521
-43.8889
-43.7197
-43.5441
-43.3618
-43.1721
-42.9747
-42.7689
-42.5541
-42.3298
-42.0951
-41.8494
-41.5919
-41.3216
-41.0377
-40.7391
-40.4246
-40.0931
-39.7433
-39.3737
-38.9828
-38.5688
-38.1301
-37.6645
-37.1699
-36.6441
-36.0844
-35.4882
-34.8525
-34.174
-33.4496
-32.6754
-31.8477
-30.9625
-30.0154
-29.0022
-27.9184
-26.7597
-25.5219
-24.201
-22.7937
-21.2974
-19.7107
-18.0339
-16.269
-14.4209
-12.4973
-10.5095
-8.47317
-6.40787
-4.33752
-2.28976
-0.295014
1.61496
3.40889
5.05796
6.53778
7.8299
8.92267
9.81147
10.4982
10.9902
11.2992
11.4393
11.4266
11.2774
11.0075
10.6321
10.165
9.61867
9.00411
8.33106
7.60802
6.84237
6.04053
5.20807
4.34983
3.47003
2.57237
1.66005
0.735916
-0.197568
-1.13822
-2.08411
-3.03356
-3.98507
-4.93735
-5.88922
-6.8397
-7.7879
-8.73304
-9.67446
-10.6116
-11.5439
-12.471
-13.3926
-14.3083
-15.2179
-16.1213
-17.0183
-17.9088
-18.7928
-19.6702
-20.5411
-21.4056
-22.2638
-23.1158
-23.9617
-24.8018
-25.6363
-26.4654
-27.2896
-28.1091
-28.9242
-29.7355
-30.5433
-31.3481
-32.1505
-32.951
-33.7501
-34.5486
-35.347
-36.1461
-36.9466
-37.7492
-38.5548
-39.3642
-40.1781
-40.9975
-41.8232
-42.656
-43.4967
-44.3463
-45.2054
-46.0747
-46.955
-47.8467
-48.7503
-49.666
-50.5938
-51.5335
-52.4847
-53.4467
-54.4182
-55.3977
-56.3832
-57.3722
-58.3619
-59.3487
-60.3286
-61.2975
-62.2503
-63.1823
-64.0883
-64.9632
-65.8021
-66.6006
-67.3549
-68.0617
-68.719
-69.3253
-69.8803
-70.3846
-70.8397
-71.2476
-71.6109
-71.9329
-72.2166
-72.4657
-72.6834
-72.8731
-73.0379
-73.1808
-73.3044
-73.4111
-73.5032
-73.5826
-73.6509
-73.7098
-73.7604
-73.804
-73.8415
-73.8737
-73.9014
-73.9253
-73.9458
-73.9634
-73.9785
-73.9915
-74.0026
-74.012
-74.0201
-74.027
-74.0328
-74.0376
-74.0417
-74.045
-74.0477
-74.0499
-74.0515
-74.0527
-74.0536
-74.054
-74.0542
-74.054
-74.0536
-74.053
-74.0521
-74.0511
-74.0498
-74.0484
-74.0468
-74.0451
-74.0432
-74.0412
-74.039
-74.0367
-74.0343
-73.8885
-73.6572
-73.3689
-73.0406
-72.6843
-72.3085
-71.9196
-71.5225
-71.121
-70.718
-70.3158
-69.916
-69.5202
-69.1294
-68.7444
-68.3658
-67.9943
-67.6301
-67.2735
-66.9248
-66.5841
-66.2515
-65.9269
-65.6105
-65.3022
-65.0019
-64.7095
-64.425
-64.1483
-63.8792
-63.6176
-63.3634
-63.1165
-62.8767
-62.6438
-62.4177
-62.1983
-61.9854
-61.7788
-61.5785
-61.3842
-61.1959
-61.0133
-60.8364
-60.6649
-60.4988
-60.338
-60.1822
-60.0314
-59.8855
-59.7443
-59.6076
-59.4755
-59.3477
-59.2242
-59.1048
-58.9894
-58.8781
-58.7705
-58.6667
-58.5666
-58.47
-58.3769
-58.2872
-58.2008
-58.1176
-58.0376
-57.9606
-57.8867
-57.8157
-57.7475
-57.6822
-57.6196
-57.5596
-57.5023
-57.4475
-57.3952
-57.3453
-57.2978
-57.2526
-57.2098
-57.1691
-57.1306
-57.0943
-57.0601
-57.0279
-56.9977
-56.9695
-56.9431
-56.9187
-56.8962
-56.8754
-56.8564
-56.8391
-56.8236
-56.8097
-56.7974
-56.7868
-56.7777
-56.7702
-56.7641
-56.7596
-56.7565
-56.7549
-56.7546
-56.7557
-56.7582
-56.762
-56.767
-56.7734
-56.781
-56.7898
-56.7998
-56.811
-56.8234
-56.8369
-56.8515
-56.8672
-56.8839
-56.9017
-56.9205
-56.9403
-56.9612
-56.9829
-57.0057
-57.0293
-57.0539
-57.0793
-57.1056
-57.1327
-57.1607
-57.1895
-57.2191
-57.2495
-57.2806
-57.3125
-57.3451
-57.3784
-57.4124
-57.447
-57.4823
-57.5183
-57.5549
-57.5921
-57.6299
-57.6683
-57.7072
-57.7467
-57.7867
-57.8272
-57.8682
-57.9097
-57.9517
-57.9941
-58.037
-58.0803
-58.124
-58.1682
-58.2127
-58.2576
-58.3028
-58.3484
-58.3943
-58.4406
-58.4871
-58.534
-58.5811
-58.6285
-58.6762
-58.7241
-58.7723
-58.8207
-58.8693
-58.9181
-58.9671
-59.0162
-59.0656
-59.1151
-59.1647
-59.2145
-59.1483
-59.0112
-58.8249
-58.6027
-58.3536
-58.0845
-57.8005
-57.5056
-57.2029
-56.8947
-56.5832
-56.2699
-55.956
-55.6426
-55.3304
-55.0201
-54.7124
-54.4075
-54.106
-53.8079
-53.5137
-53.2234
-52.9371
-52.6549
-52.3769
-52.1031
-51.8335
-51.568
-51.3066
-51.0492
-50.7958
-50.5461
-50.3002
-50.0578
-49.8188
-49.5831
-49.3504
-49.1208
-48.8939
-48.6695
-48.4476
-48.2279
-48.0102
-47.7942
-47.5799
-47.367
-47.1552
-46.9444
-46.7344
-46.5248
-46.3156
-46.1063
-45.8969
-45.687
-45.4765
-45.2649
-45.0522
-44.8379
-44.6219
-44.4037
-44.1832
-43.96
-43.7337
-43.504
-43.2706
-43.0331
-42.7911
-42.5441
-42.2917
-42.0334
-41.7688
-41.4973
-41.2184
-40.9314
-40.6358
-40.3308
-40.0158
-39.6899
-39.3523
-39.0022
-38.6386
-38.2605
-37.8668
-37.4563
-37.0278
-36.5799
-36.1112
-35.6202
-35.1051
-34.5643
-33.9958
-33.3976
-32.7676
-32.1035
-31.403
-30.6635
-29.8825
-29.0571
-28.1847
-27.2624
-26.2875
-25.257
-24.1686
-23.0196
-21.8081
-20.5325
-19.1919
-17.7863
-16.3166
-14.7855
-13.1969
-11.557
-9.8745
-8.16048
-6.42908
-4.69731
-2.98504
-1.31447
0.29061
1.80597
3.20831
4.47671
5.59403
6.54786
7.33115
7.94219
8.38412
8.66416
8.79254
8.78148
8.64423
8.39426
8.04471
7.60793
7.0953
6.51709
5.88244
5.19943
4.47515
3.71579
2.92675
2.11275
1.2779
0.425796
-0.44042
-1.31799
-2.2045
-3.09782
-3.99608
-4.89762
-5.80101
-6.70497
-7.60837
-8.51023
-9.40969
-10.306
-11.1985
-12.0866
-12.9699
-13.8479
-14.7203
-15.5867
-16.4471
-17.3011
-18.1486
-18.9896
-19.824
-20.6518
-21.4729
-22.2875
-23.0956
-23.8973
-24.6929
-25.4824
-26.266
-27.044
-27.8167
-28.5844
-29.3473
-30.1059
-30.8604
-31.5579
-32.2228
-32.866
-33.4938
-34.1098
-34.7166
-35.3162
-35.9098
-36.4985
-37.0834
-37.6652
-38.2447
-38.8226
-39.3995
-39.9759
-40.5527
-41.1302
-41.7091
-42.2898
-42.873
-43.4592
-44.0486
-44.6418
-45.2391
-45.8408
-46.447
-47.0578
-47.6733
-48.2931
-48.9169
-49.5442
-50.1741
-50.8057
-51.4377
-52.0684
-52.696
-53.3183
-53.9328
-54.537
-55.1278
-55.7023
-56.2576
-56.7905
-57.2985
-57.7791
-58.2301
-58.65
-59.0378
-59.3929
-59.7154
-60.0058
-60.2651
-60.4948
-60.6964
-60.872
-61.0235
-61.1531
-61.263
-61.355
-61.4313
-61.4938
-61.544
-61.5837
-61.6143
-61.6371
-61.6531
-61.6635
-61.6692
-61.6709
-61.6694
-61.6652
-61.6589
-61.6509
-61.6416
-61.6313
-61.6204
-61.609
-61.5974
-61.5857
-61.5741
-61.5628
-61.5518
-61.5412
-61.5311
-61.5215
-61.5126
-61.5043
-61.4967
-61.4898
-61.4837
-61.4782
-61.4736
-61.4697
-61.4665
-61.4641
-61.4625
-61.4617
-61.4616
-61.4623
-61.4637
-61.4658
-61.4687
-61.4722
-61.4765
-61.4815
-61.4872
-61.4936
-61.5006
-61.5082
-61.5165
-61.5255
-61.535
-61.5451
-61.5559
-61.5672
-61.5791
-61.5915
-61.6045
-61.618
-61.632
-61.6465
-61.6616
-61.6771
-61.6931
-61.7095
-61.7264
-61.7438
-61.7615
-61.7797
-61.7983
-61.8173
-61.8367
-61.8565
-61.8766
-61.8972
-61.918
-61.9392
-61.9607
-61.9826
-62.0048
-62.0273
-62.05
-62.0731
-62.0965
-62.1201
-62.144
-62.1681
-62.1925
-62.2172
-62.2421
-62.2672
-62.2925
-62.318
-62.3438
-62.3697
-62.3959
-62.4222
-62.4487
-62.4754
-62.5023
-62.5293
-62.5564
-62.5838
-62.6112
-62.6388
-62.6666
-62.6944
-62.7224
-62.7505
-62.7787
-62.807
-62.8354
-62.8639
-62.8925
-62.9212
-62.95
-62.9788
-63.0077
-63.0367
-63.0658
-63.0949
-63.124
-63.0322
-62.8686
-62.6568
-62.4112
-62.1413
-61.8544
-61.5555
-61.2489
-60.9375
-60.6237
-60.3095
-59.9963
-59.6853
-59.3775
-59.0734
-58.7738
-58.4791
-58.1897
-57.9058
-57.6276
-57.3555
-56.9822
-56.554
-56.0933
-55.613
-55.1221
-54.6269
-54.1319
-53.6403
-53.1546
-52.6766
-52.2074
-51.748
-51.2988
-50.8603
-50.4325
-50.0156
-49.6095
-49.214
-48.8289
-48.454
-48.0889
-47.7334
-47.387
-47.0494
-46.7203
-46.3992
-46.0858
-45.7796
-45.4803
-45.1876
-44.9009
-44.62
-44.3445
-44.074
-43.8082
-43.5467
-43.2892
-43.0353
-42.7849
-42.5375
-42.2929
-42.0508
-41.8109
-41.5729
-41.3366
-41.1018
-40.8682
-40.6355
-40.4036
-40.1722
-39.9411
-39.7101
-39.479
-39.2475
-39.0155
-38.7828
-38.5492
-38.3144
-38.0784
-37.8408
-37.6016
-37.3605
-37.1173
-36.8719
-36.624
-36.3734
-36.12
-35.8636
-35.6039
-35.3407
-35.0739
-34.8031
-34.5283
-34.2491
-33.9653
-33.6767
-33.3831
-33.0841
-32.7796
-32.4692
-32.1528
-31.8299
-31.5003
-31.1637
-30.8198
-30.4682
-30.1087
-29.7408
-29.3642
-28.9785
-28.5832
-28.1781
-27.7626
-27.3363
-26.8987
-26.4493
-25.9433
-25.4028
-24.8375
-24.2525
-23.6506
-23.0336
-22.4025
-21.7579
-21.1003
-20.4297
-19.7463
-19.0504
-18.3421
-17.622
-16.8906
-16.1489
-15.3984
-14.6408
-13.8788
-13.1155
-12.3549
-11.6018
-10.8621
-10.1422
-9.44945
-8.79144
-8.17616
-7.6114
-7.10442
-6.66163
-6.28825
-5.98807
-5.76336
-5.61483
-5.54173
-5.542
-5.61253
-5.7494
-5.94809
-6.20375
-6.51139
-6.86602
-7.2628
-7.69711
-8.16458
-8.66121
-9.18326
-9.72737
-10.2905
-10.8698
-11.4628
-12.0673
-12.6813
-13.3029
-13.9307
-14.5632
-15.199
-15.8372
-16.4766
-17.1165
-17.756
-18.3945
-19.0314
-19.6661
-20.2982
-20.9274
-21.5532
-22.1755
-22.7939
-23.4084
-24.0187
-24.6248
-25.2266
-25.824
-26.4171
-27.0059
-27.5904
-28.1707
-28.7469
-29.3191
-29.8875
-30.4522
-31.0134
-31.5713
-32.1262
-32.6782
-33.2277
-33.775
-34.3202
-34.8638
-35.4061
-35.9474
-36.4881
-37.0286
-37.5692
-38.1104
-38.6526
-39.1961
-39.7415
-40.2892
-40.8395
-41.3929
-41.9498
-42.5107
-43.0758
-43.6455
-44.22
-44.7996
-45.3844
-45.9745
-46.5697
-47.1698
-47.7746
-48.3834
-48.9954
-49.6098
-50.2252
-50.8402
-51.4532
-52.0621
-52.6649
-53.259
-53.8422
-54.4118
-54.9654
-55.5004
-56.0147
-56.5063
-56.9735
-57.4151
-57.8301
-58.2182
-58.5792
-58.9137
-59.2222
-59.5057
-59.7655
-60.003
-60.2196
-60.417
-60.5967
-60.7602
-60.9092
-61.045
-61.1689
-61.2823
-61.3864
-61.4821
-61.5705
-61.6523
-61.7284
-61.7995
-61.8662
-61.9289
-61.9883
-62.0447
-62.0985
-62.1499
-62.1994
-62.2471
-62.2933
-62.3382
-62.3818
-62.4244
-62.4661
-62.5071
-62.5473
-62.5869
-62.6259
-62.6645
-62.7026
-62.7404
-62.7778
-62.8149
-62.8518
-62.8884
-62.9248
-62.961
-62.9971
-63.0329
-63.0687
-63.1043
-63.1398
-63.1751
-63.2104
-63.2455
-63.2806
-63.3156
-63.3504
-63.3852
-63.42
-63.4546
-63.4892
-63.5237
-63.5581
-63.5924
-63.6267
-63.6609
-63.695
-63.729
-63.763
-63.7968
-63.8307
-63.8644
-63.898
-63.9316
-63.9651
-63.9985
-64.0319
-64.0651
-64.0983
-64.1313
-64.1643
-64.1972
-64.23
-64.2627
-64.2953
-64.3279
-64.3603
-64.3926
-64.4249
-64.457
-64.489
-64.5209
-64.5528
-64.5845
-64.6161
-64.6476
-64.679
-64.7103
-64.7415
-64.7725
-64.8035
-64.8343
-64.865
-64.8956
-64.9261
-64.9564
-64.9867
-65.0168
-65.0468
-65.0767
-65.1064
-65.136
-65.1655
-65.1949
-65.2242
-65.2533
-65.2823
-65.3111
-65.3398
-65.3684
-65.3969
-65.4252
-65.4534
-65.4815
-65.5094
-65.5372
-65.5648
-65.5924
-65.6197
-65.647
-65.6741
-65.701
-65.7278
-65.7545
-65.7811
-65.8075
-65.8337
-65.8598
-65.8858
-65.9116
-65.9373
-65.9629
-65.9883
-66.0135
-66.0386
-66.0636
-66.0884
-66.1131
-66.1376
-66.162
-66.1862
-66.2103
-66.2342
-66.258
-66.2817
-66.3052
-66.3285
-66.3517
-66.3748
-66.3977
-66.4205
-66.4431
-66.4655
-66.4879
-66.51
-66.532
-66.5539
-66.5756
-66.5972
-66.6186
-66.6399
-66.661
-66.682
-66.7028
-66.7235
-66.7441
-66.7644
-66.7847
-66.8048
-66.8247
-66.8445
-66.8641
-66.8836
-66.903
-66.9222
-66.9412
-66.9601
-66.9789
-66.9975
-67.0159
-67.0343
-67.0524
-67.0704
-67.0883
-67.106
-67.1236
-67.141
-67.1583
-67.1755
-67.1925
-67.2093
-67.226
-67.2426
-67.259
-67.2753
-67.2914
-67.3074
-67.3232
-67.3389
-67.3545
-67.3699
-67.3851
-67.4002
-67.4152
-67.4301
-67.4448
-67.4593
-67.4737
-67.488
-67.5021
-67.5161
-67.53
-67.5437
-67.5573
-67.5707
-67.584
-67.5971
-67.6102
-67.623
-67.6358
-67.6484
-67.6608
-67.6732
-67.6854
-67.6974
-67.7094
-67.7211
-67.7328
-67.7443
-67.6192
-67.4081
-67.1359
-66.8179
-66.465
-66.0854
-65.6856
-65.2705
-64.8441
-64.4098
-63.9702
-63.5274
-63.0832
-62.639
-62.1962
-61.7556
-61.3181
-60.8844
-60.4552
-60.031
-59.612
-59.1988
-58.7915
-58.3904
-57.9957
-57.6075
-57.2259
-56.8509
-56.4827
-56.1211
-55.7662
-55.4179
-55.0761
-54.7408
-54.4117
-54.0889
-53.772
-53.4611
-53.1558
-52.8559
-52.5614
-52.2718
-51.9871
-51.707
-51.4312
-51.1594
-50.8915
-50.627
-50.3658
-50.1076
-49.8519
-49.5987

