-65
-64.9994
-64.9988
-64.9982
-64.9977
-64.9971
-64.9965
-64.996
-64.9954
-64.9949
-64.9943
-64.9938
-64.9932
-64.9927
-64.9922
-64.9917
-64.9912
-64.9906
-64.9901
-64.9896
-64.9891
-64.9886
-64.9881
-64.9876
-64.9872
-64.9867
-64.9862
-64.9857
-64.9852
-64.9848
-64.9843
-64.9838
-64.9834
-64.9829
-64.9825
-64.982
-64.9816
-64.9811
-64.9807
-64.9802
-64.9798
-64.9794
-64.9789
-64.9785
-64.9781
-64.9777
-64.9772
-64.9768
-64.9764
-64.976
-64.9756
-64.9752
-64.9748
-64.9744
-64.974
-64.9736
-64.9732
-64.9728
-64.9725
-64.9721
-64.9717
-64.9713
-64.971
-64.9706
-64.9702
-64.9699
-64.9695
-64.9692
-64.9688
-64.9685
-64.9681
-64.9678
-64.9675
-64.9671
-64.9668
-64.9665
-64.9661
-64.9658
-64.9655
-64.9652
-64.9649
-64.9646
-64.9642
-64.9639
-64.9636
-64.9633
-64.963
-64.9628
-64.9625
-64.9622
-64.9619
-64.9616
-64.9613
-64.9611
-64.9608
-64.9605
-64.9603
-64.96
-64.9598
-64.9595
-64.9592
-64.959
-64.9588
-64.9585
-64.9583
-64.958
-64.9578
-64.9576
-64.9573
-64.9571
-64.9569
-64.9567
-64.9565
-64.9562
-64.956
-64.9558
-64.9556
-64.9554
-64.9552
-64.955
-64.9548
-64.9546
-64.9545
-64.9543
-64.9541
-64.9539
-64.9537
-64.9536
-64.9534
-64.9532
-64.9531
-64.9529
-64.9527
-64.9526
-64.9524
-64.9523
-64.9521
-64.952
-64.9519
-64.9517
-64.9516
-64.9514
-64.9513
-64.9512
-64.9511
-64.9509
-64.9508
-64.9507
-64.9506
-64.9505
-64.9504
-64.9503
-64.9502
-64.95
-64.9499
-64.9499
-64.9498
-64.9497
-64.9496
-64.9495
-64.9494
-64.9493
-64.9492
-64.9492
-64.9491
-64.949
-64.9489
-64.9489
-64.9488
-64.9487
-64.9487
-64.9486
-64.9486
-64.9485
-64.9485
-64.9484
-64.9484
-64.9483
-64.9483
-64.9482
-64.9482
-64.9482
-64.9481
-64.9481
-64.9481
-64.948
-64.948
-64.948
-64.948
-64.948
-64.9479
-64.9479
-64.9479
-64.9479
-64.9479
-64.9479
-64.9479
-64.9479
-64.9479
-64.9479
-64.9479
-64.9479
-64.9479
-64.9479
-64.9479
-64.9479
-64.9479
-64.9479
-64.948
-64.948
-64.948
-64.948
-64.9481
-64.9481
-64.9481
-64.9481
-64.9482
-64.9482
-64.9482
-64.9483
-64.9483
-64.9483
-64.9484
-64.9484
-64.9485
-64.9485
-64.9486
-64.9486
-64.9487
-64.9487
-64.9488
-64.9488
-64.9489
-64.9489
-64.949
-64.9491
-64.9491
-64.9492
-64.9492
-64.9493
-64.9494
-64.9494
-64.9495
-64.9496
-64.9497
-64.9497
-64.9498
-64.9499
-64.95
-64.95
-64.9501
-64.9502
-64.9503
-64.9504
-64.9504
-64.9505
-64.9506
-64.9507
-64.9508
-64.9509
-64.951
-64.951
-64.9511
-64.9512
-64.9513
-64.9514
-64.9515
-64.9516
-64.9517
-64.9518
-64.9519
-64.952
-64.9521
-64.9522
-64.9523
-64.9524
-64.9525
-64.9526
-64.9527
-64.9528
-64.9529
-64.953
-64.9532
-64.9533
-64.9534
-64.9535
-64.9536
-64.9537
-64.9538
-64.9539
-64.954
-64.9542
-64.9543
-64.9544
-64.9545
-64.9546
-64.9547
-64.9548
-64.955
-64.9551
-64.9552
-64.9553
-64.9554
-64.9556
-64.9557
-64.9558
-64.9559
-64.956
-64.9562
-64.9563
-64.9564
-64.9565
-64.9566
-64.9568
-64.9569
-64.957
-64.9571
-64.9573
-64.9574
-64.9575
-64.9576
-64.9578
-64.9579
-64.958
-64.9581
-64.9583
-64.9584
-64.9585
-64.9587
-64.9588
-64.9589
-64.959
-64.9592
-64.9593
-64.9594
-64.9595
-64.9597
-64.9598
-64.9599
-64.96
-64.9602
-64.9603
-64.9604
-64.9606
-64.9607
-64.9608
-64.9609
-64.9611
-64.9612
-64.9613
-64.9614
-64.9616
-64.9617
-64.9618
-64.962
-64.9621
-64.9622
-64.9623
-64.9625
-64.9626
-64.9627
-64.9628
-64.963
-64.9631
-64.9632
-64.9633
-64.8289
-64.6068
-64.3204
-63.9839
-63.6077
-63.1998
-62.7663
-62.3125
-61.8422
-61.3588
-60.865
-60.3631
-59.8549
-59.3417
-58.8249
-58.3055
-57.7841
-57.2615
-56.7381
-56.2143
-55.6901
-55.1658
-54.6413
-54.1165
-53.5911
-53.0649
-52.5373
-52.0078
-51.4757
-50.9403
-50.4006
-49.8555
-49.3037
-48.744
-48.1746
-47.5939
-46.9997
-46.3898
-45.7617
-45.1125
-44.4389
-43.7372
-43.0032
-42.2323
-41.4191
-40.5575
-39.6405
-38.6602
-37.6075
-36.4721
-35.2421
-33.9042
-32.443
-30.8413
-29.0796
-27.1369
-24.9898
-22.6142
-19.9859
-17.0821
-13.8851
-10.3856
-6.58794
-2.5163
1.78004
6.22319
10.7076
15.1069
19.2865
23.1197
26.5048
29.3762
31.7103
33.5218
34.8555
35.7742
36.3473
36.6418
36.7166
36.6203
36.391
36.0576
35.6414
35.1579
34.6185
34.0314
33.403
32.7379
32.04
31.3123
30.5576
29.7781
28.9759
28.153
27.311
26.4517
25.5765
24.6869
23.7845
22.8703
21.9459
21.0122
20.0705
19.1219
18.1673
17.2078
16.2442
15.2774
14.3083
13.3375
12.3657
11.3937
10.4221
9.45133
8.48202
7.51462
6.54958
5.5873
4.62817
3.6725
2.72061
1.77277
0.829216
-0.109828
-1.04417
-1.97365
-2.89813
-3.81748
-4.73162
-5.64045
-6.54392
-7.44198
-8.33459
-9.22176
-10.1035
-10.9798
-11.8507
-12.7162
-13.5764
-14.4314
-15.2813
-16.1262
-16.9661
-17.8012
-18.6317
-19.4576
-20.2793
-21.0969
-21.9106
-22.7207
-23.5275
-24.3311
-25.1321
-25.9307
-26.7273
-27.5224
-28.3163
-29.1097
-29.9031
-30.6971
-31.4923
-32.2893
-33.089
-33.8921
-34.6995
-35.512
-36.3305
-37.1562
-37.9899
-38.8327
-39.6858
-40.5503
-41.4272
-42.3177
-43.2228
-44.1436
-45.0809
-46.0356
-47.0083
-47.9992
-49.0084
-50.0355
-51.0798
-52.1396
-53.2131
-54.2973
-55.3886
-56.4826
-57.5739
-58.6563
-59.723
-60.7667
-61.7796
-62.7543
-63.6835
-64.5609
-65.3811
-66.1402
-66.8358
-67.467
-68.0345
-68.5401
-68.8637
-69.0645
-69.173
-69.209
-69.1873
-69.1194
-69.0146
-68.8806
-68.7235
-68.5486
-68.3601
-68.1616
-67.956
-67.7456
-67.5323
-67.3178
-67.1033
-66.8899
-66.6783
-66.4693
-66.2633
-66.0607
-65.862
-65.6672
-65.4766
-65.2903
-65.1084
-64.9308
-64.7578
-64.5891
-64.4249
-64.1504
-63.819
-63.4555
-63.0741
-62.6839
-62.291
-61.8996
-61.5125
-61.1317
-60.7587
-60.3944
-60.0394
-59.694
-59.3586
-59.0331
-58.7175
-58.4118
-58.1159
-57.8295
-57.5526
-57.2848
-57.0259
-56.7758
-56.5341
-56.3007
-56.0753
-55.8577
-55.6477
-55.445
-55.2493
-55.0606
-54.8785
-54.7029
-54.5335
-54.3702
-54.2128
-54.0611
-53.915
-53.7742
-53.6386
-53.508
-53.3823
-53.2614
-53.1451
-53.0333
-52.9258
-52.8225
-52.7234
-52.6283
-52.537
-52.4495
-52.3657
-52.2855
-52.2087
-52.1354
-52.0653
-51.9985
-51.9349
-51.8743
-51.8168
-51.7621
-51.7104
-51.6614
-51.6152
-51.5716
-51.5307
-51.4923
-51.4564
-51.423
-51.392
-51.3634
-51.337
-51.3129
-51.2911
-51.2714
-51.2539
-51.2384
-51.225
-51.2137
-51.2043
-51.1969
-51.1914
-51.1877
-51.1859
-51.186
-51.1878
-51.1914
-51.1967
-51.2037
-51.2123
-51.2227
-51.2346
-51.2481
-51.2631
-51.2797
-51.2978
-51.3174
-51.3385
-51.3609
-51.3848
-51.4101
-51.4367
-51.4647
-51.494
-51.5246
-51.5564
-51.5895
-51.6238
-51.6593
-51.696
-51.7339
-51.7729
-51.813
-51.8542
-51.8965
-51.9398
-51.9842
-52.0295
-52.0759
-52.1232
-52.1715
-52.2207
-52.2708
-52.3217
-52.3736
-52.4263
-52.4798
-52.5341
-52.5892
-52.6451
-52.7017
-52.759
-52.8171
-52.8758
-52.9352
-52.9952
-53.0559
-53.1172
-53.1791
-53.2415
-53.3045
-53.368
-53.432
-53.4966
-53.5616
-53.6271
-53.693
-53.7593
-53.8261
-53.8932
-53.9608
-54.0287
-54.0969
-54.1654
-54.2343
-54.3034
-54.3728
-54.4425
-54.5124
-54.5826
-54.653
-54.7236
-54.7943
-54.8652
-54.9363
-55.0076
-55.0789
-55.1504
-55.222
-55.2937
-55.3654
-55.4372
-55.5091
-55.581
-55.653
-55.7249
-55.7969
-55.8689
-55.9408
-56.0128
-56.0847
-56.1565
-56.1227
-56.0271
-55.8905
-55.725
-55.539
-55.3381
-55.1269
-54.9084
-54.6852
-54.4592
-54.2319
-54.0044
-53.7776
-53.5523
-53.329
-53.1083
-52.8903
-52.6756
-52.4642
-52.2564
-52.0523
-51.852
-51.6557
-51.4633
-51.275
-51.0906
-50.9103
-50.734
-50.5616
-50.3933
-50.2288
-50.0682
-49.9114
-49.7584
-49.6091
-49.4634
-49.3213
-49.1826
-49.0474
-48.9155
-48.7869
-48.6615
-48.5392
-48.42
-48.3038
-48.1905
-48.0801
-47.9724
-47.8675
-47.7652
-47.6655
-47.5684
-47.4737
-47.3815
-47.2916
-47.204
-47.1187
-47.0357
-46.9548
-46.876
-46.7993
-46.7247
-46.6521
-46.5814
-46.5127
-46.446
-46.381
-46.318
-46.2567
-46.1973
-46.1396
-46.0836
-46.0294
-45.9769
-45.9261
-45.8769
-45.8294
-45.7836
-45.7393
-45.6967
-45.6556
-45.6162
-45.5783
-45.542
-45.5072
-45.4741
-45.4424
-45.4123
-45.3838
-45.3567
-45.3313
-45.3073
-45.2849
-45.264
-45.2446
-45.2268
-45.2105
-45.1958
-45.1826
-45.1709
-45.1608
-45.1523
-45.1453
-45.1399
-45.1361
-45.1338
-45.1332
-45.1342
-45.1368
-45.141
-45.1469
-45.1545
-45.1637
-45.1746
-45.1871
-45.2014
-45.2175
-45.2352
-45.2548
-45.2761
-45.2992
-45.3241
-45.3509
-45.3795
-45.41
-45.4425
-45.4768
-45.5132
-45.5515
-45.5918
-45.6341
-45.6786
-45.7251
-45.7737
-45.8245
-45.8774
-45.9326
-45.99
-46.0497
-46.1117
-46.176
-46.2428
-46.3119
-46.3835
-46.4576
-46.5342
-46.6134
-46.6952
-46.7796
-46.8667
-46.9566
-47.0492
-47.1446
-47.2428
-47.3439
-47.448
-47.555
-47.665
-47.778
-47.8941
-48.0133
-48.1356
-48.2611
-48.3898
-48.5217
-48.6569
-48.7952
-48.9369
-49.0818
-49.2301
-49.3816
-49.5364
-49.6946
-49.8559
-50.0206
-50.1885
-50.3595
-50.5338
-50.7111
-50.8915
-51.075
-51.2613
-51.4505
-51.6424
-51.8371
-52.0342
-52.2338
-52.4357
-52.6398
-52.7453
-52.7922
-52.7994
-52.7777
-52.7345
-52.675
-52.6028
-52.521
-52.4317
-52.3365
-52.2369
-52.1337
-52.028
-51.9202
-51.8111
-51.701
-51.5904
-51.4795
-51.3686
-51.258
-51.1479
-51.0385
-50.9299
-50.8222
-50.7156
-50.6101
-50.506
-50.4032
-50.3019
-50.202
-50.1037
-50.0071
-49.9121
-49.8188
-49.7273
-49.6375
-49.5496
-49.4635
-49.3793
-49.297
-49.2166
-49.1381
-49.0615
-48.9868
-48.9141
-48.8434
-48.7746
-48.7077
-48.6429
-48.5799
-48.519
-48.46
-48.403
-48.3479
-48.2947
-48.2435
-48.1943
-48.147
-48.1016
-48.0581
-48.0166
-47.977
-47.9393
-47.9035
-47.8696
-47.8376
-47.8075
-47.7792
-47.7529
-47.7284
-47.7058
-47.685
-47.6662
-47.6492
-47.634
-47.6207
-47.6093
-47.5998
-47.592
-47.5862
-47.5822
-47.5801
-47.5798
-47.5814
-47.5848
-47.5902
-47.5973
-47.6064
-47.6173
-47.6301
-47.6447
-47.6613
-47.6797
-47.7
-47.7222
-47.7463
-47.7723
-47.8002
-47.8301
-47.8618
-47.8955
-47.9311
-47.9687
-48.0082
-48.0496
-48.093
-48.1384
-48.1857
-48.235
-48.2862
-48.3394
-48.3947
-48.4519
-48.5111
-48.5723
-48.6355
-48.7006
-48.7678
-48.837
-48.9082
-48.9813
-49.0565
-49.1337
-49.2128
-49.2939
-49.377
-49.4621
-49.5491
-49.6381
-49.7289
-49.8218
-49.9165
-50.0131
-50.1116
-50.2119
-50.3141
-50.4181
-50.5238
-50.6313
-50.7406
-50.8515
-50.9641
-51.0783
-51.1941
-51.3114
-51.4302
-51.5505
-51.6722
-51.7953
-51.9197
-52.0453
-52.1722
-52.3002
-52.4293
-52.5594
-52.6906
-52.8226
-52.9554
-53.0891
-53.2234
-53.3584
-53.494
-53.6301
-53.7666
-53.9034
-54.0406
-54.178
-54.3155
-54.4531
-54.5907
-54.7282
-54.8656
-55.0028
-55.1397
-55.2762
-55.4124
-55.5481
-55.6832
-55.8177
-55.9516
-56.0848
-56.2172
-56.3487
-56.4794
-56.6092
-56.738
-56.8658
-56.9925
-57.1182
-57.2427
-57.3661
-57.4883
-57.6092
-57.7289
-57.8474
-57.9646
-58.0804
-58.195
-58.3082
-58.3068
-58.2354
-58.1155
-57.9598
-57.7774
-57.5746
-57.3565
-57.1268
-56.8884
-56.6438
-56.3947
-56.1428
-55.8892
-55.6348
-55.3806
-55.1272
-54.8752
-54.6249
-54.377
-54.1315
-53.889
-53.6494
-53.4132
-53.1803
-52.951
-52.7254
-52.5035
-52.2853
-52.071
-51.8605
-51.6538
-51.451
-51.252
-51.0568
-50.8654
-50.6776
-50.4935
-50.313
-50.136
-49.9625
-49.7923
-49.6254
-49.4617
-49.3012
-49.1437
-48.9892
-48.8375
-48.6885
-48.5423
-48.3986
-48.2574
-48.1186
-47.9821
-47.8478
-47.7155
-47.5854
-47.4571
-47.3306
-47.2059
-47.0829
-46.9614
-46.8414
-46.7227
-46.6053
-46.4892
-46.3741
-46.2601
-46.147
-46.0347
-45.8375
-45.5916
-45.3139
-45.014
-44.6985
-44.3715
-44.0361
-43.6945
-43.3482
-42.9983
-42.6454
-42.29
-41.9322
-41.5722
-41.2098
-40.845
-40.4774
-40.1067
-39.7326
-39.3546
-38.9723
-38.585
-38.1923
-37.7935
-37.388
-36.975
-36.5538
-36.1235
-35.6834
-35.2324
-34.7697
-34.2942
-33.8048
-33.3003
-32.7795
-32.2411
-31.6836
-31.1058
-30.5058
-29.8822
-29.2332
-28.557
-27.8516
-27.1152
-26.3456
-25.5409
-24.699
-23.818
-22.8958
-21.931
-20.922
-19.8681
-18.7688
-17.6249
-16.4379
-15.2109
-13.9488
-12.6583
-11.3486
-10.031
-8.71947
-7.43001
-6.18018
-4.98839
-3.8728
-2.8503
-1.93545
-1.13966
-0.470641
0.0677292
0.475238
0.754894
0.912311
0.955018
0.891794
0.732061
0.48541
0.161235
-0.231531
-0.684562
-1.19023
-1.74162
-2.33252
-2.95741
-3.61135
-4.29001
-4.98951
-5.70646
-6.43785
-7.18102
-7.93363
-8.69359
-9.45907
-10.2285
-11.0003
-11.7734
-12.5466
-13.3189
-14.0894
-14.8575
-15.6224
-16.3836
-17.1407
-17.8931
-18.6405
-19.3828
-20.1195
-20.8505
-21.5757
-22.295
-23.0083
-23.7156
-24.4168
-25.1121
-25.8015
-26.4851
-27.163
-27.8353
-28.5023
-29.1641
-29.821
-30.4732
-31.1209
-31.7645
-32.4043
-33.0406
-33.6738
-34.3041
-34.9322
-35.5582
-36.1827
-36.8062
-37.429
-38.0517
-38.6747
-39.2987
-39.924
-40.5512
-41.1808
-41.8135
-42.4496
-43.0897
-43.7343
-44.3839
-45.039
-45.6998
-46.3667
-47.0399
-47.7197
-48.406
-49.0988
-49.7976
-50.5022
-51.2117
-51.9252
-52.6415
-53.3591
-54.0762
-54.7905
-55.4996
-56.2008
-56.8911
-57.5674
-58.2263
-58.8648
-59.4796
-60.0681
-60.6275
-61.156
-61.6519
-62.1144
-62.5429
-62.9378
-63.2996
-63.6294
-63.9289
-64.1996
-64.4436
-64.6629
-64.8597
-65.036
-65.1939
-65.3353
-65.462
-65.5756
-65.6778
-65.7699
-65.8532
-65.9287
-65.9974
-66.0603
-66.1181
-66.1714
-66.2208
-66.2669
-66.31
-66.3506
-66.389
-66.4255
-66.4604
-66.4937
-66.5258
-66.5568
-66.5868
-66.616
-66.6444
-66.6722
-66.6994
-66.7261
-66.7523
-66.7781
-66.8035
-66.8287
-66.8535
-66.878
-66.9024
-66.9265
-66.9504
-66.9741
-66.9976
-67.021
-67.0442
-67.0673
-67.0902
-67.113
-67.1357
-67.1583
-67.1807
-67.2031
-67.2253
-67.2474
-67.2694
-67.2913
-67.3131
-67.3348
-67.3564
-67.3779
-67.3993
-67.4206
-67.4418
-67.4629
-67.4839
-67.5048
-67.5256
-67.5463
-67.5669
-67.5873
-67.6077
-67.628
-67.6482
-67.6682
-67.6882
-67.708
-67.7278
-67.7474
-67.7669
-67.7863
-67.8056
-67.8248
-67.8439
-67.8629
-67.8817
-67.9005
-67.9191
-67.9376
-67.956
-67.9743
-67.9924
-68.0105
-68.0284
-68.0462
-68.0639
-68.0815
-68.0989
-68.1162
-68.1334
-68.1505
-68.1675
-68.1843
-68.201
-68.2176
-68.2341
-68.2505
-68.2667
-68.1496
-67.9518
-67.6989
-67.4067
-67.0859
-66.7444
-66.3882
-66.0221
-65.6496
-65.2736
-64.8963
-64.5196
-64.1449
-63.7732
-63.4057
-63.0429
-62.6856
-62.3341
-61.9889
-61.6503
-61.3186
-60.9938
-60.6761
-60.3657
-60.0625
-59.7667
-59.4781
-59.1969
-58.9228
-58.656
-58.3963
-58.1436
-57.8978
-57.6589
-57.4266
-57.201
-56.9819
-56.7691
-56.5626
-56.3621
-56.1677
-55.979
-55.7961
-55.6187
-55.4467
-55.2801
-55.1186
-54.9622
-54.8107
-54.664
-54.5219
-54.3844
-54.2514
-54.1226
-53.9981
-53.8777
-53.7612
-53.6487
-53.54
-53.4349
-53.3335
-53.2356
-53.1411
-53.05
-52.9622
-52.8775
-52.796
-52.7175
-52.642
-52.5694
-52.4996
-52.4327
-52.3685
-52.307
-52.2481
-52.1917
-52.1379
-52.0866
-52.0377
-51.9913
-51.9472
-51.9054
-51.8659
-51.8286
-51.7936
-51.7607
-51.73
-51.7014
-51.675
-51.6506
-51.6282
-51.6079
-51.5896
-51.5733
-51.559
-51.5466
-51.5361
-51.5275
-51.5209
-51.5161
-51.5132
-51.5122
-51.513
-51.5156
-51.52
-51.5262
-51.5342
-51.544
-51.5556
-51.5689
-51.584
-51.6008
-51.6193
-51.6395
-51.6614
-51.6851
-51.7104
-51.7374
-51.766
-51.7964
-51.8283
-51.8619
-51.8971
-51.934
-51.9724
-52.0124
-52.0541
-52.0973
-52.142
-52.1883
-52.2361
-52.2854
-52.3363
-52.3886
-52.4424
-52.4976
-52.5543
-52.6124
-52.6719
-52.7328
-52.7951
-52.8587
-52.9237
-52.9899
-53.0575
-53.1263
-53.1963
-53.2676
-53.34
-53.4137
-53.4884
-53.5643
-53.6413
-53.7194
-53.7985
-53.8785
-53.9596
-54.0416
-54.1246
-54.2084
-54.293
-54.3785
-54.3594
-54.2769
-54.1508
-53.993
-53.8114
-53.6117
-53.3985
-53.1749
-52.9437
-52.7069
-52.466
-52.2223
-51.9769
-51.7305
-51.4839
-51.2376
-50.9919
-50.7473
-50.5041
-50.2624
-50.0225
-49.7844
-49.5484
-49.3143
-49.0824
-48.8526
-48.6248
-48.3991
-48.1755
-47.9538
-47.734
-47.516
-47.2997
-47.085
-46.8718
-46.66
-46.4493
-46.2398
-46.0311
-45.8233
-45.616
-45.4091
-45.2025
-44.996
-44.7893
-44.5823
-44.3747
-44.1663
-43.957
-43.7464
-43.5344
-43.3207
-43.105
-42.887
-42.6666
-42.4433
-42.2169
-41.987
-41.7533
-41.5155
-41.2731
-41.0258
-40.7732
-40.5148
-40.2501
-39.9787
-39.7
-39.4134
-39.1184
-38.8143
-38.5004
-38.1761
-37.8406
-37.4929
-37.1323
-36.7578
-36.3684
-35.963
-35.5404
-35.0995
-34.6388
-34.1571
-33.6527
-33.1242
-32.5697
-31.9875
-31.3757
-30.7322
-30.055
-29.3417
-28.5902
-27.7981
-26.9629
-26.0824
-25.154
-24.1757
-23.1453
-22.0612
-20.9221
-19.7272
-18.4768
-17.1719
-15.8152
-14.4108
-12.9648
-11.4858
-9.98466
-8.47498
-6.973
-5.49719
-4.06775
-2.70563
-1.4315
-0.264476
0.77902
1.68619
2.44845
3.06165
3.52579
3.84461
4.02476
4.07509
4.00583
3.82791
3.55241
3.1901
2.75122
2.24525
1.68085
1.06582
0.407151
-0.288962
-1.01703
-1.77219
-2.5502
-3.34728
-4.16012
-4.9858
-5.82175
-6.66572
-7.51569
-8.36991
-9.22683
-10.0851
-10.9435
-11.8009
-12.6566
-13.5096
-14.3593
-15.205
-16.0463
-16.8827
-17.7138
-18.5395
-19.3593
-20.1731
-20.9808
-21.7823
-22.5776
-23.3666
-24.1494
-24.926
-25.6965
-26.4612
-27.2201
-27.9735
-28.7215
-29.4645
-30.2028
-30.9367
-31.6665
-32.3926
-33.1154
-33.8354
-34.5531
-35.2688
-35.9831
-36.6967
-37.4099
-38.1235
-38.8379
-39.5538
-40.2719
-40.9928
-41.7171
-42.4454
-43.1784
-43.9167
-44.6609
-45.4116
-46.1693
-46.9344
-47.7074
-48.4884
-49.2778
-50.0756
-50.8815
-51.6954
-52.5166
-53.3445
-54.1778
-55.0153
-55.8551
-56.6951
-57.533
-58.3658
-59.1903
-60.0029
-60.8
-61.5775
-62.3316
-63.0582
-63.7537
-64.4148
-65.0388
-65.6234
-66.1673
-66.6696
-67.1304
-67.5503
-67.9307
-68.2733
-68.5803
-68.8542
-69.0977
-69.3134
-69.5039
-69.6719
-69.8199
-69.95
-69.9352
-69.8335
-69.6735
-69.4725
-69.2424
-68.9917
-68.7266
-68.4519
-68.1713
-67.8876
-67.6029
-67.3189
-67.0369
-66.7579
-66.4828
-66.2122
-65.9464
-65.686
-65.431
-65.1818
-64.9385
-64.701
-64.4696
-64.2441
-64.0245
-63.8109
-63.6031
-63.4011
-63.2048
-63.0141
-62.8289
-62.6492
-62.4747
-62.3054
-62.1412
-61.982
-61.8276
-61.678
-61.533
-61.3926
-61.2566
-61.1249
-60.9975
-60.8741
-60.7548
-60.6393
-60.5278
-60.4199
-60.3157
-60.215
-60.1178
-60.0239
-59.9334
-59.8461
-59.7619
-59.6808
-59.6027
-59.5275
-59.4552
-59.3856
-59.3187
-59.2545
-59.1929
-59.1338
-59.0772
-59.023
-58.9712
-58.9216
-58.8743
-58.8292
-58.7863
-58.7454
-58.7066
-58.6698
-58.635
-58.602
-58.571
-58.5418
-58.5143
-58.4886
-58.4647
-58.4424
-58.4217
-58.4026
-58.3851
-58.3692
-58.3547
-58.3417
-58.3302
-58.32
-58.3112
-58.3038
-58.2976
-58.2928
-58.2892
-58.2868
-58.2857
-58.2857
-58.2869
-58.2892
-58.2926
-58.2971
-58.3027
-58.3093
-58.3169
-58.3254
-58.335
-58.3455
-58.3569
-58.3693
-58.3825
-58.3966
-58.4115
-58.4272
-58.4438
-58.4612
-58.4793
-58.4982
-58.5178
-58.5382
-58.5592
-58.5809
-58.6034
-58.6264
-58.6501
-58.6745
-58.6994
-58.7249
-58.7511
-58.7777
-58.805
-58.8327
-58.861
-58.8898
-58.9192
-58.9489
-58.9792
-59.0099
-59.0411
-59.0727
-59.1047
-59.1372
-59.17
-59.2032
-59.2368
-59.2708
-59.3051
-59.3398
-59.3748
-59.4101
-59.4458
-59.4817
-59.5179
-59.5544
-59.5912
-59.6283
-59.6656
-59.7031
-59.7409
-59.7789
-59.8172
-59.8556
-59.8942
-59.9331
-59.9721
-60.0113
-60.0507
-60.0902
-60.1299
-60.1697
-60.2097
-60.2498
-60.2901
-60.3304
-60.3709
-60.4114
-60.4521
-60.4928
-60.5337
-60.5746
-60.6156
-60.6566
-60.6978
-60.7389
-60.7802
-60.8214
-60.8627
-60.9041
-60.9454
-60.9868
-61.0282
-61.0696
-61.111
-61.1525
-61.1939
-61.2353
-61.2767
-61.3181
-61.3594
-61.4007
-61.4421
-61.4833
-61.5246
-61.5658
-61.6069
-61.648
-61.6891
-61.73
-61.771
-61.8118
-61.8526
-61.8934
-61.934
-61.9746
-62.0151
-62.0555
-62.0958
-62.1361
-62.1762
-62.2163
-62.2562
-62.2961
-62.3358
-62.3754
-62.415
-62.4544
-62.4937
-62.5329
-62.572
-62.611
-62.6498
-62.6885
-62.7271
-62.7656
-62.8039
-62.8421
-62.8801
-62.9181
-62.9559
-62.9935
-63.031
-63.0684
-63.1056
-63.1427
-63.1796
-63.2164
-63.253
-63.2895
-63.3258
-63.362
-63.398
-63.4339
-63.4696
-63.5051
-63.5405
-63.5757
-63.6107
-63.6456
-63.6804
-63.7149
-63.7493
-63.7836
-63.8176
-63.8515
-63.8852
-63.9188
-63.9521
-63.9854
-64.0184
-64.0512
-64.0839
-64.1164
-64.1488
-64.1809
-64.2129
-64.2447
-64.2764
-64.3078
-64.3391
-64.3702
-64.4011
-64.4318
-64.4624
-64.4928
-64.523
-64.553
-64.5828
-64.6124
-64.6419
-64.6712
-64.7003
-64.7292
-64.758
-64.7865
-64.8149
-64.8431
-64.8711
-64.8989
-64.9266
-64.9541
-64.9813
-65.0084
-65.0353
-65.0621
-65.0886
-65.115
-65.1412
-65.1672
-65.193
-65.2186
-65.2441
-65.2693
-65.2944
-65.3193
-65.344
-65.3686
-65.3929
-65.4171
-65.4411
-65.4649
-65.4886
-65.512
-65.5353
-65.5584
-65.5813
-65.604
-65.6266
-65.649
-65.6712
-65.6932
-65.715
-65.7367
-65.7582
-65.7795
-65.8006
-65.8216
-65.8424
-65.863
-65.8834
-65.9037
-65.9238
-65.9437
-65.9634
-65.983
-66.0024
-66.0216
-66.0406
-66.0595
-66.0782
-66.0968
-66.1151
-66.1333
-66.1514
-66.1692
-66.1869
-66.2045
-66.2218
-66.239
-66.2561
-66.2729
-66.2896
-66.3061
-66.3225
-66.3387
-66.3548
-66.3707
-66.3864
-66.4019
-66.4173
-66.4326
-66.4477
-66.4626
-66.4773
-66.492
-66.5064
-66.5207
-66.5348
-66.5488
-66.5626
-66.5763
-66.5898
-66.6032
-66.6164
-66.6295
-66.5064
-66.2963
-66.0233
-65.7023
-65.3442
-64.957
-64.5471
-64.1195
-63.6785
-63.2274
-62.7687
-62.3049
-61.8377
-61.3687
-60.8991
-60.4301
-59.9624
-59.497
-59.0343
-58.5749
-58.1194
-57.6679
-57.2209
-56.7784
-56.3408
-55.9081
-55.4803
-55.0575
-54.6397
-54.2267
-53.8185
-53.4149
-53.0158
-52.6208
-52.2298
-51.8425
-51.4584
-51.0773
-50.6987
-50.3222
-49.9474
-49.5736
-49.2004
-48.8271
-48.4531
-48.0778
-47.7003
-47.32
-46.9359
-46.5472
-46.1529
-45.752
-45.3434
-44.9258
-44.4981
-44.0587
-43.6061
-43.1388
-42.6549
-42.1525
-41.6294
-41.0832
-40.5114
-39.9111
-39.2792
-38.6121
-37.9061
-37.157
-36.36
-35.5099
-34.6011
-33.6272
-32.5814
-31.456
-30.243
-28.9334
-27.5179
-25.9867
-24.3298
-22.5372
-20.5996
-18.5089
-16.259
-13.8472
-11.2752
-8.55114
-5.69066
-2.71888
0.328834
3.40663
6.45925
9.42465
12.2383
14.8384
17.1719
19.1995
20.8984
22.2634
23.3047
24.0447
24.5134
24.7445
24.7718
24.6271
24.3386
23.9306
23.4235
22.834
22.1759
21.4602
20.696
19.8907
19.0506
18.1807
17.2853
16.3684
15.433
14.4821
13.5181
12.5434
11.56
10.5696
9.57391
8.5744
7.5724
6.56913
5.56567
4.56301
3.56204
2.56356
1.56827
0.576812
-0.410244
-1.3924
-2.36921
-3.3403
-4.30533
-5.26401
-6.2161
-7.1614
-8.09974
-9.03097
-9.95501
-10.8718
-11.7812
-12.6833
-13.5781
-14.4655
-15.3457
-16.2187
-17.0845
-17.9433
-18.7952
-19.6403
-20.4788
-21.3109
-22.1367
-22.9566
-23.7706
-24.5792
-25.3825
-26.181
-26.9748
-27.7645
-28.5503
-29.3328
-30.1123
-30.8895
-31.6647
-32.4385
-33.2116
-33.9845
-34.7579
-35.5326
-36.3092
-37.0884
-37.8712
-38.6582
-39.4503
-40.2484
-41.0534
-41.866
-42.6871
-43.5176
-44.3583
-45.2099
-46.073
-46.9482
-47.8359
-48.7363
-49.6494
-50.5751
-51.5127
-52.4613
-53.4196
-54.3858
-55.3576
-56.3321
-57.3058
-58.2749
-59.2347
-60.1802
-61.1063
-62.0073
-62.8777
-63.7122
-64.506
-65.2547
-65.955
-66.6044
-67.2017
-67.7465
-68.2395
-68.6825
-69.0777
-69.4281
-69.7372
-70.0084
-70.2454
-70.4519
-70.6312
-70.7866
-70.9211
-71.0375
-71.1381
-71.2251
-71.3005
-71.3658
-71.4226
-71.472
-71.5152
-71.5531
-71.5864
-71.6158
-71.6419
-71.6652
-71.686
-71.7048
-71.7218
-71.7373
-71.7515
-71.7646
-71.7766
-71.7879
-71.7984
-71.8083
-71.8176
-71.8265
-71.8349
-71.843
-71.8507
-71.8581
-71.8653
-71.8723
-71.879
-71.8855
-71.8919
-71.8981
-71.9041
-71.91
-71.9158
-71.9215
-71.927
-71.9324
-71.9378
-71.943
-71.9481
-71.9531
-71.9581
-71.9629
-71.9676
-71.9723
-71.9769
-71.9814
-71.9858
-71.9901
-71.9943
-71.9985
-72.0025
-72.0065
-72.0104
-72.0142
-72.0179
-72.0215
-72.0251
-72.0285
-72.0319
-72.0352
-72.0384
-72.0415
-72.0445
-72.0475
-72.0503
-72.0531
-72.0557
-72.0583
-72.0608
-72.0632
-72.0655
-72.0677
-72.0699
-72.0719
-72.0738
-72.0757
-72.0774
-72.0791
-72.0807
-72.0821
-72.0835
-72.0848
-72.086
-72.0871
-72.088
-72.0889
-72.0897
-72.0905
-72.0911
-72.0916
-72.092
-72.0923
-72.0925
-72.0926
-72.0927
-72.0926
-72.0924
-72.0921
-72.0918
-72.0913
-72.0907
-72.0901
-72.0893
-72.0884
-72.0875
-72.0864
-72.0852
-72.084
-72.0826
-72.0811
-72.0796
-72.0779
-72.0761
-72.0743
-72.0723
-72.0702
-72.0681
-72.0658
-72.0635
-72.061
-72.0584
-72.0558
-72.053
-72.0502
-72.0472
-72.0442
-72.041
-72.0377
-72.0344
-72.0309
-72.0274
-72.0237
-72.02
-72.0162
-72.0122
-72.0082
-72.004
-71.9998
-71.9955
-71.9911
-71.9865
-71.9819
-71.9772
-71.9724
-71.9675
-71.9625
-71.9574
-71.9522
-71.9469
-71.9415
-71.936
-71.9305
-71.9248
-71.919
-71.9132
-71.9072
-71.9012
-71.8951
-71.8889
-71.8825
-71.8761
-71.8696
-71.8631
-71.8564
-71.8496
-71.8428
-71.8358
-71.8288
-71.8216
-71.8144
-71.8071
-71.7997
-71.7923
-71.7847
-71.777
-71.7693
-71.7615
-71.7536
-71.7456
-71.7375
-71.7293
-71.7211
-71.7128
-71.7044
-71.6959
-71.6873
-71.6786
-71.6699
-71.661
-71.6521
-71.6431
-71.6341
-71.6249
-71.6157
-71.6064
-71.597
-71.5876
-71.578
-71.5684
-71.5587
-71.5489
-71.5391
-71.5292
-71.5192
-71.5091
-71.499
-71.4888
-71.4785
-71.4681
-71.4577
-71.4472
-71.4366
-71.4259
-71.4152
-71.4044
-71.3936
-71.3826
-71.3716
-71.3606
-71.3494
-71.3382
-71.327
-71.3156
-71.3042
-71.2928
-71.2812
-71.2696
-71.258
-71.2463
-71.2345
-71.2226
-71.2107
-71.1988
-71.1867
-71.1746
-71.1625
-71.1503
-71.138
-71.1257
-71.1133
-71.1008
-71.0883
-71.0758
-71.0631
-71.0505
-71.0378
-71.025
-71.0121
-70.9992
-70.9863
-70.9733
-70.9603
-70.9472
-70.934
-70.9208
-70.9076
-70.8943
-70.8809
-70.8675
-70.8541
-70.8406
-70.827
-70.8134
-70.7998
-70.7861
-70.7724
-70.7586
-70.7448
-70.7309
-70.717
-70.7031
-70.6891
-70.675
-70.6609
-70.6468
-70.6327
-70.6185
-70.6042
-70.59
-70.5756
-70.5613
-70.5469
-70.5325
-70.518
-70.5035
-70.489
-70.4744
-70.4598
-70.4451
-70.4305
-70.4157
-70.401
-70.3862
-70.3714
-70.3566
-70.3417
-70.3268
-70.3119
-70.2969
-70.2819
-70.2669
-70.2518
-70.2368
-70.2217
-70.2065
-70.1914
-70.1762
-70.161
-70.1457
-70.1305
-70.1152
-70.0999
-70.0846
-70.0692
-70.0538
-70.0384
-70.023
-70.0076
-69.9921
-69.9766
-69.9611
-69.9456
-69.93
-69.9145
-69.8989
-69.8833
-69.8677
-69.8521
-69.8364
-69.8208
-69.8051
-69.7894
-69.7737
-69.7579
-69.7422
-69.7265
-69.7107
-69.6949
-69.6791
-69.6633
-69.6475
-69.6317
-69.6158
-69.6
-69.5841
-69.5683
-69.5524
-69.5365
-69.5206
-69.5047
-69.4888
-69.4729
-69.457
-69.441
-69.4251
-69.4092
-69.3932
-69.3773
-69.3613
-69.3453
-69.3294
-69.3134
-69.1544
-68.9028
-68.5837
-68.2125
-67.8003
-67.3558
-66.8858
-66.3956
-65.8898
-65.3718
-64.8448
-64.3111
-63.7728
-63.2315
-62.6889
-62.1459
-61.6036
-61.063
-60.5246
-59.9891
-59.4571
-58.9288
-58.4046
-57.8847
-57.3694
-56.8587
-56.3527
-55.8513
-55.3544
-54.862
-54.3737
-53.8894
-53.4087
-52.9313
-52.4566
-51.9841
-51.5134
-51.0436
-50.5741
-50.1041
-49.6326
-49.1587
-48.6814
-48.1993
-47.7112
-47.2157
-46.7113
-46.1961
-45.6683
-45.1258
-44.5663
-43.9873
-43.386
-42.7591
-42.1033
-41.4146
-40.6886
-39.9205
-39.1048
-38.2353
-37.305
-36.3062
-35.23
-34.0666
-32.8048
-31.4325
-29.9358
-28.3001
-26.5091
-24.5459
-22.3933
-20.0345
-17.4544
-14.6415
-11.5906
-8.30536
-4.80187
-1.112
2.7144
6.60909
10.4878
14.2556
17.8156
21.0782
23.9709
26.4453
28.4805
30.0824
31.2787
32.1121
32.6327
32.8917
32.9364
32.8083
32.5414
32.1632
31.695
31.153
30.5499
29.8952
29.1963
28.4591
27.6884
26.8881
26.0614
25.2112
24.3401
23.4503
22.5438
21.6227
20.6885
19.743
18.7876
17.8237
16.8527
15.8758
14.8941
13.9086
12.9205
11.9305
10.9395
9.94835
8.95773
7.9683
6.98068
5.99542
5.01303
4.03396
3.05863
2.08741
1.12065
0.158618
-0.798405
-1.7502
-2.69656
-3.63732
-4.57234
-5.50149
-6.41474
-7.3147
-8.20245
-9.07858
-9.94348
-10.7975
-11.6409
-12.4739
-13.2969
-14.11
-14.9136
-15.7078
-16.493
-17.2693
-18.037
-18.7964
-19.5478
-20.2914
-21.0274
-21.7563
-22.4782
-23.1935
-23.9024
-24.6054
-25.3027
-25.9947
-26.6817
-27.3642
-28.0426
-28.7172
-29.3885
-30.057
-30.7232
-31.3875
-32.0505
-32.7128
-33.3749
-34.0374
-34.7009
-35.3661
-36.0337
-36.7043
-37.3786
-38.0573
-38.7411
-39.4307
-40.1268
-40.8299
-41.5408
-42.2599
-42.9878
-43.7246
-44.4706
-45.2259
-45.9902
-46.763
-47.5437
-48.331
-49.1234
-49.9191
-50.7156
-51.5101
-52.2993
-53.0795
-53.8468
-54.5968
-55.3253
-56.028
-56.7009
-57.3403
-57.9431
-58.507
-59.0302
-59.5118
-59.9518
-60.3508
-60.7101
-61.0313
-61.3168
-61.5691
-61.7908
-61.9848
-62.1537
-62.3002
-62.4269
-62.5361
-62.6301
-62.7107
-62.7799
-62.8392
-62.8899
-62.9335
-62.9708
-63.003
-63.0307
-63.0548
-63.0758
-63.0942
-63.1105
-63.125
-63.1382
-63.1502
-63.1614
-63.1719
-63.1818
-63.1914
-63.2007
-63.2099
-63.2191
-63.2283
-63.2375
-63.1344
-62.9705
-62.77
-62.5465
-62.3087
-62.0627
-61.8125
-61.5612
-61.3107
-61.0627
-60.8182
-60.578
-60.3427
-60.1126
-59.888
-59.6692
-59.4562
-59.249
-59.0478
-58.8523
-58.6627
-58.4789
-58.3007
-58.1281
-57.9609
-57.7992
-57.6427
-57.4913
-57.345
-57.2036
-57.067
-56.9351
-56.8078
-56.685
-56.5665
-56.4522
-56.3421
-56.2361
-56.1339
-56.0357
-55.9411
-55.8502
-55.7629
-55.679
-55.5985
-55.5214
-55.4474
-55.3766
-55.3088
-55.244
-55.1821
-55.1231
-55.0669
-55.0133
-54.9625
-54.9142
-54.8684
-54.8251
-54.7842
-54.7457
-54.7095
-54.6755
-54.6438
-54.6142
-54.5867
-54.5613
-54.5379
-54.5165
-54.497
-54.4794
-54.4636
-54.4497
-54.4376
-54.4272
-54.4185
-54.4114
-54.406
-54.4022
-54.4
-54.3993
-54.4001
-54.4025
-54.4062
-54.4114
-54.4179
-54.4259
-54.4351
-54.4457
-54.4575
-54.4707
-54.485
-54.5006
-54.5173
-54.5352
-54.5542
-54.5744
-54.5956
-54.6179
-54.6413
-54.6657
-54.691
-54.7174
-54.7447
-54.773
-54.8022
-54.8323
-54.8633
-54.8951
-54.9278
-54.9613
-54.9956
-55.0308
-55.0666
-55.1033
-55.1407
-55.1788
-55.2176
-55.257
-55.2972
-55.338
-55.3794
-55.4215
-55.4642
-55.5074
-55.5512
-55.5956
-55.6406
-55.686
-55.732
-55.7784
-55.8254
-55.8728
-55.9207
-55.969
-56.0178
-56.0669
-56.1165
-56.1665
-56.2168
-56.2675
-56.3185
-56.3699
-56.4216
-56.4736
-56.5259
-56.5785
-56.6314
-56.6846
-56.738
-56.7916
-56.8455
-56.8996
-56.9539
-56.9012
-56.7861
-56.6298
-56.4446
-56.239
-56.019
-55.789
-55.5523
-55.3114
-55.0683
-54.8245
-54.5812
-54.3393
-54.0994
-53.8622
-53.6281
-53.3975
-53.1706
-52.9478
-52.729
-52.5145
-52.3044
-52.0988
-51.8975
-51.7008
-51.5085
-51.3207
-51.1374
-50.9584
-50.7838
-50.6135
-50.4474
-50.2855
-50.1276
-49.9738
-49.8239
-49.6779
-49.5356
-49.3971
-49.2621
-49.1307
-49.0027
-48.8781
-48.7568
-48.6386
-48.5236
-48.4117
-48.3028
-48.1967
-48.0935
-47.9931
-47.8954
-47.8003
-47.7079
-47.6179
-47.5305
-47.4455
-47.3628
-47.2825
-47.2045
-47.1287
-47.0551
-46.9836
-46.9143
-46.8471
-46.7819
-46.7187
-46.6576
-46.5984
-46.5411
-46.4858
-46.4323
-46.3807
-46.331
-46.2831
-46.237
-46.1928
-46.1503
-46.1096
-46.0707
-46.0335
-45.9981
-45.9644
-45.9325
-45.9023
-45.8738
-45.8471
-45.8221
-45.7988
-45.7772
-45.7573
-45.7392
-45.7228
-45.7082
-45.6952
-45.6841
-45.6746
-45.667
-45.6611
-45.6569
-45.6546
-45.654
-45.6553
-45.6584
-45.6633
-45.67
-45.6786
-45.6891
-45.7015
-45.7157
-45.7319
-45.7501
-45.7702
-45.7922
-45.8163
-45.8424
-45.8705
-45.9007
-45.9329
-45.9672
-46.0037
-46.0423
-46.0831
-46.1261
-46.1713
-46.2188
-46.2685
-46.3205
-46.3748
-46.4315
-46.4905
-46.552
-46.6159
-46.6823
-46.7511
-46.8224
-46.8963
-46.9727
-47.0517
-47.1334
-47.2177
-47.3046
-47.3942
-47.4866
-47.5816
-47.6795
-47.7801
-47.8835
-47.9896
-48.0987
-48.2105
-48.3252
-48.4427
-48.5631
-48.6864
-48.8125
-48.9414
-49.0732
-49.2079
-49.3454
-49.4856
-49.6287
-49.7745
-49.923
-50.0743
-50.2281
-50.3846
-50.5436
-50.7051
-50.869
-51.0352
-51.2037
-51.3745
-51.5473
-51.7222
-51.8989
-52.0775
-52.2578
-52.4396
-52.6229
-52.8076
-52.9935
-53.1804
-53.3683
-53.5569
-53.7462
-53.936
-54.1261
-54.3165
-54.5068
-54.6971
-54.8871
-55.0766
-55.2656
-55.4538
-55.6412
-55.8276
-56.0128
-56.1968
-56.3793
-56.5602
-56.7395
-56.917
-57.0926
-57.2663
-57.4378
-57.6072
-57.7744
-57.9392
-58.1016
-58.2616
-58.4191
-58.574
-58.7264
-58.8762
-59.0234
-59.1679
-59.3098
-59.449
-59.5856
-59.7195
-59.8508
-59.9794
-60.1055
-60.229
-60.35
-60.4684
-60.5844
-60.6979
-60.809
-60.9177
-61.0242
-61.1283
-61.2302
-61.3299
-61.4275
-61.523
-61.6164
-61.7079
-61.7974
-61.8849
-61.9707
-62.0546
-62.1368
-62.2172
-62.296
-62.3731
-62.4487
-62.5227
-62.5953
-62.6664
-62.736
-62.8043
-62.8713
-62.937
-63.0014
-63.0646
-63.1266
-63.1874
-63.2472
-63.3058
-63.3634
-63.4199
-63.4755
-63.4047
-63.2557
-63.052
-62.8079
-62.5334
-62.236
-61.9213
-61.5938
-61.2571
-60.9137
-60.5661
-60.2161
-59.865
-59.5141
-59.1644
-58.8167
-58.4716
-58.1298
-57.7917
-57.4577
-57.1281
-56.8032
-56.4832
-56.1683
-55.8586
-55.5542
-55.2552
-54.9617
-54.6736
-54.391
-54.1138
-53.842
-53.5756
-53.3145
-53.0586
-52.8078
-52.562
-52.3211
-52.0851
-51.8536
-51.6268
-51.4043
-51.186
-50.9718
-50.7616
-50.5552
-50.3524
-50.153
-49.957
-49.764
-49.5741
-49.387
-49.2024
-49.0204
-48.8406
-48.663
-48.4873
-48.3133
-48.141
-47.9701
-47.8004
-47.6318
-47.4642
-47.2972
-47.1307
-46.9647
-46.7987
-46.6328
-46.4666
-46.3
-46.1328
-45.9647
-45.7956
-45.6253
-45.4534
-45.2798
-45.1042
-44.9263
-44.746
-44.5628
-44.3765
-44.1869
-43.9934
-43.7959
-43.5939
-43.3871
-43.1749
-42.957
-42.7328
-42.502
-42.2638
-42.0177
-41.7631
-41.4993
-41.2254
-40.9408
-40.6446
-40.3357
-40.0132
-39.676
-39.3228
-38.9523
-38.563
-38.1535
-37.722
-37.2666
-36.7853
-36.2759
-35.7359
-35.1628
-34.5536
-33.9053
-33.2145
-32.4775
-31.6905
-30.8493
-29.9496
-28.9866
-27.9557
-26.8521
-25.6711
-24.4082
-23.0595
-21.622
-20.094
-18.4755
-16.769
-14.9802
-13.1186
-11.1982
-9.23792
-7.26156
-5.29741
-3.37709
-1.53384
0.199626
1.79344
3.22265
4.46877
5.52054
6.37387
7.03119
7.50021
7.79257
7.92241
7.90519
7.75664
7.49205
7.12584
6.67119
6.14001
5.54291
4.88921
4.18713
3.4438
2.66549
1.85765
1.02502
0.171788
-0.698424
-1.58242
-2.47738
-3.38085
-4.29066
-5.20489
-6.12187
-7.04011
-7.95832
-8.87535
-9.79021
-10.702
-11.61
-12.5136
-13.4122
-14.3052
-15.1924
-16.0733
-16.9478
-17.8155
-18.6764
-19.5303
-20.3772
-21.217
-22.0497
-22.8755
-23.6943
-24.5063
-25.3117
-26.1107
-26.9034
-27.6902
-28.4713
-29.247
-30.0177
-30.7838
-31.5456
-32.3036
-33.0583
-33.8101
-34.5596
-35.3073
-36.0538
-36.7998
-37.5457
-38.2924
-39.0403
-39.7903
-40.5431
-41.2993
-42.0596
-42.8247
-43.5955
-44.3724
-45.1562
-45.9475
-46.7469
-47.5547
-48.3715
-49.1975
-50.0327
-50.8773
-51.7309
-52.5932
-53.4634
-54.3405
-55.2232
-56.1098
-56.9983
-57.8861
-58.7704
-59.648
-60.5151
-61.3678
-62.202
-63.0133
-63.7976
-64.5506
-65.2686
-65.9482
-66.5868
-67.1823
-67.7336
-68.2402
-68.7025
-69.1217
-69.4994
-69.8377
-70.1394
-70.407
-70.6436
-70.852
-71.035
-71.1955
-71.336
-71.4587
-71.566
-71.6597
-71.7416
-71.8132
-71.8759
-71.9308
-71.979
-72.0215
-72.059
-72.0921
-72.1215
-72.1477
-72.1711
-72.192
-72.2109
-72.2279
-72.2433
-72.2574
-72.2702
-72.282
-72.2929
-72.3029
-72.3122
-72.3209
-72.3291
-72.3367
-72.3439
-72.3507
-72.3571
-72.3632
-72.3691
-72.3746
-72.3799
-72.385
-72.3898
-72.3945
-72.399
-72.4033
-72.4075
-72.4115
-72.4153
-72.4191
-72.2832
-72.0644
-71.7905
-71.4783
-71.1391
-70.7812
-70.411
-70.033
-69.6509
-69.2674
-68.8848
-68.5048
-68.1285
-67.7572
-67.3915
-67.0321
-66.6794
-66.3339
-65.9958
-65.6652
-65.3424
-65.0273
-64.72
-64.4206
-64.1289
-63.8449
-63.5686
-63.2999
-63.0386
-62.7846
-62.5379
-62.2983
-62.0656
-61.8398
-61.6206
-61.408
-61.2018
-61.0018
-60.8079
-60.62
-60.4379
-60.2615
-60.0906
-59.9251
-59.7649
-59.6099
-59.4598
-59.3147
-59.1743
-59.0386
-58.9073
-58.7805
-58.658
-58.5397
-58.4254
-58.3152
-58.2088
-58.1062
-58.0073
-57.912
-57.8202
-57.7318
-57.6468
-57.565
-57.4864
-57.411
-57.3385
-57.269
-57.2024
-57.1386
-57.0775
-57.0192
-56.9635
-56.9103
-56.8597
-56.8115
-56.7657
-56.7223
-56.6811
-56.6422
-56.6056
-56.571
-56.5386
-56.5082
-56.4799
-56.4535
-56.4291
-56.4066
-56.3859
-56.3671
-56.35
-56.3347
-56.3211
-56.3092
-56.299
-56.2903
-56.2833
-56.2778
-56.2738
-56.2713
-56.2703
-56.2707
-56.2726
-56.2758
-56.2804
-56.2863
-56.2935
-56.302
-56.3118
-56.3228
-56.335
-56.3484
-56.363
-56.3787
-56.3955
-56.4134
-56.4324
-56.4525
-56.4736
-56.4956
-56.5187
-56.5428
-56.5678
-56.5937
-56.6206
-56.6483
-56.6769
-56.7064
-56.7367
-56.7678
-56.7998
-56.8325
-56.8659
-56.9001
-56.9351
-56.9707
-57.007
-57.0441
-57.0817
-57.1201
-57.159
-57.1986
-57.2387
-57.2794
-57.3207
-57.3626
-57.4049
-57.4478
-57.4912
-57.5351
-57.5794
-57.6242
-57.6694
-57.7151
-57.7611
-57.8076
-57.8544
-57.9017
-57.9492
-57.9972
-58.0454
-58.094
-58.1428
-58.192
-58.2414
-58.2912
-58.3411
-58.3913
-58.4417
-58.4924
-58.5432
-58.5943
-58.6455
-58.6969
-58.7485
-58.8002
-58.8521
-58.9041
-58.9562
-59.0084
-59.0607
-59.1131
-59.1656
-59.2182
-59.2708
-59.3235
-59.3762
-59.429
-59.4817
-59.5346
-59.5874
-59.6402
-59.693
-59.7458
-59.7986
-59.8514
-59.9041
-59.9568
-60.0095
-60.062
-60.1146
-60.167
-60.2194
-60.2718
-60.324
-60.3761
-60.4282
-60.4801
-60.5319
-60.5836
-60.6352
-60.6867
-60.7381
-60.7893
-60.8404
-60.8913
-60.9422
-60.9928
-61.0433
-61.0937
-61.1438
-61.1939
-61.2437
-61.2934
-61.3429
-61.3923
-61.4414
-61.4904
-61.5392
-61.5878
-61.6362
-61.6844
-61.7324
-61.7802
-61.8278
-61.8752
-61.9224
-61.9694
-62.0162
-62.0628
-62.1092
-62.1553
-62.2012
-62.2469
-62.2924
-62.3377
-62.3827
-62.4275
-62.4721
-62.5165
-62.5606
-62.6045
-62.6482
-62.6916
-62.7348
-62.7778
-62.8205
-62.863
-62.9053
-62.9473
-62.9891
-63.0306
-63.072
-63.113
-63.1539
-63.1945
-63.2348
-63.2749
-63.3148
-63.3544
-63.3938
-63.4329
-63.4718
-63.5105
-63.5489
-63.5871
-63.625
-63.6627
-63.7001
-63.7373
-63.7743
-63.811
-63.8475
-63.8837
-63.9197
-63.9555
-63.991
-64.0262
-64.0612
-64.096
-64.1306
-64.1649
-64.1989
-64.2327
-64.2663
-64.2997
-64.3328
-64.3656
-64.3982
-64.4306
-64.4628
-64.4947
-64.5264
-64.5578
-64.589
-64.62
-64.6508
-64.6813
-64.7115
-64.7416
-64.7714
-64.801
-64.8303
-64.8594
-64.8883
-64.917
-64.9454
-64.9737
-65.0016
-65.0294
-65.0569
-65.0842
-65.1113
-65.1382
-65.1648
-65.1913
-65.2175
-65.2434
-65.2692
-65.2947
-65.3201
-65.3452
-65.3701
-65.3947
-65.4192
-65.4434
-65.4675
-65.4913
-65.5149
-65.5383
-65.5615
-65.5845
-65.6073
-65.6298
-65.6522
-65.6744
-65.6963
-65.7181
-65.7396
-65.7609
-65.7821
-65.803
-65.8238
-65.8443
-65.8646
-65.8848
-65.9047
-65.9245
-65.944
-65.9634
-65.9826
-65.8671
-65.6656
-65.4021
-65.0913
-64.7439
-64.3679
-63.9696
-63.554
-63.1251
-62.6862
-62.2401
-61.7888
-61.3343
-60.8779
-60.421
-59.9646
-59.5095
-59.0566
-58.6064
-58.1594
-57.716
-57.2766
-56.8415
-56.4108
-55.9847
-55.5634
-55.1468
-54.7349
-54.3278
-53.9254
-53.5274
-53.1339
-52.7445
-52.3591
-51.9774
-51.599
-51.2237
-50.8512
-50.4808
-50.1124
-49.7453
-49.3791
-49.0131
-48.647
-48.2799
-47.9112
-47.5403
-47.1663
-46.7885
-46.4059
-46.0176
-45.6226
-45.2198
-44.8081
-44.3862
-43.9527
-43.5062
-43.045
-42.5675
-42.0716
-41.5554
-41.0164
-40.4523
-39.8603
-39.2372
-38.5799
-37.8845
-37.1469
-36.3628
-35.527
-34.6341
-33.678
-32.6522
-31.5494
-30.3618
-29.081
-27.6979
-26.2033
-24.5876
-22.8411
-20.955
-18.9213
-16.7339
-14.3897
-11.8898
-9.24084
-6.45663
-3.55955
-0.581664
2.43492
5.4388
8.37141
11.1707
13.7759
16.1332
18.2008
19.9522
21.3775
22.4826
23.2859
23.8146
24.1004
24.1763
24.0736
23.8211
23.4436
22.9621
22.3941
21.754
21.0536
20.3024
19.5082
18.6776
17.816
16.928
16.0175
15.0879
14.1422
13.1831
12.2128
11.2334
10.2469
9.25476
8.25866
7.25993
6.25979
5.25935
4.25963
3.26152
2.26582
1.27328
0.284517
-0.699879
-1.67941
-2.65362
-3.62213
-4.5846
-5.54073
-6.49029
-7.43307
-8.36889
-9.29764
-10.2192
-11.1335
-12.0405
-12.9401
-13.8324
-14.7175
-15.5952
-16.4658
-17.3292
-18.1856
-19.0352
-19.878
-20.7142
-21.544
-22.3677
-23.1853
-23.9972
-24.8036
-25.6049
-26.4013
-27.1932
-27.981
-28.765
-29.5457
-30.3236
-31.0991
-31.8728
-32.6453
-33.417
-34.1888
-34.9611
-35.7348
-36.5105
-37.289
-38.0711
-38.8576
-39.6494
-40.4472
-41.2519
-42.0645
-42.8857
-43.7163
-44.5571
-45.4089
-46.2722
-47.1475
-48.0353
-48.9357
-49.8487
-50.774
-51.7109
-52.6585
-53.6153
-54.5795
-55.5487
-56.5198
-57.4895
-58.4536
-59.4075
-60.3463
-61.2646
-62.1569
-63.0178
-63.842
-64.6249
-65.3623
-66.0511
-66.689
-67.2749
-67.8087
-68.2913
-68.7244
-69.1105
-69.4526
-69.7542
-70.0187
-70.2498
-70.4511
-70.6259
-70.7774
-70.9086
-71.0221
-71.1203
-71.2053
-71.2789
-71.3428
-71.3984
-71.4469
-71.4893
-71.5264
-71.5592
-71.5882
-71.6139
-71.6369
-71.6575
-71.6761
-71.693
-71.7084
-71.7225
-71.7355
-71.7476
-71.6245
-71.424
-71.1738
-70.8903
-70.5845
-70.2642
-69.9349
-69.6009
-69.2652
-68.9302
-68.5975
-68.2685
-67.9442
-67.6253
-67.3123
-67.0058
-66.7059
-66.4128
-66.1267
-65.8476
-65.5756
-65.3107
-65.0527
-64.8017
-64.5575
-64.3201
-64.0894
-63.8652
-63.6474
-63.4359
-63.2305
-63.0312
-62.8378
-62.6501
-62.468
-62.2915
-62.1203
-61.9543
-61.7934
-61.6375
-61.4865
-61.3402
-61.1985
-61.0613
-60.9284
-60.7999
-60.6755
-60.5552
-60.4389
-60.3264
-60.2177
-60.1127
-60.0112
-59.9133
-59.8188
-59.7275
-59.6396
-59.5547
-59.473
-59.3943
-59.3185
-59.2456
-59.1755
-59.1082
-59.0435
-58.9814
-58.9219
-58.8648
-58.8102
-58.7579
-58.708
-58.6604
-58.6149
-58.5716
-58.5305
-58.4914
-58.4543
-58.4192
-58.3861
-58.3548
-58.3254
-58.2978
-58.272
-58.2479
-58.2255
-58.2048
-58.1856
-58.1681
-58.1521
-58.1377
-58.1247
-58.1132
-58.1031
-58.0945
-58.0871
-58.0812
-58.0765
-58.0731
-58.071
-58.0701
-58.0704
-58.0719
-58.0746
-58.0783
-58.0832
-58.0892
-58.0962
-58.1043
-58.1133
-58.1234
-58.1344
-58.1464
-58.1593
-58.1732
-58.1879
-58.2035
-58.2199
-58.2372
-58.2553
-58.2742
-58.2938
-58.3143
-58.3354
-58.3573
-58.38
-58.4033
-58.4272
-58.4519
-58.4772
-58.5031
-58.5297
-58.5568
-58.5845
-58.6128
-58.6417
-58.6711
-58.701
-58.7315
-58.7624
-58.7938
-58.8257
-58.8581
-58.8909
-58.9242
-58.9579
-58.992
-59.0265
-59.0613
-59.0966
-59.1322
-59.1682
-59.2045
-59.2412
-59.2782
-59.3155
-59.3531
-59.391
-59.4291
-59.4676
-59.5063
-59.5452
-59.5844
-59.6239
-59.6635
-59.7034
-59.7435
-59.7837
-59.8242
-59.8648
-59.9056
-59.9466
-59.9877
-60.029
-60.0704
-60.112
-60.1536
-60.1954
-60.2373
-60.2793
-60.3214
-60.3636
-60.4059
-60.4482
-60.4906
-60.5331
-60.5756
-60.6182
-60.6608
-60.7034
-60.7461
-60.7888
-60.8316
-60.8743
-60.9171
-60.9599
-61.0026
-61.0454
-61.0881
-61.1309
-61.1736
-61.2163
-61.2589
-61.3015
-61.3441
-61.3867
-61.4291
-61.4716
-61.514
-61.5563
-61.5986
-61.6408
-61.6829
-61.7249
-61.7669
-61.8088
-61.8506
-61.8923
-61.934
-61.9755
-62.0169
-62.0583
-62.0995
-62.1406
-62.1816
-62.2225
-62.2633
-62.304
-62.3445
-62.385
-62.4253
-62.4654
-62.5055
-62.5454
-62.5852
-62.6248
-62.6643
-62.7037
-62.7429
-62.782
-62.8209
-62.8597
-62.8983
-62.9368
-62.9751
-63.0133
-63.0513
-62.9636
-62.7977
-62.5768
-62.315
-62.0224
-61.7063
-61.3726
-61.0257
-60.6692
-60.306
-59.9383
-59.568
-59.1966
-58.8253
-58.4551
-58.087
-57.7215
-57.3592
-57.0006
-56.6461
-56.2961
-55.9506
-55.61
-55.2743
-54.9438
-54.6184
-54.2981
-53.9831
-53.6732
-53.3684
-53.0686
-52.7738
-52.4839
-52.1986
-51.9179
-51.6416
-51.3695
-51.1015
-50.8374
-50.5768
-50.3198
-50.0659
-49.815
-49.5669
-49.3212
-49.0778
-48.8364
-48.5967
-48.3584
-48.1212
-47.8849
-47.6492
-47.4138
-47.1783
-46.9424
-46.7058
-46.4682
-46.2291
-45.9883
-45.7453
-45.4998
-45.2513
-44.9994
-44.7436
-44.4835
-44.2185
-43.9482
-43.6719
-43.3891
-43.0991
-42.8013
-42.4948
-42.179
-41.853
-41.5159
-41.1668
-40.8045
-40.4281
-40.0362
-39.6276
-39.2009
-38.7544
-38.2866
-37.7956
-37.2795
-36.7361
-36.1631
-35.5581
-34.9182
-34.2407
-33.5222
-32.7595
-31.9489
-31.0865
-30.1681
-29.1896
-28.1464
-27.0339
-25.8475
-24.5825
-23.2348
-21.8003
-20.2758
-18.6591
-16.9493
-15.1475
-13.2571
-11.2845
-9.23996
-7.13761
-4.99645
-2.84027
-0.697465
1.39975
3.41671
5.31833
7.07145
8.64734
10.0238
11.1865
12.1295
12.8547
13.3706
13.691
13.8325
13.8136
13.653
13.3687
12.9774
12.4943
11.9326
11.3041
10.6186
9.88495
9.11046
8.30151
7.46356
6.60131
5.71883
4.81966
3.90688
2.9832
2.05097
1.1123
0.169003
-0.777283
-1.72513
-2.67326
-3.62057
-4.56607
-5.50889
-6.44828
-7.38356
-8.31417
-9.2396
-10.1594
-11.0733
-11.9809
-12.8819
-13.7762
-14.6637
-15.5441
-16.4174
-17.2836
-18.1426
-18.9945
-19.8393
-20.6771
-21.5079
-22.332
-23.1494
-23.9604
-24.7651
-25.5638
-26.3567
-27.1442
-27.9265
-28.704
-29.4771
-30.2461
-31.0115
-31.7737
-32.5332
-33.2906
-34.0464
-34.8011
-35.5554
-36.3098
-37.0652
-37.822
-38.5811
-39.3431
-40.1088
-40.8789
-41.6543
-42.4355
-43.2234
-44.0187
-44.8221
-45.6342
-46.4555
-47.2866
-48.1278
-48.9794
-49.8414
-50.7138
-51.5961
-52.4877
-53.3877
-54.2949
-55.2074
-56.1233
-57.0399
-57.9543
-58.863
-59.7622
-60.6475
-61.5146
-62.3587
-63.1751
-63.9593
-64.7071
-65.4148
-66.0793
-66.6985
-67.2709
-67.796
-68.2742
-68.7067
-69.0953
-69.4425
-69.7508
-70.0235
-70.2636
-70.4743
-70.6587
-70.8198
-70.9601
-71.0824
-71.1889
-71.2815
-71.3623
-71.4327
-71.4942
-71.4154
-71.2547
-71.0407
-70.7904
-70.5153
-70.2235
-69.9208
-69.6118
-69.2996
-68.9867
-68.6751
-68.3662
-68.061
-67.7603
-67.4649
-67.1751
-66.8913
-66.6138
-66.3426
-66.078
-65.8199
-65.5683
-65.3233
-65.0848
-64.8527
-64.627
-64.4075
-64.1942
-63.987
-63.7856
-63.5901
-63.4003
-63.216
-63.0372
-62.8637
-62.6954
-62.5322
-62.3739
-62.2205
-62.0718
-61.9277
-61.788
-61.6528
-61.5218
-61.395
-61.2723
-61.1535
-61.0386
-60.9275
-60.8201
-60.7162
-60.6158
-60.5189
-60.4252
-60.3349
-60.2477

