-65
-64.9994
-64.9988
-64.9982
-64.9977
-64.9971
-64.9965
-64.996
-64.9954
-64.9949
-64.9943
-64.9938
-64.9932
-64.9927
-64.9922
-64.9917
-64.9912
-64.9906
-64.9901
-64.9896
-64.9891
-64.9886
-64.9881
-64.9876
-64.9872
-64.9867
-64.9862
-64.9857
-64.9852
-64.9848
-64.9843
-64.9838
-64.9834
-64.9829
-64.9825
-64.982
-64.9816
-64.9811
-64.9807
-64.9802
-64.9798
-64.9794
-64.9789
-64.9785
-64.9781
-64.9777
-64.9772
-64.9768
-64.9764
-64.976
-64.9756
-64.9752
-64.9748
-64.9744
-64.974
-64.9736
-64.9732
-64.9728
-64.9725
-64.9721
-64.9717
-64.9713
-64.971
-64.9706
-64.9702
-64.9699
-64.9695
-64.9692
-64.9688
-64.9685
-64.9681
-64.9678
-64.9675
-64.9671
-64.9668
-64.9665
-64.9661
-64.9658
-64.9655
-64.9652
-64.9649
-64.9646
-64.9642
-64.9639
-64.9636
-64.9633
-64.963
-64.9628
-64.9625
-64.9622
-64.9619
-64.9616
-64.9613
-64.9611
-64.9608
-64.9605
-64.9603
-64.96
-64.9598
-64.9595
-64.9592
-64.959
-64.9588
-64.9585
-64.9583
-64.958
-64.9578
-64.9576
-64.9573
-64.9571
-64.9569
-64.9567
-64.9565
-64.9562
-64.956
-64.9558
-64.9556
-64.9554
-64.9552
-64.955
-64.9548
-64.9546
-64.9545
-64.9543
-64.9541
-64.9539
-64.9537
-64.9536
-64.9534
-64.9532
-64.9531
-64.9529
-64.9527
-64.9526
-64.9524
-64.9523
-64.9521
-64.952
-64.9519
-64.9517
-64.9516
-64.9514
-64.9513
-64.9512
-64.9511
-64.9509
-64.9508
-64.9507
-64.9506
-64.9505
-64.9504
-64.9503
-64.9502
-64.95
-64.9499
-64.9499
-64.9498
-64.9497
-64.9496
-64.9495
-64.9494
-64.9493
-64.9492
-64.9492
-64.9491
-64.949
-64.9489
-64.9489
-64.9488
-64.9487
-64.9487
-64.9486
-64.9486
-64.9485
-64.9485
-64.9484
-64.9484
-64.9483
-64.9483
-64.9482
-64.9482
-64.9482
-64.9481
-64.9481
-64.9481
-64.948
-64.948
-64.948
-64.948
-64.948
-64.9479
-64.9479
-64.9479
-64.9479
-64.9479
-64.9479
-64.9479
-64.9479
-64.9479
-64.9479
-64.9479
-64.9479
-64.9479
-64.9479
-64.9479
-64.9479
-64.9479
-64.9479
-64.948
-64.948
-64.948
-64.948
-64.9481
-64.9481
-64.9481
-64.9481
-64.9482
-64.9482
-64.9482
-64.9483
-64.9483
-64.9483
-64.9484
-64.9484
-64.9485
-64.9485
-64.9486
-64.9486
-64.9487
-64.9487
-64.9488
-64.9488
-64.9489
-64.9489
-64.949
-64.9491
-64.9491
-64.9492
-64.9492
-64.9493
-64.9494
-64.9494
-64.9495
-64.9496
-64.9497
-64.9497
-64.9498
-64.9499
-64.95
-64.95
-64.9501
-64.9502
-64.9503
-64.9504
-64.9504
-64.9505
-64.9506
-64.9507
-64.9508
-64.9509
-64.951
-64.951
-64.9511
-64.9512
-64.9513
-64.9514
-64.9515
-64.9516
-64.9517
-64.9518
-64.9519
-64.952
-64.9521
-64.9522
-64.9523
-64.9524
-64.9525
-64.9526
-64.9527
-64.9528
-64.9529
-64.953
-64.9532
-64.9533
-64.9534
-64.9535
-64.9536
-64.9537
-64.9538
-64.9539
-64.954
-64.9542
-64.9543
-64.9544
-64.9545
-64.9546
-64.9547
-64.9548
-64.955
-64.9551
-64.9552
-64.9553
-64.9554
-64.9556
-64.9557
-64.9558
-64.9559
-64.956
-64.9562
-64.9563
-64.9564
-64.9565
-64.9566
-64.9568
-64.9569
-64.957
-64.9571
-64.9573
-64.9574
-64.9575
-64.9576
-64.9578
-64.9579
-64.958
-64.9581
-64.9583
-64.9584
-64.9585
-64.9587
-64.9588
-64.9589
-64.959
-64.9592
-64.9593
-64.9594
-64.9595
-64.9597
-64.9598
-64.9599
-64.96
-64.9602
-64.9603
-64.9604
-64.9606
-64.9607
-64.9608
-64.9609
-64.9611
-64.9612
-64.9613
-64.9614
-64.9616
-64.9617
-64.9618
-64.962
-64.9621
-64.9622
-64.9623
-64.9625
-64.9626
-64.9627
-64.9628
-64.963
-64.9631
-64.9632
-64.9633
-64.9635
-64.9636
-64.9637
-64.9638
-64.964
-64.9641
-64.9642
-64.9643
-64.9645
-64.9646
-64.9647
-64.9648
-64.9649
-64.9651
-64.9652
-64.9653
-64.9654
-64.9655
-64.9657
-64.9658
-64.9659
-64.966
-64.9661
-64.9663
-64.9664
-64.9665
-64.9666
-64.9667
-64.9668
-64.967
-64.9671
-64.9672
-64.9673
-64.9674
-64.9675
-64.9677
-64.9678
-64.9679
-64.968
-64.9681
-64.9682
-64.9683
-64.9684
-64.9685
-64.9687
-64.9688
-64.9689
-64.969
-64.9691
-64.8346
-64.6125
-64.326
-63.9895
-63.6133
-63.2053
-62.7718
-62.1906
-61.514
-60.7695
-59.9751
-59.1441
-58.2867
-57.4107
-56.5226
-55.627
-54.7277
-53.8275
-52.9285
-52.0318
-51.1382
-50.2479
-49.3604
-48.475
-47.5905
-46.705
-45.8164
-44.922
-44.0187
-43.1029
-42.1703
-41.216
-40.2346
-39.2199
-38.1646
-37.061
-35.9
-34.6714
-33.364
-31.9651
-30.4605
-28.8347
-27.0706
-25.1498
-23.0533
-20.7615
-18.2557
-15.52
-12.5431
-9.32157
-5.86365
-2.19285
1.64879
5.59935
9.57833
13.4916
17.2395
20.7262
23.8702
26.6113
28.9158
30.7773
32.2141
33.264
33.9763
34.4049
34.6023
34.6148
34.4816
34.2334
33.8943
33.4819
33.0096
32.4871
31.9218
31.3192
30.6837
30.0186
29.3268
28.6109
27.8729
27.1147
26.3382
25.5449
24.7363
23.9138
23.0788
22.2325
21.376
20.5106
19.6373
18.757
17.8708
16.9795
16.0839
15.185
14.2834
13.3799
12.475
11.5695
10.6639
9.75877
8.85457
7.95179
7.05085
6.15215
5.25606
4.36291
3.47299
2.5866
1.70397
0.825333
-0.0491107
-0.919181
-1.78472
-2.64559
-3.50168
-4.35287
-5.19908
-6.04025
-6.87631
-7.70723
-8.53297
-9.35352
-10.1689
-10.979
-11.784
-12.5839
-13.3786
-14.1683
-14.9529
-15.7327
-16.5076
-17.2777
-18.0432
-18.8042
-19.5608
-20.3132
-21.0615
-21.8058
-22.5465
-23.2837
-24.0177
-24.7487
-25.477
-26.2029
-26.9268
-27.649
-28.37
-29.0901
-29.8098
-30.5296
-31.2501
-31.9719
-32.6954
-33.4215
-34.1506
-34.8837
-35.6214
-36.3645
-37.1138
-37.8701
-38.6344
-39.4074
-40.19
-40.983
-41.7873
-42.6035
-43.4323
-44.2742
-45.1295
-45.9984
-46.8808
-47.776
-48.6834
-49.6017
-50.5289
-51.4627
-52.4002
-53.3377
-54.2709
-55.1952
-56.1052
-56.9953
-57.8599
-58.6933
-59.4902
-60.246
-60.9566
-61.6191
-62.2315
-62.7929
-63.3036
-63.7647
-64.1783
-64.5469
-64.8737
-65.1621
-65.4156
-65.6379
-65.8324
-66.0024
-66.1509
-66.2808
-66.3945
-66.4944
-66.5823
-66.6601
-66.7292
-66.791
-66.8465
-66.8966
-66.9423
-66.9841
-67.0228
-67.0587
-67.0923
-67.1239
-67.1538
-67.1824
-67.2098
-67.2361
-67.2616
-67.2863
-67.3104
-67.334
-67.3571
-67.3798
-67.4021
-67.4242
-67.446
-67.4675
-67.4889
-67.5101
-67.5311
-67.552
-67.5727
-67.5934
-67.6139
-67.6344
-67.6547
-67.675
-67.6952
-67.7153
-67.7354
-67.7554
-67.7753
-67.7951
-67.8149
-67.8346
-67.8542
-67.8738
-67.8933
-67.9128
-67.9322
-67.9515
-67.9707
-67.9899
-68.009
-68.0281
-68.047
-68.0659
-68.0848
-68.1035
-68.1222
-68.1408
-68.1593
-68.1778
-68.1961
-68.2144
-68.2326
-68.2507
-68.2688
-68.2867
-68.3046
-68.3224
-68.34
-68.3576
-68.3751
-68.3926
-68.4099
-68.4271
-68.4442
-68.4613
-68.4782
-68.4951
-68.5118
-68.5284
-68.545
-68.5614
-68.5778
-68.594
-68.6101
-68.6262
-68.6421
-68.6579
-68.6736
-68.6892
-68.7047
-68.7201
-68.7354
-68.7505
-68.7656
-68.7805
-68.7954
-68.8101
-68.8247
-68.8392
-68.8536
-68.8678
-68.882
-68.896
-68.9099
-68.9237
-68.9374
-68.951
-68.9644
-68.9778
-68.991
-69.0041
-69.0171
-69.0299
-69.0427
-69.0553
-69.0678
-69.0802
-69.0924
-69.1046
-69.1166
-69.1285
-69.1403
-69.1519
-69.1634
-69.1749
-69.1861
-69.1973
-69.2084
-69.2193
-69.2301
-69.2408
-69.2513
-69.2617
-69.2721
-69.2822
-69.2923
-69.3023
-69.3121
-69.3218
-69.3313
-69.3408
-69.3501
-69.3593
-69.3684
-69.3774
-69.3862
-69.395
-69.4036
-69.412
-69.4204
-69.4286
-69.4367
-69.4447
-69.4526
-69.4603
-69.468
-69.4755
-69.4829
-69.4901
-69.4973
-69.5043
-69.5112
-69.518
-69.5246
-69.5312
-69.5376
-69.5439
-69.5501
-69.5562
-69.5621
-69.5679
-69.5737
-69.5793
-69.5847
-69.5901
-69.5953
-69.6005
-69.6055
-69.6104
-69.6152
-69.6198
-69.6244
-69.6288
-69.6331
-69.6373
-69.6414
-69.6454
-69.6493
-69.653
-69.6566
-69.6602
-69.6636
-69.6669
-69.6701
-69.6731
-69.6761
-69.679
-69.6817
-69.6844
-69.6869
-69.6893
-69.6916
-69.6938
-69.6959
-69.6979
-69.6998
-69.7015
-69.7032
-69.7048
-69.7062
-69.7076
-69.7088
-69.7099
-69.711
-69.7119
-69.7127
-69.7134
-69.7141
-69.7146
-69.715
-69.7153
-69.7155
-69.7156
-69.7157
-69.7156
-69.7154
-69.7151
-69.7147
-69.7142
-69.7136
-69.713
-69.7122
-69.7113
-69.7104
-69.7093
-69.7081
-69.7069
-69.7055
-69.7041
-69.7026
-69.7009
-69.6992
-69.6974
-69.6955
-69.6935
-69.6914
-69.6892
-69.687
-69.6846
-69.6821
-69.6796
-69.677
-69.6743
-69.6715
-69.6686
-69.6656
-69.6626
-69.6594
-69.6562
-69.6529
-69.6495
-69.646
-69.6424
-69.6388
-69.635
-69.6312
-69.6273
-69.6234
-69.6193
-69.6152
-69.6109
-69.6066
-69.6023
-69.5978
-69.5933
-69.5887
-69.584
-69.5792
-69.5744
-69.5695
-69.5645
-69.5594
-69.5543
-69.5491
-69.5438
-69.5384
-69.533
-69.5275
-69.5219
-69.5163
-69.5106
-69.5048
-69.4989
-69.493
-69.487
-69.4809
-69.4748
-69.4686
-69.4623
-69.456
-69.4496
-69.4431
-69.4366
-69.43
-69.4234
-69.4166
-69.4099
-69.403
-69.3961
-69.3891
-69.3821
-69.375
-69.3678
-69.3606
-69.3534
-69.346
-69.3386
-69.3312
-69.3237
-69.3161
-69.3085
-69.3008
-69.2931
-69.2853
-69.2774
-69.2695
-69.2616
-69.2536
-69.2455
-69.2374
-69.2292
-69.221
-69.2127
-69.2044
-69.196
-69.1876
-69.1791
-69.1706
-69.162
-69.1534
-69.1447
-69.136
-69.1273
-69.1185
-69.1096
-69.1007
-69.0918
-69.0828
-69.0737
-69.0646
-69.0555
-69.0464
-69.0371
-69.0279
-69.0186
-69.0093
-68.9999
-68.9905
-68.981
-68.9715
-68.962
-68.9524
-68.9428
-68.9331
-68.9234
-68.9137
-68.9039
-68.8941
-68.8843
-68.8744
-68.8645
-68.8546
-68.8446
-68.8346
-68.8245
-68.8144
-68.8043
-68.7942
-68.784
-68.7738
-68.7635
-68.7533
-68.743
-68.7326
-68.7223
-68.7119
-68.7015
-68.691
-68.6805
-68.67
-68.6595
-68.6489
-68.6383
-68.6277
-68.6171
-68.6064
-68.5957
-68.585
-68.5743
-68.5635
-68.5527
-68.5419
-68.5311
-68.5202
-68.5094
-68.4985
-68.4876
-68.4766
-68.4657
-68.4547
-68.4437
-68.4326
-68.4216
-68.4106
-68.3995
-68.3884
-68.3773
-68.3661
-68.355
-68.3438
-68.3326
-68.3215
-68.3102
-68.299
-68.2878
-68.2765
-68.2652
-68.254
-68.2427
-68.2313
-68.22
-68.2087
-68.1973
-68.0452
-67.8019
-67.492
-67.1306
-66.7288
-66.295
-65.8358
-65.3566
-64.8616
-64.3545
-63.8381
-63.3148
-62.7867
-62.2553
-61.7221
-61.1883
-60.6547
-60.1222
-59.5915
-59.0631
-58.5374
-58.015
-57.4959
-56.9804
-56.4686
-55.9606
-55.4563
-54.9557
-54.4585
-53.9646
-53.4737
-52.9853
-52.4991
-52.0146
-51.5312
-51.0482
-50.5649
-50.0804
-49.5939
-49.1043
-48.6104
-48.1111
-47.6049
-47.0903
-46.5657
-46.0291
-45.4786
-44.9118
-44.3263
-43.7193
-43.0876
-42.4277
-41.7359
-41.0076
-40.2382
-39.422
-38.5528
-37.6237
-36.6268
-35.5532
-34.3929
-33.1346
-31.7657
-30.2722
-28.6388
-26.8485
-24.8837
-22.7258
-20.3567
-17.7596
-14.9213
-11.8342
-8.50016
-4.93385
-1.16666
2.75042
6.74601
10.7304
14.6017
18.2547
21.5927
24.538
27.0404
29.0809
30.6697
31.8406
32.6421
33.1294
33.3569
33.3743
33.2237
32.9393
32.5479
32.0703
31.522
30.915
30.2583
29.5588
28.8221
28.0526
27.254
26.4294
25.5817
24.7131
23.8259
22.9221
22.0036
21.072
20.129
19.176
18.2144
17.2455
16.2706
15.2908
14.307
13.3204
12.3318
11.3421
10.3521
9.3624
8.37381
7.3869
6.40223
5.42032
4.44162
3.46657
2.49554
1.52888
0.566879
-0.39018
-1.34207
-2.28857
-3.22953
-4.16477
-5.09418
-6.01766
-6.93512
-7.84651
-8.75178
-9.65092
-10.5439
-11.4308
-12.3116
-13.1863
-14.055
-14.9178
-15.7747
-16.6259
-17.4715
-18.3116
-19.1464
-19.976
-20.8006
-21.6205
-22.4358
-23.2467
-24.0537
-24.8569
-25.6568
-26.4536
-27.2477
-28.0396
-28.8297
-29.6185
-30.4065
-31.1944
-31.9826
-32.772
-33.5631
-34.3567
-35.1536
-35.9547
-36.7607
-37.5726
-38.3914
-39.218
-40.0535
-40.8987
-41.7548
-42.6228
-43.5036
-44.3981
-45.3072
-46.2315
-47.1717
-48.1281
-49.1007
-50.0893
-51.0933
-52.1116
-53.1425
-54.1838
-55.2324
-56.2848
-57.3365
-58.3823
-59.4165
-60.4327
-61.4243
-62.3842
-63.3059
-64.1831
-65.0103
-65.7831
-66.4982
-67.1537
-67.7492
-68.2853
-68.7641
-69.1884
-69.5618
-69.8885
-70.1727
-70.4189
-70.6313
-70.814
-70.9708
-71.1052
-71.2204
-71.3189
-71.4034
-71.4758
-71.538
-71.5916
-71.6379
-71.678
-71.7128
-71.7433
-71.77
-71.7935
-71.682
-71.4941
-71.2577
-70.9894
-70.7002
-70.3976
-70.087
-69.7724
-69.4567
-69.1421
-68.8302
-68.5221
-68.2188
-67.9208
-67.6286
-67.3426
-67.0631
-66.79
-66.5236
-66.2639
-66.0107
-65.7643
-65.5243
-65.2909
-65.0638
-64.8431
-64.6285
-64.4199
-64.2173
-64.0205
-63.8294
-63.6439
-63.4638
-63.289
-63.1193
-62.9548
-62.7951
-62.6403
-62.4902
-62.3446
-62.2036
-62.0668
-61.9344
-61.806
-61.6818
-61.5614
-61.4449
-61.3322
-61.2231
-61.1176
-61.0155
-60.9169
-60.8216
-60.7295
-60.6405
-60.5546
-60.4718
-60.3918
-60.3148
-60.2405
-60.169
-60.1001
-60.0338
-59.9701
-59.9088
-59.85
-59.7935
-59.7393
-59.6875
-59.6378
-59.5902
-59.5448
-59.5015
-59.4602
-59.4208
-59.3834
-59.3478
-59.3141
-59.2822
-59.2521
-59.2237
-59.197
-59.1719
-59.1485
-59.1266
-59.1062
-59.0874
-59.0701
-59.0542
-59.0397
-59.0266
-59.0149
-59.0045
-58.9954
-58.9876
-58.981
-58.9756
-58.9715
-58.9685
-58.9666
-58.9659
-58.9662
-58.9676
-58.9701
-58.9736
-58.9781
-58.9836
-58.99
-58.9974
-59.0057
-59.0149
-59.0249
-59.0359
-59.0476
-59.0602
-59.0736
-59.0878
-59.1028
-59.1185
-59.1349
-59.1521
-59.1699
-59.1885
-59.2077
-59.2276
-59.2481
-59.2692
-59.291
-59.3133
-59.3362
-59.3597
-59.3838
-59.4084
-59.4335
-59.4591
-59.4852
-59.5118
-59.5389
-59.5664
-59.5944
-59.6229
-59.6517
-59.681
-59.7107
-59.7408
-59.7712
-59.802
-59.8332
-59.8647
-59.8966
-59.9288
-59.9613
-59.9941
-60.0273
-60.0607
-60.0944
-60.1283
-60.1625
-60.197
-60.2317
-60.2667
-60.3019
-60.3373
-60.3729
-60.4087
-60.4447
-60.4809
-60.5173
-60.5538
-60.5905
-60.6274
-60.6644
-60.7015
-60.7388
-60.7763
-60.8138
-60.8514
-60.8892
-60.9271
-60.965
-61.0031
-61.0412
-61.0794
-61.1177
-61.156
-61.1944
-61.2329
-61.2714
-61.31
-61.3486
-61.3872
-61.4258
-61.4645
-61.5032
-61.5419
-61.5807
-61.6194
-61.6581
-61.6968
-61.7355
-61.7742
-61.8129
-61.8516
-61.8902
-61.9288
-61.9674
-62.0059
-62.0444
-62.0829
-62.1213
-62.1597
-62.198
-62.2362
-62.2744
-62.3125
-62.3505
-62.3885
-62.4264
-62.4642
-62.502
-62.5397
-62.5772
-62.6147
-62.6521
-62.6894
-62.7267
-62.7638
-62.8008
-62.8377
-62.8745
-62.9112
-62.9478
-62.9843
-63.0207
-63.0569
-63.093
-63.1291
-63.165
-63.2007
-63.2364
-63.2719
-63.3073
-63.3425
-63.3777
-63.4126
-63.4475
-63.4822
-63.5168
-63.5513
-63.5856
-63.6197
-63.6537
-63.6876
-63.7213
-63.7549
-63.7883
-63.8216
-63.8547
-63.8877
-63.9205
-63.9532
-63.9857
-64.0181
-64.0503
-64.0823
-64.1142
-64.146
-64.1775
-64.2089
-64.2402
-64.2712
-64.3022
-64.3329
-64.3635
-64.3939
-64.4242
-64.4543
-64.4842
-64.514
-64.5436
-64.573
-64.6022
-64.6313
-64.6602
-64.689
-64.7176
-64.746
-64.7742
-64.8023
-64.8302
-64.8579
-64.8854
-64.9128
-64.94
-64.967
-64.9939
-65.0206
-65.0471
-65.0734
-65.0996
-65.1256
-65.1514
-65.177
-65.2025
-65.2278
-65.2529
-65.2779
-65.3026
-65.3272
-65.3517
-65.3759
-65.4
-65.4239
-65.4476
-65.4712
-65.4946
-65.5178
-65.5408
-65.5637
-65.5864
-65.6089
-65.6313
-65.6535
-65.6755
-65.6973
-65.719
-65.7405
-65.7618
-65.7829
-65.8039
-65.8247
-65.8454
-65.8658
-65.8861
-65.9063
-65.9262
-65.946
-65.9656
-65.9851
-66.0044
-66.0235
-66.0425
-66.0613
-66.0799
-66.0984
-66.1167
-66.1348
-66.1528
-66.1706
-66.1882
-66.2057
-66.223
-66.2401
-66.2571
-66.274
-66.2906
-66.3071
-66.3235
-66.3397
-66.3557
-66.3715
-66.3873
-66.4028
-66.4182
-66.4334
-66.4485
-66.4634
-66.4782
-66.4928
-66.5073
-66.5216
-66.5358
-66.5498
-66.5636
-66.5773
-66.5908
-66.6042
-66.6175
-66.6306
-66.6435
-66.6563
-66.669
-66.6815
-66.6938
-66.7061
-66.7181
-66.73
-66.7418
-66.7534
-66.7649
-66.7763
-66.7875
-66.7985
-66.8095
-66.8202
-66.6943
-66.4809
-66.204
-65.8789
-65.5162
-65.124
-64.7089
-64.1463
-63.4907
-62.7705
-62.0043
-61.2057
-60.3851
-59.5506
-58.7087
-57.8643
-57.0215
-56.1833
-55.3521
-54.5298
-53.7176
-52.9164
-52.1268
-51.3491
-50.5833
-49.829
-49.0858
-48.353
-47.6297
-46.9149
-46.2073
-45.5054
-44.8077
-44.1124
-43.4175
-42.7209
-42.0203
-41.313
-40.5965
-39.8677
-39.1234
-38.3602
-37.5744
-36.762
-35.9186
-35.0396
-34.1199
-33.1541
-32.1364
-31.0605
-29.9196
-28.6547
-27.2855
-25.8174
-24.2505
-22.5823
-20.8093
-18.9278
-16.9351
-14.8294
-12.6117
-10.2858
-7.85961
-5.34557
-2.7616
-0.131236
2.51633
5.14664
7.72084
10.1972
12.5329
14.6868
16.6224
18.3108
19.7336
20.884
21.7672
22.3981
22.7992
22.9971
23.0197
22.8938
22.6439
22.2913
21.8537
21.346
20.7801
20.1657
19.5107
18.8215
18.1033
17.3603
16.5963
15.8143
15.0171
14.207
13.3859
12.5559
11.7184
10.875
10.027
9.17554
8.32178
7.46667
6.61111
5.75591
4.90179
4.04943
3.19941
2.35227
1.5085
0.668536
-0.167246
-0.998497
-1.82491
-2.64622
-3.46219
-4.27262
-5.07733
-5.87618
-6.66902
-7.45577
-8.23633
-9.01064
-9.77865
-10.5403
-11.2957
-12.0446
-12.7873
-13.5236
-14.2536
-14.9773
-15.6948
-16.4063
-17.1116
-17.8109
-18.5044
-19.192
-19.874
-20.5504
-21.2214
-21.8871
-22.5477
-23.2033
-23.8542
-24.5004
-25.1423
-25.7801
-26.4139
-27.0441
-27.671
-28.2947
-28.9157
-29.5343
-30.1508
-30.7655
-31.379
-31.9916
-32.6037
-33.2158
-33.8283
-34.4418
-35.0568
-35.6739
-36.2934
-36.9161
-37.5424
-38.173
-38.8083
-39.4489
-40.0954
-40.7481
-41.4076
-42.074
-42.7478
-43.4289
-44.1175
-44.8132
-45.5156
-46.2241
-46.9378
-47.6554
-48.3753
-49.0956
-49.8141
-50.528
-51.2347
-51.9308
-52.6132
-53.2784
-53.9233
-54.5448
-55.1399
-55.7063
-56.2421
-56.7458
-57.2166
-57.6543
-58.059
-58.4315
-58.773
-59.0848
-59.3687
-59.6266
-59.8604
-60.0722
-60.2639
-60.4375
-60.5947
-60.7374
-60.8672
-60.9855
-61.0936
-61.1927
-61.2841
-61.3685
-61.4469
-61.52
-61.5885
-61.653
-61.714
-61.772
-61.8273
-61.8802
-61.9312
-61.9804
-62.028
-62.0743
-62.1194
-62.1635
-62.2068
-62.2492
-62.2909
-62.3321
-62.3727
-62.4128
-62.4525
-62.4919
-62.5309
-62.5696
-62.6081
-62.6463
-62.6844
-62.7222
-62.7599
-62.7974
-62.8348
-62.8721
-62.9092
-62.9462
-62.9831
-63.02
-63.0567
-63.0933
-63.1298
-63.1663
-63.2027
-63.239
-63.2752
-63.3113
-63.3474
-63.3833
-63.4193
-63.4551
-63.4908
-63.5265
-63.5621
-63.5976
-63.6331
-63.6684
-63.7037
-63.7389
-63.774
-63.809
-63.8439
-63.8788
-63.9136
-63.9482
-63.9828
-64.0173
-64.0517
-64.086
-64.1202
-64.1543
-64.1883
-64.2222
-64.256
-64.2897
-64.3233
-64.3567
-64.3901
-64.4234
-64.4565
-64.4896
-64.5225
-64.5553
-64.588
-64.6206
-64.6531
-64.6854
-64.7176
-64.7497
-64.7817
-64.8136
-64.8453
-64.8769
-64.9084
-64.9397
-64.971
-65.0021
-65.033
-65.0639
-65.0946
-65.1251
-65.1556
-65.1859
-65.216
-65.2461
-65.276
-65.3057
-65.3353
-65.3648
-65.3941
-65.4233
-65.4524
-65.4813
-65.5101
-65.5387
-65.5672
-65.5955
-65.6237
-65.6518
-65.6797
-65.7074
-65.735
-65.7625
-65.7898
-65.817
-65.844
-65.8709
-65.8976
-65.9242
-65.9506
-65.9769
-66.003
-66.029
-66.0548
-66.0805
-66.106
-66.1314
-66.1566
-66.1817
-66.2066
-66.2314
-66.256
-66.2805
-66.3048
-66.3289
-66.3529
-66.3768
-66.4005
-66.424
-66.4474
-66.4706
-66.4937
-66.5167
-66.5394
-66.5621
-66.5845
-66.6069
-66.629
-66.651
-66.6729
-66.6946
-66.7162
-66.7376
-66.7588
-66.7799
-66.8008
-66.8216
-66.8423
-66.8628
-66.8831
-66.9033
-66.9233
-66.9432
-66.9629
-66.9825
-67.0019
-67.0211
-67.0403
-67.0592
-67.078
-67.0967
-67.1152
-67.1336
-67.1518
-67.1699
-67.1878
-67.2055
-67.2231
-67.2406
-67.2579
-67.2751
-67.2921
-67.309
-67.3257
-67.3423
-67.3587
-67.375
-67.3911
-67.4071
-67.4229
-67.4386
-67.4542
-67.4696
-67.4848
-67.5
-67.5149
-67.5297
-67.5444
-67.559
-67.5734
-67.5876
-67.6017
-67.6157
-67.6295
-67.6432
-67.6567
-67.6701
-67.6834
-67.6965
-67.7095
-67.7223
-67.735
-67.7476
-67.76
-67.7723
-67.7845
-67.7965
-67.8083
-67.8201
-67.8317
-67.8431
-67.8545
-67.8657
-67.8767
-67.8877
-67.8984
-67.9091
-67.9196
-67.93
-67.9403
-67.9504
-67.9604
-67.9703
-67.98
-67.9896
-67.9991
-68.0084
-68.0177
-68.0268
-68.0357
-68.0445
-68.0533
-68.0618
-68.0703
-68.0786
-68.0868
-68.0949
-68.1028
-68.1107
-68.1184
-68.126
-68.1334
-68.1408
-68.148
-68.1551
-68.162
-68.1689
-68.1756
-68.1822
-68.1887
-68.1951
-68.2013
-68.2075
-68.2135
-68.2194
-68.2252
-68.2308
-68.2364
-68.2418
-68.2472
-68.2524
-68.2575
-68.2624
-68.2673
-68.2721
-68.2767
-68.2812
-68.2856
-68.29
-68.2942
-68.2982
-68.3022
-68.3061
-68.3099
-68.3135
-68.3171
-68.3205
-68.3238
-68.3271
-68.3302
-68.3332
-68.3361
-68.339
-68.3417
-68.3443
-68.3468
-68.3492
-68.3515
-68.3537
-68.3558
-68.3578
-68.3597
-68.3615
-68.3632
-68.3648
-68.3663
-68.3677
-68.369
-68.3702
-68.3713
-68.3723
-68.3733
-68.3741
-68.3748
-68.3755
-68.376
-68.3765
-68.3769
-68.3772
-68.3773
-68.3774
-68.3775
-68.3774
-68.3772
-68.3769
-68.3766
-68.3762
-68.3757
-68.375
-68.3744
-68.3736
-68.3727
-68.3718
-68.3707
-68.3696
-68.3684
-68.3671
-68.3658
-68.3643
-68.3628
-68.3612
-68.3595
-68.3578
-68.3559
-68.354
-68.352
-68.3499
-68.3478
-68.3455
-68.3432
-68.3408
-68.3384
-68.3358
-68.3332
-68.3305
-68.3278
-68.325
-68.3221
-68.3191
-68.316
-68.3129
-68.3097
-68.3065
-68.3031
-68.2997
-68.2963
-68.2928
-68.2892
-68.2855
-68.2817
-68.2779
-68.2741
-68.2702
-68.2662
-68.2621
-68.258
-68.2538
-68.2495
-68.2452
-68.2408
-68.2364
-68.2319
-68.2273
-68.2227
-68.2181
-68.2133
-68.2085
-68.2037
-68.1988
-68.1938
-68.1888
-68.1837
-68.1785
-68.1733
-68.1681
-68.1628
-68.1574
-68.152
-68.1466
-68.141
-68.1355
-68.1299
-68.1242
-68.1185
-68.1127
-68.1069
-68.101
-68.0951
-68.0891
-68.0831
-68.077
-68.0709
-68.0647
-68.0585
-68.0522
-68.0459
-68.0396
-68.0332
-68.0268
-68.0203
-68.0137
-68.0072
-68.0006
-67.8538
-67.6165
-67.3131
-66.9589
-66.5647
-66.139
-65.6884
-65.2181
-64.7325
-64.2351
-63.7288
-63.2159
-62.6984
-62.1779
-61.6559
-61.1335
-60.6115
-60.0909
-59.5724
-59.0564
-58.5434
-58.0339
-57.528
-57.026
-56.5281
-56.0342
-55.5445
-55.0589
-54.5772
-54.0993
-53.625
-53.1539
-52.6858
-52.2202
-51.7566
-51.2944
-50.8332
-50.3722
-49.9106
-49.4476
-48.9823
-48.5136
-48.0405
-47.5618
-47.0761
-46.5819
-46.0777
-45.5617
-45.0319
-44.4863
-43.9224
-43.3376
-42.7292
-42.0937
-41.4278
-40.7273
-39.9879
-39.2046
-38.3717
-37.4829
-36.5313
-35.5089
-34.4068
-33.215
-31.9226
-30.5173
-28.9856
-27.313
-25.4839
-23.4823
-21.292
-18.8979
-16.2872
-13.4512
-10.3881
-7.10576
-3.62474
0.0185124
3.77002
7.5584
11.2979
14.8942
18.2535
21.2923
23.9466
26.1784
27.9775
29.3589
30.3569
31.0174
31.3906
31.5256
31.4664
31.2506
30.9086
30.4648
29.9381
29.3431
28.6909
27.9903
27.2482
26.47
25.6603
24.8229
23.961
23.0775
22.1749
21.2554
20.3211
19.3739
18.4155
17.4476
16.4716
15.4889
14.5008
13.5086
12.5132
11.5157
10.517
9.51804
8.51959
7.52238
6.52705
5.53424
4.54447
3.55826
2.57605
1.59825
0.625208
-0.342752
-1.30535
-2.26235
-3.21352
-4.15871
-5.09774
-6.0305
-6.95689
-7.87683
-8.79027
-9.69718
-10.5975
-11.4914
-12.3787
-13.2595
-14.1338
-15.0019
-15.8636
-16.7192
-17.5687
-18.4122
-19.25
-20.0822
-20.909
-21.7305
-22.5471
-23.3589
-24.1662
-24.9693
-25.7685
-26.5642
-27.3568
-28.1467
-28.9342
-29.72
-30.5045
-31.2882
-32.0718
-32.8558
-33.641
-34.428
-35.2177
-36.0108
-36.8081
-37.6105
-38.4189
-39.2342
-40.0574
-40.8894
-41.7312
-42.5838
-43.448
-44.2495
-45.0223
-45.7815
-46.5348
-47.2866
-48.0395
-48.7947
-49.5529
-50.3139
-51.0771
-51.8412
-52.6047
-53.3655
-54.121
-54.8681
-55.6034
-56.3232
-57.0233
-57.6995
-58.3476
-58.9633
-59.543
-60.0832
-60.5813
-61.0354
-61.4443
-61.8078
-62.1266
-62.402
-62.6361
-62.8314
-62.9909
-63.1176
-63.2149
-63.286
-63.334
-63.3619
-63.3726
-63.3685
-63.352
-63.3251
-63.2896
-63.2471
-63.1989
-63.1463
-63.0903
-63.0318
-62.9714
-62.9098
-62.8476
-62.7851
-62.7228
-62.6609
-62.5997
-62.5393
-62.4801
-62.422
-62.3652
-62.3099
-62.256
-62.2036
-62.1527
-62.1035
-62.0558
-62.0097
-61.9653
-61.9224
-61.8812
-61.8415
-61.8034
-61.7668
-61.7318
-61.6983
-61.6663
-61.6358
-61.6067
-61.579
-61.5527
-61.5278
-61.5043
-61.4821
-61.4611
-61.4415
-61.4231
-61.4059
-61.39
-61.3752
-61.3616
-61.349
-61.3376
-61.3273
-61.3181
-61.3099
-61.3027
-61.2965
-61.2913
-61.287
-61.2837
-61.2813
-61.2798
-61.2791
-61.2793
-61.2804
-61.2823
-61.285
-61.2884
-61.2927
-61.2977
-61.3034
-61.3098
-61.317
-61.3248
-61.3333
-61.3425
-61.3523
-61.3627
-61.3738
-61.3854
-61.3976
-61.4104
-61.4238
-61.4377
-61.4521
-61.4671
-61.4825
-61.4985
-61.5149
-61.5318
-61.5492
-61.567
-61.5853
-61.604
-61.6231
-61.6426
-61.6624
-61.6827
-61.7034
-61.7244
-61.7458
-61.7675
-61.7895
-61.8119
-61.8346
-61.8576
-61.8809
-61.9045
-61.9284
-61.9526
-61.977
-62.0017
-62.0266
-62.0518
-62.0772
-62.1028
-62.1287
-62.1548
-62.181
-62.2075
-62.2342
-62.2611
-62.2881
-62.3153
-62.3427
-62.3702
-62.3979
-62.4258
-62.4538
-62.4819
-62.5101
-62.5385
-62.567
-62.5956
-62.6244
-62.6532
-62.6821
-62.7111
-62.7403
-62.7695
-62.7987
-62.8281
-62.8575
-62.887
-62.9165
-62.9461
-62.9758
-63.0055
-63.0352
-63.065
-63.0948
-63.1247
-63.1545
-63.1844
-63.2144
-63.2443
-63.2743
-63.3042
-63.3342
-63.3642
-63.3941
-63.4241
-63.4541
-63.484
-63.5139
-63.5439
-63.5738
-63.6036
-63.6335
-63.6633
-63.6931
-63.7229
-63.7526
-63.7823
-63.8119
-63.8415
-63.8711
-63.9006
-63.93
-63.9595
-63.9888
-64.0181
-64.0473
-64.0765
-64.1056
-64.1346
-64.1636
-64.1925
-64.2213
-64.2501
-64.2787
-64.3073
-64.3359
-64.3643
-64.3926
-64.4209
-64.4491
-64.4772
-64.5052
-64.5331
-64.5609
-64.5886
-64.6163
-64.6438
-64.6712
-64.6986
-64.7258
-64.753
-64.78
-64.8069
-64.8337
-64.8604
-64.887
-64.9135
-64.9399
-64.9662
-64.9923
-65.0184
-65.0443
-65.0701
-65.0958
-65.1214
-65.1469
-65.1722
-65.1975
-65.2226
-65.2475
-65.2724
-65.2971
-65.3217
-65.3462
-65.3706
-65.3948
-65.4189
-65.4429
-65.4668
-65.4905
-65.5141
-65.5376
-65.5609
-65.5841
-65.6072
-65.6301
-65.6529
-65.6756
-65.6982
-65.7206
-65.7429
-65.765
-65.787
-65.8089
-65.8306
-65.8522
-65.8737
-65.895
-65.9162
-65.9373
-65.9582
-65.979
-65.9997
-66.0202
-66.0405
-66.0608
-66.0809
-66.1008
-66.1206
-66.1403
-66.1599
-66.1793
-66.1985
-66.2176
-66.2366
-66.2555
-66.2742
-66.2927
-66.3112
-66.3294
-66.3476
-66.3656
-66.3835
-66.4012
-66.4188
-66.4362
-66.4535
-66.4707
-66.4877
-66.5046
-66.5214
-66.538
-66.5545
-66.5708
-66.587
-66.6031
-66.619
-66.6348
-66.6504
-66.6659
-66.6813
-66.6965
-66.7116
-66.7265
-66.7413
-66.756
-66.7706
-66.785
-66.7992
-66.8134
-66.8274
-66.8412
-66.8549
-66.8685
-66.882
-66.8953
-66.9085
-66.9215
-66.9344
-66.9472
-66.9598
-66.9724
-66.9847
-66.997
-67.0091
-67.0211
-67.0329
-67.0447
-67.0562
-67.0677
-67.079
-67.0902
-67.1013
-67.1122
-67.123
-67.1337
-67.1443
-67.1547
-67.165
-67.1751
-67.1852
-67.1951
-67.2049
-67.2145
-67.2241
-67.2335
-67.2428
-67.2519
-67.261
-67.2699
-67.2787
-67.2873
-67.2959
-67.3043
-67.3126
-67.3208
-67.3288
-67.3368
-67.3446
-67.3523
-67.3599
-67.3673
-67.3747
-67.3819
-67.389
-67.396
-67.4029
-67.4096
-67.4163
-67.4228
-67.4292
-67.4355
-67.4417
-67.4478
-67.4537
-67.4596
-67.4653
-67.471
-67.4765
-67.4819
-67.4872
-67.4924
-67.4974
-67.5024
-67.5073
-67.512
-67.5167
-67.5212
-67.5257
-67.53
-67.5342
-67.5383
-67.5423
-67.4079
-67.1846
-66.897
-66.56
-66.1848
-65.7794
-65.3504
-64.9031
-64.4417
-63.9695
-63.4894
-63.0037
-62.5143
-62.0227
-61.5303
-61.0383
-60.5475
-60.0588
-59.5727
-59.0899
-58.6108
-58.1357
-57.665
-57.1989
-56.7375
-56.2811
-55.8295
-55.3829
-54.9412
-54.5043
-54.0721
-53.6443
-53.2209
-52.8014
-52.3856
-51.9732
-51.5638
-51.1569
-50.752
-50.3485
-49.9461
-49.5439
-49.1413
-48.7376
-48.332
-47.9236
-47.5116
-47.0948
-46.6724
-46.243
-45.8054
-45.3583
-44.9003
-44.4296
-43.9446
-43.4434
-42.9238
-42.3835
-41.8201
-41.2307
-40.6123
-39.9614
-39.2742
-38.5466
-37.7739
-36.9508
-36.0716
-35.1299
-34.1185
-33.0295
-31.8543
-30.5833
-29.2062
-27.712
-26.0889
-24.3248
-22.4077
-20.3261
-18.0698
-15.6314
-13.0075
-10.2003
-7.22023
-4.08749
-0.834123
2.49504
5.84268
9.14104
12.3161
15.2934
18.0053
20.3976
22.4347
24.1019
25.4046
26.3643
27.0139
27.3921
27.5387
27.4913
27.2834
26.9437
26.4957
25.9587
25.348
24.6759
23.9521
23.1844
22.3793
21.542
20.6769
19.7878
18.8781
17.9504
17.0074
16.0513
15.0842
14.108
13.1242
12.1345
11.1402
10.1427
9.14303
8.14234
7.14157
6.14161
5.14325
4.14723
3.15418
2.16469
1.17929
0.198451
-0.777423
-1.74796
-2.71285
-3.67182
-4.62461
-5.57104
-6.51094
-7.44416
-8.37061
-9.2902
-10.2029
-11.1086
-12.0074
-12.8992
-13.784
-14.662
-15.5332
-16.3977
-17.2555
-18.1068
-18.9517
-19.7904
-20.623
-21.4497
-22.2707
-23.0863
-23.8967
-24.7022
-25.5031
-26.2996
-27.0923
-27.8813
-28.6672
-29.4504
-30.2314
-31.0106
-31.7887
-32.5661
-33.3436
-34.1217
-34.9012
-35.6828
-36.4673
-37.2553
-38.0479
-38.8458
-39.6498
-40.461
-41.2802
-42.1082
-42.946
-43.7945
-44.6544
-45.5264
-46.4113
-47.3094
-48.2212
-49.1468
-50.086
-51.0384
-52.0031
-52.9791
-53.9644
-54.9569
-55.8556
-56.6988
-57.5013
-58.2687
-59.0025
-59.7017
-60.3644
-60.9878
-61.569
-62.1054
-62.5947
-63.0352
-63.426
-63.7669
-64.0589
-64.3034
-64.5027
-64.6596
-64.7774
-64.8595
-64.9096
-64.9313
-64.9282
-64.9036
-64.8607
-64.8024
-64.7312
-64.6495
-64.5593
-64.4624
-64.3603
-64.2544
-64.1458
-64.0354
-63.9241
-63.8125
-63.7012
-63.5907
-63.4813
-63.3733
-63.2671
-63.1628
-63.0606
-62.9606
-62.8629
-62.7676
-62.6747
-62.5842
-62.4963
-62.4108
-62.3278
-62.2473
-62.1692
-62.0936
-62.0203
-61.9495
-61.8809
-61.8147
-61.7508
-61.6891
-61.6296
-61.5722
-61.517
-61.4638
-61.4126
-61.3635
-61.3163
-61.271
-61.2276
-61.186
-61.1462
-61.1081
-61.0718
-61.0372
-61.0043
-60.9729
-60.9431
-60.9149
-60.8882
-60.863
-60.8392
-60.8168
-60.7959
-60.7763
-60.758
-60.741
-60.7253
-60.7109
-60.6976
-60.6856
-60.6747
-60.665
-60.6564
-60.6489
-60.6424
-60.637
-60.6327
-60.6293
-60.6269
-60.6255
-60.625
-60.6254
-60.6267
-60.6289
-60.632
-60.6359
-60.6406
-60.6461
-60.6524
-60.6595
-60.6673
-60.6759
-60.6852
-60.6952
-60.7058
-60.7172
-60.7291
-60.7418
-60.755
-60.7689
-60.7833
-60.7983
-60.8139
-60.8301
-60.8468
-60.864
-60.8818
-60.9
-60.9187
-60.9379
-60.9576
-60.9778
-60.9983
-61.0193
-61.0408
-61.0626
-61.0848
-61.1075
-61.1305
-61.1539
-61.1776
-61.2017
-61.2261
-61.2508
-61.2759
-61.3013
-61.327
-61.353
-61.3792
-61.4058
-61.4326
-61.4596
-61.487
-61.5145
-61.5423
-61.5703
-61.5986
-61.6271
-61.6557
-61.6846
-61.7137
-61.7429
-61.7723
-61.8019
-61.8317
-61.8616
-61.8917
-61.9219
-61.9523
-61.9828
-62.0134
-62.0442
-62.075
-62.106
-62.1371
-62.1683
-62.1995
-62.2309
-62.2623
-62.2939
-62.3255
-62.3572
-62.3889
-62.4207
-62.4525
-62.4845
-62.5164
-62.5484
-62.5804
-62.6125
-62.6446
-62.6767
-62.7089
-62.741
-62.7732
-62.8054
-62.8376
-62.8698
-62.902
-62.9342
-62.9664
-62.9986
-63.0307
-63.0629
-63.095
-63.1271
-63.0359
-62.87
-62.6526
-62.3983
-62.1167
-61.8152
-61.4992
-61.1731
-60.8402
-60.5031
-60.1639
-59.8242
-59.4853
-59.1485
-58.8144
-58.4838
-58.1573
-57.8354
-57.5184
-57.2066
-56.9003
-56.5996
-56.3047
-56.0157
-55.7327
-55.4556
-55.1845
-54.9194
-54.6602
-54.407
-54.1596
-53.9179
-53.682
-53.4516
-53.2267
-53.0072
-52.7929
-52.5837
-52.3795
-52.1802
-51.9857
-51.7957
-51.6102
-51.4291
-51.2521
-51.0792
-50.9102
-50.7451
-50.5836
-50.4256
-50.271
-50.1198
-49.9717
-49.8266
-49.6845
-49.5452
-49.4085
-49.2745
-49.143
-49.0138
-48.8869
-48.7622
-48.6396
-48.519
-48.4003
-48.2834
-48.1683
-48.0548
-47.9428
-47.8324
-47.7234
-47.6157
-47.5092
-47.404
-47.2998
-47.1967
-47.0946
-46.9934
-46.8931
-46.7935
-46.6946
-46.5964
-46.4987
-46.4016
-46.3049
-46.2086
-46.1127
-46.0169
-45.9214
-45.826
-45.7306
-45.6352
-45.5397
-45.444
-45.3481
-45.2519
-45.1552
-45.0581
-44.9604
-44.8621
-44.763
-44.663
-44.5622
-44.4602
-44.3571
-44.2528
-44.147
-44.0398
-43.9309
-43.8202
-43.7076
-43.5929
-43.476
-43.3567
-43.2347
-43.11
-42.9823
-42.8514
-42.7171
-42.5791
-42.4371
-42.291
-42.1403
-41.9848
-41.8241
-41.6579
-41.4858
-41.3073
-41.1221
-40.9296
-40.7294
-40.5208
-40.3034
-40.0764
-39.8391
-39.5909
-39.3309
-39.0582
-38.772
-38.4712
-38.1547
-37.8213
-37.4698
-37.0989
-36.7069
-36.2923
-35.8534
-35.3883
-34.8949
-34.3712
-33.8147
-33.223
-32.5934
-31.9231
-31.2092
-30.4485
-29.6379
-28.774
-27.8536
-26.8735
-25.8306
-24.7222
-23.5462
-22.301
-20.9863
-19.6028
-18.1533
-16.6425
-15.0775
-13.4687
-11.8292
-10.1755
-8.52716
-6.90594
-5.33539
-3.8394
-2.44096
-1.16074
-0.0159723
0.980487
1.82053
2.50082
3.02243
3.39013
3.61159
3.69654
3.65596
3.50139
3.24441
2.89622
2.4674
1.96777
1.40627
0.790972
0.129122
-0.572831
-1.30916
-2.07481
-2.86528
-3.67662
-4.50535
-5.34836
-6.20294
-7.06668
-7.93746
-8.81341
-9.69288
-10.5744
-11.4567
-12.3387
-13.2194
-14.098
-14.9736
-15.8457
-16.7138
-17.5773
-18.4359
-19.2893
-20.1373
-20.9796
-21.8161
-22.6468
-23.4716
-24.2906
-25.1038
-25.9113
-26.7133
-27.5099
-28.3014
-29.088
-29.8701
-30.6479
-31.4219
-32.1925
-32.96
-33.7251
-34.4881
-35.2496
-36.0103
-36.7706
-37.5313
-38.2929
-39.0562
-39.8218
-40.5905
-41.363
-42.14
-42.9222
-43.7104
-44.5052
-45.3073
-46.1173
-46.9357
-47.7632
-48.6
-49.4464
-50.3027
-51.1686
-52.044
-52.9284
-53.8212
-54.7211
-55.6269
-56.5368
-57.4488
-58.3602
-59.2681
-60.1693
-61.06
-61.9361
-62.7936
-63.6279
-64.4349
-65.2102
-65.95
-66.6508
-67.3099
-67.9252
-68.4953
-69.0197
-69.4988
-69.9335
-70.3255
-70.677
-70.9905
-71.2687
-71.5147
-71.7314
-71.9216
-72.0883
-72.234
-72.3611
-72.472
-72.5686
-72.6527
-72.726
-72.7898
-72.8454
-72.8939
-72.9363
-72.9733
-73.0058
-73.0342
-73.0592
-73.0811
-73.1005
-73.1176
-73.1327
-73.1462
-73.1581
-73.1687
-73.1782
-73.1867
-73.1943
-73.2011
-73.2072
-73.2127
-73.2177
-73.2222
-73.2262
-73.2299
-73.2332
-73.2362
-73.2389
-73.2413
-73.2435
-73.2454
-73.2471
-73.2487
-73.25
-73.2512
-73.2522
-73.2531
-73.2538
-73.2544
-73.2548
-73.2551
-73.2553
-73.2554
-73.2553
-73.2551
-73.2549
-73.2544
-73.2539
-73.2533
-73.2526
-73.2517
-73.2508
-73.2497
-73.2486
-73.2473
-73.246
-73.2445
-73.2429
-73.2413
-73.2395
-73.2376
-73.2357
-73.2336
-73.2315
-73.2292
-73.2268
-73.2244
-73.2218
-73.2192
-73.2164
-73.2135
-73.2106
-73.2075
-73.2044
-73.2011
-73.1978
-73.1943
-73.1908
-73.1871
-73.1834
-73.1796
-73.1756
-73.1716
-73.1674
-73.1632
-73.1589
-73.1544
-73.1499
-73.1453
-73.1405
-73.1357
-73.1308
-73.1258
-73.1206
-73.1154
-73.1101
-73.1047
-73.0992
-73.0936
-73.0879
-73.0821
-73.0762
-73.0702
-73.0641
-73.0579
-73.0516
-73.0452
-73.0387
-73.0321
-73.0255
-73.0187
-73.0118
-73.0049
-72.9978
-72.9906
-72.9834
-72.9761
-72.9686
-72.9611
-72.9535
-72.9457
-72.9379
-72.93
-72.922
-72.9139
-72.9057
-72.8975
-72.8891
-72.8806
-72.8721
-72.8634
-72.8547
-72.8459
-72.8369
-72.8279
-72.8188
-72.8096
-72.8004
-72.791
-72.7815
-72.772
-72.7624
-72.7526
-72.7428
-72.7329
-72.7229
-72.7129
-72.7027
-72.6925
-72.6821
-72.6717
-72.6612
-72.6507
-72.64
-72.6292
-72.6184
-72.6075
-72.5965
-72.5854
-72.5743
-72.563
-72.5517
-72.5403
-72.5288
-72.5172
-72.5056
-72.4939
-72.4821
-72.4702
-72.4582
-72.4462
-72.4341
-72.4219
-72.4096
-72.3973
-72.3849
-72.3724
-72.3598
-72.3472
-72.3345
-72.3217
-72.3088
-72.2959
-72.2829
-72.2698
-72.2567
-72.2435
-72.2302
-72.2168
-72.2034
-72.1899
-72.1764
-72.1628
-72.1491
-72.1353
-72.1215
-72.1076
-72.0937
-72.0796
-72.0656
-72.0514
-72.0372
-72.0229
-72.0086
-71.9942
-71.9798
-71.9652
-71.9507
-71.936
-71.9213
-71.9066
-71.8918
-71.8769
-71.862
-71.847
-71.832
-71.8169
-71.8017
-71.7865
-71.7713
-71.756
-71.7406
-71.7252
-71.7097
-71.6942
-71.6786
-71.663
-71.6473
-71.6316
-71.6159
-71.6
-71.5842
-71.5683
-71.5523
-71.5363
-71.5202
-71.5041
-71.488
-71.4718
-71.4556
-71.4393
-71.423
-71.4067
-71.3903
-71.3738
-71.3573
-71.3408
-71.3243
-71.3077
-71.291
-71.2743
-71.2576
-71.2409
-71.2241
-71.2073
-71.1904
-71.1735
-71.1566
-71.1396
-71.1226
-71.1056
-71.0885
-71.0714
-71.0543
-71.0372
-71.02
-71.0028
-70.9855
-70.9682
-70.9509
-70.9336
-70.9162
-70.8989
-70.8815
-70.864
-70.8465
-70.8291
-70.8115
-70.794
-70.7764
-70.7589
-70.7413
-70.7236
-70.706
-70.6883
-70.6706
-70.6529
-70.6352
-70.6174
-70.5997
-70.5819
-70.5641
-70.5462
-70.5284
-70.5105
-70.4927
-70.4748
-70.4569
-70.439
-70.421
-70.4031
-70.3851
-70.3672
-70.3492
-70.3312
-70.3132
-70.2952
-70.2771
-70.2591
-70.241
-70.223
-70.2049
-70.1868
-70.1688
-70.1507
-70.1326
-70.1145
-70.0964
-70.0783
-70.0601
-70.042
-70.0239
-70.0058
-69.9876
-69.9695
-69.9513
-69.9332
-69.915
-69.8969
-69.8787
-69.8606
-69.8424
-69.8243
-69.8061
-69.788
-69.7698
-69.7517
-69.7336
-69.7154
-69.6973
-69.6791
-69.661
-69.6429
-69.6247
-69.6066
-69.5885
-69.5704
-69.5523
-69.5342
-69.5161
-69.498
-69.4799
-69.4619
-69.4438
-69.4257
-69.4077
-69.3897
-69.3716
-69.3536
-69.3356
-69.3176
-69.2996
-69.2816
-69.2637
-69.2457
-69.2278
-69.2098
-69.1919
-69.174
-69.1561
-69.1382
-69.1204
-69.1025
-69.0847
-69.0669
-69.0491
-69.0313
-69.0135
-68.9957
-68.978
-68.9602
-68.9425
-68.9248
-68.9072
-68.8895
-68.8719
-68.8542
-68.8366
-68.819
-68.8015
-68.7839
-68.7664
-68.7489
-68.7314
-68.7139
-68.6965
-68.679
-68.6616
-68.6442
-68.6269
-68.6095
-68.5922
-68.5749
-68.5576
-68.5404
-68.5231
-68.5059
-68.4887
-68.4716
-68.4544
-68.4373
-68.4202
-68.4032
-68.3861
-68.3691
-68.3521
-68.3351
-68.3182
-68.3013
-68.2844
-68.2675
-68.2507
-68.2339
-68.2171
-68.2004
-68.1836
-68.1669
-68.1503
-68.1336
-67.976
-67.7269
-67.4108
-67.0427
-66.6337
-66.1922
-65.7248
-65.2369
-64.7328
-64.2161
-63.6897
-63.156
-62.617
-62.0744
-61.5295
-60.9836
-60.4375
-59.8921
-59.3481
-58.806
-58.2661
-57.7289
-57.1947
-56.6634
-56.1353
-55.6102
-55.0882
-54.5691
-54.0526
-53.5384
-53.0261
-52.5153
-52.0053
-51.4956
-50.9853
-50.4737
-49.9598
-49.4424
-48.9205
-48.3926
-47.8573
-47.3129
-46.7577
-46.1895
-45.6061
-45.0049
-44.3833
-43.7379
-43.0654
-42.3617
-41.6225
-40.8426
-40.0165
-39.1378
-38.1992
-37.1926
-36.1086
-34.9367
-33.665
-32.2802
-30.7672
-29.1093
-27.2883
-25.2846
-23.0775
-20.6464
-17.9719
-15.0381
-11.8352
-8.36352
-4.63789
-0.691946
3.41833
7.61375
11.7947
15.8486
19.661
23.1285
26.1709
28.7392
30.8189
32.4264
33.6022
34.4011
34.8831
35.1063
35.1225
34.9747
34.6976
34.3177
33.8551
33.3248
32.7381
32.1033
31.4269
30.7139
29.9684
29.1936
28.3926
27.5677
26.7213
25.8553
24.9717
24.0723
23.1585
22.2321
21.2943
20.3467
19.3905
18.4269
17.457
16.482
15.5028
14.5204
13.5357
12.5494
11.5625
10.5755
9.5891
8.604
7.6207
6.63972
5.66154
4.68658
3.71523
2.74785
1.78473
0.82617
-0.127587
-1.07632
-2.01985
-2.958
-3.89064
-4.81765
-5.73894
-6.65444
-7.5641
-8.46787
-9.36574
-10.2577
-11.1438
-12.024
-12.8985
-13.7671
-14.6301
-15.4875
-16.3394
-17.186
-18.0273
-18.8635
-19.6948
-20.5213
-21.3433
-22.1611
-22.9748
-23.7847
-24.5911
-25.3944
-26.1949
-26.993
-27.7892
-28.5839
-29.3775
-30.1708
-30.9641
-31.7582
-32.5538
-33.3515
-34.1522
-34.9566
-35.7657
-36.5802
-37.4013
-38.2298
-39.0667
-39.9133
-40.7704
-41.6392
-42.5207
-43.416
-44.326
-45.2515
-46.1934
-47.1522
-48.1282
-49.1214
-50.1316
-51.1579
-52.1991
-53.2533
-54.3178
-55.3895
-56.4641
-57.5368
-58.6019
-59.6529
-60.6831
-61.6853
-62.6521
-63.5769
-64.4531
-65.2755
-66.0399
-66.7435
-67.3851
-67.9646
-68.4836
-68.9446
-69.3511
-69.7071
-70.0171
-70.2856
-70.5173
-70.7165
-70.8874
-71.0336
-71.1586
-71.2655
-71.3568
-71.435
-71.502
-71.5595
-71.609
-71.6517
-71.6888
-71.7211
-71.7493
-71.7741
-71.796
-71.8155
-71.8329
-71.8485
-71.8627
-71.8756
-71.8875
-71.8984
-71.9086
-71.9181
-71.927
-71.9354
-71.9434
-71.951
-71.9583
-71.9653
-71.972
-71.9785
-71.9848
-71.991
-71.997
-72.0028
-72.0085
-72.0141
-72.0195
-72.0249
-72.0302
-72.0353
-72.0404
-72.0454
-72.0503
-72.0551
-72.0598
-72.0645
-72.069
-72.0735
-72.078
-72.0823
-72.0866
-72.0908
-72.0949
-72.099
-72.103
-72.1069
-72.1107
-72.1145
-72.1182
-72.1218
-72.1253
-72.1288
-72.1321
-72.1354
-72.1387
-72.1418
-72.1449
-72.1479
-72.1508
-72.1536
-72.1563
-72.159
-72.1616
-72.164
-72.1665
-72.1688
-72.171
-72.1732
-72.1752
-72.1772
-72.1791
-72.1809
-72.1826
-72.1843
-72.1858
-72.1873
-72.1886
-72.1899
-72.1911
-72.1922
-72.1932
-72.1941
-72.1949
-72.1956
-72.1962
-72.1968
-72.1972
-72.1976
-72.1978
-72.198
-72.1981
-72.198
-72.1979
-72.1977
-72.1974
-72.197
-72.1965
-72.1959
-72.1952
-72.1944
-72.1935
-72.1925
-72.1915
-72.1903
-72.189
-72.1877
-72.1862
-72.1846
-72.183
-72.1812
-72.1793
-72.1774
-72.1753
-72.1732
-72.171
-72.1686
-72.1662
-72.1636
-72.161
-72.1583
-72.1554
-72.1525
-72.1495
-72.1464
-72.1431
-72.1398
-72.1364
-72.1329
-72.1293
-72.1256
-72.1218
-72.1179
-72.1139
-72.1098
-72.1056
-72.1013
-72.097
-72.0925
-72.0879
-72.0833
-72.0785
-72.0736
-72.0687
-72.0636
-72.0585
-72.0533
-72.048
-72.0425
-72.037
-72.0314
-72.0257
-72.0199
-72.014
-72.0081
-72.002
-71.9958
-71.9896
-71.9832
-71.9768
-71.9703
-71.9636
-71.9569
-71.9501
-71.9433
-71.9363
-71.784
-71.5403
-71.2318
-70.8749
-70.4813
-70.0598
-69.6173
-69.1593
-68.69
-68.2131
-67.7313
-67.247
-66.7621
-66.2782
-65.7965
-65.3183
-64.8443
-64.3754
-63.9122
-63.4552
-63.0049
-62.5616
-62.1256
-61.6972
-61.2765
-60.8638
-60.4591
-60.0624
-59.6739
-59.2934
-58.9211
-58.5569
-58.2006
-57.8523
-57.5118
-57.1789
-56.8537
-56.5358
-56.2253
-55.9218
-55.6252
-55.3354
-55.0521
-54.7752
-54.5044
-54.2396
-53.9804
-53.7267
-53.4784
-53.235
-52.9965
-52.7626
-52.533
-52.3076
-52.0861
-51.8683
-51.6539
-51.4427
-51.2345
-51.0291
-50.8262
-50.6256
-50.4271
-50.2304
-50.0353
-49.8416
-49.6491
-49.4575
-49.2666
-49.0761
-48.8858
-48.6955
-48.5049
-48.3138
-48.1219
-47.929
-47.7347
-47.5389
-47.3411
-47.1411
-46.9387
-46.7334
-46.525
-46.313
-46.0971
-45.877
-45.6521
-45.4221
-45.1864
-44.9446
-44.6961
-44.4404
-44.1768
-43.9047
-43.6234
-43.332
-43.0299
-42.716
-42.3895
-42.0492
-41.6941
-41.3228
-40.9342
-40.5266
-40.0985
-39.6483
-39.1739
-38.6733
-38.1444
-37.5846
-36.9912
-36.3615
-35.6922
-34.9799
-34.221
-33.4114
-32.547
-31.6231
-30.635
-29.5777
-28.4459
-27.2343
-25.9377
-24.551
-23.0693
-21.4886
-19.8058
-18.0189
-16.1281
-14.1356
-12.0466
-9.86974
-7.6177
-5.30743
-2.96047
-0.602874
1.73522
4.02044
6.21747
8.29082
10.2069
11.9363
13.4556
14.749
15.8093
16.6374
17.2413
17.6348
17.8357
17.8636
17.7389
17.4812
17.1089
16.6385
16.0845
15.4595
14.7744
14.0383
13.259
12.4433
11.5966
10.724
9.82959
8.91693
7.98919
7.04912
6.0991
5.14128
4.17751
3.20947
2.23863
1.26629
0.293613
-0.678364
-1.64873
-2.61669
-3.58152
-4.5426
-5.49938
-6.45139
-7.39822
-8.33952
-9.275
-10.2044
-11.1275
-12.0442
-12.9543
-13.8577
-14.7544
-15.6444
-16.5276
-17.4041
-18.2739
-19.1371
-19.9939
-20.8443
-21.6885
-22.5266
-23.359
-24.1858
-25.0072
-25.8236
-26.6352
-27.4425
-28.2458
-29.0454
-29.8419
-30.6356
-31.4272
-32.2171
-33.0059
-33.7943
-34.5828
-35.3721
-36.1631
-36.9563
-37.7527
-38.5529
-39.3579
-40.1685
-40.9855
-41.8098
-42.6422
-43.4837
-44.335
-45.1969
-46.07
-46.955
-47.8523
-48.7624
-49.6852
-50.6207
-51.5685
-52.528
-53.4981
-54.4772
-55.4635
-56.4544
-57.4469
-58.4376
-59.4222
-60.3964
-61.355
-62.2928
-63.2043
-64.0842
-64.9273
-65.61
-66.1791
-66.6552
-67.0501
-67.3722
-67.6279
-67.8232
-67.9636
-68.0546
-68.1013
-68.1088
-68.082
-68.0255
-67.9436
-67.8401
-67.7188
-67.5827
-67.4348
-67.2775
-67.1129
-66.9431
-66.7696
-66.5936
-66.4165
-66.2392
-66.0624
-65.8869
-65.7131
-65.5416
-65.3727
-65.2067
-65.0438
-64.8841
-64.7279
-64.5753
-64.4262
-64.2807
-64.1389
-64.0007
-63.8662
-63.7353
-63.608
-63.4842
-63.3639
-63.2471
-63.1337
-63.0236
-62.9168
-62.8132
-62.7127
-62.6154
-62.5211
-62.4298
-62.3414
-62.2558
-62.1731
-62.093
-62.0157
-61.9409
-61.8687
-61.799
-61.7318
-61.6669
-61.6044
-61.5442
-61.4862
-61.4304
-61.3767
-61.3251
-61.2756
-61.2281
-61.1825
-61.1388
-61.097
-61.0571
-61.0189
-60.9825
-60.9478
-60.9147
-60.8833
-60.8535
-60.8253
-60.7986
-60.7734
-60.7496
-60.7273
-60.7064
-60.6869
-60.6687
-60.6518
-60.6363
-60.6219
-60.6088
-60.5969
-60.5862
-60.5767
-60.5682
-60.5609
-60.5546
-60.5494
-60.5453
-60.5421
-60.54
-60.5388
-60.5385
-60.5392
-60.5407
-60.4302
-60.2556
-60.0398
-59.7962
-59.5339
-59.2592
-58.9769
-58.6904
-58.4023
-58.1146
-57.8289
-57.5462
-57.2675
-56.9933
-56.7242
-56.4607
-56.2029
-55.951
-55.7053
-55.4657
-55.2324
-55.0053
-54.7845
-54.5698
-54.3613
-54.1588
-53.9623
-53.7717
-53.5868
-53.4077
-53.2341
-53.0659
-52.9031
-52.7455
-52.5929
-52.4454
-52.3027
-52.1647
-52.0313
-51.9025
-51.6837
-51.4167
-51.1209
-50.8076
-50.484
-50.1552
-49.8246
-49.4948
-49.1676
-48.8443
-48.5258
-48.2126
-47.9053
-47.604
-47.3088
-47.0199
-46.7372
-46.4606
-46.1901
-45.9254
-45.6665
-45.4132
-45.1652
-44.9224
-44.6847
-44.4517
-44.2234
-43.9995
-43.7798
-43.5642
-43.3524
-43.1443
-42.9396
-42.7383
-42.5402
-42.3451
-42.1528
-41.9632
-41.7762
-41.5916
-41.4093
-41.2292
-41.0511
-40.875
-40.7007
-40.5282
-40.3573
-40.188
-40.0201
-39.8536
-39.6884
-39.5244
-39.3615
-39.1997
-39.0389
-38.8791
-38.7201
-38.562
-38.4046
-38.248
-38.092
-37.9366
-37.7818
-37.6275
-37.4737
-37.3203
-37.1672
-37.0146
-36.8622
-36.71
-36.5581
-36.4063
-36.2547
-36.1032
-35.9517
-35.8002
-35.6487
-35.497
-35.3453
-35.1934
-35.0412
-34.8888
-34.736
-34.5828
-34.4292
-34.2751
-34.1203
-33.965
-33.8089
-33.652
-33.4942
-33.3354
-33.1755
-33.0145
-32.8522
-32.6884
-32.5231
-32.356
-32.1872
-32.0163
-31.8432
-31.6678
-31.4897
-31.3089
-31.125
-30.9378
-30.747
-30.5523
-30.3534
-30.1499
-29.9414
-29.7276
-29.508
-29.2821
-29.0494
-28.8094
-28.5614
-28.305
-28.0393
-27.7638
-27.4777
-27.1802
-26.8706
-26.5479
-26.2115
-25.8604
-25.4938
-25.1109
-24.711
-24.2935
-23.8577
-23.4035
-22.9306
-22.4392
-21.9299
-21.4036
-20.8617
-20.3064
-19.7403
-19.1668
-18.59
-18.0147
-17.4464
-16.891
-16.3549
-15.8448
-15.3671
-14.9282
-14.5339
-14.1892
-13.8983
-13.6645

