-65
-64.9994
-64.9988
-64.9982
-64.9977
-64.9971
-64.9965
-64.996
-64.9954
-64.9949
-64.9943
-64.9938
-64.9932
-64.9927
-64.9922
-64.9917
-64.9912
-64.9906
-64.9901
-64.9896
-64.9891
-64.9886
-64.9881
-64.9876
-64.9872
-64.9867
-64.9862
-64.9857
-64.9852
-64.9848
-64.9843
-64.9838
-64.9834
-64.9829
-64.9825
-64.982
-64.9816
-64.9811
-64.9807
-64.9802
-64.9798
-64.9794
-64.9789
-64.9785
-64.9781
-64.9777
-64.9772
-64.9768
-64.9764
-64.976
-64.9756
-64.9752
-64.9748
-64.9744
-64.974
-64.9736
-64.9732
-64.9728
-64.9725
-64.9721
-64.9717
-64.9713
-64.971
-64.9706
-64.9702
-64.9699
-64.9695
-64.9692
-64.9688
-64.9685
-64.9681
-64.9678
-64.9675
-64.9671
-64.9668
-64.9665
-64.9661
-64.9658
-64.9655
-64.9652
-64.9649
-64.9646
-64.9642
-64.9639
-64.9636
-64.9633
-64.963
-64.9628
-64.9625
-64.9622
-64.9619
-64.9616
-64.9613
-64.9611
-64.9608
-64.9605
-64.9603
-64.96
-64.9598
-64.9595
-64.9592
-64.959
-64.9588
-64.9585
-64.9583
-64.958
-64.9578
-64.9576
-64.9573
-64.9571
-64.9569
-64.9567
-64.9565
-64.9562
-64.956
-64.9558
-64.9556
-64.9554
-64.9552
-64.955
-64.9548
-64.9546
-64.9545
-64.9543
-64.9541
-64.9539
-64.9537
-64.9536
-64.9534
-64.9532
-64.9531
-64.9529
-64.9527
-64.9526
-64.9524
-64.9523
-64.9521
-64.952
-64.9519
-64.9517
-64.9516
-64.9514
-64.9513
-64.9512
-64.9511
-64.9509
-64.9508
-64.9507
-64.9506
-64.9505
-64.9504
-64.9503
-64.9502
-64.95
-64.9499
-64.9499
-64.9498
-64.9497
-64.9496
-64.9495
-64.9494
-64.9493
-64.9492
-64.9492
-64.9491
-64.949
-64.9489
-64.9489
-64.9488
-64.9487
-64.9487
-64.9486
-64.9486
-64.9485
-64.9485
-64.9484
-64.9484
-64.9483
-64.9483
-64.9482
-64.9482
-64.9482
-64.9481
-64.9481
-64.9481
-64.948
-64.948
-64.948
-64.948
-64.948
-64.9479
-64.9479
-64.9479
-64.9479
-64.9479
-64.9479
-64.9479
-64.9479
-64.9479
-64.9479
-64.9479
-64.9479
-64.9479
-64.9479
-64.9479
-64.9479
-64.9479
-64.9479
-64.948
-64.948
-64.948
-64.948
-64.9481
-64.9481
-64.9481
-64.9481
-64.9482
-64.9482
-64.9482
-64.9483
-64.9483
-64.9483
-64.9484
-64.9484
-64.9485
-64.9485
-64.9486
-64.9486
-64.9487
-64.9487
-64.9488
-64.9488
-64.9489
-64.9489
-64.949
-64.9491
-64.9491
-64.9492
-64.9492
-64.9493
-64.9494
-64.9494
-64.9495
-64.9496
-64.9497
-64.9497
-64.9498
-64.9499
-64.95
-64.95
-64.9501
-64.9502
-64.9503
-64.9504
-64.9504
-64.9505
-64.9506
-64.9507
-64.9508
-64.9509
-64.951
-64.951
-64.9511
-64.9512
-64.9513
-64.9514
-64.9515
-64.9516
-64.9517
-64.9518
-64.9519
-64.952
-64.9521
-64.9522
-64.9523
-64.9524
-64.9525
-64.9526
-64.9527
-64.9528
-64.9529
-64.953
-64.9532
-64.9533
-64.9534
-64.9535
-64.9536
-64.9537
-64.9538
-64.9539
-64.954
-64.9542
-64.9543
-64.9544
-64.9545
-64.9546
-64.9547
-64.9548
-64.955
-64.9551
-64.9552
-64.9553
-64.9554
-64.9556
-64.9557
-64.9558
-64.9559
-64.956
-64.9562
-64.9563
-64.9564
-64.9565
-64.9566
-64.9568
-64.9569
-64.957
-64.9571
-64.9573
-64.9574
-64.9575
-64.9576
-64.9578
-64.9579
-64.958
-64.9581
-64.9583
-64.9584
-64.9585
-64.9587
-64.9588
-64.9589
-64.959
-64.9592
-64.9593
-64.9594
-64.9595
-64.9597
-64.9598
-64.9599
-64.96
-64.9602
-64.9603
-64.9604
-64.9606
-64.9607
-64.9608
-64.9609
-64.9611
-64.9612
-64.9613
-64.9614
-64.9616
-64.9617
-64.9618
-64.962
-64.9621
-64.9622
-64.9623
-64.9625
-64.9626
-64.9627
-64.9628
-64.963
-64.9631
-64.9632
-64.9633
-64.9635
-64.9636
-64.9637
-64.9638
-64.964
-64.9641
-64.9642
-64.9643
-64.9645
-64.9646
-64.9647
-64.9648
-64.9649
-64.9651
-64.9652
-64.9653
-64.9654
-64.9655
-64.9657
-64.9658
-64.9659
-64.966
-64.9661
-64.9663
-64.9664
-64.9665
-64.9666
-64.9667
-64.9668
-64.967
-64.9671
-64.9672
-64.9673
-64.9674
-64.9675
-64.9677
-64.9678
-64.9679
-64.968
-64.9681
-64.9682
-64.9683
-64.9684
-64.9685
-64.9687
-64.9688
-64.9689
-64.969
-64.9691
-64.9692
-64.9693
-64.9694
-64.9695
-64.9696
-64.9697
-64.9698
-64.9699
-64.97
-64.9701
-64.9702
-64.9703
-64.9704
-64.9705
-64.9706
-64.9707
-64.9708
-64.9709
-64.971
-64.9711
-64.9712
-64.9713
-64.9714
-64.9715
-64.9716
-64.9717
-64.9718
-64.9719
-64.972
-64.9721
-64.9722
-64.9722
-64.9723
-64.9724
-64.9725
-64.9726
-64.9727
-64.9728
-64.9729
-64.9729
-64.973
-64.9731
-64.9732
-64.9733
-64.9734
-64.9734
-64.9735
-64.9736
-64.9737
-64.9738
-64.9738
-64.9739
-64.974
-64.9741
-64.9741
-64.9742
-64.9743
-64.9744
-64.9744
-64.9745
-64.9746
-64.9747
-64.9747
-64.9748
-64.9749
-64.9749
-64.975
-64.9751
-64.9751
-64.9752
-64.9753
-64.9753
-64.9754
-64.9755
-64.9755
-64.9756
-64.9757
-64.9757
-64.9758
-64.9758
-64.9759
-64.976
-64.976
-64.9761
-64.9761
-64.9762
-64.9762
-64.9763
-64.9764
-64.9764
-64.9765
-64.9765
-64.9766
-64.9766
-64.9767
-64.9767
-64.9768
-64.9768
-64.9769
-64.9769
-64.977
-64.977
-64.9771
-64.9771
-64.9771
-64.9772
-64.9772
-64.9773
-64.9773
-64.9774
-64.9774
-64.9774
-64.9775
-64.9775
-64.9776
-64.9776
-64.9776
-64.9777
-64.9777
-64.9778
-64.9778
-64.9778
-64.9779
-64.9779
-64.9779
-64.978
-64.978
-64.978
-64.9781
-64.9781
-64.9781
-64.9781
-64.9782
-64.9782
-64.9782
-64.9783
-64.9783
-64.9783
-64.8437
-64.6215
-64.3349
-63.9982
-63.6219
-63.2138
-62.7801
-62.326
-61.8555
-61.372
-60.878
-60.3759
-59.8675
-59.3542
-58.8372
-58.3176
-57.7961
-57.2733
-56.7498
-56.2258
-55.7015
-55.1771
-54.6525
-54.1276
-53.6022
-53.0759
-52.5483
-52.0189
-51.4869
-50.9515
-50.4119
-49.8669
-49.3153
-48.7557
-48.1866
-47.6062
-47.0123
-46.4029
-45.7753
-45.1266
-44.4536
-43.7526
-43.0195
-42.2496
-41.4374
-40.577
-39.6614
-38.6827
-37.6318
-36.4985
-35.2709
-33.9357
-32.4776
-30.8202
-28.9744
-26.9343
-24.6871
-22.2163
-19.5041
-16.5343
-13.2949
-9.78224
-6.00638
-1.9959
2.19729
6.49583
10.7988
14.9887
18.9435
22.5505
25.7213
28.4006
30.5706
32.2483
33.477
34.3159
34.8301
35.0823
35.1274
35.0111
34.769
34.4285
34.0097
33.5274
32.9925
32.413
31.795
31.1433
30.4614
29.7526
29.0194
28.2641
27.4888
26.6952
25.8852
25.0602
24.2217
23.3712
22.5099
21.639
20.7597
19.8731
18.9802
18.0819
17.1793
16.2731
15.3642
14.4533
13.5411
12.6283
11.7155
10.8033
9.89209
8.98251
8.07495
7.16984
6.26756
5.36845
4.47282
3.58097
2.69315
1.8096
0.93051
0.0560813
-0.813531
-1.67819
-2.53777
-3.39217
-4.2413
-5.08509
-5.92348
-6.75644
-7.58394
-8.40595
-9.22248
-10.0335
-10.8391
-11.6393
-12.434
-13.2235
-14.0076
-14.7865
-15.5603
-16.329
-17.0928
-17.8517
-18.6059
-19.3556
-20.1008
-20.8418
-21.5787
-22.3117
-23.0411
-23.767
-24.4898
-25.2098
-25.9271
-26.6423
-27.3556
-28.0674
-28.7782
-29.4884
-30.1986
-30.9091
-31.6206
-32.3337
-33.0489
-33.7671
-34.4888
-35.2148
-35.9459
-36.6828
-37.4264
-38.1775
-38.9368
-39.7054
-40.4838
-41.273
-42.0735
-42.8861
-43.7112
-44.549
-45.3998
-46.2633
-47.1391
-48.0263
-48.9237
-49.8295
-50.7412
-51.6561
-52.5706
-53.4806
-54.3815
-55.2684
-56.1359
-56.9785
-57.791
-58.5684
-59.3062
-60.0007
-60.6491
-61.2495
-61.8011
-62.3039
-62.7591
-63.1685
-63.5345
-63.8599
-64.148
-64.4022
-64.6257
-64.8218
-64.9938
-65.1445
-65.2766
-65.3926
-65.4947
-65.5847
-65.6645
-65.7355
-65.799
-65.856
-65.9077
-65.9547
-65.9978
-66.0376
-66.0746
-66.1092
-66.1418
-66.1727
-66.2021
-66.2303
-66.2575
-66.2838
-66.3094
-66.3343
-66.3587
-66.3827
-66.4062
-66.4294
-66.4524
-66.4751
-66.4976
-66.52
-66.5422
-66.5642
-66.5862
-66.6081
-66.6299
-66.6516
-66.6732
-66.6949
-66.7164
-66.7379
-66.7594
-66.7808
-66.8022
-66.8236
-66.8449
-66.8662
-66.8875
-66.9087
-66.9299
-66.9511
-66.9722
-66.9933
-67.0144
-67.0354
-67.0564
-67.0774
-67.0983
-67.1192
-67.14
-67.1608
-67.1816
-67.2022
-67.2229
-67.2435
-67.264
-67.2845
-67.3049
-67.3253
-67.3456
-67.3659
-67.3861
-67.4062
-67.4262
-67.4462
-67.4662
-67.486
-67.5058
-67.5255
-67.5451
-67.5647
-67.4559
-67.2721
-67.039
-66.7718
-66.481
-66.174
-65.8564
-65.5321
-65.2045
-64.8759
-64.5481
-64.2226
-63.9006
-63.5828
-63.2699
-62.9625
-62.661
-62.3656
-62.0766
-61.7942
-61.5184
-61.2493
-60.987
-60.7315
-60.4826
-60.2405
-60.005
-59.7761
-59.5536
-59.3375
-59.1277
-58.924
-58.7264
-58.5348
-58.3489
-58.1688
-57.9942
-57.8251
-57.6613
-57.5028
-57.3493
-57.2008
-57.0571
-56.9182
-56.7839
-56.6541
-56.5287
-56.4075
-56.2906
-56.1778
-56.0689
-55.9639
-55.8627
-55.7652
-55.6714
-55.581
-55.4941
-55.4105
-55.3302
-55.2531
-55.1791
-55.1082
-55.0403
-54.9753
-54.9131
-54.8537
-54.7971
-54.7431
-54.6917
-54.6429
-54.5966
-54.5527
-54.5113
-54.4722
-54.4354
-54.4009
-54.3686
-54.3385
-54.3105
-54.2846
-54.2607
-54.2389
-54.2191
-54.2012
-54.1852
-54.1711
-54.1589
-54.1485
-54.1399
-54.133
-54.1278
-54.1244
-54.1226
-54.1225
-54.124
-54.1271
-54.1318
-54.138
-54.1457
-54.1549
-54.1656
-54.1777
-54.1913
-54.2062
-54.2226
-54.2403
-54.2593
-54.2797
-54.1988
-54.0592
-53.8808
-53.6754
-53.451
-53.2132
-52.9661
-52.7128
-52.4558
-52.1968
-51.9372
-51.678
-51.4201
-51.164
-50.9104
-50.6595
-50.4117
-50.1671
-49.926
-49.6883
-49.4543
-49.2239
-48.9971
-48.7739
-48.5543
-48.3382
-48.1256
-47.9163
-47.7104
-47.5076
-47.3079
-47.1113
-46.9174
-46.7264
-46.5379
-46.352
-46.1684
-45.9871
-45.8079
-45.6307
-45.4554
-45.2818
-45.1099
-44.9394
-44.7702
-44.6023
-44.4354
-44.2696
-44.1045
-43.9402
-43.7764
-43.6131
-43.4501
-43.2873
-43.1245
-42.9617
-42.7986
-42.6352
-42.4714
-42.3068
-42.1416
-41.9753
-41.8081
-41.6396
-41.4697
-41.2983
-41.1252
-40.9502
-40.7731
-40.5938
-40.412
-40.2276
-40.0403
-39.8499
-39.6562
-39.459
-39.2579
-39.0527
-38.8432
-38.629
-38.4099
-38.1854
-37.9552
-37.7191
-37.4765
-37.2271
-36.9704
-36.7059
-36.4333
-36.1518
-35.8611
-35.5605
-35.2493
-34.9269
-34.5927
-34.2458
-33.8854
-33.5107
-33.1209
-32.7149
-32.2917
-31.8504
-31.3897
-30.9084
-30.4054
-29.8792
-29.3286
-28.7521
-28.1482
-27.5154
-26.8521
-26.1568
-25.428
-24.664
-23.8636
-23.0254
-22.1484
-21.2319
-20.2754
-19.2793
-18.2445
-17.1727
-16.067
-14.9316
-13.7723
-12.5965
-11.4138
-10.2351
-9.07343
-7.94294
-6.85874
-5.83609
-4.88968
-4.03276
-3.27648
-2.62935
-2.0969
-1.68162
-1.38316
-1.19867
-1.12327
-1.15059
-1.27322
-1.48322
-1.77244
-2.13287
-2.55678
-3.03693
-3.56657
-4.13954
-4.75027
-5.39369
-6.0653
-6.76104
-7.47732
-8.21093
-8.95902
-9.71905
-10.4888
-11.2662
-12.0496
-12.8373
-13.6281
-14.4206
-15.2138
-16.0067
-16.7986
-17.5886
-18.3762
-19.1609
-19.9421
-20.7195
-21.4928
-22.2617
-23.0259
-23.7855
-24.5402
-25.2901
-26.035
-26.7751
-27.5103
-28.2409
-28.967
-29.6887
-30.4062
-31.1199
-31.8299
-32.5366
-33.2403
-33.9413
-34.6402
-35.3372
-36.0328
-36.7275
-37.4217
-38.116
-38.8109
-39.5069
-40.2046
-40.9045
-41.6073
-42.3134
-43.0235
-43.7381
-44.4577
-45.183
-45.9143
-46.6523
-47.3971
-48.1493
-48.909
-49.6764
-50.4515
-51.2342
-52.0243
-52.8211
-53.6241
-54.4323
-55.2445
-56.059
-56.874
-57.5843
-58.2312
-58.8321
-59.3952
-59.9246
-60.4218
-60.8871
-61.3201
-61.7199
-62.0853
-62.4155
-62.7099
-62.9681
-63.1904
-63.3773
-63.5302
-63.6504
-63.7399
-63.801
-63.836
-63.8473
-63.8376
-63.8093
-63.7648
-63.7064
-63.6362
-63.556
-63.4678
-63.3729
-63.2728
-63.1687
-63.0617
-62.9528
-62.8426
-62.7318
-62.6211
-62.511
-62.4017
-62.2938
-62.1874
-62.0828
-61.9801
-61.8796
-61.7813
-61.6854
-61.5919
-61.5009
-61.4123
-61.3262
-61.2427
-61.1617
-61.0832
-61.0072
-60.9337
-60.8626
-60.7939
-60.7276
-60.6637
-60.6021
-60.5428
-60.4857
-60.4308
-60.378
-60.3274
-60.2789
-60.2324
-60.1879
-60.1453
-60.1047
-60.0659
-60.029
-59.9939
-59.9605
-59.9289
-59.8989
-59.8706
-59.8439
-59.8188
-59.7953
-59.7733
-59.7527
-59.7336
-59.7159
-59.6997
-59.6847
-59.6711
-59.6588
-59.6478
-59.638
-59.6295
-59.6221
-59.6159
-59.6109
-59.6069
-59.6041
-59.6023
-59.6016
-59.6019
-59.6032
-59.6054
-59.6087
-59.6128
-59.6179
-59.6239
-59.6307
-59.6384
-59.6469
-59.6563
-59.6665
-59.6774
-59.6891
-59.7015
-59.7147
-59.7286
-59.7432
-59.7584
-59.7744
-59.7909
-59.8082
-59.826
-59.8444
-59.8634
-59.883
-59.9032
-59.9239
-59.9452
-59.9669
-59.9892
-60.012
-60.0353
-60.059
-60.0832
-60.1078
-60.1329
-60.1584
-60.1843
-60.2106
-60.2373
-60.2644
-60.2919
-60.3197
-60.3478
-60.3763
-60.4052
-60.4343
-60.4638
-60.4936
-60.5237
-60.554
-60.5846
-60.6155
-60.6467
-60.6781
-60.7097
-60.7416
-60.7737
-60.806
-60.8386
-60.8713
-60.9042
-60.9373
-60.9706
-61.0041
-61.0377
-61.0715
-61.1055
-61.1396
-61.1738
-61.2082
-61.2427
-61.2773
-61.312
-61.3469
-61.3818
-61.4169
-61.452
-61.4872
-61.5225
-61.5579
-61.5934
-61.6289
-61.6644
-61.7001
-61.7358
-61.7715
-61.8073
-61.8431
-61.8789
-61.9148
-61.9506
-61.9865
-62.0225
-62.0584
-62.0943
-62.1303
-62.1662
-62.2021
-62.2381
-62.274
-62.3099
-62.3457
-62.3816
-62.4174
-62.4532
-62.489
-62.5247
-62.5604
-62.596
-62.6316
-62.6671
-62.7026
-62.738
-62.7734
-62.8087
-62.844
-62.8792
-62.9143
-62.9493
-62.9843
-63.0192
-63.054
-63.0887
-63.1234
-63.158
-63.1924
-63.2268
-63.2611
-63.2953
-63.3294
-63.3634
-63.3973
-63.4311
-63.4648
-63.4984
-63.5319
-63.5653
-63.5986
-63.6317
-63.6648
-63.6977
-63.7305
-63.7632
-63.7958
-63.8282
-63.8605
-63.8927
-63.9248
-63.9568
-63.9886
-64.0203
-64.0518
-64.0833
-64.1146
-64.1457
-64.1768
-64.2076
-64.2384
-64.269
-64.2995
-64.3298
-64.36
-64.3901
-64.42
-64.4497
-64.4794
-64.5088
-64.5382
-64.5673
-64.5964
-64.6253
-64.654
-64.6826
-64.711
-64.7393
-64.7675
-64.7954
-64.8233
-64.851
-64.8785
-64.9059
-64.9331
-64.9601
-64.987
-65.0138
-65.0404
-65.0668
-65.0931
-65.1192
-65.1452
-65.171
-65.1967
-65.2222
-65.2475
-65.2727
-65.2977
-65.3226
-65.3473
-65.3718
-65.3962
-65.4204
-65.4445
-65.4684
-65.4921
-65.5157
-65.5391
-65.5624
-65.5855
-65.6084
-65.6312
-65.6538
-65.6763
-65.6986
-65.7207
-65.7427
-65.7645
-65.7861
-65.8076
-65.829
-65.8501
-65.8712
-65.892
-65.9127
-65.9332
-65.9536
-65.9738
-65.9939
-66.0138
-66.0335
-66.0531
-66.0726
-66.0918
-66.1109
-66.1299
-66.1487
-66.1673
-66.1858
-66.2041
-66.2223
-66.2403
-66.2581
-66.2758
-66.2934
-66.3107
-66.328
-66.345
-66.362
-66.3787
-66.3954
-66.4118
-66.4281
-66.4443
-66.4603
-66.4761
-66.3568
-66.1515
-65.8845
-65.5707
-65.2208
-64.8428
-64.4432
-64.0269
-63.598
-63.1597
-62.7147
-62.2653
-61.8131
-61.3597
-60.9064
-60.4541
-60.0038
-59.5562
-59.1118
-58.6713
-58.2349
-57.8032
-57.3763
-56.9544
-56.5379
-56.1266
-55.7208
-55.3205
-54.9257
-54.5363
-54.1522
-53.7734
-53.3996
-53.0308
-52.6667
-52.3071
-51.9518
-51.6004
-51.2527
-50.9083
-50.5668
-50.228
-49.8913
-49.5563
-49.2227
-48.8898
-48.5572
-48.2244
-47.8907
-47.5555
-47.2183
-46.8784
-46.5349
-46.1872
-45.8345
-45.4759
-45.1104
-44.7372
-44.3551
-43.9629
-43.5596
-43.1438
-42.714
-42.2687
-41.8063
-41.3248
-40.8223
-40.2966
-39.7454
-39.1659
-38.5553
-37.9105
-37.2279
-36.5037
-35.7337
-34.9132
-34.0373
-33.1003
-32.0962
-31.0185
-29.8602
-28.6139
-27.2715
-25.8251
-24.2665
-22.5875
-20.7809
-18.8403
-16.7612
-14.5417
-12.1837
-9.69392
-7.0851
-4.37735
-1.59893
1.21342
4.01498
6.7547
9.37805
11.831
14.0646
16.0393
17.7281
19.1185
20.2116
21.0202
21.566
21.8757
21.9782
21.9021
21.6742
21.3181
20.8547
20.3013
19.6726
18.9808
18.2359
17.4462
16.6187
15.7591
14.8724
13.9628
13.0339
12.0889
11.1305
10.1612
9.18322
8.19843
7.20857
6.2152
5.2197
4.22333
3.2272
2.23231
1.23956
0.249727
-0.736469
-1.7184
-2.69553
-3.66736
-4.63347
-5.5935
-6.54714
-7.49412
-8.43423
-9.36727
-10.2931
-11.2117
-12.1228
-13.0265
-13.9228
-14.8116
-15.693
-16.567
-17.4336
-18.2931
-19.1455
-19.9909
-20.8295
-21.6614
-22.4869
-23.3062
-24.1195
-24.927
-25.7292
-26.5262
-27.3185
-28.1063
-28.8901
-29.6704
-30.4475
-31.222
-31.9943
-32.7651
-33.5349
-34.3043
-35.0741
-35.8447
-36.6171
-37.3919
-38.1699
-38.9519
-39.7387
-40.531
-41.3299
-42.136
-42.9503
-43.7734
-44.6062
-45.4493
-46.3034
-47.169
-48.0464
-48.9359
-49.8375
-50.7509
-51.6755
-52.6106
-53.5548
-54.5064
-55.4633
-56.4226
-57.3811
-58.3352
-59.2804
-60.212
-61.1251
-62.0143
-62.8743
-63.7001
-64.4868
-65.2304
-65.9273
-66.5752
-67.1725
-67.7187
-68.2145
-68.6611
-69.0607
-69.4161
-69.7303
-70.0069
-70.2492
-70.4608
-70.645
-70.8051
-70.944
-71.0643
-71.1686
-71.259
-71.3373
-71.4054
-71.4645
-71.5161
-71.5612
-71.6008
-71.6356
-71.6663
-71.6935
-71.7178
-71.7395
-71.7591
-71.7767
-71.7928
-71.8075
-71.821
-71.8334
-71.845
-71.8558
-71.8659
-71.8754
-71.8844
-71.8929
-71.9011
-71.9088
-71.9163
-71.9235
-71.9304
-71.9372
-71.9437
-71.95
-71.9561
-71.9621
-71.9679
-71.9736
-71.9791
-71.9846
-71.9899
-71.9951
-72.0002
-72.0052
-72.01
-72.0148
-72.0195
-72.0241
-72.0286
-72.033
-72.0373
-72.0415
-72.0457
-72.0497
-72.0537
-72.0576
-72.0613
-72.065
-72.0686
-72.0722
-72.0756
-72.0789
-72.0822
-72.0853
-72.0884
-72.0914
-72.0943
-72.0971
-72.0998
-72.1024
-72.105
-72.1074
-72.1098
-72.112
-72.1142
-72.1162
-72.1182
-72.1201
-72.1219
-72.1236
-72.1252
-72.1267
-72.1281
-72.1294
-72.1307
-72.1318
-72.1328
-72.1337
-72.1346
-72.1353
-72.1359
-72.1365
-72.1369
-72.1373
-72.1375
-72.1377
-72.1377
-72.1377
-72.1375
-72.1373
-72.137
-72.1365
-72.136
-72.1353
-72.1346
-72.1337
-72.1328
-72.1318
-72.1306
-72.1294
-72.128
-72.1266
-72.1251
-72.1234
-72.1217
-72.1198
-72.1179
-72.1159
-72.1137
-72.1115
-72.1091
-72.1067
-72.1042
-72.1015
-72.0988
-72.0959
-72.093
-72.09
-72.0868
-72.0836
-72.0803
-72.0768
-72.0733
-72.0697
-72.0659
-72.0621
-72.0582
-72.0541
-72.05
-72.0458
-72.0415
-72.0371
-72.0326
-72.0279
-72.0232
-72.0184
-72.0135
-72.0085
-72.0035
-71.9983
-71.993
-71.9876
-71.9821
-71.9766
-71.9709
-71.9652
-71.9593
-71.9534
-71.9473
-71.9412
-71.935
-71.9287
-71.9223
-71.9158
-71.9092
-71.9025
-71.8957
-71.8889
-71.8819
-71.8749
-71.8678
-71.8605
-71.8532
-71.8458
-71.8384
-71.8308
-71.8231
-71.8154
-71.8075
-71.7996
-71.7916
-71.7835
-71.7754
-71.7671
-71.7588
-71.7503
-71.7418
-71.7332
-71.7246
-71.7158
-71.707
-71.698
-71.689
-71.6799
-71.6708
-71.6615
-71.6522
-71.6428
-71.6333
-71.6238
-71.6141
-71.6044
-71.5946
-71.5848
-71.5748
-71.5648
-71.5547
-71.5445
-71.5343
-71.524
-71.5136
-71.5031
-71.4926
-71.482
-71.4713
-71.4606
-71.4497
-71.4388
-71.4279
-71.4169
-71.4058
-71.3946
-71.3834
-71.3721
-71.215
-70.965
-70.6481
-70.2805
-69.8737
-69.4365
-68.976
-68.4976
-68.0058
-67.5042
-66.9957
-66.483
-65.9678
-65.4521
-64.9371
-64.424
-63.9139
-63.4076
-62.9059
-62.4092
-61.9182
-61.4333
-60.9548
-60.483
-60.0182
-59.5605
-59.1101
-58.6672
-58.2316
-57.8035
-57.3829
-56.9697
-56.5638
-56.1652
-55.7736
-55.389
-55.0111
-54.6399
-54.2749
-53.916
-53.563
-53.2154
-52.8731
-52.5357
-52.2028
-51.8741
-51.5493
-51.2278
-50.9093
-50.5934
-50.2796
-49.9675
-49.6565
-49.3462
-49.036
-48.7254
-48.4137
-48.1005
-47.785
-47.4666
-47.1446
-46.8183
-46.4869
-46.1495
-45.8054
-45.4534
-45.0927
-44.7222
-44.3407
-43.9469
-43.5395
-43.1171
-42.678
-42.2205
-41.7427
-41.2425
-40.7176
-40.1656
-39.5836
-38.9687
-38.3175
-37.6262
-36.891
-36.1072
-35.27
-34.374
-33.4134
-32.3816
-31.2719
-30.0767
-28.7883
-27.3983
-25.8982
-24.2798
-22.5347
-20.6557
-18.6369
-16.4742
-14.1669
-11.7181
-9.13613
-6.43546
-3.63774
-0.772192
2.12444
5.00872
7.83222
10.5439
13.0932
15.4338
17.5267
19.3434
20.8677
22.0959
23.036
23.7057
24.129
24.3333
24.3473
24.1983
23.9115
23.5089
23.0093
22.4287
21.7802
21.0745
20.3206
19.5259
18.6964
17.8374
16.9531
16.0473
15.1232
14.1837
13.2312
12.268
11.296
10.3169
9.33251
8.34409
7.35299
6.36038
5.3673
4.37471
3.38345
2.3943
1.40794
0.424984
-0.554029
-1.52862
-2.49836
-3.46287
-4.42186
-5.37502
-6.32214
-7.26302
-8.19748
-9.12541
-10.0467
-10.9613
-11.8691
-12.7702
-13.6645
-14.552
-15.4329
-16.3071
-17.1747
-18.0359
-18.8908
-19.7395
-20.5822
-21.419
-22.2502
-23.076
-23.8966
-24.7124
-25.5236
-26.3305
-27.1336
-27.9331
-28.7296
-29.5235
-30.3153
-31.1054
-31.8945
-32.6832
-33.472
-34.2618
-35.0531
-35.8468
-36.6437
-37.4445
-38.2501
-39.0614
-39.8793
-40.7047
-41.5386
-42.3819
-43.2354
-44.1001
-44.9767
-45.866
-46.7686
-47.685
-48.6155
-49.5601
-50.5186
-51.4905
-52.4747
-53.47
-54.4745
-55.4855
-56.5001
-57.5145
-58.5244
-59.5249
-60.5107
-61.4759
-62.4146
-63.3207
-64.1886
-65.013
-65.7894
-66.5142
-67.185
-67.8005
-68.3604
-68.8657
-69.3184
-69.721
-70.0769
-70.3896
-70.6632
-70.9014
-71.1082
-71.2871
-71.4416
-71.5748
-71.6896
-71.7884
-71.8735
-71.9468
-72.0101
-72.0648
-72.1121
-72.1532
-72.189
-72.2203
-72.2477
-72.2718
-72.2931
-72.312
-72.3288
-72.344
-72.3576
-72.3699
-72.3811
-72.3913
-72.4007
-72.4094
-72.4175
-72.425
-72.4321
-72.4387
-72.445
-72.4509
-72.4566
-72.462
-72.4671
-72.4721
-72.4768
-72.4814
-72.4858
-72.49
-72.4941
-72.4981
-72.502
-72.5057
-72.5093
-72.5128
-72.5162
-72.5196
-72.5228
-72.5259
-72.5289
-72.5318
-72.5346
-72.5374
-72.54
-72.5426
-72.5451
-72.5475
-72.5498
-72.552
-72.5541
-72.5562
-72.5581
-72.56
-72.5618
-72.5635
-72.5651
-72.5666
-72.568
-72.5694
-72.5706
-72.5718
-72.5729
-72.5739
-72.5748
-72.5756
-72.5763
-72.5769
-72.5774
-72.5779
-72.5782
-72.5785
-72.5787
-72.5787
-72.5787
-72.5786
-72.5784
-72.5781
-72.5777
-72.5772
-72.5767
-72.576
-72.5752
-72.5744
-72.5734
-72.5724
-72.5712
-72.57
-72.5686
-72.5672
-72.5656
-72.564
-72.5623
-72.5605
-72.5585
-72.5565
-72.5544
-72.5522
-72.5499
-72.5475
-72.545
-72.5424
-72.5397
-72.5369
-72.534
-72.531
-72.5279
-72.5248
-72.5215
-72.5181
-72.5146
-72.511
-72.5074
-72.5036
-72.4997
-72.4958
-72.4917
-72.4875
-72.4833
-72.4789
-72.4745
-72.4699
-72.4653
-72.4606
-72.4557
-72.4508
-72.4458
-72.4406
-72.4354
-72.4301
-72.4247
-72.4192
-72.4136
-72.4079
-72.4021
-72.3962
-72.3902
-72.3842
-72.378
-72.3717
-72.22
-71.9773
-71.6704
-71.3162
-70.9261
-70.5093
-70.0724
-69.6209
-69.1591
-68.6906
-68.218
-67.7437
-67.2696
-66.7971
-66.3276
-65.8621
-65.4014
-64.9463
-64.4974
-64.0552
-63.6201
-63.1924
-62.7724
-62.3603
-61.9562
-61.5604
-61.1728
-60.7935
-60.4225
-60.0599
-59.7056
-59.3595
-59.0216
-58.6918
-58.37
-58.0561
-57.7499
-57.4514
-57.1603
-56.8765
-56.5999
-56.3303
-56.0675
-55.8113
-55.5616
-55.3182
-55.0809
-54.8495
-54.6238
-54.4037
-54.189
-53.9794
-53.7748
-53.575
-53.3799
-53.1893
-53.0029
-52.8206
-52.6423
-52.4677
-52.2968
-52.1293
-51.9651
-51.804
-51.6459
-51.4907
-51.3382
-51.1882
-51.0406
-50.8954
-50.7522
-50.6111
-50.4719
-50.3345
-50.1986
-50.0644
-49.9315
-49.7999
-49.6695
-49.5402
-49.4118
-49.2843
-49.1574
-49.0312
-48.9056
-48.7803
-48.6553
-48.5304
-48.4057
-48.2809
-48.1559
-48.0307
-47.9051
-47.7789
-47.6521
-47.5246
-47.3961
-47.2666
-47.136
-47.004
-46.8706
-46.7355
-46.5986
-46.4598
-46.3188
-46.1755
-46.0297
-45.8811
-45.7296
-45.5749
-45.4168
-45.2549
-45.0891
-44.919
-44.7444
-44.5648
-44.3799
-44.1893
-43.9927
-43.706
-43.3628
-42.9785
-42.5617
-42.1178
-41.65
-41.1604
-40.6501
-40.1198
-39.5693
-38.9982
-38.4057
-37.7906
-37.1516
-36.4872
-35.7954
-35.0744
-34.3219
-33.5356
-32.7128
-31.8511
-30.9474
-29.9989
-29.0026
-27.9554
-26.8543
-25.6964
-24.4789
-23.1994
-21.8558
-20.4466
-18.9712
-17.4296
-15.8234
-14.1552
-12.4295
-10.6524
-8.83251
-6.9803
-5.10879
-3.23345
-1.3721
0.455289
2.22701
3.92024
5.51196
6.98013
8.30489
9.46994
10.4635
11.2792
11.9159
12.3774
12.6721
12.8113
12.8084
12.6779
12.4343
12.0916
11.663
11.1601
10.5937
9.97285
9.30573
8.59927
7.85949
7.09159
6.30004
5.48874
4.66103
3.81987
2.9678
2.10709
1.2397
0.367366
-0.508368
-1.38615
-2.26478
-3.14321
-4.02049
-4.89581
-5.76843
-6.63774
-7.50316
-8.36421
-9.22047
-10.0716
-10.9172
-11.7572
-12.5911
-13.419
-14.2406
-15.0559
-15.8647
-16.667
-17.4628
-18.252
-19.0348
-19.8112
-20.5812
-21.3449
-22.1025
-22.854
-23.5997
-24.3397
-25.0742
-25.8035
-26.5277
-27.2471
-27.962
-28.6728
-29.3797
-30.0832
-30.7835
-31.4812
-32.1765
-32.8701
-33.5623
-34.2537
-34.9447
-35.6361
-36.3282
-37.0218
-37.7174
-38.4157
-39.1173
-39.8228
-40.533
-41.2485
-41.9699
-42.6979
-43.433
-44.1758
-44.9267
-45.6863
-46.4547
-47.2321
-48.0186
-48.8139
-49.6175
-50.4289
-51.2469
-52.0703
-52.8972
-53.7255
-54.5526
-55.3756
-56.191
-56.9951
-57.7838
-58.5529
-59.2983
-60.0158
-60.7016
-61.3523
-61.965
-62.5378
-63.0691
-63.5585
-64.0062
-64.413
-64.7804
-65.1105
-65.4056
-65.6683
-65.9013
-66.1075
-66.2896
-66.4501
-66.5917
-66.7164
-66.8265
-66.9238
-67.01
-67.0866
-67.1549
-67.216
-67.271
-67.3208
-67.366
-67.4073
-67.4453
-67.4804
-67.5131
-67.5437
-67.5726
-67.5998
-67.6258
-67.6506
-67.6745
-67.6975
-67.7198
-67.7414
-67.7625
-67.7832
-67.8034
-67.8233
-67.8429
-67.8622
-67.8813
-67.9002
-67.9188
-67.9373
-67.9557
-67.9739
-67.992
-68.01
-68.0279
-68.0458
-68.0635
-68.0811
-68.0987
-68.1162
-68.1336
-68.1509
-68.1682
-68.1854
-68.2026
-68.2196
-68.2367
-68.2536
-68.2705
-68.2874
-68.3041
-68.3208
-68.3375
-68.354
-68.3705
-68.387
-68.4034
-68.4197
-68.4359
-68.4521
-68.4681
-68.4842
-68.5001
-68.516
-68.5318
-68.5475
-68.5631
-68.5787
-68.5942
-68.6095
-68.6249
-68.6401
-68.6552
-68.6703
-68.6853
-68.7001
-68.7149
-68.7296
-68.7442
-68.7588
-68.7732
-68.7875
-68.8018
-68.8159
-68.83
-68.8439
-68.8578
-68.8715
-68.8852
-68.8988
-68.9122
-68.9256
-68.9388
-68.952
-68.965
-68.978
-68.9908
-69.0036
-69.0162
-69.0287
-69.0411
-69.0535
-69.0657
-69.0778
-69.0898
-69.1016
-69.1134
-69.1251
-69.1366
-69.1481
-69.1594
-69.1706
-69.1817
-69.1927
-69.2036
-69.2144
-69.225
-69.2356
-69.246
-69.2563
-69.2666
-69.2766
-69.2866
-69.2965
-69.3062
-69.3159
-69.3254
-69.3348
-69.3441
-69.3533
-69.3623
-69.3713
-69.3801
-69.3888
-69.3974
-69.4059
-69.4143
-69.4225
-69.4307
-69.4387
-69.4466
-69.4544
-69.4621
-69.4697
-69.4771
-69.4844
-69.4916
-69.4987
-69.5057
-69.5126
-69.5194
-69.526
-69.5325
-69.5389
-69.5452
-69.5514
-69.5575
-69.5634
-69.5693
-69.575
-69.5806
-69.5861
-69.5915
-69.5968
-69.6019
-69.607
-69.6119
-69.6167
-69.6214
-69.626
-69.6305
-69.6349
-69.6391
-69.6433
-69.6473
-69.6513
-69.6551
-69.6588
-69.6624
-69.6659
-69.6692
-69.6725
-69.6757
-69.6787
-69.6817
-69.6845
-69.6872
-69.6898
-69.6924
-69.6948
-69.6971
-69.6993
-69.7014
-69.7033
-69.7052
-69.707
-69.7087
-69.7102
-69.7117
-69.713
-69.7143
-69.7154
-69.7165
-69.7174
-69.7183
-69.719
-69.7197
-69.7202
-69.7206
-69.721
-69.7212
-69.7214
-69.7214
-69.7213
-69.7212
-69.7209
-69.7206
-69.7201
-69.7196
-69.719
-69.7182
-69.7174
-69.7165
-69.7155
-69.7143
-69.7131
-69.7118
-69.7104
-69.7089
-69.7074
-69.7057
-69.7039
-69.7021
-69.7001
-69.6981
-69.696
-69.6938
-69.6915
-69.6891
-69.6866
-69.684
-69.6814
-69.6786
-69.6758
-69.6729
-69.6699
-69.6668
-69.6636
-69.6604
-69.657
-69.6536
-69.6501
-69.6465
-69.6429
-69.6391
-69.6353
-69.6314
-69.6274
-69.6233
-69.6192
-69.6149
-69.6106
-69.6062
-69.6018
-69.5972
-69.5926
-69.5879
-69.5832
-69.5783
-69.5734
-69.5684
-69.5633
-69.5582
-69.553
-69.5477
-69.5423
-69.5369
-69.5314
-69.5258
-69.5202
-69.5144
-69.5087
-69.5028
-69.4969
-69.4909
-69.4848
-69.4787
-69.4725
-69.4662
-69.4599
-69.4535
-69.4471
-69.4405
-69.434
-69.4273
-69.4206
-69.4138
-69.407
-69.4001
-69.3931
-69.3861
-69.379
-69.3719
-69.3647
-69.3574
-69.3501
-69.3427
-69.3353
-69.3278
-69.3202
-69.3126
-69.3049
-69.2972
-69.2894
-69.2816
-69.2737
-69.2658
-69.2578
-69.2497
-69.2416
-69.2335
-69.2253
-69.217
-69.2087
-69.2003
-69.1919
-69.1835
-69.175
-69.1664
-69.1578
-69.1492
-69.1405
-69.1317
-69.1229
-69.1141
-69.1052
-69.0963
-69.0873
-69.0783
-69.0692
-69.0601
-69.051
-69.0418
-69.0325
-69.0233
-69.014
-69.0046
-68.9952
-68.9858
-68.9763
-68.9668
-68.9572
-68.9476
-68.938
-68.9283
-68.9186
-68.9089
-68.8991
-68.8893
-68.8794
-68.8695
-68.8596
-68.8496
-68.8397
-68.8296
-68.8196
-68.8095
-68.7994
-68.7892
-68.779
-68.7688
-68.7585
-68.7483
-68.738
-68.7276
-68.7173
-68.7069
-68.6964
-68.686
-68.6755
-68.665
-68.6545
-68.6439
-68.6333
-68.6227
-68.612
-68.6014
-68.5907
-68.58
-68.5692
-68.5585
-68.5477
-68.5369
-68.5261
-68.5152
-68.5043
-68.4935
-68.4825
-68.4716
-68.4606
-68.4497
-68.4387
-68.4277
-68.4166
-68.4056
-68.3945
-68.3834
-68.3723
-68.3612
-68.3501
-68.3389
-68.3277
-68.3166
-68.3054
-68.2941
-68.2829
-68.2717
-68.2604
-68.2491
-68.2378
-68.2265
-68.2152
-68.2039
-68.1926
-68.1812
-68.1699
-68.1585
-68.1471
-68.1357
-68.1243
-68.1129
-68.1015
-68.0901
-68.0786
-68.0672
-68.0557
-68.0443
-68.0328
-68.0213
-68.0098
-67.9983
-67.9868
-67.9753
-67.9638
-67.9523
-67.9408
-67.9293
-67.9177
-67.9062
-67.8947
-67.8831
-67.8716
-67.86
-67.8485
-67.8369
-67.8254
-67.8138
-67.8023
-67.7907
-67.7791
-67.7676
-67.756
-67.7445
-67.7329
-67.7213
-67.7098
-67.6982
-67.6866
-67.6751
-67.6635
-67.652
-67.6404
-67.6288
-67.6173
-67.6057
-67.5942
-67.5826
-67.5711
-67.5596
-67.548
-67.5365
-67.525
-67.5135
-67.502
-67.4905
-67.479
-67.4675
-67.456
-67.305
-67.0635
-66.7557
-66.3966
-65.9971
-65.5654
-65.1081
-64.6305
-64.1369
-63.6307
-63.1149
-62.5919
-62.0635
-61.5314
-60.997
-60.4614
-59.9256
-59.3902
-58.8561
-58.3236
-57.7931
-57.2651
-56.7396
-56.2169
-55.697
-55.1798
-54.6652
-54.1532
-53.6433
-53.1352
-52.6286
-52.123
-51.6176
-51.112
-50.6052
-50.0964
-49.5845
-49.0686
-48.5474
-48.0193
-47.4831
-46.9368
-46.3787
-45.8066
-45.2182
-44.6108
-43.9816
-43.3272
-42.6441
-41.9282
-41.1748
-40.3787
-39.5342
-38.6344
-37.672
-36.6385
-35.5242
-34.3182
-33.0083
-31.5806
-30.0199
-28.3092
-26.43
-24.3628
-22.0872
-19.5834
-16.8338
-13.8246
-10.5497
-7.01445
-3.23974
0.733536
4.84196
8.99972
13.1028
17.0376
20.6927
23.9721
26.8064
29.1592
31.0284
32.4408
33.4434
34.0941
34.4527
34.5748
34.5087
34.2937
33.9608
33.5338
33.0304
32.4641
31.8449
31.1802
30.4762
29.7373
28.9674
28.1697
27.347
26.5018
25.6362
24.7522
23.8518
22.9366
22.0083
21.0685
20.1184
19.1595
18.1931
17.2203
16.2422
15.2599
14.2744
13.2865
12.2972
11.3072
10.3172
9.32803
8.34016
7.35422
6.37074
5.39019
4.413
3.43958
2.47028
1.50541
0.545268
-0.409904
-1.35989
-2.30449
-3.24354
-4.17691
-5.10448
-6.02616
-6.94188
-7.85158
-8.75524
-9.65283
-10.5444
-11.4298
-12.3093
-13.1828
-14.0504
-14.9122
-15.7682
-16.6186
-17.4635
-18.303
-19.1373
-19.9665
-20.7909
-21.6106
-22.4259
-23.2371
-24.0443
-24.8479
-25.6483
-26.4458
-27.2408
-28.0337
-28.825
-29.6152
-30.4049
-31.1945
-31.9848
-32.7764
-33.57
-34.3664
-35.1664
-35.9709
-36.7806
-37.5966
-38.4199
-39.2513
-40.092
-40.943
-41.8053
-42.6799
-43.5679
-44.4701
-45.3874
-46.3204
-47.2698
-48.2358
-49.2184
-50.2173
-51.2318
-52.2606
-53.3018
-54.353
-55.4109
-56.4716
-57.5304
-58.5819
-59.6197
-60.6374
-61.6281
-62.5846
-63.5003
-64.369
-65.1854
-65.9454
-66.6462
-67.2862
-67.8654
-68.3851
-68.8476
-69.2562
-69.6147
-69.9274
-70.1989
-70.4334
-70.6354
-70.8089
-70.9576
-71.0849
-71.1939
-71.2871
-71.367
-71.4355
-71.4944
-71.5451
-71.5889
-71.6269
-71.6601
-71.689
-71.7145
-71.737
-71.757
-71.7749
-71.791
-71.8056
-71.8189
-71.8311
-71.8424
-71.8528
-71.8626
-71.8718
-71.8804
-71.8886
-71.8965
-71.904
-71.9112
-71.9181
-71.9248
-71.9314
-71.9377
-71.9439
-71.9499
-71.9558
-71.9615
-71.9671
-71.9727
-71.9781
-71.9834
-71.9887
-71.9938
-71.9989
-72.0039
-72.0088
-72.0136
-72.0183
-72.023
-72.0276
-72.0321
-72.0366
-72.041
-72.0452
-72.0495
-72.0536
-72.0577
-72.0617
-72.0656
-72.0695
-72.0732
-72.0769
-72.0806
-72.0841
-72.0876
-72.0909
-72.0943
-72.0975
-72.1006
-72.1037
-72.1067
-72.1096
-72.1124
-72.1151
-72.1178
-72.1204
-72.1229
-72.1253
-72.1276
-72.1298
-72.1319
-72.134
-72.136
-72.1378
-72.1396
-72.1413
-72.143
-72.1445
-72.1459
-72.1473
-72.1485
-72.1497
-72.1507
-72.1517
-72.1526
-72.1534
-72.1541
-72.1547
-72.1552
-72.1556
-72.1559
-72.1562
-72.1563
-72.1563
-72.1563
-72.1561
-72.1559
-72.1555
-72.1551
-72.1545
-72.1539
-72.1532
-72.1524
-72.1514
-72.1504
-72.1493
-72.1481
-72.1468
-72.1453
-72.1438
-72.1422
-72.1405
-72.1387
-72.1368
-72.1348
-72.1327
-72.1305
-72.1283
-72.1259
-72.1234
-72.1208
-72.1181
-72.1153
-72.1125
-72.1095
-72.1064
-72.1032
-72.1
-72.0966
-72.0932
-72.0896
-72.0859
-72.0822
-72.0783
-72.0744
-72.0704
-72.0662
-72.062
-72.0577
-72.0532
-72.0487
-72.0441
-72.0394
-72.0346
-72.0297
-72.0247
-72.0196
-72.0144
-72.0091
-72.0037
-71.9983
-71.9927
-71.9871
-71.9813
-71.9755
-71.9696
-71.9635
-71.9574
-71.9512
-71.9449
-71.9385
-71.932
-71.9255
-71.9188
-71.9121
-71.9052
-71.8983
-71.8913
-71.8842
-71.877
-71.8697
-71.8623
-71.8549
-71.8473
-71.8397
-71.832
-71.8242
-71.8163
-71.8083
-71.8002
-71.7921
-71.7839
-71.7755
-71.7672
-71.7587
-71.7501
-71.7415
-71.7327
-71.7239
-71.715
-71.7061
-71.697
-71.6879
-71.6787
-71.6694
-71.66
-71.6506
-71.6411
-71.6315
-71.6218
-71.612
-71.6022
-71.5923
-71.5823
-71.5723
-71.5622
-71.5519
-71.5417
-71.5313
-71.5209
-71.5104
-71.4998
-71.4892
-71.4785
-71.4677
-71.4569
-71.4459
-71.435
-71.4239
-71.4128
-71.4016
-71.3903
-71.379
-71.3676
-71.3561
-71.3446
-71.333
-71.3214
-71.3096
-71.2979
-71.286
-71.2741
-71.2621
-71.2501
-71.238
-71.2259
-71.2136
-71.2014
-71.189
-71.1766
-71.1642
-71.1517
-71.1391
-71.1265
-71.1138
-71.1011
-71.0883
-71.0754
-71.0625
-71.0496
-71.0366
-71.0235
-70.865
-70.6132
-70.2941
-69.9236
-69.5134
-69.0721
-68.6066
-68.1226
-67.6245
-67.1159
-66.5999
-66.0788
-65.5547
-65.0294
-64.5042
-63.9805
-63.4591
-62.9409
-62.4268
-61.9172
-61.4128
-60.9139
-60.421
-59.9343
-59.454
-58.9804
-58.5136
-58.0536
-57.6006
-57.1544
-56.7152
-56.2827
-55.857
-55.4378
-55.025
-54.6184
-54.2177
-53.8227
-53.4331
-53.0485
-52.6686
-52.2931
-51.9214
-51.5531
-51.1878
-50.825
-50.4641
-50.1045
-49.7457
-49.387
-49.0278
-48.6673
-48.3048
-47.9394
-47.5704
-47.1967
-46.8175
-46.4317
-46.0382
-45.6358
-45.2232
-44.799
-44.3617
-43.9097
-43.4412
-42.9542
-42.4467
-41.9161
-41.3601
-40.7756
-40.1596
-39.5086
-38.8188
-38.0857
-37.3048
-36.4707
-35.5775
-34.619
-33.5878
-32.4762
-31.2757
-29.977
-28.5702
-27.0448
-25.3902
-23.5953
-21.6499
-19.5445
-17.2716
-14.8271
-12.211
-9.42953
-6.4965
-3.43491
-0.277864
2.93123
6.13969
9.28774
12.3121
15.1503
17.7458
20.0526
22.0387
23.6885
25.0022
25.9944
26.6902
27.1215
27.3226
27.3278
27.1686
26.8727
26.4638
25.9614
25.3815
24.7368
24.0379
23.2929
22.5087
21.691
20.8442
19.9726
19.0793
18.1674
17.2394
16.2978
15.3445
14.3815
13.4103
12.4327
11.4499
10.4633
9.47407
8.48319
7.49166
6.50037
5.51012
4.52162
3.53553
2.55244
1.57288
0.597306
-0.373854
-1.34023
-2.30151
-3.25739
-4.20765
-5.15206
-6.09046
-7.0227
-7.94867
-8.86826
-9.78143
-10.6881
-11.5883
-12.4821
-13.3693
-14.2501
-15.1246
-15.9927
-16.8546
-17.7105
-18.5603
-19.4043
-20.2427
-21.0756
-21.9031
-22.7257
-23.5434
-24.3565
-25.1655
-25.9705
-26.772
-27.5702
-28.3658
-29.159
-29.9504
-30.7405
-31.5299
-32.3191
-33.1089
-33.8998
-34.6927
-35.4882
-36.2872
-37.0905
-37.899
-38.7136
-39.5352
-40.3647
-41.2032
-42.0516
-42.9108
-43.7817
-44.6653
-45.5622
-46.4732
-47.3987
-48.3392
-49.2947
-50.2649
-51.2495
-52.2473
-53.257
-54.2766
-55.3036
-56.3345
-57.3657
-58.3925
-59.4096
-60.4115
-61.3919
-62.3446
-63.2632
-64.1418
-64.9748
-65.7578
-66.487
-67.1601
-67.7758
-68.3343
-68.8366
-69.2851
-69.6826
-70.0328
-70.3394
-70.6067
-70.8387
-71.0394
-71.2125
-71.3615
-71.4896
-71.5997
-71.6943
-71.7756
-71.8455
-71.9057
-71.9577
-71.8701
-71.7023
-71.4829
-71.2291
-70.9521
-70.6599
-70.3581
-70.0511
-69.7419
-69.4328
-69.1256
-68.8216
-68.5217
-68.2268
-67.9372
-67.6535
-67.3759
-67.1045
-66.8396
-66.581
-66.329
-66.0835
-65.8443
-65.6115
-65.385
-65.1647
-64.9505
-64.7422
-64.5398
-64.3432
-64.1522
-63.9667
-63.7865
-63.6117
-63.4419
-63.2772
-63.1174
-62.9623
-62.812
-62.6661
-62.5247
-62.3877
-62.2548
-62.1261
-62.0014
-61.8807
-61.7637
-61.6505
-61.5409
-61.4349
-61.3323
-61.2331
-61.1372
-61.0445
-60.955
-60.8685
-60.7851
-60.7045
-60.6268
-60.5519
-60.4797
-60.4101
-60.3432
-60.2787
-60.2168
-60.1572
-60.1001
-60.0452
-59.9926
-59.9421
-59.8939
-59.8477
-59.8036
-59.7615
-59.7213
-59.6831
-59.6468
-59.6123
-59.5796
-59.5486
-59.5194
-59.4918
-59.4659
-59.4416
-59.4189
-59.3977
-59.378
-59.3598
-59.3431
-59.3277
-59.3137
-59.3011
-59.2898
-59.2797
-59.271
-59.2635
-59.2572
-59.252
-59.2481
-59.2452
-59.2435
-59.2429
-59.2433
-59.2448
-59.2473
-59.2508
-59.2552
-59.2606
-59.267
-59.2742
-59.2824
-59.2914
-59.3013
-59.312
-59.3235
-59.3359
-59.349
-59.3629
-59.3775
-59.3928
-59.4089
-59.4257
-59.4431
-59.4612
-59.48
-59.4993
-59.5194
-59.54
-59.5612
-59.5829
-59.6053
-59.6282
-59.6516
-59.6755
-59.7
-59.7249
-59.7504
-59.7763
-59.8026
-59.8294
-59.8567
-59.8843
-59.9124
-59.9409
-59.9698
-59.999
-60.0286
-60.0586
-60.0889
-60.1196
-60.1506
-60.1819
-60.2135
-60.2454
-60.2776
-60.31
-60.3428
-60.3758
-60.4091
-60.4426
-60.4763
-60.5103
-60.5444
-60.5788
-60.6134
-60.6482
-60.6832
-60.7184
-60.7537
-60.7892
-60.8248
-60.8606
-60.8966
-60.9327
-60.9689
-61.0052
-61.0417
-61.0782
-61.1149
-61.1517
-61.1885
-61.2255
-61.2625
-61.2996
-61.3368
-61.374
-61.4113
-61.4486
-61.486
-61.5234
-61.5609
-61.5984
-61.6359
-61.6735
-61.711
-61.7486
-61.7862
-61.8238
-61.8614
-61.899
-61.9366
-61.9741
-62.0117
-62.0492
-62.0867
-62.1242
-62.1616
-62.1991
-62.2364
-62.2738
-62.311
-62.3483
-62.3854
-62.4226
-62.4596
-62.4966
-62.5336
-62.5704
-62.6072
-62.644
-62.6806
-62.7172
-62.7537
-62.79
-62.8264
-62.8626
-62.8987
-62.9347
-62.9707
-63.0065
-63.0423
-63.0779
-63.1134
-63.1488
-63.1841
-63.2193
-63.2544
-63.2894
-63.3242
-63.3589
-63.3935
-63.428
-63.4624
-63.4966
-63.5307
-63.5647
-63.5985
-63.6322
-63.6658
-63.6993
-63.7326
-63.6387
-63.4659
-63.2374
-62.9677
-62.6669
-62.3425
-62.0003
-61.6449
-61.2799
-60.9083
-60.5323
-60.1538
-59.7743
-59.3952
-59.0174
-58.6417
-58.269
-57.8997
-57.5343
-57.1733
-56.8168
-56.4653
-56.1189
-55.7777
-55.4419
-55.1115
-54.7865
-54.467
-54.153
-53.8443
-53.541
-53.243
-52.9501
-52.6622
-52.3791
-52.1008
-51.8271
-51.5577
-51.2925
-51.0313
-50.7739
-50.52
-50.2695
-50.0221
-49.7775
-49.5356
-49.296
-49.0586
-48.8229
-48.5889
-48.3561
-48.1244
-47.8934
-47.6628
-47.4324
-47.2018
-46.9706
-46.7387
-46.5056
-46.2709
-46.0344
-45.7956
-45.5541
-45.3096
-45.0615
-44.8095
-44.5531
-44.2918
-44.0249
-43.7521
-43.4727
-43.186
-42.8914
-42.5882
-42.2755
-41.9526
-41.6185
-41.2723
-40.913
-40.5394
-40.1504
-39.7446
-39.3205
-38.8767
-38.4115
-37.9231
-37.4095
-36.8685
-36.2979
-35.6951
-35.0573
-34.3818
-33.6652
-32.9041
-32.0949
-31.2337
-30.3163
-29.3384
-28.2954
-27.1826
-25.9954
-24.729
-23.3791
-21.9416
-20.4132
-18.7915
-17.0754
-15.2659
-13.3663
-11.3827
-9.30867
-7.1734
-5.0032
-2.8259
-0.672027
1.42544
3.43209
5.31387
7.0392
8.58128
9.91996
11.043
11.9464
12.6339
13.1155
13.406
13.523
13.4857
13.313
13.0232
12.6329
12.157
11.6086
10.9991
10.3381
9.63404
8.89386
8.1236
7.32838
6.51261
5.68005
4.83395
3.97714
3.11208
2.24089
1.36545
0.487406
-0.391813
-1.27095
-2.14888
-3.02465
-3.89741
-4.76641
-5.631
-6.49062
-7.3448
-8.19311
-9.0352
-9.87078
-10.6996
-11.5214
-12.3362
-13.1436
-13.9437
-14.7364
-15.5217
-16.2995
-17.0698
-17.8327
-18.5883
-19.3366
-20.0777
-20.8118
-21.5389
-22.2591
-22.9728
-23.68
-24.3809
-25.0757
-25.7647
-26.4481
-27.1262
-27.7992
-28.4675
-29.1313
-29.7911
-30.4471
-31.0997
-31.7494
-32.3965
-33.0415
-33.6848
-34.3269
-34.9683
-35.6096
-36.2512
-36.8938
-37.5378
-38.1839
-38.8326
-39.4846
-40.1403
-40.8005
-41.4657
-42.1364
-42.8132
-43.4965
-44.1867
-44.8841
-45.589
-46.3014
-47.0213
-47.7485
-48.4823
-49.2221
-49.9669
-50.7153
-51.4657
-52.2158
-52.9634
-53.7056
-54.4394
-55.1613
-55.8678
-56.5553
-57.2201
-57.8589
-58.4685
-59.0462
-59.59
-60.0982
-60.5699
-61.005
-61.4037
-61.7671
-62.0964
-62.3934
-62.6602
-62.8991
-63.1123
-63.3022
-63.4711
-63.6212
-63.7545
-63.8731
-63.9787
-64.0728
-64.1571
-64.2326
-64.3007
-64.3623
-64.4183
-64.4695
-64.5166
-64.56
-64.6005
-64.6382
-64.6738
-64.7074
-64.7394
-64.77
-64.7995
-64.8279
-64.8554
-64.8822
-64.9084
-64.9341
-64.9593
-64.9841
-65.0087
-65.033
-65.057
-65.0809
-65.1047
-65.1283
-65.1518
-65.1753
-65.1987
-65.222
-65.2453
-65.2686
-65.2919
-65.3151
-65.3384
-65.3617
-65.3849
-65.4082
-65.4314
-65.4547
-65.478
-65.5013
-65.5246
-65.5479
-65.5713
-65.5946
-65.6179
-65.6413
-65.6646
-65.688
-65.7113
-65.7347
-65.758
-65.7813
-65.8047
-65.828
-65.8513
-65.8746
-65.8978
-65.9211
-65.9443
-65.9675
-65.9907
-66.0139
-66.037
-66.0601
-66.0831
-66.1061
-66.1291
-66.152
-66.1749
-66.1978
-66.2206
-66.2433
-66.266
-66.2887
-66.3113
-66.3338
-66.3563
-66.3787
-66.401
-66.4233
-66.4455
-66.4677
-66.4898
-66.5118
-66.5337
-66.5556
-66.5774
-66.5991
-66.6208
-66.6423
-66.6638
-66.6852
-66.7065
-66.7278
-66.7489
-66.77
-66.7909
-66.8118
-66.8326
-66.8533
-66.8739
-66.8944
-66.9148
-66.9351
-66.9554
-66.9755
-66.9955
-67.0154
-67.0353
-67.055
-67.0746
-67.0941
-67.1135
-67.1328
-67.152
-67.1711
-67.1901
-67.209
-67.2277
-67.2464
-67.2649
-67.2834
-67.3017
-67.3199
-67.338
-67.356
-67.3739
-67.3916
-67.4093
-67.4268
-67.4442
-67.4615
-67.4787
-67.363
-67.1662
-66.9134
-66.62
-66.2968
-65.9517
-65.5907
-65.2185
-64.8389
-64.4547
-64.0683
-63.6815
-63.2959
-62.9127
-62.5329
-62.1572
-61.7863
-61.4208
-61.0611
-60.7076
-60.3605
-60.02
-59.6864
-59.3597
-59.0401
-58.7276
-58.4222
-58.1239
-57.7222
-57.2633
-56.7695
-56.2542
-55.7265
-55.1929
-54.6582
-54.1259
-53.5986
-53.0781
-52.566
-52.063
-51.5699
-51.087
-50.6145
-50.1524
-49.7007
-49.2592
-48.8276
-48.4056
-47.9928
-47.5889
-47.1932
-46.8055
-46.4252
-46.0517
-45.6846
-45.3233
-44.9673
-44.616
-44.2688
-43.9253
-43.5849
-43.2469
-42.9109
-42.5763
-42.2426
-41.9091
-41.5754
-41.2408
-40.9049
-40.567
-40.2266
-39.8831
-39.5359
-39.1844
-38.8281
-38.4664
-38.0985
-37.7239
-37.3419
-36.9519
-36.5531
-36.1449
-35.7264
-35.2971
-34.856
-34.4025
-33.9355
-33.4544
-32.9583
-32.4462
-31.9172
-31.3704
-30.8048
-30.2196
-29.6136
-28.986
-28.3357
-27.6618
-26.9635
-26.2397
-25.4898
-24.7128
-23.9082
-23.0752
-22.2136
-21.3229
-20.4029
-19.4539
-18.4758
-17.4694
-16.4355
-15.3751
-14.2899
-13.1818
-12.0534
-10.9078
-9.74885
-8.58139
-7.41108
-6.24477
-5.09053
-3.95771
-2.85696
-1.80002
-0.79944
0.131921
0.981523
1.73787
2.3912
2.93412
3.362
3.67312
3.86855
3.95189
3.92872
3.80615
3.5922
3.29538
2.92424
2.48713
1.9919
1.44586
0.855667
0.227323
-0.433806
-1.12295
-1.83588
-2.56889
-3.31867
-4.08235
-4.85737
-5.64148
-6.4327
-7.22928
-8.02967
-8.83253
-9.63663
-10.4409
-11.2445
-12.0465
-12.8462
-13.6431
-14.4365
-15.2259
-16.0111
-16.7915
-17.5671
-18.3374
-19.1023
-19.8617
-20.6154
-21.3634
-22.1056
-22.842
-23.5727
-24.2977
-25.0171
-25.731
-26.4395
-27.1427
-27.8409
-28.5343
-29.2231
-29.9076
-30.588
-31.2646
-31.9378
-32.608
-33.2754
-33.9404
-34.6036
-35.2653
-35.9259
-36.5249
-37.0908
-37.6366
-38.1693
-38.693
-39.2107
-39.7243
-40.2353
-40.7448
-41.2537
-41.7628
-42.2728
-42.7842
-43.2975
-43.8133
-44.3318
-44.8534
-45.3784
-45.9069
-46.4391
-46.9747
-47.5137
-48.0557
-48.6002
-49.1465
-49.6936
-50.2404
-50.7854
-51.327
-51.8633
-52.392
-52.911
-53.4178
-53.9099
-54.3847
-54.8398
-55.2731
-55.6826
-56.0668
-56.4243
-56.7546
-57.0573
-57.3325
-57.5808
-57.8032
-58.0007
-58.1749
-58.3273
-58.4596
-58.5737
-58.6711
-58.7537
-58.823
-58.8807
-58.9281
-58.9665
-58.9971
-59.0211
-59.0395
-59.0529
-59.0624
-59.0684
-59.0717
-59.0726
-59.0718
-59.0696
-59.0662
-59.0621
-59.0574
-59.0525
-59.0474
-59.0423
-59.0374
-59.0328
-59.0286
-59.0248
-59.0216
-59.019
-59.017
-59.0157
-59.015
-59.0152
-59.016
-59.0177
-59.0201
-59.0233
-59.0273
-59.0321
-59.0377
-59.044
-59.0512
-59.0591
-59.0678
-59.0772
-59.0874
-59.0984
-59.1101
-59.1224
-59.1356
-59.1494
-59.1638
-59.179
-59.1948
-59.2113
-59.2284
-59.2462
-59.2645
-59.2835
-59.303
-59.3231
-59.3438
-59.365
-59.3868
-59.4091
-59.4319
-59.4552
-59.4791
-59.5034
-59.5281
-59.5533
-59.579
-59.6051
-59.6317
-59.6586
-59.686
-59.7138
-59.7419
-59.7704
-59.7993
-59.8286
-59.8582
-59.8881
-59.9183
-59.9489
-59.9798
-60.011
-60.0425
-60.0742
-60.1063
-60.1386
-60.1711
-60.204
-60.237
-60.2703
-60.3038
-60.3376
-60.3715
-60.4057
-60.4401
-60.4746
-60.5094
-60.5443
-60.5794
-60.6146
-60.65
-60.6856
-60.7213
-60.7571
-60.7931
-60.8292
-60.8654
-60.9018
-60.9382
-60.9748
-61.0114
-61.0481
-61.085
-61.1219
-61.1589
-61.1959
-61.2331
-61.2703
-61.3075
-61.3448
-61.3821
-61.4195
-61.457
-61.4944
-61.5319
-61.5694
-61.607
-61.6445
-61.6821
-61.7197
-61.7573
-61.7949
-61.8325
-61.87
-61.9076
-61.9452
-61.9827
-62.0202
-62.0577
-62.0952
-62.1327
-62.1701
-62.2075
-62.2448
-62.2821
-62.3193
-62.3565
-62.3937
-62.4308
-62.4678
-62.5048
-62.5418
-62.5786
-62.6154
-62.6521
-62.6888
-62.7254
-62.7619
-62.7983
-62.8346
-62.8709
-62.9071
-62.9432
-62.9792
-63.0151
-63.0509
-63.0866
-63.1223
-63.1578
-63.1932
-63.2285
-63.2638
-63.2989
-63.3339
-63.3688
-63.4036
-63.4382
-63.4728
-63.5072
-63.5416
-63.5758
-63.6099
-63.6439
-63.6777
-63.7114
-63.745
-63.7785
-63.8118
-63.8451
-63.8782
-63.9111
-63.9439
-63.9766
-64.0092
-64.0416
-64.0739
-64.1061
-64.1381
-64.1699
-64.2017
-64.2333
-64.2647
-64.296
-64.3272
-64.3582
-64.3891
-64.4198
-64.4504
-64.4809
-64.5112
-64.5413
-64.5713
-64.6012
-64.6309
-64.6604
-64.6898
-64.719
-64.7481
-64.7771
-64.8059
-64.8345
-64.863
-64.8913
-64.9195
-64.9475
-64.9754
-65.0031
-65.0306
-65.058
-65.0853
-65.1123
-65.1393
-65.166
-65.1926
-65.2191
-65.2454
-65.2715
-65.2975
-65.3233
-65.349
-65.3745
-65.3998
-65.425
-65.45
-65.4749
-65.4996
-65.5241
-65.5485
-65.5727
-65.5968
-65.6207
-65.6444
-65.668
-65.6914
-65.7147
-65.7378
-65.7607
-65.7835
-65.8061
-65.8286
-65.8509

