-65
-64.9994
-64.9988
-64.9982
-64.9977
-64.9971
-64.9965
-64.996
-64.9954
-64.9949
-64.9943
-64.9938
-64.9932
-64.9927
-64.9922
-64.9917
-64.9912
-64.9906
-64.9901
-64.9896
-64.9891
-64.9886
-64.9881
-64.9876
-64.9872
-64.9867
-64.9862
-64.9857
-64.9852
-64.9848
-64.9843
-64.9838
-64.9834
-64.9829
-64.9825
-64.982
-64.9816
-64.9811
-64.9807
-64.9802
-64.9798
-64.9794
-64.9789
-64.9785
-64.9781
-64.9777
-64.9772
-64.9768
-64.9764
-64.976
-64.9756
-64.9752
-64.9748
-64.9744
-64.974
-64.9736
-64.9732
-64.9728
-64.9725
-64.9721
-64.9717
-64.9713
-64.971
-64.9706
-64.9702
-64.9699
-64.9695
-64.9692
-64.9688
-64.9685
-64.9681
-64.9678
-64.9675
-64.9671
-64.9668
-64.9665
-64.9661
-64.9658
-64.9655
-64.9652
-64.9649
-64.9646
-64.9642
-64.9639
-64.9636
-64.9633
-64.963
-64.9628
-64.9625
-64.9622
-64.9619
-64.9616
-64.9613
-64.9611
-64.9608
-64.9605
-64.9603
-64.96
-64.9598
-64.9595
-64.9592
-64.959
-64.9588
-64.9585
-64.9583
-64.958
-64.9578
-64.9576
-64.9573
-64.9571
-64.9569
-64.9567
-64.9565
-64.9562
-64.956
-64.9558
-64.9556
-64.9554
-64.9552
-64.955
-64.9548
-64.9546
-64.9545
-64.9543
-64.9541
-64.9539
-64.9537
-64.9536
-64.9534
-64.9532
-64.9531
-64.9529
-64.9527
-64.9526
-64.9524
-64.9523
-64.9521
-64.952
-64.9519
-64.9517
-64.9516
-64.9514
-64.9513
-64.9512
-64.9511
-64.9509
-64.9508
-64.9507
-64.9506
-64.9505
-64.9504
-64.9503
-64.9502
-64.95
-64.9499
-64.9499
-64.9498
-64.9497
-64.9496
-64.9495
-64.9494
-64.9493
-64.9492
-64.9492
-64.9491
-64.949
-64.9489
-64.9489
-64.9488
-64.9487
-64.9487
-64.9486
-64.9486
-64.9485
-64.9485
-64.9484
-64.9484
-64.9483
-64.9483
-64.9482
-64.9482
-64.9482
-64.9481
-64.9481
-64.9481
-64.948
-64.948
-64.948
-64.948
-64.948
-64.9479
-64.9479
-64.9479
-64.9479
-64.9479
-64.9479
-64.9479
-64.9479
-64.9479
-64.9479
-64.9479
-64.9479
-64.9479
-64.9479
-64.9479
-64.9479
-64.9479
-64.9479
-64.948
-64.948
-64.948
-64.948
-64.9481
-64.9481
-64.9481
-64.9481
-64.9482
-64.9482
-64.9482
-64.9483
-64.9483
-64.9483
-64.9484
-64.9484
-64.9485
-64.9485
-64.9486
-64.9486
-64.9487
-64.9487
-64.9488
-64.9488
-64.9489
-64.9489
-64.949
-64.9491
-64.9491
-64.9492
-64.9492
-64.9493
-64.9494
-64.9494
-64.9495
-64.9496
-64.9497
-64.9497
-64.9498
-64.9499
-64.95
-64.95
-64.9501
-64.9502
-64.9503
-64.9504
-64.9504
-64.9505
-64.9506
-64.9507
-64.9508
-64.9509
-64.951
-64.951
-64.9511
-64.9512
-64.9513
-64.9514
-64.9515
-64.9516
-64.9517
-64.9518
-64.9519
-64.952
-64.9521
-64.9522
-64.9523
-64.9524
-64.9525
-64.9526
-64.9527
-64.9528
-64.9529
-64.953
-64.9532
-64.9533
-64.9534
-64.9535
-64.9536
-64.9537
-64.9538
-64.9539
-64.954
-64.9542
-64.9543
-64.9544
-64.9545
-64.9546
-64.9547
-64.9548
-64.955
-64.9551
-64.9552
-64.9553
-64.9554
-64.9556
-64.9557
-64.9558
-64.9559
-64.956
-64.9562
-64.9563
-64.9564
-64.9565
-64.9566
-64.9568
-64.9569
-64.957
-64.9571
-64.9573
-64.9574
-64.9575
-64.9576
-64.9578
-64.9579
-64.958
-64.9581
-64.9583
-64.9584
-64.9585
-64.9587
-64.9588
-64.9589
-64.959
-64.9592
-64.9593
-64.9594
-64.9595
-64.9597
-64.9598
-64.9599
-64.96
-64.9602
-64.9603
-64.9604
-64.9606
-64.9607
-64.9608
-64.9609
-64.9611
-64.9612
-64.9613
-64.9614
-64.9616
-64.9617
-64.9618
-64.962
-64.9621
-64.9622
-64.9623
-64.9625
-64.9626
-64.9627
-64.9628
-64.963
-64.9631
-64.9632
-64.9633
-64.9635
-64.9636
-64.9637
-64.9638
-64.964
-64.9641
-64.9642
-64.9643
-64.9645
-64.9646
-64.9647
-64.9648
-64.9649
-64.9651
-64.9652
-64.9653
-64.9654
-64.9655
-64.9657
-64.9658
-64.9659
-64.966
-64.9661
-64.9663
-64.9664
-64.9665
-64.9666
-64.9667
-64.9668
-64.967
-64.9671
-64.9672
-64.9673
-64.9674
-64.9675
-64.9677
-64.9678
-64.9679
-64.968
-64.9681
-64.9682
-64.9683
-64.9684
-64.9685
-64.9687
-64.9688
-64.9689
-64.969
-64.9691
-64.9692
-64.9693
-64.9694
-64.9695
-64.9696
-64.9697
-64.9698
-64.9699
-64.97
-64.9701
-64.9702
-64.9703
-64.9704
-64.9705
-64.9706
-64.9707
-64.9708
-64.9709
-64.971
-64.9711
-64.9712
-64.9713
-64.9714
-64.9715
-64.9716
-64.9717
-64.9718
-64.9719
-64.972
-64.9721
-64.9722
-64.9722
-64.9723
-64.9724
-64.9725
-64.9726
-64.9727
-64.9728
-64.9729
-64.9729
-64.973
-64.9731
-64.9732
-64.9733
-64.9734
-64.9734
-64.9735
-64.9736
-64.9737
-64.9738
-64.9738
-64.9739
-64.974
-64.9741
-64.9741
-64.9742
-64.9743
-64.9744
-64.9744
-64.9745
-64.9746
-64.9747
-64.9747
-64.9748
-64.9749
-64.9749
-64.975
-64.9751
-64.9751
-64.9752
-64.9753
-64.8407
-64.6186
-64.332
-63.9954
-63.6191
-63.211
-62.7775
-62.3234
-61.853
-61.3695
-60.8756
-60.3736
-59.8652
-59.3519
-58.835
-58.3155
-57.794
-57.2713
-56.7478
-56.2239
-55.6996
-55.1753
-54.5413
-53.8408
-53.0945
-52.3151
-51.5113
-50.6891
-49.8525
-49.0044
-48.1461
-47.2782
-46.4002
-45.511
-44.6087
-43.6904
-42.7528
-41.7919
-40.8025
-39.7792
-38.7151
-37.6029
-36.4338
-35.198
-33.8846
-32.4809
-30.973
-29.3456
-27.5814
-25.6622
-23.5683
-21.2801
-18.778
-16.045
-13.0686
-9.84354
-6.37626
-2.68826
1.18006
5.16765
9.19363
13.162
16.9697
20.5168
23.7172
26.5073
28.8513
30.7422
32.1994
33.2622
33.982
34.4144
34.6132
34.6258
34.4917
34.2422
33.9013
33.487
33.0126
32.4879
31.9203
31.3152
30.6771
30.0094
29.3151
28.5966
27.856
27.0953
26.3163
25.5206
24.7096
23.8849
23.0477
22.1993
21.3408
20.4735
19.5984
18.7165
17.8287
16.936
16.0392
15.1391
14.2364
13.3319
12.4262
11.52
10.6137
9.70804
8.80341
7.90029
6.99911
6.10026
5.2041
4.31096
3.42114
2.53491
1.65251
0.77418
-0.0998983
-0.969542
-1.8346
-2.69493
-3.55043
-4.40099
-5.23881
-6.06583
-6.88282
-7.69018
-8.48817
-9.27703
-10.057
-10.8281
-11.5907
-12.345
-13.091
-13.829
-14.5592
-15.2818
-15.9968
-16.7047
-17.4054
-18.0992
-18.7864
-19.4671
-20.1416
-20.81
-21.4726
-22.1297
-22.7814
-23.4281
-24.0699
-24.7073
-25.3405
-25.9698
-26.5955
-27.218
-27.8376
-28.4548
-29.0699
-29.6834
-30.2957
-30.9073
-31.5186
-32.1302
-32.7427
-33.3564
-33.9721
-34.5903
-35.2116
-35.8366
-36.4658
-37.0999
-37.7395
-38.3851
-39.0372
-39.6962
-40.3625
-41.0363
-41.7179
-42.407
-43.1035
-43.807
-44.5165
-45.2312
-45.9497
-46.6701
-47.3904
-48.1082
-48.8206
-49.5247
-50.2171
-50.8945
-51.5534
-52.1907
-52.8031
-53.388
-53.9432
-54.4667
-54.9575
-55.4147
-55.8384
-56.2287
-56.5867
-56.9135
-57.2107
-57.4799
-57.723
-57.9422
-58.1392
-58.3162
-58.475
-58.6175
-58.7454
-58.8603
-58.9637
-59.0568
-59.141
-59.2174
-59.2868
-59.3502
-59.4084
-59.4621
-59.5118
-59.5581
-59.6015
-59.6424
-59.6811
-59.7179
-59.7532
-59.7872
-59.82
-59.8519
-59.883
-59.9135
-59.9435
-59.973
-60.0022
-60.0312
-60.06
-60.0886
-60.1172
-60.1458
-60.1743
-60.203
-60.2316
-60.2604
-60.2893
-60.3183
-60.3475
-60.3768
-60.4063
-60.4359
-60.4658
-60.4958
-60.526
-60.5564
-60.587
-60.6177
-60.6487
-60.6799
-60.7112
-60.7427
-60.7744
-60.8063
-60.8384
-60.8707
-60.9031
-60.9357
-60.9684
-61.0014
-61.0344
-61.0677
-61.101
-61.1345
-61.1682
-61.202
-61.2359
-61.27
-61.3041
-61.3384
-61.3728
-61.4073
-61.4419
-61.4766
-61.5114
-61.5463
-61.5813
-61.6164
-61.6515
-61.6867
-61.722
-61.7573
-61.7927
-61.8282
-61.8637
-61.8992
-61.9348
-61.9704
-62.0061
-62.0418
-62.0775
-62.1132
-62.149
-62.1848
-62.2206
-62.2564
-62.2922
-62.328
-62.3638
-62.3996
-62.4354
-62.4712
-62.507
-62.5428
-62.5785
-62.6142
-62.6499
-62.6856
-62.7212
-62.7568
-62.7923
-62.8279
-62.8633
-62.8988
-62.9341
-62.9695
-63.0047
-63.0399
-63.0751
-63.1102
-63.1452
-63.1802
-63.2151
-63.25
-63.2847
-63.3194
-63.354
-63.3886
-63.423
-63.4574
-63.4917
-63.5259
-63.56
-63.5941
-63.628
-63.6618
-63.6956
-63.7293
-63.7628
-63.7963
-63.8296
-63.8629
-63.8961
-63.9291
-63.9621
-63.9949
-64.0276
-64.0603
-64.0928
-64.1252
-64.1574
-64.1896
-64.2217
-64.2536
-64.2854
-64.3171
-64.3487
-64.3801
-64.4114
-64.4426
-64.4737
-64.5047
-64.5355
-64.5662
-64.5968
-64.6272
-64.6575
-64.6877
-64.7177
-64.7477
-64.7774
-64.8071
-64.8366
-64.866
-64.8952
-64.9243
-64.9533
-64.9821
-65.0108
-65.0393
-65.0677
-65.096
-65.1241
-65.1521
-65.18
-65.2077
-65.1075
-64.9294
-64.6977
-64.4271
-64.128
-63.8078
-63.4724
-63.1261
-62.7726
-62.4145
-62.054
-61.6929
-61.3325
-60.9741
-60.6186
-60.2666
-59.9189
-59.5759
-59.238
-58.9056
-58.5789
-58.2581
-57.9435
-57.635
-57.3329
-57.0371
-56.7477
-56.4648
-56.1881
-55.9179
-55.6539
-55.3962
-55.1446
-54.899
-54.6595
-54.4257
-54.1978
-53.9754
-53.7586
-53.5471
-53.3409
-53.1398
-52.9437
-52.7524
-52.5658
-52.3837
-52.2061
-52.0328
-51.8636
-51.6985
-51.4398
-51.1282
-50.783
-50.4157
-50.0336
-49.6421
-49.245
-48.8451
-48.4443
-48.0442
-47.6456
-47.2492
-46.8555
-46.4646
-46.0766
-45.6915
-45.309
-44.929
-44.5511
-44.175
-43.8004
-43.4266
-43.0534
-42.6802
-42.3064
-41.9315
-41.555
-41.1762
-40.7945
-40.4092
-40.0197
-39.6252
-39.2251
-38.8185
-38.4047
-37.9828
-37.552
-37.1114
-36.66
-36.1968
-35.7209
-35.2312
-34.7265
-34.2057
-33.6676
-33.1109
-32.5342
-31.9363
-31.3156
-30.6707
-30.0002
-29.3023
-28.5756
-27.8184
-27.0292
-26.2063
-25.3481
-24.4532
-23.52
-22.5474
-21.534
-20.4791
-19.382
-18.2424
-17.0603
-15.8366
-14.5725
-13.2702
-11.9329
-10.5647
-9.17128
-7.76
-6.33988
-4.922
-3.5195
-2.14756
-0.823061
0.435984
1.61128
2.6853
3.63663
4.45326
5.12733
5.6555
6.03882
6.28215
6.39342
6.38266
6.2612
6.04085
5.73332
5.34974
4.90044
4.39477
3.84104
3.24658
2.61779
1.96025
1.27875
0.57748
-0.139972
-0.870484
-1.61135
-2.36022
-3.11506
-3.87408
-4.63573
-5.39866
-6.16169
-6.92377
-7.68401
-8.44162
-9.19592
-9.94632
-10.6923
-11.4334
-12.1693
-12.8997
-13.6242
-14.3427
-15.055
-15.7609
-16.4604
-17.1533
-17.8396
-18.5192
-19.1923
-19.8587
-20.5186
-21.172
-21.8189
-22.4595
-23.0939
-23.7222
-24.3445
-24.9609
-25.5717
-26.1771
-26.7771
-27.3721
-27.9623
-28.5478
-29.129
-29.706
-30.2793
-30.849
-31.4155
-31.9791
-32.5401
-33.099
-33.656
-34.2116
-34.7661
-35.32
-35.8737
-36.4276
-36.9822
-37.5379
-38.0953
-38.6547
-39.2166
-39.7816
-40.35
-40.9223
-41.4989
-42.0803
-42.6666
-43.2581
-43.8551
-44.4577
-45.0658
-45.6791
-46.2975
-46.9202
-47.5467
-48.1759
-48.8065
-49.437
-50.0656
-50.6902
-51.3086
-51.9183
-52.5166
-53.1008
-53.6682
-54.2163
-54.7426
-55.2451
-55.722
-56.077
-56.3542
-56.573
-56.7445
-56.8762
-56.9733
-57.0404
-57.0812
-57.099
-57.0967
-57.0772
-57.0428
-56.9958
-56.9381
-56.8717
-56.798
-56.7186
-56.6348
-56.5475
-56.4578
-56.3665
-56.2744
-56.182
-56.0899
-55.9985
-55.9081
-55.8192
-55.7319
-55.6464
-55.563
-55.4817
-55.4028
-55.3261
-55.252
-55.1802
-55.111
-55.0443
-54.9801
-54.9185
-54.8593
-54.8027
-54.7485
-54.6968
-54.6474
-54.6005
-54.556
-54.5137
-54.4737
-54.436
-54.4005
-54.3671
-54.3358
-54.3067
-54.2795
-54.2544
-54.2312
-54.21
-54.1906
-54.1731
-54.1574
-54.1435
-54.1313
-54.1208
-54.1119
-54.1047
-54.0991
-54.0951
-54.0925
-54.0915
-54.092
-54.0939
-54.0972
-54.1018
-54.1078
-54.1152
-54.1238
-54.1337
-54.1449
-54.1572
-54.1708
-54.1855
-54.2013
-54.2183
-54.2363
-54.2554
-54.2756
-54.2968
-54.319
-54.3422
-54.3663
-54.3914
-54.4174
-54.4443
-54.472
-54.5007
-54.5302
-54.5605
-54.5916
-54.6235
-54.6562
-54.6896
-54.7237
-54.7586
-54.7942
-54.8305
-54.8674
-54.905
-54.9432
-54.9821
-55.0216
-55.0616
-55.1023
-55.1435
-55.1852
-55.2275
-55.2703
-55.3136
-55.3575
-55.4018
-55.4465
-55.4918
-55.5374
-55.5835
-55.6301
-55.677
-55.7243
-55.772
-55.8201
-55.8686
-55.9174
-55.9665
-56.016
-56.0657
-56.1158
-56.1662
-56.2169
-56.2678
-56.319
-56.3705
-56.4222
-56.4741
-56.5263
-56.5787
-56.6313
-56.6841
-56.7371
-56.7903
-56.8436
-56.8971
-56.9508
-57.0046
-57.0585
-57.1126
-57.1668
-57.2212
-57.2756
-57.3301
-57.3848
-57.4395
-57.4943
-57.5492
-57.6041
-57.6591
-57.7141
-57.7692
-57.8244
-57.8796
-57.9348
-57.99
-58.0452
-58.1005
-58.1558
-58.211
-58.2663
-58.3215
-58.3767
-58.4319
-58.4871
-58.5422
-58.5974
-58.6524
-58.7074
-58.7624
-58.8173
-58.8722
-58.927
-58.9817
-59.0363
-59.0909
-59.1454
-59.1998
-59.2541
-59.3084
-59.3625
-59.4166
-59.4705
-59.5243
-59.578
-59.6316
-59.6851
-59.7385
-59.7918
-59.8449
-59.8979
-59.9508
-60.0035
-60.0561
-60.1086
-60.1609
-60.2131
-60.2651
-60.317
-60.3687
-60.4203
-60.4717
-60.523
-60.5741
-60.6251
-60.6759
-60.7265
-60.7769
-60.8272
-60.8773
-60.9273
-60.977
-61.0266
-61.076
-61.1253
-61.1743
-61.2232
-61.2719
-61.3204
-61.3687
-61.4169
-61.4648
-61.5125
-61.5601
-61.6075
-61.6547
-61.7016
-61.7484
-61.795
-61.8414
-61.8876
-61.9336
-61.9794
-62.025
-62.0703
-62.1155
-62.1605
-62.2053
-62.2499
-62.2942
-62.3384
-62.3823
-62.4261
-62.4696
-62.513
-62.5561
-62.599
-62.6417
-62.6842
-62.7265
-62.7685
-62.8104
-62.852
-62.8935
-62.9347
-62.9757
-63.0165
-63.057
-63.0974
-63.1376
-63.1775
-63.2172
-63.2567
-63.296
-63.3351
-63.3739
-63.4126
-63.451
-63.4892
-63.5272
-63.565
-63.6026
-63.6399
-63.6771
-63.714
-63.7507
-63.7872
-63.8235
-63.8595
-63.8954
-63.931
-63.9664
-64.0016
-64.0366
-64.0714
-64.1059
-64.1403
-64.1744
-64.2083
-64.242
-64.2755
-64.3088
-64.3418
-64.3747
-64.4073
-64.4397
-64.4719
-64.5039
-64.5357
-64.5673
-64.5987
-64.6298
-64.6608
-64.6915
-64.7221
-64.7524
-64.7825
-64.8124
-64.8421
-64.8716
-64.9009
-64.9299
-64.9588
-64.9875
-65.0159
-65.0442
-65.0722
-65.1001
-65.1277
-65.1552
-65.1824
-65.2094
-65.2363
-65.2629
-65.2893
-65.3156
-65.3416
-65.3674
-65.393
-65.4185
-65.4437
-65.4688
-65.4936
-65.5182
-65.5427
-65.567
-65.591
-65.6149
-65.6386
-65.662
-65.6853
-65.7084
-65.7313
-65.754
-65.7766
-65.7989
-65.8211
-65.843
-65.8648
-65.8864
-65.9078
-65.929
-65.95
-65.9708
-65.9915
-66.012
-66.0323
-66.0524
-66.0723
-66.0921
-66.1116
-66.131
-66.1502
-66.1693
-66.1881
-66.2068
-66.2253
-66.2436
-66.2617
-66.2797
-66.2975
-66.3151
-66.3326
-66.3499
-66.367
-66.3839
-66.4007
-66.4173
-66.4337
-66.4499
-66.466
-66.482
-66.4977
-66.5133
-66.5287
-66.544
-66.5591
-66.574
-66.5888
-66.6034
-66.6179
-66.6322
-66.6463
-66.6603
-66.6741
-66.6877
-66.7012
-66.7146
-66.7278
-66.7408
-66.7537
-66.7664
-66.779
-66.7914
-66.8037
-66.8158
-66.8277
-66.8396
-66.8512
-66.8627
-66.8741
-66.8853
-66.8964
-66.9073
-66.9181
-66.9288
-66.9393
-66.9496
-66.9599
-66.9699
-66.9799
-66.9897
-66.9993
-67.0088
-67.0182
-67.0274
-67.0366
-67.0455
-67.0544
-67.0631
-67.0716
-67.08
-67.0883
-67.0965
-67.1045
-67.1125
-67.1202
-67.1279
-67.1354
-67.1428
-67.15
-67.1572
-67.1642
-67.1711
-67.1778
-67.1845
-67.191
-67.1974
-67.2036
-67.2098
-67.2158
-67.2217
-67.2275
-67.2332
-67.2387
-67.2442
-67.2495
-67.2547
-67.2598
-67.2647
-67.2696
-67.2743
-67.279
-67.2835
-67.2879
-67.2922
-67.2964
-67.3005
-67.3045
-67.3083
-67.3121
-67.3157
-67.3193
-67.3227
-67.326
-67.3293
-67.3324
-67.3354
-67.3383
-67.3412
-67.3439
-67.3465
-67.349
-67.3514
-67.3538
-67.356
-67.3581
-67.3601
-67.3621
-67.3639
-67.3656
-67.3673
-67.3689
-67.3703
-67.3717
-67.373
-67.3742
-67.3753
-67.3763
-67.3772
-67.378
-67.3788
-67.3794
-67.38
-67.3805
-67.3809
-67.3812
-67.3814
-67.3815
-67.3816
-67.3816
-67.3815
-67.3813
-67.381
-67.3807
-67.3802
-67.3797
-67.3792
-67.3785
-67.3778
-67.3769
-67.3761
-67.3751
-67.374
-67.3729
-67.3717
-67.3705
-67.3691
-67.3677
-67.3662
-67.3647
-67.3631
-67.3614
-67.3596
-67.3578
-67.3559
-67.3539
-67.3519
-67.3498
-67.3476
-67.3454
-67.3431
-67.3407
-67.3383
-67.3358
-67.3333
-67.3307
-67.328
-67.3252
-67.3225
-67.3196
-67.3167
-67.3137
-67.3107
-67.3076
-67.3044
-67.3012
-67.2979
-67.2946
-67.2912
-67.2878
-67.2843
-67.2808
-67.2772
-67.2735
-67.2698
-67.2661
-67.2623
-67.2584
-67.2545
-67.2505
-67.2465
-67.2425
-67.2384
-67.2342
-67.23
-67.2257
-67.2214
-67.2171
-67.2127
-67.2083
-67.2038
-67.1992
-67.1947
-67.1901
-67.1854
-67.1807
-67.1759
-67.1712
-67.1663
-67.1615
-67.1566
-67.1516
-67.1466
-67.1416
-67.1365
-67.1314
-67.1263
-67.1211
-67.1159
-67.1106
-67.1053
-67.1
-67.0946
-67.0892
-67.0838
-67.0783
-67.0728
-67.0673
-67.0617
-67.0561
-67.0505
-67.0449
-67.0392
-67.0334
-67.0277
-67.0219
-67.0161
-67.0103
-66.866
-66.632
-66.3324
-65.9821
-65.5918
-65.1698
-64.7225
-64.2553
-63.7723
-63.277
-62.7723
-62.2605
-61.7434
-61.2228
-60.6999
-60.1759
-59.6518
-59.1282
-58.6057
-58.0851
-57.5665
-57.0504
-56.5369
-56.0262
-55.5184
-55.0135
-54.5114
-54.0118
-53.5147
-53.0197
-52.5264
-52.0344
-51.5432
-51.0521
-50.5604
-50.0675
-49.5723
-49.0739
-48.5712
-48.063
-47.5479
-47.0244
-46.491
-45.9456
-45.3864
-44.8111
-44.2171
-43.6016
-42.9617
-42.2937
-41.5939
-40.8579
-40.0807
-39.257
-38.3805
-37.4442
-36.4403
-35.3599
-34.1929
-32.9282
-31.5531
-30.0537
-28.4146
-26.6191
-24.6495
-22.4873
-20.1144
-17.5141
-14.6732
-11.5844
-8.24948
-4.68343
-0.918112
2.99467
6.98209
10.9524
14.801
18.4205
21.7125
24.5995
27.0337
29
30.5131
31.6111
32.3454
32.7727
32.9477
32.9194
32.7288
32.4088
31.9854
31.4781
30.902
30.2684
29.5861
28.8618
28.1008
27.3077
26.486
25.6388
24.769
23.8789
22.9708
22.0467
21.1085
20.158
19.1967
18.2261
17.2477
16.2628
15.2726
14.2782
13.2807
12.2811
11.2803
10.2792
9.27855
8.27903
7.28132
6.28604
5.29372
4.30486
3.31992
2.3393
1.36337
0.392437
-0.573201
-1.5333
-2.48764
-3.43604
-4.37833
-5.3144
-6.24414
-7.16745
-8.08429
-8.99461
-9.89838
-10.7956
-11.6863
-12.5705
-13.4483
-14.3196
-15.1846
-16.0435
-16.8961
-17.7428
-18.5837
-19.4188
-20.2485
-21.0727
-21.8919
-22.7061
-23.5157
-24.321
-25.1221
-25.9196
-26.7136
-27.5047
-28.2931
-29.0795
-29.8642
-30.6478
-31.4308
-32.2139
-32.9977
-33.7829
-34.5701
-35.3602
-36.154
-36.9523
-37.756
-38.566
-39.3832
-40.2086
-41.0432
-41.8879
-42.7437
-43.6115
-44.4922
-45.3866
-46.2953
-47.2188
-48.1576
-49.1116
-50.0807
-51.0643
-52.0614
-53.0704
-54.0893
-55.1153
-56.1451
-57.1745
-58.1988
-59.2126
-60.2099
-61.1845
-62.1298
-63.0394
-63.9074
-64.7283
-65.4977
-66.212
-66.8693
-67.4685
-68.0102
-68.4959
-68.928
-69.3098
-69.645
-69.9378
-70.1923
-70.4125
-70.6027
-70.7664
-70.9071
-71.0279
-71.1316
-71.2206
-71.2972
-71.3631
-71.4199
-71.469
-71.5117
-71.5488
-71.5813
-71.6098
-71.635
-71.6573
-71.6772
-71.6951
-71.7113
-71.726
-71.7394
-71.7518
-71.7632
-71.7738
-71.7838
-71.7932
-71.8021
-71.8105
-71.8186
-71.8263
-71.8337
-71.8409
-71.8479
-71.8546
-71.8612
-71.8675
-71.8738
-71.8799
-71.8858
-71.8917
-71.8974
-71.9031
-71.9086
-71.914
-71.9194
-71.9246
-71.9298
-71.9349
-71.9399
-71.9449
-71.8127
-71.6003
-71.3353
-71.0343
-70.7085
-70.3659
-70.0125
-69.6527
-69.29
-68.9267
-68.5651
-68.2065
-67.8522
-67.5029
-67.1595
-66.8225
-66.4922
-66.1689
-65.8528
-65.5441
-65.2429
-64.9491
-64.6627
-64.3839
-64.1124
-63.8482
-63.5913
-63.3415
-63.0987
-62.8628
-62.6337
-62.4112
-62.1952
-61.9856
-61.7822
-61.5849
-61.3935
-61.208
-61.0281
-60.8538
-60.6849
-60.5212
-60.3627
-60.2092
-60.0606
-59.9168
-59.7776
-59.6429
-59.5126
-59.3867
-59.265
-59.1473
-59.0336
-58.9239
-58.8179
-58.7156
-58.6169
-58.5217
-58.43
-58.3416
-58.2565
-58.1746
-58.0957
-58.0199
-57.9471
-57.8772
-57.8101
-57.7457
-57.6841
-57.625
-57.5686
-57.5146
-57.4632
-57.4141
-57.3673
-57.3229
-57.2807
-57.2407
-57.2029
-57.1672
-57.1335
-57.1018
-57.0721
-57.0444
-57.0185
-56.9945
-56.9723
-56.9519
-56.9333
-56.9163
-56.901
-56.8874
-56.8753
-56.8648
-56.8559
-56.8485
-56.8425
-56.8381
-56.835
-56.8333
-56.833
-56.8341
-56.8364
-56.8401
-56.845
-56.8512
-56.8585
-56.8671
-56.8769
-56.8877
-56.8998
-56.9129
-56.9271
-56.9423
-56.9586
-56.9759
-56.9942
-57.0135
-57.0337
-57.0549
-57.0769
-57.0999
-57.1238
-57.1485
-57.174
-57.2004
-57.2275
-57.2555
-57.2842
-57.3137
-57.3439
-57.3748
-57.4064
-57.4387
-57.4717
-57.5053
-57.5395
-57.5744
-57.6099
-57.646
-57.6826
-57.7198
-57.7575
-57.7958
-57.8345
-57.8738
-57.9136
-57.9538
-57.9945
-58.0356
-58.0772
-58.1191
-58.1615
-58.2042
-58.2474
-58.2909
-58.3347
-58.3789
-58.4234
-58.4682
-58.5133
-58.5587
-58.6044
-58.6504
-58.6966
-58.743
-58.7897
-58.8366
-58.8837
-58.9311
-58.9786
-59.0263
-59.0741
-59.1222
-59.1703
-59.2186
-59.2671
-59.3157
-59.3643
-59.4131
-59.462
-59.511
-59.5601
-59.6092
-59.6584
-59.7076
-59.7569
-59.8062
-59.8556
-59.905
-59.9544
-60.0038
-60.0532
-60.1026
-60.152
-60.2014
-60.2508
-60.3001
-60.3494
-60.3987
-60.4479
-60.497
-60.5461
-60.5952
-60.6442
-60.6931
-60.7419
-60.7906
-60.8393
-60.8878
-60.9363
-60.9846
-61.0329
-61.081
-61.129
-61.1769
-61.2247
-61.2723
-61.3198
-61.3672
-61.4145
-61.4616
-61.5085
-61.5553
-61.602
-61.6485
-61.6949
-61.7411
-61.7871
-61.8329
-61.8786
-61.9242
-61.9695
-62.0147
-62.0597
-62.1045
-62.1492
-62.1936
-62.2379
-62.282
-62.3258
-62.3695
-62.413
-62.4563
-62.4995
-62.5424
-62.5851
-62.6276
-62.6699
-62.712
-62.7539
-62.7956
-62.8371
-62.8784
-62.9195
-62.9603
-63.001
-63.0414
-63.0816
-63.1217
-63.1615
-63.201
-63.2404
-63.2795
-63.3185
-63.3572
-63.3957
-63.4339
-63.472
-63.5098
-63.5474
-63.5848
-63.622
-63.6589
-63.6956
-63.7321
-63.7684
-63.8045
-63.8403
-63.8759
-63.9113
-63.9464
-63.9814
-64.0161
-64.0506
-64.0848
-64.1189
-64.1527
-64.1863
-64.2197
-64.2528
-64.2857
-64.3184
-64.3509
-64.3832
-64.4152
-64.447
-64.4786
-64.51
-64.5411
-64.572
-64.6028
-64.6332
-64.6635
-64.6935
-64.7234
-64.753
-64.7824
-64.8115
-64.8405
-64.8692
-64.8977
-64.926
-64.9541
-64.982
-65.0096
-65.0371
-65.0643
-65.0913
-65.1181
-65.1447
-65.1711
-65.1972
-65.2232
-65.2489
-65.2745
-65.2998
-65.3249
-65.3498
-65.3745
-65.399
-65.4233
-65.4474
-65.4712
-65.4949
-65.5184
-65.5417
-65.5647
-65.5876
-65.6103
-65.6327
-65.655
-65.6771
-65.6989
-65.7206
-65.7421
-65.7633
-65.7844
-65.8053
-65.826
-65.8465
-65.8668
-65.8869
-65.9069
-65.9266
-65.9461
-65.9655
-65.9847
-66.0037
-66.0224
-66.0411
-66.0595
-66.0777
-66.0958
-66.1137
-66.1314
-66.1489
-66.1662
-66.1834
-66.2003
-66.2171
-66.2337
-66.2502
-66.2664
-66.2825
-66.2984
-66.3142
-66.3298
-66.3452
-66.3604
-66.3754
-66.3903
-66.405
-66.4196
-66.2983
-66.0901
-65.819
-65.5
-65.1437
-64.7581
-64.3498
-63.9237
-63.484
-63.0339
-62.5763
-62.1132
-61.6466
-61.178
-60.7087
-60.2397
-59.7719
-59.306
-58.8427
-58.3826
-57.926
-57.4732
-57.0246
-56.5803
-56.1406
-55.7054
-55.2749
-54.849
-54.4277
-54.0109
-53.5985
-53.1902
-52.7859
-52.3852
-51.988
-51.5938
-51.2023
-50.813
-50.4255
-50.0393
-49.6539
-49.2686
-48.8828
-48.4959
-48.107
-47.7154
-47.3203
-46.9208
-46.5157
-46.1042
-45.685
-45.2569
-44.8185
-44.3685
-43.9052
-43.4269
-42.9317
-42.4176
-41.8823
-41.3234
-40.738
-40.1232
-39.4756
-38.7916
-38.067
-37.2973
-36.4775
-35.602
-34.6646
-33.6585
-32.5762
-31.4094
-30.1492
-28.7859
-27.3093
-25.7085
-23.9725
-22.0906
-20.0524
-17.8495
-15.4757
-12.9288
-10.2122
-7.3366
-4.32194
-1.19884
1.99043
5.19228
8.34367
11.3758
14.2197
16.8121
19.1022
21.0563
22.6595
23.9156
24.8436
25.4729
25.8389
25.9786
25.9272
25.7167
25.3744
24.9234
24.3826
23.7673
23.0898
22.3599
21.5859
20.7742
19.9303
19.0588
18.1635
17.248
16.3151
15.3674
14.4073
13.4368
12.4578
11.4721
10.4812
9.4864
8.48905
7.4903
6.49119
5.49266
4.49558
3.50072
2.50876
1.52034
0.536009
-0.443739
-1.41847
-2.38779
-3.35138
-4.30894
-5.26023
-6.20503
-7.14316
-8.0745
-8.99892
-9.91634
-10.8267
-11.73
-12.6262
-13.5152
-14.3973
-15.2723
-16.1403
-17.0015
-17.856
-18.7038
-19.5451
-20.3801
-21.209
-22.0318
-22.849
-23.6606
-24.467
-25.2684
-26.0652
-26.8577
-27.6462
-28.4312
-29.213
-29.9922
-30.7692
-31.5445
-32.3187
-33.0924
-33.8662
-34.6408
-35.4169
-36.1951
-36.9763
-37.7612
-38.5507
-39.3457
-40.1469
-40.9552
-41.7716
-42.5968
-43.4318
-44.2774
-45.1342
-46.0029
-46.8842
-47.7784
-48.6858
-49.6063
-50.5398
-51.4856
-52.4428
-53.4101
-54.3855
-55.3666
-56.3506
-57.3338
-58.312
-59.2807
-60.2346
-61.1684
-62.0762
-62.9525
-63.7918
-64.5891
-65.3401
-66.0415
-66.691
-67.2871
-67.8299
-68.3202
-68.7597
-69.1511
-69.4975
-69.8022
-70.0691
-70.3019
-70.5042
-70.6796
-70.8313
-70.9624
-71.0756
-71.1733
-71.2577
-71.3307
-71.3939
-71.4487
-71.4964
-71.5381
-71.5746
-71.6067
-71.635
-71.6601
-71.6825
-71.7026
-71.7207
-71.7371
-71.7521
-71.7658
-71.7784
-71.7901
-71.8011
-71.8113
-71.8209
-71.83
-71.8387
-71.8469
-71.8548
-71.8624
-71.8697
-71.8768
-71.8836
-71.8902
-71.8967
-71.903
-71.9091
-71.9151
-71.921
-71.9267
-71.9324
-71.9379
-71.9433
-71.9486
-71.9538
-71.9589
-71.9639
-71.9688
-71.9737
-71.9784
-71.9831
-71.9877
-71.9922
-71.9966
-72.0009
-72.0052
-72.0093
-72.0134
-72.0174
-72.0213
-72.0252
-72.0289
-72.0326
-72.0361
-72.0396
-72.043
-72.0464
-72.0496
-72.0527
-72.0558
-72.0588
-72.0617
-72.0645
-72.0672
-72.0698
-72.0723
-72.0748
-72.0771
-72.0794
-72.0815
-72.0836
-72.0856
-72.0875
-72.0893
-72.091
-72.0926
-72.0941
-72.0956
-72.0969
-72.0981
-72.0993
-72.1003
-72.1013
-72.1021
-72.1029
-72.1036
-72.1041
-72.1046
-72.105
-72.1053
-72.1054
-72.1055
-72.1055
-72.1054
-72.1052
-72.1049
-72.1044
-72.1039
-72.1033
-72.1026
-72.1018
-72.1009
-72.0999
-72.0988
-72.0976
-72.0963
-72.0949
-72.0934
-72.0918
-72.0901
-72.0883
-72.0864
-72.0844
-72.0823
-72.0801
-72.0778
-72.0754
-72.0729
-72.0703
-72.0676
-72.0648
-72.0619
-72.059
-72.0559
-72.0527
-72.0494
-72.046
-72.0425
-72.0389
-72.0353
-72.0315
-72.0276
-72.0236
-72.0196
-72.0154
-72.0111
-72.0068
-72.0023
-71.9978
-71.9931
-71.9884
-71.9835
-71.9786
-71.9736
-71.9684
-71.9632
-71.9579
-71.9525
-71.947
-71.9414
-71.9357
-71.9299
-71.924
-71.918
-71.912
-71.9058
-71.8996
-71.8932
-71.8868
-71.8803
-71.8736
-71.8669
-71.8601
-71.8532
-71.8463
-71.8392
-71.8321
-71.8248
-71.8175
-71.8101
-71.8026
-71.795
-71.7873
-71.7795
-71.7717
-71.7637
-71.7557
-71.7476
-71.7394
-71.7311
-71.7228
-71.7143
-71.7058
-71.6972
-71.6885
-71.6798
-71.6709
-71.662
-71.653
-71.6439
-71.6347
-71.6254
-71.6161
-71.6067
-71.5972
-71.5876
-71.578
-71.5683
-71.5585
-71.5486
-71.5387
-71.5286
-71.5185
-71.5084
-71.4981
-71.4878
-71.4774
-71.467
-71.4564
-71.4458
-71.4351
-71.4244
-71.4136
-71.4027
-71.3917
-71.3807
-71.3696
-71.3585
-71.3472
-71.336
-71.3246
-71.3132
-71.3017
-71.2901
-71.2785
-71.2668
-71.2551
-71.2433
-71.2314
-71.2195
-71.2075
-71.1954
-71.1833
-71.1711
-71.1589
-71.1466
-71.1342
-71.1218
-71.1093
-71.0968
-71.0842
-71.0716
-71.0589
-71.0461
-71.0333
-71.0205
-71.0075
-70.9946
-70.9816
-70.9685
-70.9554
-70.9422
-70.929
-70.9157
-70.9023
-70.889
-70.8755
-70.8621
-70.8485
-70.835
-70.8214
-70.8077
-70.794
-70.7802
-70.7664
-70.7526
-70.7387
-70.7248
-70.7108
-70.6968
-70.6827
-70.6686
-70.6545
-70.6403
-70.6261
-70.6118
-70.5975
-70.5832
-70.5688
-70.5544
-70.5399
-70.5254
-70.5109
-70.4963
-70.4817
-70.4671
-70.4524
-70.4377
-70.423
-70.4082
-70.3934
-70.3786
-70.3637
-70.3488
-70.3339
-70.3189
-70.304
-70.2889
-70.2739
-70.2588
-70.2437
-70.2286
-70.2134
-70.1982
-70.183
-70.1678
-70.1525
-70.1373
-70.1219
-70.1066
-70.0913
-70.0759
-70.0605
-70.045
-70.0296
-70.0141
-69.9986
-69.9831
-69.9676
-69.9521
-69.9365
-69.9209
-69.9053
-69.8897
-69.874
-69.8584
-69.8427
-69.827
-69.8113
-69.7956
-69.7799
-69.7641
-69.7484
-69.7326
-69.7168
-69.701
-69.6852
-69.6693
-69.6535
-69.6377
-69.6218
-69.6059
-69.59
-69.5741
-69.5582
-69.5423
-69.5264
-69.5105
-69.4946
-69.4786
-69.4627
-69.4467
-69.4308
-69.4148
-69.3988
-69.3828
-69.3669
-69.3509
-69.3349
-69.3189
-69.3029
-69.2869
-69.2709
-69.2549
-69.2389
-69.2229
-69.2069
-69.1909
-69.1749
-69.1589
-69.1428
-69.1268
-69.1108
-69.0948
-69.0788
-69.0628
-69.0468
-69.0308
-69.0148
-68.9988
-68.9828
-68.9669
-68.9509
-68.9349
-68.9189
-68.903
-68.887
-68.8711
-68.8551
-68.8392
-68.8232
-68.8073
-68.7914
-68.7755
-68.7596
-68.7437
-68.7278
-68.7119
-68.696
-68.6802
-68.6643
-68.6485
-68.6327
-68.6168
-68.601
-68.5852
-68.5694
-68.5537
-68.5379
-68.5222
-68.5064
-68.4907
-68.475
-68.4593
-68.4436
-68.4279
-68.4123
-68.3966
-68.381
-68.3654
-68.3498
-68.3342
-68.3186
-68.3031
-68.2875
-68.272
-68.2565
-68.241
-68.2256
-68.2101
-68.1947
-68.1792
-68.1638
-68.1485
-68.1331
-68.1177
-68.1024
-68.0871
-68.0718
-68.0565
-68.0413
-68.0261
-68.0109
-67.9957
-67.9805
-67.9654
-67.9502
-67.9351
-67.92
-67.905
-67.8899
-67.8749
-67.8599
-67.8449
-67.83
-67.8151
-67.8001
-67.7853
-67.7704
-67.7556
-67.7407
-67.7259
-67.7112
-67.6964
-67.6817
-67.667
-67.6523
-67.6377
-67.6231
-67.6085
-67.5939
-67.5794
-67.5648
-67.5503
-67.5359
-67.5214
-67.507
-67.4926
-67.4783
-67.3242
-67.0796
-66.7684
-66.4057
-66.0024
-65.5667
-65.1052
-64.6233
-64.1251
-63.6143
-63.0936
-62.5655
-62.0319
-61.4945
-60.9546
-60.4133
-59.8716
-59.3302
-58.7898
-58.2509
-57.7138
-57.1789
-56.6462
-56.1161
-55.5884
-55.0631
-54.54
-54.019
-53.4996
-52.9816
-52.4644
-51.9474
-51.4299
-50.9113
-50.3905
-49.8666
-49.3384
-48.8048
-48.2641
-47.7149
-47.1554
-46.5836
-45.9973
-45.3941
-44.7712
-44.1255
-43.4535
-42.7515
-42.015
-41.2391
-40.4182
-39.546
-38.6153
-37.6181
-36.545
-35.3856
-34.128
-32.7587
-31.2625
-29.6225
-27.8202
-25.8351
-23.6458
-21.2304
-18.5679
-15.64
-12.4345
-8.94847
-5.19365
-1.201
2.97509
7.25515
11.5368
15.7023
19.63
23.2087
26.3513
29.0041
31.1504
32.8073
34.0177
34.8399
35.3376
35.5719
35.5968
35.4571
35.1882
34.8171
34.3642
33.8443
33.2686
32.6453
31.9807
31.2797
30.5463
29.7836
28.9945
28.1814
27.3465
26.4917
25.6189
24.7299
23.8262
22.9094
21.9808
21.0419
20.094
19.1381
18.1756
17.2073
16.2345
15.258
14.2787
13.2975
12.315
11.3322
10.3495
9.36773
8.38737
7.40896
6.43299
5.45991
4.49012
3.52399
2.56184
1.60397
0.650643
-0.297904
-1.24147
-2.17987
-3.11296
-4.0406
-4.96269
-5.87915
-6.7899
-7.69491
-8.59414
-9.48757
-10.3752
-11.2571
-12.1332
-13.0036
-13.8684
-14.7276
-15.5814
-16.4298
-17.2729
-18.1109
-18.944
-19.7722
-20.5959
-21.4151
-22.2302
-23.0414
-23.8489
-24.653
-25.4541
-26.2526
-27.0489
-27.8433
-28.6363
-29.4285
-30.2203
-31.0125
-31.8055
-32.6002
-33.3971
-34.1972
-35.0011
-35.8098
-36.6242
-37.4453
-38.274
-39.1113
-39.9583
-40.8162
-41.6859
-42.5684
-43.465
-44.3764
-45.3036
-46.2473
-47.208
-48.1861
-49.1815
-50.194
-51.2227
-52.2663
-53.3228
-54.3896
-55.4633
-56.5397
-57.6137
-58.6797
-59.7311
-60.7609
-61.7621
-62.7272
-63.6494
-64.5223
-65.3408
-66.1006
-66.7993
-67.4354
-68.0094
-68.5229
-68.9783
-69.3795
-69.7304
-70.0356
-70.2997
-70.5273
-70.7229
-70.8904
-71.0337
-71.1561
-71.2607
-71.35
-71.4264
-71.4919
-71.548
-71.5964
-71.6381
-71.6744
-71.7059
-71.7334
-71.7577
-71.7791
-71.7982
-71.8153
-71.8307
-71.8446
-71.8573
-71.869
-71.8798
-71.8898
-71.8992
-71.9081
-71.9164
-71.9244
-71.9319
-71.9392
-71.9462
-71.9529
-71.9595
-71.9658
-71.972
-71.978
-71.9838
-71.9896
-71.9952
-72.0007
-72.0061
-72.0114
-72.0166
-72.0218
-72.0268
-72.0318
-72.0366
-72.0414
-72.0462
-72.0508
-72.0554
-72.0599
-72.0643
-72.0687
-72.073
-72.0772
-72.0813
-72.0854
-72.0894
-72.0933
-72.0971
-72.1009
-72.1046
-72.1082
-72.1117
-72.1152
-72.1186
-72.1219
-72.1251
-72.1283
-72.1314
-72.1343
-72.1373
-72.1401
-72.1428
-72.1455
-72.1481
-72.1506
-72.153
-72.1553
-72.1576
-72.1598
-72.1618
-72.1638
-72.1657
-72.1675
-72.1693
-72.1709
-72.1725
-72.1739
-72.1753
-72.1766
-72.1778
-72.1789
-72.1799
-72.1808
-72.1816
-72.1823
-72.183
-72.1835
-72.184
-72.1843
-72.1846
-72.1848
-72.1848
-72.1848
-72.1847
-72.1845
-72.1842
-72.1838
-72.1833
-72.1827
-72.182
-72.1812
-72.1804
-72.1794
-72.1783
-72.1771
-72.1759
-72.1745
-72.173
-72.1715
-72.1698
-72.1681
-72.1662
-72.1643
-72.1622
-72.1601
-72.1579
-72.1555
-72.1531
-72.1506
-72.1479
-72.1452
-72.1424
-72.1394
-72.1364
-72.1333
-72.1301
-72.1268
-72.1234
-72.1199
-72.1163
-72.1126
-72.1088
-72.1049
-72.1009
-72.0968
-72.0926
-72.0884
-72.084
-72.0795
-72.0749
-72.0703
-72.0655
-72.0607
-72.0557
-72.0507
-72.0456
-72.0403
-72.035
-72.0296
-72.0241
-72.0185
-72.0128
-72.007
-72.0011
-71.9952
-71.9891
-71.9829
-71.9767
-71.9704
-71.9639
-71.9574
-71.9508
-71.9441
-71.9373
-71.9304
-71.9234
-71.9164
-71.9092
-71.902
-71.8947
-71.8873
-71.8798
-71.8722
-71.8645
-71.8568
-71.8489
-71.841
-71.833
-71.8249
-71.8167
-71.8084
-71.8001
-71.7916
-71.7831
-71.7745
-71.7658
-71.7571
-71.7482
-71.7393
-71.7303
-71.7212
-71.712
-71.7028
-71.6935
-71.6841
-71.6746
-71.665
-71.6554
-71.6457
-71.6359
-71.626
-71.616
-71.606
-71.5959
-71.5858
-71.5755
-71.5652
-71.5548
-71.5443
-71.5338
-71.5232
-71.5125
-71.5018
-71.491
-71.4801
-71.4691
-71.4581
-71.447
-71.4358
-71.4246
-71.4133
-71.4019
-71.3905
-71.379
-71.3674
-71.3558
-71.3441
-71.3323
-71.3205
-71.3086
-71.2967
-71.2846
-71.2726
-71.2604
-71.2482
-71.236
-71.2237
-71.2113
-71.1989
-71.1864
-71.1738
-71.1612
-71.1485
-71.1358
-71.123
-71.1102
-71.0973
-71.0844
-71.0714
-71.0583
-71.0452
-71.0321
-71.0188
-71.0056
-70.9923
-70.9789
-70.9655
-70.952
-70.9385
-70.925
-70.9114
-70.8977
-70.884
-70.8702
-70.8564
-70.8426
-70.8287
-70.8148
-70.8008
-70.7868
-70.7727
-70.7586
-70.7444
-70.7303
-70.716
-70.7017
-70.6874
-70.6731
-70.6587
-70.6442
-70.6298
-70.6152
-70.6007
-70.5861
-70.5715
-70.5568
-70.5421
-70.5274
-70.5126
-70.4978
-70.483
-70.4681
-70.4532
-70.4383
-70.4233
-70.4083
-70.3933
-70.3782
-70.3631
-70.348
-70.3329
-70.3177
-70.3025
-70.2872
-70.272
-70.2567
-70.2414
-70.226
-70.2107
-70.1953
-70.1798
-70.1644
-70.1489
-70.1334
-70.1179
-70.1024
-70.0868
-70.0713
-70.0557
-70.04
-70.0244
-70.0087
-69.8489
-69.596
-69.2754
-68.9027
-68.4892
-68.0437
-67.573
-67.0825
-66.5767
-66.0593
-65.5333
-65.001
-64.4646
-63.9258
-63.3861
-62.8465
-62.3083
-61.7721
-61.2389
-60.7091
-60.1833
-59.6619
-59.1453
-58.6337
-58.1273
-57.6263
-57.1308
-56.6408
-56.1563
-55.6772
-55.2033
-54.7345
-54.2706
-53.8112
-53.3561
-52.9049
-52.457
-52.0121
-51.5696
-51.1289
-50.6893
-50.25
-49.8103
-49.3694
-48.9263
-48.4799
-48.0291
-47.5728
-47.1097
-46.6382
-46.1569
-45.664
-45.1578
-44.636
-44.0966
-43.5369
-42.9544
-42.3459
-41.7082
-41.0373
-40.3293
-39.5793
-38.7822
-37.9321
-37.0224
-36.0458
-34.994
-33.8579
-32.627
-31.2901
-29.8347
-28.2472
-26.5129
-24.6168
-22.5433
-20.2776
-17.8064
-15.1199
-12.2134
-9.09
-5.76358
-2.26141
1.37388
5.08361
8.79464
12.4234
15.8824
19.0882
21.9692
24.4734
26.5717
28.2592
29.5525
30.4845
31.0978
31.4389
31.553
31.4811
31.2584
30.9136
30.4699
29.9454
29.354
28.7066
28.0118
27.2763
26.5054
25.7036
24.8745
24.0214
23.147
22.2538
21.344
20.4196
19.4824
18.5341
17.5764
16.6105
15.638
14.6599
13.6776
12.6919
11.7039
10.7146
9.72476
8.73513
7.74644
6.75933
5.7744
4.79218
3.81316
2.83778
1.86643
0.89946
-0.0628107
-1.02011
-1.97219
-2.91885
-3.85991
-4.79522
-5.72465
-6.6481
-7.56549
-8.47677
-9.38189
-10.2808
-11.1736
-12.0603
-12.9408
-13.8152
-14.6836
-15.5462
-16.4028
-17.2538
-18.0991
-18.9391
-19.7737
-20.6032
-21.4278
-22.2477
-23.0632
-23.8745
-24.682
-25.4859
-26.2865
-27.0843
-27.8798
-28.6732
-29.4652
-30.2562
-31.0468
-31.8376
-32.6292
-33.4224
-34.2178
-35.0163
-35.8187
-36.6258
-37.4385
-38.2578
-39.0846
-39.92
-40.7649
-41.6203
-42.4873
-43.3669
-44.2598
-45.1671
-46.0894
-47.0274
-47.9814
-48.9516
-49.9378
-50.9395
-51.9556
-52.9847
-54.0248
-55.0729
-56.1257
-57.1789
-58.2275
-59.2661
-60.2884
-61.2878
-62.2574
-63.1907
-64.0812
-64.9233
-65.7122
-66.4444
-67.1175
-67.7308
-68.2845
-68.7804
-69.221
-69.6097
-69.9505
-70.2477
-70.5055
-70.7283
-70.9203
-71.0853
-71.2268
-71.348
-71.4519
-71.5409
-71.6172
-71.6827
-71.7391
-71.7877
-71.8298
-71.8663
-71.8981
-71.9259
-71.9504
-71.972
-71.9912
-72.0084
-72.0238
-72.0378
-72.0505
-72.0621
-72.0728
-72.0827
-72.0919
-72.1005
-72.1086
-72.1163
-72.1236
-72.1305
-72.1372
-72.1436
-72.1497
-72.1557
-72.1614
-72.167
-72.1725
-72.1778
-72.1829
-72.188
-72.1929
-72.1977
-72.2024
-72.207
-72.2115
-72.216
-72.2203
-72.2246
-72.2287
-72.2328
-72.2368
-72.2408
-72.2446
-72.2484
-72.2521
-72.2557
-72.2592
-72.2627
-72.2661
-72.2694
-72.2726
-72.2757
-72.2788
-72.2818
-72.2847
-72.2875
-72.2902
-72.2929
-72.2954
-72.2979
-72.3003
-72.3027
-72.3049
-72.3071
-72.3091
-72.3111
-72.313
-72.3148
-72.3165
-72.3182
-72.3197
-72.3212
-72.3226
-72.3238
-72.325
-72.3261
-72.3272
-72.3281
-72.3289
-72.3297
-72.3303
-72.3309
-72.3313
-72.3317
-72.332
-72.3322
-72.3323
-72.3323
-72.3322
-72.332
-72.3317
-72.3313
-72.3308
-72.3303
-72.3296
-72.3288
-72.328
-72.327
-72.326
-72.3248
-72.3236
-72.3222
-72.3208
-72.3193
-72.3176
-72.3159
-72.3141
-72.3122
-72.3101
-72.308
-72.3058
-72.3035
-72.3011
-72.2986
-72.296
-72.2933
-72.2905
-72.2876
-72.2846
-72.2815
-72.2783
-72.275
-72.2716
-72.2681
-72.2646
-72.2609
-72.2571
-72.2532
-72.2493
-72.2452
-72.241
-72.2368
-72.2324
-72.228
-72.2234
-72.2188
-72.2141
-72.2092
-72.2043
-72.1993
-72.1942
-72.1889
-72.1836
-72.1782
-72.1727
-72.1671
-72.1615
-72.1557
-72.1498
-72.1438
-72.1378
-72.1316
-72.1254
-72.1191
-72.1126
-72.1061
-72.0995
-72.0928
-72.086
-72.0791
-72.0721
-72.0651
-72.0579
-72.0507
-72.0433
-72.0359
-72.0284
-72.0208
-72.0131
-72.0054
-71.9975
-71.9895
-71.9815
-71.9734
-71.9652
-71.9569
-71.9485
-71.9401
-71.9315
-71.9229
-71.9142
-71.9054
-71.8965
-71.8875
-71.8785
-71.8694
-71.8601
-71.8509
-71.8415
-71.832
-71.8225
-71.8129
-71.8032
-71.7935
-71.7836
-71.7737
-71.7637
-71.7536
-71.7435
-71.7332
-71.7229
-71.7125
-71.7021
-71.6916
-71.681
-71.6703
-71.6595
-71.6487
-71.6378
-71.6269
-71.6158
-71.6047
-71.5935
-71.5823
-71.571
-71.5596
-71.5481
-71.5366
-71.525
-71.5134
-71.5016
-71.4899
-71.478
-71.4661
-71.4541
-71.442
-71.4299
-71.4177
-71.4055
-71.3932
-71.3808
-71.3684
-71.3559
-71.3434
-71.3308
-71.3181
-71.3054
-71.2926
-71.2797
-71.2668
-71.2539
-71.2409
-71.2278
-71.2147
-71.2015
-71.1882
-71.175
-71.1616
-71.1482
-71.1348
-71.1213
-71.1077
-71.0941
-71.0804
-71.0667
-71.053
-71.0392
-71.0253
-71.0114
-70.9974
-70.9834
-70.9694
-70.9553
-70.9412
-70.927
-70.9127
-70.8985
-70.8841
-70.8698
-70.8554
-70.8409
-70.8264
-70.8119
-70.7973
-70.7827
-70.7681
-70.7534
-70.7386
-70.7239
-70.7091
-70.6942
-70.6793
-70.6644
-70.6494
-70.6344
-70.6194
-70.6043
-70.5892
-70.5741
-70.5589
-70.5438
-70.5285
-70.5133
-70.498
-70.4826
-70.4673
-70.4519
-70.4365
-70.421
-70.4056
-70.39
-70.3745
-70.359
-70.3434
-70.3278
-70.3121
-70.2965
-70.2808
-70.2651
-70.2493
-70.2336
-70.2178
-70.202
-70.1861
-70.1703
-70.1544
-70.1385
-70.1226
-70.1067
-70.0907
-70.0747
-70.0587
-70.0427
-70.0267
-70.0107
-69.9946
-69.9785
-69.9624
-69.9463
-69.9302
-69.914
-69.8979
-69.8817
-69.8655
-69.8493
-69.8331
-69.8169
-69.8006
-69.7844
-69.7681
-69.7519
-69.7356
-69.7193
-69.703
-69.6867
-69.6704
-69.654
-69.6377
-69.6214
-69.605
-69.5887
-69.5723
-69.5559
-69.5395
-69.5232
-69.5068
-69.4904
-69.474
-69.4576
-69.4412
-69.4248
-69.4084
-69.392
-69.3756
-69.3591
-69.3427
-69.3263
-69.3099
-69.2935
-69.2771
-69.2606
-69.2442
-69.2278
-69.2114
-69.195
-69.1786
-69.1622
-69.1458
-69.1294
-69.113
-69.0966
-69.0802
-69.0638
-69.0474
-69.031
-69.0147
-68.9983
-68.9819
-68.9656
-68.9492
-68.9329
-68.9166
-68.9003
-68.8839
-68.8676
-68.8513
-68.835
-68.8188
-68.8025
-68.7862
-68.77
-68.7537
-68.7375
-68.7213
-68.7051
-68.6889
-68.6727
-68.6565
-68.6404
-68.6242
-68.6081
-68.592
-68.5759
-68.5598
-68.5437
-68.5276
-68.5116
-68.4955
-68.4795
-68.4635
-68.4475
-68.4315
-68.4156
-68.3996
-68.3837
-68.3678
-68.3519
-68.336
-68.3202
-68.3043
-68.2885
-68.2727
-68.2569
-68.2411
-68.2254
-68.2096
-68.1939
-68.1782
-68.1626
-68.1469
-68.1313
-68.1157
-68.1001
-68.0845
-68.0689
-68.0534
-68.0379
-68.0224
-68.007
-67.9915
-67.9761
-67.9607
-67.9453
-67.93
-67.9146
-67.8993
-67.8841
-67.8688
-67.8536
-67.8384
-67.8232
-67.808
-67.7929
-67.7777
-67.7627
-67.7476
-67.7326
-67.7175
-67.7025
-67.6876
-67.6726
-67.6577
-67.6428
-67.628
-67.6132
-67.5984
-67.5836
-67.5688
-67.5541
-67.5394
-67.5247
-67.5101
-67.4955
-67.4809
-67.4663
-67.4518
-67.4373
-67.4228
-67.4084
-67.394
-67.3796
-67.3652
-67.3509
-67.3366
-67.3224
-67.3081
-67.2939
-67.2797
-67.2656
-67.2515
-67.2374
-67.2233
-67.2093
-67.1953
-67.1813
-67.1674
-67.1535
-67.1396
-67.1258
-67.112
-67.0982
-67.0844
-67.0707
-67.057
-67.0434
-67.0298
-67.0162
-67.0026
-66.9891
-66.9756
-66.9622
-66.9487
-66.9354
-66.922
-66.9087
-66.8954
-66.8821
-66.8689
-66.8557
-66.8426
-66.8294
-66.8164
-66.8033
-66.7903
-66.7773
-66.7643
-66.7514
-66.7385
-66.7257
-66.7129
-66.7001
-66.6873
-66.6746
-66.662
-66.6493
-66.6367
-66.6241
-66.6116
-66.5991
-66.5866
-66.5742
-66.5618
-66.5495
-66.5371
-66.5249
-66.5126
-66.5004
-66.4882
-66.4761
-66.464
-66.4519
-66.4399
-66.4279
-66.416
-66.404
-66.3922
-66.3803
-66.3685
-66.3567
-66.345
-66.3333
-66.3216
-66.31
-66.2984
-66.2869
-66.2754
-66.2639
-66.2525
-66.2411
-66.2297
-66.2184
-66.2071
-66.1958
-66.1846
-66.1734
-66.1623
-66.1512
-66.1401
-66.1291
-66.1181
-66.1072
-66.0963
-66.0854
-66.0746
-66.0638
-66.0531
-66.0424
-66.0317
-66.021
-66.0105
-65.9999
-65.9894
-65.9789
-65.9685
-65.9581
-65.9477
-65.9374
-65.9272
-65.9169
-65.9067
-65.8966
-65.8865
-65.8764
-65.8663
-65.8563
-65.8464
-65.8365
-65.8266
-65.8167
-65.8069
-65.7972
-65.7874
-65.7778
-65.7681
-65.7585
-65.7489
-65.7394
-65.7299
-65.7205
-65.7111
-65.7017
-65.6924
-65.6831
-65.6739
-65.6647
-65.6555
-65.6464
-65.6373
-65.6283
-65.6193
-65.6103
-65.6014
-65.5925
-65.5837
-65.5749
-65.5661
-65.5574
-65.5488
-65.5401
-65.5316
-65.523
-65.5145
-65.5061
-65.4976
-65.4893
-65.4809
-65.4726
-65.4644
-65.4562
-65.448
-65.4399
-65.4318
-65.4238
-65.4158
-65.4078
-65.3999
-65.392
-65.3842
-65.3764
-65.3686
-65.3609
-65.2178
-64.9867
-64.6907
-64.3445
-63.9585
-63.5405
-63.0971
-62.6332
-62.1529
-61.6596
-61.156
-60.6444
-60.1265
-59.604
-59.0779
-58.5494
-58.0192
-57.4879
-56.9561
-56.4241
-55.8921
-55.3601
-54.8283
-54.2965
-53.7645
-53.2319
-52.6984
-52.1634
-51.6262
-51.086
-50.5421
-49.9932
-49.4382
-48.8757
-48.3042
-47.722
-47.1269
-46.5169
-45.8894
-45.2415
-44.5701
-43.8715
-43.1418
-42.3762
-41.5695
-40.7157
-39.8081
-38.8388
-37.7991
-36.6786
-35.466
-34.148
-32.7095
-31.1336
-29.4012
-27.4912
-25.3806
-23.0451
-20.4598
-17.6014
-14.4505
-10.9952
-7.23664
-3.19472
1.08621
5.53305
10.0437
14.4929
18.7438
22.6646
26.146
29.1143
31.5388
33.4295
34.8289
35.7998
36.4128
36.7372
36.8341
36.7542
36.5373
36.2134
35.8046
35.3272
34.7929
34.2101
33.5853
32.9234
32.2282
31.5028
30.7499
29.9719
29.1709
28.3487
27.5071
26.6479
25.7725
24.8825
23.9792
23.064
22.1383
21.2031
20.2597
19.3091
18.3524
17.3907
16.4247
15.4554
14.4836
13.51
12.5355
11.5606
10.586
9.61231
8.64
7.66959
6.70153
5.73625
4.77412
3.81548
2.86066
1.90992
0.963521
0.0216843
-0.915395
-1.84755
-2.77463
-3.69652
-4.6131
-5.5243
-6.43005
-7.3303
-8.22502
-9.1142
-9.99784
-10.8759
-11.7486
-12.6157
-13.4775
-14.3339
-15.1851
-16.0311
-16.8721
-17.7082
-18.5396
-19.3663
-20.1886
-21.0067
-21.8208
-22.6311
-23.4379
-24.2415
-25.0423
-25.8405
-26.6366
-27.4309
-28.224
-29.0164
-29.8084
-30.6009
-31.3943
-32.1893
-32.9867
-33.7872
-34.5917
-35.401
-36.2161
-37.0378
-37.8672
-38.7054
-39.5534
-40.4123
-41.2832
-42.1672
-43.0654
-43.9788
-44.9083
-45.8548
-46.8187
-47.8006
-48.8006
-49.8184
-50.8532
-51.9038
-52.9685
-54.0445
-55.1286
-56.119
-57.0526
-57.9421
-58.7907
-59.5977
-60.3606
-61.0756
-61.7389
-62.3472
-62.8977
-63.3887
-63.8196
-64.1909
-64.5043
-64.7624
-64.9687
-65.1272
-65.2422
-65.3184
-65.3604
-65.3724
-65.3589
-65.3235
-65.2699
-65.2011
-65.1201
-65.0291
-64.9304
-64.8256
-64.7164
-64.604
-64.4896
-64.374
-64.2579
-64.1421
-64.027
-63.9131
-63.8007
-63.6899
-63.5812
-63.4746
-63.3703
-63.2684
-63.1688
-63.0718
-62.9774
-62.8854
-62.796
-62.7092
-62.6249
-62.5431
-62.4638
-62.3869
-62.3125
-62.2405
-62.1708
-62.1034
-62.0383
-61.9755
-61.9148
-61.8563
-61.8
-61.7456
-61.6934
-61.6431
-61.5947
-61.5483
-61.5037
-61.4609
-61.42
-61.3808
-61.3433
-61.3075
-61.2734
-61.2408
-61.2099
-61.1804
-61.1525
-61.1261
-61.1011
-61.0776
-61.0554
-61.0346
-61.0151
-60.9969
-60.98
-60.9643
-60.9498
-60.9365
-60.9244
-60.9135
-60.9036
-60.8949
-60.8872
-60.8806
-60.875
-60.8704
-60.8667
-60.8641
-60.8623
-60.8615
-60.8616
-60.8626
-60.8644
-60.8671
-60.8706
-60.8748
-60.8799
-60.8858
-60.8924
-60.8997
-60.9077
-60.9165
-60.9259
-60.936
-60.9468
-60.9582
-60.9703
-60.9829
-60.9961
-61.01
-61.0244
-61.0393
-61.0548
-61.0708
-61.0874
-61.1044
-61.122
-61.14
-61.1585
-61.1774
-61.1968
-61.2167
-61.2369
-61.2576
-61.2786
-61.3001
-61.322
-61.3442
-61.3667
-61.3897
-61.413
-61.4366
-61.4605
-61.4848
-61.5093
-61.5342
-61.5593
-61.5847
-61.6104
-61.6364
-61.6626
-61.6891
-61.7158
-61.7427
-61.7699
-61.7972
-61.8248
-61.8526
-61.8806
-61.9088
-61.9372
-61.9657
-61.9944
-62.0233
-62.0523
-62.0815
-62.1108
-62.1403
-62.1699
-62.0806
-61.9207
-61.7136
-61.4732
-61.2091
-60.9282
-60.6356
-60.3354
-60.0304
-59.7231
-59.4153
-59.1084
-58.8036
-58.5018
-58.2036
-57.9096
-57.6204
-57.3362
-57.0573
-56.7839
-56.5162
-56.2544
-55.9983
-55.7483
-55.5041
-55.2659
-55.0336
-54.8071
-54.5865
-54.3716
-54.1624
-53.9587
-53.7605
-53.5678
-53.3802
-53.1979
-53.0206
-52.8483
-52.6808
-52.518
-52.3598
-52.2062
-52.0569
-51.9119
-51.771
-51.6342
-51.5013
-51.3723
-51.247
-51.1254
-51.0073
-50.8927
-50.7814
-50.6734
-50.5687
-50.467
-50.3684
-50.2727
-50.18
-50.0901
-50.0029
-49.9184
-49.8366
-49.7574
-49.6807
-49.6064
-49.5347
-49.4653
-49.3982
-49.3334
-49.2709
-49.2107
-49.1526
-49.0967
-49.0429
-48.9912
-48.9416
-48.894
-48.8485
-48.805
-48.7634
-48.7239
-48.6862
-48.6506
-48.6168
-48.585
-48.555
-48.527

