-65
-64.9994
-64.9988
-64.9982
-64.9977
-64.9971
-64.9965
-64.996
-64.9954
-64.9949
-64.9943
-64.9938
-64.9932
-64.9927
-64.9922
-64.9917
-64.9912
-64.9906
-64.9901
-64.9896
-64.9891
-64.9886
-64.9881
-64.9876
-64.9872
-64.9867
-64.9862
-64.9857
-64.9852
-64.9848
-64.9843
-64.9838
-64.9834
-64.9829
-64.9825
-64.982
-64.9816
-64.9811
-64.9807
-64.9802
-64.9798
-64.9794
-64.9789
-64.9785
-64.9781
-64.9777
-64.9772
-64.9768
-64.9764
-64.976
-64.9756
-64.9752
-64.9748
-64.9744
-64.974
-64.9736
-64.9732
-64.9728
-64.9725
-64.9721
-64.9717
-64.9713
-64.971
-64.9706
-64.9702
-64.9699
-64.9695
-64.9692
-64.9688
-64.9685
-64.9681
-64.9678
-64.9675
-64.9671
-64.9668
-64.9665
-64.9661
-64.9658
-64.9655
-64.9652
-64.9649
-64.9646
-64.9642
-64.9639
-64.9636
-64.9633
-64.963
-64.9628
-64.9625
-64.9622
-64.9619
-64.9616
-64.9613
-64.9611
-64.9608
-64.9605
-64.9603
-64.96
-64.9598
-64.9595
-64.9592
-64.959
-64.9588
-64.9585
-64.9583
-64.958
-64.9578
-64.9576
-64.9573
-64.9571
-64.9569
-64.9567
-64.9565
-64.9562
-64.956
-64.9558
-64.9556
-64.9554
-64.9552
-64.955
-64.9548
-64.9546
-64.9545
-64.9543
-64.9541
-64.9539
-64.9537
-64.9536
-64.9534
-64.9532
-64.9531
-64.9529
-64.9527
-64.9526
-64.9524
-64.9523
-64.9521
-64.952
-64.9519
-64.9517
-64.9516
-64.9514
-64.9513
-64.9512
-64.9511
-64.9509
-64.9508
-64.9507
-64.9506
-64.9505
-64.9504
-64.9503
-64.9502
-64.95
-64.9499
-64.9499
-64.9498
-64.9497
-64.9496
-64.9495
-64.9494
-64.9493
-64.9492
-64.9492
-64.9491
-64.949
-64.9489
-64.9489
-64.9488
-64.9487
-64.9487
-64.9486
-64.9486
-64.9485
-64.9485
-64.9484
-64.9484
-64.9483
-64.9483
-64.9482
-64.9482
-64.9482
-64.9481
-64.9481
-64.9481
-64.948
-64.948
-64.948
-64.948
-64.948
-64.9479
-64.9479
-64.9479
-64.9479
-64.9479
-64.9479
-64.9479
-64.9479
-64.9479
-64.9479
-64.9479
-64.9479
-64.9479
-64.9479
-64.9479
-64.9479
-64.9479
-64.9479
-64.948
-64.948
-64.948
-64.948
-64.9481
-64.9481
-64.9481
-64.9481
-64.9482
-64.9482
-64.9482
-64.9483
-64.9483
-64.9483
-64.9484
-64.9484
-64.9485
-64.9485
-64.9486
-64.9486
-64.9487
-64.9487
-64.9488
-64.9488
-64.9489
-64.9489
-64.949
-64.9491
-64.9491
-64.9492
-64.9492
-64.9493
-64.9494
-64.9494
-64.9495
-64.9496
-64.9497
-64.9497
-64.9498
-64.9499
-64.95
-64.95
-64.9501
-64.9502
-64.9503
-64.9504
-64.9504
-64.9505
-64.9506
-64.9507
-64.9508
-64.9509
-64.951
-64.951
-64.9511
-64.9512
-64.9513
-64.9514
-64.9515
-64.9516
-64.9517
-64.9518
-64.9519
-64.952
-64.9521
-64.9522
-64.9523
-64.9524
-64.9525
-64.9526
-64.9527
-64.9528
-64.9529
-64.953
-64.9532
-64.9533
-64.9534
-64.9535
-64.9536
-64.9537
-64.9538
-64.9539
-64.954
-64.9542
-64.9543
-64.9544
-64.9545
-64.9546
-64.9547
-64.9548
-64.955
-64.9551
-64.9552
-64.9553
-64.9554
-64.9556
-64.9557
-64.9558
-64.9559
-64.956
-64.9562
-64.9563
-64.9564
-64.9565
-64.9566
-64.9568
-64.9569
-64.957
-64.9571
-64.9573
-64.9574
-64.9575
-64.9576
-64.9578
-64.9579
-64.958
-64.9581
-64.9583
-64.9584
-64.9585
-64.9587
-64.9588
-64.9589
-64.959
-64.9592
-64.9593
-64.9594
-64.9595
-64.9597
-64.9598
-64.9599
-64.96
-64.9602
-64.9603
-64.9604
-64.9606
-64.9607
-64.9608
-64.9609
-64.9611
-64.9612
-64.9613
-64.9614
-64.9616
-64.9617
-64.9618
-64.962
-64.9621
-64.9622
-64.9623
-64.9625
-64.9626
-64.9627
-64.9628
-64.963
-64.9631
-64.9632
-64.9633
-64.9635
-64.9636
-64.9637
-64.9638
-64.964
-64.9641
-64.9642
-64.9643
-64.9645
-64.9646
-64.9647
-64.9648
-64.9649
-64.9651
-64.9652
-64.9653
-64.9654
-64.9655
-64.9657
-64.9658
-64.9659
-64.966
-64.9661
-64.9663
-64.9664
-64.9665
-64.9666
-64.9667
-64.9668
-64.967
-64.9671
-64.9672
-64.9673
-64.9674
-64.8329
-64.6109
-64.3244
-63.9879
-63.6117
-63.2037
-62.7702
-62.3163
-61.846
-61.3625
-60.8688
-60.3668
-59.8585
-59.3453
-58.8285
-58.3091
-57.7877
-57.2651
-56.7416
-56.2177
-55.6936
-55.1693
-54.6447
-54.1199
-53.5946
-53.0683
-52.5408
-52.0113
-51.4793
-50.9439
-50.4042
-49.8592
-49.3075
-48.7479
-48.1786
-47.598
-47.004
-46.3943
-45.7664
-45.1173
-44.444
-43.7425
-43.0089
-42.2384
-41.4255
-40.5644
-39.6479
-38.6681
-37.6161
-36.4815
-35.2525
-33.9155
-32.4555
-30.855
-29.0949
-27.1538
-25.0087
-22.6352
-20.0092
-17.108
-13.9137
-10.4169
-6.62188
-2.55261
1.74188
6.18397
10.6684
15.0688
19.2506
23.0873
26.4764
29.3525
31.6912
33.5071
34.8448
35.7669
36.3427
36.6394
36.7159
36.6209
36.3927
36.0601
35.6445
35.1616
34.6226
34.0359
33.4078
32.743
32.0453
31.3179
30.5634
29.7841
28.9821
28.1593
27.3175
26.4582
25.5832
24.6937
23.7913
22.8773
21.9529
21.0193
20.0776
19.129
18.1745
17.215
16.2514
15.2847
14.3155
13.3447
12.373
11.401
10.4293
9.45854
8.48921
7.52178
6.55671
5.5944
4.62834
3.66562
2.7093
1.76086
0.82109
-0.10962
-1.03107
-1.94317
-2.84591
-3.73935
-4.62353
-5.49856
-6.36452
-7.22155
-8.06975
-8.90928
-9.74025
-10.5628
-11.3772
-12.1834
-12.9817
-13.7722
-14.5551
-15.3306
-16.0988
-16.86
-17.6143
-18.3619
-19.103
-19.8379
-20.5668
-21.2898
-22.0073
-22.7195
-23.4267
-24.1292
-24.8272
-25.5211
-26.2113
-26.8981
-27.5819
-28.263
-28.942
-29.6193
-30.2954
-30.9708
-31.646
-32.3216
-32.9982
-33.6764
-34.357
-35.0404
-35.7275
-36.419
-37.1156
-37.8181
-38.5271
-39.2435
-39.9678
-40.7009
-41.4432
-42.1954
-42.9578
-43.7306
-44.5141
-45.3079
-46.1118
-46.9248
-47.746
-48.5738
-49.4061
-50.2405
-51.0739
-51.9029
-52.7235
-53.5315
-54.3222
-55.0911
-55.8335
-56.5452
-57.2221
-57.8609
-58.459
-59.0146
-59.5266
-59.995
-60.4204
-60.8041
-61.1479
-61.4543
-61.7258
-61.9652
-62.1755
-62.3596
-62.5203
-62.6601
-62.7817
-62.8873
-62.979
-63.0586
-63.1278
-63.1881
-63.2408
-63.2869
-63.3275
-63.3635
-63.3955
-63.4242
-63.4501
-63.4736
-63.4953
-63.5154
-63.5341
-63.5518
-63.5687
-63.5849
-63.6005
-63.6158
-63.6307
-63.6455
-63.6602
-63.6748
-63.6893
-63.704
-63.7187
-63.7335
-63.7485
-63.7636
-63.7789
-63.7945
-63.8102
-63.8261
-63.8422
-63.8586
-63.8752
-63.8921
-63.9091
-63.9264
-63.944
-63.9618
-63.9798
-63.998
-64.0164
-64.0351
-64.054
-64.0731
-64.0924
-64.1119
-64.1316
-64.1515
-64.1716
-64.1918
-64.2123
-64.2329
-64.2537
-64.2747
-64.2958
-64.3171
-64.3385
-64.3601
-64.3818
-64.4036
-64.4256
-64.4477
-64.4699
-64.4922
-64.5147
-64.5372
-64.5599
-64.5826
-64.6055
-64.6284
-64.6514
-64.6745
-64.6977
-64.721
-64.7443
-64.7677
-64.7911
-64.8146
-64.8381
-64.8617
-64.8854
-64.909
-64.9328
-64.9565
-64.9803
-65.0041
-65.0279
-65.0518
-65.0757
-65.0995
-65.1234
-65.1473
-65.1712
-65.1952
-65.2191
-65.243
-65.2669
-65.2908
-65.3146
-65.3385
-65.3623
-65.3862
-65.41
-65.4337
-65.4575
-65.4812
-65.5049
-65.5285
-65.5521
-65.5757
-65.5993
-65.6227
-65.6462
-65.6696
-65.6929
-65.7162
-65.7395
-65.7627
-65.7858
-65.8089
-65.8319
-65.8548
-65.8777
-65.9005
-65.9233
-65.946
-65.9686
-65.9912
-66.0136
-66.036
-66.0583
-66.0806
-66.1028
-66.1248
-66.1468
-66.1688
-66.1906
-66.2123
-66.234
-66.2556
-66.2771
-66.2985
-66.3198
-66.341
-66.3621
-66.3831
-66.4041
-66.4249
-66.4457
-66.4663
-66.4868
-66.5073
-66.5276
-66.5479
-66.568
-66.5881
-66.608
-66.6278
-66.6475
-66.6672
-66.6867
-66.7061
-66.7254
-66.7446
-66.7636
-66.7826
-66.8015
-66.8202
-66.8389
-66.8574
-66.8758
-66.8941
-66.9123
-66.9304
-66.9483
-66.9662
-66.9839
-67.0015
-67.019
-67.0364
-67.0537
-67.0708
-67.0879
-67.1048
-67.1216
-67.1383
-67.1548
-67.1713
-67.1876
-67.2038
-67.2199
-67.2359
-67.2517
-67.2675
-67.2831
-67.2986
-67.3139
-67.3292
-67.3443
-67.3593
-67.3742
-67.3889
-67.4036
-67.4181
-67.4325
-67.4468
-67.461
-67.475
-67.4889
-67.5027
-67.5164
-67.5299
-67.5434
-67.5567
-67.5698
-67.5829
-67.5958
-67.6087
-67.6214
-67.6339
-67.6464
-67.6587
-67.671
-67.683
-67.695
-67.7069
-67.7186
-67.7302
-67.7417
-67.7531
-67.7643
-67.7754
-67.7864
-67.7973
-67.8081
-67.8187
-67.8293
-67.8397
-67.85
-67.8601
-67.8702
-67.8801
-67.8899
-67.8996
-67.7722
-67.5585
-67.2832
-66.962
-66.6056
-66.2223
-65.8185
-65.3993
-64.9687
-64.53
-64.0859
-63.6386
-63.1897
-62.7408
-62.2932
-61.8477
-61.4053
-60.9667
-60.5325
-60.1031
-59.6791
-59.2606
-58.8481
-58.4417
-58.0416
-57.6479
-57.2608
-56.8802
-56.5062
-56.1388
-55.7779
-55.4235
-55.0755
-54.7338
-54.3982
-54.0686
-53.7448
-53.4266
-53.1138
-52.8062
-52.5036
-52.2057
-51.9123
-51.6231
-51.3377
-51.056
-50.7776
-50.5022
-50.2294
-49.959
-49.6906
-49.4239
-49.1584
-48.8938
-48.6297
-48.3657
-48.009
-47.5969
-47.1472
-46.6699
-46.1717
-45.657
-45.1288
-44.5891
-44.0391
-43.4791
-42.9093
-42.3293
-41.7382
-41.1352
-40.5188
-39.8877
-39.2399
-38.5737
-37.8867
-37.1766
-36.4407
-35.6763
-34.8801
-34.0489
-33.1792
-32.267
-31.3084
-30.299
-29.2343
-28.1098
-26.9205
-25.6617
-24.3287
-22.917
-21.4223
-19.8412
-18.1711
-16.4106
-14.56
-12.6215
-10.6
-8.50324
-6.34221
-4.13175
-1.89059
0.358605
2.58935
4.7719
6.87409
8.86275
10.7055
12.3729
13.8409
15.0924
16.1188
16.9201
17.5037
17.8836
18.0777
18.1062
17.9897
17.7482
17.3999
16.9611
16.4458
15.866
15.2318
14.5519
13.8332
13.0819
12.3029
11.5006
10.6787
9.84028
8.98819
8.12482
7.2523
6.37251
5.48712
4.59763
3.70535
2.81148
1.91706
1.02306
0.130321
-0.76041
-1.64846
-2.53323
-3.41419
-4.29087
-5.16287
-6.02982
-6.89141
-7.74738
-8.59749
-9.44156
-10.2794
-11.1109
-11.936
-12.7545
-13.5665
-14.3719
-15.1706
-15.9628
-16.7483
-17.5273
-18.2998
-19.0659
-19.8257
-20.5793
-21.3268
-22.0683
-22.8041
-23.5343
-24.259
-24.9387
-25.5923
-26.2282
-26.8506
-27.4622
-28.0646
-28.6591
-29.2465
-29.8276
-30.403
-30.9732
-31.5388
-32.1003
-32.6581
-33.2129
-33.765
-34.3149
-34.8633
-35.4104
-35.957
-36.5035
-37.0504
-37.5982
-38.1475
-38.6988
-39.2526
-39.8093
-40.3695
-40.9336
-41.502
-42.075
-42.6529
-43.2358
-43.8239
-44.417
-45.015
-45.6174
-46.2236
-46.8328
-47.4439
-48.0555
-48.6659
-49.2732
-49.8751
-50.4693
-51.053
-51.6236
-52.1781
-52.714
-53.2285
-53.7193
-54.1845
-54.6224
-55.0318
-55.4123
-55.7635
-56.0857
-56.3796
-56.6462
-56.8869
-57.1032
-57.2967
-57.4692
-57.6224
-57.7583
-57.8784
-57.9845
-58.078
-58.1604
-58.233
-58.2971
-58.3537
-58.4038
-58.4483
-58.4879
-58.5234
-58.5553
-58.5843
-58.6107
-58.6349
-58.6574
-58.6785
-58.6983
-58.7172
-58.7354
-58.753
-58.7702
-58.7871
-58.8039
-58.8206
-58.8373
-58.8541
-58.8711
-58.8883
-58.9057
-58.9235
-58.9415
-58.9599
-58.9787
-58.9979
-59.0175
-59.0375
-59.058
-59.0788
-59.1001
-59.1219
-59.1441
-59.1667
-59.1898
-59.2133
-59.2373
-59.2616
-59.2864
-59.3117
-59.3373
-59.3634
-59.3898
-59.4167
-59.4439
-59.4716
-59.4996
-59.5279
-59.5567
-59.5858
-59.6152
-59.645
-59.6751
-59.7055
-59.7363
-59.7673
-59.7987
-59.8303
-59.8623
-59.8945
-59.927
-59.9597
-59.9927
-60.0259
-60.0594
-60.0932
-60.1271
-60.1613
-60.1957
-60.2302
-60.265
-60.3
-60.3352
-60.3705
-60.406
-60.4417
-60.4776
-60.5136
-60.5497
-60.586
-60.6224
-60.659
-60.6957
-60.7325
-60.7694
-60.8064
-60.8435
-60.8807
-60.9181
-60.9555
-60.9929
-61.0305
-61.0681
-61.1058
-61.1436
-61.1814
-61.2193
-61.2572
-61.2952
-61.3332
-61.3712
-61.4093
-61.4474
-61.4855
-61.5237
-61.5618
-61.6
-61.6382
-61.6764
-61.7145
-61.7527
-61.7909
-61.829
-61.8672
-61.9053
-61.9434
-61.9815
-62.0196
-62.0576
-62.0956
-62.1335
-62.1714
-62.2093
-62.2471
-62.2849
-62.3226
-62.3603
-62.3979
-62.4355
-62.473
-62.5104
-62.5478
-62.5851
-62.6223
-62.6595
-62.6966
-62.7336
-62.7705
-62.8073
-62.8441
-62.8807
-62.9173
-62.9538
-62.9902
-63.0265
-63.0627
-63.0988
-63.1348
-63.1707
-63.2065
-63.2422
-63.2778
-63.3133
-63.3487
-63.384
-63.4191
-63.4541
-63.4891
-63.5239
-63.5586
-63.5931
-63.6276
-63.6619
-63.6961
-63.7302
-63.7641
-63.7979
-63.8316
-63.8652
-63.8986
-63.9319
-63.9651
-63.9981
-64.031
-64.0638
-64.0964
-64.1289
-64.1613
-64.1935
-64.2256
-64.2575
-64.2893
-64.321
-64.3525
-64.3838
-64.4151
-64.4461
-64.4771
-64.5079
-64.5385
-64.569
-64.5993
-64.6295
-64.6596
-64.6895
-64.7192
-64.7488
-64.7782
-64.8075
-64.8367
-64.8656
-64.8945
-64.9232
-64.9517
-64.98
-65.0083
-65.0363
-65.0642
-65.092
-65.1196
-65.147
-65.1743
-65.2014
-65.2284
-65.2552
-65.2819
-65.3084
-65.3347
-65.3609
-65.3869
-65.4128
-65.4385
-65.464
-65.4894
-65.5146
-65.5397
-65.5646
-65.5894
-65.614
-65.6384
-65.6627
-65.6868
-65.7108
-65.7346
-65.7582
-65.7817
-65.805
-65.8282
-65.8512
-65.8741
-65.8967
-65.9193
-65.9416
-65.9639
-65.9859
-66.0078
-66.0295
-66.0511
-66.0726
-66.0938
-66.1149
-66.1359
-66.1567
-66.1773
-66.1978
-66.2181
-66.2383
-66.2583
-66.2781
-66.2978
-66.3173
-66.3367
-66.356
-66.375
-66.3939
-66.4127
-66.4313
-66.4498
-66.4681
-66.4862
-66.5042
-66.522
-66.5397
-66.5573
-66.5746
-66.5919
-66.609
-66.6259
-66.6427
-66.6593
-66.6757
-66.6921
-66.7082
-66.7243
-66.7401
-66.7559
-66.7714
-66.7869
-66.8021
-66.8173
-66.8323
-66.8471
-66.8618
-66.8763
-66.8907
-66.905
-66.9191
-66.9331
-66.9469
-66.9606
-66.9741
-66.9875
-67.0007
-67.0139
-67.0268
-67.0396
-67.0523
-67.0649
-67.0773
-67.0895
-67.1017
-67.1137
-67.1255
-67.1372
-67.1488
-67.1602
-67.1715
-67.1827
-67.1937
-67.2046
-67.2154
-67.226
-67.2365
-67.2468
-67.2571
-67.2672
-67.2771
-67.287
-67.2966
-67.3062
-67.3157
-67.325
-67.3341
-67.3432
-67.3521
-67.3609
-67.3696
-67.3781
-67.3865
-67.3948
-67.403
-67.411
-67.4189
-67.4267
-67.4344
-67.442
-67.4494
-67.4567
-67.4639
-67.4709
-67.4779
-67.4847
-67.4914
-67.498
-67.5045
-67.5108
-67.517
-67.5232
-67.5292
-67.535
-67.5408
-67.5465
-67.552
-67.5574
-67.5628
-67.568
-67.5731
-67.578
-67.5829
-67.5877
-67.5923
-67.5969
-67.6013
-67.6056
-67.6098
-67.6139
-67.618
-67.6218
-67.6256
-67.6293
-67.6329
-67.6364
-67.6398
-67.643
-67.6462
-67.6493
-67.6523
-67.6551
-67.6579
-67.6606
-67.6631
-67.6656
-67.668
-67.6703
-67.6724
-67.6745
-67.6765
-67.6784
-67.6802
-67.6819
-67.6835
-67.685
-67.6865
-67.6878
-67.689
-67.6902
-67.6913
-67.6922
-67.6931
-67.6939
-67.6946
-67.6952
-67.6958
-67.6962
-67.6966
-67.6968
-67.697
-67.6971
-67.6971
-67.6971
-67.6969
-67.6967
-67.6964
-67.696
-67.6955
-67.6949
-67.6943
-67.6936
-67.6928
-67.6919
-67.691
-67.69
-67.6888
-67.6877
-67.6864
-67.6851
-67.6837
-67.6822
-67.6806
-67.679
-67.6773
-67.6756
-67.6737
-67.6718
-67.6698
-67.6678
-67.6656
-67.6634
-67.6612
-67.6589
-67.6565
-67.654
-67.6515
-67.6489
-67.6462
-67.6435
-67.6407
-67.6378
-67.6349
-67.6319
-67.6289
-67.6258
-67.6226
-67.6194
-67.6161
-67.6127
-67.6093
-67.6058
-67.6023
-67.5987
-67.5951
-67.5914
-67.5876
-67.5838
-67.5799
-67.576
-67.572
-67.568
-67.5639
-67.5597
-67.5555
-67.5513
-67.547
-67.5426
-67.5382
-67.5337
-67.5292
-67.5247
-67.5201
-67.5154
-67.5107
-67.506
-67.5012
-67.4963
-67.4914
-67.4865
-67.4815
-67.4765
-67.4714
-67.4663
-67.4611
-67.4559
-67.4507
-67.4454
-67.44
-67.4347
-67.4292
-67.4238
-67.4183
-67.4127
-67.4072
-67.4015
-67.3959
-67.3902
-67.3845
-67.3787
-67.3729
-67.367
-67.3612
-67.3552
-67.3493
-67.3433
-67.3373
-67.3312
-67.3251
-67.319
-67.3128
-67.3067
-67.3004
-67.2942
-67.2879
-67.2816
-67.2752
-67.2688
-67.2624
-67.256
-67.2495
-67.243
-67.2365
-67.2299
-67.2234
-67.2167
-67.2101
-67.2034
-67.1968
-67.19
-67.1833
-67.1765
-67.1697
-67.1629
-67.1561
-67.1492
-67.1423
-67.1354
-67.1285
-67.1215
-67.1145
-67.1075
-66.9619
-66.7263
-66.425
-66.0728
-65.6805
-65.2564
-64.807
-64.3375
-63.8523
-63.3546
-62.8475
-62.3332
-61.8137
-61.2905
-60.7651
-60.2386
-59.7119
-59.1857
-58.6607
-58.1373
-57.6161
-57.0973
-56.5812
-56.0678
-55.5572
-55.0495
-54.5445
-54.042
-53.5419
-53.0438
-52.5473
-52.0519
-51.5572
-51.0625
-50.567
-50.0699
-49.5704
-49.0674
-48.5598
-48.0462
-47.5254
-46.9957
-46.4554
-45.9026
-45.3351
-44.7507
-44.1467
-43.5201
-42.8678
-42.1861
-41.4708
-40.7174
-39.9208
-39.0751
-38.1737
-37.2093
-36.1735
-35.0567
-33.8485
-32.5367
-31.1081
-29.5478
-27.8395
-25.9656
-23.9075
-21.6463
-19.1636
-16.4435
-13.474
-10.2508
-6.78065
-3.08524
0.794831
4.79765
8.84027
12.8226
16.6355
20.172
23.34
26.073
28.3368
30.1298
31.4785
32.4289
33.0366
33.3593
33.4505
33.3565
33.1154
32.7572
32.305
31.7764
31.1846
30.5397
29.8494
29.1196
28.3553
27.5603
26.738
25.8913
25.0227
24.1346
23.2291
22.308
21.3732
20.4263
19.4689
18.5024
17.5281
16.5475
15.5615
14.5714
13.5782
12.5828
11.5862
10.5891
9.59234
8.5966
7.60253
6.61073
5.62173
4.63602
3.65405
2.67623
1.7029
0.734385
-0.229024
-1.18708
-2.13957
-3.0863
-4.02711
-4.96187
-5.89047
-6.81284
-7.72889
-8.6386
-9.54193
-10.4389
-11.3295
-12.2137
-13.0916
-13.9633
-14.8288
-15.6882
-16.5416
-17.3892
-18.231
-19.0672
-19.898
-20.7236
-21.5441
-22.3598
-23.1709
-23.9777
-24.7805
-25.5797
-26.3754
-27.1682
-27.9585
-28.7467
-29.5332
-30.3186
-31.1034
-31.8883
-32.6738
-33.4607
-34.2497
-35.0415
-35.8369
-36.6368
-37.442
-38.2535
-39.0723
-39.8992
-40.7353
-41.5816
-42.439
-43.3085
-44.191
-45.0873
-45.9982
-46.9243
-47.8659
-48.8232
-49.7961
-50.784
-51.7861
-52.801
-53.8265
-54.8601
-55.8985
-56.9376
-57.9728
-58.9985
-60.0088
-60.9973
-61.9574
-62.8824
-63.7661
-64.6029
-65.388
-66.1177
-66.7897
-67.4029
-67.9574
-68.4548
-68.8975
-69.2887
-69.6321
-69.9319
-70.1924
-70.4178
-70.6122
-70.7795
-70.9231
-71.0464
-71.152
-71.2426
-71.3205
-71.3873
-71.445
-71.4947
-71.5378
-71.5753
-71.6081
-71.6368
-71.6621
-71.6845
-71.7045
-71.7225
-71.7386
-71.7533
-71.7667
-71.779
-71.7904
-71.801
-71.8109
-71.8202
-71.829
-71.8374
-71.8454
-71.8531
-71.8604
-71.8675
-71.8744
-71.8811
-71.8876
-71.8939
-71.9001
-71.9061
-71.912
-71.9178
-71.9235
-71.929
-71.9345
-71.9399
-71.9452
-71.9504
-71.9555
-71.9605
-71.9655
-71.9704
-71.9752
-71.9799
-71.9845
-71.9891
-71.9936
-71.998
-72.0024
-72.0067
-72.0109
-72.015
-72.019
-72.023
-72.0269
-72.0307
-72.0344
-72.0381
-72.0417
-72.0452
-72.0486
-72.0519
-72.0552
-72.0583
-72.0614
-72.0644
-72.0674
-72.0702
-72.073
-72.0756
-72.0782
-72.0807
-72.0831
-72.0855
-72.0877
-72.0899
-72.0919
-72.0939
-72.0958
-72.0976
-72.0993
-72.1009
-72.1024
-72.1039
-72.1052
-72.1065
-72.1076
-72.1087
-72.1097
-72.1105
-72.1113
-72.112
-72.1126
-72.1131
-72.1135
-72.1138
-72.1141
-72.1142
-72.1142
-72.1141
-72.114
-72.1137
-72.1133
-72.1129
-72.1123
-72.1117
-72.1109
-72.1101
-72.1091
-72.1081
-71.9641
-71.7323
-71.4398
-71.1031
-70.734
-70.3411
-69.9311
-69.509
-69.0791
-68.6445
-68.2077
-67.771
-67.3359
-66.9038
-66.4759
-66.0529
-65.6357
-65.2248
-64.8207
-64.4239
-64.0345
-63.6528
-63.279
-62.9133
-62.5557
-62.2063
-61.8651
-61.5321
-61.2072
-60.8905
-60.5818
-60.2811
-59.9883
-59.7032
-59.4258
-59.1559
-58.8933
-58.6381
-58.3899
-58.1487
-57.9143
-57.6866
-57.4654
-57.2506
-57.0419
-56.8393
-56.6426
-56.4516
-56.2663
-56.0864
-55.9117
-55.7423
-55.5778
-55.4183
-55.2634
-55.1132
-54.9675
-54.8261
-54.689
-54.556
-54.427
-54.3019
-54.1805
-54.0629
-53.9488
-53.8382
-53.731
-53.6271
-53.5264
-53.4288
-53.3343
-53.2428
-53.1541
-53.0683
-52.9853
-52.9049
-52.8272
-52.7521
-52.6795
-52.6093
-52.5416
-52.4762
-52.4132
-52.3524
-52.2939
-52.2376
-52.1834
-52.1314
-52.0814
-52.0336
-51.9877
-51.9439
-51.9021
-51.8622
-51.8242
-51.7882
-51.754
-51.7217
-51.6913
-51.6628
-51.636
-51.6111
-51.5879
-51.5666
-51.547
-51.5292
-51.5132
-51.4989
-51.4864
-51.4757
-51.4666
-51.4593
-51.4538
-51.4499
-51.4478
-51.4474
-51.4487
-51.4518
-51.4565
-51.463
-51.4712
-51.4811
-51.4928
-51.5061
-51.5212
-51.538
-51.5565
-51.5768
-51.5988
-51.6225
-51.6479
-51.6751
-51.704
-51.7347
-51.7671
-51.8012
-51.837
-51.8746
-51.914
-51.9551
-51.9979
-52.0424
-52.0887
-52.1367
-52.1865
-52.2379
-52.2911
-52.346
-52.4026
-52.4609
-52.5209
-52.5826
-52.646
-52.711
-52.7776
-52.8459
-52.9158
-52.9874
-53.0605
-53.1351
-53.2114
-53.2891
-53.3684
-53.4492
-53.5314
-53.615
-53.7001
-53.7865
-53.8743
-53.9634
-54.0538
-54.1455
-54.2383
-54.3324
-54.4275
-54.5238
-54.6212
-54.7195
-54.8189
-54.9192
-55.0204
-55.1224
-55.2252
-55.3288
-55.4331
-55.538
-55.6436
-55.7497
-55.8563
-55.9634
-56.071
-56.1788
-56.287
-56.3955
-56.5042
-56.613
-56.722
-56.8311
-56.9401
-57.0492
-57.1581
-57.267
-57.3757
-57.4842
-57.5924
-57.7004
-57.808
-57.9153
-58.0221
-58.1285
-58.2345
-58.3399
-58.4447
-58.549
-58.6527
-58.7557
-58.8581
-58.9598
-59.0608
-59.161
-59.2605
-59.3591
-59.457
-59.5541
-59.6503
-59.7457
-59.8402
-59.9339
-60.0266
-60.1185
-60.2094
-60.2995
-60.3886
-60.4768
-60.5641
-60.6504
-60.7358
-60.8203
-60.9038
-60.9864
-61.0681
-61.1488
-61.2286
-61.3075
-61.3854
-61.4624
-61.5385
-61.6137
-61.688
-61.7614
-61.8339
-61.9055
-61.9762
-62.0461
-62.1151
-62.1832
-62.2505
-62.317
-62.3826
-62.4474
-62.5114
-62.5746
-62.637
-62.6987
-62.7595
-62.8196
-62.8789
-62.9375
-62.9954
-63.0525
-63.1089
-63.1646
-63.2196
-63.2739
-63.3275
-63.3805
-63.4328
-63.4844
-63.5354
-63.5858
-63.6356
-63.6847
-63.7332
-63.7812
-63.8285
-63.8753
-63.9215
-63.9671
-64.0122
-64.0567
-64.1006
-64.1441
-64.187
-64.2294
-64.2713
-64.3127
-64.3536
-64.3939
-64.4339
-64.4733
-64.5123
-64.5508
-64.5888
-64.6264
-64.6636
-64.7003
-64.7365
-64.7724
-64.8078
-64.8428
-64.8774
-64.9116
-64.9454
-64.9789
-65.0119
-65.0445
-65.0768
-65.1087
-65.1402
-65.1713
-65.2021
-65.2325
-65.2626
-65.2923
-65.3217
-65.3508
-65.3795
-65.4079
-65.4359
-65.4636
-65.491
-65.5181
-65.5449
-65.5714
-65.5976
-65.6234
-65.649
-65.6743
-65.6992
-65.7239
-65.7483
-65.7725
-65.7963
-65.8199
-65.8431
-65.8662
-65.8889
-65.9114
-65.9336
-65.9556
-65.9773
-65.9987
-66.0199
-66.0408
-66.0615
-66.082
-66.1022
-66.1221
-66.1419
-66.1614
-66.1806
-66.1996
-66.2184
-66.237
-66.2553
-66.2734
-66.2913
-66.309
-66.3264
-66.3436
-66.3607
-66.3775
-66.3941
-66.4104
-66.4266
-66.4426
-66.4584
-66.4739
-66.4893
-66.5045
-66.5194
-66.5342
-66.5488
-66.5632
-66.4414
-66.2326
-65.9607
-65.6408
-65.2835
-64.8969
-64.4875
-64.0604
-63.6195
-63.1684
-62.7096
-62.2455
-61.7778
-61.3082
-60.8378
-60.3677
-59.8989
-59.4321
-58.968
-58.5069
-58.0495
-57.5959
-57.1466
-56.7017
-56.2614
-55.8257
-55.3948
-54.9686
-54.5471
-54.1302
-53.7178
-53.3097
-52.9056
-52.5055
-52.1089
-51.7155
-51.325
-50.937
-50.551
-50.1666
-49.7831
-49.4001
-49.0169
-48.6329
-48.2474
-47.8595
-47.4686
-47.0736
-46.6737
-46.2678
-45.8549
-45.4337
-45.003
-44.5615
-44.1075
-43.6395
-43.1556
-42.654
-42.1325
-41.5887
-41.0201
-40.4238
-39.7967
-39.1353
-38.4358
-37.6939
-36.9049
-36.0635
-35.164
-34.1999
-33.1641
-32.049
-30.8459
-29.5457
-28.1385
-26.6138
-24.9609
-23.1687
-21.2268
-19.1256
-16.8574
-14.4179
-11.8069
-9.0307
-6.10374
-3.05029
0.0941749
3.2825
6.45678
9.55109
12.4959
15.224
17.6773
19.812
21.6028
23.0434
24.1448
24.9312
25.4351
25.6929
25.7407
25.6125
25.338
24.9425
24.4472
23.8693
23.2226
22.5182
21.7654
20.9713
20.1422
19.283
18.398
17.491
16.5651
15.6231
14.6676
13.7006
12.7243
11.7405
10.7507
9.75643
8.75907
7.75981
6.75976
5.75993
4.7612
3.7644
2.77027
1.77946
0.79255
-0.189924
-1.1675
-2.13978
-3.10639
-4.06704
-5.02144
-5.96938
-6.91067
-7.84516
-8.77271
-9.69324
-10.6067
-11.513
-12.4121
-13.3041
-14.189
-15.0668
-15.9375
-16.8013
-17.6583
-18.5086
-19.3522
-20.1894
-21.0204
-21.8453
-22.6643
-23.4777
-24.2857
-25.0886
-25.8867
-26.6804
-27.47
-28.2558
-29.0384
-29.8181
-30.5954
-31.3708
-32.145
-32.9184
-33.6916
-34.4654
-35.2404
-36.0173
-36.7969
-37.58
-38.3673
-39.1597
-39.9581
-40.7633
-41.5762
-42.3976
-43.2284
-44.0695
-44.9215
-45.7852
-46.6611
-47.5497
-48.4513
-49.366
-50.2936
-51.2336
-52.1851
-53.1471
-54.1176
-55.0947
-56.0753
-57.0563
-58.0337
-59.0029
-59.9591
-60.8969
-61.8107
-62.6948
-63.5437
-64.3523
-65.1163
-65.8318
-66.4962
-67.108
-67.6665
-68.1724
-68.6272
-69.0332
-69.3932
-69.7107
-69.9893
-70.2326
-70.4444
-70.6283
-70.7875
-70.9251
-71.044
-71.1466
-71.2353
-71.312
-71.3784
-71.436
-71.4861
-71.5297
-71.5679
-71.6015
-71.6311
-71.6573
-71.6806
-71.7015
-71.7203
-71.7373
-71.7527
-71.7669
-71.7799
-71.7919
-71.8031
-71.8135
-71.8234
-71.8326
-71.8414
-71.8498
-71.8578
-71.8655
-71.8729
-71.88
-71.8869
-71.8936
-71.9001
-71.9064
-71.9126
-71.9186
-71.9245
-71.9303
-71.9359
-71.9414
-71.9468
-71.9521
-71.9574
-71.9625
-71.9675
-71.9724
-71.9773
-71.982
-71.9867
-71.9913
-71.9958
-72.0002
-72.0045
-72.0087
-72.0129
-72.017
-72.0209
-72.0249
-72.0287
-72.0324
-72.0361
-72.0396
-72.0431
-72.0465
-72.0498
-72.0531
-72.0562
-72.0593
-72.0622
-72.0651
-72.0679
-72.0706
-72.0732
-72.0757
-72.0782
-72.0805
-72.0828
-72.0849
-72.087
-72.089
-72.0909
-72.0927
-72.0944
-72.096
-72.0975
-72.0989
-72.1002
-72.1015
-72.1026
-72.1036
-72.1046
-72.1054
-72.1062
-72.1068
-72.1074
-72.1078
-72.1082
-72.1085
-72.1087
-72.1087
-72.1087
-72.1086
-72.1084
-72.108
-72.1076
-72.1071
-72.1065
-72.1058
-72.105
-72.104
-72.103
-72.1019
-72.1007
-72.0994
-72.098
-72.0965
-72.0949
-72.0932
-72.0914
-72.0895
-72.0875
-72.0854
-72.0831
-72.0808
-72.0784
-72.0759
-72.0733
-72.0706
-72.0678
-72.0649
-72.0619
-72.0588
-72.0557
-72.0524
-72.049
-72.0455
-72.0419
-72.0382
-72.0344
-72.0305
-72.0266
-72.0225
-72.0183
-72.014
-72.0097
-72.0052
-72.0006
-71.996
-71.9912
-71.9864
-71.9814
-71.9764
-71.9713
-71.966
-71.9607
-71.9553
-71.9498
-71.9442
-71.9385
-71.9327
-71.9268
-71.9208
-71.9147
-71.9086
-71.9023
-71.8959
-71.8895
-71.883
-71.8763
-71.8696
-71.8628
-71.8559
-71.849
-71.8419
-71.8347
-71.8275
-71.8201
-71.8127
-71.8052
-71.7976
-71.7899
-71.7821
-71.7743
-71.7663
-71.7583
-71.7502
-71.742
-71.7337
-71.7254
-71.7169
-71.7084
-71.6998
-71.6911
-71.6823
-71.6734
-71.6645
-71.6555
-71.6464
-71.6372
-71.6279
-71.6186
-71.6092
-71.5997
-71.5901
-71.5804
-71.5707
-71.5609
-71.551
-71.5411
-71.5311
-71.521
-71.5108
-71.5005
-71.4902
-71.4798
-71.4693
-71.4588
-71.4482
-71.4375
-71.4268
-71.4159
-71.405
-71.3941
-71.383
-71.3719
-71.3608
-71.3495
-71.3382
-71.3269
-71.3154
-71.3039
-71.2924
-71.2808
-71.2691
-71.2573
-71.2455
-71.2336
-71.2217
-71.2097
-71.1976
-71.1855
-71.1733
-71.1611
-71.1487
-71.1364
-71.124
-71.1115
-71.099
-71.0864
-71.0737
-71.061
-71.0482
-71.0354
-71.0226
-71.0096
-70.9967
-70.9836
-70.9706
-70.9574
-70.9442
-70.931
-70.9177
-70.9044
-70.891
-70.8776
-70.8641
-70.8506
-70.837
-70.8234
-70.8097
-70.796
-70.7822
-70.7684
-70.7546
-70.7407
-70.7267
-70.7127
-70.6987
-70.6847
-70.6705
-70.6564
-70.6422
-70.628
-70.6137
-70.5994
-70.585
-70.5707
-70.5562
-70.5418
-70.5273
-70.5127
-70.4982
-70.4836
-70.4689
-70.4543
-70.4395
-70.4248
-70.41
-70.3952
-70.3804
-70.3655
-70.3506
-70.3357
-70.3207
-70.3057
-70.2907
-70.2756
-70.2606
-70.2454
-70.2303
-70.2151
-70.2
-70.1847
-70.1695
-70.1542
-70.1389
-70.1236
-70.1083
-70.0929
-70.0775
-70.0621
-70.0467
-70.0312
-70.0158
-70.0003
-69.9848
-69.9692
-69.9537
-69.9381
-69.9225
-69.9069
-69.8913
-69.8756
-69.86
-69.8443
-69.8286
-69.8129
-69.7971
-69.7814
-69.7656
-69.7499
-69.7341
-69.7183
-69.7025
-69.6867
-69.6708
-69.655
-69.6391
-69.6233
-69.6074
-69.5915
-69.5756
-69.5597
-69.5438
-69.5279
-69.5119
-69.496
-69.48
-69.4641
-69.4481
-69.4322
-69.4162
-69.4002
-69.3842
-69.3682
-69.3523
-69.3363
-69.3203
-69.3043
-69.2883
-69.2722
-69.2562
-69.2402
-69.2242
-69.2082
-69.1922
-69.1762
-69.1602
-69.1441
-69.1281
-69.1121
-69.0961
-69.0801
-69.0641
-69.0481
-69.0321
-69.0161
-69.0001
-68.9841
-68.9681
-68.9521
-68.9361
-68.9202
-68.9042
-68.8882
-68.8723
-68.8563
-68.8404
-68.8244
-68.8085
-68.7926
-68.7767
-68.7607
-68.7448
-68.7289
-68.7131
-68.6972
-68.6813
-68.6655
-68.6496
-68.6338
-68.618
-68.6021
-68.5863
-68.5706
-68.5548
-68.539
-68.5232
-68.5075
-68.4918
-68.4761
-68.4604
-68.4447
-68.429
-68.4133
-68.3977
-68.382
-68.3664
-68.3508
-68.3352
-68.3197
-68.3041
-68.2886
-68.273
-68.2575
-68.242
-68.2266
-68.2111
-68.1957
-68.1802
-68.1648
-68.1494
-68.1341
-68.1187
-68.1034
-68.0881
-68.0728
-68.0575
-68.0422
-68.027
-68.0118
-67.9966
-67.9814
-67.9663
-67.9511
-67.936
-67.9209
-67.9059
-67.8908
-67.8758
-67.8608
-67.8458
-67.8309
-67.8159
-67.801
-67.7861
-67.7713
-67.7564
-67.7416
-67.7268
-67.712
-67.6973
-67.6826
-67.6679
-67.6532
-67.6385
-67.6239
-67.6093
-67.5947
-67.5802
-67.5657
-67.5512
-67.5367
-67.5222
-67.5078
-67.4934
-67.4791
-67.4647
-67.4504
-67.4361
-67.4219
-67.4076
-67.3934
-67.3793
-67.3651
-67.351
-67.3369
-67.3228
-67.3088
-67.2948
-67.2808
-67.2669
-67.253
-67.2391
-67.2252
-67.2114
-67.1976
-67.1838
-67.17
-67.1563
-67.1426
-67.129
-67.1154
-67.1018
-67.0882
-67.0747
-67.0612
-67.0477
-67.0342
-67.0208
-67.0075
-66.9941
-66.9808
-66.9675
-66.9543
-66.941
-66.9279
-66.9147
-66.9016
-66.8885
-66.8754
-66.8624
-66.8494
-66.8365
-66.8235
-66.8106
-66.7978
-66.7849
-66.7721
-66.7594
-66.7466
-66.7339
-66.7213
-66.7086
-66.696
-66.6835
-66.6709
-66.6584
-66.646
-66.6336
-66.6212
-66.6088
-66.5965
-66.5842
-66.5719
-66.5597
-66.5475
-66.5354
-66.5233
-66.5112
-66.4991
-66.4871
-66.4752
-66.4632
-66.4513
-66.4394
-66.4276
-66.4158
-66.4041
-66.3923
-66.3807
-66.369
-66.3574
-66.3458
-66.3343
-66.3228
-66.3113
-66.2999
-66.2885
-66.2771
-66.2658
-66.2545
-66.2432
-66.232
-66.2208
-66.2097
-66.1986
-66.1875
-66.1765
-66.1655
-66.1545
-66.1436
-66.1327
-66.1218
-66.111
-66.1003
-66.0895
-66.0788
-66.0682
-66.0576
-66.047
-66.0364
-66.0259
-66.0155
-66.0051
-65.9947
-65.9843
-65.974
-65.9637
-65.9535
-65.9433
-65.9332
-65.923
-65.913
-65.9029
-65.8929
-65.883
-65.8731
-65.8632
-65.8533
-65.8435
-65.8337
-65.824
-65.8143
-65.8047
-65.7951
-65.7855
-65.7759
-65.7664
-65.757
-65.7476
-65.7382
-65.7288
-65.7195
-65.7103
-65.7011
-65.6919
-65.6827
-65.6736
-65.6646
-65.6555
-65.6465
-65.6376
-65.6287
-65.6198
-65.611
-65.6022
-65.5935
-65.5848
-65.5761
-65.5675
-65.5589
-65.5504
-65.5419
-65.5334
-65.525
-65.5166
-65.5083
-65.5
-65.4918
-65.4835
-65.4754
-65.4672
-65.4592
-65.4511
-65.4431
-65.4351
-65.4272
-65.4193
-65.4115
-65.4037
-65.3959
-65.3882
-65.3805
-65.3729
-65.3653
-65.3577
-65.3502
-65.3427
-65.3353
-65.3279
-65.3205
-65.3132
-65.3059
-65.2987
-65.2915
-65.2843
-65.2772
-65.2701
-65.2631
-65.2561
-65.2492
-65.2422
-65.2354
-65.2285
-65.2217
-65.215
-65.2083
-65.2016
-65.195
-65.1884
-65.1819
-65.1754
-65.1689
-65.1625
-65.1561
-65.1498
-65.1435
-65.1372
-65.131
-65.1248
-65.1187
-65.1126
-65.1066
-65.1006
-65.0946
-65.0887
-65.0828
-65.077
-65.0712
-65.0654
-65.0597
-65.054
-65.0484
-65.0428
-65.0373
-65.0318
-65.0263
-65.0209
-65.0155
-65.0102
-65.0049
-64.9996
-64.9944
-64.9892
-64.9841
-64.979
-64.974
-64.969
-64.964
-64.9591
-64.9542
-64.9493
-64.9445
-64.9398
-64.935
-64.9304
-64.9257
-64.9211
-64.9165
-64.912
-64.9075
-64.9031
-64.8987
-64.8943
-64.89
-64.8857
-64.8815
-64.8772
-64.8731
-64.8689
-64.8649
-64.8608
-64.8568
-64.8528
-64.8489
-64.845
-64.8411
-64.8373
-64.8335
-64.8298
-64.8261
-64.8224
-64.8188
-64.8152
-64.8117
-64.8082
-64.8047
-64.8013
-64.7979
-64.7946
-64.7912
-64.788
-64.7847
-64.7815
-64.7784
-64.7753
-64.7722
-64.7691
-64.7661
-64.7632
-64.7602
-64.7573
-64.7545
-64.7516
-64.7489
-64.7461
-64.7434
-64.7407
-64.7381
-64.7355
-64.733
-64.7304
-64.7279
-64.7255
-64.7231
-64.7207
-64.7184
-64.7161
-64.7138
-64.7116
-64.7094
-64.7072
-64.7051
-64.703
-64.7009
-64.6989
-64.6969
-64.695
-64.6931
-64.6912
-64.6894
-64.6876
-64.6858
-64.684
-64.6823
-64.6807
-64.679
-64.6774
-64.6759
-64.6743
-64.6728
-64.6714
-64.6699
-64.6685
-64.6672
-64.6658
-64.6645
-64.6633
-64.662
-64.6608
-64.6597
-64.6585
-64.6574
-64.6563
-64.6553
-64.6543
-64.6533
-64.6523
-64.6514
-64.6505
-64.6497
-64.6489
-64.6481
-64.6473
-64.6466
-64.6459
-64.6452
-64.6445
-64.6439
-64.6433
-64.6428
-64.6423
-64.6418
-64.6413
-64.6408
-64.6404
-64.64
-64.6397
-64.6394
-64.6391
-64.6388
-64.6385
-64.6383
-64.6381
-64.638
-64.6378
-64.6377
-64.6376
-64.6376
-64.6375
-64.6375
-64.6375
-64.6376
-64.6376
-64.6377
-64.6378
-64.638
-64.6382
-64.6383
-64.6386
-64.6388
-64.6391
-64.6393
-64.6397
-64.64
-64.6403
-64.6407
-64.6411
-64.6415
-64.642
-64.6425
-64.6429
-64.6435
-64.644
-64.6445
-64.6451
-64.6457
-64.6463
-64.647
-64.6476
-64.6483
-64.649
-64.6497
-64.6504
-64.6512
-64.652
-64.6528
-64.6536
-64.6544
-64.6553
-64.6561
-64.657
-64.6579
-64.6588
-64.6598
-64.6607
-64.6617
-64.6627
-64.6637
-64.6647
-64.6657
-64.6668
-64.6679
-64.6689
-64.67
-64.6712
-64.6723
-64.6734
-64.6746
-64.6758
-64.6769
-64.6781
-64.6794
-64.6806
-64.6818
-64.6831
-64.6844
-64.6856
-64.6869
-64.6882
-64.6896
-64.6909
-64.6922
-64.6936
-64.6949
-64.6963
-64.6977
-64.6991
-64.7005
-64.7019
-64.7034
-64.7048
-64.7062
-64.7077
-64.7092
-64.7106
-64.7121
-64.7136
-64.7151
-64.7166
-64.7182
-64.7197
-64.7212
-64.7228
-64.7243
-64.7259
-64.7275
-64.729
-64.7306
-64.7322
-64.7338
-64.7354
-64.737
-64.7386
-64.7403
-64.7419
-64.7435
-64.7452
-64.7468
-64.7484
-64.7501
-64.7518
-64.7534
-64.7551
-64.7568
-64.7584
-64.7601
-64.7618
-64.7635
-64.7652
-64.7669
-64.7686
-64.7703
-64.772
-64.7737
-64.7754
-64.7771
-64.7788
-64.7805
-64.7822
-64.7839
-64.7857
-64.7874
-64.7891
-64.7908
-64.7926
-64.7943
-64.796
-64.7977
-64.7995
-64.8012
-64.8029
-64.8046
-64.8064
-64.8081
-64.8098
-64.8115
-64.8133
-64.815
-64.8167
-64.8184
-64.8202
-64.8219
-64.6893
-64.4694
-64.1851
-63.851
-63.4772
-63.0718
-62.6409
-62.1896
-61.7218
-61.2411
-60.7499
-60.2505
-59.7448
-59.2342
-58.7199
-58.2029
-57.684
-57.1638
-56.6427
-56.1211
-55.5992
-55.0771
-54.5547
-54.032
-53.5086
-52.9843
-52.4586
-51.931
-51.4007
-50.867
-50.3289
-49.7854
-49.2353
-48.677
-48.1091
-47.5298
-46.9371
-46.3287
-45.7021
-45.0543
-44.3823
-43.6822
-42.95
-42.181
-41.3699
-40.5106
-39.5963
-38.619
-37.5699
-36.4387
-35.2138
-33.8817
-32.4276
-30.8343
-29.0829
-27.1524
-25.02
-22.6619
-20.0543
-17.1748
-14.0058
-10.5379
-6.77479
-2.7396
1.52031
5.92959
10.3856
14.7644
18.9333
22.7664
26.1607
29.049
31.4044
33.2391
34.5954
35.5344
36.1245
36.4323
36.517
36.4275
36.2024
35.8711
35.4553
34.9709
34.4296
33.84
33.2084
32.5398
31.838
31.1062
30.3472
29.5634
28.7568
27.9294
27.0829
26.2191
25.3396
24.4457
23.539
22.6208
21.6924
20.7549
19.8095
18.8573
17.8993
16.9365
15.9698
15.0001
14.0282
13.0548
12.0807
11.1064
10.1326
9.15996
8.18887
7.21985
6.25335
5.28976
4.32945
3.37275
2.41997
1.47136
0.527183
-0.412368
-1.34711
-2.27687
-3.20152
-4.12095
-5.03505
-5.94374
-6.84698
-7.74473
-8.63696
-9.52366
-10.4048
-11.2805
-12.1507
-13.0155
-13.875
-14.7292
-15.5782
-16.4221
-17.261
-18.0952
-18.9246
-19.7496
-20.5702
-21.3868
-22.1994
-23.0085
-23.8142
-24.6169
-25.4169
-26.2146
-27.0103
-27.8046
-28.5979
-29.3907
-30.1835
-30.9771
-31.772
-32.5689
-33.3685
-34.1718
-34.9795
-35.7925
-36.6118
-37.4383
-38.2731
-39.1172
-39.9718
-40.8379
-41.7167
-42.6092
-43.5165
-44.4396
-45.3792
-46.3363
-47.3112
-48.3042
-49.3152
-50.3437
-51.3889
-52.4489
-53.5217
-54.6042
-55.6926
-56.7821
-57.8673
-58.9419
-59.999
-61.0311
-62.0307
-62.9904
-63.9032
-64.763
-65.565
-66.3055
-66.9825
-67.5956
-68.1457
-68.6351
-69.067
-69.4455
-69.7751
-70.0605
-70.3065
-70.5178
-70.6988
-70.8534
-70.9853
-71.0978
-71.1938
-71.2757
-71.3457
-71.4056
-71.4571
-71.5015
-71.5398
-71.5732
-71.6022
-71.6278
-71.6503
-71.6702
-71.6881
-71.7041
-71.7187
-71.7319
-71.7441
-71.7553
-71.7657
-71.7755
-71.7846
-71.7933
-71.8016
-71.8094
-71.817
-71.8243
-71.8313
-71.8381
-71.8448
-71.8512
-71.8575
-71.8637
-71.8697
-71.8756
-71.8814
-71.8871
-71.8927
-71.8983
-71.9037
-71.9091
-71.9143
-71.9195
-71.9247
-71.9297
-71.9347
-71.9396
-71.9445
-71.9493
-71.954
-71.9586
-71.9632
-71.9677
-71.9721
-71.9765
-71.9807
-71.985
-71.9891
-71.9932
-71.9972
-72.0011
-72.005
-72.0088
-72.0125
-72.0161
-72.0197
-72.0231
-72.0265
-72.0299
-72.0331
-72.0363
-72.0394
-72.0424
-72.0453
-72.0481
-72.0509
-72.0536
-72.0562
-72.0587
-72.0611
-72.0634
-72.0657
-72.0679
-72.0699
-72.0719
-72.0739
-72.0757
-72.0774
-72.079
-72.0806
-72.0821
-72.0834
-72.0847
-72.0859
-72.087
-72.088
-72.0889
-72.0897
-72.0905
-72.0911
-72.0917
-72.0921
-72.0925
-72.0927
-72.0929
-72.093
-72.0929
-72.0928
-72.0926
-72.0923
-72.0919
-72.0914
-72.0908
-72.0901
-72.0893
-72.0884
-72.0874
-72.0864
-72.0852
-72.0839
-72.0825
-72.0811
-72.0795
-72.0778
-72.0761
-72.0742
-72.0723
-72.0702
-72.0681
-72.0658
-72.0635
-72.061
-72.0585
-72.0559
-72.0531
-72.0503
-72.0474
-72.0443
-72.0412
-72.038
-72.0347
-72.0313
-72.0278
-72.0242
-72.0205
-72.0167
-72.0128
-72.0088
-72.0047
-72.0005
-71.9962
-71.9919
-71.9874
-71.9828
-71.9782
-71.9734
-71.9686
-71.9636
-71.9586
-71.9535
-71.9482
-71.9429
-71.9375
-71.932
-71.9264
-71.9207
-71.915
-71.9091
-71.9031
-71.8971
-71.8909
-71.8847
-71.8784
-71.8719
-71.8654
-71.8588
-71.8522
-71.8454
-71.8385
-71.8316
-71.8245
-71.8174
-71.8102
-71.8029
-71.7955
-71.788
-71.7805
-71.7728
-71.7651
-71.7573
-71.7494
-71.7414
-71.7333
-71.7251
-71.7169
-71.7086
-71.7002
-71.6917
-71.6831
-71.6745
-71.6658
-71.6569
-71.6481
-71.6391
-71.63
-71.6209
-71.6117
-71.6024
-71.5931
-71.5836
-71.5741
-71.5645
-71.5548
-71.5451
-71.5353
-71.5254
-71.5154
-71.5054
-71.4952
-71.3395
-71.0913
-70.7766
-70.4118
-70.0084
-69.5753
-69.1195
-68.6463
-68.1603
-67.665
-67.1633
-66.6578
-66.1503
-65.6426
-65.1361
-64.6318
-64.1308
-63.6339
-63.1418
-62.6551
-62.1743
-61.6998
-61.2319
-60.771
-60.3172
-59.8707
-59.4317
-59.0002
-58.5764
-58.1602
-57.7516
-57.3506
-56.957
-56.5709
-56.1921
-55.8204
-55.4556
-55.0977
-54.7463
-54.4013
-54.0624
-53.7294
-53.4019
-53.0798
-52.7626
-52.4501
-52.142
-51.8378
-51.5373
-51.2401
-50.9458
-50.6539
-50.3642
-50.0762
-49.7894
-49.5034
-49.2177
-48.9319
-48.6454
-48.3578
-48.0685
-47.7769
-47.4825
-47.1846
-46.8826
-46.5757
-46.2634
-45.9447
-45.6189
-45.2851
-44.9424
-44.5898
-44.2261
-43.8502
-43.4609
-43.0567
-42.6362
-42.1978
-41.7396
-41.2597
-40.7561
-40.2262
-39.6677
-39.0776
-38.4528
-37.7899
-37.0852
-36.3344
-35.5331
-34.6763
-33.7584
-32.7737
-31.7156
-30.5773
-29.3515
-28.0305
-26.6064
-25.0712
-23.4172
-21.637
-19.7245
-17.6753
-15.4873
-13.1618
-10.7044
-8.12604
-5.44397
-2.68224
0.127922
2.94857
5.7361
8.44309
11.0209
13.4225
15.6061
17.5382
19.1954
20.5668
21.6529
22.4648
23.0217
23.348
23.4706
23.4168
23.2122
22.8801
22.4409
21.9119
21.3076
20.64
19.9193
19.1534
18.3495
17.513
16.6489
15.7613
14.8537
13.9291
12.9903
12.0396
11.0792
10.1109
9.13643
8.15726
7.17478
6.19022
5.20468
4.21915
3.23452
2.2516
1.27111
0.293672
-0.680133
-1.64981
-2.6149
-3.57504
-4.52987
-5.4791
-6.4225
-7.35985
-8.29098
-9.21575
-10.134
-11.0458
-11.9509
-12.8494
-13.7413
-14.6265
-15.5052
-16.3774
-17.243
-18.1024
-18.9555
-19.8025
-20.6436
-21.4789
-22.3087
-23.1332
-23.9525
-24.7671
-25.5771
-26.383
-27.1851
-27.9837
-28.7792
-29.5722
-30.3632
-31.1525
-31.9409
-32.7288
-33.5169
-34.306
-35.0966
-35.8896
-36.6857
-37.4858
-38.2906
-39.1012
-39.9182
-40.7428
-41.5757
-42.418
-43.2704
-44.1339
-45.0092
-45.8972
-46.7983
-47.7131
-48.6419
-49.5847
-50.5414
-51.5114
-52.4939
-53.4874
-54.4901
-55.4997
-56.5131
-57.5267
-58.5363
-59.5371
-60.5238
-61.4908
-62.432
-63.3416
-64.2138
-65.0433
-65.8256
-66.5569
-67.2347
-67.8573
-68.4246
-68.9372
-69.3969
-69.8063
-70.1685
-70.487
-70.7658
-71.0088
-71.2197
-71.4022
-71.5599
-71.6958
-71.8128
-71.9136
-72.0003
-72.0749
-72.1393
-72.1948
-72.2428
-72.2845
-72.3207
-72.3522
-72.3798
-72.404
-72.4253
-72.4442
-72.461
-72.476
-72.4895
-72.5016
-72.5126
-72.5227
-72.5318
-72.5403
-72.5481
-72.5554
-72.5621
-72.5685
-72.5744
-72.5801
-72.5854
-72.5905
-72.5953
-72.5999
-72.6043
-72.6086
-72.6126
-72.6166
-72.6203
-72.624
-72.6275
-72.6309
-72.6341
-72.6373
-72.6404
-72.6433
-72.6462
-72.6489
-72.6516
-72.6542
-72.6567
-72.659
-72.6613
-72.6635
-72.6657
-72.6677
-72.6696
-72.6715
-72.6733
-72.6749
-72.6765
-72.678
-72.6795
-72.6808
-72.682
-72.6832
-72.6842
-72.6852
-72.6861
-72.6869
-72.6876
-72.6882
-72.6888
-72.6892
-72.6896
-72.6898
-72.69
-72.6901
-72.69
-72.6899
-72.6897
-72.6894
-72.6891
-72.6886
-72.688
-72.6873
-72.6866
-72.6857
-72.6848
-72.6837
-72.6826
-72.6814
-72.68
-72.6786
-72.6771
-72.6755
-72.6738
-72.672
-72.6701
-72.6681
-72.666
-72.6638
-72.6615
-72.6591
-72.6566
-72.654
-72.6514
-72.6486
-72.6457
-72.6428
-72.6397
-72.6365
-72.6333
-72.6299
-72.6265
-72.6229
-72.6193
-72.6155
-72.6117
-72.6077
-72.6037
-72.5996
-72.5953
-72.591
-72.5866
-72.5821
-72.5775
-72.5727
-72.5679
-72.563
-72.558
-72.5529
-72.5477
-72.5424
-72.5371
-72.5316
-72.526
-72.5203
-72.5145
-72.5087
-72.5027
-72.4967
-72.4905
-72.4843
-72.478
-72.4715
-72.465
-72.4584
-72.4517
-72.4449
-72.438
-72.431
-72.4239
-72.4167
-72.4095
-72.4021
-72.3947
-72.3871
-72.3795
-72.3718
-72.364
-72.3561
-72.3481
-72.34
-72.3319
-72.3236
-72.3153
-72.3068
-72.2983
-72.2897
-72.281
-72.2723
-72.2634
-72.2545
-72.2454
-72.2363
-72.2271
-72.2178
-72.2084
-72.199
-72.1894
-72.1798
-72.1701
-72.1603
-72.1504
-72.1405
-72.1305
-72.1204
-72.1102
-72.0999
-72.0895
-72.0791
-72.0686
-72.058
-72.0473
-72.0366
-72.0258
-72.0149
-72.0039
-71.9928
-71.9817
-71.9705
-71.9593
-71.9479
-71.9365
-71.925
-71.9134
-71.9018
-71.8901
-71.8783
-71.8664
-71.8545
-71.8425
-71.8304
-71.8183
-71.8061
-71.7938
-71.7815
-71.7691
-71.7566
-71.7441
-71.7315
-71.7188
-71.7061
-71.6933
-71.6804
-71.6675
-71.6545
-71.6415
-71.6283
-71.6152
-71.4556
-71.2026
-70.8822
-70.5107
-70.0997
-69.6581
-69.1928
-68.7094
-68.2124
-67.7054
-67.1914
-66.6729
-66.152
-65.6303
-65.1092
-64.5901
-64.0738
-63.5612
-63.0532
-62.5502
-62.0528
-61.5614
-61.0765
-60.4783
-59.8152
-59.1109
-58.3801
-57.6331
-56.8775
-56.119
-55.3618
-54.6093
-53.8636
-53.1266
-52.3995
-51.6828
-50.9769
-50.2819
-49.5975
-48.9232
-48.2584
-47.6022
-46.9535
-46.3112
-45.6739
-45.0402
-44.4083
-43.7765
-43.1429
-42.5054
-41.8618
-41.2098
-40.5468
-39.87
-39.1766
-38.4634
-37.727
-36.964
-36.1704
-35.342
-34.4744
-33.5628
-32.6022
-31.5869
-30.5113
-29.3692
-28.1542
-26.8597
-25.4791
-24.0056
-22.4329
-20.7554
-18.9682
-17.0681
-15.0535
-12.9259
-10.6896
-8.35324
-5.92946
-3.43584
-0.894675
1.66728
4.21953
6.72882
9.16037
11.4792
13.6516
15.6466
17.4374
19.0029
20.3295
21.4115
22.2516
22.8602
23.2539
23.4534
23.4816
23.3613
23.1142
22.7602
22.3162
21.7968
21.2143
20.5787
19.8983
19.1799
18.4292
17.6508
16.8489
16.0267
15.1872
14.3329
13.4661
12.5703
11.6606
10.7439
9.82425
8.90409
7.98516
7.06876
6.15589
5.24734
4.34378
3.44577
2.55378
1.6682
0.789379
-0.0824116
-0.946927
-1.80397
-2.65338
-3.49503
-4.32883
-5.15469
-5.97258
-6.78247
-7.58434
-8.37821
-9.1641
-9.94206
-10.7121
-11.4744
-12.2289
-12.9757
-13.7149
-14.4467
-15.1711
-15.8882
-16.5982
-17.3012
-17.9973
-18.6867
-19.3695
-20.0459
-20.7161
-21.3802
-22.0384
-22.6909
-23.3379
-23.9797
-24.6165
-25.2485
-25.8759
-26.4991
-27.1183
-27.7339
-28.3461
-28.9553
-29.5618
-30.166
-30.7684
-31.3693
-31.9691
-32.5683
-33.1674
-33.7668
-34.3671
-34.9687
-35.5723
-36.1783
-36.7872
-37.3997
-38.0163
-38.6374
-39.2637
-39.8955
-40.5333
-41.1775
-41.8282
-42.4858
-43.1502
-43.8213
-44.4987
-45.182
-45.8703
-46.5625
-47.2574
-47.953
-48.6475
-49.3385
-50.0233
-50.699
-51.3626
-52.0109
-52.6408
-53.2493
-53.8336
-54.3912
-54.9202
-55.4189
-55.8863
-56.322
-56.7258
-57.0984
-57.4405
-57.7534
-58.0386
-58.2978
-58.5328
-58.7456
-58.9379
-59.1116
-59.2687
-59.4106
-59.5392
-59.6557
-59.7617
-59.8583
-59.9466
-60.0277
-60.1024
-60.1715
-60.2358
-60.2958
-60.3522
-60.4054
-60.4558
-60.5037
-60.5496
-60.5937
-60.6362
-60.6774
-60.7175
-60.7565
-60.7948
-60.8322
-60.8691
-60.9055
-60.9414
-60.977
-61.0122
-61.0472
-61.082
-61.1166
-61.1511
-61.1855
-61.2198
-61.2541
-61.2883
-61.3225
-61.3567
-61.3909
-61.4251
-61.4593
-61.4936
-61.5279
-61.5623
-61.5967
-61.6311
-61.6656
-61.7002
-61.7348
-61.7694
-61.8041
-61.8389
-61.8736
-61.9085
-61.9434
-61.9783
-62.0133
-62.0483
-62.0834
-62.1185
-62.1536
-62.1887
-62.2239
-62.2591
-62.2944
-62.3296
-62.2508
-62.1079
-61.9245
-61.7142
-61.486
-61.2463
-60.9994
-60.7488
-60.4968
-60.2453
-59.9956
-59.7488
-59.5056
-59.2665
-59.0321
-58.8027
-58.5784
-58.3596
-58.1462
-57.9383
-57.736
-57.5393
-57.3481
-57.1625
-56.9824
-56.8077
-56.6383
-56.4742
-56.3152
-56.1614
-56.0125
-55.8686
-55.7294
-55.5949
-55.465
-55.3396
-55.2186
-55.1019
-54.9894
-54.881
-54.7766
-54.6761
-54.5794
-54.4864
-54.3971
-54.3113
-54.229
-54.1501
-54.0745
-54.0021
-53.9329
-53.8668
-53.8037
-53.7435
-53.6862
-53.6317
-53.58
-53.531
-53.4846
-53.4408
-53.3995
-53.3606
-53.3242
-53.2902
-53.2585
-53.2291
-53.2019
-53.1768
-53.1539
-53.1332
-53.1144
-53.0977
-53.083
-53.0702
-53.0594
-53.0504
-53.0432
-53.0379
-53.0343
-53.0325
-53.0324
-53.0339
-53.0371
-53.042
-53.0484
-53.0564
-53.0659
-53.077
-53.0895
-53.1035
-53.1189
-53.1358
-53.154
-53.1735
-53.1945
-53.2167
-53.2402
-53.265
-53.291
-53.3182
-53.3467
-53.3763
-53.4071
-53.439
-53.472
-53.5061
-53.5413
-53.5776
-53.6149
-53.6532
-53.6924
-53.7327
-53.7739
-53.816
-53.859
-53.9029
-53.9477
-53.9933
-54.0398
-54.0871
-54.1352
-54.184
-54.2337
-54.284
-54.335
-54.3868
-54.4392
-54.4923
-54.5461
-54.6004
-54.6554
-54.711
-54.7671
-54.8238
-54.881
-54.9388
-54.997
-55.0558
-55.115
-55.1746
-55.2347
-55.2952
-55.3561
-55.4174
-55.479
-55.5411
-55.6034
-55.6661
-55.7291
-55.7923
-55.8559
-55.9197
-55.9837
-56.048
-56.1125
-56.1773
-56.2422
-56.3072
-56.3725
-56.4379
-56.5034
-56.5691
-56.6348
-56.7007
-56.7667
-56.8327
-56.8988
-56.965
-57.0312
-57.0974
-57.1637
-57.2299
-57.2962
-57.3624

