-65
-64.9994
-64.9988
-64.9982
-64.9977
-64.9971
-64.9965
-64.996
-64.9954
-64.9949
-64.9943
-64.9938
-64.9932
-64.9927
-64.9922
-64.9917
-64.9912
-64.9906
-64.9901
-64.9896
-64.9891
-64.9886
-64.9881
-64.9876
-64.9872
-64.9867
-64.9862
-64.9857
-64.9852
-64.9848
-64.9843
-64.9838
-64.9834
-64.9829
-64.9825
-64.982
-64.9816
-64.9811
-64.9807
-64.9802
-64.9798
-64.9794
-64.9789
-64.9785
-64.9781
-64.9777
-64.9772
-64.9768
-64.9764
-64.976
-64.9756
-64.9752
-64.9748
-64.9744
-64.974
-64.9736
-64.9732
-64.9728
-64.9725
-64.9721
-64.9717
-64.9713
-64.971
-64.9706
-64.9702
-64.9699
-64.9695
-64.9692
-64.9688
-64.9685
-64.9681
-64.9678
-64.9675
-64.9671
-64.9668
-64.9665
-64.9661
-64.9658
-64.9655
-64.9652
-64.9649
-64.9646
-64.9642
-64.9639
-64.9636
-64.9633
-64.963
-64.9628
-64.9625
-64.9622
-64.9619
-64.9616
-64.9613
-64.9611
-64.9608
-64.9605
-64.9603
-64.96
-64.9598
-64.9595
-64.9592
-64.959
-64.9588
-64.9585
-64.9583
-64.958
-64.9578
-64.9576
-64.9573
-64.9571
-64.9569
-64.9567
-64.9565
-64.9562
-64.956
-64.9558
-64.9556
-64.9554
-64.9552
-64.955
-64.9548
-64.9546
-64.9545
-64.9543
-64.9541
-64.9539
-64.9537
-64.9536
-64.9534
-64.9532
-64.9531
-64.9529
-64.9527
-64.9526
-64.9524
-64.9523
-64.9521
-64.952
-64.9519
-64.9517
-64.9516
-64.9514
-64.9513
-64.9512
-64.9511
-64.9509
-64.9508
-64.9507
-64.9506
-64.9505
-64.9504
-64.9503
-64.9502
-64.95
-64.9499
-64.9499
-64.9498
-64.9497
-64.9496
-64.9495
-64.9494
-64.9493
-64.9492
-64.9492
-64.9491
-64.949
-64.9489
-64.9489
-64.9488
-64.9487
-64.9487
-64.9486
-64.9486
-64.9485
-64.9485
-64.9484
-64.9484
-64.9483
-64.9483
-64.9482
-64.9482
-64.9482
-64.9481
-64.9481
-64.9481
-64.948
-64.948
-64.948
-64.948
-64.948
-64.9479
-64.9479
-64.9479
-64.9479
-64.9479
-64.9479
-64.9479
-64.9479
-64.9479
-64.9479
-64.9479
-64.9479
-64.9479
-64.9479
-64.9479
-64.9479
-64.9479
-64.9479
-64.948
-64.948
-64.948
-64.948
-64.9481
-64.9481
-64.9481
-64.9481
-64.9482
-64.9482
-64.9482
-64.9483
-64.9483
-64.9483
-64.9484
-64.9484
-64.9485
-64.9485
-64.9486
-64.9486
-64.9487
-64.9487
-64.9488
-64.9488
-64.9489
-64.9489
-64.949
-64.9491
-64.9491
-64.9492
-64.9492
-64.9493
-64.9494
-64.9494
-64.9495
-64.9496
-64.9497
-64.9497
-64.9498
-64.9499
-64.95
-64.95
-64.9501
-64.9502
-64.9503
-64.9504
-64.9504
-64.9505
-64.9506
-64.9507
-64.9508
-64.9509
-64.951
-64.951
-64.9511
-64.9512
-64.9513
-64.9514
-64.9515
-64.9516
-64.9517
-64.9518
-64.9519
-64.952
-64.9521
-64.9522
-64.9523
-64.9524
-64.9525
-64.9526
-64.9527
-64.9528
-64.9529
-64.953
-64.9532
-64.9533
-64.9534
-64.9535
-64.9536
-64.9537
-64.9538
-64.9539
-64.954
-64.9542
-64.9543
-64.9544
-64.9545
-64.9546
-64.9547
-64.9548
-64.955
-64.9551
-64.9552
-64.9553
-64.9554
-64.9556
-64.9557
-64.9558
-64.9559
-64.956
-64.9562
-64.9563
-64.9564
-64.9565
-64.9566
-64.9568
-64.9569
-64.957
-64.9571
-64.9573
-64.9574
-64.9575
-64.9576
-64.9578
-64.9579
-64.958
-64.9581
-64.9583
-64.9584
-64.9585
-64.9587
-64.9588
-64.9589
-64.959
-64.9592
-64.9593
-64.9594
-64.9595
-64.9597
-64.9598
-64.9599
-64.96
-64.9602
-64.9603
-64.9604
-64.9606
-64.9607
-64.9608
-64.9609
-64.9611
-64.9612
-64.9613
-64.9614
-64.9616
-64.9617
-64.9618
-64.962
-64.9621
-64.9622
-64.9623
-64.9625
-64.9626
-64.9627
-64.9628
-64.963
-64.9631
-64.9632
-64.9633
-64.9635
-64.9636
-64.9637
-64.9638
-64.964
-64.9641
-64.9642
-64.9643
-64.9645
-64.9646
-64.9647
-64.9648
-64.9649
-64.9651
-64.9652
-64.9653
-64.9654
-64.9655
-64.9657
-64.9658
-64.9659
-64.966
-64.9661
-64.9663
-64.9664
-64.9665
-64.9666
-64.9667
-64.9668
-64.967
-64.9671
-64.9672
-64.8327
-64.6107
-64.3242
-63.9877
-63.6114
-63.2035
-62.77
-62.3161
-61.8457
-61.3623
-60.8686
-60.3666
-59.8583
-59.3451
-58.8283
-58.3089
-57.7875
-57.2649
-56.7414
-56.2175
-55.6934
-55.1691
-54.6446
-54.1197
-53.5944
-53.0681
-52.5406
-52.0111
-51.4791
-50.9437
-50.4041
-49.859
-49.3073
-48.7477
-48.1784
-47.5978
-47.0037
-46.394
-45.7661
-45.1171
-44.4437
-43.7422
-43.0086
-42.238
-41.4252
-40.564
-39.6475
-38.6677
-37.6157
-36.481
-35.2519
-33.915
-32.4548
-30.8543
-29.0941
-27.1529
-25.0077
-22.6341
-20.008
-17.1066
-13.9122
-10.4153
-6.62011
-2.55071
1.74387
6.18602
10.6704
15.0708
19.2525
23.0889
26.4779
29.3537
31.6922
33.5079
34.8453
35.7672
36.343
36.6395
36.7159
36.6209
36.3926
36.06
35.6444
35.1614
34.6224
34.0357
33.4075
32.7427
32.045
31.3176
30.5631
29.7838
28.9818
28.159
27.3171
26.4579
25.5828
24.6934
23.791
22.8769
21.9525
21.0189
20.0773
19.1287
18.1741
17.2146
16.2511
15.2843
14.3151
13.3443
12.3726
11.4006
10.4289
9.45815
8.48881
7.51028
6.53224
5.55883
4.59211
3.63315
2.68257
1.74071
0.807756
-0.116189
-1.03109
-1.93695
-2.8338
-3.7217
-4.60072
-5.47094
-6.33245
-7.18535
-8.02977
-8.8658
-9.69359
-10.5133
-11.3249
-12.1288
-12.925
-13.7136
-14.4948
-15.2688
-16.0358
-16.7959
-17.5493
-18.2962
-19.0368
-19.7713
-20.4999
-21.2228
-21.9403
-22.6527
-23.3601
-24.0629
-24.7614
-25.4559
-26.1468
-26.8343
-27.5189
-28.2009
-28.8809
-29.5593
-30.2365
-30.913
-31.5895
-32.2664
-32.9443
-33.6239
-34.3059
-34.9909
-35.6795
-36.3726
-37.0708
-37.775
-38.4857
-39.2039
-39.9301
-40.6651
-41.4094
-42.1636
-42.9281
-43.7032
-44.489
-45.2853
-46.0917
-46.9074
-47.7315
-48.5622
-49.3976
-50.2352
-51.0721
-51.9047
-52.7291
-53.541
-54.3358
-55.1088
-55.8555
-56.5715
-57.2527
-57.8959
-58.4984
-59.0582
-59.5745
-60.047
-60.4763
-60.8637
-61.2112
-61.521
-61.7957
-62.0383
-62.2516
-62.4385
-62.6018
-62.7442
-62.8683
-62.9762
-63.0701
-63.1518
-63.2231
-63.2854
-63.34
-63.388
-63.4304
-63.4681
-63.5018
-63.5321
-63.5596
-63.5847
-63.6079
-63.6294
-63.6496
-63.6687
-63.6869
-63.7044
-63.7214
-63.7379
-63.7541
-63.77
-63.7859
-63.8016
-63.8173
-63.833
-63.8487
-63.8646
-63.8805
-63.8966
-63.9128
-63.9292
-63.9458
-63.9626
-63.9796
-63.9967
-64.0141
-64.0317
-64.0495
-64.0675
-64.0857
-64.1041
-64.1227
-64.1415
-64.1606
-64.1798
-64.1992
-64.2188
-64.2386
-64.2586
-64.2787
-64.2991
-64.3196
-64.3402
-64.3611
-64.3821
-64.4032
-64.4245
-64.4459
-64.4675
-64.4892
-64.511
-64.5329
-64.555
-64.5772
-64.5995
-64.6219
-64.6443
-64.6669
-64.6896
-64.7124
-64.7352
-64.7582
-64.7812
-64.8043
-64.8274
-64.8506
-64.8739
-64.8972
-64.9206
-64.944
-64.9675
-64.991
-65.0146
-65.0381
-65.0618
-65.0854
-65.1091
-65.1327
-65.1564
-65.1801
-65.2039
-65.2276
-65.2513
-65.2751
-65.2988
-65.3225
-65.3463
-65.37
-65.3937
-65.4174
-65.441
-65.4647
-65.4883
-65.5119
-65.5355
-65.559
-65.5826
-65.606
-65.6295
-65.6529
-65.6762
-65.6996
-65.7228
-65.7461
-65.7692
-65.7924
-65.8154
-65.8384
-65.8614
-65.8843
-65.9071
-65.9299
-65.9526
-65.9753
-65.9979
-66.0204
-66.0428
-66.0652
-66.0875
-66.1097
-66.1319
-66.1539
-66.1759
-66.1978
-66.2197
-66.2414
-66.2631
-66.2847
-66.3061
-66.3276
-66.3489
-66.3701
-66.3912
-66.4123
-66.4332
-66.4541
-66.4748
-66.4955
-66.5161
-66.5365
-66.5569
-66.5772
-66.5973
-66.6174
-66.6374
-66.6573
-66.677
-66.6967
-66.7162
-66.7357
-66.755
-66.7742
-66.7934
-66.8124
-66.8313
-66.8501
-66.8688
-66.8874
-66.9058
-66.9242
-66.9424
-66.9606
-66.9786
-66.9965
-67.0143
-67.032
-67.0495
-67.067
-67.0843
-67.1015
-67.1186
-67.1356
-67.1525
-67.1692
-67.1859
-67.0691
-66.87
-66.6135
-66.3149
-65.9849
-65.6315
-65.2608
-64.8776
-64.4856
-64.088
-63.6871
-63.2849
-62.883
-62.4825
-62.0847
-61.6904
-61.3002
-60.9149
-60.5348
-60.1603
-59.7919
-59.4297
-59.0739
-58.7248
-58.3824
-58.0468
-57.7181
-57.3963
-57.0814
-56.7734
-56.4721
-56.1777
-55.8899
-55.6087
-55.334
-55.0657
-54.8036
-54.5476
-54.2976
-54.0534
-53.8149
-53.5819
-53.3542
-53.1318
-52.9143
-52.7017
-52.4938
-52.2905
-52.0914
-51.8966
-51.7057
-51.5187
-51.3354
-51.1555
-50.9791
-50.8058
-50.6355
-50.4681
-50.3034
-50.1413
-49.9816
-49.8242
-49.6689
-49.5156
-49.364
-49.2142
-49.066
-48.9191
-48.7735
-48.6291
-48.4856
-48.3431
-48.2013
-48.06
-47.9193
-47.7789
-47.6386
-47.4985
-47.3583
-47.2178
-47.077
-46.9357
-46.7937
-46.6509
-46.5072
-46.3623
-46.2161
-46.0685
-45.9192
-45.7681
-45.6149
-45.4595
-45.3016
-45.1411
-44.9777
-44.8111
-44.641
-44.4673
-44.2895
-44.1075
-43.9207
-43.729
-43.5319
-43.329
-43.1198
-42.904
-42.6809
-42.4502
-42.2111
-41.9631
-41.7055
-41.4377
-41.1587
-40.8678
-40.5642
-40.2467
-39.9144
-39.5661
-39.2005
-38.8164
-38.4123
-37.9865
-37.5374
-37.0631
-36.5616
-36.0307
-35.468
-34.8711
-34.2371
-33.5631
-32.846
-32.0823
-31.2686
-30.4009
-29.4754
-28.488
-27.4345
-26.3107
-25.1127
-23.8367
-22.4792
-21.0377
-19.5105
-17.8973
-16.1996
-14.4213
-12.5689
-10.6526
-8.6862
-6.6879
-4.68006
-2.68902
-0.744271
1.12292
2.88127
4.50154
5.95858
7.233
8.3122
9.19073
9.86978
10.3563
10.6614
10.7995
10.7862
10.6378
10.3702
9.99855
9.53653
8.99656
8.38961
7.72532
7.01207
6.25717
5.46692
4.64682
3.80163
2.93549
2.05202
1.15437
0.245318
-0.67271
-1.59758
-2.52739
-3.4605
-4.39545
-5.33094
-6.26586
-7.1992
-8.1301
-9.05779
-9.98162
-10.901
-11.8155
-12.7246
-13.6281
-14.5255
-15.4168
-16.3017
-17.18
-18.0517
-18.9167
-19.775
-20.6266
-21.4716
-22.3101
-23.1422
-23.9679
-24.7876
-25.6014
-26.4096
-27.2124
-28.0101
-28.8032
-29.5918
-30.3766
-31.1577
-31.9359
-32.7114
-33.4849
-34.257
-35.0281
-35.799
-36.5703
-37.3426
-38.1166
-38.8932
-39.6729
-40.4567
-41.2452
-42.0392
-42.8395
-43.6468
-44.4619
-45.2855
-46.1181
-46.9605
-47.8129
-48.6759
-49.5496
-50.434
-51.329
-52.2343
-53.149
-54.0723
-55.0028
-55.9387
-56.8778
-57.8176
-58.755
-59.6865
-60.6082
-61.5158
-62.4048
-63.2705
-64.1081
-64.913
-65.6811
-66.4086
-67.0922
-67.7298
-68.3197
-68.8614
-69.3552
-69.8022
-70.2041
-70.5632
-70.8824
-71.1647
-71.4133
-71.6313
-71.8219
-71.9881
-72.1327
-72.2584
-72.3675
-72.4621
-72.5441
-72.6152
-72.6769
-72.7305
-72.7771
-72.8177
-72.8531
-72.884
-72.911
-72.9347
-72.9556
-72.974
-72.9903
-73.0047
-73.0175
-73.0289
-73.0392
-73.0484
-73.0566
-73.0641
-73.0709
-73.077
-73.0826
-73.0877
-73.0923
-73.0966
-73.1006
-73.1042
-73.1075
-73.1106
-73.1134
-73.116
-73.1185
-73.1207
-73.1228
-73.1246
-73.1264
-73.128
-73.1294
-73.1308
-73.132
-73.133
-73.134
-73.1348
-73.1355
-73.1362
-73.1367
-73.1371
-73.1374
-73.1376
-73.1376
-73.1376
-73.1375
-73.1373
-73.137
-73.1366
-73.1361
-73.1355
-73.1348
-73.134
-73.1331
-73.1321
-73.131
-73.1299
-73.1286
-73.1272
-73.1257
-73.1242
-73.1225
-73.1207
-73.1189
-72.9734
-72.7409
-72.4489
-72.1144
-71.7492
-71.362
-70.9594
-70.5464
-70.127
-69.7044
-69.2811
-68.8589
-68.4395
-68.0242
-67.6138
-67.2093
-66.8112
-66.4201
-66.0364
-65.6603
-65.292
-64.9319
-64.5799
-64.2362
-63.9007
-63.5735
-63.2546
-62.9439
-62.6413
-62.3468
-62.0603
-61.7815
-61.5106
-61.2472
-60.9913
-60.7427
-60.5013
-60.2669
-60.0395
-59.8187
-59.6046
-59.3969
-59.1956
-59.0003
-58.8111
-58.6277
-58.45
-58.2779
-58.1112
-57.9499
-57.7936
-57.6424
-57.4961
-57.3546
-57.2177
-57.0853
-56.9574
-56.8337
-56.7142
-56.5989
-56.4875
-56.3799
-56.2762
-56.1761
-56.0797
-55.9867
-55.8972
-55.811
-55.728
-55.6482
-55.5716
-55.498
-55.4273
-55.3595
-55.2946
-55.2325
-55.173
-55.1162
-55.062
-55.0104
-54.9612
-54.9145
-54.8702
-54.8282
-54.7886
-54.7512
-54.716
-54.683
-54.6521
-54.6233
-54.5966
-54.5719
-54.5492
-54.5285
-54.5097
-54.4928
-54.4778
-54.4647
-54.4533
-54.4437
-54.4359
-54.4298
-54.4255
-54.4228
-54.4218
-54.4224
-54.4246
-54.4284
-54.4338
-54.4408
-54.4492
-54.4592
-54.4707
-54.4836
-54.498
-54.5137
-54.531
-54.5495
-54.5695
-54.5908
-54.6134
-54.6374
-54.6626
-54.6891
-54.7168
-54.7458
-54.776
-54.8074
-54.84
-54.8737
-54.9086
-54.9446
-54.9817
-55.0199
-55.0591
-55.0994
-55.1407
-55.1831
-55.2264
-55.2707
-55.316
-55.3621
-55.4092
-55.4572
-55.5061
-55.5558
-55.6064
-55.6578
-55.7099
-55.7629
-55.8165
-55.871
-55.9261
-55.9819
-56.0385
-56.0956
-56.1534
-56.2118
-56.2709
-56.3304
-56.3906
-56.4512
-56.5124
-56.5741
-56.6362
-56.6988
-56.7619
-56.8253
-56.8891
-56.9534
-57.0179
-57.0828
-57.1481
-57.2136
-57.2794
-57.3454
-57.4117
-57.4782
-57.545
-57.6119
-57.679
-57.7462
-57.8136
-57.8811
-57.9487
-58.0164
-58.0841
-58.1519
-58.2198
-58.2877
-58.3556
-58.4234
-58.4913
-58.5592
-58.6269
-58.6947
-58.7623
-58.8299
-58.8974
-58.9648
-59.032
-59.0991
-59.1661
-59.2329
-59.2996
-59.3661
-59.4324
-59.4985
-59.5644
-59.6301
-59.6956
-59.7608
-59.8259
-59.8906
-59.9552
-60.0195
-60.0835
-60.1472
-60.2107
-60.2739
-60.3368
-60.3994
-60.4617
-60.5237
-60.5854
-60.6468
-60.7078
-60.7686
-60.829
-60.8891
-60.9489
-61.0083
-61.0675
-61.1262
-61.1846
-61.2427
-61.3005
-61.3579
-61.4149
-61.4716
-61.5279
-61.5839
-61.6395
-61.6948
-61.7497
-61.8043
-61.8585
-61.9123
-61.9658
-62.0189
-62.0716
-62.124
-62.1761
-62.2278
-62.2791
-62.33
-62.3806
-62.4308
-62.4807
-62.5302
-62.5794
-62.6282
-62.6766
-62.7247
-62.7724
-62.8198
-62.8668
-62.9135
-62.9598
-63.0058
-63.0514
-63.0967
-63.1416
-63.1862
-63.2304
-63.2743
-63.3179
-63.3611
-63.404
-63.4465
-63.4887
-63.5306
-63.5721
-63.6133
-63.6542
-63.6947
-63.7349
-63.7748
-63.8144
-63.8536
-63.8925
-63.9311
-63.9694
-64.0074
-64.045
-64.0824
-64.1194
-64.1561
-64.1925
-64.2286
-64.2644
-64.2999
-64.3351
-64.37
-64.4046
-64.4389
-64.4729
-64.5066
-64.54
-64.5731
-64.6059
-64.6385
-64.6708
-64.7027
-64.7344
-64.7658
-64.797
-64.8278
-64.8584
-64.8887
-64.9187
-64.9485
-64.978
-65.0072
-65.0362
-65.0649
-65.0933
-65.1215
-65.1494
-65.177
-65.2044
-65.2316
-65.2584
-65.2851
-65.3114
-65.3376
-65.3634
-65.389
-65.4144
-65.4396
-65.4645
-65.4891
-65.5135
-65.5377
-65.5616
-65.5853
-65.6088
-65.632
-65.655
-65.6778
-65.7003
-65.7226
-65.7447
-65.7666
-65.7882
-65.8096
-65.8308
-65.8518
-65.8725
-65.8931
-65.9134
-65.9335
-65.9534
-65.973
-65.9925
-66.0118
-66.0308
-66.0497
-66.0683
-66.0867
-66.105
-66.123
-66.1408
-66.1584
-66.1759
-66.1931
-66.2101
-66.227
-66.2436
-66.2601
-66.2763
-66.2924
-66.3083
-66.324
-66.3395
-66.3548
-66.3699
-66.3849
-66.3996
-66.4142
-66.4286
-66.4428
-66.4569
-66.4708
-66.4844
-66.498
-66.5113
-66.5245
-66.5375
-66.5503
-66.563
-66.5755
-66.5878
-66.5999
-66.6119
-66.6237
-66.6354
-66.6469
-66.6582
-66.6694
-66.6804
-66.6913
-66.702
-66.7126
-66.7229
-66.7332
-66.7433
-66.7532
-66.763
-66.7726
-66.7821
-66.7914
-66.8006
-66.8096
-66.8185
-66.8273
-66.8359
-66.8443
-66.8526
-66.8608
-66.8689
-66.8768
-66.8845
-66.7549
-66.5368
-66.2545
-65.9229
-65.5528
-65.1523
-64.7279
-64.2848
-63.8272
-63.3584
-62.8813
-62.3981
-61.9107
-61.4208
-60.9296
-60.4382
-59.9476
-59.4584
-58.9715
-58.4873
-58.0062
-57.5286
-57.0548
-56.5849
-56.1192
-55.6577
-55.2004
-54.7473
-54.2984
-53.8534
-53.4122
-52.9746
-52.5403
-52.109
-51.6802
-51.2535
-50.8285
-50.4046
-49.9812
-49.5576
-49.1332
-48.7071
-48.2784
-47.8464
-47.4098
-46.9678
-46.519
-46.0622
-45.5959
-45.1187
-44.6288
-44.1245
-43.6037
-43.0642
-42.5037
-41.9193
-41.3082
-40.667
-39.9922
-39.2797
-38.5249
-37.723
-36.8682
-35.9543
-34.9744
-33.9208
-32.7848
-31.5572
-30.2275
-28.7845
-27.2162
-25.5098
-23.6523
-21.6307
-19.4331
-17.0491
-14.4719
-11.6995
-8.73708
-5.59944
-2.31302
1.08223
4.53236
7.97055
11.3206
14.5025
17.4399
20.0678
22.3394
24.2296
25.7358
26.8748
27.6778
28.1841
28.4359
28.4741
28.3357
28.0526
27.6511
27.1528
26.5747
25.9303
25.2304
24.4834
23.6964
22.8749
22.0236
21.1464
20.2468
19.3277
18.3919
17.4415
16.4788
15.5057
14.5239
13.5351
12.5406
11.542
10.5403
9.53673
8.53231
7.52798
6.52459
5.52293
4.5237
3.52754
2.53501
1.54664
0.562885
-0.415857
-1.38922
-2.3569
-3.31862
-4.27414
-5.22327
-6.16584
-7.10172
-8.03079
-8.95298
-9.86823
-10.7765
-11.6778
-12.5722
-13.4595
-14.34
-15.2137
-16.0805
-16.9408
-17.7944
-18.6417
-19.4827
-20.3175
-21.1465
-21.9697
-22.7875
-23.6
-24.4075
-25.2103
-26.0088
-26.8032
-27.5941
-28.3816
-29.1664
-29.9489
-30.7295
-31.5088
-32.2874
-33.066
-33.845
-34.6253
-35.4076
-36.1926
-36.9811
-37.7739
-38.5719
-39.376
-40.1871
-41.006
-41.8338
-42.6712
-43.5192
-44.3787
-45.2502
-46.1346
-47.0323
-47.9438
-48.8692
-49.8085
-50.7612
-51.7267
-52.7037
-53.6906
-54.6852
-55.6847
-56.6859
-57.6845
-58.6761
-59.6554
-60.617
-61.4455
-62.1819
-62.842
-63.4328
-63.9577
-64.419
-64.8184
-65.1579
-65.4401
-65.668
-65.8449
-65.9748
-66.062
-66.1107
-66.1253
-66.1102
-66.0692
-66.0063
-65.9248
-65.828
-65.7187
-65.5992
-65.4719
-65.3386
-65.2008
-65.0599
-64.9172
-64.7735
-64.6297
-64.4864
-64.3443
-64.2037
-64.0651
-63.9287
-63.7947
-63.6634
-63.5349
-63.4093
-63.2867
-63.1671
-63.0506
-62.9372
-62.8268
-62.7196
-62.6153
-62.5141
-62.4159
-62.3206
-62.2283
-62.1388
-62.0521
-61.9682
-61.887
-61.8085
-61.7326
-61.6593
-61.5885
-61.5202
-61.4542
-61.3906
-61.3294
-61.2704
-61.2136
-61.159
-61.1065
-61.0561
-61.0077
-60.9613
-60.9169
-60.8743
-60.8336
-60.7948
-60.7577
-60.7223
-60.6887
-60.6567
-60.6264
-60.5976
-60.5704
-60.5448
-60.5206
-60.4979
-60.4766
-60.4567
-60.4382
-60.421
-60.4052
-60.3906
-60.3773
-60.3652
-60.3543
-60.3446
-60.336
-60.3285
-60.3222
-60.3169
-60.3127
-60.3095
-60.3073
-60.3061
-60.3058
-60.3066
-60.3082
-60.3107
-60.3141
-60.3184
-60.3235
-60.3294
-60.3362
-60.3437
-60.352
-60.361
-60.3708
-60.3814
-60.3926
-60.4045
-60.417
-60.4303
-60.4441
-60.4586
-60.4737
-60.4894
-60.5057
-60.5226
-60.54
-60.558
-60.5764
-60.5955
-60.615
-60.635
-60.6554
-60.6764
-60.6978
-60.7196
-60.7419
-60.7646
-60.7877
-60.8112
-60.8351
-60.8594
-60.884
-60.909
-60.9344
-60.9601
-60.9861
-61.0124
-61.0391
-61.0661
-61.0933
-61.1208
-61.1487
-61.1767
-61.2051
-61.2337
-61.2625
-61.2916
-61.3208
-61.3504
-61.3801
-61.41
-61.4401
-61.4705
-61.501
-61.5316
-61.5625
-61.5935
-61.6247
-61.656
-61.6874
-61.719
-61.7508
-61.7826
-61.8146
-61.8467
-61.8789
-61.9112
-61.9436
-61.9761
-62.0087
-62.0413
-62.0741
-62.1069
-62.1398
-62.1727
-62.2057
-62.2387
-62.2718
-62.305
-62.3381
-62.3714
-62.4046
-62.4379
-62.4711
-62.5045
-62.5378
-62.5711
-62.6044
-62.6378
-62.6711
-62.7045
-62.7378
-62.7711
-62.8044
-62.8377
-62.8709
-62.9041
-62.9373
-62.9705
-63.0037
-63.0368
-63.0698
-63.1028
-63.1358
-63.1687
-63.2016
-63.2344
-63.2672
-63.2999
-63.3325
-63.3651
-63.3976
-63.43
-63.4624
-63.4947
-63.5269
-63.559
-63.5911
-63.6231
-63.6549
-63.6867
-63.7185
-63.7501
-63.7816
-63.8131
-63.8444
-63.8757
-63.9068
-63.9378
-63.9688
-63.9996
-64.0304
-64.061
-64.0915
-64.1219
-64.1522
-64.1824
-64.2125
-64.2424
-64.2723
-64.302
-64.3316
-64.3611
-64.3904
-64.4196
-64.4488
-64.4777
-64.5066
-64.5353
-64.5639
-64.5924
-64.6208
-64.649
-64.6771
-64.705
-64.7328
-64.7605
-64.788
-64.8154
-64.8427
-64.8698
-64.8968
-64.9237
-64.9504
-64.977
-65.0034
-65.0297
-65.0559
-65.0819
-65.1077
-65.1335
-65.159
-65.1845
-65.2098
-65.2349
-65.2599
-65.2847
-65.3094
-65.334
-65.3584
-65.3827
-65.4068
-65.4307
-65.4546
-65.4782
-65.5017
-65.5251
-65.5483
-65.5714
-65.5943
-65.6171
-65.6397
-65.6621
-65.6844
-65.7066
-65.7286
-65.7505
-65.7722
-65.7937
-65.8151
-65.8364
-65.8575
-65.8784
-65.8992
-65.9199
-65.9403
-65.9607
-65.9809
-66.0009
-66.0208
-66.0405
-66.0601
-66.0795
-66.0988
-66.118
-66.1369
-66.1558
-66.1744
-66.193
-66.2113
-66.2295
-66.2476
-66.2655
-66.2833
-66.3009
-66.3184
-66.3357
-66.3529
-66.3699
-66.3868
-66.4035
-66.4201
-66.4365
-66.4528
-66.4689
-66.4849
-66.5008
-66.5165
-66.532
-66.5474
-66.5627
-66.5778
-66.5927
-66.6076
-66.6222
-66.6368
-66.6511
-66.6654
-66.6795
-66.6934
-66.7072
-66.7209
-66.7344
-66.7478
-66.7611
-66.7742
-66.7871
-66.8
-66.8126
-66.8252
-66.8376
-66.8498
-66.862
-66.874
-66.8858
-66.8975
-66.9091
-66.9205
-66.9319
-66.943
-66.9541
-66.965
-66.9757
-66.9864
-66.9969
-67.0072
-67.0175
-67.0276
-67.0376
-67.0474
-67.0571
-66.9298
-66.7149
-66.4367
-66.1104
-65.7466
-65.3536
-64.9378
-64.5043
-64.0574
-63.6003
-63.1357
-62.6661
-62.1931
-61.7184
-61.2432
-60.7686
-60.2956
-59.8248
-59.357
-58.8927
-58.4322
-57.976
-57.5244
-57.0776
-56.6356
-56.1988
-55.7671
-55.3405
-54.919
-54.5026
-54.0911
-53.6844
-53.2824
-52.8847
-52.4911
-52.1013
-51.715
-51.3319
-50.9515
-50.5733
-50.197
-49.8219
-49.4475
-49.0733
-48.6986
-48.3227
-47.9449
-47.5644
-47.1803
-46.7918
-46.3979
-45.9976
-45.5897
-45.1732
-44.7466
-44.3086
-43.8576
-43.3921
-42.9102
-42.4099
-41.8892
-41.3456
-40.7766
-40.1793
-39.5505
-38.8868
-38.1843
-37.4387
-36.6453
-35.7989
-34.8937
-33.9234
-32.8807
-31.7582
-30.5474
-29.2392
-27.8241
-26.2918
-24.632
-22.8341
-20.8883
-18.7857
-16.5198
-14.0868
-11.488
-8.73059
-5.8299
-2.81073
0.291436
3.43017
6.54915
9.58471
12.4702
15.1416
17.5433
19.6337
21.3885
22.8014
23.8827
24.6552
25.1501
25.4023
25.4469
25.3168
25.0411
24.6449
24.149
23.5703
22.9228
22.2176
21.4638
20.6688
19.8387
18.9786
18.0928
17.185
16.2584
15.3159
14.36
13.3928
12.4164
11.4325
10.4428
9.44887
8.45191
7.45317
6.45375
5.45465
4.45676
3.46089
2.46777
1.47804
0.492301
-0.488947
-1.46524
-2.43619
-3.40143
-4.36067
-5.31365
-6.26014
-7.19996
-8.13296
-9.05902
-9.97805
-10.89
-11.7948
-12.6925
-13.583
-14.4665
-15.3428
-16.2122
-17.0746
-17.9303
-18.7793
-19.6217
-20.4577
-21.2876
-22.1114
-22.9294
-23.7419
-24.5491
-25.3513
-26.1488
-26.942
-27.7311
-28.5167
-29.2992
-30.0789
-30.8564
-31.6323
-32.407
-33.1811
-33.9554
-34.7304
-35.5068
-36.2855
-37.0671
-37.8524
-38.6423
-39.4376
-40.2391
-41.0478
-41.8645
-42.69
-43.5253
-44.371
-45.228
-46.0969
-46.9783
-47.8725
-48.7798
-49.7002
-50.6333
-51.5787
-52.5354
-53.502
-54.4765
-55.4566
-56.4394
-57.4212
-58.3979
-59.3649
-60.317
-61.2488
-62.1546
-63.0288
-63.8661
-64.6614
-65.4105
-66.1101
-66.7579
-67.3526
-67.894
-68.3832
-68.8218
-69.2125
-69.5582
-69.8626
-70.1292
-70.3617
-70.5639
-70.7392
-70.891
-71.0221
-71.1353
-71.2331
-71.3176
-71.3906
-71.4539
-71.5088
-71.5565
-71.5982
-71.6347
-71.6668
-71.6952
-71.7203
-71.7427
-71.7627
-71.6474
-71.4546
-71.2125
-70.9375
-70.6406
-70.3294
-70.0097
-69.6854
-69.3596
-69.0345
-68.7119
-68.3931
-68.0788
-67.77
-67.467
-67.1703
-66.8801
-66.5966
-66.3199
-66.0501
-65.7871
-65.531
-65.2816
-65.039
-64.8031
-64.5736
-64.3506
-64.134
-63.9235
-63.7191
-63.5206
-63.3279
-63.141
-62.9595
-62.7835
-62.6128
-62.4472
-62.2866
-62.131
-61.9802
-61.834
-61.6924
-61.5553
-61.4224
-61.2938
-61.1694
-61.0489
-60.9324
-60.8196
-60.7106
-60.6052
-60.5034
-60.405
-60.31
-60.2183
-60.1298
-60.0444
-59.9621
-59.8828
-59.8063
-59.7327
-59.6619
-59.5938
-59.5283
-59.4654
-59.4051
-59.3471
-59.2916
-59.2385
-59.1876
-59.139
-59.0926
-59.0483
-59.0061
-58.9659
-58.9278
-58.8916
-58.8573
-58.8249
-58.7944
-58.7656
-58.7385
-58.7132
-58.6896
-58.6675
-58.6471
-58.6283
-58.611
-58.5952
-58.5808
-58.5679
-58.5564
-58.5463
-58.5376
-58.5301
-58.524
-58.5191
-58.5154
-58.513
-58.5117
-58.5116
-58.5127
-58.5148
-58.518
-58.5223
-58.5277
-58.534
-58.5414
-58.5497
-58.559
-58.5692
-58.5804
-58.5924
-58.6053
-58.619
-58.6336
-58.649
-58.6652
-58.6822
-58.7
-58.7185
-58.7377
-58.7576
-58.7783
-58.7996
-58.8216
-58.8442
-58.8674
-58.8913
-58.9158
-58.9409
-58.9665
-58.9928
-59.0195
-59.0468
-59.0746
-59.1029
-59.1317
-59.161
-59.1908
-59.221
-59.2517
-59.2827
-59.3142
-59.3461
-59.3784
-59.4111
-59.4442
-59.4776
-59.5114
-59.5455
-59.5799
-59.6147
-59.6498
-59.6851
-59.7208
-59.7567
-59.7929
-59.8294
-59.8661
-59.9031
-59.9403
-59.9777
-60.0153
-60.0532
-60.0912
-60.1294
-60.1679
-60.2064
-60.2452
-60.2841
-60.3232
-60.3624
-60.4017
-60.4412
-60.4808
-60.5205
-60.5603
-60.6002
-60.6402
-60.6803
-60.7205
-60.7608
-60.8011
-60.8415
-60.882
-60.9225
-60.963
-61.0036
-61.0442
-61.0849
-61.1256
-61.1663
-61.207
-61.2477
-61.2884
-61.3292
-61.3699
-61.4106
-61.4513
-61.492
-61.5326
-61.5732
-61.6138
-61.6544
-61.6949
-61.7354
-61.7758
-61.8162
-61.8565
-61.8967
-61.9369
-61.9771
-62.0171
-62.0571
-62.097
-62.1369
-62.1766
-62.2163
-62.2559
-62.2953
-62.3347
-62.374
-62.4132
-62.4523
-62.4913
-62.5302
-62.569
-62.6076
-62.6462
-62.6846
-62.7229
-62.7611
-62.7992
-62.8371
-62.8749
-62.9126
-62.9501
-62.9876
-63.0248
-63.062
-63.099
-63.1358
-63.1726
-63.2091
-63.2456
-63.2819
-63.318
-63.354
-63.3898
-63.4255
-63.461
-63.4964
-63.5316
-63.5667
-63.6016
-63.6363
-63.6709
-63.7053
-63.7396
-63.7737
-63.8076
-63.8414
-63.875
-63.9084
-63.9416
-63.9747
-64.0076
-64.0404
-64.073
-64.1054
-64.1376
-64.1697
-64.2015
-64.2332
-64.2648
-64.2961
-64.3273
-64.3583
-64.3891
-64.4198
-64.4503
-64.4805
-64.5107
-64.5406
-64.5703
-64.5999
-64.6293
-64.6585
-64.6876
-64.7164
-64.7451
-64.7736
-64.8019
-64.83
-64.858
-64.8857
-64.9133
-64.9407
-64.9679
-64.995
-65.0218
-65.0485
-65.075
-65.1013
-65.1274
-65.1534
-65.1791
-65.2047
-65.2301
-65.2553
-65.2804
-65.3052
-65.3299
-65.3544
-65.3787
-65.4028
-65.4268
-65.4505
-65.4741
-65.4975
-65.5208
-65.5438
-65.5667
-65.5894
-65.6119
-65.6342
-65.6564
-65.6784
-65.7002
-65.7218
-65.7432
-65.7645
-65.7856
-65.8065
-65.8272
-65.8478
-65.8682
-65.8884
-65.9085
-65.9283
-65.948
-65.9676
-65.9869
-66.0061
-66.0251
-66.044
-66.0626
-66.0811
-66.0995
-66.1176
-66.1356
-66.1535
-66.1711
-66.1886
-66.2059
-66.2231
-66.2401
-66.2569
-66.2736
-66.2901
-66.3064
-66.3226
-66.3386
-66.3544
-66.3701
-66.3856
-66.401
-66.4162
-66.4313
-66.4461
-66.4609
-66.4754
-66.4899
-66.5041
-66.5182
-66.5322
-66.546
-66.5596
-66.5731
-66.5864
-66.5996
-66.6126
-66.6255
-66.6382
-66.6508
-66.6632
-66.6755
-66.6877
-66.6996
-66.7115
-66.7232
-66.7347
-66.7461
-66.7574
-66.7685
-66.7794
-66.7903
-66.8009
-66.8115
-66.8219
-66.8322
-66.8423
-66.8523
-66.8621
-66.8718
-66.8814
-66.8908
-66.9001
-66.9093
-66.9183
-66.9272
-66.936
-66.9446
-66.9531
-66.9614
-66.9697
-66.9778
-66.9858
-66.9936
-67.0013
-67.0089
-67.0164
-67.0237
-67.031
-67.038
-67.045
-67.0519
-67.0586
-67.0652
-67.0717
-67.078
-67.0842
-67.0904
-67.0964
-67.1022
-67.108
-67.1136
-67.1192
-67.1246
-67.1299
-67.1351
-67.1401
-67.1451
-67.1499
-67.1547
-67.1593
-67.1638
-67.1682
-67.1725
-67.1767
-67.1808
-67.1847
-67.1886
-67.1924
-67.196
-67.1995
-67.203
-67.2063
-67.2096
-67.2127
-67.2157
-67.2187
-67.2215
-67.2242
-67.2269
-67.2294
-67.2318
-67.2342
-67.2364
-67.2386
-67.2406
-67.2426
-67.2444
-67.2462
-67.2479
-67.2495
-67.2509
-67.2523
-67.2537
-67.2549
-67.256
-67.2571
-67.258
-67.2589
-67.2597
-67.2604
-67.261
-67.2615
-67.2619
-67.2623
-67.2626
-67.2627
-67.2629
-67.2629
-67.2628
-67.2627
-67.2625
-67.2622
-67.2618
-67.2614
-67.2608
-67.2602
-67.2596
-67.2588
-67.258
-67.2571
-67.2561
-67.255
-67.2539
-67.2527
-67.2515
-67.2501
-67.2487
-67.2472
-67.2457
-67.2441
-67.2424
-67.2406
-67.2388
-67.2369
-67.235
-67.2329
-67.2308
-67.2287
-67.2265
-67.2242
-67.2219
-67.2195
-67.217
-67.2145
-67.2119
-67.2092
-67.2065
-67.2037
-67.2009
-67.198
-67.1951
-67.1921
-67.189
-67.1859
-67.1827
-67.1795
-67.1762
-67.1729
-67.1695
-67.1661
-67.1626
-67.159
-67.1554
-67.1518
-67.1481
-67.1443
-67.1405
-67.1367
-67.1328
-67.1288
-67.1249
-67.1208
-67.1167
-67.1126
-67.1084
-67.1042
-67.0999
-67.0956
-67.0912
-67.0868
-66.9439
-66.7112
-66.4129
-66.0638
-65.6748
-65.2542
-64.8083
-64.3426
-63.8612
-63.3675
-62.8644
-62.3544
-61.8392
-61.3205
-60.7996
-60.2778
-59.7558
-59.2345
-58.7145
-58.1963
-57.6804
-57.167
-56.6565
-56.1488
-55.6442
-55.1426
-54.644
-54.1481
-53.6548
-53.1639
-52.6749
-52.1874
-51.701
-51.215
-50.7287
-50.2415
-49.7525
-49.2607
-48.7652
-48.2646
-47.7577
-47.2432
-46.7194
-46.1846
-45.6369
-45.0741
-44.4939
-43.8936
-43.2703
-42.6208
-41.9414
-41.2281
-40.4762
-39.6807
-38.8356
-37.9347
-36.9704
-35.9345
-34.8177
-33.6094
-32.298
-30.8704
-29.312
-27.607
-25.7384
-23.6884
-21.4389
-18.9725
-16.2744
-13.334
-10.1481
-6.7243
-3.08471
0.730538
4.66112
8.62692
12.5318
16.271
19.742
22.856
25.5485
27.7851
29.5629
30.9055
31.856
32.4673
32.7947
32.8904
32.7996
32.56
32.2015
31.7475
31.2157
30.6196
29.9695
29.2733
28.5373
27.7665
26.9649
26.136
25.2828
24.408
23.5137
22.6024
21.6757
20.7357
19.784
18.822
17.8514
16.8735
15.8894
14.9005
13.9078
12.9124
11.9152
10.917
9.91877
8.92117
7.92491
6.93063
5.93889
4.95024
3.96513
2.98401
2.00726
1.03523
0.068209
-0.893518
-1.84972
-2.80019
-3.74476
-4.68328
-5.61563
-6.54171
-7.46144
-8.37477
-9.28167
-10.1821
-11.0761
-11.9637
-12.8449
-13.7198
-14.5884
-15.4508
-16.3071
-17.1574
-18.0019
-18.8407
-19.6739
-20.5018
-21.3244
-22.1421
-22.9551
-23.7637
-24.568
-25.3685
-26.1655
-26.9594
-27.7504
-28.5392
-29.3261
-30.1116
-30.8964
-31.6809
-32.4658
-33.2518
-34.0395
-34.8298
-35.6233
-36.421
-37.2236
-38.0322
-38.8475
-39.6707
-40.5025
-41.3442
-42.1965
-43.0605
-43.9371
-44.8271
-45.7313
-46.6504
-47.5847
-48.5345
-49.4998
-50.4802
-51.4749
-52.4827
-53.5019
-54.5299
-55.5637
-56.5996
-57.6332
-58.6592
-59.6719
-60.6651
-61.6323
-62.5669
-63.4626
-64.3135
-65.1146
-65.8618
-66.5524
-67.1847
-67.7586
-68.2751
-68.7362
-69.1448
-69.5045
-69.8194
-70.0935
-70.3312
-70.5365
-70.7134
-70.8654
-70.996
-71.1081
-71.2042
-71.2867
-71.3577
-71.4188
-71.4715
-71.5172
-71.5569
-71.5915
-71.6218
-71.6484
-71.672
-71.693
-71.7118
-71.7287
-71.744
-71.7579
-71.7707
-71.7825
-71.7935
-71.8037
-71.8133
-71.8223
-71.8309
-71.8391
-71.8469
-71.8544
-71.8616
-71.8686
-71.8754
-71.8819
-71.8883
-71.8946
-71.9007
-71.9066
-71.9125
-71.9182
-71.9238
-71.9294
-71.9348
-71.9401
-71.9453
-71.9505
-71.9556
-71.9606
-71.9655
-71.9703
-71.9751
-71.9797
-71.9843
-71.9889
-71.9933
-71.9977
-72.002
-72.0062
-72.0103
-72.0144
-72.0184
-72.0223
-72.0261
-72.0299
-72.0336
-72.0372
-72.0407
-72.0441
-72.0475
-72.0508
-72.054
-72.0571
-72.0601
-72.063
-72.0659
-72.0687
-72.0714
-72.074
-72.0765
-72.0789
-72.0813
-72.0836
-72.0857
-72.0878
-72.0898
-72.0917
-72.0935
-72.0953
-72.0969
-72.0984
-72.0999
-72.1012
-72.1025
-72.1037
-72.1048
-72.1058
-72.1067
-72.1075
-72.1082
-72.1088
-72.1093
-72.1097
-72.1101
-72.1103
-72.1104
-72.1105
-72.1104
-72.1103
-72.11
-72.1097
-72.1092
-72.1087
-72.108
-72.1073
-72.1065
-72.1055
-72.1045
-72.1034
-72.1022
-72.1009
-72.0994
-72.0979
-72.0963
-72.0946
-72.0928
-72.0909
-72.0889
-72.0868
-72.0846
-72.0823
-72.0799
-72.0774
-72.0748
-72.0721
-72.0693
-72.0664
-72.0634
-72.0603
-72.0571
-72.0538
-72.0505
-72.047
-72.0434
-72.0397
-72.036
-72.0321
-72.0281
-72.0241
-72.0199
-72.0157
-72.0113
-72.0069
-72.0023
-71.9977
-71.993
-71.9882
-71.9832
-71.9782
-71.9731
-71.9679
-71.9626
-71.9572
-71.9517
-71.9461
-71.9405
-71.9347
-71.9289
-71.9229
-71.9169
-71.9107
-71.9045
-71.8982
-71.8918
-71.8853
-71.8787
-71.872
-71.8652
-71.8584
-71.8514
-71.8444
-71.8373
-71.8301
-71.8228
-71.8154
-71.8079
-71.8003
-71.7927
-71.785
-71.7772
-71.7692
-71.7613
-71.7532
-71.745
-71.7368
-71.7285
-71.7201
-71.7116
-71.703
-71.6943
-71.6856
-71.6768
-71.6679
-71.6589
-71.6499
-71.6407
-71.6315
-71.6222
-71.6128
-71.6034
-71.5938
-71.5842
-71.5746
-71.5648
-71.555
-71.5451
-71.5351
-71.525
-71.5149
-71.5047
-71.4944
-71.484
-71.4736
-71.4631
-71.4526
-71.4419
-71.4312
-71.4204
-71.4096
-71.3987
-71.3877
-71.3766
-71.3655
-71.3543
-71.3431
-71.3317
-71.3203
-71.3089
-71.2974
-71.2858
-71.2741
-71.2624
-71.2507
-71.2388
-71.2269
-71.215
-71.2029
-71.1909
-71.1787
-71.1665
-71.1543
-71.1419
-71.1296
-71.1171
-71.1046
-71.0921
-71.0795
-71.0668
-71.0541
-71.0413
-71.0285
-71.0156
-71.0027
-70.9897
-70.9766
-70.9636
-70.9504
-70.9372
-70.924
-70.9107
-70.8973
-70.8839
-70.8705
-70.857
-70.8435
-70.8299
-70.8163
-70.8026
-70.7888
-70.7751
-70.7613
-70.7474
-70.7335
-70.7196
-70.7056
-70.6915
-70.6775
-70.6634
-70.6492
-70.635
-70.6208
-70.6065
-70.5922
-70.5778
-70.5634
-70.549
-70.5345
-70.52
-70.5055
-70.4909
-70.4763
-70.4617
-70.447
-70.4323
-70.4175
-70.4028
-70.388
-70.3731
-70.3582
-70.3433
-70.3284
-70.3134
-70.2984
-70.2834
-70.2684
-70.2533
-70.2382
-70.223
-70.2079
-70.1927
-70.1775
-70.1622
-70.147
-70.1317
-70.1164
-70.101
-70.0857
-70.0703
-70.0549
-70.0394
-70.024
-70.0085
-69.993
-69.9775
-69.962
-69.9464
-69.9309
-69.9153
-69.8997
-69.884
-69.8684
-69.8527
-69.8371
-69.8214
-69.8057
-69.7899
-69.7742
-69.7584
-69.7427
-69.7269
-69.7111
-69.6953
-69.6795
-69.6637
-69.6478
-69.632
-69.6161
-69.6002
-69.5843
-69.5685
-69.5526
-69.5366
-69.5207
-69.5048
-69.4889
-69.4729
-69.457
-69.441
-69.4251
-69.4091
-69.3931
-69.3771
-69.3612
-69.3452
-69.3292
-69.3132
-69.2972
-69.2812
-69.2652
-69.2492
-69.2332
-69.2172
-69.2012
-69.1852
-69.1692
-69.1532
-69.1371
-69.1211
-69.1051
-69.0891
-69.0731
-69.0571
-69.0411
-69.0251
-69.0091
-68.9931
-68.9771
-68.9612
-68.9452
-68.9292
-68.9132
-68.8973
-68.8813
-68.8654
-68.8494
-68.8335
-68.8176
-68.8016
-68.7857
-68.7698
-68.7539
-68.738
-68.7221
-68.7062
-68.6904
-68.6745
-68.6587
-68.6428
-68.627
-68.6112
-68.5954
-68.5796
-68.5638
-68.548
-68.5323
-68.5165
-68.5008
-68.485
-68.4693
-68.4536
-68.438
-68.4223
-68.4066
-68.391
-68.3754
-68.3598
-68.3442
-68.3286
-68.313
-68.2975
-68.2819
-68.2664
-68.2509
-68.2354
-68.2199
-68.2045
-68.1891
-68.1736
-68.1582
-68.1429
-68.1275
-68.1121
-68.0968
-68.0815
-68.0662
-68.051
-68.0357
-68.0205
-68.0053
-67.9901
-67.9749
-67.9598
-67.9446
-67.9295
-67.9145
-67.8994
-67.8844
-67.8693
-67.8543
-67.8394
-67.8244
-67.8095
-67.7946
-67.7797
-67.7648
-67.75
-67.7352
-67.7204
-67.7056
-67.6909
-67.6762
-67.6615
-67.6468
-67.6321
-67.6175
-67.6029
-67.5884
-67.5738
-67.5593
-67.5448
-67.5303
-67.5159
-67.5015
-67.4871
-67.4727
-67.4584
-67.4441
-67.4298
-67.4156
-67.4013
-67.3871
-67.373
-67.3588
-67.3447
-67.3306
-67.3166
-67.3025
-67.2885
-67.2746
-67.2606
-67.2467
-67.2328
-67.2189
-67.2051
-67.1913
-67.1775
-67.1638
-67.1501
-67.1364
-67.1228
-67.1091
-67.0955
-67.082
-67.0685
-67.055
-67.0415
-67.028
-67.0146
-67.0013
-66.9879
-66.9746
-66.9613
-66.9481
-66.9349
-66.9217
-66.9085
-66.8954
-66.8823
-66.8693
-66.8563
-66.8433
-66.8303
-66.8174
-66.8045
-66.7916
-66.7788
-66.766
-66.7533
-66.7405
-66.7278
-66.7152
-66.7025
-66.6899
-66.6774
-66.6648
-66.6523
-66.6399
-66.6275
-66.6151
-66.6027
-66.5904
-66.5781
-66.5658
-66.5536
-66.5414
-66.5293
-66.5172
-66.5051
-66.4931
-66.4811
-66.4691
-66.4572
-66.4453
-66.4334
-66.4216
-66.4098
-66.398
-66.3863
-66.3746
-66.363
-66.3514
-66.3398
-66.3282
-66.3167
-66.3053
-66.2938
-66.2824
-66.2711
-66.2597
-66.2485
-66.2372
-66.226
-66.2148
-66.2037
-66.1926
-66.1815
-66.1705
-66.1595
-66.1485
-66.1376
-66.1267
-66.1159
-66.1051
-66.0943
-66.0836
-66.0729
-66.0622
-66.0516
-66.041
-66.0305
-66.02
-66.0095
-65.9991
-65.9887
-65.9784
-65.9681
-65.9578
-65.9476
-65.9374
-65.9272
-65.9171
-65.907
-65.897
-65.887
-65.877
-65.8671
-65.8572
-65.8474
-65.8376
-65.8278
-65.8181
-65.8084
-65.7988
-65.7891
-65.7796
-65.77
-65.7605
-65.7511
-65.7417
-65.7323
-65.723
-65.7137
-65.7044
-65.6952
-65.686
-65.6769
-65.6677
-65.6587
-65.6497
-65.6407
-65.6317
-65.6228
-65.614
-65.6052
-65.5964
-65.5876
-65.5789
-65.5703
-65.5617
-65.5531
-65.5446
-65.5361
-65.5276
-65.5192
-65.5108
-65.5025
-65.4942
-65.486
-65.4778
-65.4696
-65.4615
-65.4534
-65.4453
-65.4373
-65.4294
-65.4215
-65.4136
-65.4057
-65.3979
-65.3902
-65.3825
-65.3748
-65.3671
-65.3595
-65.352
-65.3445
-65.337
-65.3296
-65.3222
-65.3148
-65.3075
-65.3002
-65.293
-65.2858
-65.2786
-65.2715
-65.2645
-65.2574
-65.2504
-65.2435
-65.2366
-65.2297
-65.2229
-65.2161
-65.2094
-65.2027
-65.196
-65.1894
-65.1828
-65.1763
-65.1698
-65.1633
-65.1569
-65.1505
-65.1442
-65.1379
-65.1317
-65.1255
-65.1193
-64.9782
-64.7495
-64.4561
-64.1127
-63.7295
-63.3145
-62.874
-62.4131
-61.9359
-61.4455
-60.9449
-60.4361
-59.9211
-59.4013
-58.8778
-58.3518
-57.824
-57.2949
-56.7652
-56.235
-55.7046
-55.1741
-54.6435
-54.1126
-53.5813
-53.049
-52.5155
-51.9801
-51.4422
-50.9008
-50.3551
-49.804
-49.2462
-48.6803
-48.1046
-47.5173
-46.9164
-46.2996
-45.6641
-45.0072
-44.3253
-43.6148
-42.8714
-42.0902
-41.2657
-40.3916
-39.4608
-38.4652
-37.3953
-36.2406
-34.9889
-33.6262
-32.1369
-30.5031
-28.705
-26.7208
-24.5267
-22.0982
-19.4107
-16.4419
-13.1748
-9.60188
-5.73068
-1.58976
2.76579
7.25146
11.7552
16.1454
20.2851
24.0489
27.34
30.1009
32.3171
34.0126
35.2391
36.0638
36.5581
36.7883
36.8119
36.6753
36.4141
36.0554
35.6186
35.1181
34.5642
33.9646
33.3249
32.6497
31.9425
31.2061
30.4433
29.6561
28.8466
28.0167
27.1681
26.3025
25.4212
24.5259
23.6179
22.6985
21.769
20.8306
19.8843
18.9313
17.9726
17.0092
16.0419
15.0716
14.0991
13.1252
12.1506
11.1759
10.2017
9.22858
8.25708
7.28766
6.32077
5.3568
4.39613
3.43908
2.48595
1.53702
0.592511
-0.347355
-1.2824
-2.21245
-3.13739
-4.05708
-4.97143
-5.88037
-6.78385
-7.68181
-8.57425
-9.46114
-10.3425
-11.2183
-12.0887
-12.9536
-13.8132
-14.6674
-15.5165
-16.3604
-17.1994
-18.0335
-18.8629
-19.6878
-20.5083
-21.3247
-22.1372
-22.946
-23.7515
-24.5539
-25.3535
-26.1508
-26.9461
-27.7398
-28.5325
-29.3246
-30.1167
-30.9094
-31.7033
-32.4992
-33.2977
-34.0996
-34.9059
-35.7173
-36.5349
-37.3595
-38.1923
-39.0342
-39.8864
-40.75
-41.626
-42.5155
-43.4197
-44.3394
-45.2756
-46.229
-47.2001
-48.1892
-49.1964
-50.2211
-51.2625
-52.3191
-53.3886
-54.4683
-55.5545
-56.6426
-57.7272
-58.8021
-59.8606
-60.8954
-61.8988
-62.8635
-63.7825
-64.6494
-65.4593
-66.2083
-66.8941
-67.5161
-68.0751
-68.5729
-69.0129
-69.3989
-69.7353
-70.0268
-70.2784
-70.4945
-70.6797
-70.8379
-70.973
-71.0882
-71.1864
-71.2702
-71.3419
-71.4032
-71.4559
-71.5012
-71.5404
-71.5744
-71.604
-71.63
-71.6529
-71.6733
-71.6914
-71.7077
-71.7224
-71.7358
-71.7481
-71.7595
-71.77
-71.7798
-71.7891
-71.7978
-71.8061
-71.8141
-71.8217
-71.829
-71.8361
-71.8429
-71.8496
-71.856
-71.8624
-71.8685
-71.8746
-71.8805
-71.8863
-71.8921
-71.8977
-71.9032
-71.9087
-71.914
-71.9193
-71.9246
-71.9297
-71.9348
-71.9398
-71.9447
-71.9495
-71.9543
-71.959
-71.9637
-71.9683
-71.9728
-71.9772
-71.9816
-71.9859
-71.9901
-71.9943
-71.9984
-72.0024
-72.0063
-72.0102
-72.014
-72.0177
-72.0213
-72.0249
-72.0284
-72.0318
-72.0351
-72.0384
-72.0416
-72.0447
-72.0477
-72.0506
-72.0535
-72.0562
-72.0589
-72.0615
-72.064
-72.0665
-72.0688
-72.0711
-72.0733
-72.0754
-72.0774
-72.0793
-72.0811
-72.0829
-72.0845
-72.0861
-72.0875
-72.0889
-72.0902
-72.0914
-72.0925
-72.0935
-72.0945
-72.0953
-72.096
-72.0967
-72.0972
-72.0977
-72.0981
-72.0983
-72.0985
-72.0986
-72.0986
-72.0985
-72.0983
-72.098
-72.0976
-72.0971
-72.0965
-72.0958
-72.095
-72.0941
-72.0932
-72.0921
-72.0909
-72.0896
-72.0883
-72.0868
-72.0853
-72.0836
-72.0819
-72.08
-72.0781
-72.076
-72.0739
-72.0716
-72.0693
-72.0669
-72.0643
-72.0617
-72.059
-72.0562
-72.0532
-72.0502
-72.0471
-72.0439
-72.0406
-72.0372
-72.0337
-72.0301
-72.0264
-72.0226
-72.0187
-72.0147
-72.0106
-72.0065
-72.0022
-71.9978
-71.9934
-71.9888
-71.9842
-71.9794
-71.9746
-71.9696
-71.9646
-71.9595
-71.9543
-71.949
-71.9436
-71.9381
-71.9325
-71.9268
-71.921
-71.9151
-71.9092
-71.9031
-71.897
-71.8908
-71.8844
-71.878
-71.8715
-71.8649
-71.8583
-71.8515
-71.8446
-71.8377
-71.6855
-71.442
-71.1336
-70.7767
-70.383
-69.9613
-69.5184
-69.0599
-68.5901
-68.1125
-67.6299
-67.1447
-66.6587
-66.1737
-65.6908
-65.2113
-64.7359
-64.2655
-63.8007
-63.342
-62.89
-62.4448
-62.007
-61.5766
-61.154
-60.7392
-60.3323
-59.9335
-59.5427
-59.16
-58.7853
-58.4187
-58.06
-57.7092
-57.3661
-57.0306
-56.7027
-56.3822
-56.0688
-55.7625
-55.463
-55.1702
-54.8838
-54.6037
-54.3296
-54.0614
-53.7988
-53.5415
-53.2894
-53.0423
-52.7998
-52.5618
-52.3279
-52.0981
-51.8719
-51.6493
-51.4299
-51.2134
-50.9998
-50.7887
-50.5798
-50.3729
-50.1679
-49.9643
-49.7621
-49.5608
-49.3604
-49.1604
-48.9607
-48.761
-48.5611
-48.3605
-48.1592
-47.9567
-47.7529
-47.5473
-47.3396
-47.1296
-46.9169
-46.7012
-46.482
-46.2589
-46.0317
-45.7997
-45.5626
-45.3198
-45.0709
-44.8152
-44.5522
-44.2813
-44.0017
-43.7127
-43.4136
-43.1033
-42.7811
-42.4459
-42.0967
-41.7321
-41.351
-40.952
-40.5335
-40.0938
-39.6311
-39.1435
-38.6288
-38.0846
-37.5084
-36.8973
-36.2483
-35.5581
-34.823
-34.0392
-33.2025
-32.3083
-31.352
-30.3283
-29.232
-28.0577
-26.7998
-25.4528
-24.0114
-22.4708
-20.827
-19.077
-17.2196
-15.2554
-13.1878
-11.0235
-8.77283
-6.45071
-4.07658
-1.67469
0.726099
3.09307
5.39068
7.58212
9.63138
11.5054
13.1766
14.6243
15.8365
16.8097
17.5486
18.065
18.3752
18.4989
18.457
18.2702
17.9582
17.5389
17.0282
16.4398
15.7857
15.0759
14.3189
13.5221
12.6916
11.8325
10.9495
10.0464
9.12643
8.19264
7.24757
6.29347
5.33232
4.3659
3.39576
2.42331
1.44977
0.476261
-0.496257
-1.46691
-2.43494
-3.39967
-4.36051
-5.31693
-6.26849
-7.2148
-8.15552
-9.09036
-10.0191
-10.9415
-11.8575
-12.767
-13.6697
-14.5658
-15.4551
-16.3377
-17.2137
-18.0829
-18.9457
-19.8019
-20.6519
-21.4956
-22.3334
-23.1654
-23.9918
-24.8129
-25.629
-26.4403
-27.2472
-28.0502
-28.8495
-29.6456
-30.439
-31.2302
-32.0197
-32.808
-33.5958
-34.3838
-35.1725
-35.9628
-36.7553
-37.5508
-38.3501
-39.1541
-39.9636
-40.7795
-41.6026
-42.4337
-43.2739
-44.1238
-44.9842
-45.8559
-46.7395
-47.6355
-48.5442
-49.4658
-50.4004
-51.3474
-52.3064
-53.2763
-54.2557
-55.2426
-56.1351
-56.9723
-57.7697
-58.5335
-59.2661
-59.9673
-60.6357
-61.2691
-61.8647
-62.4201
-62.9326
-63.4003
-63.8215
-64.1956
-64.5223
-64.8023
-65.0369
-65.2282
-65.3787
-65.4914
-65.5695
-65.6164
-65.6354
-65.63
-65.6033
-65.5584
-65.498
-65.4247
-65.3407
-65.2481
-65.1486
-65.0438
-64.9349
-64.8232
-64.7095
-64.5948
-64.4796
-64.3647
-64.2504
-64.1372
-64.0254
-63.9152
-63.8069
-63.7007
-63.5966
-63.4949
-63.3955
-63.2985
-63.204
-63.112
-63.0225
-62.9355
-62.851
-62.769
-62.6895
-62.6123
-62.5376
-62.4653
-62.3952
-62.3275
-62.2621
-62.1989
-62.1378
-62.079
-62.0222
-61.9675
-61.9148
-61.8641
-61.8153
-61.7685
-61.6115
-61.3944
-61.1407
-60.8641
-60.5735
-60.2749
-59.9726
-59.6699
-59.369
-59.0716
-58.7787
-58.4914
-58.2102
-57.9356
-57.6679
-57.4072
-57.1537
-56.9074
-56.6683
-56.4364
-56.2116
-55.9938
-55.783
-55.5789
-55.3815
-55.1905
-55.006
-54.8277
-54.6554
-54.4891
-54.3285
-54.1736
-54.0241
-53.8799
-53.741
-53.6071
-53.4781
-53.3538
-53.2343
-53.1192
-53.0085
-52.9022
-52.7999
-52.7018
-52.6076
-52.5172
-52.4306
-52.3477
-52.2683
-52.1923
-52.027
-51.8145
-51.5742
-51.3174
-51.051
-50.7797
-50.5071
-50.2354
-49.9662
-49.7009
-49.4402
-49.1847
-48.9348
-48.6907
-48.4527
-48.2207
-47.9948
-47.775
-47.5612
-47.3533
-47.1513
-46.955
-46.7643
-46.579
-46.3991
-46.2244
-46.0548
-45.8901
-45.7302
-45.575
-45.4243
-45.2781
-45.1361
-44.9984
-44.8647
-44.735
-44.6092
-44.4872
-44.3688
-44.254
-44.1428
-44.0349
-43.9305
-43.8293
-43.7314
-43.6366
-43.5449
-43.4563
-43.3707
-43.288
-43.2083
-43.1314
-43.0574
-42.9861
-42.9177
-42.852
-42.789
-42.7286
-42.671
-42.616
-42.5637
-42.514
-42.4669
-42.4224
-42.3804
-42.3411
-42.3043
-42.2701
-42.2385
-42.2094
-42.1828
-42.1589
-42.1374
-42.1186
-42.1022
-42.0885
-42.0773
-42.0687
-42.0626
-42.0591
-42.0582
-42.0599
-42.0642
-42.0711
-42.0806
-42.0927
-42.1074
-42.1247
-42.1447
-42.1673
-42.1926
-42.2205
-42.251
-42.2843
-42.3202
-42.3588
-42.4001
-42.4441
-42.4908
-42.5402
-42.5924
-42.6472
-42.7048
-42.7651
-42.8282
-42.894
-42.9625
-43.0337
-43.1077
-43.1844
-43.2639
-43.3461
-43.431
-43.5186
-43.609
-43.702
-43.7978
-43.8962
-43.9973
-44.1011
-44.2076
-44.3166
-44.4283
-44.5426
-44.6594
-44.7788
-44.9007
-45.025
-45.1519
-45.2811
-45.4128
-45.5467
-45.683
-45.8216
-45.9623
-46.1053
-46.2503
-46.3974
-46.5465
-46.6975
-46.8504
-47.0051
-47.1616
-47.3197
-47.4794
-47.6406
-47.8033
-47.9673
-48.1326
-48.299
-48.4666
-48.6352
-48.8046
-48.9749
-49.1459
-49.3175
-49.4897
-49.6622
-49.8351
-50.0082
-50.1815
-50.3547
-50.5279
-50.7009
-50.8736
-51.046
-51.2179
-51.3892
-51.5599
-51.7298
-51.8989
-52.0671
-52.2343
-52.4004
-52.5654
-52.7292
-52.8916
-53.0528
-53.2125
-53.3707
-53.5275
-53.6826
-53.8362
-53.9881
-54.1383
-54.2868
-54.4336
-54.5786
-54.7218
-54.8632
-55.0027
-55.1405
-55.2764
-55.4104
-55.5426
-55.673
-55.8015
-55.9282
-56.0531
-56.1762
-56.2975
-56.4171
-56.5349
-56.6509
-56.7653
-56.8779
-56.9889
-57.0983
-57.206
-57.3121
-57.4167
-57.5198
-57.6213
-57.7214
-57.82
-57.9172
-58.013
-58.1075
-58.2006
-58.2925
-58.383
-58.4723
-58.5604
-58.6473
-58.733
-58.8176
-58.9011
-58.9835
-59.0648
-59.1451
-59.2244
-59.3027
-59.38
-59.4564
-59.5319
-59.6065
-59.6802
-59.753
-59.8251
-59.8963
-59.9667
-60.0363
-60.1051
-60.1733
-60.2406
-60.3073
-60.3733
-60.4386
-60.5033
-60.5672
-60.6306
-60.5761
-60.4505
-60.2763
-60.0671
-59.8321
-59.5781
-59.3103
-59.0325
-58.7478
-58.4586
-58.1667
-57.8738
-57.5809
-57.289
-56.999
-56.7114
-56.4268
-56.1456
-55.8682
-55.5949
-55.3258
-55.0612
-54.8012
-54.546
-54.2956
-54.05
-53.8094
-53.5737
-53.3429
-53.1171
-52.8962
-52.6801
-52.4688
-52.2622
-52.0603
-51.863
-51.6703
-51.4819
-51.2018
-50.8707
-50.5082
-50.1255
-49.7302
-49.3275
-48.9213
-48.5142
-48.1083
-47.7049
-47.305
-46.9093
-46.518
-46.0473
-45.5352
-44.9998
-44.4512
-43.8961
-43.3389
-42.7823
-42.2282
-41.6779
-41.1319
-40.5904
-40.0534
-39.5204
-38.9911
-38.4648
-37.9408
-37.4184
-36.8967
-36.375
-35.8522
-35.3275
-34.7999
-34.2686
-33.7324
-33.1904
-32.6416
-32.085
-31.5195
-30.9442
-30.3579
-29.7596
-29.1481
-28.5223
-27.8812
-27.2235
-26.5481
-25.8538
-25.1393
-24.4034
-23.645
-22.8626
-22.0552
-21.2215
-20.3603
-19.4705
-18.5514
-17.6021
-16.6222

