-65
-64.9994
-64.9988
-64.9982
-64.9977
-64.9971
-64.9965
-64.996
-64.9954
-64.9949
-64.9943
-64.9938
-64.9932
-64.9927
-64.9922
-64.9917
-64.9912
-64.9906
-64.9901
-64.9896
-64.9891
-64.9886
-64.9881
-64.9876
-64.9872
-64.9867
-64.9862
-64.9857
-64.9852
-64.9848
-64.9843
-64.9838
-64.9834
-64.9829
-64.9825
-64.982
-64.9816
-64.9811
-64.9807
-64.9802
-64.9798
-64.9794
-64.9789
-64.9785
-64.9781
-64.9777
-64.9772
-64.9768
-64.9764
-64.976
-64.9756
-64.9752
-64.9748
-64.9744
-64.974
-64.9736
-64.9732
-64.9728
-64.9725
-64.9721
-64.9717
-64.9713
-64.971
-64.9706
-64.9702
-64.9699
-64.9695
-64.9692
-64.9688
-64.9685
-64.9681
-64.9678
-64.9675
-64.9671
-64.9668
-64.9665
-64.9661
-64.9658
-64.9655
-64.9652
-64.9649
-64.9646
-64.9642
-64.9639
-64.9636
-64.9633
-64.963
-64.9628
-64.9625
-64.9622
-64.9619
-64.9616
-64.9613
-64.9611
-64.9608
-64.9605
-64.9603
-64.96
-64.9598
-64.9595
-64.9592
-64.959
-64.9588
-64.9585
-64.9583
-64.958
-64.9578
-64.9576
-64.9573
-64.9571
-64.9569
-64.9567
-64.9565
-64.9562
-64.956
-64.9558
-64.9556
-64.9554
-64.9552
-64.955
-64.9548
-64.9546
-64.9545
-64.9543
-64.9541
-64.9539
-64.9537
-64.9536
-64.9534
-64.9532
-64.9531
-64.9529
-64.9527
-64.9526
-64.9524
-64.9523
-64.9521
-64.952
-64.9519
-64.9517
-64.9516
-64.9514
-64.9513
-64.9512
-64.9511
-64.9509
-64.9508
-64.9507
-64.9506
-64.9505
-64.9504
-64.9503
-64.9502
-64.95
-64.9499
-64.9499
-64.9498
-64.9497
-64.9496
-64.9495
-64.9494
-64.9493
-64.9492
-64.9492
-64.9491
-64.949
-64.9489
-64.9489
-64.9488
-64.9487
-64.9487
-64.9486
-64.9486
-64.9485
-64.9485
-64.9484
-64.9484
-64.9483
-64.9483
-64.9482
-64.9482
-64.9482
-64.9481
-64.9481
-64.9481
-64.948
-64.948
-64.948
-64.948
-64.948
-64.9479
-64.9479
-64.9479
-64.9479
-64.9479
-64.9479
-64.9479
-64.9479
-64.9479
-64.9479
-64.9479
-64.9479
-64.9479
-64.9479
-64.9479
-64.9479
-64.9479
-64.9479
-64.948
-64.948
-64.948
-64.948
-64.9481
-64.9481
-64.9481
-64.9481
-64.9482
-64.9482
-64.9482
-64.9483
-64.9483
-64.9483
-64.9484
-64.9484
-64.9485
-64.9485
-64.9486
-64.9486
-64.9487
-64.9487
-64.9488
-64.9488
-64.9489
-64.9489
-64.949
-64.9491
-64.9491
-64.9492
-64.9492
-64.9493
-64.9494
-64.9494
-64.9495
-64.9496
-64.9497
-64.9497
-64.9498
-64.9499
-64.95
-64.95
-64.9501
-64.9502
-64.9503
-64.9504
-64.9504
-64.9505
-64.9506
-64.9507
-64.9508
-64.9509
-64.951
-64.951
-64.9511
-64.9512
-64.9513
-64.9514
-64.9515
-64.9516
-64.9517
-64.9518
-64.9519
-64.952
-64.9521
-64.9522
-64.9523
-64.9524
-64.9525
-64.9526
-64.9527
-64.9528
-64.9529
-64.953
-64.9532
-64.9533
-64.9534
-64.9535
-64.9536
-64.9537
-64.9538
-64.9539
-64.954
-64.9542
-64.9543
-64.9544
-64.9545
-64.9546
-64.9547
-64.9548
-64.955
-64.9551
-64.9552
-64.9553
-64.9554
-64.9556
-64.9557
-64.9558
-64.9559
-64.956
-64.9562
-64.9563
-64.9564
-64.9565
-64.9566
-64.9568
-64.9569
-64.957
-64.9571
-64.9573
-64.9574
-64.9575
-64.9576
-64.9578
-64.9579
-64.958
-64.9581
-64.9583
-64.9584
-64.9585
-64.9587
-64.9588
-64.9589
-64.959
-64.9592
-64.9593
-64.9594
-64.9595
-64.9597
-64.9598
-64.9599
-64.96
-64.9602
-64.9603
-64.9604
-64.9606
-64.9607
-64.9608
-64.9609
-64.9611
-64.9612
-64.9613
-64.9614
-64.9616
-64.9617
-64.9618
-64.962
-64.9621
-64.9622
-64.9623
-64.9625
-64.9626
-64.9627
-64.9628
-64.963
-64.9631
-64.9632
-64.9633
-64.9635
-64.9636
-64.9637
-64.9638
-64.964
-64.9641
-64.9642
-64.9643
-64.9645
-64.9646
-64.9647
-64.9648
-64.9649
-64.9651
-64.9652
-64.9653
-64.9654
-64.9655
-64.9657
-64.9658
-64.9659
-64.966
-64.9661
-64.9663
-64.9664
-64.9665
-64.9666
-64.9667
-64.9668
-64.967
-64.9671
-64.9672
-64.9673
-64.9674
-64.9675
-64.9677
-64.9678
-64.9679
-64.968
-64.9681
-64.9682
-64.9683
-64.9684
-64.9685
-64.9687
-64.9688
-64.9689
-64.969
-64.9691
-64.9692
-64.9693
-64.9694
-64.8349
-64.6128
-64.3263
-63.9898
-63.6136
-63.2056
-62.7721
-62.3181
-61.8478
-61.3643
-60.8705
-60.3686
-59.8602
-59.3471
-58.8302
-58.3107
-57.7893
-57.2667
-56.7433
-56.2194
-55.6952
-55.1709
-54.6463
-54.1215
-53.5962
-53.0699
-52.5424
-52.0129
-51.4809
-50.9456
-50.4059
-49.8609
-49.3093
-48.7496
-48.1804
-47.5998
-47.0059
-46.3962
-45.7684
-45.1195
-44.4462
-43.7449
-43.0114
-42.241
-41.4284
-40.5674
-39.6511
-38.6717
-37.6199
-36.4857
-35.257
-33.9205
-32.4609
-30.8611
-29.1016
-27.1612
-25.0169
-22.6444
-20.0193
-17.1192
-13.9261
-10.4305
-6.63657
-2.5683
1.72541
6.16706
10.6515
15.0524
19.2353
23.0734
26.4643
29.3424
31.6831
33.5009
34.8403
35.7638
36.3409
36.6385
36.7158
36.6214
36.3936
36.0614
35.6461
35.1633
34.6245
34.038
33.41
32.7454
32.0478
31.3205
30.5661
29.7869
28.985
28.1622
27.3204
26.4613
25.5863
24.6969
23.7945
22.8805
21.9561
21.0225
20.0809
19.1324
18.1778
17.2183
16.2548
15.288
14.3189
13.3481
12.3763
11.4043
10.4326
9.46187
8.49253
7.52509
6.56001
5.59769
4.6385
3.68278
2.73083
1.78292
0.839312
-0.0997953
-1.03421
-1.96375
-2.8883
-3.80772
-4.72193
-5.63083
-6.53437
-7.43249
-8.32518
-9.21242
-10.0942
-10.9706
-11.8415
-12.7071
-13.5674
-14.4225
-15.2724
-16.1173
-16.9573
-17.7925
-18.623
-19.4491
-20.2708
-21.0884
-21.9022
-22.7123
-23.5191
-24.3228
-25.1238
-25.9224
-26.6763
-27.4058
-28.1198
-28.823
-29.5181
-30.2072
-30.8915
-31.5721
-32.25
-32.9259
-33.6007
-34.2752
-34.95
-35.6259
-36.3037
-36.9842
-37.6681
-38.3562
-39.0493
-39.7481
-40.4534
-41.1659
-41.8862
-42.6149
-43.3524
-44.0991
-44.8553
-45.6208
-46.3956
-47.1789
-47.9701
-48.7679
-49.5705
-50.3759
-51.1815
-51.9841
-52.7801
-53.5655
-54.336
-55.0868
-55.8133
-56.5108
-57.1752
-57.8024
-58.3894
-58.9335
-59.4334
-59.8882
-60.2982
-60.6643
-60.9881
-61.1674
-61.2545
-61.2752
-61.245
-61.175
-61.0737
-60.9476
-60.8022
-60.6418
-60.47
-60.2898
-60.1038
-59.914
-59.7221
-59.5295
-59.3374
-59.1466
-58.958
-58.7721
-58.5894
-58.4103
-58.2352
-58.0641
-57.8973
-57.7349
-57.577
-57.4235
-57.2746
-57.1301
-56.9902
-56.8547
-56.7235
-56.5967
-56.4741
-56.3557
-56.2414
-56.1311
-56.0248
-55.9223
-55.8236
-55.7285
-55.6371
-55.5492
-55.4648
-55.3837
-55.3059
-55.2313
-55.1599
-55.0915
-55.0261
-54.9636
-54.9039
-54.8471
-54.7929
-54.7414
-54.6925
-54.6462
-54.6023
-54.5608
-54.5217
-54.4848
-54.4503
-54.4179
-54.3877
-54.3596
-54.3336
-54.3096
-54.2875
-54.2674
-54.2492
-54.2328
-54.2182
-54.2054
-54.1943
-54.1849
-54.1771
-54.171
-54.1665
-54.1635
-54.162
-54.162
-54.1635
-54.1664
-54.1707
-54.1764
-54.1834
-54.1918
-54.2014
-54.2123
-54.2244
-54.2377
-54.2522
-54.2679
-54.2847
-54.3026
-54.3216
-54.3416
-54.3628
-54.3849
-54.408
-54.4321
-54.4572
-54.4832
-54.5101
-54.538
-54.5667
-54.5962
-54.6266
-54.6579
-54.6899
-54.7227
-54.7563
-54.7906
-54.8257
-54.8615
-54.898
-54.9352
-54.973
-55.0115
-55.0507
-55.0904
-55.1308
-55.1717
-55.2133
-55.2553
-55.298
-55.3411
-55.3848
-55.429
-55.4737
-55.5189
-55.5645
-55.6106
-55.6571
-55.704
-55.7514
-55.7991
-55.8473
-55.8958
-55.9447
-55.9939
-56.0435
-56.0934
-56.1436
-56.1941
-56.245
-56.2961
-56.3475
-56.3991
-56.451
-56.5032
-56.5556
-56.6082
-56.661
-56.714
-56.7673
-56.8207
-56.8743
-56.928
-56.9819
-57.036
-57.0902
-57.1446
-57.1991
-57.2537
-57.3084
-57.3632
-57.4181
-57.4731
-57.5282
-57.5833
-57.6385
-57.6938
-57.7491
-57.8045
-57.8599
-57.9154
-57.9708
-58.0263
-58.0818
-58.1373
-58.1929
-58.2484
-58.3039
-58.3594
-58.4148
-58.4703
-58.5257
-58.581
-58.6364
-58.6917
-58.7469
-58.8021
-58.8572
-58.9123
-58.9673
-59.0222
-59.077
-59.1318
-59.1864
-59.241
-59.2955
-59.3499
-59.4042
-59.4584
-59.5125
-59.5664
-59.6203
-59.674
-59.7277
-59.7811
-59.8345
-59.8877
-59.9408
-59.9938
-60.0466
-60.0993
-60.1519
-60.2043
-60.2565
-60.3086
-60.3606
-60.4124
-60.464
-60.5155
-60.5668
-60.6179
-60.6689
-60.7197
-60.7704
-60.8208
-60.8711
-60.9212
-60.9712
-61.0209
-61.0705
-61.1199
-61.1691
-61.2182
-61.267
-61.3157
-61.3641
-61.4124
-61.4605
-61.5084
-61.5561
-61.6036
-61.6509
-61.698
-61.7449
-61.7916
-61.8382
-61.8845
-61.9306
-61.9765
-62.0222
-62.0677
-62.113
-62.1581
-62.2029
-62.2476
-62.2921
-62.3363
-62.3804
-62.4242
-62.4678
-62.5112
-62.5544
-62.5974
-62.6402
-62.6828
-62.7251
-62.7673
-62.8092
-62.8509
-62.8924
-62.9337
-62.9747
-63.0156
-63.0562
-63.0966
-63.1368
-63.1768
-63.2166
-63.2561
-63.2955
-63.3346
-63.3735
-63.4122
-63.4506
-63.4889
-63.5269
-63.5648
-63.6024
-63.6397
-63.6769
-63.7138
-63.7506
-63.7871
-63.8234
-63.8595
-63.8953
-63.931
-63.9664
-64.0016
-64.0366
-64.0714
-64.106
-64.1403
-64.1745
-64.2084
-64.2421
-64.2756
-64.3089
-64.342
-64.3748
-64.4075
-64.4399
-64.4721
-64.5041
-64.5359
-64.5675
-64.5988
-64.63
-64.6609
-64.6917
-64.7222
-64.7525
-64.7826
-64.8125
-64.8422
-64.8717
-64.9009
-64.93
-64.9589
-64.9875
-65.016
-65.0442
-65.0722
-65.1001
-65.1277
-65.1551
-65.1823
-65.2093
-65.2362
-65.2628
-65.2892
-65.3154
-65.3414
-65.3672
-65.3928
-65.4182
-65.4434
-65.4684
-65.4933
-65.5179
-65.5423
-65.5665
-65.5906
-65.6144
-65.6381
-65.6615
-65.6848
-65.7078
-65.7307
-65.7534
-65.7759
-65.7982
-65.8203
-65.8422
-65.864
-65.8855
-65.9069
-65.7949
-65.5985
-65.3419
-65.0399
-64.703
-64.3392
-63.9547
-63.5544
-63.1423
-62.7214
-62.2944
-61.8634
-61.4301
-60.996
-60.5621
-60.1295
-59.6991
-59.2715
-58.8472
-58.4268
-58.0107
-57.5991
-57.1925
-56.7908
-56.3944
-56.0033
-55.6176
-55.2374
-54.8625
-54.3869
-53.8535
-53.2833
-52.6889
-52.079
-51.4596
-50.8354
-50.2095
-49.5843
-48.9613
-48.3416
-47.7256
-47.1136
-46.5054
-45.9006
-45.2985
-44.6984
-44.0992
-43.4997
-42.8987
-42.2947
-41.6862
-41.0713
-40.4482
-39.815
-39.1694
-38.5091
-37.8317
-37.1345
-36.4146
-35.669
-34.8944
-34.0873
-33.2439
-32.3603
-31.4322
-30.4551
-29.4242
-28.3345
-27.1809
-25.9579
-24.6604
-23.2828
-21.8202
-20.2678
-18.6217
-16.8788
-15.0378
-13.099
-11.0652
-8.94233
-6.73996
-4.47195
-2.1569
0.181379
2.51397
4.80717
7.02358
9.12393
11.0696
12.8258
14.3643
15.6665
16.724
17.5388
18.1217
18.4904
18.6664
18.673
18.5331
18.2684
17.8982
17.4392
16.9057
16.3098
15.6613
14.9686
14.2386
13.4771
12.689
11.8783
11.0486
10.2031
9.34429
8.4746
7.59608
6.71058
5.81972
4.92498
4.02765
3.12893
2.22986
1.33137
0.434328
-0.460524
-1.35251
-2.24103
-3.12555
-4.00561
-4.88077
-5.75069
-6.61505
-7.47356
-8.32601
-9.17218
-10.0119
-10.8451
-11.6716
-12.4913
-13.3043
-14.1103
-14.9095
-15.7019
-16.4874
-17.2661
-18.0381
-18.8034
-19.5621
-20.3143
-21.0601
-21.7998
-22.5333
-23.2609
-23.9828
-24.6992
-25.4102
-26.1161
-26.8172
-27.5138
-28.206
-28.8943
-29.5789
-30.2603
-30.9387
-31.6146
-32.2884
-32.9606
-33.6315
-34.3018
-34.9718
-35.6422
-36.3135
-36.9863
-37.6611
-38.3385
-39.0193
-39.704
-40.3932
-41.0876
-41.7877
-42.4943
-43.2079
-43.9289
-44.6579
-45.3953
-46.1412
-46.896
-47.6595
-48.4317
-49.2119
-49.9996
-50.7938
-51.5932
-52.3959
-53.1998
-54.0026
-54.801
-55.592
-56.3716
-57.1361
-57.8813
-58.6031
-59.2975
-59.9609
-60.5901
-61.1823
-61.7357
-62.2491
-62.7219
-63.1545
-63.5479
-63.9035
-64.2233
-64.5097
-64.7652
-64.9925
-65.1941
-65.3728
-65.5311
-65.6713
-65.7956
-65.906
-66.0042
-66.0919
-66.1705
-66.2412
-66.3051
-66.3632
-66.4163
-66.4651
-66.5102
-66.5521
-66.5913
-66.6282
-66.6631
-66.6963
-66.728
-66.7584
-66.7878
-66.8162
-66.8438
-66.8707
-66.8969
-66.9226
-66.9479
-66.9728
-66.9973
-67.0215
-67.0454
-67.069
-67.0924
-67.1157
-67.1387
-67.1616
-67.1843
-67.2069
-67.2294
-67.2517
-67.2739
-67.2961
-67.3181
-67.34
-67.3618
-67.3835
-67.4052
-67.4267
-67.4482
-67.4696
-67.4909
-67.5121
-67.5332
-67.5542
-67.5752
-67.596
-67.6168
-67.6375
-67.6581
-67.6787
-67.6991
-67.7194
-67.7397
-67.7599
-67.7799
-67.7999
-67.8198
-67.8396
-67.8593
-67.8789
-67.8984
-67.9178
-67.9372
-67.9564
-67.9755
-67.9945
-68.0134
-67.9022
-67.7142
-67.4753
-67.201
-66.9017
-66.5852
-66.2571
-65.9216
-65.5822
-65.2412
-64.9008
-64.5623
-64.227
-63.8959
-63.5697
-63.2489
-62.934
-62.6254
-62.3233
-62.0278
-61.7392
-61.4575
-61.1827
-60.9149
-60.6541
-60.4002
-60.1531
-59.9129
-59.6795
-59.4526
-59.2323
-59.0185
-58.8109
-58.6096
-58.4143
-58.225
-58.0416
-57.8638
-57.6916
-57.5249
-57.3635
-57.2073
-57.0562
-56.9101
-56.7688
-56.6322
-56.5002
-56.3727
-56.2496
-56.1308
-56.0161
-55.9055
-55.7989
-55.6961
-55.5971
-55.5018
-55.4101
-55.3219
-55.2371
-55.1557
-55.0775
-55.0025
-54.9306
-54.8618
-54.7959
-54.7329
-54.6728
-54.6154
-54.5608
-54.5088
-54.4594
-54.4126
-54.3682
-54.3263
-54.2868
-54.2497
-54.2149
-54.1823
-54.1519
-54.1237
-54.0976
-54.0737
-54.0517
-54.0318
-54.0139
-53.998
-53.9839
-53.9718
-53.9615
-53.953
-53.9463
-53.9413
-53.9381
-53.9366
-53.9368
-53.9386
-53.9421
-53.9471
-53.9538
-53.9619
-53.9716
-53.9828
-53.9955
-54.0096
-54.0252
-54.0421
-54.0605
-54.0802
-54.1013
-54.1237
-54.1474
-54.1723
-54.1985
-54.226
-54.2547
-54.2845
-54.3156
-54.3478
-54.3811
-54.4156
-54.4512
-54.4878
-54.5255
-54.5642
-54.6039
-54.6447
-54.6864
-54.7291
-54.7727
-54.8172
-54.8626
-54.9089
-54.9561
-55.0041
-55.0529
-55.1025
-55.1529
-55.2041
-55.256
-55.3086
-55.3619
-55.4159
-55.4706
-55.5259
-55.5818
-55.6384
-55.6955
-55.7532
-55.8115
-55.8703
-55.9295
-55.9893
-56.0496
-56.1103
-56.1715
-56.233
-56.295
-56.3574
-56.4201
-56.4831
-56.5465
-56.6102
-56.6742
-56.7385
-56.8031
-56.8679
-56.9329
-56.9981
-57.0635
-57.1292
-57.1949
-57.2609
-57.3269
-57.3931
-57.4594
-57.5258
-57.5922
-57.6588
-57.7254
-57.792
-57.8586
-57.9253
-57.9919
-58.0585
-58.1252
-58.1917
-58.2583
-58.3247
-58.3911
-58.4575
-58.5237
-58.5898
-58.6558
-58.7217
-58.7875
-58.8532
-58.9186
-58.984
-59.0492
-59.1142
-59.179
-59.2436
-59.3081
-59.3723
-59.4364
-59.5002
-59.5638
-59.6272
-59.6904
-59.7533
-59.816
-59.8784
-59.9406
-60.0025
-60.0642
-60.1256
-60.1867
-60.2476
-60.3082
-60.3685
-60.4285
-60.4882
-60.5477
-60.6068
-60.6657
-60.7243
-60.7825
-60.8405
-60.8982
-60.9555
-61.0126
-61.0693
-61.1257
-61.1818
-61.2376
-61.2931
-61.3483
-61.4031
-61.4577
-61.5119
-61.5658
-61.6193
-61.6726
-61.7255
-61.7781
-61.8304
-61.8823
-61.934
-61.9853
-62.0363
-62.0869
-62.1373
-62.1873
-62.237
-62.2863
-62.3354
-62.3841
-62.4325
-62.4806
-62.5284
-62.5758
-62.6229
-62.6697
-62.7162
-62.7624
-62.8082
-62.8537
-62.8989
-62.9438
-62.9884
-63.0327
-63.0767
-63.1203
-63.1637
-63.2067
-63.2494
-63.2918
-63.3339
-63.3757
-63.4172
-63.4584
-63.4993
-63.5399
-63.5802
-63.6201
-63.6598
-63.6992
-63.7383
-63.7771
-63.8156
-63.8538
-63.8918
-63.9294
-63.9668
-64.0038
-64.0406
-64.0771
-64.1133
-64.1492
-64.1848
-64.2202
-64.2553
-64.2901
-64.3246
-64.3588
-64.3928
-64.4265
-64.4599
-64.4931
-64.526
-64.5586
-64.5909
-64.623
-64.6549
-64.6864
-64.7177
-64.7487
-64.7795
-64.81
-64.8403
-64.8703
-64.9001
-64.9295
-64.9588
-64.9878
-65.0165
-65.045
-65.0733
-65.1013
-65.129
-65.1566
-65.1838
-65.2108
-65.2376
-65.2642
-65.2905
-65.3166
-65.3424
-65.368
-65.3934
-65.4185
-65.4434
-65.4681
-65.4925
-65.5168
-65.5408
-65.5645
-65.5881
-65.6114
-65.6345
-65.6574
-65.68
-65.7025
-65.7247
-65.7467
-65.7685
-65.7901
-65.8115
-65.8326
-65.8536
-65.8743
-65.8948
-65.9151
-65.9353
-65.9552
-65.9749
-65.9944
-66.0137
-66.0328
-66.0517
-66.0704
-66.0889
-66.1072
-66.1253
-66.1432
-66.1609
-66.1785
-66.1958
-66.213
-66.2299
-66.2467
-66.2633
-66.2797
-66.2959
-66.3119
-66.3278
-66.3434
-66.3589
-66.3742
-66.3893
-66.4043
-66.419
-66.4336
-66.448
-66.4623
-66.4764
-66.4902
-66.504
-66.5175
-66.5309
-66.5441
-66.5572
-66.57
-66.5828
-66.5953
-66.6077
-66.6199
-66.632
-66.6439
-66.6556
-66.6672
-66.6786
-66.6899
-66.701
-66.7119
-66.7227
-66.7334
-66.7439
-66.7542
-66.7644
-66.7745
-66.7843
-66.7941
-66.8037
-66.8131
-66.8224
-66.8316
-66.8406
-66.8495
-66.8582
-66.8668
-66.8753
-66.8836
-66.8917
-66.8998
-66.9077
-66.9154
-66.9231
-66.9305
-66.9379
-66.9451
-66.9522
-66.9592
-66.966
-66.9727
-66.9793
-66.8483
-66.6288
-66.345
-66.0119
-65.6402
-65.2382
-64.8123
-64.3678
-63.9087
-63.4384
-62.9599
-62.4753
-61.9865
-61.4952
-61.0027
-60.51
-60.0181
-59.5277
-59.0396
-58.5542
-58.0719
-57.5933
-57.1184
-56.6476
-56.1809
-55.7186
-55.2605
-54.8067
-54.3571
-53.9116
-53.47
-53.0321
-52.5976
-52.1662
-51.7374
-51.311
-50.8864
-50.463
-50.0404
-49.6178
-49.1946
-48.7699
-48.343
-47.9129
-47.4787
-47.0394
-46.5936
-46.1402
-45.6779
-45.205
-44.72
-44.2212
-43.7065
-43.1738
-42.6207
-42.0448
-41.443
-40.8123
-40.149
-39.4494
-38.709
-37.9229
-37.0859
-36.1917
-35.2338
-34.2047
-33.0959
-31.8985
-30.6022
-29.1962
-27.6685
-26.0066
-24.1974
-22.2279
-20.0855
-17.7592
-15.2407
-12.5264
-9.61881
-6.52969
-3.28189
0.0883697
3.53053
6.98025
10.3622
13.5954
16.6003
19.3075
21.6643
23.6403
25.2282
26.4415
27.3094
27.8706
28.1677
28.2425
28.1332
27.8731
27.4896
27.0052
26.438
25.802
25.1085
24.3665
23.5831
22.7642
21.9148
21.0388
20.1399
19.2211
18.285
17.3342
16.3708
15.3968
14.414
13.4239
12.4282
11.4281
10.425
9.42003
8.41415
7.40836
6.40355
5.40049
4.3999
3.40244
2.40868
1.41914
0.434294
-0.545455
-1.51974
-2.48825
-3.45069
-4.40685
-5.35652
-6.29953
-7.23574
-8.16506
-9.08739
-10.0027
-10.9109
-11.812
-12.7061
-13.5931
-14.4731
-15.3462
-16.2124
-17.0718
-17.9246
-18.7709
-19.6108
-20.4445
-21.2722
-22.0942
-22.9105
-23.7215
-24.5274
-25.3285
-26.1252
-26.9178
-27.7066
-28.4922
-29.2748
-30.055
-30.8332
-31.6101
-32.3862
-33.162
-33.9382
-34.7156
-35.4948
-36.2765
-37.0616
-37.8508
-38.6451
-39.4452
-40.2521
-41.0667
-41.8898
-42.7223
-43.5651
-44.419
-45.2847
-46.1629
-47.0542
-47.9589
-48.8773
-49.8092
-50.7543
-51.7119
-52.6808
-53.6597
-54.6462
-55.6379
-56.6313
-57.6227
-58.6077
-59.5811
-60.5376
-61.4714
-62.3766
-63.2475
-64.0787
-64.8653
-65.6033
-66.2896
-66.9224
-67.5008
-68.0251
-68.4968
-68.9179
-69.2915
-69.6209
-69.9098
-70.162
-70.3813
-70.5715
-70.736
-70.8781
-71.0006
-71.1062
-71.1973
-71.276
-71.3439
-71.4028
-71.4538
-71.4983
-71.5371
-71.5712
-71.6011
-71.6276
-71.6512
-71.6722
-71.6911
-71.7082
-71.7237
-71.7379
-71.7509
-71.7629
-71.7741
-71.7846
-71.7944
-71.8037
-71.8125
-71.8209
-71.8289
-71.8366
-71.844
-71.8512
-71.8581
-71.8648
-71.8714
-71.8777
-71.8839
-71.89
-71.8959
-71.9018
-71.9074
-71.913
-71.9185
-71.9239
-71.9292
-71.9344
-71.9395
-71.9445
-71.9494
-71.9542
-71.959
-71.9637
-71.9683
-71.9728
-71.9772
-71.9815
-71.9858
-71.99
-71.9941
-71.9981
-72.0021
-72.0059
-72.0097
-72.0134
-72.017
-72.0205
-72.024
-72.0273
-72.0306
-72.0338
-72.0369
-72.0399
-72.0428
-72.0457
-72.0484
-72.0511
-72.0537
-72.0562
-72.0586
-72.0609
-72.0631
-72.0652
-72.0673
-72.0692
-72.0711
-72.0729
-72.0745
-72.0761
-72.0776
-72.079
-72.0803
-72.0815
-72.0826
-72.0836
-72.0846
-72.0854
-72.0861
-72.0867
-72.0873
-72.0877
-72.0881
-72.0883
-72.0885
-72.0885
-72.0885
-72.0883
-72.0881
-72.0878
-72.0873
-72.0868
-72.0862
-72.0854
-72.0846
-72.0837
-72.0827
-72.0815
-72.0803
-72.079
-72.0776
-72.076
-72.0744
-72.0727
-72.0709
-72.069
-72.0669
-72.0648
-72.0626
-72.0603
-72.0579
-72.0554
-72.0528
-72.0501
-72.0472
-72.0443
-72.0413
-72.0382
-72.035
-72.0317
-72.0283
-72.0248
-72.0212
-72.0175
-72.0138
-72.0099
-72.0059
-72.0018
-71.9976
-71.9933
-71.989
-71.9845
-71.9799
-71.9753
-71.9705
-71.9657
-71.9607
-71.9557
-71.9505
-71.9453
-71.94
-71.9346
-71.929
-71.9234
-71.9177
-71.9119
-71.9061
-71.9001
-71.894
-71.8878
-71.8816
-71.8752
-71.8688
-71.8623
-71.8556
-71.8489
-71.8421
-71.8352
-71.8283
-71.8212
-71.814
-71.8068
-71.7995
-71.7921
-71.7845
-71.777
-71.7693
-71.7615
-71.7537
-71.7457
-71.7377
-71.7296
-71.7214
-71.7131
-71.7048
-71.6963
-71.6878
-71.6792
-71.6705
-71.6618
-71.6529
-71.644
-71.635
-71.6259
-71.6167
-71.6075
-71.5981
-71.5887
-71.5792
-71.5697
-71.56
-71.5503
-71.5405
-71.5307
-71.5207
-71.5107
-71.5006
-71.4905
-71.4802
-71.4699
-71.4596
-71.4491
-71.4386
-71.428
-71.4173
-71.4066
-71.3958
-71.3849
-71.374
-71.3629
-71.3519
-71.3407
-71.3295
-71.3182
-71.3069
-71.2955
-71.284
-71.2724
-71.2608
-71.2492
-71.2374
-71.2256
-71.2138
-71.2018
-71.1899
-71.1778
-71.1657
-71.1536
-71.1413
-71.1291
-71.1167
-71.1043
-71.0919
-71.0794
-71.0668
-71.0542
-71.0415
-71.0287
-71.016
-71.0031
-70.9902
-70.9773
-70.9643
-70.9512
-70.9381
-70.9249
-70.9117
-70.8985
-70.8852
-70.8718
-70.8584
-70.845
-70.8315
-70.8179
-70.8043
-70.7907
-70.777
-70.7632
-70.7495
-70.7356
-70.7218
-70.7079
-70.6939
-70.6799
-70.6659
-70.6518
-70.6377
-70.6235
-70.6093
-70.5951
-70.5808
-70.5665
-70.5521
-70.5377
-70.5233
-70.5088
-70.4943
-70.4798
-70.4652
-70.4506
-70.436
-70.4213
-70.4066
-70.3919
-70.3771
-70.3623
-70.3474
-70.3326
-70.3177
-70.3027
-70.2878
-70.2728
-70.2578
-70.2427
-70.2276
-70.2125
-70.1974
-70.1823
-70.1671
-70.1519
-70.1366
-70.1214
-70.1061
-70.0908
-70.0755
-70.0601
-70.0447
-70.0293
-70.0139
-69.9985
-69.983
-69.9676
-69.9521
-69.9365
-69.921
-69.9054
-69.8899
-69.8743
-69.8587
-69.8431
-69.8274
-69.8118
-69.7961
-69.7804
-69.7647
-69.749
-69.7332
-69.7175
-69.7017
-69.686
-69.6702
-69.6544
-69.6386
-69.6228
-69.6069
-69.5911
-69.5752
-69.5594
-69.5435
-69.5276
-69.5118
-69.4959
-69.48
-69.4641
-69.4481
-69.4322
-69.4163
-69.4004
-69.3844
-69.3685
-69.3525
-69.3366
-69.3206
-69.3047
-69.2887
-69.2727
-69.2568
-69.2408
-69.2248
-69.2089
-69.1929
-69.1769
-69.1609
-69.145
-69.129
-69.113
-69.097
-69.0811
-69.0651
-69.0491
-69.0332
-69.0172
-69.0012
-68.9853
-68.9693
-68.9534
-68.9374
-68.9215
-68.9056
-68.8896
-68.8737
-68.8578
-68.8419
-68.826
-68.8101
-68.7942
-68.7783
-68.7624
-68.7466
-68.7307
-68.7148
-68.699
-68.6832
-68.6673
-68.6515
-68.6357
-68.6199
-68.6041
-68.5884
-68.5726
-68.5568
-68.5411
-68.5254
-68.5097
-68.494
-68.4783
-68.4626
-68.4469
-68.4313
-68.4156
-68.4
-68.3844
-68.3688
-68.3532
-68.3377
-68.3221
-68.3066
-68.2911
-68.2756
-68.2601
-68.2446
-68.2292
-68.2137
-68.1983
-68.1829
-68.1675
-68.1522
-68.1368
-68.1215
-68.1062
-68.0909
-68.0756
-68.0604
-68.0451
-68.0299
-68.0147
-67.9995
-67.9844
-67.9692
-67.9541
-67.939
-67.924
-67.9089
-67.8939
-67.8789
-67.8639
-67.8489
-67.834
-67.8191
-67.8042
-67.7893
-67.7745
-67.7596
-67.7448
-67.73
-67.7153
-67.7006
-67.6858
-67.6712
-67.6565
-67.6419
-67.6272
-67.6127
-67.5981
-67.5836
-67.569
-67.5546
-67.5401
-67.5257
-67.5113
-67.4969
-67.4825
-67.4682
-67.4539
-67.4396
-67.4254
-67.4112
-67.397
-67.3828
-67.3687
-67.3546
-67.3405
-67.3264
-67.3124
-67.2984
-67.2844
-67.2705
-67.2566
-67.2427
-67.2288
-67.215
-67.2012
-67.1874
-67.1737
-67.16
-67.1463
-67.1327
-67.119
-67.1055
-67.0919
-67.0784
-67.0649
-67.0514
-67.038
-67.0246
-67.0112
-66.9978
-66.9845
-66.9713
-66.958
-66.9448
-66.9316
-66.9185
-66.9054
-66.8923
-66.8792
-66.8662
-66.8532
-66.8402
-66.8273
-66.8144
-66.8016
-66.7887
-66.7759
-66.7632
-66.7504
-66.7377
-66.7251
-66.7124
-66.6998
-66.6873
-66.6748
-66.6623
-66.6498
-66.6374
-66.625
-66.6126
-66.6003
-66.588
-66.5757
-66.5635
-66.5513
-66.5392
-66.5271
-66.515
-66.5029
-66.4909
-66.4789
-66.467
-66.4551
-66.4432
-66.4314
-66.4196
-66.4078
-66.3961
-66.3844
-66.3728
-66.3612
-66.3496
-66.338
-66.3265
-66.315
-66.3036
-66.2922
-66.2808
-66.2695
-66.2582
-66.2469
-66.2357
-66.2245
-66.2134
-66.2023
-66.1912
-66.1802
-66.1692
-66.1582
-66.1473
-66.1364
-66.1255
-66.1147
-66.1039
-66.0932
-66.0825
-66.0718
-66.0612
-66.0506
-66.0401
-66.0296
-66.0191
-66.0087
-65.9983
-65.9879
-65.9776
-65.9673
-65.9571
-65.9469
-65.9367
-65.9266
-65.9165
-65.9065
-65.8965
-65.8865
-65.8766
-65.8667
-65.8568
-65.847
-65.8372
-65.8275
-65.8178
-65.8081
-65.7985
-65.7889
-65.7794
-65.7699
-65.7604
-65.751
-65.7416
-65.7322
-65.7229
-65.7136
-65.7044
-65.6952
-65.6861
-65.6769
-65.6679
-65.6588
-65.6498
-65.6409
-65.632
-65.6231
-65.6143
-65.6055
-65.5967
-65.588
-65.5793
-65.5707
-65.5621
-65.5535
-65.545
-65.5366
-65.5281
-65.5198
-65.5114
-65.5031
-65.4948
-65.4866
-65.4784
-65.4703
-65.4622
-65.4541
-65.4461
-65.4381
-65.4302
-65.4223
-65.4145
-65.4066
-65.3989
-65.3911
-65.3834
-65.3758
-65.3682
-65.3606
-65.3531
-65.3456
-65.3381
-65.3307
-65.3233
-65.316
-65.3087
-65.3015
-65.2942
-65.2871
-65.2799
-65.2729
-65.2658
-65.2588
-65.2518
-65.2449
-65.238
-65.2312
-65.2244
-65.2176
-65.2109
-65.2042
-65.1976
-65.191
-65.1844
-65.1779
-65.1714
-65.165
-65.1586
-65.1522
-65.1459
-65.1397
-65.1334
-65.1273
-65.1211
-65.115
-65.1089
-65.1029
-65.097
-65.091
-65.0851
-65.0793
-65.0735
-65.0677
-65.062
-65.0563
-65.0506
-65.045
-65.0395
-65.0339
-65.0285
-65.023
-65.0176
-65.0123
-65.007
-65.0017
-64.9965
-64.9913
-64.9861
-64.981
-64.976
-64.9709
-64.966
-64.961
-64.9561
-64.9513
-64.9464
-64.9416
-64.9369
-64.9322
-64.9275
-64.9229
-64.9183
-64.9138
-64.9093
-64.9048
-64.9004
-64.896
-64.8917
-64.8874
-64.8831
-64.8789
-64.8747
-64.8706
-64.8665
-64.8624
-64.8584
-64.8544
-64.8504
-64.8465
-64.8427
-64.8388
-64.835
-64.8313
-64.8276
-64.8239
-64.8203
-64.8167
-64.8131
-64.8096
-64.8061
-64.8027
-64.7993
-64.7959
-64.7926
-64.7893
-64.786
-64.7828
-64.7796
-64.7765
-64.7734
-64.7703
-64.7673
-64.7643
-64.7614
-64.7585
-64.7556
-64.7528
-64.75
-64.7472
-64.7445
-64.7418
-64.7391
-64.7365
-64.734
-64.7314
-64.7289
-64.7264
-64.724
-64.7216
-64.7193
-64.717
-64.7147
-64.7124
-64.7102
-64.708
-64.7059
-64.7038
-64.7017
-64.6997
-64.6977
-64.6957
-64.6938
-64.6919
-64.6901
-64.6882
-64.6864
-64.6847
-64.683
-64.6813
-64.6796
-64.678
-64.6764
-64.6749
-64.6734
-64.6719
-64.6705
-64.669
-64.6677
-64.6663
-64.665
-64.6637
-64.6625
-64.6612
-64.6601
-64.6589
-64.6578
-64.6567
-64.6556
-64.6546
-64.6536
-64.6527
-64.6517
-64.6508
-64.65
-64.6491
-64.6483
-64.6475
-64.6468
-64.6461
-64.6454
-64.6447
-64.6441
-64.6435
-64.6429
-64.6424
-64.6419
-64.6414
-64.6409
-64.6405
-64.6401
-64.6397
-64.6394
-64.6391
-64.6388
-64.6385
-64.6383
-64.6381
-64.6379
-64.6378
-64.6377
-64.6376
-64.6375
-64.6374
-64.6374
-64.6374
-64.6375
-64.6375
-64.6376
-64.6377
-64.6378
-64.638
-64.6382
-64.6384
-64.6386
-64.6389
-64.6391
-64.6394
-64.6398
-64.6401
-64.6405
-64.6409
-64.6413
-64.6417
-64.6422
-64.6426
-64.6431
-64.6437
-64.6442
-64.6448
-64.6454
-64.646
-64.6466
-64.6472
-64.6479
-64.6486
-64.6493
-64.65
-64.6508
-64.6515
-64.6523
-64.6531
-64.654
-64.6548
-64.6557
-64.6565
-64.6574
-64.6583
-64.6593
-64.6602
-64.6612
-64.6622
-64.6632
-64.6642
-64.6652
-64.6662
-64.6673
-64.6684
-64.6695
-64.6706
-64.6717
-64.6728
-64.674
-64.6752
-64.6763
-64.6775
-64.6787
-64.68
-64.6812
-64.6824
-64.6837
-64.685
-64.6863
-64.6876
-64.6889
-64.6902
-64.6915
-64.6929
-64.6943
-64.6956
-64.697
-64.6984
-64.6998
-64.7012
-64.7026
-64.7041
-64.7055
-64.707
-64.7084
-64.7099
-64.7114
-64.7129
-64.7144
-64.7159
-64.7174
-64.7189
-64.7205
-64.722
-64.7236
-64.7251
-64.7267
-64.7283
-64.7298
-64.7314
-64.733
-64.7346
-64.7362
-64.6037
-64.384
-64.1
-63.7662
-63.3929
-62.9878
-62.5574
-62.1065
-61.6392
-61.1589
-60.6682
-60.1692
-59.6639
-59.1537
-58.6397
-58.123
-57.6043
-57.0843
-56.5633
-56.0417
-55.5198
-54.9975
-54.4749
-53.9517
-53.4279
-52.9029
-52.3764
-51.8478
-51.3164
-50.7813
-50.2416
-49.6962
-49.1439
-48.5831
-48.0124
-47.4299
-46.8336
-46.221
-45.5897
-44.9366
-44.2585
-43.5516
-42.8117
-42.034
-41.213
-40.3425
-39.4154
-38.4236
-37.3581
-36.2081
-34.9618
-33.6054
-32.1236
-30.4987
-28.7115
-26.7404
-24.5625
-22.1536
-19.49
-16.55
-13.3171
-9.78425
-5.95865
-1.86787
2.43495
6.86835
11.3242
15.6753
19.7885
23.5408
26.8359
29.6144
31.8586
33.5878
34.8496
35.7081
36.2321
36.4871
36.5304
36.4086
36.1585
35.8074
35.3758
34.8785
34.3264
33.7275
33.0878
32.412
31.7038
30.9662
30.202
29.4133
28.6023
27.7709
26.9208
26.0537
25.1711
24.2746
23.3655
22.4451
21.5147
20.5755
19.6287
18.6752
17.7162
16.7526
15.7853
14.815
13.8428
12.8692
11.895
10.9207
9.94717
8.97477
8.00405
7.03551
6.06956
5.1066
4.14699
3.19106
2.23909
1.29136
0.348089
-0.590508
-1.52425
-2.45299
-3.37659
-4.29495
-5.20796
-6.11556
-7.0177
-7.91433
-8.80544
-9.69102
-10.5711
-11.4456
-12.3147
-13.1785
-14.0368
-14.8899
-15.7378
-16.5807
-17.4187
-18.2518
-19.0803
-19.9043
-20.7241
-21.5398
-22.3516
-23.1599
-23.965
-24.767
-25.5664
-26.3636
-27.1589
-27.9528
-28.7459
-29.5385
-30.3313
-31.1249
-31.92
-32.7172
-33.5174
-34.3212
-35.1297
-35.9436
-36.764
-37.5918
-38.4281
-39.274
-40.1304
-40.9986
-41.8797
-42.7747
-43.6846
-44.6105
-45.5531
-46.5132
-47.4912
-48.4873
-49.5014
-50.5329
-51.5807
-52.643
-53.7176
-54.8012
-55.8899
-56.9788
-58.0623
-59.1339
-60.1867
-61.2131
-62.2057
-63.157
-64.0602
-64.9096
-65.7002
-66.429
-67.0941
-67.6954
-68.234
-68.7125
-69.1341
-69.5032
-69.8242
-70.102
-70.3412
-70.5466
-70.7224
-70.8725
-71.0006
-71.1099
-71.2031
-71.2826
-71.3506
-71.4089
-71.459
-71.5022
-71.5396
-71.5721
-71.6004
-71.6254
-71.6474
-71.6669
-71.6844
-71.7002
-71.7145
-71.7275
-71.7395
-71.7506
-71.7609
-71.7705
-71.6466
-71.447
-71.1996
-70.9206
-70.621
-70.3082
-69.9876
-69.6632
-69.3378
-69.0137
-68.6924
-68.3751
-68.0628
-67.7559
-67.4551
-67.1606
-66.8727
-66.5916
-66.3172
-66.0497
-65.789
-65.5352
-65.2881
-65.0477
-64.8139
-64.5865
-64.3656
-64.1508
-63.9422
-63.7396
-63.5429
-63.3519
-63.1665
-62.9865
-62.812
-62.6426
-62.4783
-62.3191
-62.1646
-62.0149
-61.8698
-61.7292
-61.593
-61.4611
-61.3333
-61.2096
-61.0899
-60.974
-60.8619
-60.7535
-60.6487
-60.5474
-60.4495
-60.3549
-60.2636
-60.1754
-60.0903
-60.0083
-59.9292
-59.853
-59.7796
-59.7089
-59.6409
-59.5756
-59.5127
-59.4524
-59.3945
-59.339
-59.2859
-59.235
-59.1863
-59.1398
-59.0954
-59.0531
-59.0128
-58.9746
-58.9382
-58.9038
-58.8712
-58.8404
-58.8114
-58.7841
-58.7586
-58.7347
-58.7124
-58.6917
-58.6726
-58.655
-58.6389
-58.6243
-58.6111
-58.5993
-58.5889
-58.5798
-58.572
-58.5655
-58.5603
-58.5563
-58.5535
-58.5519
-58.5515
-58.5522
-58.554
-58.5568
-58.5608
-58.5658
-58.5717
-58.5787
-58.5867
-58.5956
-58.6055
-58.6162
-58.6279
-58.6404
-58.6538
-58.668
-58.6831
-58.6989
-58.7155
-58.7329
-58.7511
-58.7699
-58.7895
-58.8098
-58.8307
-58.8524
-58.8747
-58.8976
-58.9211
-58.9452
-58.97
-58.9953
-59.0212
-59.0476
-59.0745
-59.102
-59.13
-59.1585
-59.1875
-59.2169
-59.2468
-59.2771
-59.3079
-59.3391
-59.3707
-59.4027
-59.435
-59.4678
-59.5009
-59.5344
-59.5682
-59.6024
-59.6368
-59.6716
-59.7067
-59.7421
-59.7778
-59.8137
-59.8499
-59.8863
-59.923
-59.96
-59.9971
-60.0345
-60.0721
-60.1099
-60.1479
-60.186
-60.2244
-60.2629
-60.1849
-60.0367
-59.8408
-59.6107
-59.3556
-59.0823
-58.7958
-58.5003
-58.1986
-57.8932
-57.586
-57.2784
-56.9716
-56.6667
-56.3642
-56.065
-55.7693
-55.4778
-55.1905
-54.9079
-54.63
-54.3571
-54.0892
-53.8264
-53.5687
-53.3161
-53.0687
-52.8263
-52.589
-52.3567
-52.1293
-51.9066
-51.6887
-51.4754
-51.2666
-51.0622
-50.8621
-50.666
-50.474
-50.2859
-50.1015
-49.9207
-49.7434
-49.5695
-49.3987
-49.2311
-49.0664
-48.9045
-48.7453
-48.5887
-48.4345
-48.2826
-48.133
-47.9854
-47.8397
-47.696
-47.5539
-47.4135
-47.2745
-47.137
-47.0007
-46.8657
-46.7317
-46.5987
-46.4665
-46.3351
-46.2044
-46.0742
-45.9445
-45.8152
-45.686
-45.5571
-45.4281
-45.2991
-45.1699
-45.0405
-44.9106
-44.7802
-44.6492
-44.5174
-44.3848
-44.2511
-44.1163
-43.9802
-43.8428
-43.7037
-43.5629
-43.4202
-43.2755
-43.1285
-42.9792
-42.8272
-42.6723
-42.5145
-42.3534
-42.1887
-42.0203
-41.8479
-41.6711
-41.4897
-41.3033
-41.1116
-40.9142
-40.7108
-40.5008
-40.284
-40.0596
-39.8274
-39.5867
-39.3368
-39.0773
-38.8074
-38.5263
-38.2334
-37.9277
-37.6084
-37.2745
-36.925
-36.5586
-36.1744
-35.7708
-35.3467
-34.9004
-34.4304
-33.935
-33.4124
-32.8606
-32.2776
-31.6612
-31.0091
-30.3188
-29.588
-28.8138
-27.9938
-27.1252
-26.2055
-25.2319
-24.2023
-23.1145
-21.967
-20.7588
-19.4898
-18.1611
-16.7752
-15.3363
-13.8507
-12.3271
-10.7771
-9.21491
-7.65751
-6.12433
-4.63654
-3.21612
-1.88468
-0.662214
0.434134
1.39101
2.19945
2.85506
3.35778
3.71137
3.92261
4.00052
3.95553
3.79879
3.54158
3.19492
2.76922
2.27415
1.71855
1.11038
0.45678
-0.235921
-0.962112
-1.71683
-2.49571
-3.29488
-4.11096
-4.94095
-5.7822
-6.63238
-7.48945
-8.35157
-9.21716
-10.0848
-10.9533
-11.8215
-12.6884
-13.5533
-14.4155
-15.2742
-16.129
-16.9794
-17.8251
-18.6656
-19.5008
-20.3305
-21.1545
-21.9728
-22.7852
-23.5918
-24.3926
-25.1877
-25.9771
-26.7612
-27.54
-28.3137
-29.0827
-29.8471
-30.6074
-31.3638
-32.1168
-32.8668
-33.6143
-34.3596
-35.1033
-35.846
-36.5881
-37.3304
-38.0734
-38.8176
-39.5639
-40.3128
-41.0649
-41.8211
-42.5819
-43.3481
-44.1202
-44.899
-45.685
-46.4787
-47.2807
-48.0913
-48.9109
-49.7396
-50.5775
-51.4244
-52.28
-53.1438
-54.0148
-54.892
-55.7739
-56.6586
-57.5441
-58.4276
-59.3063
-60.1768
-61.0354
-61.8783
-62.7011
-63.4998
-64.2703
-65.0085
-65.7108
-66.3743
-66.9963
-67.5753
-68.1102
-68.6009
-69.0479
-69.4526
-69.8166
-70.1423
-70.4322
-70.6892
-70.9161
-71.1159
-71.2912
-71.4448
-71.5792
-71.6966
-71.7991
-71.8886
-71.9668
-72.0352
-72.095
-72.1475
-72.1935
-72.234
-72.2697
-72.3013
-72.3293
-72.3542
-72.3765
-72.3964
-72.4143
-72.4304
-72.4451
-72.4584
-72.4705
-72.4816
-72.4919
-72.5013
-72.5101
-72.5182
-72.5258
-72.5329
-72.5396
-72.5459
-72.5518
-72.5574
-72.5628
-72.5678
-72.5727
-72.5773
-72.5816
-72.5858
-72.5898
-72.5937
-72.5974
-72.6009
-72.6043
-72.6075
-72.6106
-72.6136
-72.6164
-72.6191
-72.6217
-72.6242
-72.6266
-72.6288
-72.631
-72.633
-72.6349
-72.6367
-72.6385
-72.6401
-72.6416
-72.6429
-72.6442
-72.6454
-72.6465
-72.6475
-72.6484
-72.6491
-72.6498
-72.6504
-72.6508
-72.6512
-72.6515
-72.6516
-72.6517
-72.6517
-72.6515
-72.6513
-72.6509
-72.6505
-72.6499
-72.6493
-72.6485
-72.6476
-72.6467
-72.6456
-72.6444
-72.6432
-72.6418
-72.6403
-72.6387
-72.6371
-72.6353
-72.6334
-72.6314
-72.6293
-72.6271
-72.6248
-72.6224
-72.6199
-72.6173
-72.6146
-72.6118
-72.6089
-72.6059
-72.6028
-72.5996
-72.5962
-72.5928
-72.5893
-72.5857
-72.582
-72.5781
-72.5742
-72.5702
-72.566
-72.5618
-72.5575
-72.553
-72.5485
-72.5439
-72.5391
-72.5343
-72.5294
-72.5243
-72.5192
-72.514
-72.5086
-72.5032
-72.4977
-72.492
-72.4863
-72.4805
-72.4746
-72.4686
-72.4624
-72.4562
-72.4499
-72.4435
-72.437
-72.4304
-72.4237
-72.4169
-72.41
-72.4031
-72.396
-72.3888
-72.3816
-72.3742
-72.3668
-72.3592
-72.3516
-72.3438
-72.336
-72.3281
-72.3201
-72.312
-72.3038
-72.2956
-72.2872
-72.2787
-72.2702
-72.2616
-72.2529
-72.244
-72.2352
-72.2262
-72.2171
-72.2079
-72.1987
-72.1894
-72.18
-72.1705
-72.1609
-72.1512
-72.1415
-72.1316
-72.1217
-72.1117
-72.1016
-72.0915
-72.0812
-72.0709
-72.0605
-72.05
-72.0394
-72.0288
-72.0181
-72.0073
-71.9964
-71.9854
-71.9744
-71.9633
-71.9521
-71.9409
-71.9295
-71.9181
-71.9066
-71.8951
-71.8834
-71.8717
-71.86
-71.8481
-71.8362
-71.8242
-71.8122
-71.8
-71.7878
-71.7756
-71.7632
-71.7508
-71.7384
-71.7258
-71.7132
-71.7005
-71.6878
-71.675
-71.6621
-71.6492
-71.6362
-71.6232
-71.61
-71.5969
-71.5836
-71.5703
-71.557
-71.5435
-71.53
-71.5165
-71.5029
-71.4892
-71.4755
-71.4618
-71.4479
-71.434
-71.4201
-71.4061
-71.3921
-71.378
-71.3638
-71.3496
-71.3353
-71.321
-71.3066
-71.2922
-71.2778
-71.2632
-71.2487
-71.2341
-71.2194
-71.2047
-71.1899
-71.1751
-71.1603
-71.1454
-71.1304
-71.1154
-71.1004
-71.0853
-71.0702
-71.055
-71.0398
-71.0246
-71.0093
-70.994
-70.9786
-70.9632
-70.9477
-70.9323
-70.9167
-70.9012
-70.8856
-70.8699
-70.8543
-70.8386
-70.8228
-70.807
-70.7912
-70.7754
-70.7595
-70.7436
-70.7276
-70.7117
-70.6957
-70.6796
-70.6635
-70.6474
-70.6313
-70.6152
-70.599
-70.5828
-70.5665
-70.5502
-70.534
-70.5176
-70.5013
-70.4849
-70.4685
-70.4521
-70.4357
-70.4192
-70.4027
-70.3862
-70.3697
-70.3531
-70.3365
-70.3199
-70.3033
-70.2867
-70.27
-70.2533
-70.2367
-70.2199
-70.2032
-70.1865
-70.1697
-70.1529
-70.1362
-70.1193
-70.1025
-70.0857
-70.0688
-70.052
-70.0351
-70.0182
-70.0013
-69.9844
-69.9675
-69.9506
-69.9336
-69.9167
-69.8997
-69.8827
-69.8658
-69.8488
-69.8318
-69.8148
-69.7978
-69.7807
-69.7637
-69.7467
-69.7297
-69.7126
-69.6956
-69.6785
-69.6615
-69.6444
-69.6274
-69.6103
-69.5933
-69.5762
-69.5591
-69.5421
-69.525
-69.5079
-69.4909
-69.4738
-69.4567
-69.4397
-69.4226
-69.4055
-69.3885
-69.3714
-69.3544
-69.3373
-69.3203
-69.3032
-69.2862
-69.2692
-69.2521
-69.2351
-69.2181
-69.2011
-69.1841
-69.1671
-69.1501
-69.1331
-69.1161
-69.0991
-69.0822
-69.0652
-69.0483
-69.0313
-69.0144
-68.9975
-68.9806
-68.9637
-68.9468
-68.93
-68.9131
-68.8962
-68.8794
-68.8626
-68.8458
-68.829
-68.8122
-68.7954
-68.7787
-68.7619
-68.7452
-68.7285
-68.7118
-68.6951
-68.6784
-68.6617
-68.6451
-68.6285
-68.6119
-68.5953
-68.5787
-68.5621
-68.5456
-68.5291
-68.5126
-68.4961
-68.4796
-68.4632
-68.4468
-68.4303
-68.414
-68.3976
-68.3812
-68.3649
-68.3486
-68.3323
-68.316
-68.2998
-68.2836
-68.2674
-68.2512
-68.235
-68.2189
-68.2028
-68.1867
-68.1706
-68.1545
-68.1385
-68.1225
-68.1065
-68.0906
-68.0746
-68.0587
-68.0428
-68.027
-68.0112
-67.9953
-67.9796
-67.9638
-67.9481
-67.9324
-67.9167
-67.901
-67.8854
-67.8698
-67.8542
-67.8387
-67.8232
-67.8077
-67.7922
-67.7768
-67.7614
-67.746
-67.7306
-67.7153
-67.7
-67.6847
-67.6695
-67.6543
-67.6391
-67.6239
-67.6088
-67.5937
-67.5786
-67.5636
-67.5486
-67.5336
-67.5187
-67.5038
-67.4889
-67.474
-67.4592
-67.4444
-67.4296
-67.4149
-67.4002
-67.3855
-67.3709
-67.3563
-67.3417
-67.3272
-67.3127
-67.2982
-67.2838
-67.2693
-67.255
-67.2406
-67.2263
-67.212
-67.1978
-67.1835
-67.1694
-67.1552
-67.1411
-67.127
-67.113
-67.0989
-67.085
-67.071
-67.0571
-67.0432
-67.0294
-67.0156
-67.0018
-66.9881
-66.9744
-66.9607
-66.9471
-66.9335
-66.9199
-66.9064
-66.8929
-66.8794
-66.866
-66.8526
-66.8393
-66.8259
-66.8127
-66.7994
-66.7862
-66.773
-66.7599
-66.7468
-66.7337
-66.7207
-66.7077
-66.6948
-66.6818
-66.669
-66.6561
-66.6433
-66.6305
-66.6178
-66.6051
-66.5924
-66.5798
-66.5672
-66.5547
-66.5422
-66.5297
-66.5173
-66.5049
-66.4925
-66.4802
-66.4679
-66.4557
-66.4435
-66.4313
-66.4192
-66.4071
-66.3951
-66.3831
-66.3711
-66.3592
-66.3473
-66.3354
-66.3236
-66.3118
-66.3001
-66.2884
-66.2767
-66.2651
-66.2535
-66.242
-66.2305
-66.219
-66.2076
-66.1962
-66.1848
-66.1735
-66.1623
-66.151
-66.1398
-66.1287
-66.1176
-66.1065
-66.0955
-66.0845
-66.0735
-66.0626
-66.0517
-66.0409
-66.0301
-66.0194
-66.0087
-65.998
-65.9874
-65.9768
-65.9663
-65.9558
-65.9453
-65.9349
-65.9245
-65.9142
-65.9039
-65.8936
-65.8834
-65.8732
-65.8631
-65.853
-65.8429
-65.8329
-65.823
-65.813
-65.8031
-65.7933
-65.7835
-65.7737
-65.764
-65.7543
-65.7446
-65.735
-65.7255
-65.716
-65.7065
-65.697
-65.6876
-65.6783
-65.669
-65.6597
-65.6505
-65.6413
-65.6321
-65.623
-65.614
-65.6049
-65.596
-65.587
-65.5781
-65.5693
-65.5605
-65.5517
-65.543
-65.5343
-65.5257
-65.5171
-65.5085
-65.5
-65.4916
-65.4831
-65.4748
-65.4664
-65.4581
-65.4499
-65.4417
-65.4335
-65.4254
-65.4173
-65.4093
-65.4013
-65.3933
-65.3854
-65.3775
-65.3697
-65.3619
-65.3542
-65.3465
-65.3388
-65.3312
-65.3236
-65.3161
-65.3086
-65.3011
-65.2937
-65.2863
-65.279
-65.2717
-65.2645
-65.2573
-65.2501
-65.243
-65.236
-65.2289
-65.2219
-65.215
-65.2081
-65.2012
-65.1944
-65.1877
-65.1809
-65.1742
-65.1676
-65.161
-65.1544
-65.1479
-65.1414
-65.135
-65.1286
-65.1223
-65.116
-65.1097
-65.1035
-65.0973
-65.0912
-65.0851
-65.0791
-65.0731
-65.0671
-65.0612
-65.0553
-65.0495
-65.0437
-65.038
-65.0323
-65.0266
-65.021
-65.0155
-65.0099
-65.0045
-64.999
-64.9936
-64.9883
-64.983
-64.9777
-64.9725
-64.9673
-64.9622
-64.9571
-64.952
-64.947
-64.942
-64.9371
-64.9322
-64.9273
-64.9225
-64.9178
-64.913
-64.9084
-64.9037
-64.8991
-64.8946
-64.89
-64.8856
-64.8811
-64.8767
-64.8724
-64.8681
-64.8638
-64.8596
-64.8554
-64.8512
-64.8471
-64.843
-64.839
-64.835
-64.8311
-64.8272
-64.8233
-64.8195
-64.8157
-64.8119
-64.8082
-64.8046
-64.8009
-64.7973
-64.7938
-64.7903
-64.7868
-64.7834
-64.78
-64.7767
-64.7733
-64.7701
-64.7668
-64.7637
-64.7605
-64.7574
-64.7543
-64.7513
-64.7483
-64.7453
-64.7424
-64.7395
-64.7367
-64.7339
-64.7311
-64.7284
-64.7257
-64.7231
-64.7205
-64.7179
-64.7153
-64.7129
-64.7104
-64.708
-64.7056
-64.7032
-64.7009
-64.6987
-64.6964
-64.6942
-64.6921
-64.6899
-64.6879
-64.6858
-64.6838
-64.6818
-64.6799
-64.678
-64.6761
-64.6743
-64.6725
-64.6707
-64.669
-64.6673
-64.6656
-64.664
-64.6624
-64.6609
-64.6594
-64.6579
-64.6564
-64.655
-64.6536
-64.6523
-64.651
-64.6497
-64.6485
-64.6472
-64.6461
-64.6449
-64.6438
-64.6427
-64.6417
-64.6407
-64.6397
-64.6388
-64.6378
-64.637
-64.6361
-64.6353
-64.6345
-64.6337
-64.633
-64.6323
-64.6316
-64.631
-64.6304
-64.6298
-64.6293
-64.6288
-64.6283
-64.6278
-64.6274
-64.627
-64.6266
-64.6263
-64.626
-64.6257
-64.6255
-64.6252
-64.625
-64.6249
-64.6247
-64.6246
-64.6245
-64.6245
-64.6244
-64.6244
-64.6245
-64.6245
-64.6246
-64.6247
-64.6248
-64.625
-64.6251
-64.6253
-64.6256
-64.6258
-64.6261
-64.6264
-64.6267
-64.6271
-64.6274
-64.6278
-64.6282
-64.6287
-64.6292
-64.6296
-64.6302
-64.6307
-64.6312
-64.6318
-64.6324
-64.633
-64.6337
-64.6343
-64.635
-64.6357
-64.6365
-64.6372
-64.638
-64.6388
-64.6396
-64.6404
-64.6412
-64.6421
-64.643
-64.6439
-64.6448
-64.6457
-64.6467
-64.6477
-64.6487
-64.6497
-64.6507
-64.6518
-64.6528
-64.6539
-64.655
-64.6561
-64.6572
-64.6584
-64.6595
-64.6607
-64.6619
-64.6631
-64.6643
-64.6656
-64.6668
-64.6681
-64.6693
-64.6706
-64.6719
-64.6733
-64.6746
-64.6759
-64.6773
-64.6787
-64.68
-64.6814
-64.6829
-64.6843
-64.6857
-64.6871
-64.6886
-64.6901
-64.6915
-64.693
-64.6945
-64.696
-64.6975
-64.6991
-64.7006
-64.7022
-64.7037
-64.7053
-64.7068
-64.7084
-64.71
-64.7116
-64.7132
-64.7148
-64.7165
-64.7181
-64.7197
-64.7214
-64.723
-64.7247
-64.7264
-64.728
-64.7297
-64.7314
-64.7331
-64.7348
-64.7365
-64.7382
-64.7399
-64.7416
-64.7433
-64.7451
-64.7468
-64.7485
-64.7503
-64.752
-64.7538
-64.7555
-64.7573
-64.759
-64.7608
-64.7626
-64.7643
-64.7661
-64.7679
-64.7697
-64.7714
-64.7732
-64.775
-64.7768
-64.7786
-64.7804
-64.7822
-64.7839
-64.7857
-64.7875
-64.7893
-64.7911
-64.7929
-64.7947
-64.7965
-64.7983
-64.8001
-64.8019
-64.8037
-64.8055
-64.8073
-64.8091
-64.8108
-64.8126
-64.8144
-64.8162
-64.818
-64.8198
-64.8216
-64.8233
-64.8251
-64.8269
-64.8287
-64.8304
-64.8322
-64.834
-64.8357
-64.8375
-64.8392
-64.841
-64.8427
-64.8445
-64.8462
-64.848
-64.8497
-64.8515
-64.8532
-64.8549
-64.8566
-64.8583
-64.8601
-64.8618
-64.8635
-64.8652
-64.8669
-64.8685
-64.8702
-64.8719
-64.8736
-64.8753
-64.8769
-64.8786
-64.8802
-64.8819
-64.8835
-64.8852
-64.8868
-64.8884
-64.89
-64.8916
-64.8932
-64.8948
-64.8964
-64.898
-64.8996
-64.9012
-64.9027
-64.9043
-64.9059
-64.9074
-64.909
-64.9105
-64.912
-64.9135
-64.915
-64.9165
-64.918
-64.9195
-64.921
-64.9225
-64.924
-64.9254
-64.9269
-64.9283
-64.9298
-64.9312
-64.9326
-64.934
-64.9354
-64.9368
-64.9382
-64.9396
-64.941
-64.9424
-64.9437
-64.9451
-64.9464
-64.9477
-64.9491
-64.9504
-64.9517
-64.953
-64.9543
-64.9556
-64.9568
-64.9581
-64.9594
-64.9606
-64.9619
-64.9631
-64.9643
-64.9655
-64.9667
-64.9679
-64.9691
-64.9703
-64.9715
-64.9726
-64.9738
-64.9749
-64.9761
-64.9772
-64.9783
-64.9794
-64.9805
-64.9816
-64.9827
-64.9837
-64.9848
-64.9859
-64.9869
-64.9879
-64.989
-64.99
-64.991
-64.992
-64.993
-64.994
-64.9949
-64.9959
-64.9969
-64.9978
-64.9987
-64.865
-64.6437
-64.3579
-64.022
-63.6464
-63.2391
-62.8063
-62.353
-61.8833
-61.4005
-60.9074
-60.4062
-59.8986
-59.3862
-58.8702
-58.3516
-57.8311
-57.3095
-56.7871
-56.2643
-55.7413
-55.2183
-54.6952
-54.172
-53.6483
-53.1239
-52.5984
-52.0712
-51.5417
-51.0091
-50.4725
-49.9308
-49.3829
-48.8275
-48.2629
-47.6875
-47.0993
-46.4962
-45.8756
-45.2348
-44.5707
-43.8798
-43.158
-42.4008
-41.6031
-40.7591
-39.8621
-38.9047
-37.8781
-36.7726
-35.5769
-34.2783
-32.8621
-31.312
-29.6096
-27.7344
-25.6643
-23.3756
-20.8444
-18.0477
-14.9661
-11.5874
-7.91108
-3.95378
0.244766
4.61764
9.06999
13.4835
17.7267
21.6704
25.2035
28.2473
30.7629
32.7513
34.2466
35.3053
35.9946
36.3821
36.5295
36.489
36.3022
36.0011
35.6095
35.1451
34.6205
34.0452
33.4262
32.7688
32.0771
31.3545
30.604
29.8278
29.0282
28.2073
27.3668
26.5084
25.6338
24.7444
23.8417
22.9271
22.0018
21.0671
20.1241
19.174
18.2178
17.2565
16.291
15.3222
14.3509
13.3779
12.4039
11.4296
10.4556
9.48249
8.51079
7.54101
6.5736
5.60897
4.6475
3.68953
2.73537
1.78531
0.839579
-0.101589
-1.038
-1.9695
-2.89592
-3.81717
-4.73313
-5.64372
-6.54888
-7.44855
-8.34272
-9.23137
-10.1145
-10.9921
-11.8643
-12.731
-13.5924
-14.4485
-15.2993
-16.1451
-16.9858
-17.8217
-18.6529
-19.4795
-20.3018
-21.1199
-21.934
-22.7445
-23.5515
-24.3554
-25.1565
-25.9552
-26.7519
-27.5469
-28.3408
-29.134
-29.9271
-30.7207
-31.5155
-32.3121
-33.1112
-33.9136
-34.7202
-35.5319
-36.3495
-37.1741
-38.0067
-38.8483
-39.7
-40.5629
-41.4381
-42.3268
-43.23
-44.1486
-45.0837
-46.0359
-47.0059
-47.994
-49.0003
-50.0243
-51.0652
-52.1218
-53.1918
-54.2725
-55.3604
-56.451
-57.5391
-58.6185
-59.6826
-60.724
-61.7352
-62.7087
-63.6373
-64.5146
-65.3353
-66.0954
-66.7925
-67.4255
-67.995
-68.5029
-68.9521
-69.3466
-69.6908
-69.9893
-70.2469
-70.4684
-70.6581
-70.8204
-70.9589
-71.077
-71.1777
-71.2637
-71.3371
-71.3999
-71.4538
-71.5002
-71.5403
-71.5751
-71.6053
-71.6319
-71.6552
-71.6759
-71.6943
-71.7109
-71.7258
-71.7394
-71.7519
-71.7633
-71.774
-71.7839
-71.7932
-71.802
-71.8103
-71.8183
-71.8259
-71.8333
-71.8403
-71.8472
-71.8538
-71.8603
-71.8666
-71.8728
-71.8788

