-65
-64.9994
-64.9988
-64.9982
-64.9977
-64.9971
-64.9965
-64.996
-64.9954
-64.9949
-64.9943
-64.9938
-64.9932
-64.9927
-64.9922
-64.9917
-64.9912
-64.9906
-64.9901
-64.9896
-64.9891
-64.9886
-64.9881
-64.9876
-64.9872
-64.9867
-64.9862
-64.9857
-64.9852
-64.9848
-64.9843
-64.9838
-64.9834
-64.9829
-64.9825
-64.982
-64.9816
-64.9811
-64.9807
-64.9802
-64.9798
-64.9794
-64.9789
-64.9785
-64.9781
-64.9777
-64.9772
-64.9768
-64.9764
-64.976
-64.9756
-64.9752
-64.9748
-64.9744
-64.974
-64.9736
-64.9732
-64.9728
-64.9725
-64.9721
-64.9717
-64.9713
-64.971
-64.9706
-64.9702
-64.9699
-64.9695
-64.9692
-64.9688
-64.9685
-64.9681
-64.9678
-64.9675
-64.9671
-64.9668
-64.9665
-64.9661
-64.9658
-64.9655
-64.9652
-64.9649
-64.9646
-64.9642
-64.9639
-64.9636
-64.9633
-64.963
-64.9628
-64.9625
-64.9622
-64.9619
-64.9616
-64.9613
-64.9611
-64.9608
-64.9605
-64.9603
-64.96
-64.9598
-64.9595
-64.9592
-64.959
-64.9588
-64.9585
-64.9583
-64.958
-64.9578
-64.9576
-64.9573
-64.9571
-64.9569
-64.9567
-64.9565
-64.9562
-64.956
-64.9558
-64.9556
-64.9554
-64.9552
-64.955
-64.9548
-64.9546
-64.9545
-64.9543
-64.9541
-64.9539
-64.9537
-64.9536
-64.9534
-64.9532
-64.9531
-64.9529
-64.9527
-64.9526
-64.9524
-64.9523
-64.9521
-64.952
-64.9519
-64.9517
-64.9516
-64.9514
-64.9513
-64.9512
-64.9511
-64.9509
-64.9508
-64.9507
-64.9506
-64.9505
-64.9504
-64.9503
-64.9502
-64.95
-64.9499
-64.9499
-64.9498
-64.9497
-64.9496
-64.9495
-64.9494
-64.9493
-64.9492
-64.9492
-64.9491
-64.949
-64.9489
-64.9489
-64.9488
-64.9487
-64.9487
-64.9486
-64.9486
-64.9485
-64.9485
-64.9484
-64.9484
-64.9483
-64.9483
-64.9482
-64.9482
-64.9482
-64.9481
-64.9481
-64.9481
-64.948
-64.948
-64.948
-64.948
-64.948
-64.9479
-64.9479
-64.9479
-64.9479
-64.9479
-64.9479
-64.9479
-64.9479
-64.9479
-64.9479
-64.9479
-64.9479
-64.9479
-64.9479
-64.9479
-64.9479
-64.9479
-64.9479
-64.948
-64.948
-64.948
-64.948
-64.9481
-64.9481
-64.9481
-64.9481
-64.9482
-64.9482
-64.9482
-64.9483
-64.9483
-64.9483
-64.9484
-64.9484
-64.9485
-64.9485
-64.9486
-64.9486
-64.9487
-64.9487
-64.9488
-64.9488
-64.9489
-64.9489
-64.949
-64.9491
-64.9491
-64.9492
-64.9492
-64.9493
-64.9494
-64.9494
-64.9495
-64.9496
-64.9497
-64.9497
-64.9498
-64.9499
-64.95
-64.95
-64.9501
-64.9502
-64.9503
-64.9504
-64.9504
-64.9505
-64.9506
-64.9507
-64.9508
-64.9509
-64.951
-64.951
-64.9511
-64.9512
-64.9513
-64.9514
-64.9515
-64.9516
-64.9517
-64.9518
-64.9519
-64.952
-64.9521
-64.9522
-64.9523
-64.9524
-64.9525
-64.9526
-64.9527
-64.9528
-64.9529
-64.953
-64.9532
-64.9533
-64.9534
-64.9535
-64.9536
-64.9537
-64.9538
-64.9539
-64.954
-64.9542
-64.9543
-64.9544
-64.9545
-64.9546
-64.9547
-64.9548
-64.955
-64.9551
-64.9552
-64.9553
-64.9554
-64.9556
-64.9557
-64.9558
-64.9559
-64.956
-64.9562
-64.9563
-64.9564
-64.9565
-64.9566
-64.9568
-64.9569
-64.957
-64.9571
-64.9573
-64.9574
-64.9575
-64.9576
-64.9578
-64.9579
-64.958
-64.9581
-64.9583
-64.9584
-64.9585
-64.9587
-64.9588
-64.9589
-64.959
-64.9592
-64.9593
-64.9594
-64.9595
-64.9597
-64.9598
-64.9599
-64.96
-64.9602
-64.9603
-64.9604
-64.9606
-64.9607
-64.9608
-64.9609
-64.9611
-64.9612
-64.9613
-64.9614
-64.9616
-64.9617
-64.9618
-64.962
-64.9621
-64.9622
-64.9623
-64.9625
-64.9626
-64.9627
-64.9628
-64.963
-64.9631
-64.9632
-64.9633
-64.9635
-64.9636
-64.9637
-64.9638
-64.964
-64.9641
-64.9642
-64.9643
-64.9645
-64.9646
-64.9647
-64.9648
-64.9649
-64.9651
-64.9652
-64.9653
-64.9654
-64.9655
-64.9657
-64.9658
-64.9659
-64.966
-64.9661
-64.9663
-64.9664
-64.9665
-64.9666
-64.9667
-64.9668
-64.967
-64.9671
-64.9672
-64.9673
-64.9674
-64.9675
-64.9677
-64.9678
-64.9679
-64.968
-64.9681
-64.9682
-64.9683
-64.9684
-64.9685
-64.9687
-64.9688
-64.9689
-64.969
-64.9691
-64.9692
-64.9693
-64.9694
-64.9695
-64.9696
-64.9697
-64.9698
-64.9699
-64.97
-64.9701
-64.9702
-64.9703
-64.9704
-64.9705
-64.9706
-64.9707
-64.9708
-64.9709
-64.971
-64.9711
-64.9712
-64.9713
-64.9714
-64.9715
-64.9716
-64.9717
-64.9718
-64.9719
-64.972
-64.9721
-64.9722
-64.9722
-64.9723
-64.9724
-64.9725
-64.9726
-64.9727
-64.9728
-64.9729
-64.9729
-64.973
-64.9731
-64.9732
-64.9733
-64.9734
-64.9734
-64.9735
-64.9736
-64.9737
-64.9738
-64.9738
-64.9739
-64.974
-64.9741
-64.9741
-64.9742
-64.9743
-64.9744
-64.9744
-64.9745
-64.9746
-64.9747
-64.9747
-64.9748
-64.9749
-64.9749
-64.975
-64.9751
-64.9751
-64.9752
-64.9753
-64.9753
-64.8408
-64.6187
-64.3321
-63.9955
-63.6192
-63.2111
-62.7775
-62.3235
-61.8531
-61.3696
-60.8757
-60.3736
-59.8652
-59.352
-58.8351
-58.3155
-57.7941
-57.2714
-56.7479
-56.2239
-55.6997
-55.1753
-54.6508
-54.1259
-53.6005
-53.0743
-52.5467
-52.0173
-51.4853
-50.95
-50.4103
-49.8654
-49.3138
-48.7542
-48.1851
-47.6047
-47.0108
-46.4014
-45.7737
-45.125
-44.452
-43.7509
-43.0178
-42.2477
-41.4355
-40.575
-39.6593
-38.6804
-37.6294
-36.4959
-35.2682
-33.9328
-32.4744
-30.8759
-29.1179
-27.1793
-25.037
-22.6666
-20.044
-17.1465
-13.9561
-10.4632
-6.67197
-2.60604
1.68591
6.12664
10.6112
15.0135
19.1989
23.0406
26.4361
29.319
31.6646
33.487
34.8305
35.7575
36.3375
36.6374
36.7164
36.6234
36.3967
36.0653
35.6507
35.1685
34.6302
34.0441
33.4164
32.7521
32.0548
31.3277
30.5736
29.7946
28.9928
28.1703
27.3287
26.4696
25.5947
24.7055
23.8032
22.8893
21.965
21.0315
20.09
19.1414
18.1869
17.2275
16.264
15.2972
14.3281
13.3573
12.3855
11.4135
10.4418
9.47101
8.50163
7.53416
6.56905
5.60669
4.64746
3.69169
2.7397
1.79175
0.848082
-0.0910774
-1.02554
-1.95514
-2.87974
-3.79923
-4.71349
-5.62245
-6.52605
-7.42423
-8.31698
-9.20427
-10.0861
-10.9625
-11.8336
-12.6992
-13.5596
-14.4147
-15.2647
-16.1096
-16.9497
-17.7849
-18.6155
-19.4416
-20.2633
-21.081
-21.8948
-22.705
-23.5118
-24.3156
-25.1166
-25.9152
-26.7119
-27.507
-28.301
-29.0944
-29.8878
-30.6817
-31.4769
-32.2739
-33.0735
-33.8765
-34.6838
-35.4962
-36.3146
-37.1401
-37.9737
-38.8163
-39.6692
-40.5334
-41.4101
-42.3003
-43.2051
-44.1256
-45.0626
-46.0169
-46.9892
-47.9797
-48.9886
-50.0154
-51.0592
-52.1188
-53.192
-54.276
-55.3673
-56.4612
-57.5526
-58.6353
-59.7024
-60.7465
-61.7601
-62.7356
-63.6658
-64.5443
-65.3657
-66.1261
-66.823
-67.4555
-68.0242
-68.5311
-68.9791
-69.3723
-69.7151
-70.0122
-70.2685
-70.4887
-70.6773
-70.8384
-70.9759
-71.0931
-71.193
-71.2781
-71.3509
-71.4131
-71.4665
-71.5125
-71.5521
-71.5865
-71.6165
-71.6427
-71.6658
-71.6863
-71.7046
-71.7209
-71.7357
-71.7492
-71.7615
-71.7729
-71.7834
-71.7932
-71.8025
-71.8112
-71.8195
-71.8274
-71.835
-71.8422
-71.8493
-71.8561
-71.8627
-71.8691
-71.8754
-71.8815
-71.8875
-71.8934
-71.8992
-71.9049
-71.9105
-71.9159
-71.9214
-71.9267
-71.9319
-71.9371
-71.9422
-71.9472
-71.9522
-71.9571
-71.9619
-71.9666
-71.9713
-71.9759
-71.9804
-71.9849
-71.9893
-71.9936
-71.9979
-72.0021
-72.0062
-72.0102
-72.0142
-72.0181
-72.0219
-72.0257
-72.0293
-72.0329
-72.0365
-72.0399
-72.0433
-72.0466
-72.0498
-72.0529
-72.056
-72.059
-72.0619
-72.0647
-72.0674
-72.0701
-72.0726
-72.0751
-72.0775
-72.0798
-72.0821
-72.0842
-72.0863
-72.0883
-72.0901
-72.0919
-72.0936
-72.0953
-72.0968
-72.0982
-72.0996
-72.1008
-72.102
-72.1031
-72.1041
-72.105
-72.1058
-72.1065
-72.1071
-72.1076
-72.108
-72.1084
-72.1086
-72.1087
-72.1088
-72.1088
-72.1086
-72.1084
-72.1081
-72.1076
-72.1071
-72.1065
-72.1058
-72.105
-72.1041
-72.1031
-72.102
-72.1008
-72.0995
-72.0981
-72.0966
-72.095
-72.0933
-72.0916
-72.0897
-72.0877
-72.0857
-72.0835
-72.0812
-72.0789
-72.0764
-72.0738
-72.0712
-72.0684
-72.0656
-72.0627
-72.0596
-72.0565
-72.0532
-72.0499
-72.0465
-72.043
-72.0393
-72.0356
-72.0318
-72.0279
-72.0239
-72.0198
-72.0156
-72.0113
-72.0069
-72.0024
-71.9979
-71.9932
-71.9884
-71.9836
-71.9786
-71.9735
-71.9684
-71.9632
-71.9578
-71.9524
-71.9469
-71.9413
-71.9356
-71.9298
-71.9239
-71.9179
-71.9119
-71.9057
-71.8994
-71.8931
-71.8867
-71.8802
-71.8735
-71.8668
-71.8601
-71.8532
-71.8462
-71.8392
-71.832
-71.8248
-71.8175
-71.8101
-71.8026
-71.795
-71.7873
-71.7796
-71.7717
-71.7638
-71.7558
-71.7477
-71.7396
-71.7313
-71.723
-71.7146
-71.7061
-71.6975
-71.6888
-71.6801
-71.6712
-71.6623
-71.6533
-71.6443
-71.6351
-71.6259
-71.6166
-71.6072
-71.5978
-71.5882
-71.5786
-71.5689
-71.5592
-71.5493
-71.5394
-71.5294
-71.5194
-71.5092
-71.499
-71.4888
-71.4784
-71.468
-71.4575
-71.4469
-71.4363
-71.4256
-71.4148
-71.4039
-71.393
-71.3821
-71.371
-71.3599
-71.3487
-71.3374
-71.3261
-71.3147
-71.3033
-71.2918
-71.2802
-71.2686
-71.2569
-71.2451
-71.2333
-71.2214
-71.2094
-71.1974
-71.1853
-71.1732
-71.161
-71.1487
-71.1364
-71.1241
-71.1116
-71.0991
-71.0866
-71.074
-71.0614
-71.0487
-71.0359
-71.0231
-71.0102
-70.9973
-70.9843
-70.9713
-70.9582
-70.9451
-70.9319
-70.9186
-70.9054
-70.892
-70.8787
-70.8652
-70.8517
-70.8382
-70.8246
-70.811
-70.7974
-70.7837
-70.7699
-70.7561
-70.7423
-70.7284
-70.7144
-70.7005
-70.6864
-70.6724
-70.6583
-70.6441
-70.63
-70.6157
-70.6015
-70.5872
-70.5728
-70.5585
-70.5441
-70.5296
-70.5151
-70.5006
-70.486
-70.4715
-70.4568
-70.4422
-70.4275
-70.4127
-70.398
-70.3832
-70.3684
-70.3535
-70.3386
-70.3237
-70.3087
-70.2938
-70.2788
-70.2637
-70.2487
-70.2336
-70.2184
-70.2033
-70.1881
-70.1729
-70.1577
-70.1425
-70.1272
-70.1119
-70.0966
-70.0812
-70.0658
-70.0505
-70.035
-70.0196
-70.0042
-69.9887
-69.9732
-69.9577
-69.9421
-69.9266
-69.911
-69.8954
-69.8798
-69.8642
-69.8485
-69.8329
-69.8172
-69.8015
-69.7858
-69.7701
-69.7544
-69.7386
-69.7228
-69.7071
-69.6913
-69.6755
-69.6597
-69.6438
-69.628
-69.6122
-69.5963
-69.5804
-69.5646
-69.5487
-69.5328
-69.5169
-69.501
-69.4851
-69.4691
-69.4532
-69.4373
-69.4213
-69.4054
-69.3894
-69.3734
-69.3575
-69.3415
-69.3255
-69.3096
-69.2936
-69.2776
-69.2616
-69.2456
-69.2296
-69.2136
-69.1976
-69.1816
-69.1657
-69.1497
-69.1337
-69.1177
-69.1017
-69.0857
-69.0697
-69.0537
-69.0377
-69.0217
-69.0058
-68.9898
-68.9738
-68.9578
-68.9419
-68.9259
-68.91
-68.894
-68.8781
-68.8621
-68.8462
-68.8303
-68.8144
-68.7984
-68.7825
-68.7666
-68.7508
-68.7349
-68.719
-68.7031
-68.6873
-68.6714
-68.6556
-68.6398
-68.6239
-68.6081
-68.5923
-68.5766
-68.5608
-68.545
-68.5293
-68.5135
-68.4978
-68.4821
-68.4664
-68.4507
-68.435
-68.4194
-68.4037
-68.3881
-68.3725
-68.3569
-68.3413
-68.3257
-68.3102
-68.2946
-68.2791
-68.2636
-68.2481
-68.2326
-68.2172
-68.2017
-68.1863
-68.1709
-68.1555
-68.1401
-68.1248
-68.1094
-68.0941
-68.0788
-68.0635
-68.0483
-68.033
-68.0178
-68.0026
-67.9874
-67.9723
-67.9571
-67.942
-67.9269
-67.9118
-67.8968
-67.8818
-67.8667
-67.8518
-67.8368
-67.8218
-67.8069
-67.792
-67.7771
-67.7623
-67.7475
-67.7326
-67.7179
-67.7031
-67.6884
-67.6736
-67.659
-67.6443
-67.6296
-67.615
-67.6004
-67.5859
-67.5713
-67.5568
-67.5423
-67.5279
-67.5134
-67.499
-67.4846
-67.4703
-67.456
-67.4417
-67.4274
-67.4131
-67.3989
-67.3847
-67.3705
-67.3564
-67.3423
-67.3282
-67.3142
-67.3001
-67.2861
-67.2722
-67.2582
-67.2443
-67.2304
-67.2166
-67.2027
-67.1889
-67.1752
-67.1614
-67.1477
-67.134
-67.1204
-67.1068
-67.0932
-67.0796
-67.0661
-67.0526
-67.0391
-67.0257
-67.0123
-66.9989
-66.9856
-66.9723
-66.959
-66.9457
-66.9325
-66.9193
-66.9062
-66.8931
-66.88
-66.8669
-66.8539
-66.8409
-66.828
-66.815
-66.8021
-66.7893
-66.7764
-66.7637
-66.7509
-66.7382
-66.7255
-66.7128
-66.7002
-66.6876
-66.675
-66.6625
-66.65
-66.6375
-66.6251
-66.6127
-66.6003
-66.588
-66.5757
-66.5635
-66.5512
-66.5391
-66.5269
-66.5148
-66.5027
-66.4907
-66.4787
-66.4667
-66.4548
-66.4429
-66.431
-66.4192
-66.4074
-66.3956
-66.3839
-66.3722
-66.3606
-66.3489
-66.3374
-66.3258
-66.3143
-66.3028
-66.2914
-66.28
-66.2686
-66.2573
-66.246
-66.2348
-66.2235
-66.2124
-66.2012
-66.1901
-66.179
-66.168
-66.157
-66.146
-66.1351
-66.1242
-66.1134
-66.1026
-66.0918
-66.0811
-66.0704
-66.0597
-66.0491
-66.0385
-66.028
-66.0175
-66.007
-65.9966
-65.9862
-65.9758
-65.9655
-65.9553
-65.945
-65.9348
-65.9247
-65.9146
-65.9045
-65.8944
-65.8844
-65.8745
-65.8645
-65.8547
-65.8448
-65.835
-65.8252
-65.8155
-65.8058
-65.7961
-65.7865
-65.7769
-65.7674
-65.7579
-65.7484
-65.739
-65.7296
-65.7203
-65.711
-65.7017
-65.6925
-65.6833
-65.6742
-65.6651
-65.656
-65.647
-65.638
-65.629
-65.6201
-65.6113
-65.6024
-65.5937
-65.5849
-65.5762
-65.5676
-65.5589
-65.5504
-65.5418
-65.3975
-65.1649
-64.8674
-64.5195
-64.1317
-63.712
-63.2667
-62.8009
-62.3188
-61.8237
-61.3183
-60.805
-60.2854
-59.7613
-59.2338
-58.7038
-58.1723
-57.6399
-57.107
-56.574
-56.0413
-55.5088
-54.9766
-54.4446
-53.9126
-53.3804
-52.8475
-52.3133
-51.7774
-51.2388
-50.6968
-50.1504
-49.5983
-49.0393
-48.4719
-47.8943
-47.3047
-46.7009
-46.0805
-45.4408
-44.7787
-44.0908
-43.3731
-42.6212
-41.8301
-40.994
-40.1065
-39.1602
-38.1465
-37.0558
-35.877
-34.5976
-33.2032
-31.6774
-30.0021
-28.1567
-26.1189
-23.8649
-21.3698
-18.6096
-15.5632
-12.2158
-8.56342
-4.61871
-0.416956
3.97899
8.47696
12.9588
17.2902
21.3359
24.977
28.1264
30.7383
32.8091
34.3712
35.4817
36.2098
36.626
36.7948
36.7704
36.5965
36.3062
35.9241
35.4684
34.9521
34.3848
33.7734
33.1233
32.4388
31.723
30.9789
30.209
29.4153
28.5998
27.7644
26.9108
26.0405
25.1552
24.2561
23.3447
22.4223
21.49
20.5492
19.6009
18.6462
17.686
16.7214
15.7531
14.7821
13.8091
12.8349
11.8601
10.8855
9.91148
8.93874
7.96775
6.99897
6.03284
5.06974
4.11004
3.15404
2.20205
1.25432
0.311082
-0.627455
-1.56112
-2.48975
-3.41321
-4.33141
-5.24425
-6.15166
-7.05358
-7.94998
-8.84084
-9.72615
-10.6059
-11.4802
-12.349
-13.2124
-14.0704
-14.9231
-15.7707
-16.6132
-17.4507
-18.2834
-19.1115
-19.9351
-20.7544
-21.5696
-22.3809
-23.1887
-23.9932
-24.7947
-25.5935
-26.3901
-27.1848
-27.978
-28.7703
-29.5623
-30.3543
-31.1471
-31.9413
-32.7377
-33.5369
-34.3397
-35.1471
-35.9599
-36.7791
-37.6056
-38.4405
-39.2848
-40.1397
-41.0062
-41.8854
-42.7784
-43.6863
-44.6099
-45.5502
-46.5079
-47.4833
-48.4768
-49.4881
-50.5168
-51.5619
-52.6215
-53.6935
-54.7747
-55.8612
-56.9484
-58.0306
-59.1015
-60.1541
-61.1811
-62.1749
-63.1282
-64.0341
-64.8867
-65.6812
-66.4142
-67.0838
-67.6897
-68.2329
-68.7159
-69.1418
-69.5149
-69.8396
-70.1207
-70.363
-70.571
-70.749
-70.9012
-71.031
-71.1417
-71.2361
-71.3167
-71.3856
-71.4446
-71.4953
-71.539
-71.5768
-71.6096
-71.6382
-71.6634
-71.6856
-71.7053
-71.7229
-71.7387
-71.7531
-71.7661
-71.7781
-71.7892
-71.7995
-71.8092
-71.8182
-71.8268
-71.835
-71.8428
-71.8503
-71.8575
-71.8644
-71.8712
-71.8777
-71.8841
-71.8903
-71.8964
-71.9024
-71.9082
-71.9139
-71.9196
-71.9251
-71.9306
-71.936
-71.9412
-71.9465
-71.9516
-71.9567
-71.9616
-71.9666
-71.9714
-71.9762
-71.9809
-71.9855
-71.9901
-71.9946
-71.999
-72.0033
-72.0076
-72.0118
-72.016
-72.0201
-72.0241
-72.028
-72.0318
-72.0356
-72.0393
-72.0429
-72.0465
-72.05
-72.0534
-72.0567
-72.0599
-72.0631
-72.0662
-72.0692
-72.0721
-72.0749
-72.0777
-72.0804
-72.083
-72.0855
-72.0879
-72.0902
-72.0925
-72.0947
-72.0967
-72.0987
-72.1006
-72.1025
-72.1042
-72.1058
-72.1074
-72.1088
-72.1102
-72.1115
-72.1127
-72.1138
-72.1148
-72.1157
-72.1165
-72.1173
-72.1179
-72.1185
-72.1189
-72.1193
-72.1195
-72.1197
-72.1198
-72.1197
-72.1196
-72.1194
-72.1191
-72.1187
-72.1182
-72.1176
-72.1169
-72.1161
-72.1152
-72.1143
-72.1132
-72.112
-72.1107
-72.1094
-72.1079
-72.1063
-72.1047
-72.1029
-72.1011
-72.0991
-72.0971
-72.0949
-72.0927
-72.0903
-72.0879
-72.0854
-72.0827
-72.08
-72.0772
-72.0742
-71.9275
-71.6916
-71.3935
-71.0498
-70.6721
-70.2693
-69.8479
-69.4134
-68.9698
-68.5205
-68.0682
-67.6151
-67.1629
-66.713
-66.2667
-65.8249
-65.3883
-64.9578
-64.5337
-64.1165
-63.7065
-63.3042
-62.9096
-62.5229
-62.1444
-61.7739
-61.4117
-61.0577
-60.7119
-60.3743
-60.0449
-59.7235
-59.4102
-59.1047
-58.807
-58.517
-58.2345
-57.9594
-57.6916
-57.4309
-57.1772
-56.9303
-56.69
-56.4562
-56.2287
-56.0074
-55.7921
-55.5826
-55.3787
-55.1804
-54.9874
-54.7995
-54.6167
-54.4388
-54.2655
-54.0968
-53.9326
-53.7726
-53.6168
-53.4649
-53.3169
-53.1727
-53.0321
-52.8949
-52.7612
-52.6307
-52.5033
-52.379
-52.2576
-52.1391
-52.0233
-51.9101
-51.7995
-51.6914
-51.5857
-51.4823
-51.3811
-51.2821
-51.1852
-51.0903
-50.9974
-50.9064
-50.8172
-50.7298
-50.6442
-50.5602
-50.4778
-50.397
-50.3177
-50.24
-50.1636
-50.0887
-50.0151
-49.9429
-49.872
-49.8023
-49.7338
-49.6665
-49.5054
-49.2887
-49.0346
-48.7534
-48.4522
-48.136
-47.8081
-47.4712
-47.1272
-46.7774
-46.4227
-46.0638
-45.701
-45.3345
-44.9645
-44.5907
-44.2131
-43.8313
-43.4449
-43.0536
-42.6568
-42.254
-41.8444
-41.4275
-41.0024
-40.5683
-40.1243
-39.6695
-39.2027
-38.723
-38.2292
-37.7198
-37.1938
-36.6495
-36.0855
-35.5001
-34.8916
-34.2583
-33.5983
-32.9094
-32.1897
-31.437
-30.6489
-29.8233
-28.9578
-28.0499
-27.0975
-26.0982
-25.0499
-23.9506
-22.7987
-21.5928
-20.332
-19.016
-17.6452
-16.2206
-14.7444
-13.2198
-11.6511
-10.0442
-8.40606
-6.74554
-5.07299
-3.40043
-1.74161
-0.111939
1.4717
2.99121
4.42784
5.76285
6.97853
8.05924
8.99246
9.76967
10.3868
10.8444
11.147
11.3026
11.3219
11.2169
11.0004
10.6852
10.2835
9.80664
9.26492
8.66747
8.02236
7.33661
6.61631
5.86677
5.09254
4.2976
3.4854
2.65894
1.82084
0.973392
0.118623
-0.741695
-1.60599
-2.47289
-3.34115
-4.20971
-5.0776
-5.94399
-6.80812
-7.66934
-8.52709
-9.38086
-10.2302
-11.0748
-11.9142
-12.7483
-13.5767
-14.3994
-15.216
-16.0267
-16.8311
-17.6294
-18.4214
-19.2072
-19.9868
-20.7602
-21.5275
-22.2888
-23.0443
-23.794
-24.5381
-25.2768
-26.0104
-26.7389
-27.4628
-28.1822
-28.8975
-29.6089
-30.3169
-31.0217
-31.7238
-32.4236
-33.1215
-33.8181
-34.5137
-35.2089
-35.9042
-36.6003
-37.2976
-37.9968
-38.6985
-39.4033
-40.1119
-40.8248
-41.5428
-42.2665
-42.9964
-43.7333
-44.4775
-45.2297
-45.9902
-46.7595
-47.5376
-48.3247
-49.1206
-49.9252
-50.7378
-51.5576
-52.3835
-53.214
-54.0473
-54.881
-55.7125
-56.5387
-57.3561
-58.1609
-58.9489
-59.7161
-60.4582
-61.1711
-61.8511
-62.4949
-63.1
-63.6642
-64.1865
-64.6665
-65.1045
-65.5016
-65.8595
-66.1804
-66.4666
-66.721
-66.9462
-67.1452
-67.3206
-67.4751
-67.611
-67.7308
-67.8364
-67.9296
-68.0121
-68.0854
-68.1507
-68.2092
-68.2617
-68.3092
-68.3523
-68.3917
-68.4279
-68.4614
-68.4925
-68.5216
-68.5489
-68.5747
-68.5993
-68.6227
-68.6452
-68.6669
-68.6878
-68.7081
-68.7278
-68.7471
-68.7659
-68.7844
-68.8025
-68.8203
-68.8379
-68.8552
-68.8724
-68.8893
-68.9061
-68.9227
-68.9391
-68.9554
-68.9716
-68.9877
-69.0036
-69.0194
-69.0352
-69.0508
-69.0663
-69.0817
-69.0971
-69.1123
-69.1275
-69.1425
-69.1575
-69.1724
-69.1872
-69.2019
-69.2165
-69.231
-69.2454
-69.2598
-69.274
-69.2882
-69.3023
-69.3163
-69.3302
-69.344
-69.3577
-69.3713
-69.3848
-69.3983
-69.4116
-69.4248
-69.438
-69.451
-69.464
-69.4768
-69.4896
-69.5022
-69.5148
-69.5272
-69.5396
-69.5518
-69.564
-69.576
-69.588
-69.5998
-69.6115
-69.6231
-69.6346
-69.646
-69.6573
-69.6685
-69.6796
-69.6906
-69.7015
-69.7122
-69.7229
-69.7334
-69.7438
-69.7541
-69.7643
-69.7744
-69.7844
-69.7942
-69.804
-69.8136
-69.8232
-69.8326
-69.8419
-69.851
-69.8601
-69.869
-69.8779
-69.8866
-69.8952
-69.9037
-69.9121
-69.9203
-69.9285
-69.9365
-69.9444
-69.9522
-69.9599
-69.9674
-69.9749
-69.9822
-69.9894
-69.9965
-70.0035
-70.0104
-70.0171
-70.0237
-70.0303
-70.0366
-70.0429
-70.0491
-70.0551
-70.0611
-70.0669
-70.0726
-70.0782
-70.0836
-70.089
-70.0942
-70.0993
-70.1043
-70.1092
-70.114
-70.1186
-70.1232
-70.1276
-70.1319
-70.1361
-70.1402
-70.1442
-70.148
-70.1518
-70.1554
-70.1589
-70.1623
-70.1656
-70.1688
-70.1718
-70.1748
-70.1776
-70.1803
-70.183
-70.1855
-70.1879
-70.1901
-70.1923
-70.1944
-70.1963
-70.1982
-70.1999
-70.2015
-70.2031
-70.2045
-70.2058
-70.207
-70.208
-70.209
-70.2099
-70.2107
-70.2113
-70.2119
-70.2123
-70.2127
-70.2129
-70.213
-70.2131
-70.213
-70.2128
-70.2125
-70.2122
-70.2117
-70.2111
-70.2104
-70.2096
-70.2087
-70.2077
-70.2067
-70.2055
-70.2042
-70.2028
-70.2013
-70.1997
-70.1981
-70.1963
-70.0522
-69.8183
-69.5201
-69.1736
-68.7903
-68.3787
-67.9456
-67.4962
-67.0349
-66.5651
-66.0896
-65.6107
-65.1304
-64.6502
-64.1714
-63.6951
-63.2223
-62.7537
-62.29
-61.8317
-61.3793
-60.9331
-60.4935
-60.0608
-59.6351
-59.2166
-58.8053
-58.4015
-58.0051
-57.6162
-57.2346
-56.8605
-56.4936
-56.134
-55.7815
-55.4359
-55.0972
-54.7652
-54.4396
-54.1202
-53.807
-53.4996
-53.1977
-52.9013
-52.6099
-52.3234
-52.0414
-51.7636
-51.4899
-51.2198
-50.9531
-50.6895
-50.4286
-50.1701
-49.9137
-49.659
-49.4057
-49.1534
-48.9018
-48.6505
-48.399
-48.1471
-47.8943
-47.6401
-47.3842
-47.1261
-46.8653
-46.6012
-46.3335
-46.0616
-45.7848
-45.5026
-45.2143
-44.9193
-44.6168
-44.306
-43.9862
-43.6565
-43.3158
-42.9632
-42.5975
-42.2176
-41.822
-41.4095
-40.9784
-40.5271
-40.0538
-39.5564
-39.0327
-38.4803
-37.8967
-37.2789
-36.6238
-35.928
-35.1879
-34.3992
-33.5577
-32.6587
-31.6969
-30.6671
-29.5635
-28.3801
-27.1107
-25.7491
-24.2893
-22.7254
-21.0524
-19.2662
-17.3644
-15.3465
-13.215
-10.9758
-8.63896
-6.21968
-3.73843
-1.22134
1.29996
3.7891
6.20624
8.51004
10.6602
12.62
14.3594
15.8569
17.1008
18.0896
18.8306
19.3384
19.6325
19.7351
19.6694
19.4578
19.1211
18.6779
18.1445
17.5349
16.8609
16.1326
15.3584
14.5454
13.6996
12.8262
11.9294
11.0131
10.0806
9.13466
8.17782
7.21231
6.24007
5.26286
4.28221
3.29952
2.31601
1.33277
0.350792
-0.629071
-1.60605
-2.57946
-3.54872
-4.51329
-5.47272
-6.42663
-7.37466
-8.31654
-9.25203
-10.1809
-11.1031
-12.0184
-12.9267
-13.828
-14.7223
-15.6095
-16.4897
-17.3629
-18.2293
-19.0888
-19.9417
-20.788
-21.628
-22.4617
-23.2895
-24.1116
-24.9281
-25.7395
-26.546
-27.348
-28.1459
-28.9399
-29.7307
-30.5186
-31.3042
-32.0879
-32.8704
-33.6523
-34.4342
-35.2167
-36.0007
-36.7867
-37.5757
-38.3683
-39.1655
-39.968
-40.7767
-41.5925
-42.4162
-43.2486
-44.0907
-44.943
-45.8064
-46.6815
-47.5687
-48.4684
-49.3807
-50.3056
-51.2427
-52.1914
-53.1507
-54.119
-55.0945
-56.0748
-57.0569
-58.0372
-59.0117
-59.9759
-60.9248
-61.8531
-62.7554
-63.6263
-64.4606
-65.2535
-66.0011
-66.7
-67.348
-67.9439
-68.4875
-68.9796
-69.4219
-69.8166
-70.1669
-70.476
-70.7474
-70.9847
-71.1915
-71.3712
-71.527
-71.6619
-71.7786
-71.8794
-71.9665
-72.0418
-72.107
-72.1636
-72.2126
-72.2553
-72.2925
-72.325
-72.3536
-72.3787
-72.4009
-72.4206
-72.4381
-72.4538
-72.4678
-72.4806
-72.4921
-72.5026
-72.5122
-72.521
-72.5292
-72.5368
-72.5438
-72.5504
-72.5566
-72.5624
-72.5679
-72.5731
-72.5781
-72.5828
-72.5873
-72.5916
-72.5958
-72.5997
-72.6035
-72.6072
-72.6107
-72.6141
-72.6174
-72.6206
-72.6236
-72.6265
-72.6293
-72.6321
-72.6347
-72.6372
-72.6396
-72.6419
-72.6442
-72.6463
-72.6483
-72.6503
-72.6521
-72.6539
-72.6556
-72.6572
-72.6586
-72.66
-72.6614
-72.6626
-72.6637
-72.6647
-72.6657
-72.6665
-72.6673
-72.6679
-72.6685
-72.669
-72.6694
-72.6697
-72.6699
-72.67
-72.67
-72.67
-72.6698
-72.6695
-72.6692
-72.6687
-72.6682
-72.6675
-72.6668
-72.666
-72.5223
-72.2918
-72.002
-71.6697
-71.3066
-70.9213
-70.5203
-70.1089
-69.6908
-69.2693
-68.8468
-68.4253
-68.0063
-67.5912
-67.1808
-66.7761
-66.3777
-65.9861
-65.6017
-65.2248
-64.8556
-64.4945
-64.1413
-63.7963
-63.4596
-63.131
-62.8106
-62.4983
-62.1941
-61.898
-61.6098
-61.3293
-61.0566
-60.7915
-60.5338
-60.2834
-60.0402
-59.8041
-59.5748
-59.3523
-59.1364
-58.9269
-58.7237
-58.5267
-58.3356
-58.1505
-57.971
-57.7971
-57.6286
-57.4655
-57.3075
-57.1545
-57.0064
-56.863
-56.7244
-56.5902
-56.4605
-56.335
-56.2138
-56.0966
-55.9834
-55.8741
-55.7685
-55.6666
-55.5683
-55.4735
-55.3821
-55.2941
-55.2093
-55.1277
-55.0491
-54.9737
-54.9011
-54.8315
-54.7647
-54.7006
-54.6393
-54.5806
-54.5246
-54.471
-54.42
-54.3714
-54.3252
-54.2814
-54.2399
-54.2006
-54.1636
-54.1288
-54.0961
-54.0656
-54.0371
-54.0107
-53.9863
-53.9639
-53.9435
-53.925
-53.9084
-53.8936
-53.8808
-53.8697
-53.8605
-53.853
-53.8473
-53.8433
-53.8411
-53.8405
-53.8416
-53.8444
-53.8488
-53.8548
-53.8623
-53.8715
-53.8822
-53.8945
-53.9083
-53.9236
-53.9404
-53.9586
-53.9783
-53.9994
-54.022
-54.046
-54.0713
-54.0981
-54.1261
-54.1555
-54.1863
-54.2183
-54.2516
-54.2862
-54.322
-54.359
-54.3973
-54.4368
-54.4774
-54.5192
-54.5622
-54.6062
-54.6514
-54.6977
-54.745
-54.7934
-54.8428
-54.8932
-54.9446
-54.997
-55.0503
-55.1046
-55.1597
-55.2158
-55.2727
-55.3304
-55.389
-55.4484
-55.5085
-55.5695
-55.6311
-55.6935
-55.7566
-55.8203
-55.8847
-55.9497
-56.0153
-56.0815
-56.1483
-56.2155
-56.2833
-56.3516
-56.4204
-56.4896
-56.5592
-56.6292
-56.6996
-56.7703
-56.8414
-56.9128
-56.9845
-57.0564
-57.1286
-57.201
-57.2736
-57.3464
-57.4194
-57.4925
-57.5657
-57.6391
-57.7125
-57.7859
-57.8595
-57.933
-58.0066
-58.0801
-58.1537
-58.2271
-58.3006
-58.3739
-58.4472
-58.5203
-58.5934
-58.6663
-58.739
-58.8116
-58.884
-58.9562
-59.0283
-59.1001
-59.1717
-59.243
-59.3141
-59.3849
-59.4555
-59.5258
-59.5958
-59.6655
-59.735
-59.804
-59.8728
-59.9413
-60.0094
-60.0772
-60.1446
-60.2117
-60.2784
-60.3447
-60.4107
-60.4763
-60.5416
-60.6064
-60.6709
-60.7349
-60.7986
-60.8619
-60.9247
-60.9872
-61.0493
-61.111
-61.1722
-61.2331
-61.2935
-61.3535
-61.4131
-61.4723
-61.5311
-61.5894
-61.6473
-61.7049
-61.762
-61.8186
-61.8749
-61.9308
-61.9862
-62.0412
-62.0958
-62.15
-62.2037
-62.2571
-62.31
-62.3626
-62.4147
-62.4664
-62.5177
-62.5686
-62.6191
-62.6692
-62.7189
-62.7682
-62.8171
-62.8656
-62.9137
-62.9614
-63.0087
-63.0556
-63.1022
-63.1483
-63.1941
-63.2395
-63.2845
-63.3291
-63.3734
-63.4173
-63.4608
-63.504
-63.5468
-63.5892
-63.6313
-63.673
-63.7143
-63.7553
-63.7959
-63.8362
-63.8762
-63.9157
-63.955
-63.9939
-64.0325
-64.0707
-64.1086
-64.1461
-64.1834
-64.2203
-64.2568
-64.2931
-64.329
-64.3646
-64.3999
-64.4348
-64.4695
-64.5038
-64.5379
-64.5716
-64.605
-64.6381
-64.6709
-64.7034
-64.7356
-64.7676
-64.7992
-64.8305
-64.8615
-64.8923
-64.9228
-64.9529
-64.9828
-65.0124
-65.0418
-65.0708
-65.0996
-65.1281
-65.1564
-65.1843
-65.212
-65.2395
-65.2666
-65.2936
-65.3202
-65.3466
-65.3727
-65.3986
-65.4242
-65.4496
-65.4747
-65.4995
-65.5241
-65.5485
-65.5726
-65.5965
-65.6202
-65.6436
-65.6667
-65.6896
-65.7123
-65.7348
-65.757
-65.779
-65.8008
-65.8223
-65.8436
-65.8647
-65.8855
-65.9062
-65.9266
-65.9468
-65.9668
-65.9865
-66.0061
-66.0254
-66.0445
-66.0635
-66.0822
-66.1006
-66.1189
-66.137
-66.1549
-66.1726
-66.19
-66.2073
-66.2244
-66.2413
-66.2579
-66.2744
-66.2907
-66.3068
-66.3227
-66.3384
-66.3539
-66.3693
-66.3844
-66.3994
-66.4141
-66.4287
-66.4431
-66.4574
-66.4714
-66.4853
-66.499
-66.5125
-66.5258
-66.539
-66.552
-66.5648
-66.5774
-66.5899
-66.6022
-66.6144
-66.6263
-66.6381
-66.6498
-66.6613
-66.6726
-66.6837
-66.6947
-66.7056
-66.7163
-66.7268
-66.7371
-66.7473
-66.7574
-66.7673
-66.7771
-66.7866
-66.7961
-66.8054
-66.8145
-66.8235
-66.8324
-66.8411
-66.8497
-66.8581
-66.8664
-66.8745
-66.8825
-66.8904
-66.8981
-66.9057
-66.9131
-66.9204
-66.9276
-66.9347
-66.9416
-66.9483
-66.955
-66.9615
-66.9679
-66.9741
-66.9803
-66.9863
-66.9921
-66.9979
-67.0035
-67.009
-67.0144
-67.0196
-67.0248
-67.0298
-67.0347
-67.0394
-67.0441
-67.0486
-67.053
-67.0574
-67.0615
-67.0656
-67.0696
-67.0734
-67.0772
-67.0808
-67.0843
-67.0877
-67.0911
-67.0942
-67.0973
-67.1003
-67.1032
-67.106
-67.1086
-66.8356
-66.3867
-65.8118
-65.1428
-64.4028
-63.6094
-62.7766
-61.9157
-61.0356
-60.1435
-59.2451
-58.345
-57.4469
-56.5536
-55.6674
-54.7899
-53.9223
-53.0656
-52.2201
-51.3859
-50.5631
-49.7511
-48.9493
-48.1569
-47.3726
-46.5952
-45.823
-45.0542
-44.2867
-43.5181
-42.7459
-41.9672
-41.1789
-40.3774
-39.5589
-38.7193
-37.8541
-36.9581
-36.026
-35.0519
-34.0291
-32.9506
-31.8088
-30.5951
-29.3007
-27.9159
-26.4305
-24.834
-23.1154
-21.2642
-19.2705
-17.1255
-14.8229
-12.3597
-9.73766
-6.96469
-4.05638
-1.03719
2.05888
5.18837
8.29946
11.3342
14.2317
16.9322
19.3819
21.5378
23.371
24.8697
26.0387
26.8969
27.4737
27.804
27.9243
27.8692
27.6696
27.3519
26.9377
26.4444
25.8856
25.2724
24.6132
23.9148
23.1827
22.4214
21.6348
20.8259
19.9976
19.1523
18.2922
17.4192
16.5351
15.6415
14.74
13.8318
12.9182
12.0004
11.0795
10.1564
9.23203
8.30723
7.38277
6.45933
5.53756
4.61805
3.70131
2.78783
1.87805
0.972348
0.0710864
-0.825428
-1.71692
-2.60314
-3.48389
-4.35896
-5.22821
-6.09151
-6.94873
-7.79979
-8.64462
-9.48316
-10.3154
-11.1413
-11.9608
-12.774
-13.5809
-14.3815
-15.1759
-15.9642
-16.7463
-17.5225
-18.2927
-19.0572
-19.8159
-20.5692
-21.3171
-22.0598
-22.7974
-23.5303
-24.2585
-24.9823
-25.7021
-26.418
-27.1304
-27.8396
-28.5459
-29.2498
-29.9515
-30.6516
-31.3505
-32.0486
-32.7465
-33.4448
-34.1439
-34.8445
-35.5472
-36.2526
-36.9615
-37.6745
-38.3924
-39.1158
-39.8455
-40.5822
-41.3266
-42.0795
-42.8414
-43.6129
-44.3945
-45.1867
-45.9896
-46.8034
-47.6277
-48.4623
-49.3064
-50.1589
-51.0181
-51.8823
-52.7489
-53.6149
-54.4768
-55.3309
-56.1726
-56.9974
-57.8005
-58.5772
-59.3228
-60.0332
-60.7048
-61.3346
-61.9207
-62.4618
-62.9577
-63.409
-63.817
-64.1837
-64.5115
-64.8032
-65.0618
-65.2903
-65.4919
-65.6694
-65.8257
-65.9633
-66.0846
-66.1917
-66.2865
-66.3708
-66.446
-66.5134
-66.5742
-66.6292
-66.6794
-66.7254
-66.7678
-66.8073
-66.8441
-66.8788
-66.9116
-66.9428
-66.9726
-67.0013
-67.0289
-67.0557
-67.0817
-67.1071
-67.1319
-67.1563
-67.1802
-67.2038
-67.2271
-67.2501
-67.2728
-67.2953
-67.3177
-67.3398
-67.3618
-67.3836
-67.4054
-67.427
-67.4484
-67.4698
-67.4911
-67.5123
-67.5334
-67.5544
-67.5753
-67.5961
-67.6169
-67.6376
-67.6582
-67.6787
-67.6992
-67.7195
-67.7398
-67.76
-67.7802
-67.8002
-67.8202
-67.8401
-67.8599
-67.8797
-67.8993
-67.9189
-67.9384
-67.9578
-67.9772
-67.9964
-68.0155
-68.0346
-68.0536
-68.0724
-68.0912
-68.1099
-68.1285
-68.147
-68.1655
-68.1838
-68.202
-68.2201
-68.2381
-68.256
-68.2739
-68.2916
-68.3092
-68.3267
-68.3441
-68.3614
-68.3786
-68.3957
-68.4126
-68.4295
-68.4463
-68.4629
-68.4795
-68.4959
-68.5122
-68.5284
-68.5445
-68.5605
-68.5763
-68.5921
-68.6077
-68.6232
-68.6386
-68.6539
-68.669
-68.6841
-68.699
-68.7138
-68.7285
-68.7431
-68.7575
-68.7718
-68.786
-68.8001
-68.8141
-68.8279
-68.8416
-68.8552
-68.8687
-68.882
-68.8953
-68.9084
-68.9213
-68.9342
-68.9469
-68.9595
-68.972
-68.9844
-68.9966
-69.0087
-69.0207
-69.0326
-69.0443
-69.0559
-69.0674
-69.0787
-69.09
-69.1011
-69.1121
-69.1229
-69.1337
-69.1443
-69.1547
-69.1651
-69.1753
-69.1854
-69.1954
-69.2053
-69.215
-69.2246
-69.2341
-69.2434
-69.2527
-69.2618
-69.2708
-69.2796
-69.2884
-69.297
-69.3055
-69.3138
-69.3221
-69.3302
-69.3382
-69.346
-69.3538
-69.3614
-69.3689
-69.3763
-69.3835
-69.3907
-69.3977
-69.4046
-69.4113
-69.418
-69.4245
-69.4309
-69.4372
-69.4434
-69.4494
-69.4554
-69.4612
-69.4669
-69.4725
-69.4779
-69.4832
-69.4885
-69.4936
-69.4986
-69.5034
-69.5082
-69.5128
-69.5173
-69.5217
-69.526
-69.5302
-69.5343
-69.5382
-69.542
-69.5458
-69.5494
-69.5529
-69.5562
-69.4194
-69.1945
-68.9071
-68.5731
-68.2036
-67.8073
-67.3906
-66.9587
-66.5158
-66.0653
-65.6099
-65.1517
-64.6927
-64.2342
-63.7777
-63.324
-62.8741
-62.4286
-61.9883
-61.5535
-61.1248
-60.7024
-60.2867
-59.8779
-59.4761
-59.0815
-58.6942
-58.3142
-57.9416
-57.5765
-57.2186
-56.8681
-56.5248
-56.1887
-55.8596
-55.5375
-55.2221
-54.9133
-54.611
-54.315
-54.0251
-53.741
-53.4627
-53.1898
-52.9222
-52.6596
-52.4018
-52.1485
-51.8996
-51.6547
-51.4137
-51.1762
-50.9421
-50.711
-50.4827
-50.2569
-50.0334
-49.8119
-49.5922
-49.3739
-49.1568
-48.9406
-48.725
-48.5097
-48.2945
-48.079
-47.8629
-47.6459
-47.4277
-47.208
-46.9864
-46.7625
-46.536
-46.3064
-46.0735
-45.8367
-45.5955
-45.3497
-45.0985
-44.8415
-44.5782
-44.3079
-44.0299
-43.7437
-43.4484
-43.1433
-42.8275
-42.5001
-42.1601
-41.8065
-41.4379
-41.0533
-40.6512
-40.2301
-39.7884
-39.3243
-38.8358
-38.321
-37.7774
-37.2026
-36.5939
-35.9482
-35.2625
-34.5331
-33.7563
-32.928
-32.044
-31.0995
-30.0896
-29.0093
-27.8532
-26.6158
-25.2919
-23.8763
-22.3642
-20.7516
-19.0354
-17.2142
-15.2885
-13.2612
-11.1388
-8.9312
-6.65307
-4.32377
-1.96779
0.385494
2.70242
4.94629
7.07918
9.06429
10.8685
12.4647
13.8339
14.9662
15.8605
16.5238
16.9696
17.2155
17.2818
17.1894
16.9587
16.6089
16.157
15.6183
15.0059
14.331
13.6033
12.8309
12.0207
11.1786
10.3096
9.41814
8.50789
7.58213
6.64369
5.69506
4.73844
3.77577
2.80877
1.83896
0.867687
-0.103852
-1.0746
-2.04361
-3.01005
-3.9732
-4.93242
-5.88714
-6.83688
-7.78122
-8.7198
-9.65232
-10.5785
-11.4982
-12.4111
-13.3173
-14.2165
-15.1088
-15.9941
-16.8723
-17.7436
-18.608
-19.4655
-20.3164
-21.1606
-21.9984
-22.8299
-23.6554
-24.475
-25.2891
-26.0979
-26.9017
-27.7009
-28.4958
-29.2869
-30.0746
-30.8592
-31.6415
-32.4217
-33.2006
-33.9787
-34.7567
-35.5352
-36.3149
-37.0965
-37.8807
-38.6685
-39.4605
-40.2575
-41.0605
-41.8701
-42.6873
-43.5129
-44.3475
-45.1921
-46.0471
-46.9132
-47.7909
-48.6805
-49.5821
-50.4956
-51.4208
-52.3571
-53.3033
-54.2582
-55.22
-56.1865
-57.1547
-58.1216
-59.0831
-60.0352
-60.9731
-61.8918
-62.7861
-63.6508
-64.4809
-65.2717
-66.0193
-66.7202
-67.372
-67.9732
-68.5234
-69.023
-69.4735
-69.8769
-70.2358
-70.5534
-70.8331
-71.0783
-71.2924
-71.4789
-71.6409
-71.7813
-71.9029
-72.0081
-72.0991
-72.1779
-72.246
-72.3051
-72.3563
-72.4009
-72.4397
-72.4736
-72.5033
-72.5293
-72.5523
-72.5726
-72.5906
-72.6067
-72.621
-72.6339
-72.6456
-72.6561
-72.6657
-72.6745
-72.6825
-72.69
-72.6968
-72.7032
-72.7092
-72.7147
-72.7199
-72.7249
-72.7295
-72.7339
-72.738
-72.742
-72.7458
-72.7493
-72.7527
-72.756
-72.7591
-72.7621
-72.765
-72.7677
-72.7703
-72.7728
-72.7751
-72.7774
-72.7796
-72.7816
-72.7836
-72.7855
-72.7872
-72.7889
-72.7904
-72.7919
-72.7933
-72.7946
-72.7958
-72.7969
-72.7979
-72.7988
-72.7996
-72.8003
-72.8009
-72.8015
-72.8019
-72.8023
-72.8025
-72.8027
-72.8028
-72.8027
-72.8026
-72.8024
-72.8021
-72.8017
-72.8012
-72.8006
-72.7999
-72.7992
-72.7983
-72.7973
-72.7963
-72.7951
-72.7938
-72.7925
-72.791
-72.7895
-72.7879
-72.7861
-72.7843
-72.7824
-72.7803
-72.7782
-72.776
-72.7737
-72.7713
-72.7687
-72.7661
-72.7634
-72.7606
-72.7577
-72.7547
-72.7516
-72.7484
-72.7451
-72.7417
-72.7382
-72.7346
-72.7309
-72.7272
-72.7233
-72.7193
-72.7152
-72.711
-72.7068
-72.7024
-72.6979
-72.6934
-72.6887
-72.6839
-72.6791
-72.6741
-72.6691
-72.6639
-72.6587
-72.6533
-72.6479
-72.6423
-72.6367
-72.631
-72.6251
-72.6192
-72.6132
-72.6071
-72.6009
-72.5946
-72.5882
-72.5817
-72.5751
-72.5684
-72.5617
-72.5548
-72.5478
-72.5408
-72.5336
-72.5264
-72.519
-72.5116
-72.5041
-72.4965
-72.4888
-72.481
-72.4731
-72.4651
-72.4571
-72.4489
-72.4407
-72.4324
-72.4239
-72.4154
-72.4068
-72.3981
-72.3894
-72.3805
-72.3715
-72.3625
-72.3534
-72.3442
-72.3349
-72.3255
-72.316
-72.3065
-72.2969
-72.2871
-72.2773
-72.2674
-72.2575
-72.2474
-72.2373
-72.2271
-72.2168
-72.2064
-72.196
-72.1854
-72.1748
-72.1641
-72.1533
-72.1425
-72.1315
-72.1205
-72.1095
-72.0983
-72.0871
-72.0757
-72.0643
-72.0529
-72.0413
-72.0297
-72.018
-72.0063
-71.9945
-71.9825
-71.9706
-71.9585
-71.9464
-71.9342
-71.9219
-71.9096
-71.8972
-71.8848
-71.8722
-71.8596
-71.8469
-71.8342
-71.8214
-71.8085
-71.7956
-71.7826
-71.7695
-71.7564
-71.7432
-71.73
-71.7166
-71.7033
-71.6898
-71.6763
-71.6627
-71.6491
-71.6354
-71.6217
-71.6079
-71.594
-71.5801
-71.5661
-71.5521
-71.538
-71.5239
-71.5097
-71.4954
-71.4811
-71.4668
-71.4524
-71.4379
-71.4234
-71.4088
-71.3942
-71.3795
-71.3648
-71.35
-71.3352
-71.3204
-71.3054
-71.2905
-71.2755
-71.2604
-71.2453
-71.2302
-71.215
-71.1997
-71.1844
-71.1691
-71.1537
-71.1383
-71.1229
-71.1074
-71.0918
-71.0763
-71.0606
-71.045
-71.0293
-71.0136
-70.9978
-70.982
-70.9661
-70.9502
-70.9343
-70.9184
-70.7567
-70.5013
-70.1779
-69.8024
-69.3863
-68.9385
-68.4658
-67.9738
-67.467
-66.9491
-66.4231
-65.8915
-65.3563
-64.8194
-64.2821
-63.7457
-63.2112
-62.6795
-62.1514
-61.6275
-61.1083
-60.5943
-60.0858
-59.5831
-59.0865
-58.5962
-58.1123
-57.6349
-57.164
-56.6996
-56.2416
-55.79
-55.3446
-54.9052
-54.4716
-54.0436
-53.6209
-53.2031
-52.7899
-52.3808
-51.9754
-51.5732
-51.1738
-50.7764
-50.3806
-49.9856
-49.5908
-49.1954
-48.7986
-48.3995
-47.9972
-47.5908
-47.179
-46.7609
-46.3352
-45.9005
-45.4554
-44.9984
-44.5278
-44.0416
-43.5379
-43.0145
-42.4689
-41.8984
-41.3001
-40.6707
-40.0065
-39.3035
-38.5571
-37.7625
-36.9139
-36.0052
-35.0294
-33.979
-32.8454
-31.6194
-30.2907
-28.8485
-27.281
-25.5759
-23.7209
-21.7039
-19.5136
-17.1097
-14.5093
-11.7241
-8.76855
-5.66347
-2.43867
0.865884
4.19998
7.50466
10.7151
13.7649
16.5911
19.1393
21.3683
23.2532
24.7864
25.9767
26.8463
27.4267
27.7542
27.8659
27.7971
27.5791
27.239
26.7989
26.2771
25.6879
25.0429
24.3511
23.62
22.8555
22.0623
21.2447
20.406
19.5492
18.6768
17.7912
16.8944
15.9882
15.0742
14.154
13.2289
12.3001
11.3688
10.436
9.50263
8.56952
7.63746
6.70715
5.77923
4.85427
3.93279
3.01525
2.10206
1.19359
0.290166
-0.607927
-1.50044
-2.38714
-3.26787
-4.14245
-5.01075
-5.87268
-6.72814
-7.57707
-8.41942
-9.25517
-10.0843
-10.9068
-11.7227
-12.5321
-13.3349
-14.1312
-14.9212
-15.7048
-16.4822
-17.2535
-18.0187
-18.7781
-19.5316
-20.2796
-21.0222
-21.7595
-22.4917
-23.2191
-23.9418
-24.6602
-25.3745
-26.085
-26.7919
-27.4957
-28.1967
-28.8953
-29.5918
-30.2867
-30.9806
-31.6738
-32.3669
-33.0605
-33.7551
-34.4514
-35.15
-35.8515
-36.5567
-37.2662
-37.9808
-38.7012
-39.4282
-40.1624
-40.9046
-41.6555
-42.4156
-43.1855
-43.9657
-44.7565
-45.5579
-46.37
-47.1924
-48.0245
-48.8653
-49.7134
-50.5671
-51.424
-52.2815
-53.136
-53.9841
-54.8214
-55.6435
-56.4457
-57.2233
-57.9718
-58.6869
-59.3649
-60.0028
-60.5983
-61.1499
-61.6572
-62.1203
-62.5404
-62.9191
-63.2586
-63.5615
-63.8306
-64.069
-64.2794
-64.4649
-64.6283
-64.7721
-64.8987
-65.0104
-65.1091
-65.1965
-65.2743
-65.3437
-65.406
-65.4622
-65.5131
-65.5596
-65.6023
-65.6418
-65.6785
-65.7129
-65.7453
-65.776
-65.8053
-65.8334
-65.8604
-65.8866
-65.912
-65.9368
-65.9611
-65.9849
-66.0084
-66.0315
-66.0544
-66.077
-66.0994
-66.1217
-66.1439
-66.1659
-66.1878
-66.2097
-66.2315
-66.2532
-66.2749
-66.2966
-66.3182
-66.3398
-66.3614
-66.3829
-66.4044
-66.4259
-66.4474
-66.4689
-66.4904
-66.5118
-66.5333
-66.5547
-66.5761
-66.5975
-66.6188
-66.6402
-66.6615
-66.6828
-66.7041
-66.7253
-66.7466
-66.7678
-66.7889
-66.81
-66.8311
-66.8522
-66.8732
-66.8942
-66.9151
-66.936
-66.9568
-66.9776
-66.9983
-67.019
-67.0397
-67.0602
-67.0808
-67.1012
-67.1216
-67.142
-67.1622
-67.1824
-67.2026
-67.2227
-67.2427
-67.2626
-67.2825
-67.3022
-67.322
-67.3416
-67.3611
-67.3806
-67.4
-67.4193
-67.4385
-67.4577
-67.4767
-67.4957
-67.5146
-67.5334
-67.5521
-67.5707
-67.5892
-67.6076
-67.6259
-67.6441
-67.6623
-67.6803
-67.6982
-67.7161
-67.7338
-67.7514
-67.769
-67.7864
-67.8037
-67.8209
-67.838
-67.855
-67.8719
-67.8887
-67.9054
-67.922
-67.9385
-67.9548
-67.9711
-67.9872
-68.0032
-68.0192
-68.035
-68.0506
-68.0662
-68.0817
-68.097
-68.1123
-68.1274
-68.1424
-68.1573
-68.172
-68.1867
-68.2012
-68.2156
-68.23
-68.2441
-68.2582
-68.2722
-68.286
-68.2997
-68.3133
-68.3268
-68.3401
-68.3534
-68.3665
-68.3795
-68.3923
-68.4051
-68.4177
-68.4302
-68.4426
-68.4549
-68.4671
-68.4791
-68.491
-68.367
-68.1592
-67.8931
-67.5842
-67.2437
-66.8796
-66.4982
-66.1045
-65.7022
-65.2944
-64.8837
-64.4719
-64.0608
-63.6516
-63.2455
-62.8432
-62.4455
-62.0531
-61.6663
-61.2856
-60.9114
-60.5439
-60.1832
-59.8296
-59.4832
-59.144
-58.8122
-58.4876
-58.1704
-57.8604
-57.5577
-57.2622
-56.9737
-56.6923
-56.4178
-56.1501
-55.8891
-55.6346
-55.3865
-55.1447
-54.9091
-54.6793
-54.4555
-54.2372
-54.0245
-53.8171
-53.615
-53.4178
-53.2255
-53.038
-52.855
-52.6764
-52.5021
-52.3319
-52.1656
-52.0032
-51.8445
-51.6893
-51.5375
-51.3889
-51.2435
-51.1012
-50.9617
-50.825
-50.691
-50.5595
-50.4304
-50.3037
-50.1792
-50.0569
-49.9366
-49.8182
-49.7016
-49.5868
-49.4737
-49.3621
-49.2521
-49.1434
-49.0361
-48.9301
-48.8252
-48.7214
-48.6187
-48.5169
-48.4161
-48.316
-48.2167
-48.1181
-48.0201
-47.9226
-47.8256
-47.729
-47.6328
-47.5368
-47.441
-47.3454
-47.2498
-47.1542
-47.0585
-46.9627
-46.8666
-46.7702
-46.6734
-46.5761
-46.4783
-46.3798
-46.2805
-46.1804
-46.0794
-45.9773
-45.874
-45.7695
-45.6636
-45.5562
-45.4471
-45.3363
-45.2235
-45.1086
-44.9916
-44.8721
-44.75
-44.6252
-44.4974
-44.3663
-44.2319
-44.0938
-43.9518
-43.8056
-43.6549
-43.4994
-43.3388
-43.1727
-43.0007
-42.8225
-42.6375
-42.4453
-42.2454
-42.0372
-41.8202
-41.5936
-41.3569
-41.1093
-40.85
-40.578
-40.2926
-39.9925
-39.6769
-39.3444
-38.9937
-38.6235
-38.2323
-37.8184
-37.3799
-36.915
-36.4215
-35.8973
-35.3397
-34.7462
-34.114
-33.4398
-32.7206
-31.9528
-31.1328
-30.2566
-29.3205
-28.3202
-27.2518
-26.1113
-24.895
-23.5995
-22.2224
-20.762
-19.218
-17.5918
-15.8873
-14.1108
-12.2723
-10.3852
-8.46707
-6.53936
-4.62722
-2.75857
-0.962819
0.730812
2.29511
3.70664
4.93876
5.98008
6.82612
7.4788
7.9454
8.23719
8.36814
8.35365
8.20955
7.95136
7.59372
7.15009
6.63265
6.05219
5.41822
4.73904
4.02187
3.27295
2.49769
1.70079
0.886296
0.0577256
-0.781869
-1.62984
-2.48387
-3.34196
-4.20236
-5.06355
-5.92421
-6.78318
-7.63947
-8.49221
-9.34067
-10.1842
-11.0223
-11.8544
-12.6802
-13.4994
-14.3117
-15.1169
-15.9149
-16.7054
-17.4885
-18.2641
-19.0322
-19.7929
-20.5461
-21.2919
-22.0305
-22.762
-23.4864
-24.2041
-24.9151
-25.6198
-26.3182
-27.0107
-27.6976
-28.3791
-29.0555
-29.7273
-30.3946
-31.058
-31.7178
-32.3744
-33.0283
-33.6799
-34.3297
-34.9782
-35.626
-36.2735
-36.9213
-37.57
-38.2202
-38.8724
-39.5273
-40.1855
-40.8475
-41.514
-42.1854
-42.8625
-43.5456
-44.2351
-44.9316
-45.6352
-46.3461
-47.0644
-47.7898
-48.5222
-49.2609
-50.005
-50.7535
-51.5049
-52.2575
-53.0089
-53.7567
-54.4981
-55.2298
-55.9484
-56.6504
-57.332
-57.9898
-58.6203
-59.2206
-59.7881
-60.3207
-60.8171
-61.2765
-61.6987
-62.0844
-62.4345
-62.7506
-63.0345
-63.2883
-63.5143
-63.7149
-63.8925
-64.0493
-64.1877
-64.3096
-64.417
-64.5116
-64.5952
-64.669
-64.7345
-64.7927
-64.8446
-64.8911
-64.933
-64.9709
-65.0055
-65.0371
-65.0663
-65.0934
-65.1187
-65.1426
-65.1651
-65.1867
-65.2073
-65.2272
-65.2465
-65.2653
-65.2837
-65.3017
-65.3195
-65.3372
-65.3546
-65.372
-65.3892
-65.4065
-65.4237
-65.4409
-65.4581
-65.4754
-65.4928
-65.5102
-65.5276
-65.5451
-65.5628
-65.5805
-65.5982
-65.6161
-65.6341
-65.6521
-65.6703
-65.6885
-65.7068
-65.7253
-65.7438
-65.6396
-65.4652
-65.2454
-64.9952
-64.7244
-64.4399
-64.1469
-63.8491
-63.5493
-63.2497
-62.9519
-62.6572
-62.3665
-62.0804
-61.7996
-61.5245
-61.2553
-60.9923
-60.7357
-60.4854
-60.2416
-60.0043
-59.7735
-59.5491
-59.3312
-59.1195
-58.914
-58.7147
-58.5215
-58.3342
-58.1527
-57.9769
-57.8067
-57.642
-57.4826
-57.3285
-57.1794
-57.0354
-56.8962
-56.7618
-56.6321
-56.5068
-56.2826
-56.0049
-55.6951
-55.3657
-55.0248
-54.678
-54.3296
-53.9822
-53.6382
-53.299
-52.9658
-52.6392
-52.3199
-52.0082
-51.7043
-51.4084
-51.1205
-50.8405
-50.5685
-50.3043
-50.0477
-49.7987
-49.5571
-49.3226
-49.0952
-48.8745
-48.6605
-48.4529
-48.2515
-48.0561
-47.8665
-47.6827
-47.5042
-47.3311
-47.1631
-47
-46.8417
-46.688
-46.5389
-46.394
-46.2534
-46.1168
-45.9842
-45.8554
-45.7304
-45.6089
-45.491
-45.3765
-45.2653
-45.1574
-45.0526
-44.951
-44.8523
-44.7566
-44.6639
-44.5739
-44.4868
-44.4024
-44.3207
-44.2416
-44.1652
-44.0914
-44.0201
-43.9513
-43.885
-43.8212
-43.7598
-43.7009
-43.6444
-43.5903
-43.5385
-43.4891
-43.4421
-43.3975
-43.3552
-43.3152
-43.2776
-43.2423
-43.2093
-43.1787
-43.1504
-43.1245
-43.1009
-43.0797
-43.0608
-43.0443
-43.0302
-43.0184
-43.009
-43.0021
-42.9975
-42.9954
-42.9957
-42.9984
-43.0036
-43.0112
-43.0214
-43.034
-43.0492
-43.0668
-43.087
-43.1098
-43.1352
-43.1631
-43.1936
-43.2267
-43.2625
-43.3009
-43.342
-43.3857
-43.4322
-43.4814
-43.5332
-43.5879
-43.6452
-43.7054
-43.7683
-43.834
-43.9024
-43.9737
-44.0479
-44.1248
-44.2046
-44.2872
-44.3727
-44.461
-44.5522
-44.6462
-44.7431
-44.8429
-44.9454
-45.0509
-45.1592
-45.2703
-45.3842
-45.501
-45.6205
-45.7428
-45.8679
-45.9957
-46.1262
-46.2593
-46.3951
-46.5335
-46.6744
-46.8179
-46.9638
-47.1122
-47.2629
-47.4159
-47.5712
-47.7287
-47.8883
-48.0499
-48.2135
-48.3789
-48.5462
-48.7152
-48.8858
-49.0579
-49.2314
-49.4063
-49.5824
-49.7596
-49.9379
-50.117
-50.2968
-50.4774
-50.6585
-50.84
-51.0218
-51.2038
-51.3859
-51.5679
-51.7497
-51.9312
-52.1123
-52.2929
-52.4728
-52.652
-52.8303
-53.0076
-53.1838
-53.3589
-53.5327
-53.7052
-53.8762
-54.0456
-54.2135
-54.3797
-54.5442
-54.7068
-54.8676
-55.0265
-55.1834
-55.3383
-55.4912
-55.642
-55.7907
-55.9374
-56.0819
-56.2242
-56.3644
-56.5025
-56.6384
-56.7722
-56.9038
-57.0333
-57.1607
-57.286
-57.4093
-57.5305
-57.6496
-57.7668
-57.8819
-57.9952
-58.1065
-58.2159
-58.3235
-58.4293
-58.5333
-58.6355
-58.7361
-58.8349
-58.9321
-59.0278
-59.1218
-59.2143
-59.3054
-59.3949
-59.4831
-59.5698
-59.6552
-59.7393
-59.822
-59.9035
-59.9838
-60.0629
-60.1409
-60.2177
-60.2933
-60.368
-60.4415
-60.5141
-60.5856
-60.6562
-60.7258
-60.7945
-60.8623
-60.9292
-60.9953
-61.0606
-61.125
-61.1886
-61.2515
-61.3136
-61.375
-61.4357
-61.4957
-61.5549
-61.4936
-61.3587
-61.1731
-60.9507
-60.701
-60.431
-60.1459
-59.85
-59.5464
-59.2377
-58.9258
-58.6124
-58.2988
-57.9859

