-65
-64.9994
-64.9988
-64.9982
-64.9977
-64.9971
-64.9965
-64.996
-64.9954
-64.9949
-64.9943
-64.9938
-64.9932
-64.9927
-64.9922
-64.9917
-64.9912
-64.9906
-64.9901
-64.9896
-64.9891
-64.9886
-64.9881
-64.9876
-64.9872
-64.9867
-64.9862
-64.9857
-64.9852
-64.9848
-64.9843
-64.9838
-64.9834
-64.9829
-64.9825
-64.982
-64.9816
-64.9811
-64.9807
-64.9802
-64.9798
-64.9794
-64.9789
-64.9785
-64.9781
-64.9777
-64.9772
-64.9768
-64.9764
-64.976
-64.9756
-64.9752
-64.9748
-64.9744
-64.974
-64.9736
-64.9732
-64.9728
-64.9725
-64.9721
-64.9717
-64.9713
-64.971
-64.9706
-64.9702
-64.9699
-64.9695
-64.9692
-64.9688
-64.9685
-64.9681
-64.9678
-64.9675
-64.9671
-64.9668
-64.9665
-64.9661
-64.9658
-64.9655
-64.9652
-64.9649
-64.9646
-64.9642
-64.9639
-64.9636
-64.9633
-64.963
-64.9628
-64.9625
-64.9622
-64.9619
-64.9616
-64.9613
-64.9611
-64.9608
-64.9605
-64.9603
-64.96
-64.9598
-64.9595
-64.9592
-64.959
-64.9588
-64.9585
-64.9583
-64.958
-64.9578
-64.9576
-64.9573
-64.9571
-64.9569
-64.9567
-64.9565
-64.9562
-64.956
-64.9558
-64.9556
-64.9554
-64.9552
-64.955
-64.9548
-64.9546
-64.9545
-64.9543
-64.9541
-64.9539
-64.9537
-64.9536
-64.9534
-64.9532
-64.9531
-64.9529
-64.9527
-64.9526
-64.9524
-64.9523
-64.9521
-64.952
-64.9519
-64.9517
-64.9516
-64.9514
-64.9513
-64.9512
-64.9511
-64.9509
-64.9508
-64.9507
-64.9506
-64.9505
-64.9504
-64.9503
-64.9502
-64.95
-64.9499
-64.9499
-64.9498
-64.9497
-64.9496
-64.9495
-64.9494
-64.9493
-64.9492
-64.9492
-64.9491
-64.949
-64.9489
-64.9489
-64.9488
-64.9487
-64.9487
-64.9486
-64.9486
-64.9485
-64.9485
-64.9484
-64.9484
-64.9483
-64.9483
-64.9482
-64.9482
-64.9482
-64.9481
-64.9481
-64.9481
-64.948
-64.948
-64.948
-64.948
-64.948
-64.9479
-64.9479
-64.9479
-64.9479
-64.9479
-64.9479
-64.9479
-64.9479
-64.9479
-64.9479
-64.9479
-64.9479
-64.9479
-64.9479
-64.9479
-64.9479
-64.9479
-64.9479
-64.948
-64.948
-64.948
-64.948
-64.9481
-64.9481
-64.9481
-64.9481
-64.9482
-64.9482
-64.9482
-64.9483
-64.9483
-64.9483
-64.9484
-64.9484
-64.9485
-64.9485
-64.9486
-64.9486
-64.9487
-64.9487
-64.9488
-64.9488
-64.9489
-64.9489
-64.949
-64.9491
-64.9491
-64.9492
-64.9492
-64.9493
-64.9494
-64.9494
-64.9495
-64.9496
-64.9497
-64.9497
-64.9498
-64.9499
-64.95
-64.95
-64.9501
-64.9502
-64.9503
-64.9504
-64.9504
-64.9505
-64.9506
-64.9507
-64.9508
-64.9509
-64.951
-64.951
-64.9511
-64.9512
-64.9513
-64.9514
-64.9515
-64.9516
-64.9517
-64.9518
-64.9519
-64.952
-64.9521
-64.9522
-64.9523
-64.9524
-64.9525
-64.9526
-64.9527
-64.9528
-64.9529
-64.953
-64.9532
-64.9533
-64.9534
-64.9535
-64.9536
-64.9537
-64.9538
-64.9539
-64.954
-64.9542
-64.9543
-64.9544
-64.9545
-64.9546
-64.9547
-64.9548
-64.955
-64.9551
-64.9552
-64.9553
-64.9554
-64.9556
-64.9557
-64.9558
-64.9559
-64.956
-64.9562
-64.9563
-64.9564
-64.9565
-64.9566
-64.9568
-64.9569
-64.957
-64.9571
-64.9573
-64.9574
-64.9575
-64.9576
-64.9578
-64.9579
-64.958
-64.9581
-64.9583
-64.9584
-64.9585
-64.9587
-64.9588
-64.9589
-64.959
-64.9592
-64.9593
-64.9594
-64.9595
-64.9597
-64.9598
-64.9599
-64.96
-64.9602
-64.9603
-64.9604
-64.9606
-64.9607
-64.9608
-64.9609
-64.9611
-64.9612
-64.9613
-64.9614
-64.9616
-64.9617
-64.9618
-64.962
-64.9621
-64.9622
-64.9623
-64.9625
-64.9626
-64.9627
-64.9628
-64.963
-64.9631
-64.9632
-64.9633
-64.9635
-64.9636
-64.9637
-64.9638
-64.964
-64.9641
-64.9642
-64.9643
-64.9645
-64.9646
-64.9647
-64.9648
-64.8303
-64.6083
-64.3219
-63.9854
-63.6092
-63.2012
-62.7678
-62.3138
-61.8435
-61.3602
-60.8664
-60.3645
-59.8562
-59.343
-58.8263
-58.3068
-57.7854
-57.2628
-56.7394
-56.2155
-55.6914
-55.1671
-54.6426
-54.1177
-53.5924
-53.0661
-52.5386
-52.0091
-51.4771
-50.9417
-50.402
-49.8569
-49.3052
-48.7454
-48.1761
-47.5954
-47.0013
-46.3915
-45.7635
-45.1143
-44.4408
-43.7392
-43.0054
-42.2346
-41.4215
-40.5601
-39.6433
-38.6632
-37.6107
-36.4756
-35.1779
-33.7358
-32.1496
-30.412
-28.5106
-26.4298
-24.1513
-21.6555
-18.9227
-15.9359
-12.6831
-9.16182
-5.38363
-1.37944
2.79644
7.06469
11.3235
15.456
19.3425
22.8746
25.9682
28.5729
30.6749
32.2936
33.4736
34.2742
34.7593
34.99
35.0201
34.8934
34.6445
34.2996
33.8782
33.3946
32.8592
32.2798
31.6624
31.0115
30.3307
29.6231
28.8913
28.0994
27.2752
26.4303
25.5704
24.699
23.8184
22.9305
22.0365
21.1377
20.2352
19.33
18.423
17.515
16.6067
15.6989
14.7922
13.8872
12.9845
12.0846
11.1878
10.2948
9.4057
8.52101
7.641
6.76596
5.89611
5.03169
4.1729
3.31989
2.47282
1.6318
0.796957
-0.0316382
-0.853907
-1.6698
-2.47928
-3.2823
-4.07888
-4.86898
-5.65264
-6.42985
-7.20065
-7.96507
-8.72315
-9.47493
-10.2205
-10.9599
-11.6931
-12.4204
-13.1416
-13.857
-14.5667
-15.2706
-15.969
-16.6619
-17.3494
-18.0318
-18.709
-19.3813
-20.0489
-20.7117
-21.3702
-22.0244
-22.6745
-23.2862
-23.8772
-24.455
-25.0231
-25.5835
-26.1377
-26.6864
-27.2304
-27.7704
-28.3067
-28.8399
-29.3705
-29.8989
-30.4256
-30.951
-31.4758
-32.0003
-32.525
-33.0504
-33.5771
-34.1055
-34.636
-35.1692
-35.7055
-36.2452
-36.7888
-37.3364
-37.8884
-38.4447
-39.0055
-39.5705
-40.1394
-40.7118
-41.2868
-41.8636
-42.4411
-43.0177
-43.5918
-44.1616
-44.7251
-45.28
-45.8242
-46.3554
-46.8713
-47.37
-47.8495
-48.3084
-48.7453
-49.1592
-49.5497
-49.9165
-50.2595
-50.5792
-50.8763
-51.1514
-51.4056
-51.64
-51.8558
-52.0543
-52.2365
-52.4039
-52.5576
-52.6988
-52.8286
-52.948
-53.0581
-53.1596
-53.2536
-53.3407
-53.4218
-53.4973
-53.568
-53.6343
-53.6968
-53.7559
-53.8119
-53.8653
-53.9164
-53.9654
-54.0126
-54.0583
-54.1026
-54.1458
-54.188
-54.2294
-54.27
-54.3101
-54.3497
-54.3889
-54.4279
-54.4666
-54.5051
-54.5436
-54.582
-54.6204
-54.6589
-54.6975
-54.7362
-54.775
-54.814
-54.8532
-54.8926
-54.9322
-54.9721
-55.0123
-55.0527
-55.0934
-55.1343
-55.1756
-55.2171
-55.2589
-55.3011
-55.3435
-55.3862
-55.4292
-55.4725
-55.5162
-55.5601
-55.6043
-55.6487
-55.6935
-55.7385
-55.7839
-55.8294
-55.8753
-55.9214
-55.9678
-56.0144
-56.0613
-56.1084
-56.1558
-56.2034
-56.2512
-56.2992
-56.3475
-56.3959
-56.4446
-56.4934
-56.5425
-56.5917
-56.6411
-56.6907
-56.7404
-56.7904
-56.8404
-56.8906
-56.941
-56.9915
-57.0421
-57.0929
-57.1438
-57.1948
-57.2459
-57.2971
-57.3484
-57.3998
-57.4513
-57.5028
-57.5545
-57.6062
-57.658
-57.7099
-57.7618
-57.8138
-57.8658
-57.9178
-57.9699
-58.022
-58.0742
-58.1264
-58.1786
-58.2308
-58.283
-58.3353
-58.3875
-58.4397
-58.492
-58.5442
-58.5964
-58.6486
-58.7007
-58.7529
-58.805
-58.857
-58.9091
-58.9611
-59.013
-59.0649
-59.1168
-59.1686
-59.2203
-59.272
-59.3236
-59.3751
-59.4266
-59.478
-59.5293
-59.5805
-59.6317
-59.6828
-59.7337
-59.7846
-59.8354
-59.8861
-59.9367
-59.9872
-60.0376
-60.0879
-60.1381
-60.1882
-60.2381
-60.288
-60.3377
-60.3873
-60.4367
-60.4861
-60.5353
-60.5844
-60.6334
-60.6822
-60.7309
-60.7795
-60.8279
-60.8762
-60.9244
-60.9724
-61.0202
-61.0679
-61.1155
-61.1629
-61.2102
-61.2573
-61.3042
-61.351
-61.3977
-61.4442
-61.4905
-61.5367
-61.5827
-61.6285
-61.6742
-61.7198
-61.7651
-61.8103
-61.8553
-61.9001
-61.9448
-61.9893
-62.0337
-62.0778
-62.1218
-62.1656
-62.2093
-62.2527
-62.296
-62.3391
-62.382
-62.4248
-62.4673
-62.5097
-62.5519
-62.594
-62.6358
-62.6774
-62.7189
-62.7602
-62.8013
-62.8422
-62.8829
-62.9235
-62.9638
-63.004
-63.044
-63.0838
-63.1234
-63.1628
-63.202
-63.2411
-63.2799
-63.3186
-63.357
-63.3953
-63.4334
-63.4713
-63.5089
-63.5465
-63.5838
-63.6209
-63.6578
-63.6945
-63.7311
-63.7674
-63.8036
-63.8396
-63.8753
-63.9109
-63.9463
-63.9815
-64.0165
-64.0513
-64.0859
-64.1203
-64.1545
-64.0623
-63.8925
-63.6689
-63.4061
-63.1141
-62.8003
-62.4705
-62.129
-61.7794
-61.4245
-61.0663
-60.7067
-60.3471
-59.9887
-59.6323
-59.2789
-58.8154
-58.2896
-57.725
-57.1359
-56.5321
-55.9208
-55.3073
-54.6957
-54.0888
-53.489
-52.8978
-52.3164
-51.7455
-51.1858
-50.6375
-50.1007
-49.5753
-49.0611
-48.558
-47.9765
-47.3564
-46.716
-46.0659
-45.4127
-44.7609
-44.1131
-43.4711
-42.8358
-42.2074
-41.5858
-40.9704
-40.3605
-39.7552
-39.1533
-38.5537
-37.955
-37.3559
-36.7549
-36.1507
-35.5416
-34.9263
-34.3031
-33.6705
-33.027
-32.3709
-31.7007
-31.0147
-30.3114
-29.589
-28.8462
-28.0812
-27.2924
-26.4784
-25.6377
-24.7689
-23.8705
-22.9414
-21.9805
-20.9867
-19.9593
-18.8977
-17.8016
-16.671
-15.5063
-14.3083
-13.0782
-11.8181
-10.5304
-9.21876
-7.88774
-6.54319
-5.19251
-3.84484
-2.5113
-1.20502
0.0589592
1.26405
2.3929
3.42836
4.35471
5.15889
5.83147
6.36726
6.76545
7.02922
7.16511
7.18206
7.09054
6.90172
6.62676
6.27637
5.86046
5.38803
4.86706
4.3046
3.70675
3.07885
2.42549
1.75066
1.05783
0.350007
-0.370194
-1.10047
-1.83882
-2.58346
-3.33284
-4.08557
-4.84044
-5.59636
-6.35238
-7.10765
-7.86141
-8.61302
-9.36187
-10.1075
-10.8493
-11.5871
-12.3204
-13.0489
-13.7725
-14.4908
-15.2038
-15.9112
-16.6129
-17.3089
-17.999
-18.6833
-19.3617
-20.0343
-20.7009
-21.3618
-22.0168
-22.6662
-23.31
-23.9482
-24.5811
-25.2087
-25.8312
-26.4487
-27.0615
-27.6697
-28.2735
-28.8732
-29.469
-30.0612
-30.65
-31.2358
-31.8187
-32.3993
-32.9777
-33.5543
-34.1296
-34.7039
-35.2776
-35.8512
-36.425
-36.9996
-37.5753
-38.1527
-38.7322
-39.3143
-39.8995
-40.4883
-41.0811
-41.6784
-42.2807
-42.8882
-43.5013
-44.1203
-44.7453
-45.3764
-46.0136
-46.6566
-47.3051
-47.9583
-48.6156
-49.2758
-49.9374
-50.5989
-51.2583
-51.9133
-52.5614
-53.1999
-53.826
-54.4367
-55.0292
-55.6007
-56.1486
-56.6708
-57.1655
-57.6314
-58.0676
-58.4739
-58.8503
-59.1975
-59.5163
-59.8082
-60.0745
-60.3171
-60.5375
-60.7377
-60.9195
-61.0845
-61.2345
-61.3711
-61.4958
-61.6098
-61.7144
-61.8107
-61.8997
-61.9824
-62.0594
-62.1315
-62.1993
-62.2634
-62.3242
-62.3821
-62.4375
-62.4907
-62.5421
-62.5917
-62.6398
-62.6867
-62.7324
-62.7771
-62.821
-62.8641
-62.9064
-62.9482
-62.9894
-63.0301
-63.0704
-63.1103
-63.1499
-63.1891
-63.228
-63.2667
-63.3051
-63.3433
-63.3813
-63.4191
-63.4567
-63.4941
-63.5314
-63.5685
-63.6055
-63.6423
-63.679
-63.7155
-63.752
-63.7883
-63.8244
-63.8605
-63.8964
-63.9322
-63.9679
-64.0035
-64.039
-64.0743
-64.1095
-64.1446
-64.1796
-64.2145
-64.2493
-64.2839
-64.3185
-64.3529
-64.3872
-64.4213
-64.4554
-64.4893
-64.5231
-64.5568
-64.5904
-64.6238
-64.6571
-64.6903
-64.7234
-64.7563
-64.7891
-64.8218
-64.8544
-64.8868
-64.9191
-64.9512
-64.9832
-65.0151
-65.0469
-65.0785
-65.1099
-65.1413
-65.1725
-65.2035
-65.2345
-65.2652
-65.2959
-65.3264
-65.3567
-65.3869
-65.417
-65.4469
-65.4767
-65.5063
-65.5358
-65.5651
-65.5943
-65.6233
-65.6522
-65.681
-65.7096
-65.738
-65.7663
-65.7944
-65.8224
-65.8503
-65.8779
-65.7785
-65.6032
-65.3767
-65.114
-64.8254
-64.5182
-64.1982
-63.8695
-63.5355
-63.1988
-62.8613
-62.5247
-62.1903
-61.859
-61.5316
-61.2089
-60.8912
-60.5791
-60.2728
-59.9726
-59.6786
-59.3911
-59.1101
-58.8357
-58.5679
-58.3067
-58.0522
-57.8042
-57.5628
-57.3279
-57.0994
-56.8771
-56.6612
-56.4514
-56.2476
-56.0497
-55.8576
-55.6713
-55.4905
-55.3152
-55.1453
-54.9805
-54.8209
-54.6663
-54.5165
-54.3715
-54.2312
-54.0953
-53.9639
-53.8368
-53.7139
-53.5952
-53.4804
-53.3695
-53.2624
-53.1591
-53.0593
-52.9631
-52.8704
-52.781
-52.695
-52.6121
-52.5324
-52.4558
-52.3822
-52.3115
-52.2437
-52.1787
-52.1165
-52.057
-52.0002
-51.946
-51.8943
-51.8451
-51.7985
-51.7542
-51.7123
-51.6728
-51.6356
-51.6006
-51.5679
-51.5374
-51.4123
-51.2329
-51.0183
-50.7795
-50.5241
-50.2571
-49.9825
-49.703
-49.4207
-49.1373
-48.8538
-48.5712
-48.2901
-48.011
-47.7342
-47.4599
-47.1884
-46.9196
-46.6538
-46.3907
-46.1305
-45.873
-45.6182
-45.3658
-45.1159
-44.8683
-44.6228
-44.3792
-44.1374
-43.8972
-43.6584
-43.4208
-43.1842
-42.9484
-42.7132
-42.4784
-42.2437
-42.0089
-41.7739
-41.5383
-41.302
-41.0646
-40.826
-40.5859
-40.344
-40.1001
-39.8538
-39.605
-39.3533
-39.0985
-38.8402
-38.5781
-38.3118
-38.0412
-37.7657
-37.485
-37.1988
-36.9066
-36.608
-36.3027
-35.9901
-35.6697
-35.3411
-35.0037
-34.6571
-34.3005
-33.9335
-33.5554
-33.1655
-32.7632
-32.3477
-31.9182
-31.474
-31.0142
-30.538
-30.0444
-29.5326
-29.0015
-28.4501
-27.8773
-27.2822
-26.6636
-26.0204
-25.3515
-24.6558
-23.9321
-23.1796
-22.3971
-21.584
-20.7395
-19.8632
-18.9551
-18.0155
-17.0452
-16.0458
-15.0197
-13.9703
-12.9022
-11.8213
-10.7353
-9.65314
-8.58538
-7.54397
-6.54184
-5.59245
-4.70909
-3.90428
-3.18898
-2.5721
-2.06001
-1.65641
-1.3623
-1.17621
-1.0946
-1.11224
-1.22271
-1.41883
-1.69307
-2.03783
-2.44569
-2.90958
-3.42288
-3.97951
-4.5739
-5.20101
-5.85632
-6.53576
-7.23572
-7.95298
-8.68466
-9.42822
-10.1814
-10.9422
-11.7089
-12.4798
-13.2536
-14.0291
-14.8052
-15.5809
-16.3554
-17.1279
-17.8979
-18.6648
-19.4281
-20.1874
-20.9424
-21.6929
-22.4386
-23.1793
-23.9149
-24.6455
-25.3708
-26.091
-26.8061
-27.5161
-28.2212
-28.9216
-29.6174
-30.3087
-30.996
-31.6793
-32.359
-33.0355
-33.709
-34.3799
-35.0487
-35.7156
-36.3812
-37.046
-37.7103
-38.3746
-39.0396
-39.7056
-40.3733
-41.0432
-41.7157
-42.3915
-43.0712
-43.7551
-44.444
-45.1381
-45.8381
-46.5443
-47.2571
-47.9768
-48.7036
-49.4376
-50.1787
-50.9267
-51.6814
-52.442
-53.2079
-53.9778
-54.7506
-55.5244
-56.2973
-57.0669
-57.8306
-58.5853
-59.3278
-60.0548
-60.7626
-61.4477
-62.1067
-62.7365
-63.3343
-63.8977
-64.4252
-64.9155
-65.3684
-65.784
-66.163
-66.5069
-66.8173
-67.0962
-67.3459
-67.5688
-67.7671
-67.9434
-68.0998
-68.2385
-68.3616
-68.4708
-68.5679
-68.6543
-68.7315
-68.8005
-68.8625
-68.9184
-68.969
-69.015
-69.057
-69.0955
-69.131
-69.1639
-69.1946
-69.2233
-69.2502
-69.2757
-69.2999
-69.3229
-69.3449
-69.3661
-69.3864
-69.4061
-69.4252
-69.4437
-69.4618
-69.4794
-69.4966
-69.5135
-69.5301
-69.5463
-69.5623
-69.5781
-69.5936
-69.6089
-69.6241
-69.639
-69.6538
-69.6684
-69.6828
-69.6971
-69.7112
-69.7252
-69.7391
-69.7528
-69.7664
-69.7799
-69.7933
-69.8065
-69.8196
-69.8326
-69.8455
-69.8582
-69.8709
-69.8834
-69.8958
-69.9081
-69.9203
-69.9324
-69.9443
-69.9562
-69.9679
-69.9795
-69.991
-70.0024
-70.0137
-70.0249
-70.0359
-70.0469
-70.0577
-70.0684
-70.079
-70.0895
-70.0998
-70.1101
-70.1202
-70.1302
-70.1401
-70.1499
-70.1595
-70.1691
-70.1785
-70.1878
-70.197
-70.2061
-70.2151
-70.2239
-70.2326
-70.2412
-70.2497
-70.2581
-70.2663
-70.2744
-70.2825
-70.2903
-70.2981
-70.3058
-70.3133
-70.3207
-70.328
-70.3352
-70.3422
-70.3491
-70.356
-70.3626
-70.3692
-70.3757
-70.382
-70.3882
-70.3943
-70.4003
-70.4061
-70.4119
-70.4175
-70.423
-70.4283
-70.4336
-70.4387
-70.4438
-70.4487
-70.4534
-70.4581
-70.4626
-70.4671
-70.4714
-70.4755
-70.4796
-70.4836
-70.4874
-70.4911
-70.4947
-70.4982
-70.5016
-70.5048
-70.5079
-70.511
-70.5139
-70.5166
-70.5193
-70.5219
-70.5243
-70.5266
-70.5288
-70.5309
-70.5329
-70.5348
-70.5365
-70.5382
-70.5397
-70.5411
-70.5424
-70.5436
-70.5447
-70.5457
-70.5465
-70.5473
-70.5479
-70.5484
-70.5489
-70.5492
-70.5494
-70.5495
-70.5494
-70.5493
-70.5491
-70.5487
-70.5483
-70.5478
-70.5471
-70.5463
-70.5455
-70.5445
-70.5434
-70.5422
-70.541
-70.5396
-70.5381
-70.5365
-70.5348
-70.533
-70.5311
-70.5291
-70.527
-70.5248
-70.5225
-70.5201
-70.5176
-70.515
-70.5123
-70.5095
-70.5066
-70.5037
-70.5006
-70.4974
-70.4941
-70.4908
-70.4873
-70.4838
-70.4801
-70.4764
-70.4725
-70.4686
-70.4646
-70.4605
-70.4563
-70.452
-70.4476
-70.4432
-70.4386
-70.434
-70.4292
-70.4244
-70.4195
-70.4145
-70.4094
-70.4043
-70.399
-70.3937
-70.3883
-70.3828
-70.3772
-70.3715
-70.3657
-70.3599
-70.2106
-69.9701
-69.6638
-69.3078
-68.9135
-68.4895
-68.0426
-67.5783
-67.1009
-66.614
-66.1204
-65.6225
-65.1224
-64.6216
-64.1216
-63.6234
-63.1281
-62.6365
-62.1493
-61.667
-61.1902
-60.7193
-60.2546
-59.7964
-59.3449
-58.9003
-58.4628
-58.0323
-57.6091
-57.1931
-56.7842
-56.3824
-55.9877
-55.5999
-55.219
-54.8447
-54.4768
-54.1152
-53.7597
-53.4099
-53.0657
-52.7267
-52.3927
-52.0633
-51.7381
-51.4169
-51.0992
-50.7847
-50.473
-50.1636
-49.8562
-49.5501
-49.2451
-48.9405
-48.636
-48.3308
-48.0246
-47.7166
-47.4063
-47.0931
-46.7762
-46.4551
-46.1288
-45.7967
-45.4578
-45.1113
-44.7563
-44.3916
-44.0162
-43.629
-43.2285
-42.8134
-42.3822
-41.9333
-41.4649
-40.9749
-40.4613
-39.9217
-39.3535
-38.754
-38.1199
-37.4479
-36.7343
-35.9749
-35.1652
-34.3003
-33.3748
-32.3829
-31.3183
-30.1743
-28.9437
-27.6191
-26.1927
-24.6569
-23.0042
-21.2277
-19.3217
-17.2819
-15.1069
-12.7982
-10.3618
-7.80895
-5.15698
-2.43016
0.339595
3.1052
5.81889
8.43192
10.8964
13.1677
15.2079
16.9881
18.4905
19.7091
20.6492
21.3253
21.7591
21.9761
22.0035
21.868
21.5943
21.2048
20.7184
20.1516
19.5179
18.8286
18.0929
17.3187
16.5123
15.6789
14.8232
13.9488
13.0592
12.1571
11.2449
10.3249
9.39899
8.46876
7.53576
6.6013
5.66659
4.73266
3.80045
2.87081
1.94446
1.02207
0.104202
-0.808633
-1.71599
-2.6175
-3.51281
-4.40164
-5.28376
-6.15896
-7.02708
-7.88798
-8.74156
-9.58774
-10.4265
-11.2577
-12.0815
-12.8978
-13.7067
-14.5081
-15.3022
-16.0891
-16.8687
-17.6413
-18.4069
-19.1657
-19.9177
-20.6633
-21.4024
-22.1354
-22.8624
-23.5836
-24.2992
-25.0096
-25.7149
-26.4155
-27.1116
-27.8036
-28.4918
-29.1766
-29.8584
-30.5376
-31.2146
-31.8899
-32.564
-33.2373
-33.9105
-34.5841
-35.2587
-35.9348
-36.6131
-37.2943
-37.9789
-38.6677
-39.3614
-40.0605
-40.7658
-41.4778
-42.1972
-42.9245
-43.6601
-44.4045
-45.1578
-45.9201
-46.6914
-47.4713
-48.2592
-49.0542
-49.8551
-50.6602
-51.4674
-52.2743
-53.0779
-53.875
-54.6618
-55.4345
-56.1889
-56.9208
-57.6262
-58.3014
-58.9429
-59.548
-60.1146
-60.6412
-61.1272
-61.5727
-61.9785
-62.346
-62.6769
-62.9735
-63.2383
-63.4738
-63.6827
-63.8677
-64.0312
-64.1757
-64.3034
-64.4164
-64.5165
-64.6053
-64.6845
-64.7553
-64.8188
-64.8761
-64.9281
-64.9755
-65.019
-65.0592
-65.0965
-65.1313
-65.1641
-65.1951
-65.2246
-65.2529
-65.2801
-65.3063
-65.3318
-65.3566
-65.3809
-65.4047
-65.4282
-65.4513
-65.4741
-65.4968
-65.5192
-65.5415
-65.5637
-65.5857
-65.6077
-65.5097
-65.3445
-65.1373
-64.9025
-64.6497
-64.3855
-64.1146
-63.8406
-63.5658
-63.2923
-63.0213
-62.7539
-62.4908
-62.2327
-61.9799
-61.7328
-61.4915
-61.2562
-61.0269
-60.8037
-60.5867
-60.3757
-60.1707
-59.9716
-59.7785
-59.5911
-59.4095
-59.2334
-59.0629
-58.8977
-58.7377
-58.5829
-58.4332
-58.2883
-58.1483
-58.013
-57.8822
-57.7559
-57.634
-57.5163
-57.4027
-57.2932
-57.1877
-57.086
-56.988
-56.8937
-56.803
-56.7157
-56.6319
-56.5513
-56.474
-56.3999
-56.3288
-56.2607
-56.1956
-56.1333
-56.0738
-56.0171
-55.963
-55.9115
-55.8626
-55.8161
-55.7721
-55.7305
-55.6911
-55.6541
-55.6192
-55.5866
-55.556
-55.5276
-55.5011
-55.4767
-55.4542
-55.4336
-55.4149
-55.398
-55.3829
-55.3695
-55.3579
-55.3479
-55.3396
-55.3329
-55.3278
-55.3242
-55.3222
-55.3216
-55.3225
-55.3248
-55.3285
-55.3336
-55.34
-55.3477
-55.3568
-55.3671
-55.3786
-55.3913
-55.4053
-55.4204
-55.4366
-55.454
-55.4724
-55.492
-55.5126
-55.5342
-55.5568
-55.5804
-55.605
-55.6305
-55.657
-55.6843
-55.7126
-55.7417
-55.7716
-55.8024
-55.834
-55.8664
-55.8996
-55.9335
-55.9681
-56.0035
-56.0396
-56.0764
-56.1139
-56.152
-56.1907
-56.2301
-56.2701
-56.3106
-56.3518
-56.3935
-56.4357
-56.4785
-56.5218
-56.5656
-56.6099
-56.6546
-56.6998
-56.7455
-56.7916
-56.8381
-56.885
-56.9322
-56.9799
-57.0279
-57.0763
-57.1251
-57.1741
-57.2235
-57.2731
-57.3231
-57.3733
-57.4238
-57.4746
-57.5256
-57.5768
-57.6283
-57.68
-57.7318
-57.7839
-57.8362
-57.8886
-57.9412
-57.9939
-58.0468
-58.0998
-58.1529
-58.2062
-58.2595
-58.313
-58.3665
-58.4201
-58.4738
-58.5276
-58.5814
-58.6353
-58.6892
-58.7431
-58.7971
-58.8511
-58.9051
-58.9591
-59.0131
-59.0671
-59.121
-59.175
-59.2289
-59.2828
-59.3367
-59.3905
-59.4443
-59.498
-59.5516
-59.6052
-59.6587
-59.7121
-59.7654
-59.8187
-59.8719
-59.9249
-59.9779
-60.0308
-60.0835
-60.1362
-60.1887
-60.2411
-60.2933
-60.3455
-60.3975
-60.4494
-60.5011
-60.5527
-60.6041
-60.6554
-60.7066
-60.7576
-60.8084
-60.8591
-60.9096
-60.9599
-61.0101
-61.06
-61.1099
-61.1595
-61.209
-61.2582
-61.3073
-61.3563
-61.405
-61.4535
-61.5019
-61.55
-61.598
-61.6457
-61.6933
-61.7406
-61.7878
-61.8347
-61.8815
-61.928
-61.9744
-62.0205
-62.0664
-62.1121
-62.1576
-62.2029
-62.2479
-62.2928
-62.3374
-62.3818
-62.426
-62.47
-62.5138
-62.5573
-62.6006
-62.6437
-62.6866
-62.7293
-62.7717
-62.8139
-62.8559
-62.8976
-62.9392
-62.9805
-63.0215
-63.0624
-63.103
-63.1434
-63.1836
-63.2235
-63.2632
-63.3027
-63.342
-63.381
-63.4198
-63.4584
-63.4967
-63.5348
-63.5727
-63.6103
-63.6478
-63.685
-63.7219
-63.7587
-63.7952
-63.8315
-63.8675
-63.9033
-63.9389
-63.9743
-64.0094
-64.0444
-64.079
-64.1135
-64.1477
-64.1817
-64.2155
-64.2491
-64.2824
-64.3155
-64.3484
-64.381
-64.4135
-64.4457
-64.4776
-64.5094
-64.5409
-64.5723
-64.6033
-64.6342
-64.6649
-64.6953
-64.7255
-64.7555
-64.7852
-64.8148
-64.8441
-64.8732
-64.9021
-64.9308
-64.9593
-64.9875
-65.0155
-65.0434
-65.071
-65.0984
-65.1255
-65.1525
-65.1793
-65.2058
-65.2321
-65.2583
-65.2842
-65.3099
-65.3354
-65.3607
-65.3857
-65.4106
-65.4353
-65.4598
-65.484
-65.5081
-65.5319
-65.5556
-65.5791
-65.6023
-65.6254
-65.6482
-65.6709
-65.6933
-65.7156
-65.7376
-65.7595
-65.7812
-65.8027
-65.8239
-65.845
-65.8659
-65.8866
-65.9071
-65.9275
-65.9476
-65.9675
-65.9873
-66.0069
-66.0262
-66.0454
-66.0644
-66.0833
-66.1019
-66.1204
-66.1386
-66.1567
-66.1747
-66.1924
-66.2099
-66.2273
-66.2445
-66.2615
-66.2784
-66.2951
-66.3115
-66.3279
-66.344
-66.36
-66.2406
-66.0349
-65.767
-65.4517
-65.0997
-64.7191
-64.3163
-63.8962
-63.4629
-63.0198
-62.5695
-62.1141
-61.6556
-61.1954
-60.7347
-60.2747
-59.8161
-59.3598
-58.9063
-58.4562
-58.0099
-57.5677
-57.1299
-56.6968
-56.2684
-55.8449
-55.4264
-55.0129
-54.6043
-54.2006
-53.8017
-53.4074
-53.0176
-52.6321
-52.2505
-51.8727
-51.4984
-51.1271
-50.7585
-50.3921
-50.0276
-49.6645
-49.3022
-48.9402
-48.5779
-48.2147
-47.8499
-47.4827
-47.1125
-46.7383
-46.3594
-45.9747
-45.5833
-45.1841
-44.7759
-44.3575
-43.9275
-43.4844
-43.0266
-42.5524
-42.0599
-41.547
-41.0114
-40.4506
-39.8618
-39.242
-38.5878
-37.8955
-37.161
-36.3797
-35.5467
-34.6564
-33.7027
-32.6788
-31.5776
-30.391
-29.1105
-27.7268
-26.2305
-24.6117
-22.8605
-20.9676
-18.9247
-16.7255
-14.3665
-11.8488
-9.17896
-6.37146
-3.44971
-0.447446
2.59088
5.61096
8.55117
11.3467
13.935
16.262
18.2871
19.9865
21.3539
22.399
23.1436
23.6172
23.8533
23.8855
23.7452
23.4607
23.0562
22.5521
21.9652
21.3093
20.5955
19.8329
19.0292
18.1904
17.3218
16.428
15.5125
14.5788
13.6297
12.6678
11.6954
10.7145
9.72684
8.73415
7.7379
6.73942
5.73991
4.74045
3.74202
2.74551
1.75169
0.761277
-0.225117
-1.20693
-2.18368
-3.15493
-4.12032
-5.07951
-6.03223
-6.97824
-7.91736
-8.84943
-9.77431
-10.6919
-11.6022
-12.5051
-13.4006
-14.2888
-15.1696
-16.0431
-16.9093
-17.7684
-18.6205
-19.4657
-20.3042
-21.1361
-21.9616
-22.7809
-23.5942
-24.4019
-25.2041
-26.0012
-26.7935
-27.5813
-28.3651
-29.1452
-29.9221
-30.6962
-31.4681
-32.2382
-33.0072
-33.7756
-34.5441
-35.3133
-36.0839
-36.8567
-37.6324
-38.4118
-39.1956
-39.9848
-40.7801
-41.5824
-42.3926
-43.2113
-44.0395
-44.8778
-45.727
-46.5876
-47.4601
-48.3448
-49.2419
-50.1512
-51.0725
-52.0049
-52.9476
-53.8989
-54.857
-55.8194
-56.7831
-57.7446
-58.6998
-59.6443
-60.5729
-61.4805
-62.3616
-63.211
-64.0235
-64.7945
-65.5202
-66.1975
-66.8243
-67.3997
-67.9235
-68.3969
-68.8215
-69.1999
-69.5351
-69.8305
-70.0896
-70.3159
-70.513
-70.6842
-70.8326
-70.9611
-71.0723
-71.1685
-71.2518
-71.324
-71.3866
-71.4412
-71.4887
-71.5303
-71.5668
-71.5989
-71.6274
-71.6527
-71.6752
-71.6955
-71.7138
-71.7304
-71.7456
-71.7594
-71.7723
-71.7841
-71.7952
-71.8056
-71.8153
-71.8246
-71.8333
-71.8417
-71.8497
-71.8574
-71.8648
-71.8719
-71.8788
-71.8855
-71.892
-71.8984
-71.9046
-71.9106
-71.9165
-71.9222
-71.9279
-71.9334
-71.9388
-71.9442
-71.9494
-71.9545
-71.9595
-71.9644
-71.9692
-71.974
-71.9786
-71.9832
-71.9877
-71.9921
-71.9964
-72.0006
-72.0047
-72.0087
-72.0127
-72.0166
-72.0204
-72.0241
-72.0277
-72.0312
-72.0347
-72.038
-72.0413
-72.0445
-72.0475
-72.0505
-72.0535
-72.0563
-72.059
-72.0617
-72.0642
-72.0667
-72.069
-72.0713
-72.0735
-72.0756
-72.0776
-72.0795
-72.0813
-72.0831
-72.0847
-72.0862
-72.0876
-72.089
-72.0902
-72.0914
-72.0924
-72.0934
-72.0943
-72.095
-72.0957
-72.0963
-72.0967
-72.0971
-72.0974
-72.0976
-72.0976
-72.0976
-72.0975
-72.0973
-72.097
-72.0966
-72.0961
-72.0954
-72.0947
-72.0939
-72.093
-72.092
-72.0909
-72.0897
-72.0884
-72.087
-72.0854
-72.0838
-72.0821
-72.0803
-72.0784
-72.0764
-72.0743
-72.0721
-72.0698
-72.0674
-72.0649
-72.0623
-72.0595
-72.0567
-72.0538
-72.0508
-72.0477
-72.0445
-72.0412
-72.0378
-72.0343
-72.0307
-72.027
-72.0232
-72.0193
-72.0153
-72.0113
-72.0071
-72.0028
-71.9984
-71.9939
-71.9894
-71.9847
-71.9799
-71.9751
-71.9701
-71.9651
-71.9599
-71.9547
-71.9493
-71.9439
-71.9384
-71.9327
-71.927
-71.9212
-71.9153
-71.9093
-71.9032
-71.897
-71.8908
-71.8844
-71.8779
-71.8714
-71.8648
-71.858
-71.8512
-71.8443
-71.8373
-71.8302
-71.823
-71.8158
-71.8084
-71.801
-71.7935
-71.7858
-71.7781
-71.7704
-71.7625
-71.7545
-71.7465
-71.7383
-71.7301
-71.7218
-71.7135
-71.705
-71.6964
-71.6878
-71.6791
-71.6703
-71.6614
-71.6525
-71.6434
-71.6343
-71.6251
-71.6158
-71.6065
-71.5971
-71.5876
-71.578
-71.5683
-71.5586
-71.5487
-71.5388
-71.5289
-71.5188
-71.5087
-71.4985
-71.4883
-71.4779
-71.4675
-71.457
-71.4465
-71.4359
-71.4252
-71.4144
-71.4035
-71.3926
-71.3817
-71.3706
-71.3595
-71.3483
-71.3371
-71.3258
-71.3144
-71.303
-71.2914
-71.2799
-71.2682
-71.2565
-71.2448
-71.2329
-71.221
-71.2091
-71.1971
-71.185
-71.1729
-71.1607
-71.1484
-71.1361
-71.1237
-71.1113
-71.0988
-71.0863
-71.0737
-71.061
-71.0483
-71.0355
-71.0227
-71.0098
-70.9969
-70.9839
-70.9709
-70.9578
-70.9446
-70.9315
-70.9182
-70.9049
-70.8916
-70.8782
-70.8648
-70.8513
-70.8377
-70.8242
-70.8105
-70.7968
-70.7831
-70.7694
-70.7555
-70.7417
-70.7278
-70.7138
-70.6999
-70.6858
-70.6718
-70.6577
-70.6435
-70.6293
-70.6151
-70.6008
-70.5865
-70.5721
-70.5578
-70.5433
-70.5289
-70.5144
-70.4998
-70.4853
-70.4707
-70.456
-70.4413
-70.4266
-70.4119
-70.3971
-70.3823
-70.3675
-70.3526
-70.3377
-70.3228
-70.3078
-70.2928
-70.2778
-70.2627
-70.2477
-70.2326
-70.2174
-70.2023
-70.1871
-70.1719
-70.1566
-70.1414
-70.1261
-70.1108
-70.0954
-70.0801
-70.0647
-70.0493
-70.0339
-70.0184
-70.0029
-69.8433
-69.5906
-69.2701
-68.8976
-68.4844
-68.039
-67.5684
-67.0781
-66.5725
-66.0552
-65.5293
-64.9972
-64.461
-63.9223
-63.3827
-62.8434
-62.3053
-61.7694
-61.2363
-60.7068
-60.1813
-59.6602
-59.1439
-58.6327
-58.1267
-57.6262
-57.1312
-56.6418
-56.1579
-55.6795
-55.2064
-54.7385
-54.2755
-53.8172
-53.3632
-52.9133
-52.4669
-52.0235
-51.5827
-51.1439
-50.7064
-50.2695
-49.8324
-49.3944
-48.9544
-48.5115
-48.0646
-47.6126
-47.1542
-46.688
-46.2125
-45.726
-45.2269
-44.7131
-44.1826
-43.6328
-43.0613
-42.4652
-41.8412
-41.1858
-40.4951
-39.7646
-38.9895
-38.1641
-37.2824
-36.3374
-35.3215
-34.2258
-33.0409
-31.7561
-30.3595
-28.8385
-27.1792
-25.3671
-23.3873
-21.2251
-18.8671
-16.302
-13.5232
-10.5303
-7.3321
-3.949
-0.415549
3.21842
6.88825
10.5171
14.0212
17.3166
20.327
22.9915
25.2697
27.1446
28.6214
29.724
30.4893
30.961
31.1841
31.2012
31.0498
30.7616
30.3624
29.8728
29.3088
28.6829
28.005
27.2826
26.5219
25.7279
24.9048
24.056
23.1846
22.2932
21.3842
20.4598
19.5219
18.5723
17.6126
16.6444
15.669
14.6878
13.702
12.7126
11.7208
10.7274
9.73337
8.73946
7.74643
6.75494
5.75685
4.76061
3.77003
2.78706
1.81281
0.847906
-0.107268
-1.0525
-1.98769
-2.91278
-3.82778
-4.73273
-5.6277
-6.51276
-7.38803
-8.2536
-9.10962
-9.95621
-10.7935
-11.6217
-12.4409
-13.2512
-14.053
-14.8463
-15.6312
-16.4081
-17.1771
-17.9384
-18.6921
-19.4386
-20.178
-20.9106
-21.6366
-22.3562
-23.0698
-23.7775
-24.4797
-25.1767
-25.8689
-26.5564
-27.2398
-27.9193
-28.5954
-29.2684
-29.9389
-30.6073
-31.274
-31.9396
-32.6046
-33.2696
-33.9351
-34.6018
-35.2703
-35.9412
-36.6151
-37.2929
-37.9751
-38.6625
-39.3557
-40.0554
-40.7622
-41.4768
-42.1997
-42.9313
-43.6721
-44.4221
-45.1816
-45.9502
-46.7275
-47.5129
-48.3053
-49.1032
-49.9048
-50.7078
-51.5094
-52.3065
-53.0953
-53.872
-54.6324
-55.3721
-56.087
-56.773
-57.4263
-58.0438
-58.623
-59.162
-59.6599
-60.1163
-60.5318
-60.9075
-61.2451
-61.5467
-61.8147
-62.0518
-62.2606
-62.444
-62.6045
-62.7446
-62.8669
-62.9734
-63.0662
-63.1471
-63.2177
-63.2794
-63.3335
-63.381
-63.4231
-63.4604
-63.4937
-63.5237
-63.5508
-63.5756
-63.5984
-63.6196
-63.6394
-63.6581
-63.6759
-63.693
-63.7096
-63.7257
-63.7415
-63.757
-63.7724
-63.7877
-63.803
-63.8183
-63.8336
-63.8491
-63.8646
-63.8803
-63.8961
-63.9121
-63.9283
-63.9447
-63.9613
-63.9781
-63.9951
-64.0123
-64.0298
-64.0474
-64.0653
-64.0833
-64.1016
-64.1201
-64.1388
-64.1578
-64.1769
-64.1962
-64.2157
-64.2354
-64.2552
-64.2753
-64.2955
-64.3159
-64.3365
-64.3572
-64.3781
-64.3991
-64.4203
-64.4416
-64.4631
-64.4847
-64.5064
-64.5282
-64.5502
-64.5723
-64.5945
-64.6167
-64.6391
-64.6616
-64.6842
-64.7069
-64.7296
-64.7524
-64.7753
-64.7983
-64.8214
-64.8445
-64.8676
-64.8908
-64.9141
-64.9374
-64.9608
-64.9842
-65.0076
-65.0311
-65.0546
-65.0781
-65.1017
-65.1252
-65.1488
-65.1724
-65.196
-65.2196
-65.2432
-65.2669
-65.2905
-65.3141
-65.3377
-65.3613
-65.3849
-65.4084
-65.432
-65.4555
-65.479
-65.5025
-65.5259
-65.5494
-65.5727
-65.5961
-65.6194
-65.6427
-65.6659
-65.6891
-65.7123
-65.7353
-65.7584
-65.7814
-65.8043
-65.8272
-65.85
-65.8728
-65.8955
-65.9182
-65.9408
-65.9633
-65.9857
-66.0081
-66.0304
-66.0527
-66.0748
-66.0969
-66.1189
-66.1409
-66.1627
-66.1845
-66.2062
-66.2278
-66.2493
-66.2708
-66.2921
-66.3134
-66.3346
-66.3557
-66.3767
-66.3976
-66.4184
-66.4391
-66.4597
-66.4803
-66.5007
-66.521
-66.5412
-66.5614
-66.5814
-66.6014
-66.6212
-66.6409
-66.6605
-66.6801
-66.6995
-66.7188
-66.738
-66.7571
-66.7761
-66.795
-66.8137
-66.8324
-66.8509
-66.8694
-66.8877
-66.9059
-66.924
-66.942
-66.8276
-66.6316
-66.379
-66.085
-65.7604
-65.4129
-65.0487
-64.6726
-64.2881
-63.8984
-63.5057
-63.112
-62.7188
-62.3274
-61.9388
-61.5539
-61.1733
-60.7976
-60.4273
-60.0627
-59.7042
-59.352
-59.0064
-58.6674
-58.3351
-58.0097
-57.6912
-57.3796
-57.0748
-56.7769
-56.4859
-56.2016
-55.9239
-55.6528
-55.3883
-55.13
-54.878
-54.6322
-54.3923
-54.1582
-53.9298
-53.707
-53.4896
-53.2773
-53.0702
-52.868
-52.6706
-52.4777
-52.2893
-52.1052
-51.9253
-51.7493
-51.5772
-51.4088
-51.2439
-51.0824
-50.9242
-50.7691
-50.617
-50.4678
-50.3212
-50.1773
-50.0358
-49.8967
-49.7598
-49.6251
-49.4923
-49.3614
-49.2324
-49.1049
-48.9791
-48.8547
-48.7317
-48.6099
-48.4894
-48.3699
-48.2513
-48.1337
-48.0168
-47.9007
-47.7851
-47.6701
-47.5555
-47.4412
-47.3271
-47.2132
-47.0993
-46.9853
-46.8712
-46.7569
-46.6422
-46.527
-46.4113
-46.2949
-46.1777
-46.0596
-45.9405
-45.8202
-45.6986
-45.5756
-45.451
-45.3248
-45.1966
-45.0664
-44.934
-44.7992
-44.6618
-44.5216
-44.3784
-44.232
-44.0821
-43.9284
-43.7708
-43.6088
-43.4423
-43.2708
-43.094
-42.9116
-42.7231
-42.528
-42.326
-42.1166
-41.8991
-41.673
-41.4377
-41.1926
-40.9369
-40.6697
-40.3904
-40.0979
-39.7913
-39.4695
-39.1314
-38.7757
-38.401
-38.0059
-37.5888
-37.148
-36.6816
-36.1876
-35.6637
-35.1077
-34.517
-33.8889
-33.2203
-32.5083
-31.7494
-30.9401
-30.0768
-29.1556
-28.1727
-27.1241
-26.0059
-24.8144
-23.5465
-22.1993
-20.7711
-19.2613
-17.6707
-16.0025
-14.2622
-12.4584
-10.6035
-8.71351
-6.80856
-4.91249
-3.05223
-1.25663
0.445079
2.02512
3.45901
4.72708
5.81559
6.71716
7.43056
7.95999
8.31398
8.50424
8.54442
8.44907
8.23286
7.90993
7.49354
6.9958
6.42765
5.7988
5.11783
4.39227
3.62871
2.83289
2.00984
1.16397
0.299106
-0.581377
-1.47452
-2.37774
-3.28873
-4.20551
-5.12629
-6.04951
-6.97382
-7.89799
-8.82099
-9.7419
-10.6599
-11.5743
-12.4845
-13.39
-14.2903
-15.1852
-16.0742
-16.9572
-17.8339
-18.7042
-19.5681
-20.4255
-21.2763
-22.1207
-22.9587
-23.7903
-24.6158
-25.4353
-26.2491
-27.0573
-27.8603
-28.6584
-29.4518
-30.2411
-31.0266
-31.8087
-32.588
-33.3649
-34.14
-34.9139
-35.6872
-36.4606
-37.2346
-38.0099
-38.7874
-39.5678
-40.3517
-41.14
-41.9334
-42.7327
-43.5386
-44.352
-45.1734
-46.0035
-46.843
-47.6924
-48.5519
-49.422
-50.3026
-51.1937
-52.0951
-53.006
-53.9258
-54.853
-55.7862
-56.7234
-57.6621
-58.5995
-59.5323
-60.4568
-61.369
-62.2643
-63.1383
-63.9863
-64.8038
-65.5863
-66.33
-67.0314
-67.6881
-68.2981
-68.8604
-69.375
-69.8427
-70.2647
-70.6433
-70.9809
-71.2804
-71.545
-71.7776
-71.9816
-72.1599
-72.3153
-72.4505
-72.5681
-72.6701
-72.7587
-72.8355
-72.9021
-72.9599
-73.0101
-73.0538
-73.0917
-73.1248
-73.1536
-73.1788
-73.2008
-73.2202
-73.2371
-73.2521
-73.2653
-73.2769
-73.2872
-73.2963
-73.1653
-72.9526
-72.6865
-72.384
-72.0566
-71.7125
-71.3578
-70.997
-70.6334
-70.2696
-69.9077
-69.5492
-69.1951
-68.8463
-68.5036
-68.1675
-67.8382
-67.5161
-67.2013
-66.8939
-66.5941
-66.3018
-66.017
-65.7397
-65.4697
-65.2071
-64.9516
-64.7032
-64.4618
-64.2273
-63.9994
-63.7781
-63.5633
-63.3547
-63.1522
-62.9558
-62.7652
-62.5804
-62.4011
-62.2273
-62.0588
-61.8954
-61.7372
-61.5838
-61.4353
-61.2914
-61.1521
-61.0173
-60.8868
-60.7605
-60.6383
-60.5202
-60.406
-60.2956
-60.1889
-60.0859
-59.9864
-59.8903
-59.7977
-59.7083
-59.6221
-59.5391
-59.4591
-59.3821
-59.3079
-59.2367
-59.1682
-59.1024
-59.0392
-58.9787
-58.9206
-58.865
-58.8118
-58.761
-58.7125
-58.6662
-58.6221
-58.5801
-58.5402
-58.5024
-58.4666
-58.4328
-58.4008
-58.3708
-58.3426
-58.3161
-58.2915
-58.2685
-58.2472
-58.2276
-58.2096
-58.1931
-58.1782
-58.1648
-58.1529
-58.1424
-58.1334
-58.1257
-58.1194
-58.1144
-58.1108
-58.1084
-58.1072
-58.1073
-58.1085
-58.1109
-58.1145
-58.1192
-58.125
-58.1319
-58.1398
-58.1488
-58.1587
-58.1697
-58.1816
-58.1944
-58.2082
-58.2229
-58.2385
-58.2549
-58.2722
-58.2903
-58.3092
-58.3289
-58.3494
-58.3707
-58.3926
-58.4153
-58.4387
-58.4628
-58.4876
-58.513
-58.5391
-58.5658
-58.5931
-58.621
-58.6495
-58.6785
-58.7081
-58.7383
-58.7689
-58.8001
-58.8318
-58.8639
-58.8965
-58.9296
-58.9631
-58.9971
-59.0314
-59.0662
-59.1014
-59.1369
-59.1728
-59.2091
-59.2457
-59.2827
-59.32
-59.3576
-59.3955
-59.4337
-59.4722
-59.5109
-59.55
-59.5892
-59.6288
-59.6685
-59.7085
-59.7487
-59.7891
-59.8297
-59.8705
-59.9114
-59.9526
-59.9939
-60.0353
-60.0769
-60.1186
-60.1605
-60.2025
-60.2446
-60.2868
-60.3291
-60.3715
-60.414
-60.4566
-60.4992
-60.5419
-60.5847
-60.6275
-60.6704
-60.7133
-60.7562
-60.7992
-60.8422
-60.8852
-60.9282
-60.9712
-61.0142
-61.0573
-61.1003
-61.1432
-61.1862
-61.2292
-61.2721
-61.3149
-61.3578
-61.4006
-61.4433
-61.486
-61.5286
-61.5712
-61.6137
-61.6561
-61.6985
-61.7407
-61.7829
-61.8251
-61.8671
-61.909
-61.9509
-61.9926
-62.0343
-62.0758
-62.1172
-62.1585
-62.1997
-62.2408
-62.2818
-62.3227
-62.3634
-62.404
-62.4444
-62.4848
-62.525
-62.565
-62.605
-62.6448
-62.6844
-62.7239
-62.7632
-62.8024
-62.8415
-62.8804
-62.9191
-62.9577
-62.9961
-63.0344
-63.0725
-63.1105
-63.1482
-63.1858
-63.2233
-63.2606
-63.2977
-63.3346
-63.3714
-63.408
-63.4444
-63.4806
-63.5167
-63.5525
-63.5882
-63.6238
-63.6591
-63.6943
-63.7293
-63.7641
-63.7987
-63.8331
-63.8673
-63.9014
-63.9352
-63.9689
-64.0024
-64.0357
-64.0688
-64.1018
-64.1345
-64.167
-64.1994
-64.2315
-64.2635
-64.2953
-64.3269
-64.3583
-64.3895
-64.4205
-64.4513
-64.4819
-64.5123
-64.5425
-64.5726
-64.6024
-64.6321
-64.6615
-64.6908
-64.7198
-64.7487
-64.7774
-64.8058
-64.8341
-64.8622
-64.8901
-64.9178
-64.9453
-64.9726
-64.9997
-65.0266
-65.0534
-65.0799
-65.1063
-65.1324
-65.1584
-65.1841
-65.2097
-65.2351
-65.2603
-65.2852
-65.3101
-65.3347
-65.3591
-65.3833
-65.4074
-65.4312
-65.4549
-65.4783
-65.5016
-65.5247
-65.5476
-65.5703
-65.5929
-65.6152
-65.6374
-65.6594
-65.6811
-65.7028
-65.7242
-65.7454
-65.7664
-65.7873
-65.808
-65.8285
-65.8488
-65.869
-65.8889
-65.9087
-65.9283
-65.9477
-65.9669
-65.986
-66.0049
-66.0236
-66.0421
-66.0605
-66.0787
-66.0967
-66.1145
-66.1322
-66.1497
-66.167
-66.1841
-66.2011
-66.2179
-66.2345
-66.251
-66.2673
-66.2834
-66.2994
-66.3152
-66.3308
-66.3462
-66.3615
-66.3767
-66.3916
-66.4064
-66.4211
-66.4356
-66.4499
-66.464
-66.478
-66.4919
-66.5056
-66.5191
-66.5325
-66.5457
-66.5587
-66.5716
-66.5844
-66.597
-66.6094
-66.6217
-66.6339
-66.6458
-66.6577
-66.6694
-66.6809
-66.6923
-66.7036
-66.7146
-66.7256
-66.7364
-66.7471
-66.7576
-66.768
-66.7782
-66.7883
-66.7982
-66.808
-66.8177
-66.8272
-66.8366
-66.8459
-66.855
-66.864
-66.8728
-66.8815
-66.8901
-66.8986
-66.9069
-66.915
-66.9231
-66.931
-66.9388
-66.9464
-66.954
-66.9614
-66.9686
-66.9758
-66.9828
-66.9897
-66.9965
-67.0031
-67.0096
-67.016
-67.0223
-67.0285
-67.0345
-67.0404
-67.0462
-67.0519
-67.0575
-67.0629
-67.0682
-67.0734
-67.0785
-67.0835
-67.0884
-67.0931
-67.0978
-67.1023
-67.1067
-67.111
-67.1152
-67.1193
-67.1233
-67.1272
-67.131
-67.1346
-67.1382
-67.1416
-67.145
-67.1482
-67.1514
-67.1544
-67.1574
-67.1602
-67.1629
-67.1656
-67.1681
-67.1706
-67.1729
-67.1751
-67.1773
-67.1793
-67.1813
-67.1832
-67.1849
-67.1866
-67.1882
-67.1897
-67.1911
-67.1924
-67.1936
-67.1948
-67.1958
-67.1968
-67.1976
-67.1984
-67.1991
-67.1997
-67.2002
-67.2007
-67.201
-67.2013
-67.2015
-67.2016
-67.2016
-67.2016
-67.2015
-67.2012
-67.201
-67.2006
-67.2001
-67.1996
-67.199
-67.1983
-67.1976
-67.1968
-67.1958
-67.1949
-67.1938
-67.1927
-67.1915
-67.1902
-67.1889
-67.1875
-67.186
-67.1845
-67.1829
-67.1812
-67.1794
-67.1776
-67.1757
-67.1738
-67.1718
-67.1697
-67.1676
-67.1654
-67.1631
-67.1608
-67.1584
-67.1559
-67.1534
-67.1508
-67.1482
-67.1455
-67.1427
-67.1399
-67.137
-67.1341
-67.1311
-67.1281
-67.125
-67.1219
-67.1187
-67.1154
-67.1121
-67.1087
-67.1053
-67.1018
-67.0983
-67.0947
-67.0911
-67.0874
-67.0837
-67.08
-67.0761
-67.0723
-67.0684
-67.0644
-67.0604
-67.0563
-67.0522
-67.0481
-67.0439
-67.0397
-67.0354
-67.0311
-67.0267
-67.0223
-67.0179
-67.0134
-67.0088
-67.0043
-66.9997
-66.995
-66.9903
-66.9856
-66.9808
-66.976
-66.9712
-66.9663
-66.9614
-66.9565
-66.9515
-66.9465
-66.9414
-66.9363
-66.9312
-66.926
-66.9209
-66.9156
-66.9104
-66.9051
-66.8998
-66.8944
-66.8891
-66.8836
-66.8782
-66.8727
-66.8672
-66.8617
-66.8561
-66.8506
-66.845
-66.8393
-66.8336
-66.828
-66.8222
-66.8165
-66.8107
-66.8049
-66.7991
-66.7932
-66.7874
-66.7815
-66.7756
-66.7696
-66.7637
-66.7577
-66.7517
-66.7456
-66.7396
-66.7335
-66.7274
-66.7213
-66.7152
-66.709
-66.7029
-66.6967
-66.6905
-66.6843
-66.678
-66.6718
-66.6655
-66.6592
-66.6529
-66.6466
-66.6402
-66.6339
-66.6275
-66.6211
-66.6147
-66.6083
-66.6019
-66.5955
-66.589
-66.5825
-66.5761
-66.5696
-66.5631
-66.5566
-66.5501
-66.5435
-66.537
-66.5304
-66.5239
-66.5173
-66.5107
-66.5041
-66.4975
-66.4909
-66.4843
-66.4777
-66.4711
-66.4644
-66.4578
-66.4512
-66.4445
-66.4378
-66.4312
-66.4245
-66.4178
-66.4111
-66.4045
-66.3978
-66.3911
-66.3844
-66.3777
-66.3709
-66.3642
-66.3575
-66.3508
-66.3441
-66.3373
-66.3306
-66.3239
-66.3171
-66.3104
-66.3037
-66.2969
-66.2902
-66.2834
-66.2767
-66.27
-66.2632
-66.2565
-66.2497
-66.243
-66.2362
-66.2295
-66.2228
-66.216
-66.2093
-66.2026
-66.1958
-66.1891
-66.1824
-66.1757
-66.1689
-66.1622
-66.1555
-66.1488
-66.1421
-66.1354
-66.1287
-66.122
-66.1154
-66.1087
-66.102
-66.0953
-66.0887
-66.082
-66.0754
-66.0687
-66.0621
-66.0555
-66.0489
-66.0422
-66.0356
-66.029
-66.0225
-66.0159
-66.0093
-66.0027
-65.9962
-65.9896
-65.9831
-65.9766
-65.9701
-65.9636
-65.9571
-65.9506
-65.9441
-65.9376
-65.9312
-65.9247
-65.9183
-65.9118
-65.9054
-65.899
-65.8926
-65.8862
-65.8798
-65.8735
-65.8671
-65.8608
-65.8544
-65.8481
-65.8418
-65.8355
-65.8292
-65.8229
-65.8167
-65.8104
-65.8042
-65.798
-65.7917
-65.7856
-65.7794
-65.7732
-65.767
-65.7609
-65.7548
-65.7486
-65.7425
-65.7365
-65.7304
-65.7243
-65.7183
-65.7123
-65.7062
-65.7002
-65.6943
-65.6883
-65.6823
-65.6764
-65.6705
-65.6646
-65.6587
-65.6528
-65.647
-65.6411
-65.6353
-65.6295
-65.6237
-65.618
-65.6122
-65.6065
-65.6008
-65.5951
-65.5894
-65.5837
-65.5781
-65.5724
-65.5668
-65.5612
-65.5557
-65.5501
-65.5446
-65.5391
-65.5336
-65.5281
-65.5226
-65.5172
-65.5118
-65.5064
-65.501
-65.4956
-65.4903
-65.485
-65.4796
-65.4744
-65.4691
-65.4639
-65.4586
-65.4534
-65.4482
-65.4431
-65.4379
-65.4328
-65.4277
-65.4226
-65.4175
-65.4125
-65.4074
-65.4024
-65.3974
-65.3925
-65.3875
-65.3826
-65.3777
-65.3728
-65.3679
-65.3631
-65.3582
-65.3534
-65.3486
-65.3439
-65.3391
-65.3344
-65.3297
-65.325
-65.3204
-65.3157
-65.3111
-65.3065
-65.3019
-65.2974
-65.2928
-65.2883
-65.2838
-65.2794
-65.2749
-65.2705
-65.2661
-65.2617
-65.2574
-65.253
-65.2487
-65.2444
-65.2401
-65.2359
-65.2317
-65.2275
-65.2233
-65.2191
-65.215
-65.2109
-65.2068
-65.2027
-65.1987
-65.1946
-65.1906
-65.1867
-65.1827
-65.1788
-65.1749
-65.171
-65.1671
-65.1633
-65.1594
-65.1557
-65.1519
-65.1481
-65.1444
-65.1407
-65.137
-65.1334
-65.1297
-65.1261
-64.9876
-64.7614
-64.4707
-64.1299
-63.7494
-63.3372
-62.8996
-62.4416
-61.9672
-61.4799
-60.9824
-60.4768
-59.9651
-59.4486
-58.9287
-58.4062
-57.8822
-57.357
-56.8314
-56.3055
-55.7796
-55.254
-54.7285
-54.203
-53.6775
-53.1515
-52.6247
-52.0966
-51.5665
-51.0338
-50.4975
-49.9567
-49.4103
-48.8569
-48.295
-47.7231
-47.1393
-46.5415
-45.9272
-45.294
-44.6388
-43.9582
-43.2485
-42.5054
-41.7241
-40.8989
-40.0239
-39.0917
-38.0943
-37.0225
-35.8658
-34.6123
-33.2482
-31.7582
-30.1251
-28.3297
-26.3509
-24.1662
-21.7521
-19.0859
-16.147
-12.9202
-9.3997
-5.59432
-1.53277
2.73121
7.11635
11.5157
15.804
19.8504
23.5348
26.7632
29.4784
31.6644
33.3417
34.5586
35.3786
35.87
36.0971
36.116
35.9724
35.7018
35.3314
34.8809
34.3649
33.7943
33.1769
32.5187
31.8244
31.0977
30.3419
29.5595
28.7122
27.8289
26.9221
25.9985
25.0619
24.115
23.1599
22.1982
21.2312
20.2602
19.2863
18.3105
17.3337
16.3569
15.3807
14.4059
13.4332
12.4633
11.4965
10.5336
9.57481
8.62071
7.67163
6.72791
5.78986
4.85773
3.93176
3.01216
2.0991
1.19272
0.293161
-0.599488
-1.48514
-2.36374
-3.23524
-4.09961
-4.95684
-5.80693
-6.6499
-7.48577
-8.31458
-9.13638
-9.95122
-10.7592
-11.5603
-12.3547
-13.1425
-13.9237
-14.6984
-15.4669
-16.2291
-16.9853
-17.7355
-18.48
-19.2188
-19.9522
-20.6803
-21.4033
-22.1215
-22.8351
-23.5442
-24.2492
-24.9504
-25.648
-26.3423
-27.0338
-27.7227
-28.4095
-29.0945
-29.7783
-30.4613
-31.144
-31.8269
-32.5106
-33.1956
-33.8827
-34.5724
-35.2655
-35.9626
-36.6644
-37.3717
-38.0853
-38.8058
-39.5341
-40.2707
-41.0165
-41.7719
-42.5375
-43.3138
-44.1009
-44.899
-45.7079
-46.5271
-47.3559
-48.193
-49.037
-49.8857
-50.7366
-51.5866
-52.4321
-53.2691
-54.0932
-54.8998
-55.6842
-56.4417
-57.1679
-57.8588
-58.511
-59.1219
-59.6898
-60.2136
-60.6933
-61.1296
-61.5239
-61.878
-62.1945
-62.476
-62.7254
-62.9456
-63.1395
-63.31
-63.4598
-63.5913
-63.7068
-63.8084
-63.8979
-63.977
-64.0472
-64.1097
-64.1657
-64.216
-64.2616
-64.3031
-64.3412
-64.3763
-64.409
-64.4397
-64.4686
-64.496
-64.5222
-64.5474
-64.5717
-64.5954
-64.6184
-64.641
-64.6632
-64.6851
-64.7067
-64.7282
-64.7495
-64.7707
-64.7919
-64.813
-64.8341
-64.8552
-64.8763
-64.8974
-64.9186
-64.9398
-64.9611
-64.9825
-65.0039
-65.0254
-65.047
-65.0686
-65.0903
-65.1121
-65.1339
-65.1559
-65.1779
-65.1999
-65.2221
-65.2443
-65.2666
-65.2889
-65.3113
-65.3337
-65.3562
-65.3788
-65.4014
-65.424
-65.4467
-65.4695
-65.4922
-65.515
-65.5379
-65.5607
-65.5836
-65.6065
-65.6294
-65.6524
-65.6753
-65.6983
-65.7213
-65.7442
-65.7672
-65.7902
-65.8131
-65.8361
-65.8591
-65.882
-65.9049
-65.9278
-65.9507
-65.9736
-65.9964
-66.0192
-66.042
-66.0648
-66.0875
-66.1102
-66.1328
-66.1554
-66.178
-66.2005
-66.2229
-66.2454
-66.2677
-66.29
-66.3123
-66.3345
-66.3567
-66.3787
-66.4008
-66.4227
-66.4446
-66.4664
-66.4882
-66.5099
-66.5315
-66.553
-66.5745
-66.5959
-66.6172
-66.6384
-66.6596
-66.6807
-66.7017
-66.7226
-66.7434
-66.7641
-66.7848
-66.8053
-66.8258
-66.8462
-66.8664
-66.8866
-66.9067
-66.9267
-66.9466
-66.9664
-66.9862
-67.0058
-67.0253
-67.0447
-67.064
-67.0832
-67.1023
-67.1213
-67.1402
-67.159
-67.1776
-67.1962
-67.2147
-67.233
-67.2513
-67.2694
-67.2875
-67.3054
-67.3232
-67.3409
-67.3585
-67.3759
-67.3933
-67.4105
-67.4277
-67.4447
-67.4616
-67.4784
-67.4951
-67.5116
-67.528
-67.5444
-67.5606
-67.5767
-67.5926
-67.6085
-67.6242
-67.6398
-67.6553
-67.6707
-67.6859
-67.7011
-67.7161
-67.731
-67.7458
-67.7604
-67.775
-67.7894
-67.8037
-67.8178
-67.8319
-67.8458
-67.8596
-67.8733
-67.8869
-67.9003
-67.9137
-67.9269
-67.94
-67.9529
-67.9658
-67.9785
-67.9911
-68.0036
-68.0159
-68.0281
-68.0402
-68.0522
-68.0641
-68.0759
-68.0875
-68.099
-68.1104
-68.1216
-68.1328
-68.1438
-68.1547
-68.1655
-68.1761
-68.1867
-68.1971
-68.2074
-68.2176
-68.2276
-68.2376
-68.2474
-68.2571
-68.2667
-68.2761
-68.2855
-68.2947
-68.3038
-68.3128
-68.3216
-68.3304
-68.339
-68.3475
-68.3559
-68.3642
-68.3724
-68.3804
-68.3884
-68.3962
-68.4039
-68.4115
-68.4189
-68.4263
-68.2955
-68.0777
-67.7981
-67.4721
-67.1108
-66.7225
-66.3136
-65.8893
-65.4537
-65.0101
-64.5611
-64.109
-63.6555
-63.0773
-62.4257
-61.7265
-60.9961
-60.2458
-59.4843
-58.7181
-57.9522
-57.1906
-56.4362
-55.6912
-54.9573
-54.2357
-53.5273
-52.8326
-52.1519
-51.4851
-50.8322
-50.1928
-49.5666
-48.9529
-48.351
-47.7603
-47.1797
-46.6084
-46.0453
-45.4893
-44.9392

