-65
-64.9994
-64.9988
-64.9982
-64.9977
-64.9971
-64.9965
-64.996
-64.9954
-64.9949
-64.9943
-64.9938
-64.9932
-64.9927
-64.9922
-64.9917
-64.9912
-64.9906
-64.9901
-64.9896
-64.9891
-64.9886
-64.9881
-64.9876
-64.9872
-64.9867
-64.9862
-64.9857
-64.9852
-64.9848
-64.9843
-64.9838
-64.9834
-64.9829
-64.9825
-64.982
-64.9816
-64.9811
-64.9807
-64.9802
-64.9798
-64.9794
-64.9789
-64.9785
-64.9781
-64.9777
-64.9772
-64.9768
-64.9764
-64.976
-64.9756
-64.9752
-64.9748
-64.9744
-64.974
-64.9736
-64.9732
-64.9728
-64.9725
-64.9721
-64.9717
-64.9713
-64.971
-64.9706
-64.9702
-64.9699
-64.9695
-64.9692
-64.9688
-64.9685
-64.9681
-64.9678
-64.9675
-64.9671
-64.9668
-64.9665
-64.9661
-64.9658
-64.9655
-64.9652
-64.9649
-64.9646
-64.9642
-64.9639
-64.9636
-64.9633
-64.963
-64.9628
-64.9625
-64.9622
-64.9619
-64.9616
-64.9613
-64.9611
-64.9608
-64.9605
-64.9603
-64.96
-64.9598
-64.9595
-64.9592
-64.959
-64.9588
-64.9585
-64.9583
-64.958
-64.9578
-64.9576
-64.9573
-64.9571
-64.9569
-64.9567
-64.9565
-64.9562
-64.956
-64.9558
-64.9556
-64.9554
-64.9552
-64.955
-64.9548
-64.9546
-64.9545
-64.9543
-64.9541
-64.9539
-64.9537
-64.9536
-64.9534
-64.9532
-64.9531
-64.9529
-64.9527
-64.9526
-64.9524
-64.9523
-64.9521
-64.952
-64.9519
-64.9517
-64.9516
-64.9514
-64.9513
-64.9512
-64.9511
-64.9509
-64.9508
-64.9507
-64.9506
-64.9505
-64.9504
-64.9503
-64.9502
-64.95
-64.9499
-64.9499
-64.9498
-64.9497
-64.9496
-64.9495
-64.9494
-64.9493
-64.9492
-64.9492
-64.9491
-64.949
-64.9489
-64.9489
-64.9488
-64.9487
-64.9487
-64.9486
-64.9486
-64.9485
-64.9485
-64.9484
-64.9484
-64.9483
-64.9483
-64.9482
-64.9482
-64.9482
-64.9481
-64.9481
-64.9481
-64.948
-64.948
-64.948
-64.948
-64.948
-64.9479
-64.9479
-64.9479
-64.9479
-64.9479
-64.9479
-64.9479
-64.9479
-64.9479
-64.9479
-64.9479
-64.9479
-64.9479
-64.9479
-64.9479
-64.9479
-64.9479
-64.9479
-64.948
-64.948
-64.948
-64.948
-64.9481
-64.9481
-64.9481
-64.9481
-64.9482
-64.9482
-64.9482
-64.9483
-64.9483
-64.9483
-64.9484
-64.9484
-64.9485
-64.9485
-64.9486
-64.9486
-64.9487
-64.9487
-64.9488
-64.9488
-64.9489
-64.9489
-64.949
-64.9491
-64.9491
-64.9492
-64.9492
-64.9493
-64.9494
-64.9494
-64.9495
-64.9496
-64.9497
-64.9497
-64.9498
-64.9499
-64.95
-64.95
-64.9501
-64.9502
-64.9503
-64.9504
-64.9504
-64.9505
-64.9506
-64.9507
-64.9508
-64.9509
-64.951
-64.951
-64.9511
-64.9512
-64.9513
-64.9514
-64.9515
-64.9516
-64.9517
-64.9518
-64.9519
-64.952
-64.9521
-64.9522
-64.9523
-64.9524
-64.9525
-64.9526
-64.9527
-64.9528
-64.9529
-64.953
-64.9532
-64.9533
-64.9534
-64.9535
-64.9536
-64.9537
-64.9538
-64.9539
-64.954
-64.9542
-64.9543
-64.9544
-64.9545
-64.9546
-64.9547
-64.9548
-64.955
-64.9551
-64.9552
-64.9553
-64.9554
-64.9556
-64.9557
-64.9558
-64.9559
-64.956
-64.9562
-64.9563
-64.9564
-64.9565
-64.9566
-64.9568
-64.9569
-64.957
-64.9571
-64.9573
-64.9574
-64.9575
-64.9576
-64.9578
-64.9579
-64.958
-64.9581
-64.9583
-64.9584
-64.9585
-64.9587
-64.9588
-64.9589
-64.959
-64.9592
-64.9593
-64.9594
-64.9595
-64.9597
-64.9598
-64.9599
-64.96
-64.9602
-64.9603
-64.9604
-64.9606
-64.9607
-64.9608
-64.9609
-64.9611
-64.9612
-64.9613
-64.9614
-64.9616
-64.9617
-64.9618
-64.962
-64.9621
-64.9622
-64.9623
-64.9625
-64.9626
-64.9627
-64.9628
-64.963
-64.9631
-64.9632
-64.8287
-64.6067
-64.3203
-63.9838
-63.6076
-63.1997
-62.7662
-62.3123
-61.842
-61.3587
-60.8649
-60.363
-59.8547
-59.3416
-58.8248
-58.3054
-57.784
-57.2614
-56.738
-56.2141
-55.69
-55.1657
-54.6412
-54.1164
-53.591
-53.0647
-52.5372
-52.0077
-51.4756
-50.9402
-50.4005
-49.8554
-49.3036
-48.7439
-48.1745
-47.5937
-46.9996
-46.3897
-45.7616
-45.1124
-44.4387
-43.737
-43.0031
-42.2322
-41.4189
-40.5573
-39.6402
-38.6599
-37.6072
-36.4718
-35.2418
-33.9038
-32.4426
-30.8408
-29.0791
-27.1363
-24.9892
-22.6136
-19.9851
-17.0813
-13.8842
-10.3846
-6.58683
-2.51511
1.78129
6.22448
10.7089
15.1082
19.2876
23.1208
26.5057
29.377
31.7109
33.5222
34.8558
35.7744
36.3475
36.6419
36.7166
36.6203
36.3909
36.0575
35.6413
35.1578
34.6183
34.0313
33.4028
32.7377
32.0398
31.3121
30.5574
29.7779
28.9758
28.1528
27.3108
26.4515
25.5763
24.6867
23.7842
22.8701
21.9456
21.012
20.0703
19.1216
18.1671
17.2075
16.244
15.2772
14.308
13.3372
12.3655
11.3935
10.4219
9.4511
8.48179
7.51439
6.54935
5.58708
4.62794
3.67228
2.72039
1.77255
0.828999
-0.110043
-1.04439
-1.97387
-2.89834
-3.81769
-4.73183
-5.64066
-6.54412
-7.44218
-8.3348
-9.22196
-10.1037
-10.98
-11.8509
-12.7164
-13.5766
-14.4316
-15.2815
-16.1263
-16.9663
-17.8014
-18.6318
-19.4578
-20.2795
-21.0971
-21.9108
-22.7209
-23.5276
-24.3313
-25.1323
-25.9309
-26.7275
-27.5225
-28.3165
-29.1099
-29.9033
-30.6973
-31.4924
-32.2895
-33.0892
-33.8923
-34.6996
-35.5121
-36.3307
-37.1563
-37.9901
-38.8329
-39.686
-40.5505
-41.4274
-42.3179
-43.223
-44.1438
-45.0811
-46.0358
-47.0085
-47.9994
-49.0086
-50.0358
-51.08
-52.1399
-53.2133
-54.2975
-55.3889
-56.4829
-57.5741
-58.6566
-59.7233
-60.7669
-61.7798
-62.7545
-63.6837
-64.5611
-65.3813
-66.1404
-66.836
-67.4672
-68.0346
-68.5402
-68.9871
-69.3792
-69.721
-70.0172
-70.2727
-70.4922
-70.6802
-70.8408
-70.9778
-71.0946
-71.1942
-71.2791
-71.3516
-71.4137
-71.4669
-71.5127
-71.5522
-71.5865
-71.6164
-71.6426
-71.6656
-71.6861
-71.7043
-71.7206
-71.7354
-71.7488
-71.7611
-71.7724
-71.783
-71.7928
-71.802
-71.8107
-71.819
-71.8269
-71.8345
-71.8417
-71.8488
-71.8556
-71.8622
-71.8686
-71.8749
-71.881
-71.887
-71.8929
-71.8987
-71.9044
-71.9099
-71.9154
-71.9208
-71.9262
-71.7956
-71.5866
-71.3266
-71.0324
-70.7148
-70.3818
-70.0392
-69.6911
-69.3408
-68.9908
-68.6429
-68.2984
-67.9584
-67.6238
-67.2951
-66.9728
-66.6572
-66.3486
-66.047
-65.7527
-65.4656
-65.1858
-64.9132
-64.6479
-64.3896
-64.1384
-63.8941
-63.6566
-63.4258
-63.2016
-62.9839
-62.7724
-62.5672
-62.368
-62.1748
-61.9873
-61.8054
-61.6291
-61.4581
-61.2924
-61.1318
-60.9762
-60.8255
-60.6795
-60.5381
-60.4013
-60.2689
-60.1407
-60.0168
-59.8969
-59.781
-59.669
-59.5607
-59.4562
-59.3552
-59.2577
-59.1637
-59.073
-58.9856
-58.9013
-58.8202
-58.7421
-58.6669
-58.5946
-58.5251
-58.4584
-58.3944
-58.333
-58.2741
-58.2178
-58.1639
-58.1124
-58.0633
-58.0164
-57.9718
-57.9293
-57.889
-57.8508
-57.8146
-57.7804
-57.7482
-57.7179
-57.6895
-57.663
-57.6382
-57.6152
-57.5939
-57.5743
-57.5563
-57.54
-57.5252
-57.5121
-57.5004
-57.4902
-57.4815
-57.4742
-57.4683
-57.4638
-57.4607
-57.4589
-57.4583
-57.459
-57.461
-57.4642
-57.4685
-57.4741
-57.4808
-57.4886
-57.3887
-57.2262
-57.0224
-56.7902
-56.5382
-56.2723
-55.9974
-55.7166
-55.4327
-55.1477
-54.863
-54.5799
-54.2992
-54.0217
-53.7479
-53.4783
-53.2132
-52.9527
-52.6971
-52.4465
-52.2009
-51.9605
-51.7252
-51.4949
-51.2698
-51.0496
-50.8343
-50.6239
-50.4183
-50.2173
-50.0208
-49.8288
-49.6411
-49.4576
-49.2782
-49.1028
-48.9312
-48.7633
-48.5989
-48.4381
-48.2806
-48.1264
-47.9753
-47.8272
-47.682
-47.5396
-47.3999
-47.2628
-47.1282
-46.996
-46.8661
-46.7384
-46.6129
-46.4894
-46.3679
-46.2483
-46.1306
-46.0145
-45.9002
-45.7875
-45.6763
-45.5667
-45.4584
-45.3515
-45.246
-45.1417
-45.0386
-44.9367
-44.8358
-44.7361
-44.6373
-44.5395
-44.4427
-44.3467
-44.2515
-44.1571
-44.0635
-43.9706
-43.8783
-43.7867
-43.6956
-43.6051
-43.5151
-43.4255
-43.3364
-43.2476
-43.1592
-43.0711
-42.9832
-42.8955
-42.808
-42.7207
-42.6334
-42.5461
-42.4588
-42.3715
-42.284
-42.1963
-42.1085
-42.0203
-41.9318
-41.8429
-41.7535
-41.6636
-41.5731
-41.4819
-41.3899
-41.2971
-41.2034
-41.1087
-41.0129
-40.916
-40.8177
-40.718
-40.6168
-40.5139
-40.4093
-40.3028
-40.1943
-40.0835
-39.9704
-39.8549
-39.7366
-39.6154
-39.4911
-39.3636
-39.2325
-39.0976
-38.9587
-38.8155
-38.6678
-38.5151
-38.3571
-38.1936
-38.0241
-37.8482
-37.6655
-37.4755
-37.2777
-37.0716
-36.8566
-36.6321
-36.3974
-36.1519
-35.8947
-35.6252
-35.3423
-35.0452
-34.7329
-34.4043
-34.0584
-33.6937
-33.3092
-32.9033
-32.4746
-32.0216
-31.5426
-31.0359
-30.4997
-29.9321
-29.3313
-28.6953
-28.0222
-27.3101
-26.5572
-25.7621
-24.9234
-24.0401
-23.112
-22.1394
-21.1234
-20.0664
-18.9719
-17.845
-16.6923
-15.5224
-14.3455
-13.1736
-12.0199
-10.8987
-9.82484
-8.81275
-7.87601
-7.0266
-6.2744
-5.62677
-5.08845
-4.66151
-4.34558
-4.13817
-4.03505
-4.03069
-4.11864
-4.2919
-4.54327
-4.86553
-5.25165
-5.69494
-6.1891
-6.72828
-7.30712
-7.92069
-8.56455
-9.23465
-9.92737
-10.6394
-11.3679
-12.1102
-12.864
-13.6271
-14.3977
-15.1742
-15.9551
-16.739
-17.5249
-18.3118
-19.0986
-19.8848
-20.6695
-21.4524
-22.2327
-23.0102
-23.7846
-24.5555
-25.3229
-26.0864
-26.8462
-27.6021
-28.3542
-29.1026
-29.8473
-30.5886
-31.3267
-32.0617
-32.7941
-33.5241
-34.252
-34.9783
-35.7035
-36.4279
-37.152
-37.8764
-38.6016
-39.3281
-40.0565
-40.7875
-41.5216
-42.2594
-43.0016
-43.7487
-44.5013
-45.2601
-46.0255
-46.7981
-47.5782
-48.3663
-49.1626
-49.9674
-50.7806
-51.6022
-52.4319
-53.2692
-54.1134
-54.9636
-55.8185
-56.6766
-57.5359
-58.3942
-59.249
-60.0972
-60.9357
-61.7609
-62.5691
-63.3563
-64.1187
-64.8526
-65.5543
-66.2207
-66.8493
-67.4378
-67.985
-68.4902
-68.9536
-69.3758
-69.7581
-70.1024
-70.4109
-70.6861
-70.9305
-71.1469
-71.3378
-71.5059
-71.6537
-71.7834
-71.7628
-71.6513
-71.4782
-71.2615
-71.0134
-70.743
-70.4569
-70.1601
-69.8566
-69.5493
-69.2407
-68.9325
-68.6262
-68.3229
-68.0235
-67.7287
-67.439
-67.1548
-66.8764
-66.604
-66.3378
-66.0779
-65.8244
-65.5772
-65.3363
-65.1017
-64.8734
-64.6513
-64.4353
-64.2252
-64.0211
-63.8228
-63.6302
-63.4431
-63.2615
-63.0853
-62.9142
-62.7483
-62.5874
-62.4313
-62.28
-62.1334
-61.9912
-61.8535
-61.7202
-61.591
-61.466
-61.3449
-61.2278
-61.1145
-61.0049
-60.8989
-60.7965
-60.6975
-60.602
-60.5097
-60.4206
-60.3346
-60.2518
-60.1719
-60.0949
-60.0207
-59.9494
-59.8807
-59.8147
-59.7513
-59.6904
-59.6319
-59.5759
-59.5222
-59.4709
-59.4217
-59.3748
-59.33
-59.2873
-59.2467
-59.208
-59.1713
-59.1366
-59.1036
-59.0726
-59.0433
-59.0157
-58.9899
-58.9657
-58.9432
-58.9223
-58.9029
-58.8851
-58.8688
-58.8539
-58.8405
-58.8285
-58.8178
-58.8085
-58.8005
-58.7938
-58.7883
-58.7841
-58.781
-58.7792
-58.7785
-58.7789
-58.7804
-58.7831
-58.7867
-58.7914
-58.7971
-58.8038
-58.8115
-58.8201
-58.8297
-58.8401
-58.8514
-58.8636
-58.8767
-58.8905
-58.9052
-58.9207
-58.9369
-58.9539
-58.9716
-58.9901
-59.0093
-59.0291
-59.0496
-59.0708
-59.0926
-59.1151
-59.1381
-59.1618
-59.186
-59.2108
-59.2361
-59.262
-59.2884
-59.3153
-59.3427
-59.3706
-59.399
-59.4278
-59.4571
-59.4868
-59.517
-59.5475
-59.5785
-59.6098
-59.6416
-59.6736
-59.7061
-59.7389
-59.772
-59.8054
-59.8392
-59.8733
-59.9076
-59.9423
-59.9772
-60.0124
-60.0478
-60.0835
-60.1195
-60.1556
-60.192
-60.2286
-60.2654
-60.3024
-60.3396
-60.3769
-60.4145
-60.4522
-60.49
-60.528
-60.5662
-60.6044
-60.6429
-60.6814
-60.72
-60.7588
-60.7976
-60.8366
-60.8756
-60.9147
-60.9539
-60.9932
-61.0325
-61.0719
-61.1113
-61.1508
-61.1903
-61.2299
-61.2695
-61.3091
-61.3487
-61.3884
-61.428
-61.4677
-61.5074
-61.547
-61.5867
-61.6263
-61.6659
-61.7055
-61.7451
-61.7847
-61.8242
-61.8636
-61.9031
-61.9425
-61.9818
-62.0211
-62.0603
-62.0995
-62.1386
-62.1776
-62.2166
-62.2555
-62.2943
-62.21
-62.0497
-61.8365
-61.5844
-61.3032
-61.0002
-60.6809
-60.3497
-60.01
-59.6645
-59.3155
-58.9647
-58.6135
-58.2631
-57.9143
-57.5681
-57.225
-56.8855
-56.5501
-56.2191
-55.8929
-55.5715
-55.2552
-54.9442
-54.6384
-54.3381
-54.0431
-53.7535
-53.4692
-53.1903
-52.9167
-52.6482
-52.3848
-52.1263
-51.8727
-51.6239
-51.3796
-51.1397
-50.9041
-50.6726
-50.4451
-50.2213
-50.0011
-49.7843
-49.5707
-49.3602
-49.1525
-48.9475
-48.7449
-48.5446
-48.3464
-48.1501
-47.9554
-47.7622
-47.5703
-47.3795
-47.1895
-47.0002
-46.8114
-46.6228
-46.4342
-46.2455
-46.0563
-45.8665
-45.6758
-45.484
-45.2908
-45.0961
-44.8994
-44.7006
-44.4994
-44.2955
-44.0885
-43.8782
-43.6642
-43.4461
-43.2237
-42.9965
-42.764
-42.5259
-42.2816
-42.0307
-41.7727
-41.507
-41.2329
-40.9498
-40.6571
-40.354
-40.0397
-39.7133
-39.374
-39.0207
-38.6523
-38.2678
-37.8659
-37.4452
-37.0043
-36.5416
-36.0556
-35.5443
-35.0059
-34.4383
-33.8392
-33.2062
-32.5369
-31.8285
-31.0782
-30.2829
-29.4395
-28.5448
-27.5955
-26.5881
-25.5194
-24.3862
-23.1856
-21.9151
-20.5728
-19.1574
-17.6692
-16.1094
-14.4815
-12.791
-11.0461
-9.2581
-7.4417
-5.61511
-3.7999
-2.02051
-0.303318
1.32462
2.83722
4.21104
5.4268
6.47054
7.3342
8.0156
8.51791
8.84871
9.01886
9.04134
8.93023
8.69987
8.36419
7.9363
7.42826
6.85095
6.21406
5.52613
4.79466
4.0262
3.22647
2.40045
1.55248
0.686368
-0.194577
-1.08744
-1.98967
-2.89903
-3.81355
-4.73148
-5.65132
-6.57171
-7.49148
-8.40959
-9.32515
-10.2374
-11.1456
-12.0492
-12.9476
-13.8406
-14.7276
-15.6085
-16.4829
-17.3507
-18.2117
-19.0659
-19.9132
-20.7535
-21.587
-22.4137
-23.2336
-24.0469
-24.8537
-25.6543
-26.4488
-27.2376
-28.0208
-28.7988
-29.572
-30.3407
-31.1053
-31.8662
-32.6239
-33.379
-34.1318
-34.883
-35.6332
-36.3829
-37.1328
-37.8835
-38.6357
-39.3901
-40.1474
-40.9083
-41.6736
-42.4439
-43.22
-44.0026
-44.7923
-45.5897
-46.3955
-47.2101
-48.034
-48.8673
-49.7103
-50.5629
-51.425
-52.2959
-53.1751
-54.0615
-54.9536
-55.8498
-56.7478
-57.6451
-58.5387
-59.4253
-60.3009
-61.1616
-62.0031
-62.8208
-63.6105
-64.368
-65.0894
-65.7713
-66.4112
-67.0071
-67.5578
-68.0632
-68.5236
-68.9405
-69.3154
-69.6509
-69.9495
-70.214
-70.4476
-70.6531
-70.8335
-70.9914
-71.1295
-71.2502
-71.3556
-71.4477
-71.5282
-71.5985
-71.6602
-71.7143
-71.7619
-71.8038
-71.8409
-71.8737
-71.903
-71.9291
-71.9525
-71.9735
-71.9926
-72.0098
-72.0256
-72.04
-72.0532
-72.0655
-72.0768
-72.0874
-72.0973
-72.1065
-72.1153
-72.1235
-72.1314
-72.1388
-72.1459
-72.1527
-72.1592
-72.1654
-72.1715
-72.1773
-72.1829
-72.1883
-72.1935
-72.1986
-72.2035
-72.2082
-72.2128
-72.2173
-72.2217
-72.2259
-72.23
-72.234
-72.2379
-72.2417
-72.2453
-72.2489
-72.2523
-72.2556
-72.2589
-72.262
-72.265
-72.2679
-72.2707
-72.2735
-72.2761
-72.2786
-72.281
-72.2833
-72.2855
-72.2876
-72.2896
-72.2916
-72.2934
-72.2951
-72.2967
-72.2982
-72.2996
-72.3009
-72.3021
-72.3033
-72.3043
-72.3052
-72.306
-72.3067
-72.3073
-72.3078
-72.3082
-72.3085
-72.3087
-72.3088
-72.3088
-72.3087
-72.3085
-72.3082
-72.3078
-72.3073
-72.3067
-72.306
-72.3051
-72.3042
-72.3032
-72.3021
-72.3008
-72.2995
-72.2981
-72.2965
-72.2949
-72.2932
-72.2913
-72.2894
-72.2873
-72.2852
-72.2829
-72.2806
-72.2781
-72.2755
-72.2729
-72.2701
-72.2672
-72.2643
-72.2612
-72.258
-72.2548
-72.2514
-72.2479
-72.2443
-72.2407
-72.2369
-72.233
-72.229
-72.225
-72.2208
-72.2165
-72.2121
-72.2076
-72.2031
-72.1984
-72.1936
-72.1887
-72.1838
-72.1787
-72.1735
-72.1683
-72.1629
-72.1574
-72.1519
-72.1462
-72.1405
-72.1346
-72.1287
-72.1227
-72.1165
-72.1103
-72.104
-72.0976
-72.0911
-72.0845
-72.0778
-72.071
-72.0641
-72.0571
-72.0501
-72.0429
-72.0356
-72.0283
-72.0209
-72.0134
-72.0057
-71.998
-71.9903
-71.9824
-71.9744
-71.9664
-71.9582
-71.95
-71.9417
-71.9333
-71.9248
-71.9162
-71.9075
-71.8988
-71.89
-71.881
-71.872
-71.863
-71.8538
-71.8445
-71.8352
-71.8258
-71.8163
-71.8067
-71.7971
-71.7874
-71.7775
-71.7676
-71.7577
-71.7476
-71.7375
-71.7273
-71.717
-71.7067
-71.6962
-71.5398
-71.2905
-70.9747
-70.6085
-70.2038
-69.7692
-69.3119
-68.8372
-68.3496
-67.8529
-67.3498
-66.8429
-66.3341
-65.8252
-65.3175
-64.8122
-64.3103
-63.8126
-63.3198
-62.8326
-62.3514
-61.8766
-61.4086
-60.9477
-60.4941
-60.0481
-59.6096
-59.1789
-58.756
-58.3408
-57.9336
-57.534
-57.1423
-56.7581
-56.3815
-56.0122
-55.6503
-55.2953
-54.9473
-54.6059
-54.271
-53.9424
-53.6196
-53.3026
-52.991
-52.6845
-52.3829
-52.0858
-51.7929
-51.5038
-51.2183
-50.936
-50.6565
-50.3794
-50.1045
-49.8311
-49.5591
-49.288
-49.0173
-48.7466
-48.4754
-48.2034
-47.9299
-47.6546
-47.3769
-47.0962
-46.812
-46.5237
-46.2306
-45.9321
-45.6275
-45.3159
-44.9968
-44.6691
-44.3319
-43.9843
-43.6253
-43.2536
-42.8681
-42.4674
-42.05
-41.6144
-41.1589
-40.6815
-40.1801
-39.6527
-39.0965
-38.5091
-37.8873
-37.2279
-36.5274
-35.7819
-34.987
-34.1383
-33.2305
-32.2584
-31.216
-30.0972
-28.8955
-27.604
-26.2158
-24.7242
-23.1224
-21.4047
-19.566
-17.603
-15.5148
-13.303
-10.9734
-8.5362
-6.00678
-3.40648
-0.762592
1.89183
4.51881
7.0768
9.52267
11.8142
13.9126
15.7857
17.4096
18.7706
19.8653
20.6999
21.2887
21.6515
21.8115
21.793
21.62
21.3146
20.8968
20.3841
19.7913
19.1311
18.4141
17.649
16.8434
16.0033
15.1341
14.2402
13.3256
12.3935
11.4468
10.4881
9.51966
8.54348
7.56135
6.57485
5.58542
4.59433
3.60272
2.61162
1.62193
0.634482
-0.350013
-1.33091
-2.30765
-3.27972
-4.2467
-5.20821
-6.16392
-7.11356
-8.0569
-8.99374
-9.92393
-10.8474
-11.7639
-12.6736
-13.5763
-14.4721
-15.3609
-16.2428
-17.1179
-17.9863
-18.8481
-19.6712
-20.4698
-21.2501
-22.0156
-22.7681
-23.5093
-24.24
-24.961
-25.6731
-26.3768
-27.0726
-27.7611
-28.4427
-29.118
-29.7874
-30.4515
-31.1107
-31.7656
-32.4167
-33.0645
-33.7097
-34.3528
-34.9943
-35.6349
-36.2752
-36.9158
-37.5573
-38.2004
-38.8457
-39.4938
-40.1455
-40.8012
-41.4617
-42.1274
-42.7988
-43.4766
-44.1609
-44.8522
-45.5506
-46.256
-46.9684
-47.6874
-48.4123
-49.1422
-49.876
-50.612
-51.3484
-52.0828
-52.8125
-53.5344
-54.2453
-54.9414
-55.6191
-56.2745
-56.904
-57.5041
-58.0719
-58.6049
-59.1011
-59.5593
-59.9791
-60.3604
-60.7043
-61.0118
-61.285
-61.5257
-61.7365
-61.9198
-62.0781
-62.2139
-62.3298
-62.4279
-62.5105
-62.5795
-62.6367
-62.6838
-62.7221
-62.753
-62.7776
-62.7969
-62.8117
-62.8227
-62.8307
-62.8362
-62.8396
-62.8414
-62.8419
-62.8414
-62.8402
-62.8384
-62.8364
-62.8341
-62.8318
-62.8295
-62.8274
-62.8255
-62.824
-62.8227
-62.8219
-62.8215
-62.8216
-62.8221
-62.8232
-62.8248
-62.8269
-62.8295
-62.8327
-62.8365
-62.8407
-62.8455
-62.8509
-62.8568
-62.8632
-62.8702
-62.8777
-62.8857
-62.8942
-62.9032
-62.9127
-62.9226
-62.9331
-62.944
-62.9554
-62.9672
-62.9795
-62.9921
-63.0053
-63.0188
-63.0327
-63.047
-63.0617
-63.0768
-63.0923
-63.1081
-63.1242
-63.1407
-63.1575
-63.1747
-63.1922
-63.2099
-63.228
-63.2464
-63.265
-63.284
-63.3032
-63.3226
-63.3424
-63.3623
-63.3825
-63.403
-63.4236
-63.4445
-63.4656
-63.4869
-63.5084
-63.5301
-63.552
-63.5741
-63.5963
-63.6187
-63.6413
-63.664
-63.6869
-63.7099
-63.733
-63.7563
-63.7798
-63.8033
-63.827
-63.8507
-63.8746
-63.8986
-63.9227
-63.9469
-63.9712
-63.9955
-64.02
-64.0445
-64.0691
-64.0937
-64.1185
-64.1432
-64.1681
-64.193
-64.2179
-64.2429
-64.2679
-64.293
-64.318
-64.3432
-64.3683
-64.3935
-64.4186
-64.4438
-64.469
-64.4943
-64.5195
-64.5447
-64.57
-64.5952
-64.6204
-64.6456
-64.6708
-64.696
-64.7212
-64.7463
-64.7714
-64.7965
-64.8216
-64.8467
-64.8717
-64.8967
-64.9216
-64.9465
-64.9714
-64.9962
-65.021
-65.0457
-65.0704
-65.095
-65.1196
-65.1441
-65.1686
-65.193
-65.2173
-65.2416
-65.2658
-65.29
-65.314
-65.338
-65.362
-65.3858
-65.4096
-65.4334
-65.457
-65.4806
-65.504
-65.5274
-65.5508
-65.574
-65.5972
-65.6202
-65.6432
-65.6661
-65.6889
-65.7116
-65.7342
-65.7567
-65.7791
-65.8015
-65.8237
-65.8458
-65.8679
-65.8898
-65.9116
-65.9334
-65.955
-65.9765
-65.998
-66.0193
-66.0405
-66.0616
-66.0826
-66.1035
-66.1243
-66.145
-66.1655
-66.186
-66.2063
-66.2266
-66.2467
-66.2667
-66.2866
-66.3064
-66.326
-66.3456
-66.365
-66.3843
-66.4035
-66.4226
-66.4416
-66.4604
-66.4792
-66.4978
-66.5163
-66.5346
-66.5529
-66.571
-66.589
-66.6069
-66.6247
-66.6424
-66.6599
-66.6773
-66.6946
-66.7117
-66.7288
-66.7457
-66.7625
-66.7791
-66.7957
-66.8121
-66.8284
-66.8446
-66.8606
-66.8766
-66.8924
-66.908
-66.9236
-66.939
-66.9543
-66.9695
-66.9846
-66.9995
-67.0143
-67.029
-66.9086
-66.7034
-66.438
-66.1274
-65.7826
-65.4116
-65.0206
-64.6147
-64.1978
-63.7731
-63.3432
-62.9103
-62.476
-62.0418
-61.6088
-61.1781
-60.7505
-60.3266
-59.907
-59.4923
-59.0828
-58.6787
-58.2805
-57.8883
-57.5023
-57.1225
-56.7491
-56.3821
-56.0216
-55.6674
-55.3196
-54.9781
-54.6429
-54.3137
-53.9905
-53.6731
-53.3613
-53.0551
-52.7541
-52.4581
-52.1671
-51.8806
-51.5985
-51.3205
-51.0463
-50.7757
-50.5084
-50.2441
-49.9825
-49.7233
-49.4662
-49.2108
-48.9569
-48.704
-48.4519
-48.2001
-47.9484
-47.6962
-47.4433
-47.1892
-46.9335
-46.6758
-46.4156
-46.1524
-45.8857
-45.6151
-45.3399
-45.0596
-44.688
-44.2599
-43.7914
-43.2914
-42.7655
-42.2173
-41.6488
-41.0613
-40.4551
-39.83
-39.1853
-38.5197
-37.8318
-37.1197
-36.3814
-35.6143
-34.8159
-33.9831
-33.1128
-32.2016
-31.2457
-30.2413
-29.1844
-28.0707
-26.8959
-25.6556
-24.3457
-22.9621
-21.5011
-19.9596
-18.3356
-16.6278
-14.8367
-12.9645
-11.0159
-8.99813
-6.9217
-4.80061
-2.65263
-0.499437
1.63359
3.71778
5.72218
7.61495
9.36523
10.9453
12.3328
13.5121
14.4758
15.2243
15.7651
16.111
16.2791
16.2879
16.1568
15.9042
15.5475
15.102
14.5811
13.9964
13.3579
12.6739
11.9515
11.1967
10.4146
9.60959
8.78538
7.94523
7.09193
6.22796
5.35547
4.47637
3.59235
2.7049
1.81535
0.924885
0.0345569
-0.854699
-1.74205
-2.62677
-3.50821
-4.38577
-5.25897
-6.12737
-6.99056
-7.84823
-8.70008
-9.54587
-10.3854
-11.2185
-12.045
-12.8649
-13.678
-14.4843
-15.2838
-16.0765
-16.8623
-17.6413
-18.4136
-19.1793
-19.9383
-20.6909
-21.4371
-22.1771
-22.911
-23.639
-24.3613
-25.0782
-25.7897
-26.4963
-27.1981
-27.8954
-28.5885
-29.2779
-29.9637
-30.6464
-31.3265
-32.0042
-32.68
-33.3545
-34.0281
-34.7013
-35.3746
-36.0487
-36.724
-37.4012
-38.0809
-38.7638
-39.4503
-40.1413
-40.8373
-41.539
-42.2469
-42.9617
-43.6839
-44.4139
-45.1521
-45.899
-46.6545
-47.4187
-48.1914
-48.9723
-49.7606
-50.5553
-51.3551
-52.1584
-52.9629
-53.7663
-54.5654
-55.3572
-56.1378
-56.9033
-57.6498
-58.3732
-59.0694
-59.7349
-60.3665
-60.9614
-61.5177
-62.0342
-62.5104
-62.9465
-63.3433
-63.7025
-64.0258
-64.3155
-64.5742
-64.8045
-65.0089
-65.1902
-65.3508
-65.493
-65.6191
-65.731
-65.8305
-65.9193
-65.9987
-66.0701
-66.1346
-66.193
-66.2464
-66.2953
-66.3404
-66.3822
-66.4213
-66.458
-66.4926
-66.5254
-66.5567
-66.5867
-66.6156
-66.6436
-66.6707
-66.697
-66.7228
-66.748
-66.7728
-66.7971
-66.8211
-66.8447
-66.8681
-66.8913
-66.9142
-66.937
-66.9595
-66.982
-67.0042
-67.0264
-67.0484
-67.0704
-67.0922
-67.1139
-67.1356
-67.1571
-67.1786
-67.2
-67.2214
-67.2426
-67.2638
-67.2849
-67.3059
-67.3269
-67.3478
-67.3686
-67.3894
-67.4101
-67.4307
-67.4512
-67.4717
-67.4921
-67.5124
-67.5327
-67.5528
-67.5729
-67.5929
-67.6129
-67.6327
-67.6525
-67.6722
-67.6918
-67.7113
-67.7307
-67.7501
-67.7693
-67.7885
-67.8076
-67.8265
-67.8454
-67.8642
-67.8829
-67.9015
-67.92
-67.9385
-67.9568
-67.975
-67.9931
-68.0111
-68.029
-68.0468
-68.0645
-68.0821
-68.0996
-68.117
-68.1343
-68.1514
-68.1685
-68.1855
-68.2023
-68.219
-68.2357
-68.2522
-68.2686
-68.2848
-68.301
-68.3171
-68.333
-68.3488
-68.3645
-68.3801
-68.3956
-68.4109
-68.4262
-68.4413
-68.4563
-68.4712
-68.486
-68.3667
-68.1663
-67.9103
-67.6145
-67.2898
-66.9441
-66.5835
-66.2127
-65.8354
-65.4543
-65.0719
-64.69
-64.3099
-63.9328
-63.5598
-63.1915
-62.8286
-62.4716
-62.1208
-61.7765
-61.4391
-61.1087
-60.7854
-60.4694
-60.1607
-59.8592
-59.5651
-59.2784
-58.9988
-58.7265
-58.4614
-58.2033
-57.9522
-57.7079
-57.4704
-57.2395
-57.0152
-56.7972
-56.5855
-56.38
-56.1804
-55.9867
-55.7987
-55.6163
-55.4393
-55.2677
-55.1012
-54.9399
-54.7834
-54.6317
-54.4848
-54.3423
-54.2043
-54.0707
-53.9412
-53.8158
-53.6944
-53.5769
-53.4632
-53.3532
-53.2467
-53.1438
-53.0442
-52.948
-52.855
-52.7652
-52.6785
-52.5948
-52.5141
-52.4362
-52.3612
-52.2889
-52.2194
-52.1524
-52.0881
-52.0263
-51.967
-51.9101
-51.8557
-51.8036
-51.7538
-51.7063
-51.6611
-51.6181
-51.5773
-51.5386
-51.502
-51.4676
-51.4352
-51.4049
-51.3766
-51.3503
-51.326
-51.3037
-51.2833
-51.2648
-51.2483
-51.2337
-51.2209
-51.21
-51.201
-51.1939
-51.1886
-51.1851
-51.1835
-51.1836
-51.1856
-51.1893
-51.1949
-51.2022
-51.2114
-51.2223
-51.2349
-51.2493
-51.2655
-51.2835
-51.3031
-51.3246
-51.3477
-51.3726
-51.3992
-51.4276
-51.4576
-51.4894
-51.5229
-51.5581
-51.595
-51.6335
-51.6738
-51.7157
-51.7593
-51.8046
-51.8515
-51.9001
-51.9502
-52.002
-52.0555
-52.1105
-52.1671
-52.2253
-52.285
-52.3463
-52.4091
-52.4735
-52.5393
-52.6067
-52.6754
-52.7457
-52.8173
-52.8904
-52.9649
-53.0407
-53.1178
-53.1963
-53.276
-53.357
-53.4392
-53.5227
-53.6073
-53.693
-53.7799
-53.8678
-53.9567
-54.0467
-54.1376
-54.2295
-54.3223
-54.416
-54.5104
-54.6057
-54.7017
-54.7985
-54.8959
-54.9939
-55.0925
-55.1917
-55.2914
-55.3915
-55.4921
-55.593
-55.6943
-55.7959
-55.8978
-55.9999
-56.1021
-56.2045
-56.307
-56.4096
-56.5122
-56.6148
-56.7173
-56.8197
-56.922
-57.0241
-57.126
-57.2277
-57.3292
-57.4303
-57.5311
-57.6315
-57.7316
-57.8312
-57.9304
-58.0292
-58.1274
-58.2251
-58.3223
-58.4189
-58.5149
-58.6103
-58.7051
-58.7993
-58.8928
-58.9856
-59.0778
-59.1693
-59.26
-59.35
-59.4393
-59.5279
-59.6157
-59.7027
-59.789
-59.8745
-59.9593
-60.0432
-60.1264
-60.2088
-60.2904
-60.3713
-60.4513
-60.5306
-60.609
-60.6867
-60.7636
-60.8397
-60.915
-60.9895
-61.0633
-61.1363
-61.2085
-61.28
-61.3507
-61.4207
-61.4899
-61.5583
-61.6261
-61.693
-61.7593
-61.8249
-61.8897
-61.9538
-62.0173
-62.08
-62.1421
-62.2034
-62.2641
-62.3242
-62.3835
-62.4423
-62.5004
-62.5578
-62.6146
-62.6708
-62.7264
-62.7814
-62.8358
-62.8895
-62.9427
-62.9953
-63.0474
-63.0989
-63.1498
-63.2002
-63.25
-63.2993
-63.348
-63.3962
-63.4439
-63.4911
-63.5378
-63.584
-63.6297
-63.6749
-63.7196
-63.7639
-63.8076
-63.851
-63.8938
-63.9362
-63.9781
-64.0197
-64.0607
-64.1014
-64.1416
-64.1814
-64.2207
-64.2597
-64.2982
-64.3364
-64.3741
-64.4115
-64.4485
-64.485
-64.5212
-64.5571
-64.5925
-64.6276
-64.6623
-64.6967
-64.7307
-64.7643
-64.7976
-64.8306
-64.8632
-64.8955
-64.9274
-64.9591
-64.9904
-65.0213
-65.052
-65.0823
-65.1123
-65.142
-65.1714
-65.2005
-65.2293
-65.2578
-65.286
-65.3139
-65.3415
-65.3688
-65.3958
-65.4226
-65.4491
-65.4753
-65.5012
-65.5268
-65.5522
-65.5773
-65.6022
-65.6267
-65.6511
-65.6751
-65.6989
-65.7225
-65.7458
-65.7688
-65.7916
-65.8142
-65.8365
-65.8586
-65.8804
-65.902
-65.9234
-65.9445
-65.9654
-65.986
-66.0065
-65.8924
-65.6926
-65.431
-65.1226
-64.7778
-64.4047
-64.0096
-63.5975
-63.1723
-62.7375
-62.2955
-61.8487
-61.3987
-60.9471
-60.4951
-60.0437
-59.5938
-59.1462
-58.7014
-58.2599
-57.8222
-57.3885
-56.9593
-56.5346
-56.1147
-55.6997
-55.2895
-54.8843
-54.484
-54.0886
-53.6979
-53.3118
-52.9302
-52.5529
-52.1795
-51.8099
-51.4437
-51.0807
-50.7204
-50.3625
-50.0066
-49.6521
-49.2987
-48.9457
-48.5927
-48.239
-47.8841
-47.5272
-47.1676
-46.8046
-46.4374
-46.065
-45.6866
-45.3012
-44.9077
-44.505
-44.0917
-43.6667
-43.2284
-42.7752
-42.3054
-41.8172
-41.3085
-40.7771
-40.2205
-39.6359
-39.0205
-38.3709
-37.6835
-36.9544
-36.179
-35.3525
-34.4696
-33.5243
-32.5103
-31.4204
-30.247
-28.982
-27.6166
-26.1417
-24.5481
-22.8264
-20.9679
-18.9649
-16.8117
-14.5051
-12.0463
-9.44185
-6.70552
-3.85951
-0.935701
2.02395
4.96814
7.83842
10.573
13.112
15.4026
17.4046
19.0931
20.4602
21.513
22.2706
22.7603
23.0134
23.0621
22.937
22.6658
22.2725
21.7776
21.198
20.5477
19.8381
19.0787
18.2771
17.4398
16.5723
15.679
14.7639
13.8304
12.8814
11.9196
10.9473
9.96665
8.97938
7.98722
6.99164
5.99401
4.99554
3.99731
3.00031
2.00542
1.01341
0.0249842
-0.959233
-1.9387
-2.91292
-3.88149
-4.84404
-5.80025
-6.74986
-7.69263
-8.62839
-9.55699
-10.4783
-11.3923
-12.2988
-13.1979
-14.0895
-14.9737
-15.8505
-16.72
-17.5822
-18.4372
-19.2853
-20.1264
-20.9608
-21.7887
-22.6102
-23.4256
-24.2352
-25.0391
-25.8377
-26.6313
-27.4203
-28.205
-28.9857
-29.7631
-30.5374
-31.3092
-32.0791
-32.8475
-33.6151
-34.3824
-35.1501
-35.919
-36.6897
-37.4629
-38.2395
-39.0202
-39.8058
-40.5972
-41.3952
-42.2005
-43.0141
-43.8367
-44.6691
-45.5119
-46.3658
-47.2312
-48.1085
-48.998
-49.8995
-50.8129
-51.7374
-52.6723
-53.6162
-54.5674
-55.5236
-56.4819
-57.4392
-58.3916
-59.3347
-60.2638
-61.1738
-62.0594
-62.9152
-63.7363
-64.5178
-65.2556
-65.9465
-66.5881
-67.1789
-67.7186
-68.2078
-68.6481
-69.0416
-69.3911
-69.6999
-69.9714
-70.209
-70.4164
-70.5968
-70.7534
-70.8892
-71.0068
-71.1086
-71.1968
-71.2733
-71.3397
-71.3975
-71.4479
-71.4919
-71.5305
-71.5645
-71.5946
-71.6213
-71.6451
-71.6664
-71.6857
-71.7031
-71.7189
-71.7334
-71.7468
-71.7592
-71.7707
-71.7815
-71.7916
-71.8011
-71.8102
-71.8188
-71.827
-71.8349
-71.8425
-71.8498
-71.8569
-71.8638
-71.8704
-71.8769
-71.8832
-71.8894
-71.8954
-71.9012
-71.907
-71.9126
-71.9181
-71.9235
-71.9288
-71.934
-71.9392
-71.9442
-71.9491
-71.9539
-71.9586
-71.9633
-71.9678
-71.9723
-71.9766
-71.9809
-71.9851
-71.9892
-71.9933
-71.9972
-72.0011
-72.0048
-72.0085
-72.0121
-72.0156
-72.019
-72.0224
-72.0256
-72.0288
-72.0318
-72.0348
-72.0377
-72.0405
-72.0432
-72.0458
-72.0483
-72.0508
-72.0531
-72.0553
-72.0575
-72.0596
-72.0615
-72.0634
-72.0652
-72.0669
-72.0684
-72.0699
-72.0713
-72.0726
-72.0738
-72.075
-72.076
-72.0769
-72.0777
-72.0784
-72.0791
-72.0796
-72.08
-72.0803
-72.0806
-72.0807
-72.0807
-72.0807
-72.0805
-72.0803
-72.0799
-72.0794
-72.0789
-72.0782
-72.0774
-72.0766
-72.0756
-72.0746
-72.0734
-72.0722
-72.0708
-72.0693
-72.0678
-72.0661
-72.0644
-72.0625
-72.0605
-72.0585
-72.0563
-72.0541
-72.0517
-72.0492
-72.0467
-72.044
-72.0413
-72.0384
-72.0354
-72.0324
-72.0292
-72.026
-72.0226
-72.0192
-72.0156
-72.012
-72.0082
-72.0044
-72.0004
-71.9964
-71.9922
-71.988
-71.9837
-71.9792
-71.9747
-71.9701
-71.9654
-71.9606
-71.9556
-71.9506
-71.9455
-71.9403
-71.935
-71.9296
-71.9242
-71.9186
-71.9129
-71.9071
-71.9013
-71.8953
-71.8893
-71.8831
-71.8769
-71.8706
-71.8642
-71.8577
-71.8511
-71.8444
-71.8376
-71.8308
-71.8238
-71.8168
-71.8096
-71.8024
-71.7951
-71.7877
-71.7802
-71.6273
-71.3827
-71.0727
-70.7137
-70.3174
-69.8927
-69.4463
-68.9839
-68.5097
-68.0273
-67.5396
-67.049
-66.5574
-66.0665
-65.5774
-65.0915
-64.6096
-64.1325
-63.6608
-63.1952
-62.7361
-62.2838
-61.8387
-61.4011
-60.9711
-60.5489
-60.1346
-59.7283
-59.3301
-58.9399
-58.5578
-58.1837
-57.8175
-57.4592
-57.1087
-56.7658
-56.4305
-56.1025
-55.7817
-55.468
-55.1611
-54.8609
-54.567
-54.2795
-53.9979
-53.7221
-53.4519
-53.187
-52.9271
-52.6721
-52.4216
-52.1755
-51.9334
-51.6951
-51.4604
-51.2289
-51.0005
-50.7748
-50.5517
-50.3307
-50.1117
-49.8943
-49.6784
-49.4635
-49.2496
-49.0361
-48.8229
-48.6097
-48.3962
-48.182
-47.9669
-47.7504
-47.5324
-47.3124
-47.0901
-46.865
-46.6369
-46.4053
-46.1698
-45.9299
-45.6851
-45.435
-45.179
-44.9166
-44.6471
-44.3699
-44.0843
-43.7896
-43.4849
-43.1695
-42.8423
-42.5023
-42.1486
-41.7798
-41.3948
-40.9921
-40.5701
-40.1273
-39.6619
-39.1718
-38.655
-38.109
-37.5314
-36.9193
-36.2698
-35.5795
-34.8449
-34.0621
-33.227
-32.335
-31.3815
-30.3614
-29.2695
-28.0481
-26.7183
-25.2878
-23.7592
-22.1337
-20.4114
-18.5929
-16.68
-14.6758
-12.586
-10.4187
-8.18583
-5.90261
-3.58836
-1.26629
1.03681
3.29118
5.46503
7.52599
9.4427
11.1867
12.7345
14.0689
15.1801
16.0664
16.7331
17.1916
17.4578
17.5503
17.4888
17.2929
16.9811
16.5702
16.0751
15.5089
14.8826
14.2057
13.4863
12.7311
11.9458
11.1354
10.3041
9.45531
8.59228
7.71765
6.83379
5.94275
5.04636
4.14621
3.24372
2.34016
1.43662
0.534098
-0.366537
-1.26452
-2.15916
-3.04988
-3.93614
-4.81749
-5.69353
-6.56392
-7.42837
-8.28664
-9.13852
-9.98384
-10.8225
-11.6543
-12.4792
-13.2972
-14.1082
-14.9123
-15.7094
-16.4996
-17.283
-18.0595
-18.8293
-19.5926
-20.3493
-21.0997
-21.8438
-22.582
-23.3143
-24.0409
-24.7622
-25.4782
-26.1893
-26.8958
-27.598
-28.2961
-28.9906
-29.6817
-30.3699
-31.0557
-31.7394
-32.4215
-33.1024
-33.7279
-34.3244
-34.9035
-35.4715
-36.0321
-36.5877
-37.1402
-37.6909
-38.2407
-38.7907
-39.3414
-39.8936
-40.448
-41.0049
-41.565
-42.1286
-42.6961
-43.2677
-43.8435
-44.4237
-45.008
-45.5961
-46.1876
-46.7817
-47.3776
-47.9738
-48.569
-49.1613
-49.7487
-50.3289
-50.8993
-51.4572
-52
-52.5247
-53.0287
-53.5097
-53.9654
-54.3939
-54.7941
-55.1649
-55.5061
-55.8177
-56.1001
-56.3544
-56.5818
-56.7837
-56.9619
-57.1181
-57.2542
-57.3721
-57.4734
-57.5601
-57.6337
-57.6958
-57.7478
-57.791
-57.8265
-57.8555
-57.8789
-57.8975
-57.9121
-57.9233
-57.9317
-57.9379
-57.9422
-57.945
-57.9467
-57.9475
-57.9478
-57.9477
-57.9474
-57.947
-57.9468
-57.9468
-57.9471
-57.9478
-57.949
-57.9507
-57.953
-57.9559
-57.9595
-57.9638
-57.9688
-57.9745
-57.9809
-57.9881
-57.9961
-58.0048
-58.0142
-58.0245
-58.0354
-58.0472
-58.0596
-58.0729
-58.0868
-58.1015
-58.1168
-58.1329
-58.1497
-58.1671
-58.1853
-58.2041
-58.2235
-58.2436
-58.2643
-58.2856
-58.3076
-58.3301
-58.3532
-58.3769
-58.4011
-58.4259
-58.4512
-58.477
-58.5034
-58.5302
-58.5576
-58.5854
-58.6137
-58.6424
-58.6716
-58.7012
-58.7313
-58.7617
-58.7926
-58.8238
-58.8555
-58.8875
-58.9199
-58.9526
-58.9857
-59.0191
-59.0528
-59.0869
-59.1213
-59.1559
-59.1909
-59.2261
-59.2617
-59.2974
-59.3335
-59.3698
-59.4063
-59.4431
-59.4801
-59.5173
-59.5547
-59.5923
-59.6302
-59.6682
-59.7064
-59.7447
-59.7833
-59.822
-59.8608
-59.8998
-59.939
-59.9783
-60.0177
-60.0572
-60.0969
-60.1367
-60.1765
-60.2165
-60.2566
-60.2968
-60.337
-60.3773
-60.4177
-60.4582
-60.4988
-60.5393
-60.58
-60.6207
-60.6614
-60.7022
-60.743
-60.7839
-60.8247
-60.8656
-60.9065
-60.9475
-60.9884
-61.0293
-61.0703
-61.1112
-61.1521
-61.193
-61.2339
-61.2748
-61.3157
-61.3565
-61.3973
-61.4381
-61.4789
-61.5196
-61.5602
-61.6009
-61.6414
-61.682
-61.7224
-61.7628
-61.8032
-61.8435
-61.8837
-61.9239
-61.9639
-62.004
-62.0439
-62.0838
-62.1236
-62.1633
-62.2029
-62.2424
-62.2818
-62.3212
-62.3604
-62.3996
-62.4386
-62.4776
-62.5165
-62.5552
-62.5939
-62.6324
-62.6708
-62.7092
-62.7474
-62.7854
-62.8234
-62.8613
-62.899
-62.9366
-62.9741
-63.0115
-63.0487
-63.0859
-63.1228
-63.1597
-63.1964
-63.233
-63.2695
-63.3058
-63.342
-63.378
-63.414
-63.4497
-63.4854
-63.5209
-63.5562
-63.5914
-63.6265
-63.6614
-63.6962
-63.7308
-63.7653
-63.7996
-63.8338
-63.8678
-63.9016
-63.9354
-63.9689
-64.0023
-64.0356
-64.0687
-64.1016
-64.1344
-64.1671
-64.1995
-64.2318
-64.264
-64.296
-64.3278
-64.3595
-64.391
-64.4224
-64.4536
-64.4846
-64.5155
-64.5462
-64.5767
-64.6071
-64.6373
-64.6674
-64.6972
-64.727
-64.7565
-64.7859
-64.8151
-64.8442
-64.873
-64.9018
-64.9303
-64.9587
-64.9869
-65.015
-65.0429
-65.0706
-65.0981
-65.1255
-65.1527
-65.1798
-65.2067
-65.2334
-65.2599
-65.2863
-65.3125
-65.3385
-65.3644
-65.3901
-65.4156
-65.441
-65.4662
-65.4912
-65.5161
-65.5408
-65.5653
-65.5896
-65.6138
-65.6378
-65.6617
-65.6854
-65.7089
-65.7322
-65.7554
-65.7784
-65.8013
-65.824
-65.8465
-65.8689
-65.891
-65.9131
-65.9349
-65.9566
-65.9781
-65.9995
-66.0207
-66.0417
-66.0626
-66.0833
-66.1038
-66.1242
-66.1444
-66.1644
-66.1843
-66.2041
-66.2236
-66.243
-66.2623
-66.2813
-66.3002
-66.319
-66.3376
-66.356
-66.3743
-66.3924
-66.4104
-66.4282
-66.4458
-66.4633
-66.4806
-66.4978
-66.5148
-66.5317
-66.5484
-66.5649
-66.5813
-66.5976
-66.6137
-66.6296
-66.6454
-66.661
-66.6765
-66.6918
-66.707
-66.722
-66.7368
-66.7516
-66.7661
-66.7805
-66.7948
-66.8089
-66.8229
-66.8367
-66.8504
-66.8639
-66.8773
-66.8905
-66.9036
-66.9166
-66.9294
-66.942
-66.9546
-66.9669
-66.9792
-66.9913
-67.0032
-67.015
-67.0267
-67.0382
-67.0496
-67.0608
-67.072
-67.0829
-67.0938
-67.1045
-67.115
-67.1254
-67.1357
-67.1459
-67.1559
-67.1658
-67.1756
-67.1852
-67.1947
-67.204
-67.2133
-67.2224
-67.2313
-67.2402
-67.2489
-67.2575
-67.2659
-67.2742
-67.2824
-67.2905
-67.2985
-67.3063
-67.314
-67.3215
-67.329
-67.3363
-67.3435
-67.3506
-67.3576
-67.3644
-67.3711
-67.3777
-67.3842
-67.3906
-67.3968
-67.403
-67.409
-67.4149
-67.4206
-67.4263
-67.4318
-67.4373
-67.4426
-67.4478
-67.4529
-67.4579
-67.4628
-67.4675
-67.4722
-67.4767
-67.4812
-67.4855
-67.4897
-67.4938
-67.4978
-67.5017
-67.5055
-67.5092
-67.5128
-67.5163
-67.5196
-67.5229
-67.5261
-67.5291
-67.5321
-67.535
-67.5377
-67.5404
-67.543
-67.5454
-67.5478
-67.5501
-67.5523
-67.5543
-67.5563
-67.5582
-67.56
-67.5617
-67.5633
-67.5648
-67.5663
-67.5676
-67.5688
-67.57
-67.571
-67.572
-67.5729
-67.5737
-67.5744
-67.575
-67.5756
-67.576
-67.5764
-67.5766
-67.5768
-67.5769
-67.577
-67.5769
-67.5768
-67.5765
-67.5762
-67.5758
-67.5754
-67.5748
-67.5742
-67.5735
-67.5727
-67.5719
-67.5709
-67.5699
-67.5688
-67.5676
-67.5664
-67.5651
-67.5637
-67.5622
-67.5607
-67.5591
-67.5574
-67.5557
-67.5539
-67.552
-67.55
-67.548
-67.5459
-67.5437
-67.5415
-67.5392
-67.5368
-67.5344
-67.5319
-67.5293
-67.5267
-67.524
-67.5212
-67.5184
-67.5155
-67.5126
-67.5096
-67.5065
-67.5034
-67.5002
-67.497
-67.4937
-67.4903
-67.4869
-67.4834
-67.4799
-67.4763
-67.4726
-67.4689
-67.4652
-67.4614
-67.4575
-67.4536
-67.4496
-67.4456
-67.4415
-67.4374
-67.4332
-67.429
-67.4247
-67.4204
-67.416
-67.4116
-67.4071
-67.4026
-67.398
-67.3934
-67.3887
-67.384
-67.3792
-67.3744
-67.3696
-67.3647
-67.3597
-67.3548
-67.3497
-67.3447
-67.3396
-67.3344
-67.3292
-67.324
-67.3187
-67.3134
-67.308
-67.3027
-67.2972
-67.2918
-67.2862
-67.2807
-67.2751
-67.2695
-67.2638
-67.2581
-67.2524
-67.2467
-67.2409
-67.235
-67.2292
-67.2233
-67.2173
-67.2114
-67.2054
-67.1993
-67.1933
-67.1872
-67.181
-67.1749
-67.1687
-67.1625
-67.1562
-67.15
-67.1437
-67.1373
-67.131
-67.1246
-67.1182
-67.1118
-67.1053
-67.0988
-67.0923
-67.0858
-67.0792
-67.0726
-67.066
-67.0594
-67.0527
-67.046
-67.0393
-67.0326
-67.0258
-67.0191
-67.0123
-67.0055
-66.9987
-66.9918
-66.9849
-66.9781
-66.9712
-66.9642
-66.9573
-66.9503
-66.9434
-66.9364
-66.9294
-66.9223
-66.9153
-66.9082
-66.9011
-66.8941
-66.7487
-66.5136
-66.2129
-65.8613
-65.4696
-65.0461
-64.5972
-64.1282
-63.6433
-63.1459
-62.639
-62.1247
-61.6051
-61.0818
-60.556
-60.0289
-59.5015
-58.9744
-58.4483
-57.9238
-57.401
-56.8805
-56.3624
-55.8467
-55.3335
-54.8229
-54.3146
-53.8085
-53.3043
-52.8016
-52.3
-51.7991
-51.2981
-50.7964
-50.2933
-49.7878
-49.2789
-48.7655
-48.2463
-47.72
-47.185
-46.6396
-46.0819
-45.5098
-44.9209
-44.3126
-43.6819
-43.0257
-42.3401
-41.6213
-40.8644
-40.0643
-39.2152
-38.3104
-37.3424
-36.3028
-35.1819
-33.969
-32.6519
-31.2169
-29.649
-27.9314
-26.0461
-23.974
-21.6955
-19.1918
-16.4459
-13.4455
-10.1859
-6.67349
-2.92544
1.00048
5.03205
9.07972
13.04
16.8035
20.2659
23.3403
25.9669
28.1187
29.8008
31.0448
31.9002
32.4246
32.6764
32.7085
32.5663
32.2868
31.8988
31.4243
30.8801
30.2787
29.6294
28.9396
28.2149
27.4599
26.6782
25.873
25.0471
24.2028
23.3422
22.4674
21.58
20.6817
19.774
18.8583
17.936
17.0081
16.076
15.1405
14.2027
13.2635
12.3236
11.384
10.4452
9.50799
8.57288
7.64045
6.71119
5.78555
4.86394
3.94674
3.03427
2.12682
1.22466
0.32802
-0.562904
-1.44793
-2.32692
-3.19973
-4.06627
-4.92646
-5.78022
-6.62751
-7.46829
-8.30254
-9.13027
-9.95149
-10.7662
-11.5745
-12.3763
-13.1717
-13.9609
-14.7438
-15.5206
-16.2914
-17.0562
-17.8151
-18.5684
-19.3161
-20.0584
-20.7955
-21.5274
-22.2545
-22.977
-23.6949
-24.4087
-25.1186
-25.8248
-26.5276
-27.2275
-27.9246
-28.6195
-29.3125
-30.004
-30.6945
-31.3846
-32.0746
-32.7652
-33.457
-34.1505
-34.8464
-35.5454
-36.2481
-36.9552
-37.6675
-38.3858
-39.1107
-39.843
-40.5834
-41.3327
-42.0914
-42.8601
-43.6393
-44.4293
-45.2303
-46.0422
-46.8647
-47.6974
-48.5391
-49.3885
-50.244
-51.103
-51.963
-52.8205
-53.6717
-54.5125
-55.3384
-56.1444
-56.926
-57.6784
-58.3974
-59.0791
-59.7204
-60.3191
-60.8737
-61.3835
-61.849
-62.2711
-62.6515
-62.9925
-63.2967
-63.567
-63.8062
-64.0174
-64.2037
-64.3676
-64.5119
-64.6391
-64.7512
-64.8504
-64.9382
-65.0164
-65.0863
-65.149
-65.2057
-65.2571
-65.3041
-65.3474
-65.3874
-65.4247
-65.4596
-65.4926
-65.524
-65.5539
-65.5826
-65.6103
-65.6372
-65.6633
-65.6888
-65.7138
-65.7383
-65.7625
-65.7864
-65.81
-65.7142
-65.5525
-65.35
-65.1211
-64.8754
-64.6192
-64.3571
-64.0925
-63.8277
-63.5645
-63.3041
-63.0476
-62.7955
-62.5484
-62.3067
-62.0705
-61.8401
-61.6156
-61.397
-61.1843
-60.9775
-60.7765
-60.5814
-60.392
-60.2083
-60.0301
-59.8573
-59.6899
-59.5278
-59.3707
-59.2187
-59.0716
-58.9292
-58.7916
-58.6585
-58.5298
-58.4055
-58.2855
-58.1695
-58.0576
-57.9497
-57.8456
-57.7452
-57.6485
-57.5553
-57.4656
-57.3793
-57.2963
-57.2166
-57.14
-57.0664
-56.9958
-56.9282
-56.8634
-56.8014
-56.7421
-56.6855
-56.6315
-56.58
-56.531
-56.4844
-56.4402
-56.3983
-56.3586
-56.3211
-56.2858
-56.2526
-56.2215
-56.1924
-56.1653
-56.1401
-56.1168
-56.0953
-56.0757
-56.0578
-56.0416
-56.0272
-56.0144
-56.0033
-55.9937
-55.9857
-55.9792
-55.9743
-55.9708
-55.9687
-55.968
-55.9687
-55.9708
-55.9742
-55.9788
-55.9848
-55.992
-56.0004
-56.0099
-56.0207
-56.0326
-56.0456
-56.0597
-56.0749
-56.0912
-56.1084
-56.1267
-56.146
-56.1662
-56.1873
-56.2094
-56.2324
-56.2563
-56.2811
-56.3067
-56.3331
-56.3603
-56.3883
-56.4171
-56.4467
-56.477
-56.508
-56.5397
-56.5721
-56.6052
-56.639
-56.6734
-56.7084
-56.744
-56.7802
-56.817
-56.8543
-56.8922
-56.9306
-56.9696
-57.0091
-57.049
-57.0895
-57.1304
-57.1717
-57.2135
-57.2557
-57.2983
-57.3414
-57.2766
-57.149
-56.9797
-56.7816
-56.5629
-56.3298
-56.0869
-55.8374
-55.584
-55.3286
-55.0727
-54.8177
-54.5642
-54.3132
-54.0652
-53.8206
-53.5798
-53.343
-53.1105
-52.8825
-52.659
-52.4401
-52.2259
-52.0165
-51.8117
-51.6117
-51.4164
-51.2257
-51.0395
-50.8579
-50.6808
-50.5081
-50.3396
-50.1754
-50.0153
-49.8593
-49.7073
-49.5591
-49.4147
-49.2739
-49.1368
-49.0032
-48.873
-48.7461
-48.6225
-48.502
-48.3847
-48.2703
-48.1589
-48.0503
-47.9445
-47.8414
-47.7409
-47.643
-47.5477
-47.4548
-47.3643
-47.2762
-47.1904
-47.1068
-47.0255
-46.9463
-46.8692
-46.7942
-46.7212
-46.6503
-46.5813
-46.5143
-46.4492
-46.386
-46.3246
-46.2651
-46.2074
-46.1515
-46.0973
-46.0449
-45.9943
-45.9454
-45.8982
-45.8527
-45.809
-45.7668
-45.7264
-45.6876
-45.6505
-45.6151
-45.5813
-45.5492
-45.5187
-45.4899
-45.4627
-45.4372
-45.4133
-45.3911
-45.3706
-45.3517
-45.3345
-45.319
-45.3052
-45.2931
-45.2827
-45.274
-45.267
-45.2618
-45.2583
-45.2566
-45.2567
-45.2585
-45.2622
-45.2677
-45.2751
-45.2843
-45.2954
-45.3084
-45.3234
-45.3402
-45.3591
-45.3799
-45.4028
-45.4276
-45.4546
-45.4836
-45.5148
-45.5481
-45.5835
-45.6211
-45.661
-45.7031
-45.7475
-45.7942
-45.8432
-45.8947
-45.9485
-46.0048
-46.0635
-46.1247
-46.1885
-46.2549
-46.3238
-46.3954
-46.4697
-46.5467
-46.6264
-46.7088
-46.7941
-46.8823
-46.9733
-47.0672
-47.164
-47.2638
-47.3666
-47.4724
-47.5812
-47.6931
-47.8081
-47.9262
-48.0475
-48.1719
-48.2994
-48.4301
-48.5639
-48.7009
-48.8411
-48.9845
-49.131
-49.2806
-49.4333
-49.5891
-49.748
-49.9098
-50.0747
-50.2424
-50.413
-50.5864
-50.7626
-50.9414
-51.1227
-51.3065
-51.4927
-51.6812
-51.8718
-52.0644
-52.2589
-52.4552
-52.6531
-52.8524
-53.0531
-53.2549
-53.4577
-53.6614
-53.8656
-54.0704
-54.2754
-54.4805
-54.6856
-54.8903
-55.0947
-55.2984
-55.5013
-55.7032
-55.904
-56.1034
-56.3014
-56.4977
-56.6923
-56.8848
-57.0754
-57.2637
-57.4497
-57.6332
-57.8143
-57.9927
-58.056
-58.0486
-57.9915
-57.8975
-57.7751
-57.6308
-57.4694
-57.2946
-57.1093
-56.9159
-56.7162
-56.5119
-56.304
-56.0938
-55.882
-55.6694
-55.4566
-55.2442
-55.0326
-54.8222
-54.6134
-54.4065
-54.2018
-53.9994
-53.7995
-53.6024
-53.4082
-53.2169
-53.0287
-52.8438
-52.662
-52.4835
-52.3084
-52.1366
-51.9682
-51.8032
-51.6415
-51.4832
-51.3282
-51.1766
-51.0282
-50.8831
-50.7412
-50.6025
-50.4669
-50.3343
-50.2048
-50.0783
-49.9547
-49.8339
-49.716
-49.6008
-49.4883
-49.3785
-49.2712
-49.1665
-49.0642
-48.9644
-48.8669
-48.7717
-48.6788
-48.588
-48.4995
-48.413
-48.3286
-48.2462
-48.1658
-48.0872
-48.0106
-47.9358
-47.8628
-47.7916
-47.722
-47.6542
-47.588
-47.5234
-47.4604
-47.399
-47.339
-47.2806
-47.2236
-47.168
-47.1138
-47.061
-47.0096
-46.9595
-46.9107
-46.8632
-46.8169
-46.7719
-46.7281
-46.6856
-46.6441
-46.6039
-46.5648
-46.5268
-46.4899
-46.4542
-46.4195
-46.3859
-46.3533
-46.3217
-46.2912
-46.2617
-46.2331
-46.2056
-46.179
-46.1533
-46.1286
-46.1048
-46.0819
-46.0599
-46.0388
-46.0186
-45.9992
-45.9807
-45.963
-45.9461
-45.9301
-45.9148
-45.9003
-45.8866
-45.8736
-45.8614
-45.8499
-45.8391
-45.829
-45.8196
-45.8108
-45.8027
-45.7953
-45.7885
-45.7822
-45.7766
-45.7715
-45.767
-45.763
-45.7595
-45.7565
-45.754
-45.752
-45.7503
-45.7491
-45.7483
-45.7479
-45.7478
-45.748
-45.7485
-45.7492
-45.7502
-45.7514
-45.7528
-45.7543
-45.7558
-45.7575
-45.7592
-45.7608
-45.7625
-45.764
-45.7654
-45.7666
-45.7675
-45.7682
-45.7686
-45.7685
-45.7681
-45.7671
-45.7655
-45.7633
-45.7604
-45.7567
-45.7521
-45.7466
-45.7401
-45.7324
-45.7235
-45.7133
-45.7017
-45.6885
-45.6736
-45.6569
-45.6383
-45.6176
-45.5947
-45.5694
-45.5415
-45.5109
-45.4773
-45.4405
-45.4004
-45.3567
-45.3091
-45.2573
-45.2011
-45.1402
-45.0742
-45.0027
-44.9254
-44.8419
-44.7517
-44.6543
-44.5493
-44.436
-44.3139
-44.1824
-44.0406
-43.8879
-43.7235
-43.5464
-43.3558
-43.1505
-42.9295
-42.6915
-42.4352
-42.1593
-41.8621
-41.542
-41.1972
-40.8258
-40.4258
-39.9949
-39.5307
-39.0308
-38.4926
-37.9134
-37.2903
-36.6206
-35.9013
-35.1297
-34.3032
-33.4196
-32.4769
-31.4738
-30.4098
-29.2855
-28.1023
-26.8635
-25.5737
-24.2393
-22.8688
-21.4723
-20.0618
-18.6507
-17.2537
-15.886
-14.5631
-13.2997
-12.11
-11.006
-9.9984
-9.09519

