-65
-64.9994
-64.9988
-64.9982
-64.9977
-64.9971
-64.9965
-64.996
-64.9954
-64.9949
-64.9943
-64.9938
-64.9932
-64.9927
-64.9922
-64.9917
-64.9912
-64.9906
-64.9901
-64.9896
-64.9891
-64.9886
-64.9881
-64.9876
-64.9872
-64.9867
-64.9862
-64.9857
-64.9852
-64.9848
-64.9843
-64.9838
-64.9834
-64.9829
-64.9825
-64.982
-64.9816
-64.9811
-64.9807
-64.9802
-64.9798
-64.9794
-64.9789
-64.9785
-64.9781
-64.9777
-64.9772
-64.9768
-64.9764
-64.976
-64.9756
-64.9752
-64.9748
-64.9744
-64.974
-64.9736
-64.9732
-64.9728
-64.9725
-64.9721
-64.9717
-64.9713
-64.971
-64.9706
-64.9702
-64.9699
-64.9695
-64.9692
-64.9688
-64.9685
-64.9681
-64.9678
-64.9675
-64.9671
-64.9668
-64.9665
-64.9661
-64.9658
-64.9655
-64.9652
-64.9649
-64.9646
-64.9642
-64.9639
-64.9636
-64.9633
-64.963
-64.9628
-64.9625
-64.9622
-64.9619
-64.9616
-64.9613
-64.9611
-64.9608
-64.9605
-64.9603
-64.96
-64.9598
-64.9595
-64.9592
-64.959
-64.9588
-64.9585
-64.9583
-64.958
-64.9578
-64.9576
-64.9573
-64.9571
-64.9569
-64.9567
-64.9565
-64.9562
-64.956
-64.9558
-64.9556
-64.9554
-64.9552
-64.955
-64.9548
-64.9546
-64.9545
-64.9543
-64.9541
-64.9539
-64.9537
-64.9536
-64.9534
-64.9532
-64.9531
-64.9529
-64.9527
-64.9526
-64.9524
-64.9523
-64.9521
-64.952
-64.9519
-64.9517
-64.9516
-64.9514
-64.9513
-64.9512
-64.9511
-64.9509
-64.9508
-64.9507
-64.9506
-64.9505
-64.9504
-64.9503
-64.9502
-64.95
-64.9499
-64.9499
-64.9498
-64.9497
-64.9496
-64.9495
-64.9494
-64.9493
-64.9492
-64.9492
-64.9491
-64.949
-64.9489
-64.9489
-64.9488
-64.9487
-64.9487
-64.9486
-64.9486
-64.9485
-64.9485
-64.9484
-64.9484
-64.9483
-64.9483
-64.9482
-64.9482
-64.9482
-64.9481
-64.9481
-64.9481
-64.948
-64.948
-64.948
-64.948
-64.948
-64.9479
-64.9479
-64.9479
-64.9479
-64.9479
-64.9479
-64.9479
-64.9479
-64.9479
-64.9479
-64.9479
-64.9479
-64.9479
-64.9479
-64.9479
-64.9479
-64.9479
-64.9479
-64.948
-64.948
-64.948
-64.948
-64.9481
-64.9481
-64.9481
-64.9481
-64.9482
-64.9482
-64.9482
-64.9483
-64.9483
-64.9483
-64.9484
-64.9484
-64.9485
-64.9485
-64.9486
-64.9486
-64.9487
-64.9487
-64.9488
-64.9488
-64.9489
-64.9489
-64.949
-64.9491
-64.9491
-64.9492
-64.9492
-64.9493
-64.9494
-64.9494
-64.9495
-64.9496
-64.9497
-64.9497
-64.9498
-64.9499
-64.95
-64.95
-64.9501
-64.9502
-64.9503
-64.9504
-64.9504
-64.9505
-64.9506
-64.9507
-64.9508
-64.9509
-64.951
-64.951
-64.9511
-64.9512
-64.9513
-64.9514
-64.9515
-64.9516
-64.9517
-64.9518
-64.9519
-64.952
-64.9521
-64.9522
-64.9523
-64.9524
-64.9525
-64.9526
-64.9527
-64.9528
-64.9529
-64.953
-64.9532
-64.9533
-64.9534
-64.9535
-64.9536
-64.9537
-64.9538
-64.9539
-64.954
-64.9542
-64.9543
-64.9544
-64.9545
-64.9546
-64.9547
-64.9548
-64.955
-64.9551
-64.9552
-64.9553
-64.9554
-64.9556
-64.9557
-64.9558
-64.9559
-64.956
-64.9562
-64.9563
-64.9564
-64.9565
-64.9566
-64.9568
-64.9569
-64.957
-64.9571
-64.9573
-64.9574
-64.9575
-64.9576
-64.9578
-64.9579
-64.958
-64.9581
-64.9583
-64.9584
-64.9585
-64.9587
-64.9588
-64.9589
-64.959
-64.9592
-64.9593
-64.9594
-64.9595
-64.9597
-64.9598
-64.9599
-64.96
-64.9602
-64.9603
-64.9604
-64.9606
-64.9607
-64.9608
-64.9609
-64.9611
-64.9612
-64.9613
-64.9614
-64.9616
-64.9617
-64.9618
-64.962
-64.9621
-64.9622
-64.9623
-64.9625
-64.9626
-64.9627
-64.9628
-64.963
-64.9631
-64.9632
-64.9633
-64.9635
-64.9636
-64.9637
-64.9638
-64.964
-64.9641
-64.9642
-64.9643
-64.9645
-64.9646
-64.9647
-64.9648
-64.9649
-64.9651
-64.9652
-64.9653
-64.9654
-64.9655
-64.9657
-64.9658
-64.9659
-64.966
-64.9661
-64.9663
-64.9664
-64.9665
-64.9666
-64.9667
-64.9668
-64.967
-64.9671
-64.9672
-64.9673
-64.9674
-64.9675
-64.9677
-64.9678
-64.9679
-64.968
-64.9681
-64.9682
-64.9683
-64.9684
-64.9685
-64.9687
-64.9688
-64.9689
-64.969
-64.9691
-64.9692
-64.9693
-64.9694
-64.9695
-64.9696
-64.9697
-64.9698
-64.9699
-64.97
-64.9701
-64.9702
-64.9703
-64.9704
-64.9705
-64.9706
-64.9707
-64.9708
-64.9709
-64.971
-64.9711
-64.9712
-64.9713
-64.9714
-64.9715
-64.9716
-64.9717
-64.9718
-64.9719
-64.972
-64.9721
-64.9722
-64.9722
-64.9723
-64.9724
-64.9725
-64.9726
-64.9727
-64.9728
-64.9729
-64.9729
-64.973
-64.9731
-64.9732
-64.9733
-64.9734
-64.9734
-64.9735
-64.9736
-64.9737
-64.9738
-64.9738
-64.9739
-64.974
-64.9741
-64.9741
-64.9742
-64.9743
-64.9744
-64.9744
-64.9745
-64.9746
-64.9747
-64.9747
-64.9748
-64.9749
-64.9749
-64.975
-64.9751
-64.9751
-64.9752
-64.9753
-64.9753
-64.9754
-64.9755
-64.9755
-64.9756
-64.9757
-64.9757
-64.9758
-64.9758
-64.9759
-64.976
-64.976
-64.9761
-64.9761
-64.9762
-64.9762
-64.9763
-64.9764
-64.9764
-64.9765
-64.9765
-64.9766
-64.9766
-64.9767
-64.9767
-64.9768
-64.9768
-64.9769
-64.9769
-64.977
-64.977
-64.9771
-64.9771
-64.9771
-64.9772
-64.9772
-64.9773
-64.9773
-64.9774
-64.9774
-64.9774
-64.9775
-64.9775
-64.9776
-64.9776
-64.9776
-64.9777
-64.9777
-64.9778
-64.9778
-64.9778
-64.9779
-64.9779
-64.9779
-64.978
-64.978
-64.978
-64.9781
-64.9781
-64.8435
-64.6213
-64.3347
-63.998
-63.6217
-63.2136
-62.7799
-62.3259
-61.8554
-61.3718
-60.8779
-60.3758
-59.8673
-59.354
-58.8371
-58.3175
-57.796
-57.2732
-56.7497
-56.2257
-55.7014
-55.177
-54.6524
-54.1275
-53.6021
-53.0758
-52.5483
-52.0188
-51.4868
-50.9514
-50.4118
-49.8668
-49.3152
-48.6592
-47.9358
-47.1621
-46.3475
-45.4972
-44.6139
-43.6985
-42.7502
-41.7665
-40.744
-39.6778
-38.5618
-37.3886
-36.1493
-34.8339
-33.4306
-31.9261
-30.3053
-28.5516
-26.6467
-24.5709
-22.3038
-19.8251
-17.1161
-14.1616
-10.9535
-7.49386
-3.79965
0.0933063
4.1276
8.22406
12.2856
16.2047
19.8745
23.2007
26.1114
28.5643
30.5487
32.0823
33.2052
33.9707
34.4371
34.6605
34.6907
34.569
34.3282
33.9932
33.5828
33.1108
32.5875
32.0204
31.4153
30.7766
30.1081
29.4125
28.6926
27.9504
27.188
26.4071
25.6095
24.7966
23.9698
23.1306
22.2802
21.4199
20.5506
19.6736
18.7899
17.9004
17.006
16.1075
15.2059
14.3018
13.3959
12.4889
11.5815
10.6742
9.76751
8.86198
7.95805
7.05615
6.15666
5.25996
4.36635
3.47615
2.58963
1.70702
0.828548
-0.0455928
-0.915226
-1.7802
-2.64039
-3.49568
-4.34596
-5.19115
-6.0312
-6.86605
-7.69567
-8.52002
-9.33909
-10.1529
-10.9614
-11.7647
-12.5628
-13.3557
-14.1435
-14.9262
-15.704
-16.4768
-17.2449
-18.0083
-18.7671
-19.5214
-20.2715
-21.0175
-21.7595
-22.4979
-23.2327
-23.9642
-24.6928
-25.4186
-26.142
-26.8634
-27.5831
-28.3015
-29.019
-29.7362
-30.4534
-31.1713
-31.8904
-32.6113
-33.3347
-34.0612
-34.7916
-35.5266
-36.267
-37.0136
-37.7672
-38.5288
-39.299
-40.0788
-40.869
-41.6703
-42.4835
-43.3093
-44.148
-44.9999
-45.8653
-46.7439
-47.6351
-48.5382
-49.4517
-50.3738
-51.3019
-52.2332
-53.1638
-54.0896
-55.0057
-55.9069
-56.7877
-57.6425
-58.4657
-59.2523
-59.9976
-60.6979
-61.3505
-61.9534
-62.506
-63.0086
-63.4624
-63.8694
-64.2323
-64.5542
-64.8385
-65.0886
-65.308
-65.5002
-65.6683
-65.8154
-65.9441
-66.057
-66.1562
-66.2437
-66.3212
-66.3901
-66.4518
-66.5072
-66.5574
-66.6031
-66.6451
-66.6839
-66.72
-66.7537
-66.7856
-66.8158
-66.8446
-66.8722
-66.8988
-66.9245
-66.9496
-66.974
-66.9979
-67.0213
-67.0443
-67.067
-67.0894
-67.1116
-67.1335
-67.1553
-67.1769
-67.1983
-67.2196
-67.2408
-67.2619
-67.2829
-67.3039
-67.3247
-67.3455
-67.3662
-67.3868
-67.4074
-67.4279
-67.4484
-67.4688
-67.4891
-67.5094
-67.5297
-67.5499
-67.57
-67.5901
-67.6101
-67.6301
-67.65
-67.6698
-67.6896
-67.7093
-67.729
-67.7486
-67.7681
-67.7876
-67.807
-67.8263
-67.8456
-67.8648
-67.8839
-67.903
-67.922
-67.9409
-67.9597
-67.9784
-67.9971
-68.0157
-68.0342
-68.0526
-68.0709
-68.0892
-68.1074
-68.1254
-68.1434
-68.1613
-68.1791
-68.1968
-68.2144
-68.232
-68.2494
-68.2667
-68.284
-68.3011
-68.3181
-68.3351
-68.3519
-68.3686
-68.3853
-68.4018
-68.4182
-68.4345
-68.4507
-68.4668
-68.4828
-68.4987
-68.5145
-68.5302
-68.5457
-68.5612
-68.5765
-68.5918
-68.6069
-68.6219
-68.6368
-68.6516
-68.6662
-68.6808
-68.6952
-68.7095
-68.7237
-68.7378
-68.7518
-68.7656
-68.7794
-68.793
-68.8065
-68.8198
-68.8331
-68.8462
-68.8593
-68.8722
-68.885
-68.8976
-68.9102
-68.9226
-68.9349
-68.9471
-68.9591
-68.971
-68.9829
-68.9946
-69.0061
-69.0176
-69.0289
-69.0401
-69.0512
-69.0622
-68.9368
-68.7279
-68.4614
-68.153
-67.8138
-67.452
-67.0738
-66.6841
-66.2866
-65.8845
-65.4801
-65.0753
-64.6718
-64.2708
-63.8734
-63.4802
-63.0922
-62.7097
-62.3333
-61.9633
-61.6001
-61.2438
-60.8946
-60.5527
-60.2181
-59.8909
-59.5712
-59.2589
-58.9541
-58.6566
-58.3664
-58.0836
-57.8078
-57.5392
-57.2775
-57.0227
-56.7746
-56.5331
-56.2981
-56.0694
-55.8469
-55.6305
-55.42
-55.2152
-55.016
-54.8223
-54.6339
-54.4507
-54.2725
-54.0992
-53.9307
-53.7668
-53.6073
-53.4522
-53.3013
-53.1545
-53.0116
-52.8726
-52.7373
-52.6056
-52.4775
-52.3527
-52.2312
-52.1129
-51.9977
-51.8855
-51.7762
-51.6697
-51.566
-51.465
-51.3665
-51.2706
-51.1771
-51.086
-50.9972
-50.9106
-50.8263
-50.7441
-50.664
-50.5859
-50.4138
-50.1871
-49.9242
-49.6362
-49.3303
-49.0115
-48.6835
-48.3491
-48.0103
-47.6684
-47.3245
-46.9794
-46.6335
-46.2872
-45.9405
-45.5936
-45.2463
-44.8986
-44.5502
-44.201
-43.8505
-43.4984
-43.1443
-42.7879
-42.4286
-42.066
-41.6994
-41.3284
-40.9523
-40.5705
-40.1822
-39.7869
-39.3837
-38.9718
-38.5505
-38.1187
-37.6756
-37.2202
-36.7515
-36.2684
-35.7696
-35.2541
-34.7206
-34.1676
-33.5939
-32.998
-32.3784
-31.7335
-31.0616
-30.3612
-29.6305
-28.8679
-28.0714
-27.2396
-26.3706
-25.4628
-24.5148
-23.5252
-22.4927
-21.4165
-20.2959
-19.1307
-17.9211
-16.6679
-15.3723
-14.0367
-12.6639
-11.2579
-9.8239
-8.36815
-6.89846
-5.42419
-3.95636
-2.50774
-1.09282
0.272458
1.57109
2.78569
3.8994
4.89689
5.7654
6.49559
7.08206
7.52353
7.82256
7.98503
8.01934
7.9356
7.74488
7.45848
7.08747
6.64232
6.13267
5.56724
4.95383
4.29929
3.60967
2.89022
2.14554
1.37965
0.596043
-0.202224
-1.01248
-1.83236
-2.65982
-3.49302
-4.33038
-5.17048
-6.01207
-6.85405
-7.69544
-8.5354
-9.37317
-10.2081
-11.0396
-11.8671
-12.6903
-13.5088
-14.3222
-15.1303
-15.9328
-16.7296
-17.5206
-18.3055
-19.0844
-19.8573
-20.624
-21.3846
-22.1392
-22.8879
-23.6306
-24.3676
-25.099
-25.8249
-26.5456
-27.2612
-27.9719
-28.6781
-29.38
-30.0779
-30.7722
-31.4631
-32.1511
-32.8365
-33.5198
-34.2014
-34.8818
-35.5614
-36.2408
-36.9205
-37.6009
-38.2828
-38.9666
-39.653
-40.3425
-41.0357
-41.7333
-42.4358
-43.1439
-43.858
-44.5786
-45.3064
-46.0416
-46.7847
-47.5359
-48.2952
-49.0627
-49.8382
-50.6212
-51.4112
-52.2071
-53.0079
-53.8119
-54.6171
-55.4214
-56.2219
-57.0157
-57.7993
-58.5691
-59.3211
-60.0515
-60.7564
-61.4319
-62.0749
-62.6825
-63.2523
-63.7829
-64.2734
-64.7237
-65.1344
-65.5067
-65.8423
-66.1433
-66.4121
-66.6514
-66.8636
-67.0516
-67.2177
-67.3645
-67.4941
-67.4864
-67.398
-67.2563
-67.0777
-66.8733
-66.651
-66.4164
-66.1738
-65.9265
-65.6769
-65.427
-65.1781
-64.9314
-64.6878
-64.448
-64.2123
-63.9813
-63.7552
-63.5341
-63.3183
-63.1079
-62.9028
-62.7031
-62.5088
-62.3199
-62.1362
-61.9578
-61.7846
-61.6165
-61.4534
-61.2952
-61.1418
-60.9931
-60.849
-60.7095
-60.5744
-60.4436
-60.317
-60.1946
-60.0762
-59.9617
-59.851
-59.7441
-59.6409
-59.5412
-59.445
-59.3522
-59.2627
-59.1765
-59.0934
-59.0134
-58.9364
-58.8623
-58.7911
-58.7228
-58.6571
-58.5941
-58.5337
-58.4759
-58.4205
-58.3676
-58.317
-58.2688
-58.2228
-58.179
-58.1374
-58.0979
-58.0605
-58.025
-57.9916
-57.9601
-57.9304
-57.9026
-57.8766
-57.8524
-57.8298
-57.809
-57.7898
-57.7722
-57.7562
-57.7418
-57.7288
-57.7173
-57.7073
-57.6987
-57.6914
-57.6856
-57.681
-57.6777
-57.6757
-57.6749
-57.6754
-57.677
-57.6798
-57.6837
-57.6888
-57.6949
-57.7021
-57.7103
-57.7196
-57.7298
-57.7411
-57.7533
-57.7664
-57.7804
-57.7953
-57.8111
-57.8277
-57.8452
-57.8635
-57.8826
-57.9025
-57.9231
-57.9445
-57.9666
-57.9894
-58.0129
-58.0371
-58.0619
-58.0874
-58.1135
-58.1403
-58.1676
-58.1955
-58.224
-58.2531
-58.2827
-58.3128
-58.3434
-58.3746
-58.4062
-58.4383
-58.4709
-58.5039
-58.5374
-58.5713
-58.6056
-58.6403
-58.6754
-58.7108
-58.7467
-58.7829
-58.8195
-58.8563
-58.8936
-58.9311
-58.9689
-59.0071
-59.0455
-59.0842
-59.1232
-59.1624
-59.2019
-59.2416
-59.2815
-59.3217
-59.3621
-59.4027
-59.4435
-59.4844
-59.5256
-59.5669
-59.6084
-59.65
-59.6918
-59.7338
-59.7758
-59.818
-59.8603
-59.9028
-59.9453
-59.9879
-60.0307
-60.0735
-60.1164
-60.1593
-60.2024
-60.2455
-60.2886
-60.3318
-60.3751
-60.4184
-60.4617
-60.505
-60.5484
-60.5918
-60.6352
-60.6786
-60.722
-60.7654
-60.8088
-60.8522
-60.8956
-60.9389
-60.9823
-61.0256
-61.0688
-61.1121
-61.1553
-61.1984
-61.2415
-61.2845
-61.3275
-61.3704
-61.4133
-61.4561
-61.4988
-61.5415
-61.584
-61.6265
-61.6689
-61.7112
-61.7535
-61.7956
-61.8376
-61.8796
-61.9214
-61.9632
-62.0048
-62.0463
-62.0877
-62.129
-62.1702
-62.2113
-62.2522
-62.293
-62.3337
-62.3743
-62.4147
-62.455
-62.4952
-62.5352
-62.5751
-62.6149
-62.6545
-62.694
-62.7333
-62.7725
-62.8115
-62.8504
-62.8891
-62.9277
-62.9662
-63.0044
-63.0426
-63.0805
-63.1183
-63.156
-63.1935
-63.2308
-63.2679
-63.3049
-63.3417
-63.3784
-63.4149
-63.4512
-63.4874
-63.5234
-63.5592
-63.5948
-63.6303
-63.6656
-63.7007
-63.7356
-63.7704
-63.805
-63.8394
-63.8736
-63.9077
-63.9415
-63.9752
-64.0087
-64.0421
-64.0752
-64.1082
-64.141
-64.1736
-64.206
-64.2383
-64.2703
-64.3022
-64.3339
-64.3654
-64.3967
-64.4278
-64.4588
-64.4895
-64.5201
-64.5505
-64.5807
-64.6107
-64.6406
-64.6702
-64.6997
-64.7289
-64.758
-64.7869
-64.8156
-64.8441
-64.8725
-64.9006
-64.9286
-64.9564
-64.984
-65.0114
-65.0386
-65.0656
-65.0925
-65.1191
-65.1456
-65.1719
-65.198
-65.2239
-65.2496
-65.2752
-65.3005
-65.3257
-65.3507
-65.3755
-65.4001
-65.4246
-65.4488
-65.4729
-65.4968
-65.5205
-65.544
-65.5673
-65.5905
-65.6135
-65.6363
-65.6589
-65.6813
-65.7036
-65.7256
-65.7475
-65.7693
-65.7908
-65.8122
-65.8333
-65.8543
-65.8752
-65.8958
-65.9163
-65.9366
-65.9567
-65.9767
-65.9965
-66.0161
-66.0355
-66.0547
-66.0738
-66.0927
-66.1115
-66.1301
-66.1485
-66.1667
-66.1847
-66.2026
-66.2204
-66.2379
-66.2553
-66.2725
-66.2896
-66.3065
-66.3232
-66.3397
-66.3561
-66.3724
-66.3884
-66.4043
-66.4201
-66.4356
-66.4511
-66.4663
-66.4814
-66.4964
-66.5111
-66.5258
-66.5402
-66.5545
-66.5687
-66.5827
-66.5965
-66.6102
-66.6237
-66.6371
-66.6504
-66.6634
-66.6763
-66.6891
-66.7017
-66.7142
-66.7265
-66.7387
-66.7507
-66.7626
-66.7743
-66.7859
-66.7974
-66.8087
-66.8198
-66.8308
-66.8417
-66.8524
-66.863
-66.8734
-66.8837
-66.8939
-66.9039
-66.9138
-66.9236
-66.9332
-66.9426
-66.952
-66.9612
-66.9702
-66.9792
-66.988
-66.9966
-67.0052
-67.0136
-67.0218
-67.03
-67.038
-67.0459
-67.0536
-67.0613
-67.0688
-67.0761
-67.0834
-67.0905
-67.0975
-67.1044
-67.1112
-67.1178
-67.1243
-67.1307
-67.1369
-67.1431
-67.1491
-67.155
-67.1608
-67.1665
-67.1721
-67.1775
-67.1828
-67.188
-67.1931
-67.1981
-67.203
-67.2078
-67.2124
-67.2169
-67.2214
-67.2257
-67.2299
-67.234
-67.238
-67.2419
-67.2457
-67.2493
-67.2529
-67.2564
-67.2597
-67.263
-67.2661
-67.2692
-67.2721
-67.275
-67.2777
-67.2804
-67.283
-67.2854
-67.2878
-67.29
-67.2922
-67.2943
-67.2962
-67.2981
-67.2999
-67.3016
-67.3032
-67.3047
-67.3061
-67.3074
-67.3087
-67.3098
-67.3109
-67.3118
-67.3127
-67.3135
-67.3142
-67.3148
-67.3154
-67.3158
-67.3162
-67.3164
-67.3166
-67.3168
-67.3168
-67.3167
-67.3166
-67.3164
-67.3161
-67.3158
-67.3153
-67.3148
-67.3142
-67.3135
-67.3128
-67.3119
-67.311
-67.31
-67.309
-67.3079
-67.3067
-67.3054
-67.304
-67.3026
-67.3011
-67.2996
-67.298
-67.2963
-67.2945
-67.2927
-67.2908
-67.2888
-67.2868
-67.2847
-67.2825
-67.2803
-67.278
-67.2757
-67.2733
-67.2708
-67.2683
-67.2657
-67.263
-67.2603
-67.2575
-67.2546
-67.2517
-67.2488
-67.2458
-67.2427
-67.2396
-67.2364
-67.2331
-67.2298
-67.2265
-67.2231
-67.2196
-67.2161
-67.2125
-67.2089
-67.2052
-67.2015
-67.1977
-67.1939
-67.19
-67.1861
-67.1821
-67.1781
-67.174
-67.1699
-67.1657
-67.1615
-67.1573
-67.153
-67.1486
-67.1442
-67.1398
-67.1353
-67.1308
-67.1262
-67.1216
-67.1169
-67.1123
-67.1075
-67.1027
-67.0979
-67.0931
-67.0882
-67.0832
-67.0783
-67.0733
-67.0682
-67.0631
-67.058
-67.0529
-67.0477
-67.0424
-67.0372
-67.0319
-67.0265
-67.0212
-67.0158
-67.0104
-67.0049
-66.9994
-66.9939
-66.9883
-66.9827
-66.9771
-66.9715
-66.9658
-66.9601
-66.9543
-66.9486
-66.9428
-66.937
-66.9311
-66.9253
-66.9194
-66.9134
-66.9075
-66.9015
-66.8955
-66.8895
-66.8834
-66.8773
-66.8712
-66.8651
-66.859
-66.8528
-66.8466
-66.8404
-66.8342
-66.8279
-66.8216
-66.8153
-66.809
-66.6645
-66.4305
-66.1309
-65.7805
-65.39
-64.9676
-64.52
-64.0521
-63.5684
-63.0722
-62.5664
-62.0533
-61.5348
-61.0126
-60.4879
-59.9619
-59.4355
-58.9094
-58.3842
-57.8606
-57.3387
-56.819
-56.3016
-55.7867
-55.2742
-54.7642
-54.2564
-53.7508
-53.247
-52.7447
-52.2434
-51.7426
-51.2418
-50.7401
-50.2369
-49.7312
-49.222
-48.7082
-48.1885
-47.6616
-47.1258
-46.5795
-46.0206
-45.4472
-44.8568
-44.2468
-43.6142
-42.9557
-42.2677
-41.546
-40.7859
-39.9823
-39.1292
-38.22
-37.247
-36.2018
-35.0747
-33.8549
-32.5301
-31.0867
-29.5093
-27.7815
-25.885
-23.8009
-21.5097
-18.9927
-16.2334
-13.22
-9.94861
-6.42665
-2.67757
1.25553
5.30757
9.39195
13.4051
17.235
20.7737
23.9294
26.6382
28.8692
30.6252
31.9362
32.8512
33.4277
33.7242
33.7944
33.684
33.4306
33.0634
32.6048
32.072
31.4775
30.8311
30.1401
29.4104
28.6465
27.8524
27.0311
26.1856
25.3184
24.4316
23.5274
22.6076
21.6739
20.7282
19.7718
18.8062
17.8328
16.8528
15.8674
14.8777
13.8848
12.8896
11.893
10.8958
9.89883
8.90278
7.90828
6.91593
5.92629
4.93985
3.95705
2.9783
2.00397
1.03439
0.0698311
-0.889439
-1.8432
-2.79127
-3.73347
-4.66967
-5.59976
-6.52364
-7.44126
-8.35255
-9.25749
-10.1561
-11.0483
-11.9342
-12.8138
-13.6872
-14.5544
-15.4155
-16.2706
-17.1199
-17.9634
-18.8013
-19.6337
-20.4609
-21.2831
-22.1003
-22.913
-23.7213
-24.5256
-25.3261
-26.1232
-26.9172
-27.7087
-28.4979
-29.2854
-30.0717
-30.8573
-31.6428
-32.4289
-33.2162
-34.0054
-34.7973
-35.5927
-36.3924
-37.1972
-38.0082
-38.8262
-39.6523
-40.4873
-41.3324
-42.1885
-43.0565
-43.9374
-44.8321
-45.7413
-46.6657
-47.6056
-48.5614
-49.5329
-50.5198
-51.5212
-52.5358
-53.5617
-54.5965
-55.6368
-56.6789
-57.7181
-58.749
-59.7658
-60.762
-61.731
-62.6661
-63.561
-64.4099
-65.2076
-65.9503
-66.6354
-67.2614
-67.8285
-68.3378
-68.7917
-69.1931
-69.5459
-69.8541
-70.1221
-70.3541
-70.5542
-70.7265
-70.8744
-71.0012
-71.11
-71.2033
-71.2833
-71.3521
-71.4114
-71.4625
-71.3757
-71.2101
-70.9942
-70.7448
-70.473
-70.1867
-69.8915
-69.5914
-69.2894
-68.9878
-68.6883
-68.3921
-68.1001
-67.8131
-67.5314
-67.2556
-66.9858
-66.7222
-66.4649
-66.214
-65.9694
-65.7312
-65.4992
-65.2735
-65.054
-64.8405
-64.6329
-64.4312
-64.2352
-64.0448
-63.86
-63.6804
-63.5062
-63.337
-63.1729
-63.0136
-62.8591
-62.7093
-62.564
-62.4232
-62.2867
-62.1544
-62.0262
-61.902
-61.7817
-61.6653
-61.5526
-61.4435
-61.338
-61.2359
-61.1372
-61.0418
-60.9496
-60.8605
-60.7745
-60.6915
-60.6114
-60.5341
-60.4597
-60.3879
-60.3188
-60.2523
-60.1883
-60.1268
-60.0677
-60.0109
-59.9564
-59.9042
-59.8542
-59.8064
-59.7606
-59.7169
-59.6752
-59.6355
-59.5976
-59.5617
-59.5276
-59.4953
-59.4647
-59.4358
-59.4087
-59.3831
-59.3592
-59.3368
-59.316
-59.2967
-59.2788
-59.2624
-59.2474
-59.2338
-59.2215
-59.2105
-59.2009
-59.1924
-59.1853
-59.1793
-59.1745
-59.1709
-59.1684
-59.167
-59.1667
-59.1674
-59.1692
-59.1721
-59.1759
-59.1806
-59.1864
-59.193
-59.2006
-59.2091
-59.2184
-59.2286
-59.2396
-59.2514
-59.2641
-59.2775
-59.2917
-59.3066
-59.3222
-59.3386
-59.3556
-59.3733
-59.3917
-59.4108
-59.4305
-59.4507
-59.4716
-59.4931
-59.5152
-59.5378
-59.561
-59.5847
-59.6089
-59.6336
-59.6588
-59.6845
-59.7107
-59.7373
-59.7644
-59.7919
-59.8198
-59.8482
-59.8769
-59.906
-59.9356
-59.9654
-59.9957
-60.0262
-60.0572
-60.0884
-60.1199
-60.1518
-60.184
-60.2164
-60.2491
-60.2821
-60.3154
-60.3489
-60.3826
-60.4166
-60.4508
-60.4853
-60.5199
-60.5548
-60.5898
-60.625
-60.6604
-60.696
-60.7317
-60.7676
-60.8037
-60.8399
-60.8762
-60.9126
-60.9492
-60.9859
-61.0227
-61.0596
-61.0966
-61.1337
-61.1709
-61.2082
-61.2455
-61.2829
-61.3204
-61.3579
-61.3955
-61.4331
-61.4708
-61.5085
-61.5462
-61.584
-61.6218
-61.6596
-61.6974
-61.7352
-61.773
-61.8109
-61.8487
-61.8865
-61.9243
-61.9621
-61.9999
-62.0376
-62.0753
-62.113
-62.1507
-62.1883
-62.2258
-62.2634
-62.3008
-62.3382
-62.3756
-62.4129
-62.4501
-62.4873
-62.5244
-62.5615
-62.5984
-62.6353
-62.6721
-62.7088
-62.7455
-62.782
-62.8185
-62.8549
-62.8911
-62.9273
-62.9634
-62.9994
-63.0352
-63.071
-63.1067
-63.1422
-63.1776
-63.213
-63.2482
-63.2833
-63.3182
-63.3531
-63.3878
-63.4224
-63.4569
-63.4912
-63.5255
-63.5595
-63.5935
-63.6273
-63.661
-63.6945
-63.728
-63.7612
-63.7944
-63.8273
-63.8602
-63.8929
-63.9254
-63.9578
-63.9901
-64.0222
-64.0542
-64.086
-64.1177
-64.1492
-64.1805
-64.2117
-64.2428
-64.2737
-64.3044
-64.335
-64.3654
-64.3957
-64.4258
-64.4557
-64.4855
-64.5151
-64.5446
-64.5739
-64.603
-64.632
-64.6608
-64.6894
-64.7179
-64.7462
-64.7743
-64.8023
-64.8301
-64.8578
-64.8853
-64.9126
-64.9397
-64.9667
-64.9935
-65.0201
-65.0466
-65.0729
-65.0991
-65.125
-65.1508
-65.1764
-65.2019
-65.2272
-65.2523
-65.2773
-65.302
-65.3266
-65.3511
-65.3754
-65.3995
-65.4234
-65.4472
-65.4707
-65.4942
-65.5174
-65.5405
-65.5634
-65.5862
-65.6087
-65.6312
-65.6534
-65.6755
-65.6974
-65.7191
-65.7407
-65.7621
-65.7833
-65.8043
-65.8252
-65.846
-65.8665
-65.8869
-65.9071
-65.9272
-65.9471
-65.9668
-65.9864
-66.0058
-66.025
-66.0441
-66.063
-66.0817
-66.1003
-66.1187
-66.137
-66.1551
-66.173
-66.1908
-66.2084
-66.2258
-66.2431
-66.2602
-66.2772
-66.294
-66.3106
-66.3271
-66.3434
-66.3596
-66.3756
-66.3915
-66.4072
-66.4227
-66.4381
-66.4533
-66.4684
-66.4833
-66.4981
-66.5127
-66.5272
-66.5415
-66.5557
-66.5697
-66.5835
-66.5972
-66.6108
-66.6242
-66.6375
-66.6506
-66.6635
-66.6764
-66.689
-66.7015
-66.7139
-66.7262
-66.7383
-66.614
-66.4025
-66.1281
-65.8057
-65.446
-65.0572
-64.6456
-64.2165
-63.7739
-63.3211
-62.8608
-62.3954
-61.9266
-61.4559
-60.9848
-60.5141
-60.0449
-59.5779
-59.1136
-58.6527
-58.1956
-57.7425
-57.2939
-56.8498
-56.4106
-55.9762
-55.5467
-55.1221
-54.7025
-54.2877
-53.8776
-53.472
-53.0707
-52.6736
-52.2802
-51.8904
-51.5038
-51.1199
-50.7384
-50.3587
-49.9804
-49.603
-49.2259
-48.8484
-48.4698
-48.0895
-47.7066
-47.3205
-46.93
-46.5344
-46.1326
-45.7234
-45.3058
-44.8784
-44.4398
-43.9885
-43.523
-43.0413
-42.5417
-42.0218
-41.4795
-40.912
-40.3166
-39.6901
-39.0291
-38.3298
-37.5878
-36.7984
-35.9566
-35.0564
-34.0915
-33.0549
-31.9389
-30.7351
-29.4344
-28.027
-26.5028
-24.851
-23.0612
-21.123
-19.0273
-16.7669
-14.3377
-11.7402
-8.98096
-6.07443
-3.04481
0.0729376
3.23261
6.37773
9.44407
12.3639
15.0718
17.5105
19.6369
21.425
22.8679
23.9752
24.7697
25.2829
25.5501
25.6071
25.4873
25.2203
24.8315
24.3421
23.7693
23.1271
22.4268
21.6776
20.8869
20.0608
19.2046
18.3224
17.418
16.4946
15.555
14.6018
13.6372
12.6631
11.6814
10.6937
9.70158
8.70624
7.70896
6.71085
5.71289
4.716
3.72098
2.72858
1.73944
0.754161
-0.22674
-1.2028
-2.17361
-3.13881
-4.0981
-5.0512
-5.9979
-6.93799
-7.87134
-8.7978
-9.7173
-10.6298
-11.5351
-12.4334
-13.3246
-14.2087
-15.0857
-15.9558
-16.819
-17.6754
-18.5252
-19.3684
-20.2052
-21.0357
-21.8603
-22.679
-23.4922
-24.3
-25.1028
-25.9009
-26.6945
-27.4841
-28.27
-29.0527
-29.8325
-30.61
-31.3858
-32.1602
-32.934
-33.7077
-34.4819
-35.2575
-36.035
-36.8153
-37.5991
-38.3872
-39.1805
-39.9799
-40.7861
-41.6001
-42.4228
-43.2549
-44.0974
-44.9508
-45.8161
-46.6937
-47.584
-48.4874
-49.404
-50.3335
-51.2755
-52.2292
-53.1932
-54.1658
-55.1449
-56.1275
-57.1103
-58.0894
-59.0603
-60.0178
-60.9567
-61.8713
-62.7559
-63.605
-64.4135
-65.177
-65.8918
-66.5552
-67.1658
-67.7229
-68.2274
-68.6806
-69.085
-69.4435
-69.7594
-70.0365
-70.2785
-70.489
-70.6717
-70.8298
-70.9664
-71.0844
-71.1863
-71.2743
-71.3503
-71.4162
-71.4732
-71.5229
-71.5662
-71.604
-71.6372
-71.6666
-71.6925
-71.7156
-71.7363
-71.7549
-71.7717
-71.787
-71.801
-71.8139
-71.8258
-71.8368
-71.8472
-71.8569
-71.8661
-71.8748
-71.883
-71.891
-71.8985
-71.9058
-71.9129
-71.9197
-71.9263
-71.9327
-71.939
-71.9451
-71.951
-71.9568
-71.9625
-71.9681
-71.9735
-71.9788
-71.9841
-71.9892
-71.9942
-71.9992
-72.004
-72.0088
-72.0135
-72.0181
-72.0226
-72.027
-72.0313
-72.0355
-72.0397
-72.0438
-72.0478
-72.0517
-72.0555
-72.0592
-72.0629
-72.0665
-72.07
-72.0734
-72.0767
-72.0799
-72.083
-72.0861
-72.0891
-72.092
-72.0947
-72.0975
-72.1001
-72.1026
-72.105
-72.1074
-72.1096
-72.1118
-72.1139
-72.1159
-72.1178
-72.1196
-72.1213
-72.1229
-72.1244
-72.1258
-72.1272
-72.1284
-72.1295
-72.1306
-72.1315
-72.1324
-72.1331
-72.1338
-72.1344
-72.1348
-72.1352
-72.1355
-72.1357
-72.1358
-72.1357
-72.1356
-72.1354
-72.1351
-72.1347
-72.1342
-72.1336
-72.1329
-72.1321
-72.1312
-72.1302
-72.1291
-72.1279
-72.1266
-72.1252
-72.1237
-72.1221
-72.1204
-72.1186
-72.1167
-72.1147
-72.1126
-72.1104
-72.1081
-72.1057
-72.1032
-72.1006
-72.0979
-72.0951
-72.0922
-72.0893
-72.0862
-72.083
-72.0797
-72.0763
-72.0728
-72.0693
-72.0656
-72.0618
-72.0579
-72.054
-72.0499
-72.0457
-72.0415
-72.0371
-72.0326
-72.0281
-72.0234
-72.0187
-72.0138
-72.0089
-72.0039
-71.9987
-71.9935
-71.9882
-71.9828
-71.9773
-71.9717
-71.966
-71.9602
-71.9543
-71.9483
-71.9423
-71.9361
-71.9298
-71.9235
-71.9171
-71.9105
-71.9039
-71.8972
-71.8904
-71.8835
-71.8765
-71.8695
-71.8623
-71.855
-71.8477
-71.8403
-71.8328
-71.8252
-71.8175
-71.8097
-71.8019
-71.7939
-71.7859
-71.7778
-71.7696
-71.7613
-71.7529
-71.7445
-71.7359
-71.7273
-71.7186
-71.7098
-71.701
-71.692
-71.683
-71.6739
-71.6647
-71.6554
-71.6461
-71.6367
-71.6272
-71.6176
-71.6079
-71.5982
-71.5884
-71.5785
-71.5686
-71.5585
-71.5484
-71.5382
-71.528
-71.5176
-71.5072
-71.4967
-71.4862
-71.4756
-71.4649
-71.4541
-71.4433
-71.4324
-71.4214
-71.4103
-71.3992
-71.3881
-71.3768
-71.3655
-71.3541
-71.3427
-71.3312
-71.3196
-71.3079
-71.2962
-71.2845
-71.2726
-71.2607
-71.2488
-71.2367
-71.2247
-71.2125
-71.2003
-71.1881
-71.1757
-71.1633
-71.1509
-71.1384
-71.1258
-71.1132
-71.1006
-71.0878
-71.0751
-71.0622
-71.0493
-71.0364
-71.0234
-71.0103
-70.9972
-70.9841
-70.9709
-70.9576
-70.9443
-70.9309
-70.9175
-70.9041
-70.8906
-70.877
-70.8634
-70.8498
-70.8361
-70.8223
-70.8085
-70.7947
-70.7808
-70.7669
-70.7529
-70.7389
-70.7249
-70.7108
-70.6966
-70.6824
-70.6682
-70.654
-70.6397
-70.6253
-70.6109
-70.5965
-70.5821
-70.5676
-70.553
-70.5385
-70.5239
-70.5092
-70.4945
-70.4798
-70.4651
-70.4503
-70.4355
-70.4207
-70.4058
-70.3909
-70.3759
-70.361
-70.346
-70.3309
-70.3159
-70.3008
-70.2857
-70.2705
-70.2553
-70.2401
-70.2249
-70.2096
-70.1944
-70.1791
-70.1637
-70.1484
-70.133
-70.1176
-70.1022
-70.0867
-70.0712
-70.0557
-70.0402
-70.0247
-70.0091
-69.9935
-69.978
-69.9623
-69.9467
-69.931
-69.9154
-69.8997
-69.884
-69.8683
-69.8525
-69.8368
-69.821
-69.8052
-69.7894
-69.7736
-69.7578
-69.7419
-69.7261
-69.7102
-69.6943
-69.6784
-69.6625
-69.6466
-69.6307
-69.6147
-69.5988
-69.5828
-69.5669
-69.5509
-69.5349
-69.5189
-69.5029
-69.4869
-69.4709
-69.4549
-69.4389
-69.4229
-69.4068
-69.3908
-69.3747
-69.3587
-69.3427
-69.3266
-69.3105
-69.2945
-69.2784
-69.2624
-69.2463
-69.2302
-69.2142
-69.1981
-69.182
-69.166
-69.1499
-69.1338
-69.1178
-69.1017
-69.0856
-69.0696
-69.0535
-69.0375
-69.0214
-69.0054
-68.9893
-68.9733
-68.9573
-68.9412
-68.9252
-68.9092
-68.8932
-68.8772
-68.8612
-68.8452
-68.8292
-68.8132
-68.7973
-68.7813
-68.7653
-68.7494
-68.7334
-68.7175
-68.7016
-68.6857
-68.6698
-68.6539
-68.638
-68.6221
-68.6063
-68.5904
-68.5746
-68.5588
-68.543
-68.5272
-68.5114
-68.4956
-68.4798
-68.4641
-68.4484
-68.4327
-68.4169
-68.4013
-68.3856
-68.3699
-68.3543
-68.3387
-68.323
-68.3074
-68.2919
-68.2763
-68.2607
-68.2452
-68.2297
-68.2142
-68.1987
-68.1833
-68.1678
-68.1524
-68.137
-68.1216
-68.1062
-68.0909
-68.0755
-68.0602
-68.0449
-68.0297
-68.0144
-67.9992
-67.984
-67.9688
-67.9536
-67.9385
-67.9233
-67.9082
-67.8932
-67.8781
-67.8631
-67.848
-67.8331
-67.8181
-67.8031
-67.7882
-67.7733
-67.7584
-67.7436
-67.7288
-67.714
-67.6992
-67.6844
-67.6697
-67.655
-67.6403
-67.6256
-67.611
-67.5964
-67.5818
-67.5673
-67.5527
-67.5382
-67.5237
-67.5093
-67.4949
-67.4805
-67.4661
-67.4518
-67.4375
-67.4232
-67.4089
-67.3947
-67.3805
-67.3663
-67.3522
-67.338
-67.3239
-67.3099
-67.2958
-67.2818
-67.2679
-67.2539
-67.24
-67.2261
-67.2122
-67.1984
-67.1846
-67.1708
-67.1571
-67.1434
-67.1297
-67.116
-67.1024
-67.0888
-67.0753
-67.0617
-67.0482
-67.0348
-67.0213
-67.0079
-66.9946
-66.9812
-66.9679
-66.9547
-66.9414
-66.9282
-66.915
-66.9019
-66.8888
-66.8757
-66.8626
-66.8496
-66.8366
-66.8237
-66.8108
-66.7979
-66.785
-66.7722
-66.7594
-66.7467
-66.734
-66.7213
-66.7086
-66.696
-66.6834
-66.6709
-66.6583
-66.6459
-66.6334
-66.621
-66.6086
-66.5963
-66.584
-66.5717
-66.5594
-66.5472
-66.5351
-66.5229
-66.5108
-66.4988
-66.4867
-66.4747
-66.4628
-66.4509
-66.439
-66.4271
-66.4153
-66.4036
-66.3918
-66.3801
-66.3684
-66.3568
-66.3452
-66.3337
-66.3221
-66.3106
-66.2992
-66.2878
-66.2764
-66.2651
-66.2537
-66.2425
-66.2312
-66.22
-66.2089
-66.1978
-66.1867
-66.1756
-66.1646
-66.1536
-66.1427
-66.1318
-66.1209
-66.1101
-66.0993
-66.0886
-66.0779
-66.0672
-66.0566
-66.046
-66.0354
-66.0249
-66.0144
-66.004
-65.9936
-65.9832
-65.9729
-65.9626
-65.9524
-65.9422
-65.932
-65.9219
-65.9118
-65.9017
-65.8917
-65.8818
-65.8718
-65.8619
-65.8521
-65.8423
-65.8325
-65.8227
-65.813
-65.8034
-65.7937
-65.7842
-65.7746
-65.7651
-65.7556
-65.7462
-65.7368
-65.7275
-65.7181
-65.7089
-65.6996
-65.6904
-65.6813
-65.6722
-65.6631
-65.6541
-65.6451
-65.6361
-65.6272
-65.6183
-65.6095
-65.6007
-65.592
-65.5832
-65.5746
-65.5659
-65.5574
-65.5488
-65.5403
-65.5318
-65.5234
-65.515
-65.5067
-65.4984
-65.4901
-65.4819
-65.4737
-65.4656
-65.4575
-65.4495
-65.4414
-65.4335
-65.4255
-65.4177
-65.4098
-65.402
-65.3942
-65.3865
-65.3788
-65.3712
-65.3636
-65.356
-65.3485
-65.341
-65.3335
-65.3261
-65.3188
-65.3114
-65.3041
-65.2969
-65.2897
-65.2825
-65.2754
-65.2683
-65.2613
-65.2543
-65.2473
-65.2404
-65.2336
-65.2267
-65.2199
-65.2132
-65.2065
-65.1998
-65.1932
-65.1866
-65.18
-65.1735
-65.1671
-65.1606
-65.1543
-65.1479
-65.1416
-65.1354
-65.1292
-65.123
-65.1169
-65.1108
-65.1047
-65.0987
-65.0927
-65.0868
-65.0809
-65.0751
-65.0693
-65.0635
-65.0578
-65.0522
-65.0465
-65.0409
-65.0354
-65.0299
-65.0244
-65.019
-65.0136
-65.0083
-65.003
-64.9977
-64.9925
-64.9873
-64.9822
-64.9771
-64.9721
-64.9671
-64.9621
-64.9572
-64.9523
-64.9474
-64.9426
-64.9379
-64.9331
-64.9285
-64.9238
-64.9192
-64.9146
-64.9101
-64.9056
-64.9012
-64.8968
-64.8924
-64.8881
-64.8838
-64.8796
-64.8754
-64.8712
-64.8671
-64.863
-64.8589
-64.8549
-64.8509
-64.847
-64.8431
-64.8393
-64.8355
-64.8317
-64.8279
-64.8243
-64.8206
-64.817
-64.8134
-64.8099
-64.8064
-64.8029
-64.7995
-64.7961
-64.7927
-64.7894
-64.7861
-64.7829
-64.7797
-64.7766
-64.7734
-64.7704
-64.7673
-64.7643
-64.7614
-64.7584
-64.7555
-64.7527
-64.7499
-64.7471
-64.7443
-64.7416
-64.739
-64.7363
-64.7338
-64.7312
-64.7287
-64.7262
-64.7238
-64.7213
-64.719
-64.7166
-64.7143
-64.7121
-64.7099
-64.7077
-64.7055
-64.7034
-64.7013
-64.6993
-64.6972
-64.6953
-64.6933
-64.6914
-64.6896
-64.6877
-64.6859
-64.6842
-64.6824
-64.6807
-64.6791
-64.6774
-64.6758
-64.6743
-64.6727
-64.6713
-64.6698
-64.6684
-64.667
-64.6656
-64.6643
-64.663
-64.6617
-64.6605
-64.6593
-64.6581
-64.657
-64.6559
-64.6548
-64.6538
-64.6528
-64.6518
-64.6509
-64.65
-64.6491
-64.6482
-64.6474
-64.6466
-64.6459
-64.6452
-64.6445
-64.6438
-64.6432
-64.6425
-64.642
-64.6414
-64.6409
-64.6404
-64.6399
-64.6395
-64.6391
-64.6387
-64.6384
-64.6381
-64.6378
-64.6375
-64.6373
-64.637
-64.6369
-64.6367
-64.6366
-64.6365
-64.6364
-64.6363
-64.6363
-64.6363
-64.6363
-64.6364
-64.6365
-64.6366
-64.6367
-64.6368
-64.637
-64.6372
-64.6374
-64.6377
-64.638
-64.6383
-64.6386
-64.6389
-64.6393
-64.6397
-64.6401
-64.6405
-64.641
-64.6414
-64.6419
-64.6425
-64.643
-64.6436
-64.6441
-64.6447
-64.6454
-64.646
-64.6467
-64.6474
-64.6481
-64.6488
-64.6495
-64.6503
-64.6511
-64.6519
-64.6527
-64.6535
-64.6544
-64.6553
-64.6562
-64.6571
-64.658
-64.659
-64.6599
-64.6609
-64.6619
-64.6629
-64.6639
-64.665
-64.666
-64.6671
-64.6682
-64.6693
-64.6704
-64.6716
-64.6727
-64.6739
-64.6751
-64.6763
-64.6775
-64.6787
-64.6799
-64.6812
-64.6825
-64.6837
-64.685
-64.6863
-64.6876
-64.689
-64.6903
-64.6916
-64.693
-64.6944
-64.6958
-64.6972
-64.6986
-64.7
-64.7014
-64.7028
-64.7043
-64.7057
-64.7072
-64.7087
-64.7102
-64.7117
-64.7132
-64.7147
-64.7162
-64.7177
-64.7193
-64.7208
-64.7224
-64.7239
-64.7255
-64.7271
-64.7287
-64.7303
-64.7319
-64.7335
-64.7351
-64.7367
-64.7383
-64.7399
-64.7416
-64.7432
-64.7449
-64.7465
-64.7482
-64.7498
-64.7515
-64.7532
-64.7548
-64.7565
-64.7582
-64.7599
-64.7616
-64.7633
-64.765
-64.7667
-64.7684
-64.7701
-64.7718
-64.7735
-64.7752
-64.7769
-64.7786
-64.7804
-64.7821
-64.7838
-64.7855
-64.7873
-64.789
-64.7907
-64.7924
-64.7942
-64.7959
-64.7976
-64.7994
-64.8011
-64.8028
-64.8046
-64.8063
-64.808
-64.8098
-64.8115
-64.8132
-64.8149
-64.8167
-64.8184
-64.8201
-64.6876
-64.4676
-64.1834
-63.8493
-63.4756
-63.0701
-62.6393
-62.1879
-61.7202
-61.2395
-60.7483
-60.249
-59.7433
-59.2327
-58.7184
-58.2015
-57.6826
-57.1623
-56.6413
-56.1197
-55.5978
-55.0757
-54.5533
-54.0305
-53.5072
-52.9829
-52.4572
-51.9295
-51.3992
-50.8655
-50.3274
-49.7838
-49.2336
-48.6753
-48.1074
-47.528
-46.9352
-46.3267
-45.7
-45.0522
-44.38
-43.6797
-42.9474
-42.1782
-41.3668
-40.5073
-39.5927
-38.6151
-37.5656
-36.434
-35.2086
-33.876
-32.4212
-30.8273
-29.075
-27.1435
-25.0101
-22.6508
-20.0418
-17.1609
-13.9904
-10.5208
-6.75618
-2.71954
1.54154
5.95159
10.4078
14.7862
18.954
22.7853
26.1775
29.0632
31.4161
33.2484
34.6024
35.5395
36.128
36.4346
36.5183
36.428
36.2024
35.8706
35.4544
34.9698
34.4283
33.8385
33.2068
32.538
31.8361
31.1042
30.3452
29.5612
28.7546
27.9271
27.0806
26.2168
25.3372
24.4434
23.5366
22.6184
21.6899
20.7524
19.807
18.8548
17.8969
16.9341
15.9674
14.9978
14.0259
13.0525
12.0784
11.1041
10.1304
9.15775
8.18669
7.2177
6.25123
5.28767
4.32739
3.37073
2.41798
1.46941
0.525258
-0.414261
-1.34897
-2.2787
-3.20332
-4.12271
-5.03678
-5.94545
-6.84866
-7.74638
-8.63858
-9.52526
-10.4064
-11.2821
-12.1523
-13.017
-13.8765
-14.7306
-15.5796
-16.4235
-17.2624
-18.0965
-18.926
-19.7509
-20.5715
-21.3881
-22.2007
-23.0098
-23.8155
-24.6181
-25.4181
-26.2158
-27.0115
-27.8058
-28.5991
-29.3919
-30.1847
-30.9783
-31.7732
-32.5701
-33.3698
-34.1731
-34.9808
-35.7938
-36.6131
-37.4396
-38.2744
-39.1186
-39.9732
-40.8394
-41.7182
-42.6107
-43.518
-44.4411
-45.3809
-46.3379
-47.3129
-48.3059
-49.317
-50.3456
-51.3908
-52.4509
-53.5237
-54.6063
-55.6946
-56.7842
-57.8694
-58.944
-60.0011
-61.0332
-62.0327
-62.9923
-63.9051
-64.7648
-65.5667
-66.3071
-66.984
-67.5969
-68.1469
-68.6362
-69.068
-69.4464
-69.7758
-70.0612
-70.3071
-70.5183
-70.6992
-70.8537
-70.9856
-71.0981
-71.194
-71.2759
-71.3459
-71.4058
-71.4573
-71.5016
-71.54
-71.5733
-71.6023
-71.6278
-71.6503
-71.6703
-71.6882
-71.7042
-71.7187
-71.732
-71.7441
-71.7553
-71.7658
-71.7755
-71.7847
-71.7934
-71.8016
-71.8095
-71.8171
-71.8243
-71.8314
-71.8382
-71.8448
-71.8512
-71.8575
-71.8637
-71.8697
-71.8756
-71.8815
-71.8872
-71.8928
-71.8983
-71.9037
-71.9091
-71.9144
-71.9196
-71.9247
-71.9298
-71.9348
-71.9397
-71.9445
-71.9493
-71.954
-71.9586
-71.9632
-71.9677
-71.9721
-71.9765
-71.9808
-71.985
-71.9891
-71.9932
-71.9972
-72.0012
-72.005
-72.0088
-72.0125
-72.0161
-72.0197
-72.0232
-72.0266
-72.0299
-72.0331
-72.0363
-72.0394
-72.0424
-72.0453
-72.0482
-72.0509
-72.0536
-72.0562
-72.0587
-72.0611
-72.0635
-72.0657
-72.0679
-72.07
-72.072
-72.0739
-72.0757
-72.0774
-72.0791
-72.0806
-72.0821
-72.0835
-72.0847
-72.0859
-72.087
-72.088
-72.089
-72.0898
-72.0905
-72.0911
-72.0917
-72.0921
-72.0925
-72.0927
-72.0929
-72.093
-72.093
-72.0928
-72.0926
-72.0923
-72.0919
-72.0914
-72.0908
-72.0901
-72.0893
-72.0884
-72.0875
-72.0864
-72.0852
-72.0839
-72.0826
-72.0811
-72.0795
-72.0779
-72.0761
-72.0742
-72.0723
-72.0702
-72.0681
-72.0658
-72.0635
-72.0611
-72.0585
-72.0559
-72.0531
-72.0503
-72.0474
-72.0444
-72.0412
-72.038
-72.0347
-72.0313
-72.0278
-72.0242
-72.0205
-72.0167
-72.0128
-72.0088
-72.0047
-72.0005
-71.9963
-71.9919
-71.9874
-71.9829
-71.9782
-71.9734
-71.9686
-71.9637
-71.9586
-71.9535
-71.9483
-71.943
-71.9375
-71.932
-71.9265
-71.9208
-71.915
-71.9091
-71.9032
-71.8971
-71.891
-71.8847
-71.8784
-71.872
-71.8655
-71.8589
-71.8522
-71.8454
-71.8386
-71.8316
-71.8246
-71.8174
-71.8102
-71.8029
-71.7955
-71.788
-71.7805
-71.7728
-71.7651
-71.7573
-71.7494
-71.7414
-71.7333
-71.7252
-71.7169
-71.7086
-71.7002
-71.6917
-71.6832
-71.6745
-71.6658
-71.657
-71.6481
-71.6391
-71.6301
-71.6209
-71.6117
-71.6024
-71.5931
-71.5836
-71.5741
-71.5645
-71.5549
-71.5451
-71.5353
-71.5254
-71.5154
-71.5054
-71.4953
-71.4851
-71.4748
-71.4645
-71.4541
-71.4436
-71.433
-71.4224
-71.4117
-71.401
-71.3901
-71.3792
-71.3683
-71.3573
-71.3462
-71.335
-71.3237
-71.3124
-71.3011
-71.2897
-71.2782
-71.2666
-71.255
-71.2433
-71.2315
-71.2197
-71.2079
-71.1959
-71.1839
-71.1719
-71.1598
-71.1476
-71.1354
-71.1231
-71.1107
-71.0983
-71.0858
-71.0733
-71.0607
-71.0481
-71.0354
-71.0227
-71.0099
-70.997
-70.9841
-70.9712
-70.9582
-70.9451
-70.932
-70.9188
-70.9056
-70.8924
-70.8791
-70.8657
-70.8523
-70.8388
-70.8253
-70.8118
-70.7982
-70.7845
-70.7709
-70.7571
-70.7433
-70.7295
-70.7157
-70.7017
-70.6878
-70.6738
-70.6598
-70.6457
-70.6316
-70.6174
-70.6032
-70.589
-70.5747
-70.5604
-70.546
-70.5317
-70.5172
-70.5028
-70.4883
-70.4737
-70.4592
-70.4446
-70.4299
-70.4153
-70.4005
-70.3858
-70.371
-70.3562
-70.3414
-70.3265
-70.3116
-70.2967
-70.2818
-70.2668
-70.2518
-70.2367
-70.2217
-70.2066
-70.1915
-70.1763
-70.1611
-70.1459
-70.1307
-70.1155
-70.1002
-70.0849
-70.0696
-70.0542
-70.0389
-70.0235
-70.0081
-69.9927
-69.9772
-69.9617
-69.9462
-69.9307
-69.9152
-69.8997
-69.8841
-69.8685
-69.8529
-69.8373
-69.8217
-69.806
-69.7904
-69.7747
-69.759
-69.7433
-69.7276
-69.7118
-69.6961
-69.6803
-69.6645
-69.6488
-69.633
-69.6171
-69.6013
-69.5855
-69.5697
-69.5538
-69.538
-69.5221
-69.5062
-69.4903
-69.4744
-69.4585
-69.4426
-69.4267
-69.4108
-69.3949
-69.379
-69.363
-69.3471
-69.3312
-69.3152
-69.2993
-69.2833
-69.2673
-69.2514
-69.2354
-69.2195
-69.2035
-69.1875
-69.1716
-69.1556
-69.1396
-69.1237
-69.1077
-69.0917
-69.0758
-69.0598
-69.0439
-69.0279
-69.012
-68.996
-68.9801
-68.9641
-68.9482
-68.9322
-68.9163
-68.9004
-68.8845
-68.8685
-68.8526
-68.8367
-68.8208
-68.8049
-68.7891
-68.7732
-68.7573
-68.7415
-68.7256
-68.7098
-68.6939
-68.6781
-68.6623
-68.6465
-68.6307
-68.6149
-68.5991
-68.5833
-68.5676
-68.5518
-68.5361
-68.5204
-68.5047
-68.489
-68.4733
-68.4576
-68.442
-68.4263
-68.4107
-68.3951
-68.3795
-68.3639
-68.3483
-68.3328
-68.3172
-68.3017
-68.2862
-68.2707
-68.2552
-68.2397
-68.2243
-68.2089
-68.1934
-68.178
-68.1627
-68.1473
-68.132
-68.1166
-68.1013
-68.086
-68.0708
-68.0555
-68.0403
-68.0251
-68.0099
-67.9947
-67.9795
-67.9644
-67.9493
-67.9342
-67.9192
-67.9041
-67.8891
-67.8741
-67.8591
-67.8441
-67.8292
-67.8143
-67.7994
-67.7845
-67.7697
-67.7548
-67.74
-67.7253
-67.7105
-67.6958
-67.681
-67.6664
-67.6517
-67.6371
-67.6225
-67.6079
-67.5933
-67.5788
-67.5643
-67.5498
-67.5353
-67.5209
-67.5065
-67.4921
-67.4777
-67.4634
-67.4491
-67.4348
-67.4206
-67.4064
-67.3922
-67.378
-67.3639
-67.3497
-67.3357
-67.3216
-67.3076
-67.2936
-67.2796
-67.2657
-67.2517
-67.2379
-67.224
-67.2102
-67.1964
-67.1826
-67.1689
-67.1551
-67.1415
-67.1278
-67.1142
-67.1006
-67.087
-67.0735
-67.06
-67.0465
-67.0331
-67.0197
-67.0063
-66.993
-66.9796
-66.9664
-66.9531
-66.9399
-66.9267
-66.9136
-66.9004
-66.8873
-66.8743
-66.8612
-66.8483
-66.8353
-66.8224
-66.8095
-66.7966
-66.7838
-66.771
-66.7582
-66.7454
-66.7327
-66.7201
-66.7074
-66.6948
-66.6823
-66.6697
-66.6572
-66.6447
-66.6323
-66.6199
-66.6075
-66.5952
-66.5829
-66.5706
-66.5584
-66.5462
-66.5341
-66.5219
-66.5099
-66.4978
-66.4858
-66.4738
-66.4619
-66.4499
-66.4381
-66.4262
-66.4144
-66.4027
-66.3909
-66.3792
-66.3676
-66.3559
-66.3444
-66.3328
-66.3213
-66.3098
-66.2983
-66.2869
-66.2756
-66.2642
-66.2529
-66.2416
-66.2304
-66.2192
-66.2081
-66.1969
-66.1859
-66.1748
-66.1638
-66.1528
-66.1419
-66.131
-66.1201
-66.1093
-66.0985
-66.0878
-66.0771
-66.0664
-66.0558
-66.0452
-66.0346
-66.0241
-66.0136
-66.0032
-65.9928
-65.9824
-65.9721
-65.9618
-65.9515
-65.9413
-65.9312
-65.921
-65.9109
-65.9009
-65.8909
-65.8809
-65.8709
-65.861
-65.8512
-65.8414
-65.8316
-65.8218
-65.8121
-65.8024
-65.7928
-65.7832
-65.7737
-65.7641
-65.7547
-65.7452
-65.7358
-65.7265
-65.7171
-65.7079
-65.6986
-65.6894
-65.6803
-65.6711
-65.662
-65.653
-65.644
-65.635
-65.6261
-65.6172
-65.6084
-65.5996
-65.5908
-65.5821
-65.5734
-65.5648
-65.5562
-65.5476
-65.5391
-65.5306
-65.5222
-65.5138
-65.5054
-65.4971
-65.4889
-65.4806
-65.4724
-65.4643
-65.4562
-65.4481
-65.4401
-65.4321
-65.4242
-65.4163
-65.4084
-65.4006
-65.3928
-65.3851
-65.3774
-65.3697
-65.3621
-65.3545
-65.3469
-65.3394
-65.332
-65.3246
-65.3172
-65.3099
-65.1672
-64.9366
-64.6413
-64.2957
-63.9103
-63.4931
-63.0504
-62.5872
-62.1076
-61.615
-61.1121
-60.6012
-60.084
-59.5622
-59.0368
-58.5089
-57.9793
-57.4486
-56.9173
-56.3857
-55.8542
-55.3226
-54.7912
-54.2596
-53.7278
-53.1954
-52.662
-52.1269
-51.5896
-51.0493
-50.505
-49.9557
-49.4002
-48.837
-48.2646
-47.6813
-47.085
-46.4735
-45.8443
-45.1944
-44.5208
-43.8196
-43.0868
-42.3177
-41.507
-40.6487
-39.7359
-38.7606
-37.714
-36.5857
-35.3641
-34.0358
-32.5855
-30.9961
-29.2484
-27.3209
-25.1905
-22.8327
-20.2227
-17.3374
-14.1576
-10.6726
-6.88476
-2.81599
1.4868
5.94767
10.4619
14.9021
19.1309
23.0176
26.4554
29.3746
31.7484
33.5904
34.9459
35.8791
36.4612
36.7608
36.8384
36.7437
36.5152
36.1823
35.7666
35.2835
34.7445
34.1578
33.5296
32.8648
32.167
31.4394
30.6845
29.9047
29.1021
28.2785
27.4358
26.5755
25.6992
24.8084
23.9045
22.9888
22.0626
21.1272
20.1836
19.233
18.2763
17.3146
16.3488
15.3797
14.4082
13.435
12.4609
11.4865
10.5124
9.53921
8.56748
7.59768
6.63026
5.66563
4.70418
3.74624
2.79213
1.84211
0.89644
-0.0446619
-0.981002
-1.91241
-2.83875
-3.7599
-4.67574
-5.58621
-6.49123
-7.39076
-8.28477
-9.17325
-10.0562
-10.9336
-11.8056
-12.6524
-13.4825
-14.2991
-15.1041
-15.8987
-16.6834
-17.4589
-18.2256
-18.9839
-19.734
-20.4765
-21.2114
-21.9393
-22.6604
-23.3751
-24.0836
-24.7864
-25.4838
-26.1762
-26.864
-27.5476
-28.2275
-28.904
-29.5778
-30.2492
-30.9189
-31.5873
-32.255
-32.9226
-33.5908
-34.2601
-34.9313
-35.605
-36.282
-36.963
-37.6486
-38.3396
-39.0369
-39.7409
-40.4526
-41.1724
-41.901
-42.6389
-43.3863
-44.1436
-44.9108
-45.6877
-46.4738
-47.2683
-48.07
-48.8774
-49.6885
-50.5006
-51.3108
-52.1157
-52.9112
-53.6933
-54.4572
-55.1986
-55.9129
-56.5959
-57.2437
-57.8532
-58.4219
-58.9481
-59.431
-59.8705
-60.2675
-60.6234
-60.9401
-61.22
-61.4658
-61.6804
-61.8667
-62.0275
-62.1657
-62.2839
-62.3846
-62.47
-62.5421
-62.6028
-62.6538
-62.6964
-62.7319
-62.7614
-62.7859
-62.8062
-62.8229
-62.8368
-62.8483
-62.8579
-62.8659
-62.8727
-62.8785
-62.8836
-62.8882
-62.8925
-62.8965
-62.9005
-62.9044
-62.9084
-62.9126
-62.917
-62.9217
-62.9267
-62.932
-62.9377
-62.9438
-62.9502
-62.9571
-62.9645
-62.9722
-62.9804
-62.9891
-62.9981
-63.0077
-63.0176
-63.028
-63.0388
-63.0501
-63.0618
-63.0739
-63.0864
-63.0993
-63.1127
-63.1264
-63.1405
-63.155
-63.1698
-63.185
-63.2006
-63.2165
-63.2328
-63.2494
-63.2663
-63.2835
-63.3011
-63.3189
-63.3371
-63.3555
-63.3742
-63.3932
-63.4124
-63.4319
-63.4517
-63.4717
-63.4919
-63.5124
-63.5331
-63.554
-63.5751
-63.5964
-63.618
-63.6397
-63.6616
-63.6837
-63.7059
-63.7283
-63.7509
-63.7737
-63.7966
-63.8196
-63.8428
-63.8661
-63.8895
-63.9131
-63.9368
-63.9606
-63.9845
-64.0085
-64.0326
-64.0568
-64.0811
-64.1055
-64.1299
-64.1545
-64.1791
-64.2038
-64.2285
-64.2533
-64.2782
-64.3031
-64.328
-64.353
-64.3781
-64.4031
-64.4283
-64.4534
-64.4786
-64.5038
-64.529
-64.5542
-64.5794
-64.6047
-64.6299
-64.6552
-64.6805
-64.7057
-64.731
-64.7562
-64.7814
-64.8067
-64.8319
-64.8571
-64.8822
-64.9074
-64.9325
-64.9576
-64.9826
-65.0076
-65.0326
-65.0576
-65.0825
-65.1073
-65.1321
-65.1569
-65.1816
-65.2063
-65.2309
-65.2555
-65.28
-65.3044
-65.3288
-65.3531
-65.3774
-65.4016
-65.4257
-65.4498
-65.4738
-65.4977
-65.5215
-65.5453
-65.569
-65.5926
-65.6161
-65.6396
-65.663
-65.6863
-65.7095
-65.7326
-65.7556
-65.7786
-65.8014
-65.8242
-65.8468
-65.8694
-65.8919
-65.9143
-65.9366
-65.9588
-65.9809
-66.0029
-66.0248
-66.0466
-66.0683
-66.0899
-66.1113
-66.1327
-66.154
-66.1752
-66.1963
-66.0866
-65.8967
-65.6512
-65.3652
-65.049
-64.7106
-64.3559
-63.9895
-63.6151
-63.2355
-62.8531
-62.4697
-62.0869
-61.7059
-61.3276
-60.953
-60.5825
-60.2169
-59.8565
-59.5017
-59.1528
-58.8101
-58.4736
-58.1437
-57.8203
-57.5036
-57.1935
-56.8901
-56.5933

