-65
-64.9994
-64.9988
-64.9982
-64.9977
-64.9971
-64.9965
-64.996
-64.9954
-64.9949
-64.9943
-64.9938
-64.9932
-64.9927
-64.9922
-64.9917
-64.9912
-64.9906
-64.9901
-64.9896
-64.9891
-64.9886
-64.9881
-64.9876
-64.9872
-64.9867
-64.9862
-64.9857
-64.9852
-64.9848
-64.9843
-64.9838
-64.9834
-64.9829
-64.9825
-64.982
-64.9816
-64.9811
-64.9807
-64.9802
-64.9798
-64.9794
-64.9789
-64.9785
-64.9781
-64.9777
-64.9772
-64.9768
-64.9764
-64.976
-64.9756
-64.9752
-64.9748
-64.9744
-64.974
-64.9736
-64.9732
-64.9728
-64.9725
-64.9721
-64.9717
-64.9713
-64.971
-64.9706
-64.9702
-64.9699
-64.9695
-64.9692
-64.9688
-64.9685
-64.9681
-64.9678
-64.9675
-64.9671
-64.9668
-64.9665
-64.9661
-64.9658
-64.9655
-64.9652
-64.9649
-64.9646
-64.9642
-64.9639
-64.9636
-64.9633
-64.963
-64.9628
-64.9625
-64.9622
-64.9619
-64.9616
-64.9613
-64.9611
-64.9608
-64.9605
-64.9603
-64.96
-64.9598
-64.9595
-64.9592
-64.959
-64.9588
-64.9585
-64.9583
-64.958
-64.9578
-64.9576
-64.9573
-64.9571
-64.9569
-64.9567
-64.9565
-64.9562
-64.956
-64.9558
-64.9556
-64.9554
-64.9552
-64.955
-64.9548
-64.9546
-64.9545
-64.9543
-64.9541
-64.9539
-64.9537
-64.9536
-64.9534
-64.9532
-64.9531
-64.9529
-64.9527
-64.9526
-64.9524
-64.9523
-64.9521
-64.952
-64.9519
-64.9517
-64.9516
-64.9514
-64.9513
-64.9512
-64.9511
-64.9509
-64.9508
-64.9507
-64.9506
-64.9505
-64.9504
-64.9503
-64.9502
-64.95
-64.9499
-64.9499
-64.9498
-64.9497
-64.9496
-64.9495
-64.9494
-64.9493
-64.9492
-64.9492
-64.9491
-64.949
-64.9489
-64.9489
-64.9488
-64.9487
-64.9487
-64.9486
-64.9486
-64.9485
-64.9485
-64.9484
-64.9484
-64.9483
-64.9483
-64.9482
-64.9482
-64.9482
-64.9481
-64.9481
-64.9481
-64.948
-64.948
-64.948
-64.948
-64.948
-64.9479
-64.9479
-64.9479
-64.9479
-64.9479
-64.9479
-64.9479
-64.9479
-64.9479
-64.9479
-64.9479
-64.9479
-64.9479
-64.9479
-64.9479
-64.9479
-64.9479
-64.9479
-64.948
-64.948
-64.948
-64.948
-64.9481
-64.9481
-64.9481
-64.9481
-64.9482
-64.9482
-64.9482
-64.9483
-64.9483
-64.9483
-64.9484
-64.9484
-64.9485
-64.9485
-64.9486
-64.9486
-64.9487
-64.9487
-64.9488
-64.9488
-64.9489
-64.9489
-64.949
-64.9491
-64.9491
-64.9492
-64.9492
-64.9493
-64.9494
-64.9494
-64.9495
-64.9496
-64.9497
-64.9497
-64.9498
-64.9499
-64.95
-64.95
-64.9501
-64.9502
-64.9503
-64.9504
-64.9504
-64.9505
-64.9506
-64.9507
-64.9508
-64.9509
-64.951
-64.951
-64.9511
-64.9512
-64.9513
-64.9514
-64.9515
-64.9516
-64.9517
-64.9518
-64.9519
-64.952
-64.9521
-64.9522
-64.9523
-64.9524
-64.9525
-64.9526
-64.9527
-64.9528
-64.9529
-64.953
-64.9532
-64.9533
-64.9534
-64.9535
-64.9536
-64.9537
-64.9538
-64.9539
-64.954
-64.9542
-64.9543
-64.9544
-64.9545
-64.9546
-64.9547
-64.9548
-64.955
-64.9551
-64.9552
-64.9553
-64.9554
-64.9556
-64.9557
-64.9558
-64.9559
-64.956
-64.9562
-64.9563
-64.9564
-64.9565
-64.9566
-64.9568
-64.9569
-64.957
-64.9571
-64.9573
-64.9574
-64.9575
-64.9576
-64.9578
-64.9579
-64.958
-64.9581
-64.9583
-64.9584
-64.9585
-64.9587
-64.9588
-64.9589
-64.959
-64.9592
-64.9593
-64.9594
-64.9595
-64.9597
-64.9598
-64.9599
-64.96
-64.9602
-64.9603
-64.9604
-64.9606
-64.9607
-64.9608
-64.9609
-64.9611
-64.9612
-64.9613
-64.9614
-64.9616
-64.9617
-64.9618
-64.962
-64.9621
-64.9622
-64.9623
-64.9625
-64.9626
-64.9627
-64.9628
-64.963
-64.9631
-64.9632
-64.9633
-64.9635
-64.9636
-64.9637
-64.9638
-64.964
-64.9641
-64.9642
-64.9643
-64.9645
-64.9646
-64.9647
-64.9648
-64.9649
-64.9651
-64.9652
-64.9653
-64.9654
-64.9655
-64.9657
-64.9658
-64.9659
-64.966
-64.9661
-64.9663
-64.9664
-64.9665
-64.9666
-64.9667
-64.9668
-64.967
-64.9671
-64.9672
-64.9673
-64.9674
-64.9675
-64.9677
-64.9678
-64.9679
-64.968
-64.9681
-64.9682
-64.9683
-64.9684
-64.9685
-64.9687
-64.9688
-64.9689
-64.969
-64.9691
-64.9692
-64.9693
-64.9694
-64.9695
-64.9696
-64.9697
-64.9698
-64.9699
-64.97
-64.9701
-64.9702
-64.9703
-64.9704
-64.8359
-64.6139
-64.3273
-63.9908
-63.6145
-63.2065
-62.773
-62.3191
-61.8487
-61.3653
-60.8714
-60.3695
-59.8611
-59.3479
-58.8311
-58.3116
-57.7902
-57.2675
-56.7441
-56.2202
-55.696
-55.1717
-54.6472
-54.1223
-53.597
-53.0707
-52.5432
-52.0137
-51.4817
-50.9464
-50.4067
-49.8617
-49.3101
-48.7505
-48.1813
-47.6008
-47.0068
-46.3972
-45.7694
-45.1206
-44.4473
-43.7461
-43.0126
-42.2423
-41.4298
-40.5689
-39.6527
-38.6734
-37.6218
-36.4877
-35.2592
-33.9229
-32.4636
-30.864
-29.1049
-27.1648
-25.0209
-22.6488
-20.0243
-17.1247
-13.9321
-10.4371
-6.64373
-2.57595
1.71739
6.15884
10.6433
15.0445
19.2278
23.0666
26.4585
29.3375
31.6792
33.498
34.8382
35.7624
36.3401
36.6382
36.7158
36.6217
36.3941
36.062
35.6469
35.1642
34.6255
34.0391
33.4112
32.7466
32.0491
31.3218
30.5675
29.7883
28.9864
28.1637
27.322
26.4628
25.5878
24.6985
23.7961
22.8821
21.9578
21.0242
20.0826
19.134
18.1795
17.22
16.2565
15.2897
14.3206
13.3498
12.378
11.406
10.4343
9.46356
8.49421
7.52676
6.56168
5.59935
4.64015
3.68442
2.73246
1.78455
0.84093
-0.098187
-1.03261
-1.96217
-2.88672
-3.80615
-4.72037
-5.62928
-6.53283
-7.43097
-8.32367
-9.21092
-10.0927
-10.9691
-11.8401
-12.7057
-13.566
-14.4211
-15.271
-16.1159
-16.9559
-17.7911
-18.6216
-19.4477
-20.2694
-21.0871
-21.9008
-22.711
-23.5178
-24.3215
-25.1225
-25.9211
-26.6749
-27.4044
-28.1185
-28.8217
-29.5169
-30.2059
-30.8902
-31.5708
-32.2487
-32.9246
-33.5994
-34.2739
-34.9487
-35.6246
-36.3024
-36.9829
-37.6668
-38.3549
-39.048
-39.7468
-40.4521
-41.1645
-41.8848
-42.6134
-43.3509
-44.0977
-44.8538
-45.6193
-46.3941
-47.1774
-47.9686
-48.7663
-49.569
-50.3744
-51.1799
-51.9825
-52.7786
-53.564
-54.3345
-55.0853
-55.8119
-56.5095
-57.1739
-57.8012
-58.3883
-58.9325
-59.4325
-59.8874
-60.2974
-60.6636
-60.9875
-61.2715
-61.518
-61.7301
-61.9109
-62.0634
-62.1907
-62.2957
-62.3812
-62.4498
-62.5037
-62.545
-62.5756
-62.5973
-62.6113
-62.6189
-62.6213
-62.6194
-62.614
-62.6058
-62.5953
-62.5832
-62.5697
-62.5553
-62.5402
-62.5248
-62.5092
-62.4936
-62.4782
-62.4631
-62.4483
-62.4341
-62.4204
-62.4073
-62.3949
-62.3831
-62.3721
-62.3618
-62.3523
-62.3435
-62.3355
-62.3283
-62.3219
-62.3163
-62.3115
-62.3074
-62.3041
-62.3016
-62.2998
-62.2988
-62.2985
-62.2989
-62.3
-62.3019
-62.3044
-62.3076
-62.3115
-62.316
-62.3212
-62.327
-62.3334
-62.3404
-62.348
-62.3562
-62.365
-62.3743
-62.3841
-62.3945
-62.4054
-62.4169
-62.4288
-62.4412
-62.4541
-62.4674
-62.4812
-62.4955
-62.5102
-62.5253
-62.5408
-62.5567
-62.573
-62.5897
-62.6068
-62.6242
-62.642
-62.6602
-62.6787
-62.6975
-62.7166
-62.736
-62.7558
-62.7758
-62.7961
-62.8167
-62.8376
-62.8588
-62.8802
-62.9018
-62.9237
-62.9458
-62.9681
-62.9907
-63.0135
-63.0365
-63.0596
-63.083
-63.1066
-63.1303
-63.1542
-63.1783
-63.2026
-63.227
-63.2515
-63.2762
-63.3011
-63.326
-63.3511
-63.3763
-63.4017
-63.4271
-63.4527
-63.4784
-63.5041
-63.53
-63.5559
-63.5819
-63.608
-63.6342
-63.6605
-63.6868
-63.7132
-63.7396
-63.7661
-63.7926
-63.8192
-63.8458
-63.8725
-63.8992
-63.9259
-63.9527
-63.9794
-64.0062
-64.0331
-64.0599
-64.0867
-64.1136
-64.1404
-64.1673
-64.1941
-64.221
-64.2478
-64.2747
-64.3015
-64.3283
-64.355
-64.3818
-64.4085
-64.4352
-64.4619
-64.4885
-64.5152
-64.5417
-64.5683
-64.5947
-64.6212
-64.6476
-64.6739
-64.7002
-64.7265
-64.7527
-64.7788
-64.8049
-64.8309
-64.8569
-64.8828
-64.9086
-64.9344
-64.9601
-64.9857
-65.0112
-65.0367
-65.0621
-65.0874
-65.1127
-65.1378
-65.1629
-65.1879
-65.2128
-65.2377
-65.2624
-65.2871
-65.3116
-65.3361
-65.3605
-65.3848
-65.409
-65.4331
-65.4571
-65.481
-65.5048
-65.5285
-65.5521
-65.5756
-65.599
-65.6223
-65.6454
-65.6685
-65.6915
-65.7144
-65.7371
-65.7598
-65.7823
-65.8047
-65.8271
-65.8493
-65.8714
-65.8933
-65.9152
-65.937
-65.9586
-65.9801
-66.0015
-66.0228
-66.044
-66.065
-66.0859
-66.1068
-66.1274
-66.148
-66.1685
-66.1888
-66.209
-66.2291
-66.249
-66.2689
-66.2886
-66.3082
-66.3276
-66.347
-66.3662
-66.3853
-66.4043
-66.4231
-66.4418
-66.4604
-66.4789
-66.4972
-66.5154
-66.5335
-66.5514
-66.5693
-66.5869
-66.6045
-66.622
-66.6393
-66.6565
-66.6735
-66.6904
-66.7072
-66.7239
-66.7405
-66.7569
-66.7732
-66.7893
-66.8053
-66.8212
-66.837
-66.8526
-66.8682
-66.8835
-66.8988
-66.9139
-66.9289
-66.9438
-66.9585
-66.9731
-66.9876
-67.0019
-67.0162
-67.0303
-67.0442
-67.0581
-67.0718
-67.0854
-67.0988
-67.1121
-67.1253
-67.1384
-67.1513
-67.1641
-67.1768
-67.1894
-67.2018
-67.2141
-67.2263
-67.2384
-67.2503
-67.2621
-67.2738
-67.2853
-67.2967
-67.308
-67.3192
-67.3303
-67.3412
-67.352
-67.3627
-67.3732
-67.3836
-67.3939
-67.4041
-67.4142
-67.4241
-67.4339
-67.4436
-67.4532
-67.4627
-67.472
-67.4812
-67.4903
-67.4993
-67.5081
-67.5169
-67.5255
-67.534
-67.5424
-67.5506
-67.5588
-67.5668
-67.5747
-67.5825
-67.5902
-67.5977
-67.6052
-67.6125
-67.6197
-67.6268
-67.6338
-67.6407
-67.6474
-67.6541
-67.6606
-67.667
-67.6733
-67.6795
-67.6856
-67.6916
-67.6974
-67.7032
-67.7088
-67.7144
-67.7198
-67.5869
-67.3657
-67.0806
-66.7471
-66.3759
-65.9754
-65.552
-65.111
-64.6566
-64.192
-63.7202
-63.2434
-62.7634
-62.2819
-61.8001
-61.3191
-60.84
-60.3633
-59.8898
-59.4201
-58.9545
-58.4934
-58.0373
-57.5862
-57.1403
-56.6999
-56.2649
-55.8354
-55.4114
-54.9928
-54.5796
-54.1716
-53.7686
-53.3705
-52.9769
-52.5877
-52.2025
-51.8209
-51.4426
-51.0673
-50.6943
-50.3234
-49.9538
-49.5852
-49.2168
-48.8482
-48.4785
-48.1071
-47.7332
-47.356
-46.9746
-46.5882
-46.1956
-45.7957
-45.3876
-44.9698
-44.5411
-44.1
-43.6448
-43.1739
-42.6854
-42.1772
-41.647
-41.0923
-40.5104
-39.8983
-39.2526
-38.5697
-37.8453
-37.075
-36.2537
-35.3759
-34.4355
-33.4255
-32.3386
-31.1667
-29.9009
-28.5317
-27.0491
-25.4427
-23.7018
-21.8162
-19.7765
-17.5748
-15.2059
-12.6688
-9.96782
-7.11469
-4.13
-1.04464
2.09953
5.25011
8.3461
11.3215
14.1101
16.6518
18.898
20.8163
22.3922
23.6288
24.544
25.1659
25.5285
25.6674
25.6169
25.4082
25.0684
24.6201
24.082
23.4695
22.7947
22.0676
21.2962
20.4872
19.646
18.7773
17.8849
16.9723
16.0424
15.0978
14.1408
13.1735
12.1978
11.2154
10.2279
9.23646
8.24253
7.2472
6.25152
5.25641
4.26272
3.27122
2.28259
1.29745
0.316335
-0.660254
-1.63189
-2.5982
-3.55886
-4.51357
-5.46209
-6.40422
-7.33979
-8.26866
-9.19072
-10.1059
-11.0141
-11.9153
-12.8096
-13.6969
-14.5772
-15.4506
-16.3173
-17.1771
-18.0304
-18.8771
-19.7175
-20.5517
-21.3798
-22.2021
-23.0188
-23.8302
-24.6365
-25.4379
-26.2349
-27.0277
-27.8168
-28.6024
-29.3851
-30.1654
-30.9437
-31.7205
-32.4964
-33.272
-34.048
-34.825
-35.6037
-36.3849
-37.1693
-37.9578
-38.7512
-39.5502
-40.3559
-41.1691
-41.9907
-42.8214
-43.6623
-44.514
-45.3773
-46.2529
-47.1412
-48.0427
-48.9576
-49.8858
-50.827
-51.7805
-52.7453
-53.7198
-54.702
-55.6895
-56.679
-57.6668
-58.6487
-59.6197
-60.5747
-61.508
-62.4138
-63.2864
-64.1206
-64.9113
-65.6545
-66.347
-66.9867
-67.5727
-68.1049
-68.5846
-69.0138
-69.3953
-69.7321
-70.0281
-70.2868
-70.5122
-70.7078
-70.8771
-71.0235
-71.1498
-71.2588
-71.3528
-71.434
-71.5041
-71.5647
-71.6174
-71.6631
-71.703
-71.738
-71.7687
-71.7958
-71.8198
-71.8412
-71.8604
-71.8777
-71.8933
-71.9075
-71.9206
-71.9326
-71.9437
-71.954
-71.9637
-71.9728
-71.9814
-71.9895
-71.9973
-72.0047
-72.0118
-72.0187
-72.0253
-72.0317
-72.0379
-72.0439
-72.0498
-72.0555
-72.061
-72.0664
-72.0718
-72.0769
-72.082
-72.087
-72.0919
-72.0966
-72.1013
-72.1059
-72.1104
-72.1148
-72.1191
-72.1233
-72.1275
-72.1315
-72.1355
-72.1394
-72.1432
-72.1469
-72.1506
-72.1541
-72.1576
-72.1609
-72.1642
-72.1675
-72.1706
-72.1736
-72.1766
-72.1794
-72.1822
-72.1849
-72.1875
-72.1901
-72.1925
-72.1948
-72.1971
-72.1992
-72.2013
-72.2033
-72.2052
-72.207
-72.2087
-72.2103
-72.2118
-72.2133
-72.2146
-72.2159
-72.217
-72.2181
-72.219
-72.2199
-72.2207
-72.2214
-72.222
-72.0806
-71.853
-71.5664
-71.2375
-70.878
-70.4964
-70.0991
-69.6914
-69.277
-68.8591
-68.4402
-68.0221
-67.6066
-67.1947
-66.7876
-66.386
-65.9906
-65.6019
-65.2203
-64.8461
-64.4796
-64.1209
-63.7702
-63.4276
-63.0931
-62.7667
-62.4483
-62.1381
-61.8359
-61.5416
-61.2552
-60.9765
-60.7054
-60.4419
-60.1858
-59.9369
-59.6951
-59.4604
-59.2324
-59.0112
-58.7965
-58.5881
-58.3861
-58.1901
-58.0001
-57.8159
-57.6373
-57.4643
-57.2967
-57.1343
-56.977
-56.8247
-56.6772
-56.5345
-56.3964
-56.2628
-56.1335
-56.0085
-55.8876
-55.7708
-55.6579
-55.5489
-55.4436
-55.3419
-55.2438
-55.1491
-55.0578
-54.9698
-54.8851
-54.8034
-54.7249
-54.6494
-54.5767
-54.507
-54.4401
-54.3759
-54.3143
-54.2555
-54.1992
-54.1454
-54.0941
-54.0452
-53.9988
-53.9546
-53.9128
-53.8732
-53.8359
-53.8007
-53.7677
-53.7367
-53.7079
-53.6811
-53.6564
-53.6336
-53.6128
-53.594
-53.577
-53.5619
-53.5487
-53.5374
-53.5278
-53.52
-53.5141
-53.5098
-53.5073
-53.5066
-53.5075
-53.5101
-53.5143
-53.5202
-53.5277
-53.5368
-53.5475
-53.5598
-53.5736
-53.589
-53.6059
-53.6243
-53.6442
-53.6656
-53.6884
-53.7127
-53.7384
-53.7655
-53.794
-53.824
-53.8552
-53.8879
-53.9218
-53.9571
-53.9937
-54.0316
-54.0708
-54.1112
-54.1529
-54.1958
-54.2398
-54.2851
-54.3315
-54.3791
-54.4278
-54.4777
-54.5286
-54.5806
-54.6337
-54.6877
-54.7428
-54.7989
-54.856
-54.914
-54.9729
-55.0327
-55.0935
-55.1551
-55.2175
-55.2807
-55.3448
-55.4096
-55.4751
-55.5414
-55.6084
-55.676
-55.7443
-55.8133
-55.8828
-55.9529
-56.0236
-56.0948
-56.1665
-56.2387
-56.3113
-56.3844
-56.4579
-56.5318
-56.606
-56.6806
-56.7555
-56.8306
-56.9061
-56.9818
-57.0577
-57.1338
-57.2101
-57.2865
-57.363
-57.4397
-57.5165
-57.5933
-57.6702
-57.7471
-57.824
-57.9008
-57.9777
-58.0545
-58.1312
-58.2079
-58.2844
-58.3608
-58.4371
-58.5132
-58.5892
-58.6649
-58.7405
-58.8159
-58.891
-58.9659
-59.0405
-59.1149
-59.1889
-59.2627
-59.3362
-59.4094
-59.4823
-59.5548
-59.627
-59.6988
-59.7703
-59.8414
-59.9122
-59.9826
-60.0525
-60.1221
-60.1913
-60.2601
-60.3285
-60.3964
-60.464
-60.5311
-60.5978
-60.664
-60.7298
-60.7952
-60.8602
-60.9247
-60.9887
-61.0523
-61.1155
-61.1782
-61.2405
-61.3023
-61.3636
-61.4245
-61.485
-61.545
-61.6045
-61.6636
-61.7223
-61.7804
-61.8382
-61.8955
-61.9523
-62.0087
-62.0646
-62.1201
-62.1751
-62.2297
-62.2839
-62.3376
-62.3908
-62.4437
-62.4961
-62.548
-62.5995
-62.6506
-62.7013
-62.7516
-62.8014
-62.8508
-62.8998
-62.9483
-62.9965
-63.0442
-63.0915
-63.1385
-63.185
-63.2311
-63.2768
-63.3221
-63.3671
-63.4116
-63.4558
-63.4995
-63.5429
-63.5859
-63.6285
-63.6707
-63.7126
-63.7541
-63.7952
-63.836
-63.8764
-63.9164
-63.9561
-63.9954
-64.0344
-64.073
-64.1113
-64.1492
-64.1868
-64.224
-64.2609
-64.2975
-64.3337
-64.3696
-64.4052
-64.4404
-64.4754
-64.51
-64.5443
-64.5782
-64.6119
-64.6452
-64.6782
-64.7109
-64.7434
-64.7755
-64.8073
-64.8388
-64.87
-64.9009
-64.9315
-64.9619
-64.9919
-65.0217
-65.0511
-65.0803
-65.1092
-65.1379
-65.1662
-65.1943
-65.2221
-65.2496
-65.2769
-65.3039
-65.3306
-65.3571
-65.3833
-65.4092
-65.4349
-65.4604
-65.4855
-65.5105
-65.5351
-65.5596
-65.5837
-65.6077
-65.6314
-65.6548
-65.678
-65.701
-65.7237
-65.7462
-65.7684
-65.7904
-65.8122
-65.8338
-65.8551
-65.8762
-65.8971
-65.9177
-65.9382
-65.9584
-65.9784
-65.9981
-66.0177
-66.037
-66.0561
-66.0751
-66.0938
-66.1123
-66.1305
-66.1486
-66.1665
-66.1842
-66.2016
-66.2189
-66.2359
-66.2528
-66.2695
-66.2859
-66.3022
-66.3183
-66.3342
-66.3499
-66.3654
-66.3807
-66.3958
-66.4108
-66.4255
-66.4401
-66.4545
-66.4687
-66.4827
-66.4966
-66.5102
-66.5237
-66.537
-66.5502
-66.5631
-66.5759
-66.5886
-66.601
-66.6133
-66.6254
-66.6374
-66.6491
-66.6608
-66.6722
-66.6835
-66.5581
-66.3449
-66.068
-65.7425
-65.379
-64.9856
-64.5688
-64.1337
-63.6845
-63.2245
-62.7565
-62.2827
-61.8051
-61.3251
-60.844
-60.363
-59.883
-59.4047
-58.9287
-58.4556
-57.9859
-57.5198
-57.0576
-56.5996
-56.1459
-55.6966
-55.2518
-54.8113
-54.3752
-53.9433
-53.5155
-53.0916
-52.6713
-52.2544
-51.8404
-51.429
-51.0198
-50.5131
-49.9485
-49.3448
-48.7129
-48.0602
-47.3916
-46.7104
-46.0185
-45.3172
-44.6067
-43.8865
-43.1559
-42.4133
-41.657
-40.8845
-40.0932
-39.28
-38.4413
-37.5732
-36.6714
-35.7308
-34.7463
-33.7119
-32.6211
-31.4671
-30.2421
-28.9383
-27.5469
-26.0589
-24.4651
-22.7563
-20.9234
-18.9583
-16.8544
-14.6073
-12.2159
-9.68346
-7.01903
-4.23853
-1.3658
1.56683
4.5186
7.44124
10.281
12.9814
15.4878
17.7512
19.7332
21.4094
22.7708
23.8236
24.5863
25.0862
25.3553
25.4267
25.3315
25.0981
24.7505
24.3087
23.7893
23.2054
22.5676
21.8845
21.1629
20.4083
19.6256
18.8186
17.9906
17.1446
16.2831
15.4083
14.5222
13.6268
12.7235
11.814
10.8995
9.98124
9.06042
8.13804
7.21503
6.29225
5.37047
4.45039
3.53265
2.61783
1.70645
0.79896
-0.104212
-1.0027
-1.89616
-2.78433
-3.66694
-4.54378
-5.41465
-6.2794
-7.1379
-7.99003
-8.83571
-9.67486
-10.5075
-11.3335
-12.1529
-12.9657
-13.7719
-14.5715
-15.3647
-16.1514
-16.9318
-17.7059
-18.4737
-19.2356
-19.9914
-20.7415
-21.4859
-22.2249
-22.9585
-23.6871
-24.4107
-25.1298
-25.8444
-26.5549
-27.2616
-27.9649
-28.6649
-29.3622
-30.0571
-30.75
-31.4414
-32.1317
-32.8215
-33.5112
-34.2014
-34.8927
-35.5857
-36.281
-36.9793
-37.6812
-38.3875
-39.0987
-39.8157
-40.5391
-41.2696
-42.0079
-42.7546
-43.5102
-44.2753
-45.0502
-45.8352
-46.6304
-47.4355
-48.2504
-49.0743
-49.9062
-50.7448
-51.5883
-52.4343
-53.2803
-54.1229
-54.9586
-55.7832
-56.5925
-57.3819
-58.1468
-58.8829
-59.586
-60.2526
-60.8796
-61.4649
-62.0072
-62.5058
-62.9612
-63.3743
-63.7469
-64.0811
-64.3795
-64.6449
-64.8802
-65.0882
-65.2719
-65.434
-65.577
-65.7033
-65.815
-65.9141
-66.0021
-66.0807
-66.1512
-66.2147
-66.2723
-66.3247
-66.3727
-66.417
-66.4581
-66.4964
-66.5325
-66.5665
-66.5988
-66.6297
-66.6594
-66.6879
-66.7156
-66.7424
-66.7686
-66.7942
-66.8193
-66.8439
-66.8682
-66.8921
-66.9157
-66.9391
-66.9623
-66.9852
-67.008
-67.0307
-67.0531
-67.0755
-67.0977
-67.1198
-67.1418
-67.1638
-67.1856
-67.2073
-67.229
-67.2506
-67.2721
-67.2935
-67.3149
-67.3362
-67.3574
-67.3786
-67.3997
-67.4207
-67.4416
-67.4625
-67.4833
-67.504
-67.5247
-67.5452
-67.5657
-67.5862
-67.6065
-67.6268
-67.647
-67.6671
-67.6871
-67.7071
-67.727
-67.7468
-67.7665
-67.7861
-67.8056
-67.825
-67.8444
-67.8636
-67.8828
-67.9019
-67.9209
-67.9397
-67.9585
-67.9772
-67.9958
-68.0143
-68.0327
-68.051
-68.0692
-68.0873
-68.1053
-68.1232
-68.1409
-68.1586
-68.1762
-68.1936
-68.211
-68.2282
-68.2453
-68.2623
-68.2792
-68.296
-68.3127
-68.3293
-68.3457
-68.3621
-68.3783
-68.3944
-68.4104
-68.4263
-68.442
-68.4577
-68.4732
-68.4886
-68.5039
-68.5191
-68.5341
-68.549
-68.5638
-68.5785
-68.5931
-68.6075
-68.6218
-68.636
-68.6501
-68.6641
-68.6779
-68.6916
-68.7052
-68.7187
-68.732
-68.7452
-68.7583
-68.7713
-68.7841
-68.7968
-68.8094
-68.8219
-68.8342
-68.8464
-68.8585
-68.8705
-68.8823
-68.894
-68.9056
-68.9171
-68.9284
-68.9397
-68.9507
-68.9617
-68.9726
-68.9833
-68.9939
-69.0043
-69.0147
-69.0249
-69.035
-69.0449
-69.0548
-69.0645
-69.0741
-69.0835
-69.0929
-69.1021
-69.1112
-69.1202
-69.129
-69.1377
-69.1463
-69.1548
-69.1631
-69.1714
-69.1795
-69.1875
-69.1953
-69.2031
-69.2107
-69.2182
-69.2256
-69.2328
-69.2399
-69.247
-69.2538
-69.2606
-69.2673
-69.2738
-69.2802
-69.2865
-69.2927
-69.2987
-69.3047
-69.3105
-69.3162
-69.3218
-69.3272
-69.3326
-69.3378
-69.3429
-69.3479
-69.3528
-69.3576
-69.3622
-69.3668
-69.3712
-69.3755
-69.3797
-69.3838
-69.3878
-69.3916
-69.3954
-69.399
-69.4025
-69.406
-69.4093
-69.4124
-69.4155
-69.4185
-69.4214
-69.4241
-69.4268
-69.4293
-69.4317
-69.434
-69.4363
-69.4384
-69.4404
-69.4423
-69.4441
-69.4457
-69.4473
-69.4488
-69.4502
-69.4514
-69.3119
-69.0833
-68.7911
-68.451
-68.0743
-67.6695
-67.2431
-66.8005
-66.3459
-65.8827
-65.4137
-64.9411
-64.4668
-63.9925
-63.5193
-63.0484
-62.5807
-62.1169
-61.6578
-61.2037
-60.7553
-60.3128
-59.8765
-59.4468
-59.0238
-58.6077
-58.1985
-57.7964
-57.4014
-57.0135
-56.6327
-56.2588
-55.8919
-55.5319
-55.1785
-54.8317
-54.4913
-54.1571
-53.8289
-53.5066
-53.1898
-52.8783
-52.5718
-52.2702
-51.973
-51.6801
-51.3911
-51.1056
-50.8234
-50.5441
-50.2674
-49.9929
-49.7203
-49.4491
-49.179
-48.9096
-48.6404
-48.371
-48.101
-47.83
-47.5574
-47.2827
-47.0055
-46.7252
-46.4412
-46.153
-45.8598
-45.5611
-45.2561
-44.9441
-44.6243
-44.2958
-43.9577
-43.6091
-43.2489
-42.8758
-42.4888
-42.0864
-41.6672
-41.2296
-40.7719
-40.2921
-39.7883
-39.2581
-38.6991
-38.1085
-37.4834
-36.8206
-36.1165
-35.3671
-34.5683
-33.7154
-32.8035
-31.8271
-30.7804
-29.6573
-28.4514
-27.156
-25.7643
-24.2695
-22.6653
-20.946
-19.1069
-17.145
-15.0596
-12.8531
-10.5317
-8.10664
-5.59437
-3.01767
-0.405683
2.20631
4.77782
7.26484
9.62225
11.8068
13.7806
15.5136
16.9864
18.1905
19.1286
19.8122
20.2601
20.4949
20.5416
20.4246
20.1673
19.7906
19.3132
18.7507
18.1166
17.4222
16.677
15.8888
15.0643
14.2091
13.3279
12.4249
11.5035
10.5668
9.6175
8.658
7.69037
6.71649
5.738
4.7564
3.773
2.78899
1.80543
0.823255
-0.156697
-1.13368
-2.10704
-3.07619
-4.04063
-4.99991
-5.95365
-6.90151
-7.84323
-8.77855
-9.70729
-10.6293
-11.5444
-12.4526
-13.3538
-14.248
-15.1351
-16.0152
-16.8883
-17.7545
-18.6139
-19.4665
-20.3126
-21.1523
-21.9857
-22.8131
-23.6346
-24.4506
-25.2613
-26.067
-26.868
-27.6646
-28.4574
-29.2466
-30.0327
-30.8162
-31.5976
-32.3775
-33.1564
-33.935
-34.7138
-35.4936
-36.2751
-37.059
-37.8461
-38.6373
-39.4333
-40.2349
-41.0431
-41.8586
-42.6824
-43.5152
-44.3579
-45.2111
-46.0756
-46.952
-47.8406
-48.7418
-49.6556
-50.5819
-51.5202
-52.4698
-53.4295
-54.3976
-55.3722
-56.3506
-57.3296
-58.3056
-59.2744
-60.2311
-61.1708
-62.0881
-62.9775
-63.8336
-64.6515
-65.4265
-66.1549
-66.8338
-67.4613
-68.0365
-68.5596
-69.0317
-69.4548
-69.8315
-70.1648
-70.4584
-70.7156
-70.9401
-71.1355
-71.3051
-71.452
-71.579
-71.6888
-71.7837
-71.8657
-71.9367
-71.9981
-72.0514
-72.0977
-72.1381
-72.1733
-72.2043
-72.2314
-72.2554
-72.2767
-72.2957
-72.3126
-72.3278
-72.3416
-72.3541
-72.3654
-72.3759
-72.3855
-72.3943
-72.4026
-72.4103
-72.4175
-72.4243
-72.4307
-72.4368
-72.4425
-72.448
-72.4533
-72.4584
-72.4632
-72.4679
-72.4724
-72.4767
-72.4809
-72.4849
-72.4888
-72.4926
-72.4963
-72.4998
-72.5033
-72.5066
-72.5099
-72.513
-72.516
-72.519
-72.5218
-72.5246
-72.5272
-72.5298
-72.5322
-72.5346
-72.5369
-72.5391
-72.5412
-72.5432
-72.5452
-72.547
-72.5487
-72.5504
-72.552
-72.5534
-72.5548
-72.5561
-72.5573
-72.5584
-72.5595
-72.5604
-72.5612
-72.562
-72.5626
-72.5632
-72.5636
-72.564
-72.5643
-72.5645
-72.5646
-72.5646
-72.5644
-72.5643
-72.564
-72.5636
-72.5631
-72.5625
-72.5618
-72.5611
-72.5602
-72.5592
-72.5582
-72.557
-72.5558
-72.5544
-72.553
-72.5514
-72.5498
-72.548
-72.5462
-72.5442
-72.5422
-72.5401
-72.5378
-72.5355
-72.5331
-72.5305
-72.5279
-72.5252
-72.5224
-72.5194
-72.5164
-72.5133
-72.5101
-72.5068
-72.5034
-72.4998
-72.4962
-72.4925
-72.4887
-72.4848
-72.4808
-72.4767
-72.4725
-72.4682
-72.4638
-72.4593
-72.4547
-72.45
-72.4453
-72.4404
-72.4354
-72.4303
-72.4252
-72.4199
-72.4145
-72.4091
-72.4035
-72.3979
-72.3921
-72.241
-71.9992
-71.6935
-71.3406
-70.9522
-70.5372
-70.1025
-69.6535
-69.1943
-68.7286
-68.2591
-67.7881
-67.3173
-66.8484
-66.3826
-65.9209
-65.4642
-65.0132
-64.5684
-64.1305
-63.6997
-63.2764
-62.8608
-62.4532
-62.0538
-61.6625
-61.2796
-60.905
-60.5387
-60.1808
-59.8313
-59.49
-59.1569
-58.8319
-58.5149
-58.2058
-57.9044
-57.6107
-57.3245
-57.0456
-56.7738
-56.5091
-56.2512
-56
-55.7553
-55.5169
-55.2847
-55.0584
-54.8379
-54.623
-54.4135
-54.2093
-54.0101
-53.8159
-53.6263
-53.4414
-53.2608
-53.0845
-52.9122
-52.7439
-52.5793
-52.4183
-52.2608
-52.1066
-51.9556
-51.8076
-51.6625
-51.5202
-51.3806
-51.2435
-51.1088
-50.9763
-50.8461
-50.7179
-50.5917
-50.4674
-50.3448
-50.2239
-50.1045
-49.9866
-49.87
-49.7547
-49.6407
-49.5277
-49.4157
-49.3047
-49.1945
-49.0851
-48.9763
-48.8682
-48.7605
-48.6533
-48.5465
-48.4399
-48.3335
-48.2272
-48.1209
-48.0145
-47.908
-47.8013
-47.6942
-47.5867
-47.4787
-47.3701
-47.2607
-47.1505
-47.0394
-46.9273
-46.8139
-46.6994
-46.5834
-46.4658
-46.3466
-46.2256
-46.1026
-45.9774
-45.85
-45.7201
-45.5875
-45.4521
-45.3136
-45.1717
-45.0264
-44.8773
-44.7241
-44.5665
-44.4044
-44.2372
-44.0648
-43.8866
-43.7024
-43.5116
-43.3139
-43.1087
-42.8956
-42.6738
-42.4429
-42.2022
-41.9509
-41.6883
-41.4135
-41.1257
-40.8239
-40.5069
-40.1738
-39.8232
-39.4538
-39.0642
-38.6527
-38.2177
-37.7573
-37.2695
-36.7521
-36.2027
-35.6189
-34.9979
-34.3368
-33.6324
-32.8813
-32.08
-31.2247
-30.3115
-29.3363
-28.295
-27.1833
-25.9973
-24.733
-23.387
-21.9564
-20.4392
-18.8345
-17.1431
-15.3678
-13.5137
-11.589
-9.60527
-7.57773
-5.5256
-3.47197
-1.44338
0.531055
2.42089
4.19603
5.82856
7.29459
8.57573
9.66008
10.5425
11.2242
11.712
12.0169
12.1529
12.1356
11.9813
11.7058
11.3243
10.8507
10.2975
9.67598
8.99585
8.26571
7.493
6.68418
5.84486
4.97991
4.09356
3.18951
2.27096
1.34076
0.401366
-0.545032
-1.49652
-2.45141
-3.40823
-4.36566
-5.32256
-6.27792
-7.23087
-8.18062
-9.12652
-10.068
-11.0045
-11.9357
-12.8612
-13.7807
-14.694
-15.6009
-16.5013
-17.395
-18.2821
-19.1624
-20.0361
-20.9032
-21.7637
-22.6179
-23.4658
-24.3077
-25.1438
-25.9743
-26.7995
-27.6197
-28.4354
-29.2469
-30.0546
-30.859
-31.6605
-32.4598
-33.2573
-34.0537
-34.8497
-35.6458
-36.4429
-37.2416
-38.0427
-38.847
-39.6553
-40.4685
-41.2874
-42.1128
-42.9456
-43.7866
-44.6366
-45.4964
-46.3666
-47.2479
-48.1406
-49.0452
-49.9618
-50.8903
-51.8306
-52.7819
-53.7434
-54.7137
-55.6912
-56.6737
-57.6585
-58.6425
-59.6219
-60.5928
-61.5506
-62.4904
-63.4073
-64.296
-65.1517
-65.9695
-66.7454
-67.4758
-68.1579
-68.7899
-69.371
-69.9013
-70.3816
-70.8137
-71.2
-71.5433
-71.8468
-72.1139
-72.3479
-72.5523
-72.7302
-72.8846
-73.0185
-73.1343
-73.2344
-73.3207
-73.3952
-73.4595
-73.5149
-73.5627
-73.6039
-73.6394
-73.6701
-73.6966
-73.7194
-73.7392
-73.7562
-73.771
-73.7837
-73.7947
-73.8042
-73.8123
-73.8194
-73.8254
-73.8306
-73.835
-73.8388
-73.8419
-73.8445
-73.8467
-73.8484
-73.8498
-73.8508
-73.8515
-73.852
-73.8522
-73.8522
-73.8519
-73.8515
-73.8509
-73.8501
-73.8492
-73.8481
-73.8469
-73.8455
-73.844
-73.8424
-73.8406
-73.8388
-73.8368
-73.8347
-73.8325
-73.8302
-73.8278
-73.8253
-73.8227
-73.82
-73.8172
-73.8143
-73.8114
-73.8083
-73.8051
-73.8018
-73.7984
-73.795
-73.7914
-73.7878
-73.784
-73.7802
-73.7763
-73.7722
-73.7681
-73.7639
-73.7596
-73.7552
-73.7507
-73.7462
-73.7415
-73.7367
-73.7319
-73.7269
-73.7219
-73.7167
-73.7115
-73.7062
-73.7008
-73.6953
-73.6897
-73.684
-73.6782
-73.6723
-73.6664
-73.6603
-73.6542
-73.6479
-73.6416
-73.6352
-73.6286
-73.622
-73.6153
-73.6085
-73.6016
-73.5946
-73.5875
-73.5804
-73.5731
-73.5658
-73.5583
-73.5508
-73.5431
-73.5354
-73.5276
-73.5197
-73.5117
-73.5036
-73.3484
-73.102
-72.7917
-72.4346
-72.0425
-71.6245
-71.1874
-70.7368
-70.2769
-69.8112
-69.206
-68.5188
-67.7792
-67.0057
-66.2114
-65.4061
-64.5975
-63.7912
-62.9916
-62.2023
-61.4258
-60.6641
-59.9186
-59.1906
-58.4806
-57.7893
-57.1168
-56.4634
-55.8289
-55.2131
-54.6159
-54.0368
-53.4755
-52.9315
-52.4042
-51.8931
-51.3975
-50.9169
-50.4505
-49.9977
-49.5578
-49.1301
-48.7138
-48.3083
-47.9128
-47.5266
-47.149
-46.7792
-46.4167
-46.0606
-45.7103
-45.3651
-45.0243
-44.6872
-44.3533
-44.0218
-43.6922
-43.3637
-43.0357
-42.7077
-42.379
-42.049
-41.717
-41.3825
-41.0448
-40.7033
-40.3574
-40.0063
-39.6495
-39.2863
-38.9159
-38.5377
-38.1509
-37.7548
-37.3486
-36.9315
-36.5027
-36.0613
-35.6064
-35.1371
-34.6524
-34.1514
-33.633
-33.0962
-32.54
-31.9633
-31.3649
-30.7437
-30.0987
-29.4289
-28.733
-28.0102
-27.2594
-26.4798
-25.6706
-24.8313
-23.9613
-23.0604
-22.1285
-21.1659
-20.173
-19.1506
-18.0999
-17.0224
-15.9199
-14.7949
-13.6498
-12.4879
-11.3125
-10.1275
-8.93705
-7.74577
-6.55856
-5.38072
-4.21803
-3.07674
-1.96366
-0.886219
0.14748
1.12871
2.04823
2.89652
3.66416
4.34227
4.92308
5.4004
5.77008
6.03025
6.18137
6.22613
6.16911
6.01637
5.77505
5.45288
5.05781
4.59772
4.08014
3.51213
2.90021
2.25026
1.56759
0.856929
0.122456
-0.632121
-1.40354
-2.18891
-2.98571
-3.7917
-4.60491
-5.4236
-6.24624
-7.07149
-7.89814
-8.72514
-9.55157
-10.3766
-11.1995
-12.0197
-12.8367
-13.6498
-14.4589
-15.2634
-16.0631
-16.8577
-17.6472
-18.4312
-19.2096
-19.9825
-20.7497
-21.5113
-22.2671
-23.0174
-23.7621
-24.5013
-25.2353
-25.964
-26.6877
-27.4066
-28.1209
-28.8309
-29.5368
-30.239
-30.9377
-31.6333
-32.3262
-33.0168
-33.7054
-34.3926
-35.0789
-35.7646
-36.4503
-37.1365
-37.8239
-38.5129
-39.2041
-39.8982
-40.5957
-41.2972
-42.0033
-42.7146
-43.4317
-44.1551
-44.8854
-45.6228
-46.368
-47.121
-47.8822
-48.6516
-49.429
-50.2142
-51.0066
-51.8055
-52.6098
-53.4182
-54.229
-55.0399
-55.8487
-56.6523
-57.4477
-58.2313
-58.9994
-59.748
-60.4734
-61.1716
-61.8391
-62.4728
-63.07
-63.6289
-64.148
-64.627
-65.0658
-65.4654
-65.8272
-66.1529
-66.4448
-66.7055
-66.9373
-67.1431
-67.3253
-67.4866
-67.6291
-67.7552
-67.8669
-67.9658
-68.0538
-68.1322
-68.2023
-68.2652
-68.3219
-68.3732
-68.42
-68.4627
-68.502
-68.5384
-68.5722
-68.6039
-68.6336
-68.6616
-68.6883
-68.7137
-68.738
-68.7614
-68.7839
-68.8057
-68.8269
-68.8476
-68.8677
-68.8874
-68.9067
-68.9257
-68.9443
-68.9627
-68.9808
-68.9986
-69.0163
-69.0337
-69.051
-69.068
-69.0849
-69.1017
-69.1183
-69.1347
-69.1511
-69.1672
-69.1833
-69.1992
-69.2151
-69.2308
-69.2463
-69.2618
-69.2772
-69.2924
-69.3075
-69.3226
-69.3375
-69.3523
-69.367
-69.3816
-69.3961
-69.4104
-69.4247
-69.4388
-69.4529
-69.4668
-69.4807
-69.4944
-69.508
-69.5215
-69.5349
-69.5481
-69.5613
-69.5744
-69.5873
-69.6001
-69.6128
-69.6254
-69.6379
-69.6503
-69.6626
-69.6747
-69.6867
-69.6986
-69.7104
-69.7221
-69.7337
-69.7451
-69.7565
-69.7677
-69.7788
-69.7898
-69.8006
-69.8114
-69.822
-69.8325
-69.8429
-69.8531
-69.8633
-69.8733
-69.8832
-69.893
-69.9026
-69.9122
-69.9216
-69.9309
-69.9401
-69.9491
-69.9581
-69.9669
-69.9756
-69.9841
-69.9926
-70.0009
-70.0091
-70.0172
-70.0252
-70.033
-70.0407
-70.0483
-70.0558
-70.0632
-70.0704
-70.0775
-70.0845
-70.0914
-70.0981
-70.1047
-70.1112
-70.1176
-70.1239
-70.13
-70.136
-70.1419
-70.1477
-70.1534
-70.1589
-70.1643
-70.1696
-70.1748
-70.1799
-70.1848
-70.1896
-70.1943
-70.1989
-70.2034
-70.2077
-70.212
-70.2161
-70.2201
-70.224
-70.2277
-70.2314
-70.2349
-70.2383
-70.2416
-70.2448
-70.2478
-70.2508
-70.2536
-70.2563
-70.2589
-70.2614
-70.2638
-70.1252
-69.8985
-69.6098
-69.2751
-68.9058
-68.5103
-68.0954
-67.6662
-67.2268
-66.7805
-66.3302
-65.8779
-65.4254
-64.9742
-64.5256
-64.0805
-63.6398
-63.2042
-62.7742
-62.3503
-61.9329
-61.5225
-61.1191
-60.723
-60.3344
-59.9535
-59.5802
-59.2146
-58.8569
-58.5069
-58.1646
-57.83
-57.503
-57.1836
-56.8716
-56.567
-56.2695
-55.9791
-55.6957
-55.419
-55.1489
-54.8852
-54.6278
-54.3765
-54.1311
-53.8915
-53.6573
-53.4285
-53.2049
-52.9863
-52.7724
-52.5631
-52.3583
-52.1576
-51.961
-51.7682
-51.579
-51.3934
-51.211
-51.0317
-50.8554
-50.6819
-50.5109
-50.3424
-50.1761
-50.0119
-49.8497
-49.6892
-49.5303
-49.3729
-49.2168
-49.0618
-48.9078
-48.7546
-48.6021
-48.4501
-48.2985
-48.1471
-47.9957
-47.8442
-47.6924
-47.5402
-47.3874
-47.2338
-47.0793
-46.9236
-46.7666
-46.608
-46.4478
-46.2856
-46.1213
-45.9546
-45.7853
-45.6132
-45.4379
-45.2593
-45.0769
-44.8906
-44.7
-44.5047
-44.3044
-44.0987
-43.8871
-43.6693
-43.4447
-43.2129
-42.9732
-42.7252
-42.4681
-42.2013
-41.9241
-41.6357
-41.3351
-41.0216
-40.6941
-40.3515
-39.9926
-39.6162
-39.221
-38.8054
-38.3678
-37.9065
-37.4196
-36.9051
-36.3606
-35.7839
-35.1724
-34.5232
-33.8334
-33.0998
-32.319
-31.4874
-30.6011
-29.6563
-28.6489
-27.5746
-26.4294
-25.2092
-23.9102
-22.5292
-21.0633
-19.5109
-17.8714
-16.1459
-14.3376
-12.4522
-10.4985
-8.48853
-6.43839
-4.36795
-2.301
-0.264717
1.7112
3.5959
5.35905
6.9728
8.41361
9.6638
10.7124
11.5556
12.1958
12.6412
12.904
12.9991
12.9431
12.7525
12.4438
12.0322
11.5316
10.9545
10.3118
9.61315
8.86693
8.08031
7.25953
6.40999
5.53636
4.64269
3.73251
2.80891
1.87459
0.931921
-0.0170174
-0.970389
-1.92658
-2.88416
-3.84189
-4.79866
-5.7535
-6.70557
-7.65412
-8.59852
-9.53819
-10.4727
-11.4016
-12.3245
-13.2413
-14.1516
-15.0553
-15.9522
-16.8423
-17.7254
-18.6017
-19.471
-20.3335
-21.1892
-22.0383
-22.8808
-23.717
-24.5471
-25.3713
-26.1899
-27.0031
-27.8113
-28.6148
-29.4141
-30.2096
-31.0017
-31.7908
-32.5776
-33.3626
-34.1464
-34.9296
-35.7129
-36.4968
-37.2823
-38.07
-38.8606
-39.655
-40.454
-41.2584
-42.069
-42.8865
-43.7119
-44.5459
-45.3891
-46.2423
-47.106
-47.9806
-48.8666
-49.764
-50.6729
-51.5929
-52.5236
-53.464
-54.4128
-55.3685
-56.329
-57.2917
-58.2536
-59.2111
-60.1603
-61.0969
-62.016
-62.9129
-63.7826
-64.62
-65.4208
-66.1806
-66.8962
-67.5646
-68.1843
-68.7541
-69.2744
-69.7458
-70.1701
-70.5497
-70.8872
-71.1858
-71.4487
-71.6794
-71.881
-72.0568
-72.2097
-72.3424
-72.4574
-72.5571
-72.6435
-72.7182
-72.783
-72.8391
-72.8878
-72.93
-72.9668
-72.9988
-73.0267
-73.0511
-73.0725
-73.0912
-73.1077
-73.1223
-73.1352
-73.1466
-73.1567
-73.1658
-73.1739
-73.1811
-73.1876
-73.1934
-73.1987
-73.2034
-73.2078
-73.2117
-73.2152
-73.2184
-73.2213
-73.224
-73.2264
-73.2286
-73.2306
-73.2324
-73.234
-73.2355
-73.2367
-73.2379
-73.2389
-73.2398
-73.2405
-73.2412
-73.2417
-73.242
-73.2423
-73.2425
-73.2425
-73.2425
-73.2424
-73.2421
-73.2417
-73.2413
-73.2407
-73.2401
-73.2394
-73.2385
-73.2376
-73.2365
-73.2354
-73.2342
-73.2329
-73.2314
-73.2299
-73.2283
-73.2266
-73.2248
-73.2229
-73.221
-73.2189
-73.2167
-73.2144
-73.2121
-73.2096
-73.207
-73.2044
-73.2017
-73.1988
-73.1959
-73.1928
-73.1897
-73.1865
-73.1832
-73.1798
-73.1763
-73.1727
-73.169
-73.1652
-73.1613
-73.1573
-73.1532
-73.149
-73.1447
-73.1404
-73.1359
-73.1313
-73.1267
-73.1219
-73.117
-73.1121
-73.107
-73.1019
-73.0967
-73.0913
-73.0859
-73.0804
-73.0748
-73.069
-73.0632
-73.0573
-73.0513
-73.0452
-73.039
-73.0327
-73.0263
-73.0199
-73.0133
-73.0066
-72.9998
-72.993
-72.986
-72.979
-72.9718
-72.9646
-72.9573
-72.9499
-72.9423
-72.9347
-72.927
-72.9192
-72.9114
-72.9034
-72.8953
-72.8871
-72.8789
-72.8705
-72.8621
-72.8536
-72.845
-72.8363
-72.8275
-72.8186
-72.8096
-72.8005
-72.7914
-72.7821
-72.7728
-72.7634
-72.7539
-72.7443
-72.7346
-72.7249
-72.715
-72.7051
-72.695
-72.6849
-72.6747
-72.6644
-72.6541
-72.6436
-72.6331
-72.6225
-72.6118
-72.601
-72.5901
-72.5792
-72.5682
-72.5571
-72.5459
-72.5346
-72.5233
-72.5118
-72.5003
-72.4887
-72.4771
-72.4653
-72.4535
-72.4416
-72.4296
-72.4176
-72.4055
-72.3932
-72.381
-72.3686
-72.3562
-72.3437
-72.3311
-72.3185
-72.3058
-72.293
-72.2801
-72.2672
-72.2542
-72.2411
-72.2279
-72.2147
-72.2014
-72.1881
-72.1747
-72.1612
-72.1476
-72.134
-72.1203
-72.1066
-72.0927
-72.0789
-72.0649
-72.0509
-72.0368
-72.0227
-72.0085
-71.9942
-71.9799
-71.9655
-71.9511
-71.9366
-71.922
-71.9074
-71.8927
-71.878
-71.8632
-71.8483
-71.8334
-71.8185
-71.8035
-71.7884
-71.7733
-71.7581
-71.7428
-71.7275
-71.7122
-71.6968
-71.6814
-71.6659
-71.6503
-71.6347
-71.6191
-71.6034
-71.5876
-71.5719
-71.556
-71.5401
-71.5242
-71.5082
-71.4922
-71.4761
-71.46
-71.4439
-71.4277
-71.4114
-71.3952
-71.3788
-71.3625
-71.3461
-71.3296
-71.3131
-71.2966
-71.28
-71.2634
-71.2468
-71.2301
-71.2134
-71.1967
-71.0336
-70.7766
-70.4513
-70.0739
-69.6558
-69.206
-68.7312
-68.2372
-67.7285
-67.2087
-66.6808
-66.1474
-65.6107
-65.0722
-64.5334
-63.9957
-63.46
-62.9273
-62.3982
-61.8735
-61.3536
-60.839
-60.3301
-59.8273
-59.3306
-58.8404
-58.3568
-57.8799
-57.4097
-56.9461
-56.4893
-56.039
-55.5952
-55.1577
-54.7262
-54.3007
-53.8807
-53.466
-53.0562
-52.651
-52.2499
-51.8525
-51.4583
-51.0668
-50.6773
-50.2894
-49.9023
-49.5153
-49.1277
-48.7388
-48.3476
-47.9533
-47.5549
-47.1514
-46.7416
-46.3244
-45.8985
-45.4625
-45.0149
-44.5541
-44.0783
-43.5855
-43.0737
-42.5405
-41.9833
-41.3993
-40.7855
-40.1382
-39.4538
-38.7278
-37.9557
-37.1321
-36.2511
-35.3063
-34.2904
-33.1955
-32.0128
-30.7327
-29.3448
-27.8381
-26.2009
-24.4212
-22.4873
-20.388
-18.1139
-15.6582
-13.0183
-10.1977
-7.2076
-4.06878
-0.813039
2.51625
5.86492
9.17008
12.3639
15.3783
18.1507
20.629
22.776
24.5719
26.0143
27.1167
27.9048
28.4117
28.6742
28.7289
28.6097
28.3465
27.9647
27.4851
26.9248
26.2973
25.6134
24.8818
24.1095
23.3023
22.4648
21.6012
20.7148
19.8086
18.8852
17.9471
16.9962
16.0345
15.0637
14.0854
13.1011
12.112
11.1195
10.1245
9.12816
8.13136
7.13495
6.1397
5.14631
4.15542
3.16759
2.18333
1.20312
0.227352
-0.743608
-1.70944
-2.66987
-3.62466
-4.5736
-5.51651
-6.45325
-7.38372
-8.30782
-9.22548
-10.1367
-11.0414
-11.9396
-12.8313
-13.7166
-14.5955
-15.468
-16.3344
-17.1946
-18.0488
-18.8971
-19.7398
-20.5769
-21.4087
-22.2354
-23.0572
-23.8744
-24.6873
-25.4962
-26.3014
-27.1034
-27.9025
-28.6992
-29.4939
-30.2872
-31.0797
-31.8718
-32.6643
-33.4579
-34.2532
-35.051
-35.8521
-36.6573
-37.4676
-38.2839
-39.107
-39.938
-40.7778
-41.6275
-42.4879
-43.3601
-44.2449
-45.1433
-46.0558
-46.9832
-47.8434
-48.6725
-49.4857
-50.2906
-51.0907
-51.8876
-52.6814
-53.4712
-54.2553
-55.0312
-55.7959
-56.5459
-57.2773
-57.9859
-58.6675
-59.3176
-59.9322
-60.5076
-61.0405
-61.5284
-61.9696
-62.3635
-62.7099
-63.0099
-63.2652
-63.4781
-63.6515
-63.7885
-63.8926
-63.9671
-64.0155
-64.0411
-64.0469
-64.0358
-64.0104
-63.973
-63.9257
-63.8703
-63.8085
-63.7415
-63.6705
-63.5967
-63.5207
-63.4434
-63.3654
-63.2871
-63.209
-63.1314
-63.0546
-62.9789
-62.9045
-62.8315
-62.76
-62.6901
-62.622
-62.5556
-62.4911
-62.4284
-62.3675
-62.3085
-62.2514
-62.1961
-62.1427
-62.0911
-62.0414
-61.9934
-61.9473
-61.9028
-61.8602
-61.8192
-61.7798
-61.7422
-61.7061
-61.6717
-61.6387
-61.6074
-61.5775
-61.5491
-61.5221
-61.4965
-61.4723
-61.4495
-61.428
-61.4078
-61.3889
-61.3713
-61.3548
-61.3396
-61.3255
-61.3126
-61.3008
-61.2901
-61.2805
-61.2719
-61.2644
-61.2578
-61.2523
-61.2477
-61.2441
-61.2414
-61.2396
-61.2387
-61.2387
-61.2395
-61.2411
-61.2436
-61.2468
-61.2508
-61.2556
-61.2611
-61.2674
-61.2743
-61.282
-61.2903
-61.2993
-61.309
-61.3192
-61.3301
-61.3416
-61.3537
-61.3664
-61.3796
-61.3934
-61.4077
-61.4226
-61.4379
-61.4538
-61.4701
-61.4869
-61.5042
-61.5219
-61.5401
-61.5587
-61.5778
-61.5972
-61.617
-61.6372
-61.6578
-61.6788
-61.7001
-61.7218
-61.7438
-61.7662
-61.7888
-61.8118
-61.8351
-61.8587
-61.8825
-61.9067
-61.9311
-61.9557
-61.9807
-62.0058
-62.0313
-62.0569
-62.0828
-62.1088
-62.1351
-62.1616
-62.1883
-62.2152
-62.2422
-62.2695
-62.2969
-62.3245
-62.3522
-62.38
-62.4081
-62.4362
-62.4645
-62.4929
-62.5215
-62.5501
-62.5789
-62.6078
-62.6367
-62.6658
-62.695
-62.7242
-62.7535
-62.7829
-62.8124
-62.8419
-62.8715
-62.9012
-62.9309
-62.9607
-62.9905
-63.0203
-63.0502
-63.0801
-63.11
-63.14
-63.17
-63.2
-63.23
-63.1373
-62.9708
-62.7539
-62.501
-62.222
-61.924
-61.6124
-61.2916
-60.9646
-60.6342
-60.3023
-59.9704
-59.6399
-59.3118
-58.987
-58.666
-58.3494
-58.0377
-57.7312
-57.4301
-57.1347
-56.8452
-56.5616
-56.284
-56.0125
-55.7471
-55.4879
-55.2347
-54.9875
-54.7464
-54.5111
-54.2818
-54.0581
-53.8402
-53.6278
-53.4208
-53.2192
-53.0227
-52.8314
-52.645
-52.4635
-52.2867
-52.1146
-51.9468
-51.7835
-51.6243
-51.4693
-51.3182
-51.171
-51.0275
-50.8877
-50.7514
-50.6186
-50.489
-50.3627
-50.2395
-50.1192
-50.002
-49.8875
-49.7759
-49.6668
-49.5604
-49.4565
-49.355
-49.2559
-49.1591
-49.0646
-48.9722
-48.8819
-48.7937
-48.7075
-48.6232
-48.5409
-48.4604
-48.3817
-48.3048
-48.2296
-48.156
-48.0842
-48.0139
-47.9452
-47.8781
-47.8125
-47.7484
-47.6858
-47.6245
-47.5647
-47.5063
-47.4493
-47.3936
-47.3393
-47.2862
-47.2345
-47.184
-47.1348
-47.0868
-47.0401
-46.9946
-46.9504
-46.9073
-46.8654
-46.8247
-46.7852
-46.7469
-46.7097
-46.6737
-46.6389
-46.6052
-46.5726
-46.5412
-46.5109
-46.4818
-46.4538
-46.427
-46.4013
-46.3767
-46.3533
-46.331
-46.3099
-46.2899
-46.2711
-46.2534
-46.2369
-46.2216
-46.2074
-46.1944
-46.1826
-46.172
-46.1626
-46.1545
-46.1475
-46.1418
-46.1373
-46.1341
-46.1322
-46.1315
-46.1322
-46.1341
-46.1374
-46.142
-46.1479
-46.1553
-46.164
-46.1742
-46.1857
-46.1987
-46.2132
-46.2292
-46.2467
-46.2658
-46.2864
-46.3086
-46.3324
-46.3579
-46.3851
-46.414
-46.4446
-46.477
-46.5112
-46.5472
-46.5851
-46.625
-46.6668
-46.7106
-46.7564
-46.8043
-46.8544
-46.9066
-46.961
-47.0176
-47.0766
-47.138
-47.2017
-47.2679
-47.3367
-47.408
-47.4819
-47.5586
-47.638
-47.7202
-47.8052
-47.8932
-47.9843
-48.0783
-48.1755
-48.2759
-48.3796
-48.4865
-48.5969
-48.7107
-48.828
-48.9489
-49.0734
-49.2016
-49.3336
-49.4693
-49.6089
-49.7525
-49.8999
-50.0514
-50.2068
-50.3664
-50.5299
-50.6976
-50.8694
-51.0453
-51.2252
-51.4092
-51.5973
-51.7894
-51.9854
-52.1853
-52.389
-52.5965
-52.8076
-53.0223
-53.2403
-53.4615
-53.6859
-53.9132
-54.1433
-54.3758
-54.6108
-54.8478
-55.0867
-55.3272
-55.5691
-55.8121
-56.0559
-56.3002
-56.5448
-56.7894
-57.0336
-57.2772
-57.5198
-57.7613
-58.0012
-58.2394
-58.4755
-58.7093
-58.9406
-59.169
-59.3944
-59.6166
-59.8354
-60.0506
-60.262
-60.4696
-60.6731
-60.8724
-61.0676
-61.2584
-61.445
-61.6271
-61.8047
-61.978
-62.1468
-62.3112
-62.4712
-62.6268
-62.7781
-62.9251
-63.068
-63.2067
-63.3413
-63.472
-63.5987
-63.7217
-63.8409
-63.9565
-64.0686
-64.1772
-64.2825
-64.3845
-64.4834
-64.5792
-64.6721
-64.7621
-64.8494
-64.9339
-65.0158
-65.0953
-65.1723
-65.247
-65.3194
-65.3896
-65.4577
-65.5238
-65.5879
-65.6501
-65.7105
-65.7691
-65.8261
-65.8813
-65.935
-65.9872
-66.0379
-66.0872
-66.0031
-65.8355
-65.6088
-65.3379
-65.0334
-64.7033
-64.3536
-63.9892
-63.614
-63.231
-62.8426
-62.451
-62.0578
-61.6643
-61.2717
-60.8809
-60.4927
-60.1078
-59.7268
-59.3501
-58.9781
-58.6111
-58.2495
-57.8934
-57.543
-57.1985
-56.86
-56.5276
-56.2012
-55.881
-55.5668
-55.2588
-54.9569
-54.661
-54.371
-54.0869
-53.8084
-53.5357
-53.2684
-53.0065
-52.7498
-52.4982
-52.2516
-52.0096
-51.7723
-51.5393
-51.3106
-51.0859
-50.865
-50.6478
-50.4341
-50.2236
-50.0162
-49.8116
-49.6097
-49.4103
-49.1191
-48.7747
-48.3953
-47.9918
-47.5711
-47.1382
-46.6967
-46.2491
-45.797
-45.3416
-44.8837
-44.4236
-43.9614
-43.497
-43.0301
-42.5604
-42.0871
-41.6096
-41.1272
-40.639
-40.1441
-39.6414
-39.1298
-38.6081
-38.075
-37.5292
-36.9692
-36.3935
-35.8003
-35.188
-34.5547
-33.8984
-33.217
-32.5084
-31.7701
-30.9997
-30.1948
-29.3525
-28.4702
-27.5449
-26.5739
-25.5541
-24.4828
-23.357
-22.1742
-20.9319
-19.6284
-18.2621
-16.8323
-15.3394
-13.785
-12.1721
-10.5058
-8.79337
-7.04492
-5.27353
-3.49558
-1.73078
-0.00189086
1.66599
3.24657
4.71398
6.04453
7.21853
8.22162
9.04564
9.68873
10.1547
10.4521
10.593
10.5912
10.4619
10.2199
9.87957
9.45408
8.95534
8.39391
7.779
7.11863
6.40966
5.66581
4.89572
4.10563
3.30036
2.48377
1.65901
0.828715
-0.00492485
-0.840046
-1.67507
-2.50864
-3.3396
-4.16696
-4.98213
-5.78616
-6.5792
-7.36119
-8.13207
-8.89177
-9.6403
-10.3777
-11.104
-11.8192
-12.5236
-13.2172
-13.9002
-14.5727
-15.235
-15.8872
-16.5294
-17.162
-17.7852
-18.399
-19.0039
-19.5999
-20.1873
-20.7664
-21.3374
-21.9005
-22.4559
-23.004
-23.5449
-24.0789
-24.6063
-25.1272
-25.6421
-26.1511
-26.6544
-27.1525
-27.6456
-28.1339
-28.6177
-29.0975
-29.5733
-30.0457
-30.5149
-30.9813
-31.4451
-31.9069
-32.3668
-32.8253
-33.2828
-33.7396
-34.1962
-34.6528
-35.11
-35.568
-36.0273
-36.4883
-36.9512
-37.4165
-37.8844
-38.3551
-38.829
-39.3061
-39.7865
-40.2701
-40.757
-41.2468
-41.7391
-42.2334
-42.7291
-43.2252
-43.7207
-44.2144
-44.7049
-45.1907
-45.6701
-46.1414
-46.6029
-47.0529
-47.4897
-47.9117
-48.3177
-48.7064
-49.0771
-49.429
-49.7619
-50.0756
-50.3704
-50.6465
-50.9045
-51.1452
-51.3694
-51.578
-51.7719
-51.9523
-52.1201
-52.2762
-52.4217
-52.5574
-52.6843
-52.8032
-52.9148
-53.0198
-53.1189
-53.2126
-53.3016
-53.3864
-53.4672
-53.5447
-53.6191
-53.6908
-53.76
-53.8271
-53.8923
-53.9557
-54.0177
-54.0783
-54.1377
-54.1961
-54.2536
-54.3102
-54.3662
-54.4215
-54.4763
-54.5307
-54.5846
-54.6383
-54.6916
-54.7447
-54.7976
-54.8503
-54.9029
-54.9554
-55.0078
-55.0602
-55.1126
-55.1649
-55.2172
-55.2696
-55.322
-55.3744
-55.4269
-55.4794
-55.532
-55.5847
-55.6374
-55.6902
-55.7431
-55.7961
-55.8492
-55.9023
-55.9556
-56.0089
-56.0623
-56.1158
-56.1694
-56.2231
-56.2769
-56.3307
-56.3846
-56.4386
-56.4927
-56.5468
-56.6011
-56.6553
-56.7097
-56.7641
-56.8185
-56.8731
-56.9276
-56.9822
-57.0369
-57.0916
-57.1463
-57.2011
-57.2558
-57.3107
-57.3655
-57.4203
-57.4752
-57.5301
-57.585
-57.6398
-57.6947
-57.7496
-57.8045
-57.8593
-57.9141
-57.969
-58.0238
-58.0785
-58.1333
-58.188
-58.2427
-58.2973
-58.3519
-58.4064
-58.4609
-58.5153
-58.5697
-58.624
-58.6783
-58.7325
-58.7866
-58.8407
-58.8946
-58.9485
-59.0024
-59.0561
-59.1097
-59.0542
-58.9365
-58.7786
-58.5935
-58.3897
-58.1732
-57.9485
-57.7187
-57.4862
-57.2529
-57.0203
-56.7892
-56.5607
-56.3353
-56.1134
-55.8956
-55.6821
-55.4731
-55.2688
-55.0692
-54.8746
-54.6849
-54.5003
-54.3206
-54.1459
-53.9761
-53.8113
-53.6514
-53.4963
-53.3459
-53.2003
-53.0593
-52.9229
-52.7909
-52.6634
-52.5401
-52.4211
-52.3063
-52.1955
-52.0887
-51.9859
-51.8868
-51.7915
-51.6999
-51.6118
-51.5273
-51.4462
-51.3684
-51.294
-51.2228
-51.1547
-51.0898
-51.0278
-50.9689
-50.9128
-50.8596
-50.8092
-50.7615
-50.7166
-50.6742
-50.6345
-50.5973
-50.5626

