-65
-64.9994
-64.9988
-64.9982
-64.9977
-64.9971
-64.9965
-64.996
-64.9954
-64.9949
-64.9943
-64.9938
-64.9932
-64.9927
-64.9922
-64.9917
-64.9912
-64.9906
-64.9901
-64.9896
-64.9891
-64.9886
-64.9881
-64.9876
-64.9872
-64.9867
-64.9862
-64.9857
-64.9852
-64.9848
-64.9843
-64.9838
-64.9834
-64.9829
-64.9825
-64.982
-64.9816
-64.9811
-64.9807
-64.9802
-64.9798
-64.9794
-64.9789
-64.9785
-64.9781
-64.9777
-64.9772
-64.9768
-64.9764
-64.976
-64.9756
-64.9752
-64.9748
-64.9744
-64.974
-64.9736
-64.9732
-64.9728
-64.9725
-64.9721
-64.9717
-64.9713
-64.971
-64.9706
-64.9702
-64.9699
-64.9695
-64.9692
-64.9688
-64.9685
-64.9681
-64.9678
-64.9675
-64.9671
-64.9668
-64.9665
-64.9661
-64.9658
-64.9655
-64.9652
-64.9649
-64.9646
-64.9642
-64.9639
-64.9636
-64.9633
-64.963
-64.9628
-64.9625
-64.9622
-64.9619
-64.9616
-64.9613
-64.9611
-64.9608
-64.9605
-64.9603
-64.96
-64.9598
-64.9595
-64.9592
-64.959
-64.9588
-64.9585
-64.9583
-64.958
-64.9578
-64.9576
-64.9573
-64.9571
-64.9569
-64.9567
-64.9565
-64.9562
-64.956
-64.9558
-64.9556
-64.9554
-64.9552
-64.955
-64.9548
-64.9546
-64.9545
-64.9543
-64.9541
-64.9539
-64.9537
-64.9536
-64.9534
-64.9532
-64.9531
-64.9529
-64.9527
-64.9526
-64.9524
-64.9523
-64.9521
-64.952
-64.9519
-64.9517
-64.9516
-64.9514
-64.9513
-64.9512
-64.9511
-64.9509
-64.9508
-64.9507
-64.9506
-64.9505
-64.9504
-64.9503
-64.9502
-64.95
-64.9499
-64.9499
-64.9498
-64.9497
-64.9496
-64.9495
-64.9494
-64.9493
-64.9492
-64.9492
-64.9491
-64.949
-64.9489
-64.9489
-64.9488
-64.9487
-64.9487
-64.9486
-64.9486
-64.9485
-64.9485
-64.9484
-64.9484
-64.9483
-64.9483
-64.9482
-64.9482
-64.9482
-64.9481
-64.9481
-64.9481
-64.948
-64.948
-64.948
-64.948
-64.948
-64.9479
-64.9479
-64.9479
-64.9479
-64.9479
-64.9479
-64.9479
-64.9479
-64.9479
-64.9479
-64.9479
-64.9479
-64.9479
-64.9479
-64.9479
-64.9479
-64.9479
-64.9479
-64.948
-64.948
-64.948
-64.948
-64.9481
-64.9481
-64.9481
-64.9481
-64.9482
-64.9482
-64.9482
-64.9483
-64.9483
-64.9483
-64.9484
-64.9484
-64.9485
-64.9485
-64.9486
-64.9486
-64.9487
-64.9487
-64.9488
-64.9488
-64.9489
-64.9489
-64.949
-64.9491
-64.9491
-64.9492
-64.9492
-64.9493
-64.9494
-64.9494
-64.9495
-64.9496
-64.9497
-64.9497
-64.9498
-64.9499
-64.95
-64.95
-64.9501
-64.9502
-64.9503
-64.9504
-64.9504
-64.9505
-64.9506
-64.9507
-64.9508
-64.9509
-64.951
-64.951
-64.9511
-64.9512
-64.9513
-64.9514
-64.9515
-64.9516
-64.9517
-64.9518
-64.9519
-64.952
-64.9521
-64.9522
-64.9523
-64.9524
-64.9525
-64.9526
-64.9527
-64.9528
-64.9529
-64.953
-64.9532
-64.9533
-64.9534
-64.9535
-64.9536
-64.9537
-64.9538
-64.9539
-64.954
-64.9542
-64.9543
-64.9544
-64.9545
-64.9546
-64.9547
-64.9548
-64.955
-64.9551
-64.9552
-64.9553
-64.9554
-64.9556
-64.9557
-64.9558
-64.9559
-64.956
-64.9562
-64.9563
-64.9564
-64.9565
-64.9566
-64.9568
-64.9569
-64.957
-64.9571
-64.9573
-64.9574
-64.9575
-64.9576
-64.9578
-64.9579
-64.958
-64.9581
-64.9583
-64.9584
-64.9585
-64.9587
-64.9588
-64.9589
-64.959
-64.9592
-64.9593
-64.9594
-64.9595
-64.9597
-64.9598
-64.9599
-64.96
-64.9602
-64.9603
-64.9604
-64.9606
-64.9607
-64.9608
-64.9609
-64.9611
-64.9612
-64.9613
-64.9614
-64.9616
-64.9617
-64.9618
-64.962
-64.9621
-64.9622
-64.9623
-64.9625
-64.9626
-64.9627
-64.9628
-64.963
-64.9631
-64.9632
-64.9633
-64.9635
-64.9636
-64.9637
-64.9638
-64.964
-64.9641
-64.9642
-64.9643
-64.9645
-64.9646
-64.9647
-64.9648
-64.9649
-64.9651
-64.9652
-64.9653
-64.9654
-64.9655
-64.9657
-64.9658
-64.9659
-64.966
-64.9661
-64.9663
-64.9664
-64.9665
-64.9666
-64.9667
-64.9668
-64.967
-64.9671
-64.9672
-64.9673
-64.9674
-64.9675
-64.9677
-64.9678
-64.9679
-64.968
-64.9681
-64.9682
-64.9683
-64.9684
-64.9685
-64.9687
-64.9688
-64.9689
-64.969
-64.9691
-64.9692
-64.9693
-64.9694
-64.9695
-64.9696
-64.9697
-64.9698
-64.9699
-64.97
-64.9701
-64.9702
-64.9703
-64.9704
-64.9705
-64.9706
-64.9707
-64.9708
-64.9709
-64.971
-64.9711
-64.9712
-64.9713
-64.9714
-64.9715
-64.9716
-64.9717
-64.9718
-64.9719
-64.972
-64.9721
-64.9722
-64.9722
-64.9723
-64.9724
-64.9725
-64.9726
-64.9727
-64.9728
-64.9729
-64.9729
-64.973
-64.9731
-64.9732
-64.9733
-64.9734
-64.9734
-64.9735
-64.9736
-64.9737
-64.9738
-64.9738
-64.9739
-64.974
-64.9741
-64.9741
-64.9742
-64.9743
-64.9744
-64.9744
-64.9745
-64.9746
-64.9747
-64.9747
-64.9748
-64.9749
-64.9749
-64.975
-64.9751
-64.9751
-64.9752
-64.9753
-64.9753
-64.9754
-64.9755
-64.9755
-64.9756
-64.9757
-64.9757
-64.9758
-64.9758
-64.9759
-64.976
-64.976
-64.9761
-64.9761
-64.9762
-64.9762
-64.9763
-64.9764
-64.9764
-64.9765
-64.9765
-64.9766
-64.9766
-64.9767
-64.9767
-64.9768
-64.9768
-64.9769
-64.9769
-64.977
-64.977
-64.9771
-64.9771
-64.9771
-64.9772
-64.9772
-64.9773
-64.9773
-64.9774
-64.9774
-64.9774
-64.9775
-64.9775
-64.9776
-64.9776
-64.9776
-64.9777
-64.9777
-64.9778
-64.9778
-64.9778
-64.9779
-64.9779
-64.9779
-64.978
-64.978
-64.978
-64.9781
-64.9781
-64.9781
-64.9781
-64.9782
-64.9782
-64.9782
-64.9783
-64.9783
-64.9783
-64.9783
-64.9784
-64.9784
-64.9784
-64.9784
-64.9785
-64.9785
-64.9785
-64.9785
-64.9785
-64.9786
-64.9786
-64.9786
-64.9786
-64.9786
-64.9787
-64.9787
-64.9787
-64.9787
-64.9787
-64.9787
-64.9787
-64.9788
-64.9788
-64.9788
-64.9788
-64.9788
-64.9788
-64.9788
-64.9789
-64.9789
-64.9789
-64.9789
-64.9789
-64.9789
-64.9789
-64.9789
-64.9789
-64.9789
-64.9789
-64.9789
-64.9789
-64.979
-64.979
-64.979
-64.979
-64.979
-64.979
-64.979
-64.979
-64.979
-64.979
-64.979
-64.979
-64.979
-64.979
-64.979
-64.979
-64.979
-64.979
-64.979
-64.979
-64.979
-64.979
-64.979
-64.979
-64.979
-64.979
-64.979
-64.9789
-64.9789
-64.9789
-64.9789
-64.9789
-64.8443
-64.6221
-64.3354
-63.9987
-63.6223
-63.2142
-62.7805
-62.3264
-61.8558
-61.3722
-60.8783
-60.3761
-59.8676
-59.3543
-58.8373
-58.3176
-57.7961
-57.2733
-56.7497
-56.2257
-55.7014
-55.1769
-54.6523
-54.1274
-53.6019
-53.0756
-52.548
-52.0185
-51.4864
-50.951
-50.4113
-49.8663
-49.3147
-48.755
-48.1859
-47.6054
-47.0115
-46.402
-45.7743
-45.1255
-44.4524
-43.7513
-43.0181
-42.248
-41.4357
-40.5752
-39.6594
-38.6805
-37.6294
-36.4958
-35.268
-33.9324
-32.4739
-30.8752
-29.1171
-27.1783
-25.0357
-22.665
-20.0421
-17.1442
-13.9533
-10.4599
-6.66812
-2.60161
1.69091
6.13218
10.6172
15.0198
19.2053
23.047
26.4423
29.3248
31.67
33.492
34.835
35.7616
36.3411
36.6407
36.7195
36.6263
36.3995
36.068
35.6533
35.1711
34.6327
34.0466
33.419
32.7546
32.0574
31.3303
30.5762
29.7972
28.9955
28.1729
27.3313
26.4723
25.5975
24.7082
23.806
22.8921
21.9678
21.0343
20.0927
19.1442
18.1897
17.2303
16.2667
15.3
14.3309
13.3601
12.3883
11.4163
10.4446
9.47377
8.50439
7.53691
6.57179
5.60942
4.65018
3.6944
2.74239
1.79443
0.850749
-0.0884246
-1.0229
-1.95252
-2.87714
-3.79088
-4.69416
-5.58712
-6.46984
-7.34246
-8.20513
-9.05802
-9.90131
-10.7352
-11.5598
-12.3755
-13.1823
-13.9806
-14.7704
-15.552
-16.3257
-17.0916
-17.85
-18.6012
-19.3453
-20.0825
-20.8133
-21.5377
-22.2561
-22.9688
-23.6761
-24.3783
-25.0757
-25.7686
-26.4575
-27.1427
-27.8246
-28.5036
-29.1803
-29.855
-30.5283
-31.2007
-31.8727
-32.545
-33.2182
-33.8928
-34.5695
-35.2491
-35.9322
-36.6196
-37.3119
-38.0099
-38.7144
-39.426
-40.1456
-40.8736
-41.6108
-42.3575
-43.1143
-43.8813
-44.6585
-45.4459
-46.2429
-47.0487
-47.8622
-48.6818
-49.5054
-50.3305
-51.1541
-51.9726
-52.7821
-53.5783
-54.3568
-55.1127
-55.8417
-56.5395
-57.2022
-57.8266
-58.4101
-58.9511
-59.4487
-59.9029
-60.3144
-60.6845
-61.0152
-61.3089
-61.5683
-61.7962
-61.9954
-62.1689
-62.3195
-62.4497
-62.5621
-62.6589
-62.7421
-62.8136
-62.8751
-62.9279
-62.9734
-63.0126
-63.0465
-63.076
-63.1017
-63.1243
-63.1442
-63.1621
-63.1781
-63.1928
-63.2063
-63.2188
-63.2307
-63.242
-63.2529
-63.2636
-63.2741
-63.2845
-63.2949
-63.3054
-63.3159
-63.3267
-63.3376
-63.3487
-63.3601
-63.3717
-63.3836
-63.3958
-63.4083
-63.4212
-63.4343
-63.4477
-63.4615
-63.4756
-63.49
-63.5047
-63.5197
-63.5351
-63.5507
-63.5667
-63.5829
-63.5995
-63.6163
-63.6335
-63.6509
-63.6686
-63.6865
-63.7047
-63.7232
-63.7419
-63.7608
-63.78
-63.7995
-63.8191
-63.839
-63.8591
-63.8794
-63.8999
-63.9206
-63.9414
-63.9625
-63.9838
-64.0052
-64.0268
-64.0485
-64.0704
-64.0925
-64.1147
-64.137
-64.1595
-64.1821
-64.2048
-64.2277
-64.2506
-64.2737
-64.2969
-64.3201
-64.3435
-64.367
-64.3905
-64.4142
-64.4379
-64.4617
-64.4855
-64.5095
-64.5334
-64.5575
-64.5816
-64.6057
-64.6299
-64.6542
-64.6784
-64.7028
-64.7271
-64.7515
-64.7759
-64.8003
-64.8247
-64.8492
-64.8736
-64.8981
-64.9226
-64.947
-64.9715
-64.996
-65.0205
-65.0449
-65.0694
-65.0938
-65.1182
-65.1426
-65.167
-65.1913
-65.2157
-65.24
-65.2642
-65.2885
-65.3126
-65.3368
-65.3609
-65.385
-65.409
-65.433
-65.4569
-65.4808
-65.5046
-65.5284
-65.5521
-65.5757
-65.5993
-65.6229
-65.6463
-65.6697
-65.6931
-65.7163
-65.7395
-65.7627
-65.7857
-65.8087
-65.8316
-65.8544
-65.8772
-65.8998
-65.9224
-65.9449
-65.9673
-65.9897
-66.0119
-66.0341
-66.0561
-66.0781
-66.1
-66.1218
-66.1435
-66.1651
-66.1866
-66.208
-66.2294
-66.2506
-66.2717
-66.2927
-66.3136
-66.3345
-66.3552
-66.3758
-66.3963
-66.4167
-66.437
-66.4572
-66.4773
-66.4973
-66.5172
-66.5369
-66.5566
-66.5761
-66.5955
-66.6149
-66.6341
-66.6532
-66.6722
-66.691
-66.7098
-66.5964
-66.4016
-66.1501
-65.8572
-65.5334
-65.1867
-64.823
-64.4472
-64.0629
-63.6732
-63.2803
-62.8862
-62.4925
-62.1004
-61.7109
-61.3249
-60.9431
-60.5661
-60.1943
-59.8281
-59.4678
-59.1137
-58.766
-58.4248
-58.0903
-57.7625
-57.4414
-57.1272
-56.8197
-56.5189
-56.2249
-55.9375
-55.6566
-55.3822
-55.1142
-54.8524
-54.5967
-54.3471
-54.1032
-53.8651
-53.6325
-53.4053
-53.1834
-52.9666
-52.7546
-52.5475
-52.3449
-52.1467
-51.9528
-51.7631
-51.5772
-51.3952
-51.2167
-51.0417
-50.8701
-50.7015
-50.536
-50.3733
-50.2133
-50.0559
-49.9009
-49.7482
-49.5976
-49.4489
-49.3022
-49.1572
-49.0138
-48.8718
-48.7312
-48.5918
-48.4535
-48.3162
-48.1797
-48.0439
-47.9087
-47.774
-47.6397
-47.5055
-47.3715
-47.2374
-47.1032
-46.9686
-46.8337
-46.6982
-46.5619
-46.4249
-46.2868
-46.1476
-46.0071
-45.8652
-45.7215
-45.5761
-45.4287
-45.279
-45.127
-44.9723
-44.8148
-44.6543
-44.4903
-44.3228
-44.1514
-43.9758
-43.7958
-43.6108
-43.4207
-43.225
-43.0232
-42.8151
-42.5999
-42.3774
-42.1469
-41.9078
-41.6595
-41.4014
-41.1326
-40.8524
-40.5599
-40.2543
-39.9344
-39.5993
-39.2477
-38.8784
-38.49
-38.081
-37.6497
-37.1945
-36.7134
-36.2043
-35.6651
-35.0933
-34.4863
-33.8413
-33.1554
-32.4253
-31.6475
-30.8186
-29.9347
-28.9918
-27.986
-26.9132
-25.7693
-24.5505
-23.2534
-21.875
-20.4132
-18.8671
-17.2373
-15.5266
-13.7402
-11.8864
-9.97727
-8.02864
-6.06074
-4.09779
-2.16746
-0.299804
1.47439
3.12549
4.62702
5.95749
7.10162
8.05103
8.80401
9.36483
9.74258
9.9498
10.0011
9.91224
9.69876
9.37576
8.95724
8.45595
7.88328
7.2493
6.56284
5.83161
5.06229
4.26071
3.43193
2.58035
1.70983
0.823713
-0.0750426
-0.983857
-1.90046
-2.82285
-3.74927
-4.67817
-5.60818
-6.53811
-7.46689
-8.39361
-9.31745
-10.2377
-11.1538
-12.0652
-12.9715
-13.8722
-14.7671
-15.6559
-16.5384
-17.4145
-18.284
-19.1469
-20.0032
-20.8529
-21.6959
-22.5325
-23.3626
-24.1866
-25.0044
-25.8164
-26.6229
-27.4239
-28.22
-29.0113
-29.7983
-30.5814
-31.361
-32.1376
-32.9117
-33.6837
-34.4543
-35.224
-35.9936
-36.7635
-37.5345
-38.3073
-39.0827
-39.8613
-40.6439
-41.4313
-42.2242
-43.0234
-43.8297
-44.6437
-45.4661
-46.2976
-47.1387
-47.9898
-48.8514
-49.7235
-50.6062
-51.4994
-52.4025
-53.3149
-54.2356
-55.1631
-56.0957
-57.0311
-57.9669
-58.8998
-59.8264
-60.7428
-61.6447
-62.5277
-63.387
-64.2179
-65.0161
-65.7773
-66.4978
-67.1746
-67.8054
-68.389
-68.9246
-69.4127
-69.8545
-70.2516
-70.6065
-70.9219
-71.2009
-71.4465
-71.662
-71.8505
-72.0149
-72.1581
-72.2825
-72.3905
-72.4843
-72.5656
-72.6361
-72.6974
-72.7506
-72.7969
-72.8372
-72.8723
-72.903
-72.9299
-72.9535
-72.9743
-72.9926
-73.0088
-73.0231
-73.0359
-73.0473
-72.9193
-72.7103
-72.4486
-72.1511
-71.8293
-71.4912
-71.1427
-70.7885
-70.4317
-70.0749
-69.7201
-69.3687
-69.0218
-68.6803
-68.3448
-68.0158
-67.6936
-67.3785
-67.0706
-66.7701
-66.477
-66.1913
-65.913
-65.642
-65.3782
-65.1216
-64.8721
-64.6295
-64.3938
-64.1648
-63.9423
-63.7262
-63.5165
-63.3128
-63.1152
-62.9235
-62.7375
-62.5571
-62.3821
-62.2125
-62.0481
-61.8887
-61.7343
-61.5847
-61.4398
-61.2995
-61.1636
-61.0321
-60.9048
-60.7817
-60.6626
-60.5474
-60.4361
-60.3285
-60.2245
-60.1241
-60.0272
-59.9336
-59.8433
-59.7563
-59.6724
-59.5915
-59.5137
-59.4387
-59.3666
-59.2973
-59.2307
-59.1667
-59.1054
-59.0465
-58.9902
-58.9362
-58.8846
-58.8353
-58.7882
-58.7434
-58.7007
-58.6601
-58.6215
-58.585
-58.5504
-58.5177
-58.4869
-58.458
-58.4308
-58.4055
-58.3818
-58.3598
-58.3395
-58.3207
-58.3036
-58.288
-58.2739
-58.2613
-58.2501
-58.2403
-58.232
-58.225
-58.2193
-58.2149
-58.2118
-58.2099
-58.2093
-58.2099
-58.2116
-58.2145
-58.2185
-58.2236
-58.2297
-58.237
-58.2452
-58.2545
-58.2647
-58.2759
-58.2881
-58.3012
-58.3152
-58.33
-58.3457
-58.3623
-58.3797
-58.3979
-58.4169
-58.4367
-58.4573
-58.4785
-58.5005
-58.5232
-58.5466
-58.5707
-58.5954
-58.6207
-58.6467
-58.6733
-58.7005
-58.7282
-58.7566
-58.7854
-58.8149
-58.8448
-58.8752
-58.9062
-58.9376
-58.9695
-59.0019
-59.0347
-59.0679
-59.1015
-59.1356
-59.17
-59.2049
-59.2401
-59.2757
-59.3116
-59.3478
-59.3844
-59.4213
-59.4585
-59.496
-59.5338
-59.5719
-59.6102
-59.6488
-59.6876
-59.7267
-59.766
-59.8055
-59.8452
-59.8851
-59.9252
-59.9655
-60.006
-60.0466
-60.0874
-60.1284
-60.1695
-60.2107
-60.252
-60.2935
-60.3351
-60.3767
-60.4185
-60.4604
-60.5023
-60.5443
-60.5864
-60.6286
-60.6708
-60.7131
-60.7554
-60.7977
-60.8401
-60.8825
-60.9249
-60.9674
-61.0098
-61.0523
-61.0948
-61.1372
-61.1796
-61.2221
-61.2645
-61.3068
-61.3492
-61.3915
-61.4338
-61.476
-61.5182
-61.5603
-61.6024
-61.6444
-61.6863
-61.7282
-61.77
-61.8118
-61.8534
-61.895
-61.9365
-61.9779
-62.0192
-62.0604
-62.1015
-62.1425
-62.1834
-62.2242
-62.2648
-62.3054
-62.3459
-62.3862
-62.4264
-62.4665
-62.5064
-62.5463
-62.586
-62.6255
-62.6649
-62.7042
-62.7434
-62.7824
-62.8212
-62.86
-62.8985
-62.9369
-62.9752
-63.0133
-63.0513
-63.0891
-63.1267
-63.1642
-63.2015
-63.2387
-63.2757
-63.3125
-63.3492
-63.3857
-63.422
-63.4582
-63.4942
-63.53
-63.5656
-63.6011
-63.6364
-63.6715
-63.7064
-63.7412
-63.7757
-63.8101
-63.8443
-63.8784
-63.9122
-63.9459
-63.9794
-64.0127
-64.0458
-64.0787
-64.1115
-64.144
-64.1764
-64.2086
-64.2406
-64.2724
-64.304
-64.3355
-64.3667
-64.3977
-64.4286
-64.4593
-64.4898
-64.52
-64.5501
-64.5801
-64.6098
-64.6393
-64.6686
-64.6978
-64.7267
-64.7555
-64.784
-64.8124
-64.8406
-64.8686
-64.8964
-64.924
-64.9514
-64.9786
-65.0057
-65.0325
-65.0592
-65.0856
-65.1119
-65.138
-65.1639
-65.1896
-65.2151
-65.2404
-65.2655
-65.2905
-65.3152
-65.3398
-65.3642
-65.3883
-65.4123
-65.4361
-65.4598
-65.4832
-65.5065
-65.5295
-65.5524
-65.5751
-65.5976
-65.6199
-65.642
-65.664
-65.6858
-65.7073
-65.7287
-65.75
-65.771
-65.7919
-65.8125
-65.833
-65.8533
-65.8735
-65.8934
-65.9132
-65.9328
-65.9522
-65.9714
-65.9905
-66.0094
-66.0281
-66.0467
-66.065
-65.9487
-65.7466
-65.4825
-65.1714
-64.824
-64.4481
-64.0501
-63.6351
-63.2071
-62.7692
-62.3243
-61.8745
-61.4216
-60.9671
-60.5122
-60.058
-59.6053
-59.1549
-58.7074
-58.2633
-57.823
-57.3868
-56.955
-56.5279
-56.1056
-55.6881
-55.2756
-54.8681
-54.4654
-54.0676
-53.6745
-53.2861
-52.902
-52.5221
-52.1462
-51.774
-51.4051
-51.0392
-50.6759
-50.3148
-49.9556
-49.5976
-49.2404
-48.8835
-48.5262
-48.168
-47.8082
-47.446
-47.0809
-46.7118
-46.3381
-45.9587
-45.5727
-45.1791
-44.7767
-44.3643
-43.9406
-43.5043
-43.0536
-42.587
-42.1027
-41.5987
-41.0727
-40.5223
-39.9451
-39.338
-38.6978
-38.0211
-37.3041
-36.5423
-35.7311
-34.8654
-33.9393
-32.9467
-31.8808
-30.734
-29.4986
-28.1659
-26.7271
-25.173
-23.4944
-21.6824
-19.729
-17.6278
-15.3747
-12.9693
-10.4159
-7.72513
-4.91527
-2.01347
0.943621
3.91003
6.83194
9.65044
12.3057
14.7421
16.913
18.7852
20.3413
21.5795
22.5117
23.1604
23.5543
23.725
23.7042
23.5213
23.2023
22.77
22.2433
21.6378
20.9666
20.2401
19.467
18.6544
17.8084
16.9338
16.035
15.1156
14.1788
13.2275
12.264
11.2905
10.3092
9.3216
8.32944
7.3341
6.33688
5.33894
4.34134
3.34501
2.35079
1.35945
0.371659
-0.61199
-1.59096
-2.56479
-3.53307
-4.49545
-5.45161
-6.4013
-7.34431
-8.28045
-9.20957
-10.1316
-11.0464
-11.9539
-12.8541
-13.747
-14.6327
-15.5111
-16.3823
-17.2464
-18.1035
-18.9537
-19.7972
-20.6341
-21.4646
-22.2888
-23.1071
-23.9196
-24.7266
-25.5284
-26.3253
-27.1176
-27.9058
-28.6902
-29.4712
-30.2493
-31.025
-31.7988
-32.5713
-33.343
-34.1147
-34.8868
-35.6602
-36.4355
-37.2135
-37.995
-38.7808
-39.5717
-40.3686
-41.1722
-41.9836
-42.8034
-43.6326
-44.4718
-45.3219
-46.1834
-47.0569
-47.9428
-48.8412
-49.7522
-50.6754
-51.6104
-52.5562
-53.5114
-54.4743
-55.4424
-56.413
-57.3826
-58.3472
-59.3023
-60.243
-61.164
-62.0599
-62.9251
-63.7545
-64.5433
-65.2872
-65.983
-66.6282
-67.2216
-67.7629
-68.2528
-68.693
-69.0859
-69.4344
-69.7418
-70.0116
-70.2475
-70.4531
-70.6317
-70.7866
-70.9207
-71.0367
-71.1371
-71.224
-71.2993
-71.3646
-71.4213
-71.4708
-71.5141
-71.552
-71.5853
-71.6148
-71.641
-71.6644
-71.6853
-71.7041
-71.7212
-71.7368
-71.7511
-71.7642
-71.7763
-71.7877
-71.7982
-71.8082
-71.8176
-71.8265
-71.835
-71.8431
-71.8509
-71.8584
-71.8656
-71.8726
-71.8793
-71.8859
-71.8923
-71.8986
-71.9046
-71.9106
-71.9164
-71.9221
-71.9276
-71.9331
-71.9385
-71.9437
-71.9488
-71.9539
-71.9588
-71.9637
-71.9685
-71.9732
-71.9777
-71.9823
-71.9867
-71.991
-71.9952
-71.9994
-72.0035
-72.0075
-72.0114
-72.0152
-72.0189
-72.0225
-72.0261
-72.0296
-72.0329
-72.0362
-72.0394
-72.0426
-72.0456
-72.0485
-72.0514
-72.0541
-72.0568
-72.0594
-72.0619
-72.0643
-72.0666
-72.0688
-72.0709
-72.0729
-72.0749
-72.0767
-72.0785
-72.0801
-72.0817
-72.0831
-72.0845
-72.0858
-72.087
-72.088
-72.089
-72.0899
-72.0907
-72.0914
-72.092
-72.0925
-72.0929
-72.0932
-72.0934
-72.0935
-72.0935
-72.0934
-72.0933
-72.093
-72.0926
-72.0921
-72.0915
-72.0908
-72.09
-72.0892
-72.0882
-72.0871
-72.0859
-72.0846
-72.0832
-72.0818
-72.0802
-72.0785
-72.0767
-72.0748
-72.0729
-72.0708
-72.0686
-72.0663
-72.0639
-72.0615
-72.0589
-72.0562
-72.0534
-72.0505
-72.0476
-72.0445
-72.0413
-72.038
-72.0347
-72.0312
-72.0276
-72.024
-72.0202
-72.0163
-72.0124
-72.0083
-72.0042
-71.9999
-71.9955
-71.9911
-71.9866
-71.9819
-71.9772
-71.9723
-71.9674
-71.9624
-71.9573
-71.952
-71.9467
-71.9413
-71.9358
-71.9302
-71.9245
-71.9188
-71.9129
-71.9069
-71.9009
-71.8947
-71.8885
-71.8821
-71.8757
-71.8692
-71.8626
-71.8559
-71.8491
-71.8422
-71.8352
-71.8282
-71.821
-71.8138
-71.8065
-71.799
-71.7915
-71.784
-71.7763
-71.7685
-71.7607
-71.7527
-71.7447
-71.7366
-71.7284
-71.7202
-71.7118
-71.7034
-71.6949
-71.6863
-71.6776
-71.6688
-71.66
-71.651
-71.642
-71.6329
-71.6238
-71.6145
-71.6052
-71.5958
-71.5863
-71.5767
-71.5671
-71.5574
-71.5476
-71.5377
-71.5278
-71.5178
-71.5077
-71.4975
-71.4873
-71.477
-71.4666
-71.4561
-71.4456
-71.435
-71.4243
-71.4136
-71.4028
-71.3919
-71.3809
-71.3699
-71.3588
-71.3477
-71.3364
-71.3252
-71.3138
-71.3024
-71.2909
-71.2793
-71.2677
-71.2561
-71.2443
-71.2325
-71.2206
-71.2087
-71.1967
-71.1847
-71.1726
-71.1604
-71.1482
-71.1359
-71.1235
-71.1111
-71.0986
-71.0861
-71.0735
-71.0609
-71.0482
-71.0355
-71.0227
-71.0098
-70.9969
-70.984
-70.9709
-70.9579
-70.9448
-70.9316
-70.9184
-70.9051
-70.8918
-70.8784
-70.865
-70.8515
-70.838
-70.8245
-70.8109
-70.7972
-70.7835
-70.7698
-70.756
-70.7421
-70.7282
-70.7143
-70.7004
-70.6864
-70.6723
-70.6582
-70.6441
-70.6299
-70.6157
-70.6014
-70.5871
-70.5728
-70.5585
-70.544
-70.5296
-70.5151
-70.5006
-70.4861
-70.4715
-70.4568
-70.4422
-70.4275
-70.4128
-70.398
-70.3832
-70.3684
-70.3536
-70.3387
-70.3238
-70.3088
-70.2938
-70.2788
-70.2638
-70.2487
-70.2337
-70.2185
-70.2034
-70.1882
-70.173
-70.1578
-70.1426
-70.1273
-70.112
-70.0967
-70.0813
-70.066
-70.0506
-70.0352
-70.0197
-70.0043
-69.9888
-69.9733
-69.9578
-69.9423
-69.9267
-69.9112
-69.8956
-69.88
-69.8643
-69.8487
-69.833
-69.8174
-69.8017
-69.786
-69.7703
-69.7545
-69.7388
-69.723
-69.7073
-69.6915
-69.6757
-69.6599
-69.644
-69.6282
-69.6124
-69.5965
-69.5807
-69.5648
-69.5489
-69.533
-69.5171
-69.5012
-69.4853
-69.4694
-69.4534
-69.4375
-69.4216
-69.4056
-69.3897
-69.3737
-69.3577
-69.3418
-69.3258
-69.3098
-69.2939
-69.2779
-69.2619
-69.2459
-69.2299
-69.2139
-69.198
-69.182
-69.166
-69.15
-69.134
-69.118
-69.102
-69.086
-69.0701
-69.0541
-69.0381
-69.0221
-69.0061
-68.9902
-68.9742
-68.9583
-68.9423
-68.9263
-68.9104
-68.8945
-68.8785
-68.8626
-68.8467
-68.8307
-68.8148
-68.7989
-68.783
-68.7671
-68.7513
-68.7354
-68.7195
-68.7037
-68.6878
-68.672
-68.6562
-68.6403
-68.6245
-68.6087
-68.5929
-68.5772
-68.5614
-68.5457
-68.5299
-68.5142
-68.4985
-68.4828
-68.4671
-68.4514
-68.4358
-68.4201
-68.4045
-68.3889
-68.3732
-68.3577
-68.3421
-68.3265
-68.311
-68.2955
-68.2799
-68.2644
-68.249
-68.2335
-68.2181
-68.2026
-68.1872
-68.1718
-68.1564
-68.1411
-68.1257
-68.1104
-68.0951
-68.0798
-68.0646
-68.0493
-68.0341
-68.0189
-68.0037
-67.9885
-67.9734
-67.9583
-67.9432
-67.9281
-67.913
-67.898
-67.883
-67.868
-67.7126
-67.4661
-67.1528
-66.7879
-66.3821
-65.944
-65.4801
-64.9957
-64.4952
-63.9822
-63.4594
-62.9293
-62.3938
-61.8548
-61.3134
-60.7708
-60.2281
-59.6859
-59.145
-58.6059
-58.0689
-57.5344
-57.0027
-56.4738
-55.9479
-55.4248
-54.9045
-54.3868
-53.8715
-53.3583
-52.8466
-52.336
-51.8259
-51.3156
-50.8043
-50.2912
-49.7752
-49.2553
-48.7301
-48.1983
-47.6582
-47.1083
-46.5466
-45.9709
-45.3788
-44.7678
-44.1348
-43.4765
-42.7892
-42.0687
-41.3103
-40.5088
-39.658
-38.7513
-37.7809
-36.738
-35.6127
-34.3939
-33.0688
-31.6233
-30.0412
-28.3051
-26.3958
-24.2928
-21.9751
-19.4221
-16.6155
-13.5414
-10.1942
-6.58046
-2.72354
1.33189
5.51754
9.74222
13.8969
17.8645
21.5323
24.8058
27.619
29.9405
31.7732
33.1483
34.1164
34.7375
35.0724
35.177
35.0991
34.8773
34.5419
34.1158
33.6162
33.0557
32.4439
31.7879
31.0934
30.3648
29.6055
28.8188
28.0072
27.1731
26.3186
25.4456
24.5559
23.6512
22.7331
21.803
20.8624
19.9126
18.9548
17.9901
17.0198
16.0448
15.0661
14.0846
13.1012
12.1166
11.1316
10.1468
9.16303
8.1807
7.20039
6.2226
5.24778
4.27632
3.3086
2.34496
1.38568
0.43103
-0.51875
-1.46346
-2.40292
-3.33698
-4.26551
-5.18842
-6.1056
-7.01701
-7.92258
-8.82229
-9.71615
-10.6041
-11.4863
-12.3626
-13.2332
-14.0981
-14.9574
-15.8111
-16.6595
-17.5025
-18.3404
-19.1733
-20.0014
-20.8248
-21.6438
-22.4586
-23.2695
-24.0767
-24.8806
-25.6815
-26.4797
-27.2758
-28.07
-28.8629
-29.655
-30.4469
-31.2391
-32.0323
-32.8272
-33.6245
-34.4249
-35.2294
-36.0388
-36.854
-37.676
-38.5057
-39.3443
-40.1926
-41.0519
-41.9232
-42.8074
-43.7057
-44.6189
-45.5479
-46.4934
-47.4558
-48.4355
-49.4323
-50.4458
-51.4751
-52.5188
-53.5748
-54.6403
-55.7117
-56.7848
-57.8544
-58.9146
-59.959
-60.9806
-61.9722
-62.9266
-63.837
-64.6975
-65.5029
-66.2495
-66.9349
-67.5581
-68.1198
-68.6216
-69.0663
-69.4577
-69.7998
-70.0973
-70.3546
-70.5764
-70.7669
-70.9301
-71.0697
-71.1891
-71.2911
-71.3783
-71.4529
-71.5169
-71.5718
-71.6192
-71.6601
-71.6956
-71.7265
-71.7536
-71.7775
-71.7986
-71.8174
-71.8342
-71.8494
-71.8632
-71.8757
-71.8873
-71.898
-71.9079
-71.9172
-71.926
-71.9343
-71.9421
-71.9496
-71.9568
-71.9638
-71.9705
-71.9769
-71.9832
-71.9893
-71.9953
-72.0011
-72.0068
-72.0123
-72.0178
-72.0231
-72.0284
-72.0336
-72.0386
-72.0436
-72.0485
-72.0533
-72.0581
-72.0627
-72.0673
-72.0718
-72.0763
-72.0806
-72.0849
-72.0891
-72.0933
-72.0973
-72.1013
-72.1052
-72.1091
-72.1129
-72.1165
-72.1202
-72.1237
-72.1272
-72.1306
-72.1339
-72.1371
-72.1403
-72.1433
-72.1463
-72.1492
-72.1521
-72.1548
-72.1575
-72.1601
-72.1626
-72.165
-72.1673
-72.1696
-72.1718
-72.1738
-72.1758
-72.1777
-72.1796
-72.1813
-72.1829
-72.1845
-72.1859
-72.1873
-72.1886
-72.1898
-72.1909
-72.1919
-72.1928
-72.1936
-72.1944
-72.195
-72.1956
-72.196
-72.1964
-72.1967
-72.1968
-72.1969
-72.1969
-72.1968
-72.1966
-72.1963
-72.1959
-72.1954
-72.1948
-72.1941
-72.1933
-72.1925
-72.1915
-72.1904
-72.1893
-72.188
-72.1866
-72.1852
-72.1836
-72.182
-72.1802
-72.1784
-72.1764
-72.1744
-72.1722
-72.17
-72.1677
-72.1652
-72.1627
-72.1601
-72.1574
-72.1545
-72.1516
-72.1486
-72.1455
-72.1423
-72.139
-72.1356
-72.1321
-72.1285
-72.1248
-72.121
-72.1171
-72.1131
-72.109
-72.1048
-72.1006
-72.0962
-72.0917
-72.0872
-72.0825
-72.0778
-72.0729
-72.068
-72.0629
-72.0578
-72.0526
-72.0473
-72.0419
-72.0363
-72.0307
-72.0251
-72.0193
-72.0134
-72.0074
-72.0014
-71.9952
-71.989
-71.9826
-71.9762
-71.9697
-71.9631
-71.9564
-71.9496
-71.9427
-71.9357
-71.9287
-71.9215
-71.9143
-71.9069
-71.8995
-71.892
-71.8845
-71.8768
-71.869
-71.8612
-71.8532
-71.8452
-71.8371
-71.8289
-71.8207
-71.8123
-71.8039
-71.7954
-71.7868
-71.7781
-71.7693
-71.7605
-71.7515
-71.7425
-71.7334
-71.7243
-71.715
-71.7057
-71.6963
-71.6868
-71.6772
-71.6676
-71.6579
-71.6481
-71.6382
-71.6282
-71.6182
-71.6081
-71.5979
-71.5877
-71.5774
-71.567
-71.5565
-71.546
-71.5353
-71.5247
-71.5139
-71.5031
-71.4922
-71.4812
-71.4702
-71.4591
-71.4479
-71.4367
-71.4254
-71.414
-71.4025
-71.391
-71.3795
-71.3678
-71.3561
-71.3443
-71.3325
-71.3206
-71.3087
-71.2966
-71.2846
-71.2724
-71.2602
-71.2479
-71.2356
-71.2232
-71.2108
-71.1983
-71.1857
-71.1731
-71.1604
-71.1477
-71.1349
-71.1221
-71.1092
-71.0962
-71.0832
-71.0701
-71.057
-71.0439
-71.0306
-71.0174
-71.004
-70.9907
-70.9772
-70.9638
-70.9502
-70.9367
-70.923
-70.9094
-70.8957
-70.8819
-70.8681
-70.8542
-70.8403
-70.8264
-70.8124
-70.7983
-70.7843
-70.7701
-70.756
-70.7418
-70.7275
-70.7132
-70.6989
-70.6845
-70.6701
-70.6557
-70.6412
-70.6266
-70.6121
-70.5975
-70.5828
-70.5682
-70.5534
-70.5387
-70.5239
-70.5091
-70.4942
-70.4794
-70.4644
-70.4495
-70.4345
-70.4195
-70.4044
-70.3894
-70.3743
-70.3591
-70.344
-70.3288
-70.3135
-70.2983
-70.283
-70.2677
-70.2524
-70.237
-70.2216
-70.2062
-70.1908
-70.1753
-70.1598
-70.1443
-70.1288
-70.1132
-70.0977
-70.0821
-70.0664
-70.0508
-70.0351
-70.0195
-70.0038
-69.988
-69.9723
-69.9565
-69.9408
-69.925
-69.9092
-69.8933
-69.8775
-69.8616
-69.8458
-69.8299
-69.814
-69.7981
-69.7821
-69.7662
-69.7502
-69.7343
-69.7183
-69.7023
-69.6863
-69.6703
-69.6542
-69.6382
-69.6222
-69.6061
-69.59
-69.574
-69.5579
-69.5418
-69.5257
-69.5096
-69.4935
-69.4774
-69.4613
-69.4451
-69.429
-69.4129
-69.3967
-69.3806
-69.3645
-69.3483
-69.3321
-69.316
-69.2998
-69.2837
-69.2675
-69.2514
-69.2352
-69.219
-69.2029
-69.1867
-69.1705
-69.1544
-69.1382
-69.1221
-69.1059
-69.0897
-69.0736
-69.0574
-69.0413
-69.0252
-69.009
-68.9929
-68.9768
-68.9606
-68.9445
-68.9284
-68.9123
-68.8962
-68.8801
-68.864
-68.8479
-68.8319
-68.8158
-68.7997
-68.7837
-68.7676
-68.7516
-68.7356
-68.7196
-68.7036
-68.6876
-68.6716
-68.6556
-68.6397
-68.6237
-68.6078
-68.5918
-68.5759
-68.56
-68.5441
-68.5282
-68.5124
-68.4965
-68.4807
-68.4649
-68.4491
-68.4333
-68.4175
-68.4017
-68.386
-68.3702
-68.2131
-67.9644
-67.6486
-67.2809
-66.8724
-66.4314
-65.9647
-65.4775
-64.9744
-64.4588
-63.9337
-63.4015
-62.8641
-62.3233
-61.7805
-61.2368
-60.6932
-60.1504
-59.6093
-59.0702
-58.5338
-58.0002
-57.4698
-56.9428
-56.4192
-55.8991
-55.3823
-54.8689
-54.3585
-53.8509
-53.3458
-52.8427
-52.3411
-51.8404
-51.34
-50.8391
-50.3369
-49.8323
-49.3242
-48.8116
-48.293
-47.767
-47.2319
-46.6859
-46.127
-45.553
-44.9614
-44.3494
-43.7139
-43.0515
-42.3584
-41.63
-40.8617
-40.0478
-39.1821
-38.2576
-37.2663
-36.1991
-35.0458
-33.7948
-32.4331
-30.9461
-29.3176
-27.5298
-25.5637
-23.399
-21.0156
-18.3942
-15.5186
-12.3784
-8.9725
-5.31314
-1.43063
2.62342
6.77454
10.9276
14.9733
18.7983
22.298
25.3885
28.0157
30.1591
31.8298
33.0641
33.9143
34.4393
34.6974
34.7411
34.6147
34.3539
33.9864
33.5333
33.0104
32.4293
31.799
31.1263
30.4163
29.6734
28.901
28.1021
27.2793
26.4349
25.571
24.6894
23.792
22.8804
21.9562
21.0208
20.0757
19.122
18.161
17.1939
16.2217
15.2454
14.266
13.2843
12.3011
11.3174
10.3336
9.35049
8.36868
7.38871
6.41108
5.43626
4.46467
3.49669
2.53266
1.5729
0.617684
-0.332753
-1.27819
-2.21845
-3.15336
-4.08279
-5.00663
-5.92479
-6.83719
-7.7438
-8.64456
-9.53948
-10.4285
-11.3117
-12.1891
-13.0608
-13.9267
-14.787
-15.6418
-16.4911
-17.3351
-18.1739
-19.0077
-19.8366
-20.6609
-21.4806
-22.2961
-23.1076
-23.9154
-24.7198
-25.5211
-26.3196
-27.1158
-27.9102
-28.703
-29.495
-30.2865
-31.0782
-31.8707
-32.6648
-33.461
-34.2602
-35.0632
-35.8709
-36.6841
-37.5038
-38.331
-39.1667
-40.0119
-40.8677
-41.7352
-42.6154
-43.5092
-44.4178
-45.3418
-46.2821
-47.2392
-48.2133
-49.2047
-50.2128
-51.2369
-52.2758
-53.3275
-54.3895
-55.4586
-56.5305
-57.6004
-58.6627
-59.7111
-60.7388
-61.7385
-62.7032
-63.6259
-64.5005
-65.3215
-66.0848
-66.7876
-67.4285
-68.0076
-68.5263
-68.9872
-69.3937
-69.7497
-70.0598
-70.3284
-70.5602
-70.7594
-70.9303
-71.0766
-71.2016
-71.3085
-71.3998
-71.4779
-71.5448
-71.6023
-71.6517
-71.6944
-71.7313
-71.7635
-71.7916
-71.8163
-71.8381
-71.8575
-71.8748
-71.8904
-71.9045
-71.9173
-71.9291
-71.9399
-71.95
-71.9594
-71.9682
-71.9765
-71.9844
-71.9919
-71.9991
-72.0061
-72.0127
-72.0192
-72.0254
-72.0314
-72.0373
-72.0431
-72.0487
-72.0542
-72.0596
-72.0649
-72.07
-72.0751
-72.0801
-72.085
-72.0898
-72.0945
-72.0992
-72.1038
-72.1083
-72.1127
-72.117
-72.1213
-72.1255
-72.1296
-72.1337
-72.1376
-72.1415
-72.1453
-72.1491
-72.1528
-72.1564
-72.1599
-72.1633
-72.1667
-72.17
-72.1732
-72.1763
-72.0403
-71.8218
-71.5483
-71.2366
-70.898
-70.5407
-70.1711
-69.7936
-69.412
-69.0289
-68.6466
-68.2667
-67.8905
-67.5191
-67.1532
-66.7934
-66.4403
-66.0942
-65.7553
-65.4239
-65.1001
-64.784
-64.4756
-64.1749
-63.8819
-63.5966
-63.3188
-63.0486
-62.7857
-62.5302
-62.2818
-62.0405
-61.8061
-61.5784
-61.3575
-61.143
-60.9349
-60.7331
-60.5373
-60.3475
-60.1635
-59.9852
-59.8124
-59.6449
-59.4828
-59.3258
-59.1738
-59.0267
-58.8843
-58.7466
-58.6134
-58.4846
-58.3601
-58.2398
-58.1236
-58.0114
-57.903
-57.7984
-57.6976
-57.6003
-57.5065
-57.4162
-57.3292
-57.2455
-57.1649
-57.0875
-57.0131
-56.9416
-56.8731
-56.8074
-56.7444
-56.6842
-56.6266
-56.5715
-56.5191
-56.469
-56.4214
-56.3762
-56.3333
-56.2926
-56.2542
-56.2179
-56.1838
-56.1518
-56.1218
-56.0938
-56.0678
-56.0437
-56.0215
-56.0012
-55.9827
-55.966
-55.951
-55.9378
-55.9262
-55.9163
-55.908
-55.9014
-55.8963
-55.8927
-55.8906
-55.8901
-55.891
-55.8933
-55.8971
-55.9022
-55.9087
-55.9166
-55.9257
-55.9361
-55.9479
-55.9608
-55.975
-55.9904
-56.0069
-56.0246
-56.0435
-56.0635
-56.0845
-56.1066
-56.1298
-56.1541
-56.1793
-56.2055
-56.2327
-56.2609
-56.29
-56.32
-56.3509
-56.3827
-56.4153
-56.4488
-56.4832
-56.5183
-56.5542
-56.591
-56.6284
-56.6666
-56.7055
-56.7451
-56.7854
-56.8264
-56.868
-56.9103
-56.9531
-56.9966
-57.0407
-57.0853
-57.1305
-57.1762
-57.2224
-57.2691
-57.3164
-57.364
-57.4122
-57.4608
-57.5098
-57.5592
-57.609
-57.6592
-57.7098
-57.7607
-57.812
-57.8636
-57.9155
-57.9677
-58.0201
-58.0729
-58.1259
-58.1791
-58.2326
-58.2863
-58.3402
-58.3942
-58.4485
-58.5029
-58.5575
-58.6122
-58.6671
-58.7221
-58.7772
-58.8324
-58.8876
-58.943
-58.9984
-59.0539
-59.1095
-59.165
-59.2206
-59.2762
-59.3319
-59.3875
-59.4431
-59.4987
-59.5543
-59.6099
-59.6654
-59.7208
-59.7762
-59.8316
-59.8868
-59.942
-59.9971
-60.0521
-60.107
-60.1618
-60.2165
-60.2711
-60.3256
-60.3799
-60.4341
-60.4882
-60.5421
-60.5958
-60.6494
-60.7029
-60.7562
-60.8093
-60.8622
-60.915
-60.9676
-61.02
-61.0722
-61.1242
-61.176
-61.2276
-61.2791
-61.3303
-61.3813
-61.4321
-61.4826
-61.533
-61.5831
-61.633
-61.6827
-61.7322
-61.7814
-61.8304
-61.8792
-61.9277
-61.976
-62.0241
-62.0719
-62.1195
-62.1668
-62.2139
-62.2607
-62.3073
-62.3536
-62.3997
-62.4456
-62.4912
-62.5365
-62.5816
-62.6264
-62.671
-62.7153
-62.7593
-62.8031
-62.8467
-62.8899
-62.933
-62.9757
-63.0182
-63.0605
-63.1024
-63.1442
-63.1856
-63.2268
-63.2677
-63.3084
-63.3488
-63.389
-63.4289
-63.4685
-63.5079
-63.547
-63.5858
-63.6244
-63.6628
-63.7008
-63.7386
-63.7762
-63.8135
-63.8505
-63.8873
-63.9238
-63.9601
-63.9961
-64.0319
-64.0673
-64.1026
-64.1376
-64.1723
-64.2068
-64.241
-64.275
-64.3087
-64.3422
-64.3754
-64.4083
-64.4411
-64.4735
-64.5058
-64.5377
-64.5695
-64.601
-64.6322
-64.6632
-64.694
-64.7245
-64.7547
-64.7848
-64.8146
-64.8441
-64.8734
-64.9025
-64.9313
-64.9599
-64.9883
-65.0164
-65.0443
-65.072
-65.0994
-65.1266
-65.1536
-65.1803
-65.2069
-65.2331
-65.2592
-65.285
-65.3106
-65.336
-65.3612
-65.3861
-65.4108
-65.4353
-65.4596
-65.4837
-65.5075
-65.5312
-65.5546
-65.5778
-65.6007
-65.6235
-65.6461
-65.6684
-65.6906
-65.7125
-65.7342
-65.7557
-65.777
-65.7981
-65.819
-65.8397
-65.8602
-65.8805
-65.9006
-65.9205
-65.9401
-65.9596
-65.9789
-65.998
-66.0169
-66.0356
-66.0541
-66.0725
-66.0906
-66.1085
-66.1263
-66.1438
-66.1612
-66.1784
-66.1954
-66.2122
-66.2288
-66.2453
-66.2616
-66.2776
-66.2935
-66.3093
-66.3248
-66.3402
-66.3554
-66.3704
-66.3852
-66.3999
-66.4144
-66.4287
-66.4428
-66.4568
-66.4706
-66.4843
-66.4977
-66.511
-66.5242
-66.5372
-66.55
-66.5626
-66.5751
-66.5874
-66.5996
-66.6116
-66.6234
-66.6351
-66.6466
-66.658
-66.6692
-66.6803
-66.6912
-66.7019
-66.7125
-66.723
-66.7333
-66.7434
-66.7535
-66.7633
-66.773
-66.7826
-66.792
-66.8013
-66.8104
-66.8194
-66.8282
-66.837
-66.8455
-66.854
-66.8622
-66.8704
-66.8784
-66.8863
-66.894
-66.9016
-66.9091
-66.9165
-66.9237
-66.9308
-66.9377
-66.9445
-66.9512
-66.9578
-66.9642
-66.9706
-66.9767
-66.9828
-66.9887
-66.9946
-67.0003
-67.0058
-67.0113
-67.0166
-67.0218
-67.0269
-67.0319
-67.0368
-67.0415
-67.0461
-67.0506
-67.0551
-67.0593
-67.0635
-67.0676
-67.0715
-67.0754
-67.0791
-67.0827
-67.0863
-67.0897
-67.093
-67.0962
-67.0993
-67.1022
-67.1051
-67.1079
-67.1106
-67.1132
-67.1157
-67.118
-67.1203
-67.1225
-67.1246
-67.1266
-67.1284
-67.1302
-67.1319
-67.1335
-67.1351
-67.1365
-67.1378
-67.139
-67.1402
-67.1412
-67.1422
-67.1431
-67.1439
-67.1446
-67.1452
-67.1457
-67.1461
-67.1465
-67.1468
-67.1469
-67.1471
-67.1471
-67.147
-67.1469
-67.1467
-67.1464
-67.146
-67.1455
-67.145
-67.1444
-67.1437
-67.1429
-67.1421
-67.1411
-67.1402
-67.1391
-67.138
-67.1367
-67.1355
-67.1341
-67.1327
-67.1312
-67.1296
-67.128
-67.1263
-67.1245
-67.1227
-67.1208
-67.1188
-67.1168
-67.1147
-67.1125
-67.1103
-67.108
-67.1057
-67.1033
-67.1008
-67.0983
-67.0957
-67.093
-67.0903
-67.0875
-67.0847
-67.0818
-67.0789
-67.0759
-67.0728
-67.0697
-67.0665
-67.0633
-67.06
-67.0567
-67.0533
-67.0499
-67.0464
-67.0429
-67.0393
-67.0357
-67.032
-67.0283
-67.0245
-67.0207
-67.0168
-67.0129
-67.0089
-67.0049
-67.0008
-66.9967
-66.9925
-66.9884
-66.9841
-66.9798
-66.9755
-66.9711
-66.9667
-66.9623
-66.9578
-66.9533
-66.9487
-66.9441
-66.9394
-66.9348
-66.93
-66.9253
-66.9205
-66.9156
-66.9108
-66.9058
-66.9009
-66.8959
-66.8909
-66.8859
-66.8808
-66.8757
-66.8705
-66.8653
-66.8601
-66.8549
-66.8496
-66.8443
-66.8389
-66.8336
-66.8282
-66.8227
-66.8173
-66.8118
-66.8063
-66.8007
-66.7952
-66.7896
-66.7839
-66.7783
-66.7726
-66.7669
-66.7612
-66.7554
-66.7496
-66.7438
-66.738
-66.7322
-66.7263
-66.7204
-66.7145
-66.7085
-66.7026
-66.6966
-66.6906
-66.6846
-66.6785
-66.6725
-66.6664
-66.6603
-66.6542
-66.6481
-66.6419
-66.6357
-66.6296
-66.6233
-66.6171
-66.6109
-66.6046
-66.5984
-66.5921
-66.5858
-66.5795
-66.5732
-66.5668
-66.5605
-66.5541
-66.5477
-66.5414
-66.535
-66.5285
-66.5221
-66.5157
-66.5093
-66.5028
-66.4963
-66.4899
-66.4834
-66.4769
-66.4704
-66.4639
-66.4574
-66.4508
-66.4443
-66.4378
-66.4312
-66.4246
-66.4181
-66.4115
-66.4049
-66.3983
-66.3918
-66.3852
-66.3786
-66.3719
-66.3653
-66.3587
-66.3521
-66.3455
-66.3388
-66.3322
-66.3256
-66.3189
-66.3123
-66.3056
-66.299
-66.2923
-66.2857
-66.279
-66.2723
-66.1285
-65.8957
-65.5974
-65.2486
-64.8597
-64.4389
-63.9926
-63.5261
-63.0434
-62.548
-62.0428
-61.5299
-61.0114
-60.4887
-59.9632
-59.436
-58.9078
-58.3796
-57.8517
-57.3247
-56.685
-55.9777
-55.2248
-54.4401
-53.6331
-52.8107
-51.978
-51.1386
-50.2949
-49.4485
-48.6001
-47.7498
-46.8968
-46.04
-45.1776
-44.3075
-43.4268
-42.5322
-41.6199
-40.6854
-39.7237
-38.7289
-37.6945
-36.6134
-35.4772
-34.2767
-33.0018
-31.6409
-30.1815
-28.6097
-26.9104
-25.0677
-23.0648
-20.8847
-18.5113
-15.9305
-13.1321
-10.1122
-6.87588
-3.44057
0.161334
3.88066
7.65156
11.3941
15.0197
18.4382
21.5666
24.3377
26.706
28.652
30.1813
31.3212
32.1138
32.6088
32.8569
32.9048
32.793
32.5542
32.2143
31.7934
31.3062
30.764
30.1754
29.5467
28.8831
28.1886
27.4666
26.7198
25.9508
25.1616
24.3544
23.5308
22.6925
21.8411
20.978
20.1046
19.2221
18.3317
17.4345
16.5316
15.6239
14.7125
13.7981
12.8815
11.9636
11.045
10.1264
9.20842
8.29155
7.37636
6.46332
5.55287
4.6454
3.74129
2.84087
1.94443
1.05225
0.164573
-0.718395
-1.59646
-2.46945
-3.33723
-4.19967
-5.05666
-5.90811
-6.75397
-7.59416
-8.42867
-9.25744
-10.0805
-10.8978
-11.7094
-12.5153
-13.3155
-14.1101
-14.8991
-15.6827
-16.4608
-17.2336
-18.0013
-18.7638
-19.5213
-20.274
-21.022
-21.7655
-22.5048
-23.2399
-23.9711
-24.6988
-25.423
-26.1442
-26.8627
-27.5787
-28.2927
-29.0051
-29.7162
-30.4266
-31.1368
-31.8472
-32.5584
-33.271
-33.9856
-34.7029
-35.4236
-36.1484
-36.878
-37.6132
-38.3547
-39.1035
-39.8602
-40.6257
-41.4008
-42.1861
-42.9823
-43.79
-44.6096
-45.4415
-46.2858
-47.1422
-48.0105
-48.8896
-49.7785
-50.6755
-51.5783
-52.4842
-53.3899
-54.2915
-55.1846
-56.0643
-56.9255
-57.7629
-58.5712
-59.3455
-60.0812
-60.7745
-61.4226
-62.0233
-62.5757
-63.0798
-63.5365
-63.9474
-64.315
-64.6421
-64.9317
-65.1872
-65.412
-65.6093
-65.7824
-65.934
-66.067
-66.1838
-66.2866
-66.3774
-66.4578
-66.5294
-66.5934
-66.651
-66.7031
-66.7506
-66.7941
-66.8343
-66.8716
-66.9066
-66.9394
-66.9706
-67.0002
-67.0286
-67.0559
-67.0823
-67.1079
-67.1328
-67.1572
-67.1811
-67.2045
-67.2276
-67.2503
-67.2728
-67.295
-67.317
-67.3388
-67.3605
-67.382
-67.4034
-67.4246
-67.4458
-67.4668
-67.4877
-67.5086
-67.5294
-67.5501
-67.5707
-67.5912
-67.6117
-67.6321
-67.6524
-67.6727
-67.6929
-67.713
-67.7331
-67.7531
-67.773
-67.7929
-67.8127
-67.8324
-67.852
-67.8716
-67.8911
-67.9106
-67.9299
-67.9492
-67.9684
-67.9876
-68.0066
-68.0256
-68.0445
-68.0633
-68.0821
-68.1007
-68.1193
-68.1377
-68.1561
-68.1744
-68.1926
-68.2108
-68.2288
-68.2467
-68.2646
-68.2823
-68.3
-68.3175
-68.335
-68.3523
-68.3696
-68.3867
-68.4038
-68.4208
-68.4376
-68.4543
-68.471
-68.4875
-68.504
-68.5203
-68.5365
-68.5526
-68.5686
-68.5845
-68.6002
-68.6159
-68.6315
-68.6469
-68.6622
-68.6774
-68.6925
-68.7075
-68.7224
-68.7371
-68.7518
-68.7663
-68.7807
-68.795
-68.8092
-68.8232
-68.8371
-68.8509
-68.8646
-68.8782
-68.8917
-68.905
-68.9182
-68.9313
-68.9443
-68.9571
-68.9698
-68.9825
-68.9949
-69.0073
-69.0195
-69.0317
-69.0436
-69.0555
-69.0673
-69.0789
-69.0904
-69.1018
-69.113
-69.1242
-69.1352
-69.146
-69.1568
-69.1674
-69.178
-69.1883
-69.1986
-69.2088
-69.2188
-69.2287
-69.2384
-69.2481
-69.2576
-69.267
-69.2763
-69.2855
-69.2945
-69.3034
-69.3122
-69.3208
-69.3294
-69.3378
-69.3461
-69.3543
-69.3623
-69.3702
-69.378
-69.3857
-69.3933
-69.4007
-69.4081
-69.4153
-69.4223
-69.4293
-69.4361
-69.3042
-69.0861
-68.8076
-68.3486
-67.7746
-67.1209
-66.411
-65.662
-64.887
-64.096
-63.2969
-62.4959
-61.6978
-60.9064
-60.1246
-59.3548
-58.5987
-57.8576
-57.1325
-56.4242
-55.7329
-55.0591
-54.4027
-53.7638
-53.1421
-52.5374
-51.9492
-51.3772
-50.8208
-50.2795
-49.7525
-49.2392
-48.739
-48.251
-47.7744
-47.3085
-46.8523
-46.4052
-45.9661
-45.5342
-45.1087
-44.6885
-44.2729
-43.8609
-43.4516
-43.044
-42.6372
-42.2303
-41.8223
-41.4123
-40.9993
-40.5822
-40.1602
-39.7321
-39.2969
-38.8535
-38.4008
-37.9376
-37.4629
-36.9752
-36.4734
-35.9562
-35.4221
-34.8697
-34.2975
-33.7041
-33.0876
-32.4466
-31.7793
-31.0838
-30.3585
-29.6015
-28.8108
-27.9848
-27.1215
-26.2192
-25.2764
-24.2914
-23.263
-22.1902
-21.0721
-19.9085
-18.6993
-17.4453
-16.1477
-14.8083
-13.4298
-12.0157
-10.5703
-9.099
-7.60793
-6.1044
-4.59675
-3.09447
-1.6082
-0.149829
1.26752
2.62962
3.92133
5.12709
6.23157
7.22052
8.08175
8.80599
9.38755
9.82468
10.1194
10.2772
10.3063
10.2166
10.0193
9.72578
9.34742
8.89485
8.37789
7.80541
7.18528
6.52442
5.82888
5.10391
4.35407
3.58332
2.79509
1.99238
1.17782
0.353693
-0.477989
-1.31545
-2.15713
-3.00165
-3.84778
-4.69445
-5.54071
-6.3857
-7.22869
-8.06902
-8.9061
-9.73944
-10.5686
-11.3932
-12.2129
-13.0274
-13.8365
-14.64
-15.4377
-16.2296
-17.0154
-17.7953
-18.569
-19.3366
-20.0981
-20.8536
-21.6031
-22.3467
-23.0845
-23.8166
-24.5432
-25.2644
-25.9804
-26.6914
-27.3977
-28.0995
-28.7971
-29.4907
-30.1807
-30.8675
-31.5513
-32.2326
-32.9118
-33.5893
-34.2655
-34.9409
-35.6161
-36.2916
-36.9678
-37.6453
-38.3248
-39.0067
-39.6917
-40.3805
-41.0735
-41.7714
-42.4748
-43.1842
-43.9003
-44.6235
-45.3542
-46.0928
-46.8397
-47.5948
-48.3584
-49.1302
-49.9098
-50.6966
-51.4899
-52.2883
-53.0904
-53.8943
-54.6976
-55.4977
-56.2916
-57.0757
-57.8464
-58.5998
-59.332
-60.0388
-60.7167
-61.3622
-61.9724
-62.545
-63.0784
-63.5718
-64.0249
-64.4384
-64.8134
-65.1517
-65.4553
-65.7267
-65.9684
-66.1831
-66.3735
-66.542
-66.6911
-66.8231
-66.94
-67.0438
-67.1361
-67.2185
-67.2923
-67.3586
-67.4185
-67.4729
-67.5226
-67.5682
-67.6103
-67.6493
-67.6858
-67.72
-67.7523
-67.7829
-67.8121
-67.8401
-67.867
-67.893
-67.9181
-67.9426
-67.9664
-67.9897
-68.0125
-68.0349
-68.0569
-68.0786
-68.0999
-68.121
-68.1419
-68.1625
-68.1829
-68.2031
-68.2232
-68.2431
-68.2628
-68.2824
-68.3019
-68.3212
-68.3404
-68.3595
-68.3785
-68.3973
-68.4161
-68.4347
-68.4532
-68.4716
-68.4899
-68.5081
-68.5262
-68.5442
-68.5621
-68.5799
-68.5976
-68.6152
-68.6327
-68.6501
-68.6673
-68.6845
-68.7016
-68.7185
-68.7354
-68.7521
-68.7688
-68.7853
-68.8018
-68.8181
-68.8343
-68.8504
-68.8664
-68.8823
-68.898
-68.9137
-68.9292
-68.9447
-68.96
-68.9752
-68.9903
-69.0053
-69.0201
-69.0349
-69.0495
-69.064
-69.0784
-69.0927
-69.1068
-69.1209
-69.1348
-69.1486
-69.1623
-69.1758
-69.1893
-69.2026
-69.2158
-69.2289
-69.2418
-69.2546
-69.2673
-69.2799
-69.2924
-69.3047
-69.3169
-69.329
-69.341
-69.3528
-69.3646
-69.3761
-69.3876
-69.399
-69.4102
-69.4213
-69.4322
-69.4431
-69.4538
-69.4644
-69.4749
-69.4852
-69.4954
-69.5055
-69.5155
-69.5253
-69.535
-69.5446
-69.5541
-69.5634
-69.5726
-69.5817
-69.5907
-69.5995
-69.6082
-69.6168
-69.6253
-69.6336
-69.6418
-69.6499
-69.6579
-69.6657
-69.6734
-69.681
-69.6885
-69.6958
-69.703
-69.7101
-69.7171
-69.724
-69.7307
-69.7373
-69.7438
-69.7501
-69.7564
-69.7625
-69.7685
-69.7743
-69.7801
-69.7857
-69.7912
-69.7966
-69.8019
-69.807
-69.812
-69.817
-69.8217
-69.8264
-69.831
-69.8354
-69.8397
-69.8439
-69.848
-69.7119
-69.4883
-69.203
-68.8719
-68.5063
-68.1147
-67.7037
-67.2783
-66.8428
-66.4004
-65.9538
-65.5052
-65.0563
-64.6087
-64.1635
-63.7217
-63.2841
-62.8515
-62.4244
-62.0034
-61.5887
-61.1808
-60.7798
-60.386
-59.9996
-59.6207
-59.2493
-58.8856
-58.5295
-58.181
-57.8401
-57.5068
-57.1809
-56.8625
-56.5514
-56.2474
-55.9506
-55.6606
-55.3775
-55.1009
-54.8308
-54.567
-54.3093
-54.0576
-53.8116
-53.5711
-53.3361
-53.1062
-52.8812
-52.6611
-52.4456
-52.2344
-52.0275
-51.8246
-51.6255
-51.43
-51.2379
-51.0491
-50.8633
-50.6804
-50.5002
-50.3225
-50.1471
-49.9739
-49.8026
-49.6331
-49.4652
-49.2988
-49.1336
-48.9695
-48.8063
-48.6439
-48.4821
-48.3206
-48.1594
-47.9982
-47.8369
-47.6753
-47.5131
-47.3503
-47.1866
-47.0218
-46.8557
-46.6882
-46.5189
-46.3477
-46.1743
-45.9985
-45.82
-45.6385
-45.4539
-45.2657
-45.0736
-44.8774
-44.6767
-44.4711
-44.2602
-44.0436
-43.8208
-43.5914
-43.3548
-43.1105
-42.8579
-42.5964
-42.3252
-42.0436
-41.7509
-41.4462
-41.1285
-40.7969
-40.4503
-40.0874
-39.707
-39.3077
-38.8881
-38.4464
-37.981
-37.4899
-36.971
-36.4221
-35.8407
-35.2243
-34.57
-33.8748
-33.1353
-32.3482
-31.5097
-30.6159
-29.6628
-28.6461
-27.5617
-26.4051
-25.1723
-23.8592
-22.4624
-20.979
-19.4071
-17.746
-15.9968
-14.1626
-12.2492
-10.2654
-8.22383
-6.14071
-4.03658
-1.93595
0.133138
2.14001
4.05285
5.84041
7.47412
8.93
10.1902
11.2441
12.088
12.7255
13.1652
13.4203
13.5065
13.4409
13.2408
12.9228
12.5024
11.9938
11.4094
10.7603
10.056
9.30488
8.51398
7.67708
6.80884
5.91811
5.01111
4.09252
3.16601
2.23453
1.30051
0.365943
-0.567479
-1.49835
-2.42546
-3.34781
-4.26455
-5.17495
-6.0784
-6.9744
-7.86253
-8.74244
-9.61387
-10.4766
-11.3305
-12.1753
-13.0112
-13.8379
-14.6555
-15.4641
-16.2636
-17.0541
-17.8358
-18.6087
-19.373
-20.1289
-20.8764
-21.6159
-22.3474
-23.0712
-23.7875
-24.4966
-25.1987
-25.8942
-26.5832
-27.2661
-27.9432
-28.6149
-29.2815
-29.9434
-30.6009
-31.2545
-31.9047
-32.5518
-33.1963
-33.8387
-34.4795
-35.1193
-35.7585
-36.3977
-37.0375
-37.6784
-38.3211
-38.9662
-39.6142
-40.2657
-40.9213
-41.5817
-42.2472
-42.9186
-43.5961
-44.2803
-44.9713
-45.6695
-46.3748

