-65
-64.9994
-64.9988
-64.9982
-64.9977
-64.9971
-64.9965
-64.996
-64.9954
-64.9949
-64.9943
-64.9938
-64.9932
-64.9927
-64.9922
-64.9917
-64.9912
-64.9906
-64.9901
-64.9896
-64.9891
-64.9886
-64.9881
-64.9876
-64.9872
-64.9867
-64.9862
-64.9857
-64.9852
-64.9848
-64.9843
-64.9838
-64.9834
-64.9829
-64.9825
-64.982
-64.9816
-64.9811
-64.9807
-64.9802
-64.9798
-64.9794
-64.9789
-64.9785
-64.9781
-64.9777
-64.9772
-64.9768
-64.9764
-64.976
-64.9756
-64.9752
-64.9748
-64.9744
-64.974
-64.9736
-64.9732
-64.9728
-64.9725
-64.9721
-64.9717
-64.9713
-64.971
-64.9706
-64.9702
-64.9699
-64.9695
-64.9692
-64.9688
-64.9685
-64.9681
-64.9678
-64.9675
-64.9671
-64.9668
-64.9665
-64.9661
-64.9658
-64.9655
-64.9652
-64.9649
-64.9646
-64.9642
-64.9639
-64.9636
-64.9633
-64.963
-64.9628
-64.9625
-64.9622
-64.9619
-64.9616
-64.9613
-64.9611
-64.9608
-64.9605
-64.9603
-64.96
-64.9598
-64.9595
-64.9592
-64.959
-64.9588
-64.9585
-64.9583
-64.958
-64.9578
-64.9576
-64.9573
-64.9571
-64.9569
-64.9567
-64.9565
-64.9562
-64.956
-64.9558
-64.9556
-64.9554
-64.9552
-64.955
-64.9548
-64.9546
-64.9545
-64.9543
-64.9541
-64.9539
-64.9537
-64.9536
-64.9534
-64.9532
-64.9531
-64.9529
-64.9527
-64.9526
-64.9524
-64.9523
-64.9521
-64.952
-64.9519
-64.9517
-64.9516
-64.9514
-64.9513
-64.9512
-64.9511
-64.9509
-64.9508
-64.9507
-64.9506
-64.9505
-64.9504
-64.9503
-64.9502
-64.95
-64.9499
-64.9499
-64.9498
-64.9497
-64.9496
-64.9495
-64.9494
-64.9493
-64.9492
-64.9492
-64.9491
-64.949
-64.9489
-64.9489
-64.9488
-64.9487
-64.9487
-64.9486
-64.9486
-64.9485
-64.9485
-64.9484
-64.9484
-64.9483
-64.9483
-64.9482
-64.9482
-64.9482
-64.9481
-64.9481
-64.9481
-64.948
-64.948
-64.948
-64.948
-64.948
-64.9479
-64.9479
-64.9479
-64.9479
-64.9479
-64.9479
-64.9479
-64.9479
-64.9479
-64.9479
-64.9479
-64.9479
-64.9479
-64.9479
-64.9479
-64.9479
-64.9479
-64.9479
-64.948
-64.948
-64.948
-64.948
-64.9481
-64.9481
-64.9481
-64.9481
-64.9482
-64.9482
-64.9482
-64.9483
-64.9483
-64.9483
-64.9484
-64.9484
-64.9485
-64.9485
-64.9486
-64.9486
-64.9487
-64.9487
-64.9488
-64.9488
-64.9489
-64.9489
-64.949
-64.9491
-64.9491
-64.9492
-64.9492
-64.9493
-64.9494
-64.9494
-64.9495
-64.9496
-64.9497
-64.9497
-64.9498
-64.9499
-64.95
-64.95
-64.9501
-64.9502
-64.9503
-64.9504
-64.9504
-64.9505
-64.9506
-64.9507
-64.9508
-64.9509
-64.951
-64.951
-64.9511
-64.9512
-64.9513
-64.9514
-64.9515
-64.9516
-64.9517
-64.9518
-64.9519
-64.952
-64.9521
-64.9522
-64.9523
-64.9524
-64.9525
-64.9526
-64.9527
-64.9528
-64.9529
-64.953
-64.9532
-64.9533
-64.9534
-64.9535
-64.9536
-64.9537
-64.9538
-64.9539
-64.954
-64.9542
-64.9543
-64.9544
-64.9545
-64.9546
-64.9547
-64.9548
-64.955
-64.9551
-64.9552
-64.9553
-64.9554
-64.9556
-64.9557
-64.9558
-64.9559
-64.956
-64.9562
-64.9563
-64.9564
-64.9565
-64.9566
-64.9568
-64.9569
-64.957
-64.9571
-64.9573
-64.9574
-64.9575
-64.9576
-64.9578
-64.9579
-64.958
-64.9581
-64.9583
-64.9584
-64.9585
-64.9587
-64.9588
-64.9589
-64.959
-64.9592
-64.9593
-64.9594
-64.9595
-64.9597
-64.9598
-64.9599
-64.96
-64.9602
-64.9603
-64.9604
-64.9606
-64.9607
-64.9608
-64.9609
-64.9611
-64.9612
-64.9613
-64.9614
-64.9616
-64.9617
-64.9618
-64.962
-64.9621
-64.9622
-64.9623
-64.9625
-64.9626
-64.9627
-64.9628
-64.963
-64.9631
-64.9632
-64.9633
-64.9635
-64.9636
-64.9637
-64.9638
-64.964
-64.9641
-64.9642
-64.9643
-64.9645
-64.9646
-64.9647
-64.9648
-64.9649
-64.9651
-64.9652
-64.9653
-64.9654
-64.9655
-64.9657
-64.9658
-64.9659
-64.966
-64.9661
-64.9663
-64.9664
-64.9665
-64.9666
-64.9667
-64.9668
-64.967
-64.9671
-64.9672
-64.9673
-64.9674
-64.9675
-64.9677
-64.9678
-64.9679
-64.968
-64.9681
-64.9682
-64.9683
-64.9684
-64.9685
-64.9687
-64.9688
-64.9689
-64.969
-64.9691
-64.9692
-64.9693
-64.9694
-64.9695
-64.9696
-64.9697
-64.9698
-64.9699
-64.97
-64.9701
-64.9702
-64.9703
-64.9704
-64.9705
-64.9706
-64.9707
-64.9708
-64.9709
-64.971
-64.9711
-64.9712
-64.9713
-64.9714
-64.9715
-64.9716
-64.9717
-64.9718
-64.9719
-64.972
-64.9721
-64.9722
-64.9722
-64.9723
-64.9724
-64.9725
-64.9726
-64.9727
-64.9728
-64.9729
-64.9729
-64.973
-64.9731
-64.9732
-64.9733
-64.9734
-64.9734
-64.9735
-64.9736
-64.9737
-64.9738
-64.9738
-64.9739
-64.974
-64.9741
-64.9741
-64.9742
-64.9743
-64.9744
-64.9744
-64.9745
-64.9746
-64.9747
-64.9747
-64.9748
-64.9749
-64.9749
-64.975
-64.9751
-64.9751
-64.9752
-64.9753
-64.9753
-64.9754
-64.9755
-64.9755
-64.9756
-64.9757
-64.9757
-64.9758
-64.9758
-64.9759
-64.976
-64.976
-64.9761
-64.9761
-64.9762
-64.9762
-64.9763
-64.9764
-64.9764
-64.9765
-64.9765
-64.9766
-64.9766
-64.9767
-64.9767
-64.9768
-64.9768
-64.9769
-64.9769
-64.977
-64.977
-64.9771
-64.9771
-64.9771
-64.9772
-64.9772
-64.9773
-64.9773
-64.9774
-64.9774
-64.9774
-64.9775
-64.9775
-64.9776
-64.9776
-64.9776
-64.9777
-64.9777
-64.9778
-64.9778
-64.9778
-64.9779
-64.9779
-64.9779
-64.978
-64.978
-64.978
-64.9781
-64.9781
-64.9781
-64.9781
-64.9782
-64.9782
-64.9782
-64.9783
-64.9783
-64.9783
-64.9783
-64.9784
-64.9784
-64.9784
-64.9784
-64.9785
-64.9785
-64.9785
-64.9785
-64.9785
-64.9786
-64.9786
-64.9786
-64.9786
-64.9786
-64.9787
-64.9787
-64.9787
-64.9787
-64.9787
-64.9787
-64.9787
-64.9788
-64.9788
-64.9788
-64.9788
-64.9788
-64.9788
-64.9788
-64.9789
-64.9789
-64.9789
-64.9789
-64.9789
-64.9789
-64.9789
-64.9789
-64.9789
-64.9789
-64.9789
-64.9789
-64.9789
-64.979
-64.979
-64.979
-64.979
-64.979
-64.979
-64.979
-64.979
-64.979
-64.979
-64.979
-64.979
-64.979
-64.979
-64.979
-64.979
-64.979
-64.979
-64.979
-64.979
-64.979
-64.979
-64.979
-64.979
-64.979
-64.979
-64.979
-64.9789
-64.9789
-64.9789
-64.9789
-64.9789
-64.9789
-64.9789
-64.9789
-64.9789
-64.9789
-64.9789
-64.9789
-64.9789
-64.9789
-64.9788
-64.9788
-64.9788
-64.9788
-64.9788
-64.9788
-64.9788
-64.9788
-64.9788
-64.9787
-64.9787
-64.9787
-64.9787
-64.9787
-64.9787
-64.9787
-64.9787
-64.9786
-64.9786
-64.9786
-64.9786
-64.9786
-64.9786
-64.9786
-64.9785
-64.9785
-64.9785
-64.9785
-64.9785
-64.9785
-64.9784
-64.9784
-64.9784
-64.9784
-64.9784
-64.9783
-64.9783
-64.9783
-64.9783
-64.9783
-64.9783
-64.9782
-64.9782
-64.9782
-64.9782
-64.9782
-64.9781
-64.9781
-64.9781
-64.9781
-64.9781
-64.978
-64.978
-64.978
-64.978
-64.9779
-64.9779
-64.9779
-64.9779
-64.9779
-64.9778
-64.9778
-64.9778
-64.9778
-64.9778
-64.9777
-64.9777
-64.9777
-64.9777
-64.9776
-64.9776
-64.9776
-64.9776
-64.9775
-64.9775
-64.9775
-64.9775
-64.9774
-64.9774
-64.9774
-64.9774
-64.9774
-64.9773
-64.9773
-64.9773
-64.9773
-64.9772
-64.9772
-64.9772
-64.9772
-64.9771
-64.9771
-64.9771
-64.9771
-64.977
-64.977
-64.977
-64.977
-64.9769
-64.9769
-64.9769
-64.9769
-64.9768
-64.9768
-64.9768
-64.9768
-64.9767
-64.9767
-64.9767
-64.9767
-64.9766
-64.9766
-64.9766
-64.9766
-64.9765
-64.9765
-64.9765
-64.9765
-64.9764
-64.9764
-64.9764
-64.9764
-64.9763
-64.9763
-64.9763
-64.9763
-64.9762
-64.9762
-64.9762
-64.9762
-64.9761
-64.9761
-64.9761
-64.9761
-64.976
-64.976
-64.976
-64.976
-64.9759
-64.9759
-64.9759
-64.9759
-64.9758
-64.9758
-64.9758
-64.9758
-64.9757
-64.9757
-64.9757
-64.9757
-64.9756
-64.9756
-64.9756
-64.9756
-64.9755
-64.9755
-64.9755
-64.9755
-64.9754
-64.9754
-64.9754
-64.9754
-64.9753
-64.9753
-64.9753
-64.9753
-64.9753
-64.9752
-64.9752
-64.9752
-64.9752
-64.9751
-64.9751
-64.9751
-64.9751
-64.975
-64.975
-64.975
-64.975
-64.975
-64.9749
-64.9749
-64.9749
-64.9749
-64.9748
-64.9748
-64.9748
-64.9748
-64.9748
-64.9747
-64.9747
-64.9747
-64.9747
-64.9747
-64.9746
-64.9746
-64.9746
-64.9746
-64.9746
-64.9745
-64.9745
-64.9745
-64.9745
-64.9745
-64.9744
-64.9744
-64.9744
-64.9744
-64.9744
-64.9743
-64.9743
-64.9743
-64.9743
-64.9743
-64.9742
-64.9742
-64.9742
-64.9742
-64.9742
-64.9742
-64.9741
-64.9741
-64.9741
-64.9741
-64.9741
-64.9741
-64.974
-64.974
-64.974
-64.974
-64.974
-64.974
-64.9739
-64.9739
-64.9739
-64.9739
-64.9739
-64.9739
-64.9738
-64.9738
-64.9738
-64.9738
-64.9738
-64.9738
-64.9737
-64.9737
-64.9737
-64.9737
-64.9737
-64.9737
-64.9737
-64.9736
-64.9736
-64.9736
-64.9736
-64.9736
-64.9736
-64.9736
-64.9736
-64.9735
-64.9735
-64.9735
-64.9735
-64.9735
-64.9735
-64.9735
-64.9735
-64.9734
-64.9734
-64.9734
-64.9734
-64.9734
-64.9734
-64.9734
-64.9734
-64.9733
-64.9733
-64.9733
-64.9733
-64.9733
-64.9733
-64.9733
-64.9733
-64.9733
-64.9733
-64.9732
-64.9732
-64.9732
-64.9732
-64.9732
-64.9732
-64.9732
-64.9732
-64.9732
-64.9732
-64.9732
-64.9731
-64.9731
-64.9731
-64.9731
-64.9731
-64.9731
-64.9731
-64.9731
-64.9731
-64.9731
-64.9731
-64.9731
-64.9731
-64.973
-64.973
-64.973
-64.973
-64.973
-64.973
-64.973
-64.973
-64.973
-64.973
-64.973
-64.973
-64.973
-64.973
-64.973
-64.973
-64.973
-64.9729
-64.9729
-64.9729
-64.9729
-64.9729
-64.9729
-64.9729
-64.9729
-64.9729
-64.9729
-64.9729
-64.9729
-64.9729
-64.9729
-64.9729
-64.9729
-64.9729
-64.9729
-64.9729
-64.9729
-64.9729
-64.9729
-64.9729
-64.9729
-64.9729
-64.9729
-64.9728
-64.9728
-64.9728
-64.9728
-64.9728
-64.9728
-64.9728
-64.9728
-64.9728
-64.9728
-64.9728
-64.9728
-64.9728
-64.9728
-64.9728
-64.9728
-64.9728
-64.9728
-64.9728
-64.9728
-64.9728
-64.9728
-64.9728
-64.9728
-64.9728
-64.9728
-64.9728
-64.9728
-64.9728
-64.9728
-64.9728
-64.9728
-64.9728
-64.9728
-64.9728
-64.9728
-64.9728
-64.9728
-64.9728
-64.9728
-64.9728
-64.9728
-64.9728
-64.9728
-64.9728
-64.9728
-64.9728
-64.9728
-64.9728
-64.9728
-64.9728
-64.9728
-64.9728
-64.9728
-64.9728
-64.9728
-64.9728
-64.9728
-64.9728
-64.9729
-64.9729
-64.9729
-64.9729
-64.9729
-64.9729
-64.9729
-64.9729
-64.9729
-64.9729
-64.9729
-64.9729
-64.9729
-64.9729
-64.9729
-64.9729
-64.9729
-64.9729
-64.9729
-64.9729
-64.9729
-64.9729
-64.9729
-64.9729
-64.9729
-64.9729
-64.9729
-64.9729
-64.9729
-64.9729
-64.9729
-64.9729
-64.9729
-64.9729
-64.973
-64.973
-64.973
-64.973
-64.973
-64.973
-64.973
-64.973
-64.973
-64.973
-64.973
-64.973
-64.973
-64.973
-64.973
-64.973
-64.973
-64.973
-64.973
-64.973
-64.973
-64.973
-64.973
-64.973
-64.9731
-64.9731
-64.9731
-64.9731
-64.9731
-64.9731
-64.9731
-64.9731
-64.9731
-64.9731
-64.9731
-64.9731
-64.9731
-64.9731
-64.9731
-64.9731
-64.9731
-64.9731
-64.9731
-64.9731
-64.9731
-64.9732
-64.9732
-64.9732
-64.9732
-64.9732
-64.9732
-64.9732
-64.9732
-64.9732
-64.9732
-64.9732
-64.9732
-64.9732
-64.9732
-64.9732
-64.9732
-64.9732
-64.9732
-64.9732
-64.9732
-64.9733
-64.9733
-64.9733
-64.9733
-64.9733
-64.9733
-64.9733
-64.9733
-64.9733
-64.9733
-64.9733
-64.9733
-64.9733
-64.9733
-64.9733
-64.9733
-64.9733
-64.9733
-64.9733
-64.9733
-64.9734
-64.9734
-64.9734
-64.9734
-64.9734
-64.9734
-64.9734
-64.9734
-64.9734
-64.9734
-64.9734
-64.9734
-64.9734
-64.9734
-64.9734
-64.9734
-64.9734
-64.9734
-64.9734
-64.9734
-64.9735
-64.9735
-64.9735
-64.9735
-64.9735
-64.9735
-64.9735
-64.9735
-64.9735
-64.9735
-64.9735
-64.9735
-64.9735
-64.9735
-64.9735
-64.9735
-64.9735
-64.9735
-64.9735
-64.9735
-64.9736
-64.9736
-64.9736
-64.9736
-64.9736
-64.9736
-64.9736
-64.9736
-64.9736
-64.9736
-64.9736
-64.9736
-64.9736
-64.9736
-64.9736
-64.9736
-64.9736
-64.9736
-64.9736
-64.9736
-64.9736
-64.9736
-64.9737
-64.9737
-64.9737
-64.9737
-64.9737
-64.9737
-64.9737
-64.9737
-64.9737
-64.9737
-64.9737
-64.9737
-64.9737
-64.9737
-64.9737
-64.9737
-64.9737
-64.9737
-64.9737
-64.9737
-64.9737
-64.9737
-64.9737
-64.9737
-64.9738
-64.9738
-64.9738
-64.9738
-64.9738
-64.9738
-64.9738
-64.9738
-64.9738
-64.9738
-64.9738
-64.9738
-64.9738
-64.9738
-64.9738
-64.9738
-64.9738
-64.9738
-64.9738
-64.9738
-64.9738
-64.9738
-64.9738
-64.9738
-64.9738
-64.9738
-64.9738
-64.9739
-64.9739
-64.9739
-64.9739
-64.9739
-64.9739
-64.9739
-64.9739
-64.9739
-64.9739
-64.9739
-64.9739
-64.9739
-64.9739
-64.9739
-64.9739
-64.9739
-64.9739
-64.9739
-64.9739
-64.9739
-64.9739
-64.9739
-64.9739
-64.9739
-64.9739
-64.9739
-64.9739
-64.9739
-64.9739
-64.9739
-64.9739
-64.9739
-64.9739
-64.9739
-64.9739
-64.974
-64.974
-64.974
-64.974
-64.974
-64.974
-64.974
-64.974
-64.974
-64.974
-64.974
-64.974
-64.974
-64.974
-64.974
-64.974
-64.974
-64.974
-64.974
-64.974
-64.974
-64.974
-64.974
-64.974
-64.974
-64.974
-64.974
-64.974
-64.974
-64.974
-64.974
-64.974
-64.974
-64.974
-64.974
-64.974
-64.974
-64.974
-64.974
-64.974
-64.974
-64.974
-64.974
-64.974
-64.974
-64.974
-64.974
-64.974
-64.974
-64.974
-64.974
-64.974
-64.974
-64.974
-64.974
-64.974
-64.974
-64.974
-64.974
-64.974
-64.9741
-64.9741
-64.9741
-64.9741
-64.9741
-64.9741
-64.9741
-64.9741
-64.9741
-64.9741
-64.9741
-64.9741
-64.9741
-64.9741
-64.9741
-64.9741
-64.9741
-64.9741
-64.9741
-64.9741
-64.9741
-64.9741
-64.9741
-64.9741
-64.9741
-64.9741
-64.9741
-64.9741
-64.9741
-64.9741
-64.9741
-64.9741
-64.9741
-64.9741
-64.9741
-64.9741
-64.9741
-64.9741
-64.9741
-64.9741
-64.9741
-64.9741
-64.9741
-64.9741
-64.9741
-64.9741
-64.9741
-64.9741
-64.9741
-64.9741
-64.9741
-64.9741
-64.9741
-64.9741
-64.9741
-64.9741
-64.9741
-64.9741
-64.9741
-64.9741
-64.9741
-64.9741
-64.9741
-64.9741
-64.9741
-64.9741
-64.9741
-64.9741
-64.9741
-64.9741
-64.9741
-64.9741
-64.9741
-64.9741
-64.9741
-64.9741
-64.9741
-64.9741
-64.9741
-64.9741
-64.9741
-64.9741
-64.9741
-64.9741
-64.9741
-64.9741
-64.9741
-64.9741
-64.9741
-64.9741
-64.9741
-64.9741
-64.9741
-64.9741
-64.9741
-64.9741
-64.9741
-64.9741
-64.9741
-64.9741
-64.9741
-64.9741
-64.9741
-64.9741
-64.9741
-64.9741
-64.9741
-64.9741
-64.9741
-64.9741
-64.9741
-64.9741
-64.9741
-64.9741
-64.9741
-64.9741
-64.9741
-64.974
-64.974
-64.974
-64.974
-64.974
-64.974
-64.974
-64.974
-64.974
-64.974
-64.974
-64.974
-64.974
-64.974
-64.974
-64.974
-64.974
-64.974
-64.974
-64.974
-64.974
-64.974
-64.974
-64.974
-64.974
-64.974
-64.974
-64.974
-64.974
-64.974
-64.974
-64.974
-64.974
-64.974
-64.974
-64.974
-64.974
-64.974
-64.974
-64.974
-64.974
-64.974
-64.974
-64.974
-64.974
-64.974
-64.974
-64.974
-64.974
-64.974
-64.974
-64.974
-64.974
-64.974
-64.974
-64.974
-64.974
-64.974
-64.974
-64.974
-64.974
-64.974
-64.974
-64.974
-64.974
-64.974
-64.974
-64.974
-64.974
-64.974
-64.974
-64.974
-64.974
-64.974
-64.974
-64.974
-64.974
-64.974
-64.974
-64.974
-64.974
-64.974
-64.974
-64.974
-64.974
-64.974
-64.974
-64.974
-64.974
-64.974
-64.974
-64.974
-64.974
-64.974
-64.974
-64.974
-64.974
-64.974
-64.974
-64.974
-64.974
-64.974
-64.974
-64.974
-64.974
-64.974
-64.974
-64.9739
-64.9739
-64.9739
-64.9739
-64.9739
-64.9739
-64.9739
-64.9739
-64.9739
-64.9739
-64.9739
-64.9739
-64.9739
-64.9739
-64.9739
-64.9739
-64.9739
-64.9739
-64.9739
-64.9739
-64.9739
-64.9739
-64.9739
-64.9739
-64.9739
-64.9739
-64.9739
-64.9739
-64.9739
-64.9739
-64.9739
-64.9739
-64.9739
-64.9739
-64.9739
-64.9739
-64.9739
-64.9739
-64.9739
-64.9739
-64.9739
-64.9739
-64.9739
-64.9739
-64.9739
-64.9739
-64.9739
-64.9739
-64.9739
-64.9739
-64.9739
-64.9739
-64.9739
-64.9739
-64.9739
-64.9739
-64.9739
-64.9739
-64.9739
-64.9739
-64.9739
-64.9739
-64.9739
-64.9739
-64.9739
-64.9739
-64.9739
-64.9739
-64.9739
-64.9739
-64.9739
-64.9739
-64.9739
-64.9739
-64.9739
-64.9739
-64.9739
-64.9739
-64.9739
-64.9739
-64.9739
-64.9739
-64.9739
-64.9739
-64.9739
-64.9739
-64.9739
-64.9739
-64.9739
-64.9739
-64.9739
-64.9739
-64.9739
-64.9739
-64.9739
-64.9739
-64.9739
-64.9739
-64.9739
-64.9739
-64.9739
-64.9739
-64.9739
-64.9739
-64.9739
-64.9739
-64.9739
-64.9739
-64.9739
-64.9739
-64.9739
-64.9739
-64.9739
-64.9739
-64.9739
-64.9739
-64.9739
-64.9739
-64.9739
-64.9739
-64.9739
-64.9739
-64.9739
-64.9739
-64.9739
-64.9739
-64.9739
-64.9739
-64.9739
-64.9739
-64.9739
-64.9739
-64.9739
-64.9739
-64.9739
-64.9739
-64.9739
-64.9739
-64.9739
-64.9739
-64.9738
-64.9738
-64.9738
-64.9738
-64.9738
-64.9738
-64.9738
-64.9738
-64.9738
-64.9738
-64.9738
-64.9738
-64.9738
-64.9738
-64.9738
-64.9738
-64.9738
-64.9738
-64.9738
-64.9738
-64.9738
-64.9738
-64.9738
-64.9738
-64.9738
-64.9738
-64.9738
-64.9738
-64.9738
-64.9738
-64.9738
-64.9738
-64.9738
-64.9738
-64.9738
-64.9738
-64.9738
-64.9738
-64.9738
-64.9738
-64.9738
-64.9738
-64.9738
-64.9738
-64.9738
-64.9738
-64.9738
-64.9738
-64.9738
-64.9738
-64.9738
-64.9738
-64.9738
-64.9738
-64.9738
-64.9738
-64.9738
-64.9738
-64.9738
-64.9738
-64.9738
-64.9738
-64.9738
-64.9738
-64.9738
-64.9738
-64.9738
-64.9738
-64.9738
-64.9738
-64.9738
-64.9738
-64.9738
-64.9738
-64.9738
-64.9738
-64.9738
-64.9738
-64.9738
-64.9738
-64.9738
-64.9738
-64.9738
-64.9738
-64.9738
-64.9738
-64.9738
-64.9738
-64.9738
-64.9738
-64.9738
-64.9738
-64.9738
-64.9738
-64.9738
-64.9738
-64.9738
-64.9738
-64.9738
-64.9738
-64.9738
-64.9738
-64.9738
-64.9738
-64.9738
-64.9738
-64.9738
-64.9738
-64.9738
-64.9738
-64.9738
-64.9738
-64.9738
-64.9738
-64.9738
-64.9738
-64.9738
-64.9738
-64.9738
-64.9738
-64.9738
-64.9738
-64.9738
-64.9738
-64.9738
-64.9738
-64.9738
-64.9738
-64.9738
-64.9738
-64.9738
-64.9738
-64.9738
-64.9738
-64.9738
-64.9738
-64.9738
-64.9738
-64.9738
-64.9738
-64.9738
-64.9738
-64.9738
-64.9738
-64.9738
-64.9738
-64.9738
-64.9738
-64.9738
-64.9738
-64.9738
-64.9738
-64.9738
-64.9738
-64.9738
-64.9738
-64.9738
-64.9738
-64.9738
-64.9738
-64.9738
-64.9738
-64.9738
-64.9738
-64.9738
-64.9738
-64.9738
-64.9738
-64.9738
-64.9738
-64.9738
-64.9738
-64.9738
-64.9738
-64.9738
-64.9738
-64.9738
-64.9738
-64.9738
-64.9738
-64.9738
-64.9738
-64.9738
-64.9738
-64.9738
-64.9738
-64.9738
-64.9738
-64.9738
-64.9738
-64.9738
-64.9738
-64.9738
-64.9738
-64.9738
-64.9738
-64.9738
-64.9738
-64.9738
-64.9738
-64.9738
-64.9738
-64.9738
-64.9738
-64.9738
-64.9738
-64.9738
-64.9738
-64.9738
-64.9738
-64.9738
-64.9738
-64.9738
-64.9738
-64.9738
-64.9738
-64.9738
-64.9738
-64.9738
-64.9738
-64.9738
-64.9738
-64.9739
-64.9739
-64.9739
-64.9739
-64.9739
-64.9739
-64.9739
-64.9739
-64.9739
-64.9739
-64.9739
-64.9739
-64.9739
-64.9739
-64.9739
-64.9739
-64.9739
-64.9739
-64.9739
-64.9739
-64.9739
-64.9739
-64.9739
-64.9739
-64.9739
-64.9739
-64.9739
-64.9739
-64.9739
-64.9739
-64.9739
-64.9739
-64.9739
-64.9739
-64.9739
-64.9739
-64.9739
-64.9739
-64.9739
-64.9739
-64.9739
-64.9739
-64.9739
-64.9739
-64.9739
-64.9739
-64.9739
-64.9739
-64.9739
-64.9739
-64.9739
-64.9739
-64.9739
-64.9739
-64.9739
-64.9739
-64.9739
-64.9739
-64.9739
-64.9739
-64.9739
-64.9739
-64.9739
-64.9739
-64.9739
-64.9739
-64.9739
-64.9739
-64.9739
-64.9739
-64.9739
-64.9739
-64.9739
-64.9739
-64.9739
-64.9739
-64.9739
-64.9739
-64.9739
-64.9739
-64.9739
-64.9739
-64.9739
-64.9739
-64.9739
-64.9739
-64.9739
-64.9739
-64.9739
-64.9739
-64.9739
-64.9739
-64.9739
-64.9739
-64.9739
-64.9739
-64.9739
-64.9739
-64.9739
-64.9739
-64.9739
-64.9739
-64.9739
-64.9739
-64.9739
-64.9739
-64.9739
-64.9739
-64.9739
-64.9739
-64.9739
-64.9739
-64.9739
-64.9739
-64.9739
-64.9739
-64.9739
-64.9739
-64.9739
-64.9739
-64.9739
-64.9739
-64.9739
-64.9739
-64.9739
-64.9739
-64.9739
-64.9739
-64.9739
-64.9739
-64.9739
-64.9739
-64.9739
-64.9739
-64.9739
-64.9739
-64.9739
-64.9739
-64.9739
-64.9739
-64.9739
-64.9739
-64.9739
-64.9739
-64.9739
-64.9739
-64.9739
-64.9739
-64.9739
-64.9739
-64.9739
-64.9739
-64.9739
-64.9739
-64.9739
-64.9739
-64.9739
-64.9739
-64.9739
-64.9739
-64.9739
-64.9739
-64.9739
-64.9739
-64.9739
-64.9739
-64.9739
-64.9739
-64.9739
-64.9739
-64.9739
-64.9739
-64.9739
-64.9739
-64.9739
-64.9739
-64.9739
-64.9739
-64.9739
-64.9739
-64.9739
-64.9739
-64.9739
-64.9739
-64.9739
-64.9739
-64.9739
-64.9739
-64.9739
-64.9739
-64.9739
-64.9739
-64.9739
-64.9739
-64.9739
-64.9739
-64.9739
-64.9739
-64.9739
-64.9739
-64.9739
-64.9739
-64.9739
-64.9739
-64.9739
-64.9739
-64.9739
-64.9739
-64.9739
-64.9739
-64.9739
-64.9739
-64.9739
-64.9739
-64.9739
-64.9739
-64.9739
-64.9739
-64.9739
-64.9739
-64.9739
-64.9739
-64.9739
-64.9739
-64.9739
-64.9739
-64.9739
-64.9739
-64.9739
-64.9739
-64.9739
-64.9739
-64.9739
-64.9739
-64.9739
-64.9739
-64.9739
-64.9739
-64.9739
-64.9739
-64.9739
-64.9739
-64.9739
-64.9739
-64.9739
-64.9739
-64.9739
-64.9739
-64.9739
-64.9739
-64.9739
-64.9739
-64.9739
-64.9739
-64.9739
-64.9739
-64.9739
-64.9739
-64.9739
-64.9739
-64.9739
-64.9739
-64.9739
-64.9739
-64.9739
-64.9739
-64.9739
-64.9739
-64.9739
-64.9739
-64.9739
-64.9739
-64.9739
-64.9739
-64.9739
-64.9739
-64.9739
-64.9739
-64.9739
-64.9739
-64.9739
-64.9739
-64.9739
-64.9739
-64.9739
-64.9739
-64.9739
-64.9739
-64.9739
-64.9739
-64.9739
-64.9739
-64.9739
-64.9739
-64.9739
-64.9739
-64.9739
-64.9739
-64.9739
-64.9739
-64.9739
-64.9739
-64.9739
-64.9739
-64.9739
-64.9739
-64.9739
-64.9739
-64.9739
-64.9739
-64.9739
-64.9739
-64.9739
-64.9739
-64.9739
-64.9739
-64.9739
-64.9739
-64.9739
-64.9739
-64.9739
-64.9739
-64.9739
-64.9739
-64.9739
-64.9739
-64.9739
-64.9739
-64.9739
-64.9739
-64.9739
-64.9739
-64.9739
-64.9739
-64.9739
-64.9739
-64.9739
-64.9739
-64.9739
-64.9739
-64.9739
-64.9739
-64.9739
-64.9739
-64.9739
-64.9739
-64.9739
-64.9739
-64.9739
-64.9739
-64.9739
-64.9739
-64.9739
-64.9739
-64.9739
-64.9739
-64.9739
-64.9739
-64.9739
-64.9739
-64.9739
-64.9739
-64.9739
-64.9739
-64.9739
-64.9739
-64.9739
-64.9739
-64.9739
-64.9739
-64.9739
-64.9739
-64.9739
-64.9739
-64.9739
-64.9739
-64.9739
-64.9739
-64.9739
-64.9739
-64.9739
-64.9739
-64.9739
-64.9739
-64.9739
-64.9739
-64.9739
-64.9739
-64.9739
-64.9739
-64.9739
-64.9739
-64.9739
-64.9739
-64.9739
-64.9739
-64.9739
-64.9739
-64.9739
-64.8393
-64.6171
-64.3305
-63.9938
-63.6174
-63.2093
-62.7757
-62.3216
-61.8511
-61.3675
-60.8736
-60.3715
-59.863
-59.3497
-58.8328
-58.3131
-57.7916
-57.2689
-56.7453
-56.2213
-55.697
-55.1725
-54.6479
-54.123
-53.5975
-53.0712
-52.5435
-52.014
-51.4819
-50.9464
-50.4067
-49.8615
-49.3098
-48.7501
-48.1808
-47.6001
-47.0061
-46.3964
-45.7685
-45.1195
-44.4461
-43.7447
-43.0112
-42.2407
-41.4279
-40.5669
-39.6505
-38.6709
-37.6191
-36.4847
-35.2559
-33.9192
-32.4595
-30.8594
-29.0997
-27.159
-25.0144
-22.6415
-20.016
-17.1155
-13.9218
-10.4256
-6.63114
-2.56228
1.732
6.17414
10.6589
15.06
19.2429
23.0808
26.4714
29.349
31.6891
33.5063
34.8451
35.7681
36.3448
36.642
36.719
36.6244
36.3964
36.0641
35.6487
35.1659
34.627
34.0404
33.4124
32.7477
32.0501
31.3228
30.5683
29.7891
28.9872
28.1644
27.3226
26.4634
25.5884
24.6989
23.7966
22.8825
21.9581
21.0245
20.0828
19.1342
18.1797
17.2201
16.2566
15.2898
14.3206
13.3497
12.378
11.4059
10.4342
9.46337
8.49398
7.5265
6.56138
5.59902
4.63979
3.68403
2.73205
1.78411
0.840459
-0.0986844
-1.03313
-1.96271
-2.88729
-3.80675
-4.72098
-5.62992
-6.53349
-7.43165
-8.32436
-9.21163
-10.0934
-10.9698
-11.8408
-12.7064
-13.5668
-14.4219
-15.2718
-16.1168
-16.9568
-17.7919
-18.6225
-19.4486
-20.2703
-21.088
-21.9018
-22.7119
-23.5187
-24.3224
-25.1234
-25.922
-26.7187
-27.5138
-28.3078
-29.1012
-29.8946
-30.6886
-31.4837
-32.2808
-33.0804
-33.8835
-34.6908
-35.5033
-36.3218
-37.1473
-37.9809
-38.8237
-39.6767
-40.541
-41.4178
-42.3081
-43.213
-44.1336
-45.0708
-46.0253
-46.9977
-47.9884
-48.9975
-50.0244
-51.0684
-52.1281
-53.2014
-54.2855
-55.3768
-56.4707
-57.5621
-58.6446
-59.7115
-60.7554
-61.7687
-62.7438
-63.6736
-64.5516
-65.3724
-66.1323
-66.8286
-67.4605
-68.0286
-68.5349
-68.9825
-69.3752
-69.7175
-70.0142
-70.2702
-70.4901
-70.6784
-70.8393
-70.9766
-71.0936
-71.1933
-71.2784
-71.3511
-71.4132
-71.4665
-71.5124
-71.552
-71.5864
-71.6163
-71.6425
-71.6656
-71.686
-71.7043
-71.7206
-71.7354
-71.7489
-71.7612
-71.7725
-71.7831
-71.7929
-71.8021
-71.8109
-71.8191
-71.827
-71.8346
-71.8419
-71.8489
-71.8557
-71.8623
-71.8688
-71.875
-71.8812
-71.8872
-71.8931
-71.8988
-71.9045
-71.9101
-71.9156
-71.921
-71.9263
-71.9316
-71.9367
-71.9418
-71.9469
-71.9518
-71.9567
-71.9615
-71.9663
-71.9709
-71.9755
-71.9801
-71.9845
-71.9889
-71.9933
-71.9975
-72.0017
-72.0058
-72.0099
-72.0138
-72.0177
-72.0216
-72.0253
-72.029
-72.0326
-72.0361
-72.0396
-72.0429
-72.0462
-72.0495
-72.0526
-72.0557
-72.0586
-72.0615
-72.0643
-72.0671
-72.0697
-72.0723
-72.0748
-72.0772
-72.0795
-72.0817
-72.0839
-72.0859
-72.0879
-72.0898
-72.0916
-72.0933
-72.0949
-72.0964
-72.0979
-72.0992
-72.1005
-72.1017
-72.1027
-72.1037
-72.1046
-72.1054
-72.1061
-72.1067
-72.1073
-72.1077
-72.108
-72.1083
-72.1084
-72.1085
-72.1084
-72.1083
-72.108
-72.1077
-72.1073
-72.1068
-72.1062
-72.1054
-72.1046
-72.1037
-72.1027
-72.1016
-72.1004
-72.0991
-72.0978
-72.0963
-72.0947
-72.093
-72.0912
-72.0894
-72.0874
-72.0853
-72.0831
-72.0809
-72.0785
-72.0761
-72.0735
-72.0709
-72.0681
-72.0653
-72.0623
-72.0593
-72.0561
-72.0529
-72.0496
-72.0461
-72.0426
-72.039
-72.0353
-72.0315
-72.0276
-72.0236
-72.0195
-72.0153
-72.011
-72.0066
-72.0021
-71.9975
-71.9928
-71.9881
-71.9832
-71.9783
-71.9732
-71.9681
-71.9628
-71.9575
-71.9521
-71.9466
-71.941
-71.9353
-71.9295
-71.9236
-71.9176
-71.9115
-71.9054
-71.8991
-71.8928
-71.8863
-71.8798
-71.8732
-71.8665
-71.8597
-71.8528
-71.8459
-71.8388
-71.8317
-71.8244
-71.8171
-71.8097
-71.8022
-71.7947
-71.787
-71.7792
-71.7714
-71.7635
-71.7555
-71.7474
-71.7392
-71.731
-71.7226
-71.7142
-71.7057
-71.6971
-71.6885
-71.6797
-71.6709
-71.662
-71.653
-71.644
-71.6348
-71.6256
-71.6163
-71.6069
-71.5974
-71.5879
-71.5783
-71.5686
-71.5589
-71.549
-71.5391
-71.5291
-71.5191
-71.5089
-71.4987
-71.4884
-71.4781
-71.4677
-71.4572
-71.4466
-71.436
-71.4253
-71.4145
-71.4036
-71.3927
-71.3817
-71.3707
-71.3596
-71.3484
-71.3371
-71.3258
-71.3144
-71.303
-71.2915
-71.2799
-71.2682
-71.2565
-71.2448
-71.2329
-71.2211
-71.2091
-71.1971
-71.185
-71.1729
-71.1607
-71.1484
-71.1361
-71.1237
-71.1113
-71.0988
-71.0863
-71.0737
-71.0611
-71.0483
-71.0356
-71.0228
-71.0099
-70.997
-70.984
-70.971
-70.9579
-70.9448
-70.9316
-70.9183
-70.9051
-70.8917
-70.8783
-70.8649
-70.8514
-70.8379
-70.8243
-70.8107
-70.7971
-70.7834
-70.7696
-70.7558
-70.742
-70.7281
-70.7141
-70.7002
-70.6861
-70.6721
-70.658
-70.6438
-70.6297
-70.6154
-70.6012
-70.5869
-70.5726
-70.5582
-70.5438
-70.5293
-70.5148
-70.5003
-70.4858
-70.4712
-70.4565
-70.4419
-70.4272
-70.4125
-70.3977
-70.3829
-70.3681
-70.3532
-70.3383
-70.3234
-70.3085
-70.2935
-70.2785
-70.2634
-70.2484
-70.2333
-70.2182
-70.203
-70.1878
-70.1726
-70.1574
-70.1422
-70.1269
-70.1116
-70.0963
-70.0809
-70.0656
-70.0502
-70.0348
-70.0193
-70.0039
-69.9884
-69.9729
-69.9574
-69.9419
-69.9263
-69.9107
-69.8951
-69.8795
-69.8639
-69.8483
-69.8326
-69.8169
-69.8013
-69.7855
-69.7698
-69.7541
-69.7383
-69.7226
-69.7068
-69.691
-69.6752
-69.6594
-69.6436
-69.6277
-69.6119
-69.596
-69.5802
-69.5643
-69.5484
-69.5325
-69.5166
-69.5007
-69.4848
-69.4689
-69.4529
-69.437
-69.4211
-69.4051
-69.3892
-69.3732
-69.3572
-69.3413
-69.3253
-69.3093
-69.2933
-69.2773
-69.2614
-69.2454
-69.2294
-69.2134
-69.1974
-69.1814
-69.1654
-69.1494
-69.1334
-69.1174
-69.1014
-69.0855
-69.0695
-69.0535
-69.0375
-69.0215
-69.0055
-68.9896
-68.9736
-68.9576
-68.9417
-68.9257
-68.9097
-68.8938
-68.8778
-68.8619
-68.846
-68.8301
-68.8141
-68.7982
-68.7823
-68.7664
-68.7505
-68.7346
-68.7188
-68.7029
-68.6871
-68.6712
-68.6554
-68.6395
-68.6237
-68.6079
-68.5921
-68.5763
-68.5606
-68.5448
-68.5291
-68.5133
-68.4976
-68.4819
-68.4662
-68.4505
-68.4348
-68.4192
-68.4035
-68.3879
-68.3723
-68.3567
-68.3411
-68.3255
-68.31
-68.2944
-68.2789
-68.2634
-68.2479
-68.2324
-68.217
-68.2015
-68.1861
-68.1707
-68.1553
-68.1399
-68.1246
-68.1092
-68.0939
-68.0786
-68.0633
-68.0481
-68.0328
-68.0176
-68.0024
-67.9872
-67.9721
-67.9569
-67.9418
-67.9267
-67.9117
-67.8966
-67.8816
-67.8666
-67.8516
-67.8366
-67.8217
-67.8067
-67.7918
-67.777
-67.7621
-67.7473
-67.7325
-67.7177
-67.7029
-67.6882
-67.6735
-67.6588
-67.6441
-67.6295
-67.6149
-67.6003
-67.5857
-67.5712
-67.5566
-67.5422
-67.5277
-67.5133
-67.4989
-67.4845
-67.4701
-67.4558
-67.4415
-67.4272
-67.413
-67.3987
-67.3846
-67.3704
-67.3562
-67.3421
-67.3281
-67.314
-67.3
-67.286
-67.272
-67.2581
-67.2441
-67.2303
-67.2164
-67.2026
-67.1888
-67.175
-67.1613
-67.1476
-67.1339
-67.1202
-67.1066
-67.093
-67.0795
-67.0659
-67.0524
-67.039
-67.0255
-67.0121
-66.9988
-66.9854
-66.9721
-66.9588
-66.9456
-66.9324
-66.9192
-66.906
-66.8929
-66.8798
-66.8668
-66.8538
-66.7023
-66.461
-66.1536
-65.7951
-65.3961
-64.9649
-64.5079
-64.0304
-63.5367
-63.0302
-62.5137
-61.9896
-61.4597
-60.9258
-60.3891
-59.8506
-59.3114
-58.7721
-58.2333
-57.6954
-57.1589
-56.6239
-56.0907
-55.5591
-55.0292
-54.5009
-53.9739
-53.4478
-52.9224
-52.397
-51.871
-51.3438
-50.8145
-50.2822
-49.7457
-49.2039
-48.6553
-48.0985
-47.5317
-46.9529
-46.36
-45.7505
-45.1217
-44.4706
-43.7938
-43.0872
-42.3466
-41.567
-40.7428
-39.8677
-38.9343
-37.9345
-36.8588
-35.6966
-34.4357
-33.0623
-31.5608
-29.9136
-28.1014
-26.103
-23.8957
-21.4563
-18.762
-15.7931
-12.5354
-8.98488
-5.15248
-1.06982
3.20629
7.59187
11.9783
16.2402
20.249
23.888
27.0677
29.7354
31.8782
33.5186
34.7054
35.502
35.9757
36.1901
36.2002
36.0509
35.7771
35.4052
34.9547
34.44
33.8714
33.2568
32.6019
31.9115
31.1891
30.4379
29.6604
28.8589
28.0355
27.1922
26.3306
25.4525
24.5595
23.6529
22.7343
21.8049
20.866
19.9187
18.9643
18.0038
17.0382
16.0684
15.0953
14.1199
13.1428
12.1648
11.1866
10.2088
9.23197
8.25672
7.28352
6.31282
5.34504
4.38057
3.41974
2.46288
1.51025
0.56212
-0.381308
-1.31984
-2.2533
-3.18155
-4.10446
-5.02194
-5.9339
-6.84029
-7.74107
-8.63621
-9.52569
-10.4095
-11.2877
-12.1603
-13.0274
-13.8889
-14.7451
-15.5959
-16.4415
-17.282
-18.1176
-18.9483
-19.7744
-20.596
-21.4134
-22.2267
-23.0363
-23.8424
-24.6453
-25.4453
-26.2429
-27.0383
-27.8321
-28.6246
-29.4165
-30.2083
-31.0005
-31.7937
-32.5888
-33.3864
-34.1872
-34.9922
-35.8022
-36.6181
-37.4408
-38.2714
-39.111
-39.9606
-40.8212
-41.694
-42.58
-43.4803
-44.3958
-45.3275
-46.2759
-47.2418
-48.2253
-49.2265
-50.2449
-51.2798
-52.3297
-53.3925
-54.4656
-55.5453
-56.6274
-57.7065
-58.7769
-59.8317
-60.8641
-61.8664
-62.8314
-63.7522
-64.6224
-65.4369
-66.1917
-66.8843
-67.5138
-68.0807
-68.5867
-69.0347
-69.4286
-69.7725
-70.071
-70.329
-70.551
-70.7415
-70.9044
-71.0436
-71.1624
-71.2638
-71.3504
-71.4244
-71.4877
-71.5421
-71.5889
-71.6293
-71.6643
-71.6948
-71.7215
-71.745
-71.7658
-71.7844
-71.801
-71.8159
-71.8295
-71.842
-71.8534
-71.864
-71.8738
-71.8831
-71.8918
-71.9
-71.9079
-71.9154
-71.9226
-71.9296
-71.9363
-71.9428
-71.9491
-71.9553
-71.9613
-71.9672
-71.9729
-71.9785
-71.9841
-71.9895
-71.9948
-72.0001
-72.0052
-72.0103
-72.0153
-72.0202
-72.0251
-72.0299
-72.0345
-72.0392
-72.0437
-72.0482
-72.0526
-72.0569
-72.0612
-72.0654
-72.0695
-72.0736
-72.0776
-72.0815
-72.0853
-72.089
-72.0927
-72.0963
-72.0999
-72.1033
-72.1067
-72.11
-72.1132
-72.1164
-72.1194
-72.1224
-72.1253
-72.1281
-72.1309
-72.1335
-72.1361
-72.1386
-72.141
-72.1433
-72.1456
-72.1477
-72.1498
-72.1518
-72.1536
-72.1555
-72.1572
-72.1588
-72.1603
-72.1618
-72.1631
-72.1644
-72.1656
-72.1667
-72.1677
-72.1686
-72.1694
-72.1701
-72.1708
-72.1713
-72.1717
-72.1721
-72.1723
-72.1725
-72.1726
-72.1725
-72.1724
-72.1722
-72.1719
-72.1715
-72.171
-72.1704
-72.1697
-72.1689
-72.168
-72.167
-72.1659
-72.1647
-72.1635
-72.1621
-72.1606
-72.159
-72.1574
-72.1556
-72.1538
-72.1518
-72.1497
-72.1476
-72.1453
-72.143
-72.1405
-72.138
-72.1354
-72.1326
-72.1298
-72.1269
-72.1238
-72.1207
-72.1175
-72.1142
-72.1108
-72.1072
-72.1036
-72.0999
-72.0961
-72.0922
-72.0882
-72.0841
-72.0799
-72.0757
-72.0713
-72.0668
-72.0622
-72.0576
-72.0528
-72.0479
-72.043
-72.0379
-72.0328
-72.0276
-72.0222
-72.0168
-72.0113
-72.0057
-72
-71.9942
-71.9883
-71.9823
-71.9763
-71.9701
-71.9639
-71.9575
-71.9511
-71.9446
-71.9379
-71.9312
-71.9244
-71.9176
-71.9106
-71.9035
-71.8964
-71.8891
-71.8818
-71.8744
-71.8669
-71.8593
-71.8516
-71.8439
-71.836
-71.8281
-71.8201
-71.812
-71.8038
-71.7955
-71.7872
-71.7787
-71.7702
-71.7616
-71.7529
-71.7442
-71.7353
-71.7264
-71.7174
-71.7083
-71.6991
-71.6899
-71.6805
-71.6711
-71.6617
-71.6521
-71.6425
-71.6327
-71.6229
-71.6131
-71.6031
-71.5931
-71.583
-71.5729
-71.5626
-71.5523
-71.5419
-71.5315
-71.5209
-71.5103
-71.4996
-71.4889
-71.4781
-71.4672
-71.4562
-71.4452
-71.4341
-71.423
-71.4117
-71.4004
-71.3891
-71.3776
-71.3661
-71.3546
-71.343
-71.3313
-71.3195
-71.3077
-71.2958
-71.2839
-71.2719
-71.2598
-71.2477
-71.2355
-71.2232
-71.2109
-71.1986
-71.1861
-71.1736
-71.1611
-71.1485
-71.1358
-71.1231
-71.1104
-71.0975
-71.0847
-71.0717
-71.0587
-71.0457
-71.0326
-71.0195
-71.0063
-70.993
-70.9797
-70.9663
-70.9529
-70.9395
-70.926
-70.9124
-70.8988
-70.8852
-70.8715
-70.8578
-70.844
-70.8302
-70.8163
-70.8024
-70.7884
-70.7744
-70.7603
-70.7462
-70.7321
-70.7179
-70.7037
-70.6894
-70.6751
-70.6608
-70.6464
-70.632
-70.6175
-70.603
-70.5885
-70.5739
-70.5593
-70.5446
-70.53
-70.5152
-70.5005
-70.4857
-70.4709
-70.456
-70.4411
-70.4262
-70.4113
-70.3963
-70.3813
-70.3662
-70.3512
-70.3361
-70.3209
-70.3058
-70.2906
-70.2754
-70.2601
-70.2448
-70.2295
-70.2142
-70.1989
-70.1835
-70.1681
-70.1527
-70.1372
-70.1218
-70.1063
-70.0907
-70.0752
-70.0596
-70.0441
-70.0285
-70.0128
-69.9972
-69.9815
-69.9659
-69.9502
-69.9344
-69.9187
-69.9029
-69.8872
-69.8714
-69.8556
-69.8398
-69.8239
-69.8081
-69.7922
-69.7764
-69.7605
-69.7446
-69.7287
-69.7127
-69.6968
-69.6808
-69.6649
-69.6489
-69.6329
-69.6169
-69.6009
-69.5849
-69.5689
-69.5529
-69.5368
-69.5208
-69.5047
-69.4887
-69.4726
-69.4565
-69.4405
-69.4244
-69.4083
-69.3922
-69.3761
-69.36
-69.3439
-69.3278
-69.3117
-69.2956
-69.2795
-69.2634
-69.2473
-69.2311
-69.215
-69.1989
-69.1828
-69.1667
-69.1506
-69.1344
-69.1183
-69.1022
-69.0861
-69.07
-69.0539
-69.0378
-69.0217
-69.0056
-68.9895
-68.9734
-68.9573
-68.9413
-68.9252
-68.9091
-68.8931
-68.877
-68.861
-68.8449
-68.8289
-68.8129
-68.7968
-68.7808
-68.7648
-68.7488
-68.7329
-68.7169
-68.7009
-68.685
-68.669
-68.6531
-68.6372
-68.6212
-68.6053
-68.5894
-68.5736
-68.5577
-68.5418
-68.526
-68.5102
-68.4943
-68.4785
-68.4628
-68.447
-68.4312
-68.4155
-68.3997
-68.384
-68.3683
-68.3526
-68.337
-68.3213
-68.3057
-68.2901
-68.2744
-68.2589
-68.2433
-68.2277
-68.2122
-68.1967
-68.1812
-68.1657
-68.1502
-68.1348
-68.1193
-68.1039
-68.0885
-68.0732
-68.0578
-68.0425
-68.0272
-68.0119
-67.9966
-67.9814
-67.9661
-67.9509
-67.9357
-67.9206
-67.9054
-67.8903
-67.8752
-67.8601
-67.8451
-67.8301
-67.8151
-67.8001
-67.7851
-67.7702
-67.7553
-67.7404
-67.7255
-67.7107
-67.6958
-67.681
-67.6663
-67.6515
-67.6368
-67.6221
-67.6074
-67.5928
-67.5782
-67.5636
-67.549
-67.5345
-67.52
-67.5055
-67.491
-67.4766
-67.4622
-67.4478
-67.4335
-67.4192
-67.4049
-67.3906
-67.3764
-67.3621
-67.348
-67.3338
-67.3197
-67.3056
-67.2915
-67.2775
-67.2635
-67.2495
-67.2355
-67.2216
-67.2077
-67.1938
-67.18
-67.1662
-67.1524
-67.1387
-67.125
-67.1113
-67.0976
-67.084
-67.0704
-67.0568
-67.0433
-67.0298
-67.0164
-67.0029
-66.9895
-66.9761
-66.9628
-66.9495
-66.9362
-66.923
-66.9098
-66.8966
-66.8835
-66.8703
-66.8573
-66.8442
-66.8312
-66.8182
-66.8053
-66.7924
-66.7795
-66.7666
-66.7538
-66.741
-66.7283
-66.7155
-66.7029
-66.6902
-66.6776
-66.665
-66.6525
-66.6399
-66.6275
-66.615
-66.6026
-66.5902
-66.5779
-66.5656
-66.5533
-66.5411
-66.5289
-66.5167
-66.5046
-66.4925
-66.4805
-66.4684
-66.4564
-66.4445
-66.4326
-66.4207
-66.4089
-66.3971
-66.3853
-66.3736
-66.3619
-66.2127
-65.9743
-65.6702
-65.3153
-64.92
-64.4926
-64.0396
-63.566
-63.0761
-62.5734
-62.0605
-61.5399
-61.0134
-60.4826
-59.9488
-59.413
-58.8761
-58.3388
-57.8017
-57.2652
-56.7295
-56.1949
-55.6615
-55.1293
-54.5981
-54.0679
-53.5381
-53.0086
-52.4787
-51.948
-51.4156
-50.8808
-50.3426
-49.7999
-49.2515
-48.696
-48.1318
-47.5572
-46.9701
-46.3684
-45.7495
-45.1107
-44.4487
-43.7601
-43.0408
-42.2863
-41.4915
-40.6505
-39.7566
-38.8024
-37.7791
-36.6771
-35.485
-34.1902
-32.778
-31.2323
-29.5345
-27.6644
-25.5998
-23.3172
-20.7928
-18.0035
-14.9301
-11.56
-7.89247
-3.9438
0.246925
4.61357
9.06197
13.4742
17.7189
21.6659
25.2031
28.2504
30.7678
32.7558
34.2485
35.3028
35.9866
36.3681
36.5095
36.4631
36.2201
35.8447
35.3737
34.8301
34.2296
33.5827
32.897
32.1779
31.4298
30.656
29.8594
29.0422
28.2066
27.3545
26.4877
25.6077
24.7161
23.8143
22.9035
21.9851
21.0602
20.1299
19.1952
18.2571
17.3165
16.3742
15.431
14.4878
13.545
12.6034
11.6636
10.726
9.79125
8.85969
7.93177
7.00786
6.08828
5.17336
4.26334
3.35849
2.45901
1.56509
0.676887
-0.205451
-1.08181
-1.95208
-2.8162
-3.67409
-4.52571
-5.37102
-6.21002
-7.04268
-7.86902
-8.68905
-9.50281
-10.3103
-11.1116
-11.9068
-12.6959
-13.479
-14.2562
-15.0276
-15.7932
-16.5532
-17.3077
-18.0569
-18.8008
-19.5396
-20.2735
-21.0027
-21.7274
-22.4477
-23.1639
-23.8762
-24.585
-25.2904
-25.9928
-26.6925
-27.3899
-28.0854
-28.7793
-29.4721
-30.1643
-30.8563
-31.5488
-32.2421
-32.9371
-33.6342
-34.3341
-35.0376
-35.7453
-36.4579
-37.1763
-37.9011
-38.6332
-39.3734
-40.1223
-40.8807
-41.6493
-42.4286
-43.2192
-44.0212
-44.835
-45.6603
-46.4969
-47.344
-48.2006
-49.0651
-49.9355
-50.8094
-51.6836
-52.5545
-53.4181
-54.2698
-55.1048
-55.9182
-56.7049
-57.4604
-58.1801
-58.8606
-59.4987
-60.0924
-60.6405
-61.1427
-61.5996
-62.0125
-62.3834
-62.7148
-63.0095
-63.2704
-63.5006
-63.7033
-63.8814
-64.0377
-64.1749
-64.2954
-64.4014
-64.4948
-64.5774
-64.6506
-64.7159
-64.7744
-64.8271
-64.8748
-64.9183
-64.9583
-64.9953
-65.0297
-65.0619
-65.0924
-65.1213
-65.1489
-65.1754
-65.2011
-65.2259
-65.2502
-65.2739
-65.2971
-65.3201
-65.3427
-65.3651
-65.3873
-65.4093
-65.4312
-65.4531
-65.4748
-65.4965
-65.5182
-65.5399
-65.5615
-65.5832
-65.6049
-65.6265
-65.6482
-65.67
-65.6917
-65.7135
-65.7353
-65.7571
-65.779
-65.8009
-65.8228
-65.8448
-65.8667
-65.8888
-65.9108
-65.9328
-65.9549
-65.977
-65.9991
-66.0212
-66.0434
-66.0655
-66.0877
-66.1098
-66.132
-66.1541
-66.1763
-66.1984
-66.2206
-66.2427
-66.2648
-66.2869
-66.309
-66.3311
-66.3531
-66.3751
-66.3971
-66.4191
-66.441
-66.4629
-66.4848
-66.5066
-66.5284
-66.5501
-66.5718
-66.5935
-66.6151
-66.6367
-66.6582
-66.6796
-66.701
-66.7224
-66.7436
-66.7649
-66.786
-66.8071
-66.8281
-66.8491
-66.87
-66.8908
-66.9116
-66.9322
-66.9528
-66.9734
-66.9938
-67.0142
-67.0344
-67.0547
-67.0748
-67.0948
-67.1148
-67.1346
-67.1544
-67.1741
-67.1937
-67.2132
-67.2326
-67.2519
-67.2711
-67.2903
-67.3093
-67.3282
-67.3471
-67.3658
-67.3844
-67.403
-67.4214
-67.4397
-67.458
-67.4761
-67.4941
-67.512
-67.5298
-67.5475
-67.5651
-67.5826
-67.6
-67.6172
-67.6344
-67.6514
-67.6684
-67.6852
-67.7019
-67.7185
-67.735
-67.7514
-67.7676
-67.7838
-67.7998
-67.8157
-67.8315
-67.8472
-67.8627
-67.8782
-67.8935
-67.9087
-67.9238
-67.9388
-67.9537
-67.9684
-67.983
-67.9975
-68.0119
-68.0262
-68.0403
-68.0544
-68.0683
-68.0821
-68.0957
-68.1093
-68.1227
-68.136
-68.1492
-68.1623
-68.1752
-68.188
-68.2007
-68.2133
-68.2258
-68.2381
-68.2503
-68.2624
-68.2744
-68.2863
-68.298
-68.3096
-68.3211
-68.3325
-68.3437
-68.3549
-68.3659
-68.3768
-68.3875
-68.3982
-68.4087
-68.4191
-68.4294
-68.4396
-68.4496
-68.4595
-68.4693
-68.479
-68.4886
-68.498
-68.5074
-68.5166
-68.5257
-68.5346
-68.5435
-68.5522
-68.5608
-68.5693
-68.5777
-68.586
-68.5941
-68.6022
-68.6101
-68.6179
-68.6256
-68.6331
-68.6406
-68.6479
-68.6551
-68.6622
-68.6692
-68.6761
-68.6828
-68.6895
-68.696
-68.7024
-68.7087
-68.7149
-68.721
-68.7269
-68.7328
-68.7385
-68.7441
-68.7496
-68.755
-68.7603
-68.7655
-68.7706
-68.7756
-68.7804
-68.7851
-68.7898
-68.7943
-68.7987
-68.803
-68.8072
-68.8113
-68.8153
-68.8192
-68.6836
-68.4597
-68.1728
-67.8384
-67.4677
-67.069
-66.6489
-66.2126
-65.7643
-65.3074
-64.8445
-64.378
-63.9097
-63.4411
-62.9735
-62.508
-62.0454
-61.5866
-61.1322
-60.6826
-60.2383
-59.7997
-59.3672
-58.9408
-58.5209
-58.1076
-57.7009
-57.301
-56.7965
-56.2326
-55.6312
-55.0058
-54.3654
-53.7168
-53.0648
-52.413
-51.7641
-51.12
-50.4818
-49.8504
-49.2261
-48.609
-47.999
-47.3956
-46.7982
-46.2061
-45.6182
-45.0336
-44.451
-43.8691
-43.2865
-42.7017
-42.1129
-41.5185
-40.9165
-40.305
-39.6816
-39.0443
-38.3905
-37.7176
-37.0229
-36.3033
-35.5558
-34.777
-33.9632
-33.1106
-32.2152
-31.2726
-30.2784
-29.2277
-28.1157
-26.9373
-25.6873
-24.3608
-22.953
-21.4593
-19.876
-18.2001
-16.4301
-14.566
-12.6098
-10.5661
-8.44257
-6.24992
-4.00263
-1.71885
0.579584
2.86738
5.11623
7.29552
9.37331
11.3177
13.0987
14.6898
16.0706
17.2281
18.1574
18.8621
19.3528
19.6457
19.7604
19.7179
19.5391
19.2436
18.8493
18.3714
17.8234
17.2162
16.5593
15.8604
15.126
14.3614
13.5714
12.7597
11.9298
11.0845
10.2264
9.35754
8.48005
7.59562
6.70579
5.81198
4.91542
4.01723
3.11842
2.2199
1.32247
0.426865
-0.466264
-1.35634
-2.24284
-3.12531
-4.00334
-4.87657
-5.74469
-6.60743
-7.46457
-8.31589
-9.16123
-10.0005
-10.8334
-11.6601
-12.4804
-13.2943
-14.1017
-14.9027
-15.6972
-16.4853
-17.2671
-18.0425
-18.8118
-19.5749
-20.332
-21.0832
-21.8286
-22.5684
-23.3028
-24.0319
-24.756
-25.4754
-26.1901
-26.9005
-27.607
-28.3097
-29.009
-29.7054
-30.3991
-31.0905
-31.7801
-32.4684
-33.1557
-33.8427
-34.5298
-35.2176
-35.9067
-36.5977
-37.2911
-37.9877
-38.688
-39.3928
-40.1027
-40.8184
-41.5406
-42.2699
-43.0068
-43.752
-44.506
-45.2691
-46.0418
-46.824
-47.6159
-48.4172
-49.2274
-50.0458
-50.8712
-51.7023
-52.5371
-53.3732
-54.208
-55.0382
-55.8602
-56.6699
-57.4632
-58.2355
-58.9826
-59.7001
-60.3843
-61.0317
-61.6397
-62.2062
-62.7303
-63.2115
-63.6503
-64.0479
-64.4062
-64.7272
-65.0136
-65.2682
-65.4938
-65.6933
-65.8694
-66.0248
-66.162
-66.2832
-66.3905
-66.4857
-66.5704
-66.646
-66.714
-66.7752
-66.8307
-66.8814
-66.9278
-66.9707
-67.0105
-67.0476
-67.0825
-67.1155
-67.1469
-67.1768
-67.2055
-67.2332
-67.2599
-67.2859
-67.3112
-67.336
-67.3602
-67.384
-67.4074
-67.4304
-67.4531
-67.4756
-67.4978
-67.5199
-67.5417
-67.5633
-67.5848
-67.6062
-67.6274
-67.6485
-67.6694
-67.6903
-67.711
-67.7317
-67.7522
-67.7727
-67.7931
-67.8133
-67.8335
-67.8536
-67.8736
-67.8935
-67.9134
-67.9331
-67.9528
-67.9724
-67.9919
-68.0113
-68.0306
-68.0498
-68.069
-68.0881
-68.107
-68.1259
-68.1447
-68.1634
-68.182
-68.2005
-68.2189
-68.2373
-68.2555
-68.2736
-68.2917
-68.3096
-68.3274
-68.3452
-68.3628
-68.3803
-68.3978
-68.4151
-68.4323
-68.4494
-68.4664
-68.4833
-68.5001
-68.5168
-68.5334
-68.5499
-68.5662
-68.5825
-68.5986
-68.6146
-68.6305
-68.6463
-68.662
-68.6776
-68.693
-68.7084
-68.7236
-68.7387
-68.7537
-68.7685
-68.7833
-68.7979
-68.8124
-68.8268
-68.8411
-68.8552
-68.8693
-68.8832
-68.897
-68.9106
-68.9242
-68.9376
-68.9509
-68.9641
-68.9771
-68.9901
-69.0029
-69.0156
-69.0281
-69.0406
-69.0529
-69.0651
-69.0771
-69.0891
-69.1009
-69.1126
-69.1241
-69.1356
-69.1469
-69.1581
-69.1691
-69.1801
-69.1909
-69.2016
-69.2121
-69.2226
-69.2329
-69.2431
-69.2532
-69.2631
-69.2729
-69.2826
-69.2921
-69.3016
-69.3109
-69.3201
-69.3292
-69.3381
-69.3469
-69.3556
-69.3642
-69.3726
-69.3809
-69.3891
-69.3972
-69.4051
-69.413
-69.4207
-69.4282
-69.4357
-69.443
-69.4502
-69.4573
-69.4643
-69.4711
-69.4779
-69.4845
-69.4909
-69.4973
-69.5036
-69.5097
-69.5157
-69.5216
-69.5273
-69.533
-69.5385
-69.5439
-69.5492
-69.5543
-69.5594
-69.5643
-69.5692
-69.5739
-69.5784
-69.5829
-69.5873
-69.5915
-69.5956
-69.5996
-69.6035
-69.6073
-69.611
-69.6145
-69.6179
-69.6213
-69.6245
-69.6276
-69.6306
-69.6334
-69.6362
-69.6389
-69.6414
-69.6438
-69.6462
-69.6484
-69.6505
-69.6525
-69.6544
-69.6562
-69.6579
-69.6594
-69.6609
-69.6622
-69.6635
-69.6646
-69.6657
-69.6666
-69.6675
-69.6682
-69.6688
-69.6693
-69.6698
-69.6701
-69.6703
-69.6704
-69.6704
-69.6704
-69.6702
-69.6699
-69.6695
-69.669
-69.6685
-69.6678
-69.667
-69.6661
-69.6652
-69.6641
-69.663
-69.6617
-69.6604
-69.6589
-69.6574
-69.6558
-69.654
-69.6522
-69.6503
-69.6483
-69.6462
-69.6441
-69.6418
-69.6394
-69.637
-69.6345
-69.6318
-69.6291
-69.6263
-69.6234
-69.6205
-69.6174
-69.6143
-69.611
-69.6077
-69.6043
-69.6008
-69.5973
-69.5936
-69.5899
-69.5861
-69.5822
-69.5782
-69.5742
-69.57
-69.5658
-69.5615
-69.5571
-69.5527
-69.5482
-69.5436
-69.5389
-69.5341
-69.5293
-69.5244
-69.5194
-69.5143
-69.5092
-69.504
-69.4987
-69.4933
-69.4879
-69.4824
-69.4769
-69.4712
-69.4655
-69.4597
-69.4539
-69.448
-69.442
-69.4359
-69.4298
-69.4236
-69.4174
-69.411
-69.4047
-69.3982
-69.3917
-69.3851
-69.3785
-69.3718
-69.365
-69.3581
-69.3513
-69.3443
-69.3373
-69.3302
-69.3231
-69.3159
-69.3086
-69.3013
-69.2939
-69.2865
-69.279
-69.2714
-69.2638
-69.2562
-69.2485
-69.2407
-69.2329
-69.225
-69.217
-69.2091
-69.201
-69.1929
-69.1848
-69.1766
-69.1683
-69.16
-69.1517
-69.1433
-69.1348
-69.1263
-69.1178
-69.1092
-69.1006
-69.0919
-69.0832
-69.0744
-69.0655
-69.0567
-69.0478
-69.0388
-69.0298
-69.0207
-69.0117
-69.0025
-68.9933
-68.9841
-68.9749
-68.9656
-68.9562
-68.9468
-68.9374
-68.928
-68.9185
-68.9089
-68.8993
-68.8897
-68.8801
-68.8704
-68.8607
-68.8509
-68.8411
-68.8313
-68.8214
-68.8115
-68.8016
-68.7916
-68.7816
-68.7716
-68.7615
-68.7514
-68.7413
-68.7311
-68.7209
-68.7107
-68.7004
-68.6902
-68.6798
-68.6695
-68.6591
-68.6487
-68.6383
-68.6279
-68.6174
-68.6069
-68.5963
-68.5858
-68.5752
-68.5646
-68.554
-68.5433
-68.5326
-68.5219
-68.5112
-68.5005
-68.4897
-68.4789
-68.4681
-68.4572
-68.4464

