-65
-64.9994
-64.9988
-64.9982
-64.9977
-64.9971
-64.9965
-64.996
-64.9954
-64.9949
-64.9943
-64.9938
-64.9932
-64.9927
-64.9922
-64.9917
-64.9912
-64.9906
-64.9901
-64.9896
-64.9891
-64.9886
-64.9881
-64.9876
-64.9872
-64.9867
-64.9862
-64.9857
-64.9852
-64.9848
-64.9843
-64.9838
-64.9834
-64.9829
-64.9825
-64.982
-64.9816
-64.9811
-64.9807
-64.9802
-64.9798
-64.9794
-64.9789
-64.9785
-64.9781
-64.9777
-64.9772
-64.9768
-64.9764
-64.976
-64.9756
-64.9752
-64.9748
-64.9744
-64.974
-64.9736
-64.9732
-64.9728
-64.9725
-64.9721
-64.9717
-64.9713
-64.971
-64.9706
-64.9702
-64.9699
-64.9695
-64.9692
-64.9688
-64.9685
-64.9681
-64.9678
-64.9675
-64.9671
-64.9668
-64.9665
-64.9661
-64.9658
-64.9655
-64.9652
-64.9649
-64.9646
-64.9642
-64.9639
-64.9636
-64.9633
-64.963
-64.9628
-64.9625
-64.9622
-64.9619
-64.9616
-64.9613
-64.9611
-64.9608
-64.9605
-64.9603
-64.96
-64.9598
-64.9595
-64.9592
-64.959
-64.9588
-64.9585
-64.9583
-64.958
-64.9578
-64.9576
-64.9573
-64.9571
-64.9569
-64.9567
-64.9565
-64.9562
-64.956
-64.9558
-64.9556
-64.9554
-64.9552
-64.955
-64.9548
-64.9546
-64.9545
-64.9543
-64.9541
-64.9539
-64.9537
-64.9536
-64.9534
-64.9532
-64.9531
-64.9529
-64.9527
-64.9526
-64.9524
-64.9523
-64.9521
-64.952
-64.9519
-64.9517
-64.9516
-64.9514
-64.9513
-64.9512
-64.9511
-64.9509
-64.9508
-64.9507
-64.9506
-64.9505
-64.9504
-64.9503
-64.9502
-64.95
-64.9499
-64.9499
-64.9498
-64.9497
-64.9496
-64.9495
-64.9494
-64.9493
-64.9492
-64.9492
-64.9491
-64.949
-64.9489
-64.9489
-64.9488
-64.9487
-64.9487
-64.9486
-64.9486
-64.9485
-64.9485
-64.9484
-64.9484
-64.9483
-64.9483
-64.9482
-64.9482
-64.9482
-64.9481
-64.9481
-64.9481
-64.948
-64.948
-64.948
-64.948
-64.948
-64.9479
-64.9479
-64.9479
-64.9479
-64.9479
-64.9479
-64.9479
-64.9479
-64.9479
-64.9479
-64.9479
-64.9479
-64.9479
-64.9479
-64.9479
-64.9479
-64.9479
-64.9479
-64.948
-64.948
-64.948
-64.948
-64.9481
-64.9481
-64.9481
-64.9481
-64.9482
-64.9482
-64.9482
-64.9483
-64.9483
-64.9483
-64.9484
-64.9484
-64.9485
-64.9485
-64.9486
-64.9486
-64.9487
-64.9487
-64.9488
-64.9488
-64.9489
-64.9489
-64.949
-64.9491
-64.9491
-64.9492
-64.9492
-64.9493
-64.9494
-64.9494
-64.9495
-64.9496
-64.9497
-64.9497
-64.9498
-64.9499
-64.95
-64.95
-64.9501
-64.9502
-64.9503
-64.9504
-64.9504
-64.9505
-64.9506
-64.9507
-64.9508
-64.9509
-64.951
-64.951
-64.9511
-64.9512
-64.9513
-64.9514
-64.9515
-64.9516
-64.9517
-64.9518
-64.9519
-64.952
-64.9521
-64.9522
-64.9523
-64.9524
-64.9525
-64.9526
-64.9527
-64.9528
-64.9529
-64.953
-64.9532
-64.9533
-64.9534
-64.9535
-64.9536
-64.9537
-64.9538
-64.9539
-64.954
-64.9542
-64.9543
-64.9544
-64.9545
-64.9546
-64.9547
-64.9548
-64.955
-64.9551
-64.9552
-64.9553
-64.9554
-64.9556
-64.9557
-64.9558
-64.9559
-64.956
-64.9562
-64.9563
-64.9564
-64.9565
-64.9566
-64.9568
-64.9569
-64.957
-64.9571
-64.9573
-64.9574
-64.9575
-64.9576
-64.9578
-64.9579
-64.958
-64.9581
-64.9583
-64.9584
-64.9585
-64.9587
-64.9588
-64.9589
-64.959
-64.9592
-64.9593
-64.9594
-64.9595
-64.9597
-64.9598
-64.9599
-64.96
-64.9602
-64.9603
-64.9604
-64.9606
-64.9607
-64.9608
-64.9609
-64.9611
-64.9612
-64.9613
-64.9614
-64.9616
-64.9617
-64.9618
-64.962
-64.9621
-64.9622
-64.9623
-64.9625
-64.9626
-64.9627
-64.9628
-64.963
-64.9631
-64.9632
-64.9633
-64.9635
-64.9636
-64.9637
-64.9638
-64.964
-64.9641
-64.9642
-64.9643
-64.9645
-64.9646
-64.9647
-64.9648
-64.9649
-64.9651
-64.9652
-64.9653
-64.9654
-64.9655
-64.9657
-64.9658
-64.9659
-64.966
-64.9661
-64.9663
-64.9664
-64.9665
-64.9666
-64.9667
-64.9668
-64.967
-64.9671
-64.9672
-64.9673
-64.9674
-64.9675
-64.9677
-64.9678
-64.9679
-64.968
-64.9681
-64.9682
-64.9683
-64.9684
-64.9685
-64.9687
-64.9688
-64.9689
-64.969
-64.9691
-64.9692
-64.9693
-64.9694
-64.9695
-64.9696
-64.9697
-64.9698
-64.9699
-64.97
-64.9701
-64.9702
-64.9703
-64.9704
-64.9705
-64.9706
-64.9707
-64.9708
-64.9709
-64.971
-64.9711
-64.9712
-64.9713
-64.9714
-64.9715
-64.9716
-64.9717
-64.9718
-64.9719
-64.972
-64.9721
-64.9722
-64.9722
-64.9723
-64.9724
-64.9725
-64.9726
-64.9727
-64.9728
-64.9729
-64.9729
-64.973
-64.9731
-64.9732
-64.9733
-64.9734
-64.9734
-64.9735
-64.9736
-64.9737
-64.9738
-64.9738
-64.9739
-64.974
-64.9741
-64.9741
-64.9742
-64.9743
-64.9744
-64.9744
-64.8399
-64.6178
-64.3312
-63.9946
-63.6183
-63.2103
-62.7767
-62.3227
-61.8523
-61.3688
-60.8749
-60.3729
-59.8645
-59.3513
-58.8344
-58.3148
-57.7934
-57.2707
-56.7472
-56.2233
-55.6991
-55.1747
-54.6501
-54.1253
-53.5999
-53.0737
-52.5461
-52.0167
-51.4847
-50.9494
-50.4097
-49.8648
-49.3132
-48.7536
-48.1845
-47.604
-47.0102
-46.4007
-45.773
-45.1243
-44.4512
-43.7502
-43.0169
-42.2469
-41.4346
-40.574
-39.6582
-38.6793
-37.6282
-36.4946
-35.2668
-33.9312
-32.4727
-30.874
-29.1159
-27.1771
-25.0345
-22.6639
-20.041
-17.1432
-13.9524
-10.4592
-6.66771
-2.60151
1.69063
6.13145
10.616
15.0181
19.2032
23.0444
26.4393
29.3216
31.6667
33.4885
34.8315
35.7582
36.3378
36.6374
36.7162
36.623
36.3962
36.0647
35.65
35.1677
34.6293
34.0432
33.4155
32.7511
32.0538
31.3267
30.5725
29.7935
28.9917
28.1691
27.3275
26.4685
25.5936
24.7043
23.802
22.8881
21.9638
21.0303
20.0887
19.1402
18.1857
17.2262
16.2627
15.2737
14.2761
13.2767
12.2793
11.2857
10.2971
9.31442
8.33813
7.36866
6.40631
5.45132
4.50389
3.56416
2.63225
1.70826
0.792245
-0.11574
-1.01567
-1.90754
-2.79136
-3.66715
-4.53495
-5.3948
-6.24676
-7.0909
-7.92729
-8.75602
-9.57719
-10.3909
-11.1972
-11.9963
-12.7883
-13.5732
-14.3513
-15.1227
-15.8874
-16.6458
-17.3978
-18.1438
-18.8838
-19.618
-20.3467
-21.0701
-21.7884
-22.5017
-23.2105
-23.9149
-24.6152
-25.3117
-26.0048
-26.6948
-27.3821
-28.067
-28.75
-29.4315
-30.112
-30.7921
-31.4722
-32.1528
-32.8347
-33.5184
-34.2045
-34.8938
-35.5869
-36.2846
-36.9876
-37.6966
-38.4124
-39.1357
-39.8673
-40.6078
-41.3579
-42.1181
-42.8888
-43.6703
-44.4628
-45.2661
-46.0798
-46.9032
-47.7352
-48.5743
-49.4185
-50.2652
-51.1116
-51.9541
-52.7887
-53.6111
-54.4167
-55.2007
-55.9585
-56.6857
-57.378
-58.0322
-58.6455
-59.2158
-59.7422
-60.2244
-60.663
-61.0592
-61.415
-61.7327
-62.0149
-62.2645
-62.4844
-62.6775
-62.8467
-62.9947
-63.1241
-63.237
-63.3358
-63.4222
-63.4979
-63.5645
-63.6233
-63.6753
-63.7217
-63.7632
-63.8005
-63.8345
-63.8655
-63.894
-63.9205
-63.9453
-63.9687
-63.9908
-64.0121
-64.0325
-64.0523
-64.0716
-64.0905
-64.1091
-64.1275
-64.1457
-64.1638
-64.1819
-64.1999
-64.218
-64.2361
-64.2543
-64.2725
-64.2909
-64.3094
-64.328
-64.3468
-64.3657
-64.3847
-64.4039
-64.4232
-64.4427
-64.4624
-64.4822
-64.5021
-64.5222
-64.5425
-64.5629
-64.5834
-64.6041
-64.625
-64.6459
-64.667
-64.6882
-64.7096
-64.731
-64.7526
-64.7743
-64.7961
-64.818
-64.84
-64.8621
-64.8843
-64.9066
-64.929
-64.9514
-64.974
-64.9966
-65.0193
-65.042
-65.0648
-65.0877
-65.1106
-65.1335
-65.1565
-65.1796
-65.2027
-65.2258
-65.249
-65.2722
-65.2954
-65.3186
-65.3419
-65.3652
-65.3885
-65.4118
-65.4351
-65.4584
-65.4817
-65.505
-65.5283
-65.5516
-65.5749
-65.5982
-65.6215
-65.6447
-65.668
-65.6912
-65.7144
-65.7375
-65.7606
-65.7837
-65.8068
-65.8298
-65.8528
-65.8757
-65.8986
-65.9215
-65.9443
-65.967
-65.9898
-66.0124
-66.035
-66.0575
-66.08
-66.1025
-66.1248
-66.1471
-66.1693
-66.1915
-66.2136
-66.2356
-66.2576
-66.2795
-66.3013
-66.323
-66.3447
-66.3662
-66.3877
-66.4091
-66.4305
-66.4517
-66.4729
-66.494
-66.5149
-66.5358
-66.5567
-66.5774
-66.598
-66.6185
-66.639
-66.6593
-66.6796
-66.6997
-66.5897
-66.4009
-66.1584
-65.8773
-65.5681
-65.2385
-64.8945
-64.5405
-64.18
-63.8158
-63.4501
-63.0846
-62.7208
-62.3596
-62.0021
-61.6489
-61.3007
-60.9579
-60.6209
-60.29
-59.9655
-59.6475
-59.3361
-59.0315
-58.7338
-58.4428
-58.1588
-57.8816
-57.6112
-57.3476
-57.0907
-56.8404
-56.5966
-56.3593
-56.1283
-55.9036
-55.6849
-55.4722
-55.2654
-55.0643
-54.8688
-54.6788
-54.4941
-54.3146
-54.1402
-53.9707
-53.8061
-53.6461
-53.4907
-53.3398
-53.1931
-53.0507
-52.9123
-52.7779
-52.6474
-52.5206
-52.3975
-52.2779
-52.1617
-52.049
-51.9394
-51.8331
-51.7298
-51.6296
-51.5323
-51.4378
-51.3461
-51.2572
-51.1709
-51.0872
-51.006
-50.9272
-50.8509
-50.777
-50.7054
-50.636
-50.5689
-50.5039
-50.4411
-50.3804
-50.3218
-50.2652
-50.2106
-50.1579
-50.1072
-50.0585
-50.0116
-49.9666
-49.9235
-49.8822
-49.8428
-49.8051
-49.7692
-49.7351
-49.7027
-49.6721
-49.6432
-49.6161
-49.5907
-49.567
-49.5451
-49.5248
-49.5063
-49.4894
-49.4743
-49.4609
-49.4491
-49.4391
-49.4308
-49.4242
-49.4194
-49.4162
-49.4148
-49.4151
-49.4171
-49.4209
-49.4265
-49.4338
-49.4428
-49.4537
-49.4664
-49.4808
-49.4971
-49.5152
-49.5351
-49.5568
-49.5805
-49.606
-49.6333
-49.6626
-49.6938
-49.7269
-49.7619
-49.7989
-49.8378
-49.8787
-49.9216
-49.9665
-50.0134
-50.0623
-50.1132
-50.1662
-50.2212
-50.2783
-50.3375
-50.3987
-50.462
-50.5274
-50.5949
-50.6646
-50.7363
-50.8101
-50.886
-50.964
-51.0441
-51.1263
-51.2107
-51.2971
-51.3856
-51.4761
-51.5687
-51.6634
-51.76
-51.8587
-51.9593
-52.0619
-52.1664
-52.2729
-52.3812
-52.4913
-52.6032
-52.7169
-52.8323
-52.8471
-52.8012
-52.7137
-52.5957
-52.4547
-52.2963
-52.1244
-51.9421
-51.7518
-51.5554
-51.3544
-51.1498
-50.9426
-50.7336
-50.5234
-50.3124
-50.1011
-49.8898
-49.6787
-49.4682
-49.2583
-49.0492
-48.841
-48.6338
-48.4276
-48.2225
-48.0185
-47.8156
-47.6137
-47.4128
-47.2129
-47.0139
-46.8157
-46.6183
-46.4215
-46.2253
-46.0295
-45.834
-45.6387
-45.4435
-45.2482
-45.0526
-44.8566
-44.66
-44.4626
-44.2643
-44.0648
-43.864
-43.6616
-43.4574
-43.2512
-43.0427
-42.8317
-42.6178
-42.4008
-42.1804
-41.9563
-41.7281
-41.4954
-41.2579
-41.0153
-40.7669
-40.5125
-40.2514
-39.9833
-39.7075
-39.4235
-39.1305
-38.8281
-38.5154
-38.1917
-37.8561
-37.5078
-37.1458
-36.7691
-36.3766
-35.9671
-35.5394
-35.0922
-34.6239
-34.1331
-33.6179
-33.0768
-32.5078
-31.9088
-31.2777
-30.6122
-29.91
-29.1685
-28.3853
-27.5576
-26.6827
-25.7581
-24.7811
-23.7494
-22.6609
-21.5141
-20.3079
-19.0424
-17.7186
-16.3391
-14.9083
-13.433
-11.9223
-10.3883
-8.8459
-7.31281
-5.8091
-4.35639
-2.97682
-1.6918
-0.52068
0.520443
1.41958
2.16932
2.76687
3.21363
3.51461
3.67756
3.71216
3.62922
3.43999
3.15569
2.78708
2.34428
1.83657
1.27238
0.659287
0.00402328
-0.687428
-1.40979
-2.15839
-2.92913
-3.71839
-4.52298
-5.34008
-6.16722
-7.00221
-7.84311
-8.68822
-9.53604
-10.3852
-11.2347
-12.0833
-12.9302
-13.7746
-14.6159
-15.4535
-16.2867
-17.1154
-17.9389
-18.7572
-19.5698
-20.3768
-21.1778
-21.9729
-22.7619
-23.545
-24.322
-25.0931
-25.8585
-26.6181
-27.3722
-28.121
-28.8648
-29.6037
-30.3381
-31.0684
-31.7947
-32.5177
-33.2375
-33.9548
-34.6698
-35.3832
-36.0955
-36.8071
-37.5186
-38.2306
-38.9437
-39.6584
-40.3755
-41.0956
-41.8192
-42.5471
-43.2798
-44.0179
-44.7621
-45.5129
-46.2708
-47.0362
-47.8096
-48.5912
-49.3812
-50.1796
-50.9863
-51.8009
-52.6229
-53.4514
-54.2854
-55.1235
-55.9638
-56.8042
-57.6423
-58.4751
-59.2993
-60.1115
-60.9078
-61.6843
-62.4369
-63.1618
-63.8552
-64.5139
-65.1351
-65.7167
-66.2572
-66.756
-67.213
-67.6292
-68.0057
-68.3445
-68.6478
-68.9181
-69.1581
-69.3704
-69.5578
-69.7229
-69.8681
-69.9957
-70.1079
-70.2065
-70.2933
-70.3697
-70.4372
-70.4969
-70.5499
-70.5971
-70.6392
-70.677
-70.7111
-70.7419
-70.7698
-70.7954
-70.8188
-70.8404
-70.8604
-70.8791
-70.8965
-70.9129
-70.9283
-70.9429
-70.9569
-70.9702
-70.9829
-70.9951
-71.007
-71.0184
-71.0294
-71.0402
-71.0506
-71.0608
-71.0707
-71.0805
-71.09
-71.0993
-71.1084
-71.1174
-71.1262
-71.1349
-71.1435
-71.1518
-71.1601
-71.1682
-71.1763
-71.1842
-71.1919
-71.1996
-71.2072
-71.2146
-71.2219
-71.2292
-71.2363
-71.2433
-71.2502
-71.257
-71.2637
-71.2703
-71.2768
-71.2832
-71.2895
-71.2957
-71.3018
-71.3078
-71.3137
-71.3195
-71.3251
-71.3307
-71.3362
-71.3416
-71.3468
-71.352
-71.3571
-71.362
-71.3669
-71.3716
-71.3762
-71.3808
-71.3852
-71.3895
-71.3938
-71.3979
-71.4019
-71.4058
-71.4096
-71.4133
-71.4169
-71.4203
-71.4237
-71.427
-71.4301
-71.4332
-71.4361
-71.439
-71.4417
-71.4443
-71.4468
-71.4492
-71.4515
-71.4537
-71.4558
-71.4578
-71.4596
-71.4614
-71.463
-71.4646
-71.466
-71.4673
-71.4685
-71.4696
-71.4706
-71.4715
-71.4723
-71.3309
-71.1017
-70.8114
-70.4764
-70.1084
-69.7158
-69.3054
-68.8823
-68.4507
-68.0138
-67.5741
-67.134
-66.695
-66.2585
-65.8257
-65.3976
-64.9749
-64.5582
-64.148
-63.7448
-63.3489
-62.9605
-62.5799
-62.2072
-61.8425
-61.486
-61.1375
-60.7973
-60.4651
-60.1411
-59.8252
-59.5172
-59.2171
-58.9248
-58.6402
-58.3632
-58.0937
-57.8314
-57.5763
-57.3283
-57.0871
-56.8527
-56.6248
-56.4034
-56.1882
-55.9791
-55.776
-55.5787
-55.387
-55.2009
-55.02
-54.8444
-54.6738
-54.5081
-54.3471
-54.1908
-54.039
-53.8915
-53.7482
-53.6091
-53.4739
-53.3426
-53.2151
-53.0912
-52.9708
-52.8539
-52.7403
-52.6299
-52.5227
-52.4186
-52.3174
-52.2191
-52.1237
-52.031
-51.9409
-51.8535
-51.7686
-51.6862
-51.6062
-51.5285
-51.4532
-51.3802
-51.3093
-51.2406
-51.1741
-51.1096
-51.0472
-50.9867
-50.9283
-50.8718
-50.8172
-50.7645
-50.7137
-50.6646
-50.6174
-50.572
-50.5284
-50.4865
-50.4464
-50.408
-50.3712
-50.3362
-50.3029
-50.2713
-50.2413
-50.2129
-50.1863
-50.1612
-50.1379
-50.1161
-50.096
-50.0776
-50.0608
-50.0456
-50.0321
-50.0203
-50.0101
-50.0015
-49.9946
-49.9894
-49.9859
-49.984
-49.9839
-49.9854
-49.9887
-49.9936
-50.0003
-50.0088
-50.0189
-50.0309
-50.0446
-50.0602
-50.0775
-50.0966
-50.1176
-50.1404
-50.1651
-50.1916
-50.2201
-50.2504
-50.2827
-50.3169
-50.353
-50.3911
-50.4312
-50.4733
-50.5175
-50.5636
-50.6118
-50.662
-50.7143
-50.7687
-50.8252
-50.8837
-50.9444
-51.0071
-51.0721
-51.1391
-51.2083
-51.2796
-51.3531
-51.4287
-51.5064
-51.5863
-51.6683
-51.7525
-51.8388
-51.9272
-52.0177
-52.1103
-52.2049
-52.3017
-52.4004
-52.5012
-52.604
-52.7088
-52.8154
-52.924
-53.0344
-53.1467
-53.2607
-53.3765
-53.4939
-53.613
-53.7337
-53.8559
-53.9796
-54.1047
-54.2312
-54.359
-54.4879
-54.6181
-54.7493
-54.8815
-55.0146
-55.1486
-55.2834
-55.4188
-55.5549
-55.6916
-55.8286
-55.9661
-56.1038
-56.2418
-56.3799
-56.518
-56.6561
-56.794
-56.9318
-57.0693
-57.2065
-57.3432
-57.4794
-57.6151
-57.7501
-57.8844
-58.018
-58.1507
-58.2825
-58.4134
-58.5433
-58.6721
-58.7998
-58.9264
-59.0518
-59.176
-59.2989
-59.4205
-59.5408
-59.6597
-59.7773
-59.8934
-60.0082
-60.1215
-60.2333
-60.3437
-60.4526
-60.56
-60.666
-60.7704
-60.8734
-60.9748
-61.0748
-61.1733
-61.2703
-61.3659
-61.46
-61.5526
-61.6438
-61.7336
-61.822
-61.9089
-61.9945
-62.0787
-62.1615
-62.2431
-62.3233
-62.4021
-62.4797
-62.5561
-62.6312
-62.705
-62.7777
-62.8492
-62.9195
-62.9886
-63.0566
-63.1235
-63.1894
-63.2541
-63.3178
-63.3804
-63.4421
-63.5027
-63.5624
-63.6211
-63.6789
-63.7357
-63.7916
-63.8467
-63.9009
-63.9542
-64.0067
-64.0583
-64.1092
-64.1593
-64.2086
-64.2571
-64.3049
-64.3519
-64.3983
-64.4439
-64.4889
-64.5332
-64.5768
-64.6197
-64.6621
-64.7038
-64.7449
-64.7853
-64.8252
-64.8646
-64.9033
-64.9415
-64.9792
-65.0163
-65.0528
-65.0889
-65.1245
-65.1595
-65.1941
-65.2282
-65.2618
-65.2949
-65.3276
-65.3599
-65.3917
-65.423
-65.454
-65.4845
-65.5146
-65.5443
-65.5736
-65.6025
-65.631
-65.6592
-65.6869
-65.7143
-65.7414
-65.7681
-65.7944
-65.8204
-65.846
-65.8713
-65.8963
-65.9209
-65.9452
-65.9692
-65.9929
-66.0163
-66.0394
-66.0622
-66.0846
-66.1068
-66.1287
-66.1503
-66.1717
-66.1927
-66.2135
-66.234
-66.2543
-66.2742
-66.294
-66.3134
-66.3326
-66.3516
-66.3703
-66.3887
-66.407
-66.4249
-66.4427
-66.4602
-66.4775
-66.4945
-66.5113
-66.5279
-66.5443
-66.5604
-66.5764
-66.5921
-66.6076
-66.6229
-66.638
-66.6529
-66.6675
-66.682
-66.6963
-66.7103
-66.7242
-66.7379
-66.7514
-66.7647
-66.7778
-66.7907
-66.8034
-66.816
-66.8283
-66.8405
-66.8525
-66.8644
-66.876
-66.8875
-66.8988
-66.9099
-66.9209
-66.9317
-66.9423
-66.9528
-66.963
-66.9732
-66.9831
-66.993
-67.0026
-67.0121
-67.0214
-67.0306
-67.0396
-67.0485
-67.0572
-67.0658
-67.0742
-67.0825
-67.0906
-67.0986
-67.1064
-67.1141
-67.1217
-67.1291
-67.1364
-67.1435
-67.1505
-67.1573
-67.1641
-67.1706
-67.1771
-67.1834
-67.1896
-67.1956
-67.2016
-67.2074
-67.213
-67.2186
-67.224
-67.2293
-67.2345
-67.2395
-67.2444
-67.2492
-67.2539
-67.2585
-67.2629
-67.2672
-67.2714
-67.2755
-67.2795
-67.2834
-67.149
-66.9257
-66.6376
-66.3
-65.9237
-65.5167
-65.0858
-64.6361
-64.1717
-63.6962
-63.2123
-62.7224
-62.2283
-61.7317
-61.2339
-60.7359
-60.2388
-59.7434
-59.2502
-58.7598
-58.2727
-57.7892
-57.3097
-56.8344
-56.3633
-55.8967
-55.4345
-54.9767
-54.5233
-54.0741
-53.6291
-53.1878
-52.7502
-52.3159
-51.8845
-51.4556
-51.0287
-50.6033
-50.1789
-49.7548
-49.3303
-48.9047
-48.4771
-48.0467
-47.6124
-47.1733
-46.7282
-46.2759
-45.815
-45.344
-44.8614
-44.3654
-43.854
-43.3253
-42.7769
-42.2063
-41.6107
-40.9869
-40.3316
-39.6409
-38.9106
-38.1359
-37.3117
-36.4321
-35.4904
-34.4795
-33.3913
-32.2168
-30.9463
-29.5689
-28.0732
-26.4467
-24.6765
-22.7497
-20.6534
-18.3765
-15.9097
-13.2481
-10.3927
-7.35244
-4.14704
-0.808781
2.61602
6.06718
9.47277
12.7536
15.83
18.6294
21.0943
23.1874
24.8944
26.2226
27.1963
27.8514
28.2293
28.3721
28.3193
28.1054
27.7597
27.3062
26.7643
26.1493
25.4733
24.7459
23.9749
23.1666
22.326
21.4576
20.5651
19.6516
18.72
17.7728
16.8123
15.8405
14.8591
13.8701
12.8748
11.8747
10.8711
9.86513
8.85796
7.85054
6.84377
5.83847
4.83539
3.8352
2.8385
1.84584
0.857705
-0.12548
-1.10333
-2.07552
-3.04174
-4.00176
-4.95535
-5.90235
-6.8426
-7.77599
-8.70242
-9.62184
-10.5342
-11.4395
-12.3377
-13.2288
-14.1129
-14.9901
-15.8604
-16.7239
-17.5807
-18.4309
-19.2748
-20.1124
-20.9439
-21.7695
-22.5895
-23.4041
-24.2136
-25.0181
-25.8182
-26.614
-27.406
-28.1945
-28.98
-29.763
-30.5439
-31.3232
-32.1016
-32.8796
-33.6579
-34.4371
-35.2179
-36.0012
-36.7876
-37.5148
-38.2122
-38.893
-39.5643
-40.2304
-40.8943
-41.5579
-42.223
-42.8906
-43.5616
-44.2369
-44.9169
-45.6022
-46.293
-46.9896
-47.6917
-48.3992
-49.1116
-49.828
-50.5476
-51.2687
-51.9898
-52.7086
-53.4227
-54.129
-54.8244
-55.5053
-56.1679
-56.8084
-57.4229
-58.0078
-58.5596
-59.0756
-59.5535
-59.9916
-60.3891
-60.746
-61.0628
-61.3409
-61.5821
-61.7885
-61.9627
-62.1075
-62.2257
-62.32
-62.3933
-62.448
-62.4866
-62.5113
-62.5242
-62.527
-62.5213
-62.5086
-62.4901
-62.4669
-62.4399
-62.4099
-62.3776
-62.3436
-62.3084
-62.2724
-62.2359
-62.1993
-62.1628
-62.1267
-62.091
-62.056
-62.0218
-61.9884
-61.9559
-61.9244
-61.894
-61.8647
-61.8365
-61.8095
-61.7836
-61.7588
-61.7353
-61.7129
-61.6916
-61.6715
-61.6526
-61.6348
-61.6181
-61.6026
-61.5881
-61.5748
-61.5624
-61.5512
-61.541
-61.5317
-61.5235
-61.5163
-61.51
-61.5047
-61.5003
-61.4968
-61.4942
-61.4924
-61.4916
-61.4915
-61.4923
-61.4939
-61.4962
-61.4994
-61.5032
-61.5079
-61.5132
-61.5193
-61.526
-61.5334
-61.5415
-61.5502
-61.5596
-61.5696
-61.5801
-61.5913
-61.6031
-61.6154
-61.6282
-61.6416
-61.6555
-61.67
-61.6849
-61.7003
-61.7162
-61.7326
-61.7494
-61.7667
-61.7844
-61.8025
-61.821
-61.84
-61.8593
-61.879
-61.8991
-61.9195
-61.9403
-61.9614
-61.9829
-62.0046
-62.0267
-62.0491
-62.0718
-62.0948
-62.1181
-62.1416
-62.1655
-62.1895
-62.2138
-62.2384
-62.2632
-62.2882
-62.3134
-62.3388
-62.3645
-62.3903
-62.4164
-62.4426
-62.469
-62.4956
-62.5223
-62.5492
-62.5763
-62.6035
-62.6308
-62.6583
-62.6859
-62.7137
-62.7415
-62.7695
-62.7976
-62.8257
-62.854
-62.8824
-62.9109
-62.9394
-62.968
-62.9967
-63.0255
-63.0543
-63.0832
-63.1122
-63.1412
-63.1703
-63.1994
-63.2285
-63.2577
-63.2869
-63.3161
-63.3454
-63.3746
-63.4039
-63.4333
-63.4626
-63.4919
-63.5213
-63.5506
-63.5799
-63.6092
-63.6386
-63.6679
-63.6972
-63.7264
-63.7557
-63.7849
-63.8141
-63.8433
-63.8724
-63.9015
-63.9306
-63.9596
-63.9886
-64.0175
-64.0464
-64.0753
-64.1041
-64.1328
-64.1615
-64.1901
-64.2187
-64.2472
-64.2756
-64.304
-64.3323
-64.3605
-64.3887
-64.4168
-64.4448
-64.4727
-64.5006
-64.4017
-64.2253
-63.9954
-63.7267
-63.4292
-63.1105
-62.7764
-62.4313
-62.0786
-61.7212
-61.3612
-61.0005
-60.6403
-60.282
-59.9263
-59.5742
-59.2261
-58.8827
-58.5443
-58.2112
-57.8838
-57.5622
-57.2467
-56.9372
-56.634
-56.3371
-56.0465
-55.7621
-55.4841
-55.2122
-54.9466
-54.6871
-54.4336
-54.186
-53.9443
-53.7083
-53.4779
-53.2529
-53.0333
-52.8189
-52.6096
-52.4052
-52.2056
-52.0106
-51.8201
-51.6339
-51.452
-51.2741
-51.1001
-50.9299
-50.7633
-50.6002
-50.4405
-50.284
-50.1305
-49.9801
-49.8324
-49.6875
-49.5452
-49.4053
-49.2678
-49.1325
-48.9994
-48.8682
-48.739
-48.6116
-48.4859
-48.3618
-48.2392
-48.118
-47.9981
-47.8795
-47.762
-47.6456
-47.5301
-47.4154
-47.3016
-47.1884
-47.0759
-46.9639
-46.8523
-46.741
-46.6301
-46.5193
-46.4085
-46.2978
-46.187
-46.076
-45.9647
-45.853
-45.7409
-45.6282
-45.5147
-45.4005
-45.2854
-45.1692
-45.0519
-44.9333
-44.8133
-44.6918
-44.5685
-44.4435
-44.3164
-44.1871
-44.0555
-43.9214
-43.7845
-43.6447
-43.5018
-43.3554
-43.2054
-43.0515
-42.8934
-42.7308
-42.5634
-42.3908
-42.2127
-42.0288
-41.8384
-41.6414
-41.437
-41.2249
-41.0045
-40.7751
-40.5362
-40.287
-40.0268
-39.7548
-39.4701
-39.1718
-38.8589
-38.5302
-38.1846
-37.8208
-37.4374
-37.033
-36.6058
-36.1541
-35.6761
-35.1697
-34.6326
-34.0626
-33.457
-32.8132
-32.1283
-31.3991
-30.6226
-29.7953
-28.9137
-27.9745
-26.9739
-25.9087
-24.7757
-23.5291
-22.1902
-20.7697
-19.2745
-17.7112
-16.087
-14.4106
-12.6929
-10.9475
-9.19078
-7.44215
-5.7235
-4.05854
-2.47172
-0.986847
0.374347
1.59358
2.65708
3.5562
4.28752
4.85248
5.25667
5.5089
5.62022
5.60298
5.47004
5.23416
4.90758
4.50169
4.02692
3.49263
2.90721
2.27803
1.61161
0.913645
0.189123
-0.557588
-1.32267
-2.1028
-2.89503
-3.69681
-4.50589
-5.3203
-6.13832
-6.95842
-7.77927
-8.59971
-9.41872
-10.2354
-11.049
-11.8589
-12.6644
-13.465
-14.2604
-15.0502
-15.8341
-16.6119
-17.3833
-18.1482
-18.9066
-19.6582
-20.4032
-21.1415
-21.8731
-22.5981
-23.3166
-24.0286
-24.7343
-25.434
-26.1276
-26.8156
-27.4979
-28.1751
-28.8472
-29.5145
-30.1775
-30.8364
-31.4916
-32.1435
-32.7924
-33.4388
-34.0831
-34.7259
-35.3674
-36.0084
-36.6492
-37.2905
-37.9328
-38.5766
-39.2225
-39.8711
-40.5229
-41.1787
-41.8388
-42.5039
-43.1746
-43.8511
-44.5341
-45.2238
-45.9205
-46.6244
-47.3355
-48.0536
-48.7784
-49.5094
-50.2457
-50.9861
-51.7294
-52.4736
-53.2168
-53.9564
-54.6896
-55.4134
-56.1243
-56.8191
-57.494
-58.1457
-58.7709
-59.3667
-59.9305
-60.4605
-60.9552
-61.4139
-61.8365
-62.2234
-62.5757
-62.8948
-63.1824
-63.4406
-63.6716
-63.8777
-64.0611
-64.2241
-64.3688
-64.4973
-64.6114
-64.7128
-64.8032
-64.8838
-64.9561
-65.021
-65.0795
-65.1326
-65.181
-65.2252
-65.266
-65.3038
-65.339
-65.3719
-65.403
-65.4324
-65.4605
-65.4873
-65.5132
-65.5381
-65.5624
-65.586
-65.6091
-65.6318
-65.6541
-65.676
-65.6978
-65.7192
-65.7405
-65.7617
-65.7827
-65.8037
-65.8245
-65.8453
-65.866
-65.8867
-65.9074
-65.9281
-65.9487
-65.9694
-65.99
-66.0107
-66.0313
-66.052
-66.0726
-66.0933
-66.114
-66.1347
-66.1554
-66.1761
-66.1968
-66.2176
-66.2383
-66.259
-66.2798
-66.3005
-66.3212
-66.342
-66.3627
-66.3834
-66.4041
-66.4248
-66.4455
-66.4662
-66.4868
-66.5075
-66.5281
-66.5487
-66.5692
-66.5898
-66.6103
-66.6307
-66.6512
-66.6716
-66.6919
-66.7122
-66.7325
-66.7528
-66.7729
-66.7931
-66.8132
-66.8332
-66.8532
-66.8731
-66.893
-66.9128
-66.9325
-66.9522
-66.9719
-66.9914
-67.0109
-67.0303
-67.0497
-67.069
-67.0882
-67.1073
-67.1264
-67.1454
-67.1643
-67.1831
-67.2018
-67.2205
-67.2391
-67.2576
-67.276
-67.2943
-67.3125
-67.3307
-67.3487
-67.3667
-67.3846
-67.4023
-67.42
-67.4376
-67.4551
-67.4725
-67.4898
-67.507
-67.5241
-67.5411
-67.558
-67.5748
-67.5915
-67.6081
-67.6246
-67.641
-67.6573
-67.6735
-67.6896
-67.7055
-67.7214
-67.7372
-67.7528
-67.7683
-67.7838
-67.7991
-67.8143
-67.8294
-67.8444
-67.8593
-67.874
-67.8887
-67.9032
-67.9177
-67.932
-67.9462
-67.9603
-67.9743
-67.9881
-68.0019
-68.0155
-68.029
-68.0424
-68.0557
-68.0689
-68.0819
-68.0949
-68.1077
-68.1204
-68.133
-68.1455
-68.1578
-68.1701
-68.1822
-68.1942
-68.2061
-68.2179
-68.2295
-68.2411
-68.2525
-68.2638
-68.275
-68.2861
-68.297
-68.3078
-68.3186
-68.3292
-68.3396
-68.35
-68.3603
-68.3704
-68.3804
-68.3903
-68.4001
-68.4097
-68.4193
-68.4287
-68.438
-68.4472
-68.4563
-68.4653
-68.4741
-68.4829
-68.4915
-68.5
-68.5084
-68.5166
-68.5248
-68.5328
-68.5408
-68.5486
-68.5563
-68.5639
-68.5713
-68.5787
-68.5859
-68.5931
-68.6001
-68.607
-68.6138
-68.6204
-68.627
-68.6335
-68.6398
-68.646
-68.6521
-68.6581
-68.664
-68.6698
-68.6755
-68.6811
-68.6865
-68.6919
-68.6971
-68.7022
-68.7072
-68.7121
-68.717
-68.7216
-68.7262
-68.7307
-68.7351
-68.7394
-68.7435
-68.7476
-68.7515
-68.7554
-68.7591
-68.7627
-68.7663
-68.7697
-68.773
-68.7762
-68.7794
-68.7824
-68.7853
-68.7881
-68.7908
-68.7934
-68.7959
-68.7983
-68.8007
-68.8029
-68.805
-68.807
-68.8089
-68.8107
-68.8124
-68.8141
-68.8156
-68.817
-68.8183
-68.8196
-68.8207
-68.8218
-68.8227
-68.8236
-68.8243
-68.825
-68.8256
-68.826
-68.8264
-68.8267
-68.8269
-68.8271
-68.8271
-68.827
-68.8269
-68.8266
-68.8263
-68.8259
-68.8254
-68.8248
-68.8241
-68.8233
-68.8225
-68.8215
-68.8205
-68.8194
-68.8182
-68.8169
-68.8155
-68.8141
-68.8125
-68.8109
-68.8092
-68.8074
-68.8056
-68.8036
-68.8016
-68.7995
-68.7973
-68.795
-68.7927
-68.7903
-68.7878
-68.7852
-68.7826
-68.7798
-68.777
-68.7741
-68.7712
-68.7682
-68.7651
-68.7619
-68.7586
-68.7553
-68.7519
-68.7484
-68.7449
-68.7413
-68.7376
-68.7338
-68.73
-68.7261
-68.7221
-68.7181
-68.714
-68.7098
-68.7056
-68.7013
-68.6969
-68.6924
-68.6879
-68.6834
-68.6787
-68.674
-68.6693
-68.6644
-68.6596
-68.6546
-68.6496
-68.6445
-68.6394
-68.6342
-68.6289
-68.6236
-68.6182
-68.6128
-68.6073
-68.6017
-68.5961
-68.5904
-68.5847
-68.5789
-68.5731
-68.5672
-68.5612
-68.5552
-68.5492
-68.5431
-68.5369
-68.5307
-68.5244
-68.5181
-68.5117
-68.5053
-68.4988
-68.4923
-68.4857
-68.479
-68.4724
-68.4656
-68.4589
-68.452
-68.4452
-68.4382
-68.4313
-68.4243
-68.4172
-68.4101
-68.4029
-68.3958
-68.3885
-68.3812
-68.3739
-68.3665
-68.3591
-68.3517
-68.3442
-68.3366
-68.3291
-68.3214
-68.3138
-68.3061
-68.2983
-68.2906
-68.2827
-68.2749
-68.267
-68.2591
-68.2511
-68.2431
-68.2351
-68.227
-68.2189
-68.2107
-68.2025
-68.1943
-68.1861
-68.1778
-68.1695
-68.1611
-68.1528
-68.1443
-68.1359
-68.1274
-68.1189
-68.1104
-68.1018
-68.0932
-68.0846
-68.076
-68.0673
-68.0586
-68.0498
-68.0411
-68.0323
-68.0234
-68.0146
-68.0057
-67.9968
-67.9879
-67.979
-67.97
-67.961
-67.952
-67.9429
-67.9339
-67.9248
-67.9157
-67.9065
-67.8974
-67.8882
-67.879
-67.8698
-67.8606
-67.8513
-67.842
-67.8327
-67.8234
-67.8141
-67.8047
-67.7954
-67.786
-67.7766
-67.7672
-67.7577
-67.7483
-67.7388
-67.7293
-67.7198
-67.7103
-67.7008
-67.6912
-67.6817
-67.6721
-67.6625
-67.6529
-67.6433
-67.6337
-67.624
-67.6144
-67.6047
-67.595
-67.5853
-67.5757
-67.5659
-67.5562
-67.5465
-67.5368
-67.527
-67.5173
-67.5075
-67.4978
-67.488
-67.4782
-67.4684
-67.4586
-67.4488
-67.439
-67.4292
-67.4194
-67.4096
-67.3997
-67.3899
-67.38
-67.3702
-67.3603
-67.3505
-67.3406
-67.3308
-67.3209
-67.311
-67.3012
-67.2913
-67.2814
-67.2715
-67.2617
-67.2518
-67.2419
-67.232
-67.0831
-66.844
-66.5388
-66.1825
-65.7858
-65.2234
-64.5523
-63.8031
-62.9963
-62.1471
-61.2673
-60.3664
-59.4517
-58.5291
-57.6034
-56.6783
-55.7566
-54.8405
-53.9315
-53.0307
-52.1387
-51.2558
-50.3817
-49.516
-48.6577
-47.8058
-46.9586
-46.1145
-45.2711
-44.426
-43.5763
-42.7186
-41.8494
-40.9643
-40.0589
-39.1279
-38.1655
-37.1653
-36.1203
-35.0224
-33.863
-32.6323
-31.3196
-29.9134
-28.4007
-26.7678
-25.0002
-23.0828
-21.0004
-18.7385
-16.2846
-13.6295
-10.7691
-7.7074
-4.45824
-1.04818
2.48206
6.07746
9.67027
13.1838
16.538
19.656
22.4708
24.9314
27.0071
28.6893
29.9902
30.9391
31.5764
31.9474
32.0974
32.0676
31.8931
31.603
31.2198
30.7613
30.2407
29.6683
29.0517
28.3971
27.7093
26.992
26.2485
25.4816
24.6936
23.8868
23.063
22.2241
21.3716
20.507
19.6319
18.7474
17.8549
16.9555
16.0502
15.1402
14.2263
13.3095
12.3905
11.4703
10.5494
9.6285
8.7083
7.78935
6.87216
5.95722
5.04497
4.13582
3.23014
2.32825
1.43048
0.537069
-0.351721
-1.23568
-2.11463
-2.9884
-3.85683
-4.71982
-5.57726
-6.42905
-7.27515
-8.1155
-8.95005
-9.77879
-10.6017
-11.4188
-12.2301
-13.0357
-13.8355
-14.6296
-15.4181
-16.2011
-16.9786
-17.7508
-18.5177
-19.2795
-20.0363
-20.7882
-21.5355
-22.2783
-23.0168
-23.7513
-24.4819
-25.209
-25.9328
-26.6536
-27.3717
-28.0876
-28.8016
-29.5141
-30.2255
-30.9364
-31.6472
-32.3585
-33.0709
-33.7849
-34.5013
-35.2206
-35.9436
-36.6709
-37.4035
-38.1419
-38.8871
-39.6398
-40.4008
-41.1709
-41.9508
-42.7411
-43.5426
-44.3557
-45.1808
-46.018
-46.8674
-47.7287
-48.6011
-49.4838
-50.3753
-51.2736
-52.1763
-53.0804
-53.9823
-54.8778
-55.7623
-56.631
-57.4784
-58.1996
-58.8344
-59.3982
-59.8981
-60.3381
-60.7209
-61.049
-61.325
-61.5519
-61.7331
-61.8722
-61.973
-62.0395
-62.0756
-62.085
-62.0715
-62.0382
-61.9884
-61.9248
-61.8498
-61.7657
-61.6743
-61.5772
-61.476
-61.3718
-61.2656
-61.1583
-61.0506
-60.9431
-60.8363
-60.7307
-60.6265
-60.5241
-60.4236
-60.3253
-60.2292
-60.1355
-60.0443
-59.9556
-59.8694
-59.7858
-59.7047
-59.6262
-59.5503
-59.477
-59.4062
-59.3378
-59.2719
-59.2085
-59.1474
-59.0887
-59.0324
-58.9783
-58.9264
-58.8767
-58.8292
-58.7837
-58.7404
-58.699
-58.6597
-58.6223
-58.5868
-58.5531
-58.5213
-58.4913
-58.463
-58.4364
-58.4115
-58.3883
-58.3666
-58.3465
-58.328
-58.3109
-58.2954
-58.2812
-58.2685
-58.2572
-58.2472
-58.2385
-58.2312
-58.2251
-58.2202
-58.2165
-58.2141
-58.2128
-58.2126
-58.2135
-58.2155
-58.2186
-58.2228
-58.2279
-58.2341
-58.2412
-58.2493
-58.2583
-58.2682
-58.279
-58.2907
-58.3032
-58.3166
-58.3308
-58.3458
-58.3616
-58.3781
-58.3954
-58.4134
-58.4321
-58.4516
-58.4717
-58.4924
-58.5139
-58.5359
-58.5586
-58.5819
-58.6057
-58.6302
-58.6552
-58.6808
-58.7068
-58.7335
-58.7606
-58.7882
-58.8163
-58.8449
-58.8739
-58.9034
-58.9333
-58.9637
-58.9944
-59.0256
-59.0572
-59.0891
-59.1214
-59.1541
-59.1871
-59.2205
-59.2541
-59.2882
-59.3225
-59.3571
-59.392
-59.4272
-59.4627
-59.4984
-59.5344
-59.5706
-59.6071
-59.6438
-59.6808
-59.7179
-59.7553
-59.7929
-59.8306
-59.8685
-59.9067
-59.9449
-59.9834
-60.022
-60.0608
-60.0997
-60.1387
-60.1779
-60.2172
-60.2566
-60.2961
-60.3357
-60.3754
-60.4153
-60.4552
-60.4951
-60.5352
-60.5753
-60.6155
-60.6558
-60.6961
-60.7365
-60.7769
-60.8173
-60.8578
-60.8983
-60.9389
-60.9794
-61.02
-61.0606
-61.1012
-61.1418
-61.1824
-61.223
-61.2636
-61.3042
-61.3448
-61.3853
-61.4258
-61.4663
-61.5068
-61.5472
-61.5876
-61.6279
-61.6682
-61.7085
-61.7487
-61.7888
-61.8289
-61.869
-61.9089
-61.9488
-61.9887
-62.0284
-62.0681
-62.1077
-62.1473
-62.1867
-62.2261
-62.2654
-62.3045
-62.3436
-62.3826
-62.3002
-62.1442
-61.9379
-61.6953
-61.4261
-61.1375
-60.8348
-60.5221
-60.2028
-59.8793
-59.5536
-59.2274
-58.9019
-58.5782
-58.2571
-57.9393
-57.6253
-57.3155
-57.0104
-56.7103
-56.4152
-56.1256
-55.8413
-55.5627
-55.2896
-55.0223
-54.7606
-54.5045
-54.2542
-54.0094
-53.7702
-53.5364
-53.3081
-53.085
-52.8672
-52.6544
-52.4467
-52.2438
-52.0457
-51.8522
-51.6632
-51.4787
-51.2984
-51.1222
-50.95
-50.7817
-50.6172
-50.4562
-50.2988
-50.1448
-49.994
-49.8464
-49.7017
-49.56
-49.4211
-49.2849
-49.1512
-49.02
-48.8912
-48.7647
-48.6403
-48.518
-48.3977
-48.2793
-48.1627
-48.0478
-47.9346
-47.8229
-47.7127
-47.6039
-47.4964
-47.3901
-47.285
-47.1811
-47.0781
-46.9761
-46.875
-46.7747
-46.6751
-46.5762
-46.4779
-46.3802
-46.2829
-46.1861
-46.0895
-45.9933
-45.8972
-45.8012
-45.7053
-45.6093
-45.5133
-45.4171
-45.3206
-45.2237
-45.1264
-45.0286
-44.9302
-44.8311
-44.7312
-44.6304
-44.5286
-44.4256
-44.3214
-44.2159
-44.1088
-44.0002
-43.8897
-43.7774
-43.663
-43.5463
-43.4272
-43.3056
-43.1811
-43.0536
-42.9228
-42.7886
-42.6507
-42.5087
-42.3625
-42.2117
-42.0559
-41.8949
-41.7282
-41.5554
-41.3761
-41.1899
-40.9962
-40.7944
-40.5841
-40.3645
-40.135
-39.8949
-39.6433
-39.3794
-39.1023
-38.811
-38.5044
-38.1812
-37.8403
-37.4802
-37.0995
-36.6965
-36.2694
-35.8164
-35.3353
-34.824
-34.28
-33.7008
-33.0835
-32.4253
-31.7231
-30.9734
-30.173
-29.3183
-28.4057
-27.4316
-26.3928
-25.2862
-24.1092
-22.8599
-21.5377
-20.1431
-18.6786
-17.1491
-15.5619
-13.9277
-12.2604
-10.5774
-8.89922
-7.24906
-5.65155
-4.13162
-2.71302
-1.41688
-0.260479
0.743562
1.58766
2.26917
2.78988
3.1553
3.37374
3.45547
3.41184
3.25469
2.99575
2.64633
2.21703
1.71764
1.15705
0.543286
-0.116487
-0.815892
-1.54927
-2.31162
-3.0985
-3.90602
-4.73072
-5.56955
-6.41982
-7.27914
-8.14542
-9.0168
-9.89164
-10.7685
-11.6462
-12.5235
-13.3994
-14.2492
-15.0813
-15.8991
-16.7045
-17.4984
-18.2814
-19.0539
-19.8162
-20.5685
-21.311
-22.0439
-22.7675
-23.4819
-24.1873
-24.8839
-25.5721
-26.2521
-26.9241
-27.5885
-28.2456
-28.8957
-29.5391
-30.1762
-30.8074
-31.4331
-32.0536
-32.6694
-33.2809
-33.8885
-34.4928
-35.0941
-35.693
-36.29
-36.8856
-37.4802
-38.0745
-38.6689
-39.264
-39.8603
-40.4585
-41.0589
-41.6623
-42.269
-42.8796
-43.4945
-44.1142
-44.7391
-45.3693
-46.0053
-46.647
-47.2945
-47.9475
-48.6059
-49.2689
-49.9359
-50.6058
-51.2774
-51.9489
-52.6184
-53.2839
-53.9426
-54.5919
-55.2287
-55.85
-56.4526
-57.0334
-57.5896
-58.1184
-58.6178
-59.086
-59.5217
-59.9243
-60.2937
-60.6302
-60.9349
-61.2089
-61.4539
-61.6717
-61.8643
-62.0339
-62.1824
-62.312
-62.4247
-62.5223
-62.6066
-62.6792
-62.7416
-62.7952
-62.841
-62.8802
-62.9138
-62.9424
-62.967
-62.988
-63.0062
-63.0218
-63.0355
-63.0474
-63.058
-63.0675
-63.0761
-63.084
-63.0914
-63.0985
-63.1053
-63.112
-63.1187
-63.1254
-63.1322
-63.1391
-63.1463
-63.1536
-63.1613
-63.1693
-63.1775
-63.1861
-63.1951
-63.2044
-63.2141
-63.2242
-63.2346
-63.2454
-63.2566
-63.2682
-63.2802
-63.2925
-63.3052
-63.3183
-63.3317
-63.3455
-63.3597
-63.3742
-63.389
-63.4042
-63.4197
-63.4355
-63.4517
-63.4681
-63.4849
-63.5019
-63.5193
-63.5369
-63.5548
-63.573
-63.5914
-63.6101
-63.629
-63.6482
-63.6676
-63.6872
-63.707
-63.7271
-63.7474
-63.7679
-63.7885
-63.8094
-63.8304
-63.8516
-63.873
-63.8946
-63.9163
-63.9382
-63.9602
-63.9824
-64.0047
-64.0271
-64.0496
-64.0723
-64.0951
-64.118
-64.1411
-64.1642
-64.1874
-64.2107
-64.2341
-64.2576
-64.2811
-64.3048
-64.3285
-64.3523
-64.3761
-64.4
-64.4239
-64.4479
-64.472
-64.4961
-64.5202
-64.5444
-64.5686
-64.5928
-64.6171
-64.6413
-64.6656
-64.6899
-64.7143
-64.7386
-64.7629
-64.7872
-64.8116
-64.8359
-64.8602
-64.8846
-64.9089
-64.9332
-64.9574
-64.9817
-65.0059
-65.0301
-65.0543
-65.0785
-65.1026
-65.1267
-65.1507
-65.1747
-65.1987
-65.2226
-65.2465
-65.2703
-65.2941
-65.3178
-65.3415
-65.3651
-65.3887
-65.4122
-65.4356
-65.459
-65.4823
-65.5056
-65.5288
-65.5519
-65.5749
-65.5979
-65.6208
-65.6436
-65.6664
-65.6891
-65.7117
-65.7342
-65.7566
-65.7789
-65.8012
-65.8234
-65.8455
-65.8675
-65.8894
-65.9112
-65.9329
-65.9546
-65.9761
-65.9976
-66.0189
-66.0402
-66.0613
-66.0824
-66.1033
-66.1242
-66.145
-66.1656
-66.1862
-66.2066
-66.2269
-66.2472
-66.2673
-66.2873
-66.3073
-66.3271
-66.3468
-66.3664
-66.3858
-66.4052
-66.4245
-66.4436
-66.4627
-66.4816
-66.5004
-66.5191
-66.5377
-66.5561
-66.5745
-66.5927
-66.6109
-66.6289
-66.6467
-66.6645
-66.6822
-66.6997
-66.7171
-66.7344
-66.7516
-66.7687
-66.7856
-66.8024
-66.8191
-66.8357
-66.8521
-66.8685
-66.8847
-66.9008
-66.9168
-66.9326
-66.9484
-66.964
-66.9794
-66.9948
-67.0101
-67.0252
-67.0402
-67.055
-67.0698
-67.0844
-67.0989
-67.1133
-67.1276
-67.1417
-67.1557
-67.1696
-67.1834
-67.197
-67.2106
-67.224
-67.2372
-67.2504
-67.2634
-67.2763
-67.2891
-67.3018
-67.3143
-67.1908
-66.9816
-66.7112
-66.3949
-66.0435
-65.6652
-65.2663
-64.852
-64.4261
-63.992
-63.5523
-63.1092
-62.6645
-62.2196
-61.7757
-61.3338
-60.8949
-60.4596
-60.0285
-59.6021
-59.1809
-58.7651
-58.3551
-57.951
-57.5532
-57.1616
-56.7763
-56.3975
-56.0252
-55.6593
-55.2997
-54.9465
-54.5996
-54.2587
-53.9239
-53.5948
-53.2715
-52.9536
-52.641
-52.3334
-52.0306
-51.7323
-51.4384
-51.1485
-50.8623
-50.5795
-50.2998
-50.023
-49.7486
-49.4764
-49.2059
-48.9369
-48.6689
-48.4015
-48.1345
-47.8673
-47.5995
-47.3307
-47.0605
-46.7883
-46.5137
-46.2361
-45.9551
-45.67
-45.3803
-45.0853
-44.7843
-44.4767
-44.1617
-43.8384
-43.5061
-43.1638
-42.8105
-42.4452
-42.0667
-41.6737
-41.265
-40.839
-40.3941
-39.9287
-39.4409
-38.9285
-38.3894
-37.8211
-37.2209
-36.586
-35.9131
-35.1987
-34.4392
-33.6304
-32.7678
-31.8468
-30.8623
-29.8088
-28.6807
-27.472
-26.1767
-24.7888
-23.3025
-21.7124
-20.014
-18.2039
-16.2806
-14.2449
-12.1007
-9.85591
-7.5231
-5.1202
-2.67105
-0.205479
2.24118
4.6292
6.91641
9.06084
11.0238
12.7729
14.2845
15.5452
16.5518
17.3108
17.8359
18.1462
18.2634
18.2106
18.0101
17.6826
17.2468
16.7192
16.1138
15.4429
14.7166
13.9435
13.1309
12.285
11.4112
10.5138
9.59681
8.66362
7.71716
6.76002
5.79447
4.82254
3.84601
2.86646
1.88531
0.9038
-0.0769541
-1.05597
-2.03237
-3.0054
-3.97436
-4.93868
-5.89783
-6.85138
-7.79892
-8.74015
-9.67478
-10.6026
-11.5234
-12.437
-13.3434
-14.2425
-15.1342
-16.0185
-16.8954
-17.7651
-18.6274
-19.4827
-20.3308
-21.1721
-22.0066
-22.8346
-23.6562
-24.4717
-25.2814
-26.0855
-26.8843
-27.6783
-28.4677
-29.253
-30.0345
-30.8128
-31.5884
-32.3617
-33.1333
-33.9038
-34.6739
-35.4441
-36.2151
-36.9878
-37.7627
-38.5407
-39.3225
-40.1089
-40.9008
-41.6989
-42.5042
-43.3172
-44.1389
-44.97
-45.8111
-46.6627
-47.5255
-48.3997
-49.2854
-50.1827
-51.0913
-52.0107
-52.9399
-53.8776
-54.8222
-55.7716
-56.723
-57.6734
-58.6191
-59.5559
-60.4794
-61.3846
-62.2666
-63.1201
-63.9402
-64.7224
-65.4626
-66.1574
-66.8043
-67.4018
-67.9493
-68.4472
-68.8967
-69.2998
-69.6591
-69.9775
-70.2584
-70.505
-70.7208
-70.9091
-71.073
-71.2154
-71.3391
-71.4463
-71.5393
-71.62
-71.6902
-71.7512
-71.8043
-71.8508
-71.8914
-71.9271
-71.9586
-71.9864
-72.0111
-72.0332
-72.0529
-72.0706
-72.0867
-72.1013
-72.1146
-72.1268
-72.138
-72.1484
-72.1581
-72.1671
-72.1756
-72.1836
-72.1912
-72.1983
-72.2052
-72.2117
-72.2179
-72.2239
-72.2297
-72.2353
-72.2406
-72.2458
-72.2509
-72.2557
-72.2605
-72.2651
-72.2695
-72.2739
-72.2781
-72.2822
-72.2862
-72.2901
-72.2939
-72.2976
-72.3012
-72.3047
-72.3081
-72.3114
-72.3146
-72.3177
-72.3207
-72.3236
-72.3264
-72.3292
-72.3318
-72.3344
-72.3368
-72.3392
-72.3415
-72.3437
-72.3458
-72.3477
-72.3497
-72.3515
-72.3532
-72.3548
-72.3563
-72.3578
-72.3591
-72.3604
-72.3615
-72.3626
-72.3635
-72.3644
-72.3652
-72.3658
-72.3664
-72.3669
-72.3673
-72.3676
-72.3678
-72.3679
-72.3679
-72.3678
-72.3676
-72.3673
-72.3669
-72.3664
-72.3658
-72.3651
-72.3643
-72.3634
-72.3624
-72.3614
-72.3602
-72.3589
-72.3575
-72.356
-72.3544
-72.3527
-72.351
-72.3491
-72.3471
-72.345
-72.3428
-72.3405
-72.3382
-72.3357
-72.3331
-72.3304
-72.3276
-72.3248
-72.3218
-72.3187
-72.3155
-72.3122
-72.3089
-72.3054
-72.3018
-72.2981
-72.2944
-72.2905
-72.2865
-72.2824
-72.2783
-72.274
-72.2696
-72.2652
-72.2606
-72.256
-72.2512
-72.2464
-72.2414
-72.2364
-72.2312
-72.226
-72.2206
-72.2152
-72.2097
-72.204
-72.1983
-72.1925
-72.1866
-72.1806
-72.1745
-72.1683
-72.162
-72.1556
-72.1492
-71.9972
-71.7541
-71.4463
-71.0905
-70.6984
-70.2789
-69.8387
-69.3834
-68.9173
-68.4439
-67.9661
-67.486
-67.0058
-66.5268
-66.0505
-65.5778
-65.1098
-64.647
-64.1903
-63.74
-63.2966
-62.8604
-62.4318
-62.011
-61.5982
-61.1934
-60.7968
-60.4084
-60.0284
-59.6566
-59.2931
-58.9377
-58.5906
-58.2515
-57.9204
-57.5971
-57.2816
-56.9737
-56.6732
-56.38
-56.0939
-55.8148
-55.5424
-55.2766
-55.0173
-54.7641
-54.517
-54.2757
-54.0399
-53.8097
-53.5846
-53.3646
-53.1493
-52.9387
-52.7325
-52.5306
-52.3327
-52.1386
-51.9482
-51.7612
-51.5775
-51.397
-51.2193
-51.0443
-50.8719
-50.7019
-50.5341
-50.3684
-50.2045
-50.0423
-49.8816
-49.7224
-49.5643
-49.4073
-49.2512
-49.0958
-48.941
-48.7865
-48.6324
-48.4783
-48.3241
-48.1697
-48.0148
-47.8594
-47.7031
-47.5459
-47.3876
-47.2279
-47.0667
-46.9037
-46.7388
-46.5717
-46.4021
-46.2299
-46.0548
-45.8765
-45.6947
-45.5092
-45.3195
-45.1255
-44.9266
-44.7225
-44.5129
-44.2973
-44.0752
-43.8461
-43.6096
-43.3649
-43.1116
-42.8489
-42.5762
-42.2926
-41.9974
-41.6896
-41.3683
-41.0324
-40.6808
-40.3123
-39.9254
-39.5189
-39.091
-38.64
-38.1642
-37.6615
-37.1296
-36.5663
-35.969
-35.3348
-34.6609
-33.944
-33.1807
-32.3672
-31.4998
-30.5744
-29.5868
-28.5325
-27.4071
-26.2064
-24.926
-23.562
-22.1111
-20.5706
-18.9389
-17.2158
-15.4031
-13.5046
-11.5269
-9.4798
-7.37672
-5.23479
-3.07512
-0.92254
1.19488
3.24671
5.20154
7.02859
8.69963
10.1908
11.4841
12.5686
13.4404
14.1023
14.5631
14.8356
14.9357
14.8808
14.6883
14.3755
13.9581
13.4507
12.8661
12.2155
11.5088
10.7543
9.95944
9.13039
8.27254
7.39056
6.48846
5.56975
4.63748
3.69433
2.74264
1.7816
0.817619
-0.145632
-1.10573
-2.06096
-3.01004
-3.95202
-4.88615
-5.81184
-6.72867
-7.63627
-8.53439
-9.42282
-10.3014
-11.1702
-12.0289
-12.8778
-13.7167
-14.5458
-15.365
-16.1746
-16.9747
-17.7653
-18.5467
-19.319
-20.0824
-20.8372
-21.5834
-22.3215
-23.0515
-23.7738
-24.4886
-25.1963
-25.8971
-26.5913
-27.2793
-27.9613
-28.6379
-29.3093
-29.9759
-30.6382
-31.2966
-31.9515
-32.6033
-33.2527
-33.9001
-34.5459
-35.1908
-35.8353
-36.48
-37.1254
-37.7721
-38.4208
-39.0721
-39.7265
-40.3847
-41.0473
-41.7148
-42.3878
-43.0669
-43.7523
-44.4446
-45.144
-45.8507
-46.5647
-47.2857
-48.0136
-48.7477
-49.4871
-50.2306
-50.9768
-51.7238
-52.4693
-53.2107
-53.9451
-54.6692
-55.3796
-56.0725
-56.7442
-57.3912
-58.0102
-58.598
-59.1521
-59.6707
-60.1524
-60.5966
-61.0032
-61.373
-61.707
-62.007
-62.2748
-62.5127
-62.723
-62.9083
-63.0708
-63.213
-63.337
-63.4451
-63.5391
-63.6207
-63.6917
-63.7534
-63.8072
-63.854
-63.895
-63.9309
-63.9626
-63.9906
-64.0156
-64.0381
-64.0584
-64.0768
-64.0939
-64.1096
-64.1245
-64.1385
-64.1518
-64.1647
-64.1773
-64.1895
-64.2016
-64.2136
-64.2255
-64.2374
-64.2494
-64.2615
-64.2737
-64.2861
-64.2986
-64.3113
-64.3242
-64.3373
-64.3507
-64.3643
-64.3781
-64.3921
-64.4064
-64.4209
-64.4357
-64.4507
-64.4659
-64.4814
-64.4971
-64.513
-64.5292
-64.5456
-64.5622
-64.579
-64.596
-64.6132
-64.6307
-64.6483
-64.6661
-64.6841
-64.7023
-64.7206
-64.7391
-64.7578
-64.7766
-64.7956
-64.8148
-64.8341
-64.8535
-64.873
-64.8927
-64.9126
-64.9325
-64.9525
-64.9727
-64.993
-65.0133
-64.9113
-64.7383
-64.519
-64.2679
-63.995
-63.7073
-63.41
-63.107
-62.8011
-62.4946
-62.1893
-61.8865
-61.5872
-61.2921
-61.002
-60.7172
-60.4381
-60.165
-59.8981
-59.6375
-59.3833
-59.1356
-58.8944
-58.6596
-58.4313
-58.2093
-57.9937
-57.7843
-57.5811
-57.384
-57.1928
-57.0075
-56.8279
-56.654
-56.4856
-56.3225
-56.1648
-56.0122
-55.8647
-55.722
-55.5842
-55.4511
-55.3226
-55.1986
-55.0789
-54.9635
-54.8522
-54.745
-54.6418
-54.5424
-54.4467
-54.3548
-54.2664
-54.1816
-54.1001
-54.022
-53.9471
-53.8755
-53.8069
-53.7414
-53.6789
-53.6192
-53.5624
-53.5084
-53.4571
-53.4085
-53.3625
-53.3191
-53.2781
-53.2396
-53.2035
-53.1698
-53.1384
-53.1093
-53.0824
-53.0576
-53.0351
-53.0146
-52.9962
-52.9799
-52.9655
-52.9532
-52.9427
-52.9342
-52.9276
-52.9227
-52.9197
-52.9185
-52.9191
-52.9213
-52.9253
-52.9309
-52.9382
-52.9471
-52.9577
-52.9697
-52.9834
-52.9986
-53.0153
-53.0334
-53.053
-53.0741
-53.0966
-53.1204
-53.1457
-53.1722
-53.2002
-53.2294
-53.2599
-53.2916
-53.3246
-53.3589
-53.3943
-53.4309
-53.4687
-53.5076
-53.5476
-53.5888
-53.631
-53.6743
-53.7186
-53.7639
-53.8102
-53.8575
-53.9058
-53.955
-54.0051
-54.0561
-54.108
-54.1607
-54.2143
-54.2686
-54.3238
-54.3797
-54.4364
-54.4938
-54.552
-54.6108
-54.6703
-54.7304
-54.7912
-54.8526
-54.9145
-54.9771
-55.0401
-55.1037
-55.1679
-55.2325
-55.2976
-55.3631
-55.429
-55.4954
-55.5622
-55.6293
-55.6968
-55.7646
-55.8328
-55.9012
-55.9699
-56.0389
-56.1081
-56.1776
-56.2473
-56.3171
-56.3872
-56.4574
-56.5277
-56.5982
-56.6688
-56.7395
-56.8103
-56.8811
-56.952
-57.0229
-57.0939
-57.1649
-57.2359
-57.3068
-57.3778
-57.4486
-57.5195
-57.5903
-57.661
-57.7316
-57.8021
-57.8725
-57.9428
-58.013
-58.083
-58.1529
-58.2226
-58.2921
-58.3615
-58.4307
-58.4997
-58.5685
-58.6371
-58.7054
-58.7736
-58.8415
-58.9092
-58.9767
-59.0439
-59.1108
-59.1775
-59.244
-59.3101
-59.376
-59.4416
-59.5069
-59.572
-59.6367
-59.7012
-59.7654
-59.8292
-59.8928
-59.956
-60.019
-60.0816
-60.1439
-60.2059
-60.2675
-60.3289
-60.3899
-60.4506
-60.511
-60.571
-60.6307
-60.6901
-60.7491
-60.8078
-60.8662
-60.9242
-60.9819
-61.0393
-61.0963
-61.153
-61.2094
-61.2654
-61.321
-61.3764
-61.4313
-61.486
-61.5403
-61.5943
-61.6479
-61.7012
-61.7541
-61.8068
-61.859
-61.911
-61.9626
-62.0138
-62.0648
-62.1154
-62.1656
-62.2156
-62.2652
-62.3144
-62.3634
-62.412
-62.4602
-62.5082
-62.5558
-62.6031
-62.6501
-62.6967
-62.743
-62.789
-62.8347
-62.8801
-62.9251
-62.9698
-63.0143
-63.0583
-63.1021
-63.1456
-63.1887
-63.2316
-63.2741
-63.3163
-63.3582
-63.3998
-63.4412
-63.4822
-63.5229
-63.5633
-63.6034
-63.6432
-63.6827
-63.7219
-63.7608
-63.7994
-63.8377
-63.8758
-63.9135
-63.951
-63.9882
-64.025
-64.0616
-64.098
-64.134
-64.0408
-63.8663
-63.6339
-63.3582
-63.0491
-62.7146
-62.3604
-61.9913
-61.6111
-61.2228
-60.8288
-60.431
-60.0312
-59.6305
-59.2303
-58.8313
-58.4344
-58.0401
-57.649
-57.2615
-56.8781
-56.4989

