-65
-64.9994
-64.9988
-64.9982
-64.9977
-64.9971
-64.9965
-64.996
-64.9954
-64.9949
-64.9943
-64.9938
-64.9932
-64.9927
-64.9922
-64.9917
-64.9912
-64.9906
-64.9901
-64.9896
-64.9891
-64.9886
-64.9881
-64.9876
-64.9872
-64.9867
-64.9862
-64.9857
-64.9852
-64.9848
-64.9843
-64.9838
-64.9834
-64.9829
-64.9825
-64.982
-64.9816
-64.9811
-64.9807
-64.9802
-64.9798
-64.9794
-64.9789
-64.9785
-64.9781
-64.9777
-64.9772
-64.9768
-64.9764
-64.976
-64.9756
-64.9752
-64.9748
-64.9744
-64.974
-64.9736
-64.9732
-64.9728
-64.9725
-64.9721
-64.9717
-64.9713
-64.971
-64.9706
-64.9702
-64.9699
-64.9695
-64.9692
-64.9688
-64.9685
-64.9681
-64.9678
-64.9675
-64.9671
-64.9668
-64.9665
-64.9661
-64.9658
-64.9655
-64.9652
-64.9649
-64.9646
-64.9642
-64.9639
-64.9636
-64.9633
-64.963
-64.9628
-64.9625
-64.9622
-64.9619
-64.9616
-64.9613
-64.9611
-64.9608
-64.9605
-64.9603
-64.96
-64.9598
-64.9595
-64.9592
-64.959
-64.9588
-64.9585
-64.9583
-64.958
-64.9578
-64.9576
-64.9573
-64.9571
-64.9569
-64.9567
-64.9565
-64.9562
-64.956
-64.9558
-64.9556
-64.9554
-64.9552
-64.955
-64.9548
-64.9546
-64.9545
-64.9543
-64.9541
-64.9539
-64.9537
-64.9536
-64.9534
-64.9532
-64.9531
-64.9529
-64.9527
-64.9526
-64.9524
-64.9523
-64.9521
-64.952
-64.9519
-64.9517
-64.9516
-64.9514
-64.9513
-64.9512
-64.9511
-64.9509
-64.9508
-64.9507
-64.9506
-64.9505
-64.9504
-64.9503
-64.9502
-64.95
-64.9499
-64.9499
-64.9498
-64.9497
-64.9496
-64.9495
-64.9494
-64.9493
-64.9492
-64.9492
-64.9491
-64.949
-64.9489
-64.9489
-64.9488
-64.9487
-64.9487
-64.9486
-64.9486
-64.9485
-64.9485
-64.9484
-64.9484
-64.9483
-64.9483
-64.9482
-64.9482
-64.9482
-64.9481
-64.9481
-64.9481
-64.948
-64.948
-64.948
-64.948
-64.948
-64.9479
-64.9479
-64.9479
-64.9479
-64.9479
-64.9479
-64.9479
-64.9479
-64.9479
-64.9479
-64.9479
-64.9479
-64.9479
-64.9479
-64.9479
-64.9479
-64.9479
-64.9479
-64.948
-64.948
-64.948
-64.948
-64.9481
-64.9481
-64.9481
-64.9481
-64.9482
-64.9482
-64.9482
-64.9483
-64.9483
-64.9483
-64.9484
-64.9484
-64.9485
-64.9485
-64.9486
-64.9486
-64.9487
-64.9487
-64.9488
-64.9488
-64.9489
-64.9489
-64.949
-64.9491
-64.9491
-64.9492
-64.9492
-64.9493
-64.9494
-64.9494
-64.9495
-64.9496
-64.9497
-64.9497
-64.9498
-64.9499
-64.95
-64.95
-64.9501
-64.9502
-64.9503
-64.9504
-64.9504
-64.9505
-64.9506
-64.9507
-64.9508
-64.9509
-64.951
-64.951
-64.9511
-64.9512
-64.9513
-64.9514
-64.9515
-64.9516
-64.9517
-64.9518
-64.9519
-64.952
-64.9521
-64.9522
-64.9523
-64.9524
-64.9525
-64.9526
-64.9527
-64.9528
-64.9529
-64.953
-64.9532
-64.9533
-64.9534
-64.9535
-64.9536
-64.9537
-64.9538
-64.9539
-64.954
-64.9542
-64.9543
-64.9544
-64.9545
-64.9546
-64.9547
-64.9548
-64.955
-64.9551
-64.9552
-64.9553
-64.9554
-64.9556
-64.9557
-64.9558
-64.9559
-64.956
-64.9562
-64.9563
-64.9564
-64.9565
-64.9566
-64.9568
-64.9569
-64.957
-64.9571
-64.9573
-64.9574
-64.9575
-64.9576
-64.9578
-64.9579
-64.958
-64.9581
-64.9583
-64.9584
-64.9585
-64.9587
-64.9588
-64.9589
-64.959
-64.9592
-64.9593
-64.9594
-64.9595
-64.9597
-64.9598
-64.9599
-64.96
-64.9602
-64.9603
-64.9604
-64.9606
-64.9607
-64.9608
-64.9609
-64.9611
-64.9612
-64.9613
-64.9614
-64.9616
-64.9617
-64.9618
-64.962
-64.9621
-64.9622
-64.9623
-64.9625
-64.9626
-64.9627
-64.9628
-64.963
-64.9631
-64.9632
-64.9633
-64.9635
-64.9636
-64.9637
-64.9638
-64.964
-64.9641
-64.9642
-64.9643
-64.9645
-64.9646
-64.9647
-64.9648
-64.9649
-64.9651
-64.9652
-64.9653
-64.9654
-64.9655
-64.9657
-64.9658
-64.9659
-64.966
-64.9661
-64.9663
-64.9664
-64.9665
-64.9666
-64.9667
-64.9668
-64.967
-64.9671
-64.9672
-64.9673
-64.9674
-64.9675
-64.9677
-64.9678
-64.9679
-64.968
-64.9681
-64.9682
-64.9683
-64.9684
-64.9685
-64.9687
-64.9688
-64.9689
-64.969
-64.9691
-64.9692
-64.9693
-64.9694
-64.9695
-64.9696
-64.9697
-64.9698
-64.9699
-64.97
-64.9701
-64.9702
-64.9703
-64.9704
-64.9705
-64.9706
-64.9707
-64.9708
-64.9709
-64.971
-64.9711
-64.9712
-64.9713
-64.9714
-64.9715
-64.9716
-64.9717
-64.9718
-64.9719
-64.972
-64.9721
-64.9722
-64.9722
-64.9723
-64.9724
-64.9725
-64.9726
-64.9727
-64.9728
-64.9729
-64.9729
-64.973
-64.9731
-64.9732
-64.9733
-64.9734
-64.9734
-64.9735
-64.9736
-64.9737
-64.9738
-64.9738
-64.9739
-64.974
-64.9741
-64.9741
-64.9742
-64.9743
-64.9744
-64.9744
-64.9745
-64.9746
-64.9747
-64.9747
-64.9748
-64.9749
-64.9749
-64.975
-64.9751
-64.9751
-64.9752
-64.9753
-64.9753
-64.9754
-64.9755
-64.9755
-64.9756
-64.9757
-64.9757
-64.9758
-64.9758
-64.9759
-64.976
-64.976
-64.9761
-64.9761
-64.9762
-64.9762
-64.9763
-64.9764
-64.9764
-64.9765
-64.9765
-64.9766
-64.9766
-64.9767
-64.8421
-64.62
-64.3334
-63.9967
-63.6204
-63.2123
-62.7787
-62.3247
-61.8542
-61.3707
-60.8768
-60.3747
-59.8663
-59.353
-58.8361
-58.3165
-57.795
-57.2723
-56.7488
-56.2248
-55.7006
-55.1762
-54.6516
-54.1268
-53.6014
-53.0751
-52.5475
-52.0181
-51.4861
-50.9508
-50.4111
-49.8662
-49.3146
-48.7551
-48.1859
-47.6055
-47.0117
-46.4022
-45.7746
-45.1259
-44.4529
-43.7519
-43.0188
-42.2488
-41.4366
-40.5762
-39.6606
-38.6818
-37.5578
-36.3109
-34.9452
-33.4571
-31.8379
-30.0757
-28.1551
-26.0585
-23.7663
-21.2581
-18.5139
-15.5167
-12.2552
-8.72782
-4.94777
-0.947692
3.21633
7.46355
11.6916
15.7842
19.6235
23.1038
26.1445
28.6984
30.7542
32.3331
33.4803
34.2549
34.7203
34.9365
34.9561
34.8221
34.5682
34.22
33.7964
33.3114
32.7753
32.1956
31.5782
30.9275
30.2471
29.54
28.8087
28.0556
27.2825
26.4914
25.6838
24.8613
24.0254
23.1774
22.3187
21.4504
20.5736
19.6895
18.7991
17.9034
17.0031
16.0993
15.1927
14.284
13.3739
12.4632
11.5523
10.642
9.7326
8.82474
7.91882
7.01526
6.11443
5.21669
4.32234
3.43168
2.54496
1.66242
0.784258
-0.0893345
-0.958194
-1.82218
-2.67726
-3.52314
-4.35967
-5.18682
-6.00464
-6.8132
-7.61263
-8.40308
-9.18468
-9.95761
-10.722
-11.478
-12.2259
-12.9657
-13.6977
-14.4221
-15.1389
-15.8484
-16.5508
-17.2463
-17.935
-18.6172
-19.293
-19.9626
-20.6264
-21.2844
-21.937
-22.5843
-23.2266
-23.8643
-24.4975
-25.1266
-25.7518
-26.3736
-26.9922
-27.608
-28.2214
-28.8327
-29.4425
-30.0511
-30.659
-31.2667
-31.8747
-32.4836
-33.0937
-33.7058
-34.3204
-34.9381
-35.5594
-36.1849
-36.8153
-37.4511
-38.0927
-38.7408
-39.3956
-40.0576
-40.7269
-41.4037
-42.0878
-42.7789
-43.4766
-44.1801
-44.8881
-45.5994
-46.3122
-47.0243
-47.7333
-48.4365
-49.1309
-49.8132
-50.4802
-51.1287
-51.7555
-52.3578
-52.933
-53.4791
-53.9943
-54.4777
-54.9285
-55.3469
-55.7332
-56.0882
-56.4131
-56.7093
-56.9786
-57.2228
-57.4436
-57.643
-57.8229
-57.9851
-58.1313
-58.2632
-58.3823
-58.49
-58.5876
-58.6763
-58.7571
-58.831
-58.8989
-58.9614
-59.0193
-59.0732
-59.1236
-59.1709
-59.2157
-59.2581
-59.2987
-59.3375
-59.3749
-59.4112
-59.4464
-59.4807
-59.5143
-59.5473
-59.5798
-59.6119
-59.6437
-59.6753
-59.7067
-59.7379
-59.7691
-59.8002
-59.8313
-59.8625
-59.8937
-59.925
-59.9563
-59.9878
-60.0194
-60.0511
-60.083
-60.115
-60.1472
-60.1795
-60.212
-60.2446
-60.2775
-60.3105
-60.3436
-60.3769
-60.4104
-60.4441
-60.4779
-60.5119
-60.546
-60.5803
-60.6148
-60.6493
-60.6841
-60.719
-60.754
-60.7891
-60.8244
-60.8598
-60.8953
-60.931
-60.9667
-61.0026
-61.0386
-61.0746
-61.1108
-61.1471
-61.1834
-61.2198
-61.2563
-61.2929
-61.3296
-61.3663
-61.4031
-61.4399
-61.4768
-61.5137
-61.5507
-61.5877
-61.6248
-61.6619
-61.699
-61.7362
-61.7734
-61.8106
-61.8478
-61.885
-61.9222
-61.9595
-61.9967
-62.0339
-62.0712
-62.1084
-62.1456
-62.1828
-62.22
-62.2571
-62.2943
-62.3314
-62.3684
-62.4055
-62.4425
-62.4795
-62.5164
-62.4362
-62.2885
-62.0967
-61.8748
-61.6321
-61.3751
-61.1088
-60.8367
-60.5617
-60.2857
-60.0104
-59.737
-59.4664
-59.1995
-58.9367
-58.6785
-58.4252
-58.1771
-57.9345
-57.6973
-57.4658
-57.24
-57.02
-56.8056
-56.597
-56.3941
-56.1969
-56.0052
-55.8191
-55.6384
-55.4631
-55.2931
-55.1282
-54.9685
-54.8137
-54.6639
-54.5189
-54.3785
-54.2428
-54.1115
-53.9847
-53.8621
-53.7438
-53.6295
-53.5193
-53.413
-53.3105
-53.2117
-53.1166
-53.0251
-52.9371
-52.8525
-52.7712
-52.6932
-52.6183
-52.5466
-52.478
-52.4123
-52.3495
-52.2896
-52.2325
-52.1782
-52.1266
-52.0776
-52.0311
-51.9873
-51.9459
-51.907
-51.8705
-51.8363
-51.8045
-51.775
-51.7477
-51.7226
-51.6997
-51.6789
-51.6603
-51.6437
-51.6292
-51.6167
-51.6063
-51.5977
-51.5911
-51.5865
-51.5837
-51.5828
-51.5837
-51.5864
-51.591
-51.5973
-51.6054
-51.6151
-51.6266
-51.6398
-51.6547
-51.6712
-51.6893
-51.709
-51.7304
-51.7533
-51.7777
-51.8037
-51.8312
-51.8602
-51.8907
-51.9227
-51.9561
-51.9909
-52.0271
-52.0647
-52.1037
-52.1441
-52.1857
-52.2287
-52.273
-52.3185
-52.3653
-52.4134
-52.4626
-52.5131
-52.5647
-52.6175
-52.6714
-52.7264
-52.7825
-52.7404
-52.6409
-52.5036
-52.3397
-52.1567
-51.9599
-51.7534
-51.54
-51.322
-51.101
-50.8785
-50.6553
-50.4323
-50.2102
-49.9894
-49.7702
-49.5531
-49.3382
-49.1257
-48.9158
-48.7085
-48.504
-48.3022
-48.1033
-47.9072
-47.7139
-47.5234
-47.3356
-47.1506
-46.9681
-46.7883
-46.611
-46.4361
-46.2636
-46.0933
-45.9253
-45.7593
-45.5954
-45.4333
-45.2731
-45.1146
-44.9577
-44.8023
-44.6484
-44.4957
-44.3443
-44.1939
-44.0446
-43.8961
-43.7484
-43.6014
-43.455
-43.309
-43.1634
-43.018
-42.8727
-42.7275
-42.5821
-42.4365
-42.2905
-42.144
-41.9969
-41.8491
-41.7004
-41.5507
-41.3997
-41.2475
-41.0937
-40.9383
-40.7811
-40.6218
-40.4604
-40.2965
-40.13
-39.9607
-39.7883
-39.6126
-39.4333
-39.2501
-39.0628
-38.8711
-38.6745
-38.4728
-38.2656
-38.0525
-37.8331
-37.6068
-37.3732
-37.1319
-36.8821
-36.6234
-36.3551
-36.0764
-35.7868
-35.4852
-35.171
-34.8431
-34.5007
-34.1425
-33.7675
-33.3745
-32.9622
-32.5291
-32.0736
-31.5944
-31.0895
-30.5572
-29.9956
-29.4027
-28.7764
-28.1147
-27.4152
-26.6759
-25.8947
-25.0697
-24.1991
-23.2818
-22.3168
-21.3042
-20.2448
-19.1408
-17.9955
-16.8143
-15.6044
-14.3751
-13.1379
-11.9063
-10.6956
-9.52193
-8.40222
-7.35276
-6.38854
-5.52246
-4.76468
-4.12225
-3.59901
-3.19577
-2.91057
-2.73925
-2.6759
-2.71343
-2.844
-3.05949
-3.35173
-3.71283
-4.13526
-4.612
-5.13657
-5.70304
-6.30605
-6.94075
-7.60279
-8.28829
-8.99375
-9.71608
-10.4525
-11.2006
-11.9581
-12.723
-13.4938
-14.2688
-15.0466
-15.8262
-16.6063
-17.3861
-18.1649
-18.9418
-19.7162
-20.4877
-21.2558
-22.0202
-22.7804
-23.5364
-24.2879
-25.0347
-25.7769
-26.5143
-27.247
-27.975
-28.6985
-29.4175
-30.1323
-30.843
-31.5499
-32.2532
-32.897
-33.5066
-34.0938
-34.6649
-35.224
-35.7737
-36.3161
-36.8524
-37.384
-37.9116
-38.4361
-38.9581
-39.4784
-39.9974
-40.5157
-41.034
-41.5526
-42.0721
-42.593
-43.1158
-43.6409
-44.1687
-44.6996
-45.234
-45.7722
-46.3144
-46.8608
-47.4115
-47.9664
-48.5255
-49.0883
-49.6545
-50.2234
-50.7941
-51.3655
-51.9362
-52.5047
-53.069
-53.6271
-54.1766
-54.715
-55.2398
-55.7482
-56.2377
-56.7057
-57.1502
-57.5691
-57.961
-58.3247
-58.6598
-58.9659
-59.2435
-59.4932
-59.7163
-59.9139
-60.0876
-60.2393
-60.3707
-60.4835
-60.5798
-60.6611
-60.6225
-60.5152
-60.3634
-60.1816
-59.9791
-59.7626
-59.537
-59.306
-59.0721
-58.8376
-58.604
-58.3725
-58.1441
-57.9195
-57.6992
-57.4836
-57.2731
-57.0679
-56.8682
-56.674
-56.4854
-56.3024
-56.125
-55.9532
-55.7869
-55.626
-55.4706
-55.3203
-55.1753
-55.0354
-54.9004
-54.7703
-54.6449
-54.5242
-54.4081
-54.2963
-54.1889
-54.0857
-53.9866
-53.8915
-53.8003
-53.7129
-53.6292
-53.5492
-53.4726
-53.3995
-53.3298
-53.2633
-53.2
-53.1397
-53.0826
-53.0283
-52.977
-52.9285
-52.8827
-52.8396
-52.7991
-52.7611
-52.7257
-52.6927
-52.662
-52.6337
-52.6077
-52.5839
-52.5623
-52.5428
-52.5253
-52.5099
-52.4965
-52.4851
-52.4755
-52.4678
-52.462
-52.4579
-52.4556
-52.455
-52.456
-52.4587
-52.463
-52.4689
-52.4763
-52.4853
-52.4957
-52.5076
-52.5209
-52.5356
-52.5517
-52.5691
-52.5878
-52.6078
-52.6291
-52.6516
-52.6753
-52.7002
-52.7262
-52.7534
-52.7817
-52.8111
-52.8416
-52.8731
-52.9056
-52.9391
-52.9737
-53.0091
-53.0456
-53.0829
-53.1211
-53.1602
-53.2002
-53.241
-53.2827
-53.3251
-53.3684
-53.4124
-53.4571
-53.5026
-53.5488
-53.5957
-53.6432
-53.6915
-53.7403
-53.7898
-53.8399
-53.8906
-53.9419
-53.9938
-54.0462
-54.0991
-54.1526
-54.2065
-54.2609
-54.3158
-54.3712
-54.427
-54.4832
-54.5399
-54.5969
-54.6544
-54.7122
-54.7703
-54.8288
-54.8877
-54.9468
-55.0063
-55.0661
-55.1261
-55.1864
-55.247
-55.3078
-55.3689
-55.4302
-55.4917
-55.5534
-55.6153
-55.6773
-55.7396
-55.8019
-55.8645
-55.9271
-55.9899
-56.0529
-56.1159
-56.179
-56.2422
-56.3055
-56.3689
-56.4323
-56.4958
-56.5593
-56.6229
-56.6865
-56.7501
-56.8137
-56.8774
-56.941
-57.0046
-57.0682
-57.1318
-57.1954
-57.2589
-57.3223
-57.3858
-57.4491
-57.5124
-57.5757
-57.6388
-57.7019
-57.7649
-57.8278
-57.8906
-57.9533
-58.0159
-58.0784
-58.1407
-58.203
-58.2651
-58.3271
-58.3889
-58.4507
-58.5122
-58.5737
-58.6349
-58.6961
-58.757
-58.8178
-58.8785
-58.9389
-58.9992
-59.0593
-59.1193
-59.179
-59.2386
-59.298
-59.3572
-59.4162
-59.475
-59.5336
-59.592
-59.6502
-59.7082
-59.766
-59.8236
-59.881
-59.9382
-59.9951
-60.0518
-60.1083
-60.1646
-60.2207
-60.2766
-60.3322
-60.3876
-60.4427
-60.4977
-60.5524
-60.6069
-60.6611
-60.7151
-60.7689
-60.8224
-60.8757
-60.9288
-60.9816
-61.0342
-61.0866
-61.1387
-61.1905
-61.2421
-61.2935
-61.3446
-61.3955
-61.4461
-61.4965
-61.5467
-61.5966
-61.6462
-61.6956
-61.7448
-61.7937
-61.8423
-61.8907
-61.9389
-61.9868
-62.0344
-62.0819
-62.129
-62.1759
-62.2226
-62.269
-62.3151
-62.361
-62.4066
-62.452
-62.4972
-62.5421
-62.5867
-62.6311
-62.6753
-62.7191
-62.7628
-62.8062
-62.8493
-62.8922
-62.9348
-62.9772
-63.0194
-63.0612
-63.1029
-63.1443
-63.1854
-63.2263
-63.267
-63.3074
-63.3475
-63.3874
-63.4271
-63.4665
-63.5056
-63.5446
-63.5832
-63.6217
-63.6598
-63.6978
-63.7355
-63.7729
-63.8102
-63.8471
-63.8838
-63.9203
-63.9566
-63.9926
-64.0284
-64.0639
-64.0992
-64.1342
-64.169
-64.2036
-64.238
-64.2721
-64.3059
-64.3396
-64.373
-64.4061
-64.4391
-64.4718
-64.5042
-64.5365
-64.5685
-64.6002
-64.6318
-64.6631
-64.6942
-64.7251
-64.7557
-64.7861
-64.8163
-64.8462
-64.876
-64.9055
-64.9348
-64.9639
-64.9927
-65.0213
-65.0497
-65.0779
-65.1059
-65.1336
-65.1612
-65.1885
-65.2156
-65.2425
-65.2691
-65.2956
-65.1902
-65.0018
-64.754
-64.4618
-64.1355
-63.7829
-63.4102
-63.0222
-62.6227
-62.2149
-61.8012
-61.3838
-60.9643
-60.544
-60.1242
-59.7058
-59.2896
-58.8763
-58.4665
-58.0605
-57.6588
-57.2617
-56.8695
-56.4824
-56.1005
-55.7239
-55.3528
-54.9871
-54.6268
-54.272
-53.9225
-53.5784
-53.2394
-52.9055
-52.5764
-52.2521
-51.9324
-51.6169
-51.3055
-50.998
-50.6941
-50.3934
-50.0957
-49.8007
-49.508
-49.2173
-48.9282
-48.6404
-48.3535
-48.067
-47.7805
-47.4936
-47.2058
-46.9166
-46.6255
-46.332
-46.0355
-45.7354
-45.431
-45.1218
-44.807
-44.4859
-44.1576
-43.8214
-43.4763
-43.1214
-42.7556
-42.3777
-41.9866
-41.581
-41.1593
-40.7201
-40.2617
-39.7822
-39.2796
-38.7516
-38.196
-37.61
-36.9907
-36.3351
-35.6395
-34.9002
-34.1131
-33.2736
-32.3769
-31.4176
-30.39
-29.288
-28.1053
-26.835
-25.4704
-24.0047
-22.4312
-20.7441
-18.9385
-17.0114
-14.962
-12.7931
-10.5117
-8.13058
-5.66888
-3.1531
-0.617283
1.89769
4.34577
6.67853
8.84893
10.8152
12.5447
14.0157
15.219
16.1568
16.8407
17.2893
17.5253
17.5733
17.4574
17.2008
16.8241
16.3456
15.781
15.144
14.4457
13.6959
12.9025
12.0725
11.2117
10.3249
9.41658
8.49029
7.5493
6.59641
5.6341
4.66456
3.68972
2.7113
1.73082
0.749638
-0.231055
-1.21019
-2.18683
-3.16013
-4.12938
-5.09392
-6.05321
-7.00674
-7.95412
-8.89498
-9.82903
-10.756
-11.6757
-12.588
-13.4928
-14.3899
-15.2793
-16.1611
-17.0351
-17.9015
-18.7603
-19.6116
-20.4555
-21.2922
-22.1217
-22.9443
-23.7603
-24.5697
-25.3729
-26.1701
-26.9617
-27.748
-28.5293
-29.306
-30.0786
-30.8474
-31.613
-32.3758
-33.1364
-33.8953
-34.6532
-35.4106
-36.1681
-36.9265
-37.6865
-38.4487
-39.2139
-39.9829
-40.7564
-41.5352
-42.3201
-43.1118
-43.9111
-44.7186
-45.5351
-46.3611
-47.1971
-48.0435
-48.9006
-49.7684
-50.6468
-51.5355
-52.4338
-53.3408
-54.255
-55.1748
-56.098
-57.0219
-57.9433
-58.8588
-59.7643
-60.6553
-61.5273
-62.3754
-63.1949
-63.981
-64.7296
-65.4369
-66.1001
-66.7168
-67.1637
-67.4934
-67.7316
-67.8943
-67.9934
-68.0384
-68.0373
-67.997
-67.9236
-67.8224
-67.6981
-67.5548
-67.3962
-67.2254
-67.0451
-66.8577
-66.6651
-66.4691
-66.2711
-66.0723
-65.8737
-65.6762
-65.4804
-65.287
-65.0963
-64.9087
-64.7245
-64.544
-64.3673
-64.1946
-64.0259
-63.8613
-63.7008
-63.5444
-63.3922
-63.2441
-63.1001
-62.9601
-62.8241
-62.692
-62.5637
-62.4393
-62.3186
-62.2016
-62.0882
-61.9782
-61.8718
-61.7687
-61.6689
-61.5723
-61.4789
-61.3886
-61.3013
-61.217
-61.1356
-61.0569
-60.9811
-60.9079
-60.8374
-60.7695
-60.704
-60.6411
-60.5805
-60.5223
-60.4664
-60.4127
-60.3613
-60.312
-60.2647
-60.2195
-60.1764
-60.1352
-60.0959
-60.0584
-60.0228
-59.989
-59.957
-59.9266
-59.898
-59.8709
-59.8455
-59.8216
-59.7993
-59.7785
-59.7591
-59.7411
-59.7246
-59.7094
-59.6956
-59.6831
-59.6719
-59.6619
-59.6531
-59.6456
-59.6392
-59.634
-59.6299
-59.6269
-59.625
-59.6241
-59.6242
-59.6254
-59.6276
-59.6307
-59.6347
-59.6397
-59.6456
-59.6523
-59.66
-59.6684
-59.6777
-59.6878
-59.6987
-59.7103
-59.7227
-59.7358
-59.7497
-59.7642
-59.7795
-59.7954
-59.812
-59.8291
-59.847
-59.8654
-59.8844
-59.904
-59.9242
-59.9449
-59.9662
-59.988
-60.0103
-60.0331
-60.0564
-60.0801
-60.1044
-60.1291
-60.1542
-60.1797
-60.2057
-60.232
-60.2588
-60.2859
-60.3135
-60.3413
-60.3696
-60.3981
-60.4271
-60.4563
-60.4858
-60.5157
-60.5458
-60.5762
-60.6069
-60.6379
-60.6691
-60.7006
-60.7324
-60.7643
-60.7965
-60.8289
-60.8615
-60.8943
-60.9273
-60.9605
-60.9939
-61.0275
-61.0612
-61.0951
-61.1291
-61.1633
-61.1976
-61.232
-61.2666
-61.3013
-61.3361
-61.371
-61.406
-61.4411
-61.4763
-61.5116
-61.547
-61.5824
-61.6179
-61.6535
-61.6892
-61.7248
-61.7606
-61.7964
-61.8322
-61.868
-61.9039
-61.8193
-61.6616
-61.454
-61.2103
-60.9402
-60.6507
-60.3473
-60.034
-59.7141
-59.3902
-59.0642
-58.7377
-58.4121
-58.0883
-57.7673
-57.4496
-57.1358
-56.8264
-56.5217
-56.222
-55.9275
-55.6385
-55.3549
-55.077
-54.8047
-54.5381
-54.2773
-54.0221
-53.7726
-53.5287
-53.2903
-53.0574
-52.8299
-52.6076
-52.3906
-52.1786
-51.9715
-51.7692
-51.5717
-51.3787
-51.1902
-51.006
-50.8259
-50.6499
-50.4779
-50.3096
-50.145
-49.9839
-49.8262
-49.6718
-49.5206
-49.3724
-49.2271
-49.0846
-48.9448
-48.8076
-48.6728
-48.5405
-48.4104
-48.2824
-48.1566
-48.0327
-47.9107
-47.7904
-47.6719
-47.555
-47.4397
-47.3257
-47.2132
-47.102
-46.9919
-46.8831
-46.7752
-46.6684
-46.5625
-46.4575
-46.3532
-46.2497
-46.1468
-46.0444
-45.9426
-45.8412
-45.7402
-45.6395
-45.539
-45.4386
-45.3384
-45.2381
-45.1378
-45.0373
-44.9366
-44.8356
-44.7343
-44.6324
-44.53
-44.427
-44.3232
-44.2186
-44.1131
-44.0065
-43.8987
-43.7897
-43.6793
-43.5674
-43.4539
-43.3385
-43.2213
-43.1019
-42.9803
-42.8562
-42.7296
-42.6002
-42.4677
-42.332
-42.1929
-42.0501
-41.9033
-41.7523
-41.5968
-41.4364
-41.2708
-41.0997
-40.9227
-40.7393
-40.5491
-40.3517
-40.1465
-39.933
-39.7105
-39.4786
-39.2364
-38.9833
-38.7185
-38.4411
-38.1502
-37.8448
-37.5238
-37.1862
-36.8306
-36.4558
-36.0603
-35.6425
-35.2008
-34.7334
-34.2384
-33.7136
-33.157
-32.5661
-31.9384
-31.2715
-30.5624
-29.8084
-29.0066
-28.154
-27.2478
-26.2851
-25.2635
-24.1808
-23.0354
-21.8264
-20.554
-19.2199
-17.8272
-16.3812
-14.8895
-13.3625
-11.8133
-10.2577
-8.71421
-7.20328
-5.74644
-4.36534
-3.0805
-1.91017
-0.86933
0.0309842
0.784024
1.38726
1.84204
2.15294
2.32713
2.37356
2.30228
2.12389
1.84903
1.48805
1.05073
0.546192
-0.0171967
-0.631856
-1.29096
-1.9884
-2.71873
-3.47712
-4.25928
-5.0614
-5.88012
-6.71248
-7.55584
-8.40788
-9.26654
-10.13
-10.9967
-11.8652
-12.7343
-13.6029
-14.47
-15.3349
-16.1968
-17.0551
-17.9094
-18.7591
-19.6039
-20.4436
-21.2779
-22.1066
-22.9297
-23.7471
-24.5587
-25.3647
-26.1651
-26.9601
-27.7497
-28.5343
-29.314
-30.0892
-30.8602
-31.6274
-32.3911
-33.1517
-33.9098
-34.6658
-35.4203
-36.1738
-36.9269
-37.6802
-38.4344
-39.1901
-39.9479
-40.7087
-41.473
-42.2417
-43.0153
-43.7946
-44.5803
-45.3729
-46.1732
-46.9816
-47.7987
-48.6247
-49.4601
-50.3048
-51.1589
-52.0221
-52.894
-53.7738
-54.6607
-55.5532
-56.4496
-57.348
-58.2459
-59.1404
-60.0284
-60.9062
-61.77
-62.6157
-63.439
-64.2357
-65.0016
-65.7331
-66.4266
-67.0795
-67.6896
-68.2556
-68.7769
-69.2537
-69.6871
-70.0784
-70.4298
-70.7437
-71.0228
-71.2699
-71.488
-71.6799
-71.8483
-71.9958
-72.1247
-72.2374
-72.3358
-72.4217
-72.4967
-72.5622
-72.6194
-72.6695
-72.7133
-72.7518
-72.7856
-72.8153
-72.8415
-72.8647
-72.8852
-72.9034
-72.9197
-72.9341
-72.9471
-72.9587
-72.9691
-72.9785
-72.987
-72.9947
-73.0017
-73.008
-73.0138
-73.0191
-73.024
-73.0284
-73.0325
-73.0362
-73.0397
-73.0428
-73.0458
-73.0484
-73.0509
-73.0532
-73.0552
-73.0571
-73.0589
-73.0604
-73.0619
-73.0631
-73.0643
-73.0652
-73.0661
-73.0668
-73.0675
-73.068
-73.0683
-73.0686
-73.0687
-73.0688
-73.0687
-73.0685
-73.0682
-73.0679
-73.0674
-73.0667
-73.066
-73.0652
-73.0643
-73.0633
-73.0622
-73.0609
-73.0596
-73.0582
-73.0567
-73.055
-73.0533
-73.0515
-73.0496
-73.0475
-73.0454
-73.0432
-73.0408
-73.0384
-73.0359
-73.0332
-73.0305
-73.0277
-73.0247
-73.0217
-73.0186
-73.0153
-73.012
-73.0086
-73.005
-73.0014
-72.9977
-72.9938
-72.9899
-72.9859
-72.9817
-72.9775
-72.9732
-72.9687
-72.8191
-72.5797
-72.2781
-71.9309
-71.5502
-71.1446
-70.7211
-70.2848
-69.8402
-69.3903
-68.9381
-68.4856
-68.0346
-67.5865
-67.1424
-66.7034
-66.2702
-65.8434
-65.4236
-65.0111
-64.6063
-64.2094
-63.8207
-63.4402
-63.0682
-62.7046
-62.3495
-62.0028
-61.6647
-61.335
-61.0136
-60.7005
-60.3956
-60.0988
-59.8099
-59.5289
-59.2556
-58.9898
-58.7315
-58.4805
-58.2366
-57.9996
-57.7695
-57.546
-57.3291
-57.1184
-56.914
-56.7156
-56.523
-56.3362
-56.155
-55.9792
-55.8086
-55.6432
-55.4828
-55.3272
-55.1764
-55.0301
-54.8883
-54.7508
-54.6176
-54.4884
-54.3633
-54.242
-54.1245
-54.0107
-53.9004
-53.7936
-53.6902
-53.5901
-53.4932
-53.3994
-53.3086
-53.2209
-53.136
-53.054
-52.9748
-52.8982
-52.8243
-52.753
-52.6842
-52.618
-52.5541
-52.4926
-52.4335
-52.3767
-52.3221
-52.2698
-52.2196
-52.1716
-52.1257
-52.0819
-52.0402
-52.0005
-51.9628
-51.9271
-51.8933
-51.8615
-51.8316
-51.8037
-51.7776
-51.7534
-51.731
-51.7105
-51.6918
-51.6749
-51.6599
-51.6466
-51.6352
-51.6255
-51.6176
-51.6115
-51.6071
-51.6045
-51.6036
-51.6046
-51.6072
-51.6116
-51.6178
-51.6256
-51.6353
-51.6466
-51.6597
-51.6745
-51.6911
-51.7093
-51.7293
-51.7511
-51.7745
-51.7997
-51.8266
-51.8553
-51.8856
-51.9177
-51.9515
-51.987
-52.0242
-52.0632
-52.1038
-52.1462
-52.1902
-52.236
-52.2834
-52.3325
-52.3833
-52.4358
-52.4899
-52.5457
-52.6031
-52.6622
-52.7229
-52.7852
-52.8491
-52.9145
-52.9816
-53.0501
-53.1203
-53.1919
-53.265
-53.3397
-53.4157
-53.4932
-53.5721
-53.6524
-53.7341
-53.817
-53.9013
-53.9868
-54.0736
-54.1616
-54.2507
-54.341
-54.4324
-54.5248
-54.6183
-54.7128
-54.8082
-54.9045
-55.0017
-55.0998
-55.1986
-55.2981
-55.3984
-55.4993
-55.6008
-55.7029
-55.8055
-55.9085
-56.012
-56.1159
-56.2201
-56.3246
-56.4294
-56.5343
-56.6395
-56.7447
-56.85
-56.9553
-57.0606
-57.1658
-57.2709
-57.3759
-57.4807
-57.5853
-57.6896
-57.7936
-57.8973
-58.0007
-58.1036
-58.2061
-58.3081
-58.4096
-58.5106
-58.611
-58.7109
-58.8102
-58.9088
-59.0068
-59.1041
-59.2007
-59.2966
-59.3918
-59.4862
-59.5798
-59.6727
-59.7648
-59.8561
-59.9466
-60.0363
-60.1251
-60.2131
-60.3002
-60.3865
-60.472
-60.5566
-60.6403
-60.7231
-60.8051
-60.8863
-60.9665
-61.0459
-61.1244
-61.2021
-61.2789
-61.3549
-61.43
-61.5042
-61.5776
-61.6502
-61.7219
-61.7928
-61.8629
-61.9321
-62.0006
-62.0682
-62.135
-62.2011
-62.2663
-62.3308
-62.3946
-62.4575
-62.5197
-62.5812
-62.6419
-62.7019
-62.7612
-62.8198
-62.8777
-62.9348
-62.9913
-63.0471
-63.1023
-63.1568
-63.2106
-63.2638
-63.3163
-63.3682
-63.4195
-63.4702
-63.5203
-63.5698
-63.6187
-63.667
-63.7147
-63.7619
-63.8085
-63.8546
-63.9001
-63.9451
-63.9896
-64.0335
-64.077
-64.1199
-64.1623
-64.2042
-64.2457
-64.2866
-64.3271
-64.3671
-64.4067
-64.4458
-64.4844
-64.5226
-64.5603
-64.5977
-64.6346
-64.671
-64.7071
-64.7427
-64.7779
-64.8128
-64.8472
-64.8812
-64.9149
-64.9482
-64.9811
-65.0136
-65.0457
-65.0775
-65.109
-65.14
-65.1707
-65.2011
-65.2311
-65.2608
-65.2902
-65.3192
-65.3479
-65.3762
-65.4043
-65.432
-65.4594
-65.4865
-65.5133
-65.5398
-65.566
-65.5919
-65.6175
-65.6428
-65.6678
-65.6925
-65.717
-65.7411
-65.765
-65.7886
-65.812
-65.8351
-65.8579
-65.8804
-65.9027
-65.9247
-65.9465
-65.968
-65.9893
-66.0103
-66.0311
-66.0516
-66.0719
-66.0919
-66.1117
-66.1313
-66.1506
-66.1697
-66.1886
-66.2072
-66.2257
-66.2439
-66.2618
-66.2796
-66.2971
-66.3144
-66.3315
-66.3484
-66.3651
-66.3816
-66.3979
-66.4139
-66.4298
-66.4454
-66.4609
-66.4761
-66.4912
-66.5061
-66.5207
-66.5352
-66.5495
-66.5636
-66.5775
-66.5912
-66.6047
-66.6181
-66.6313
-66.6442
-66.657
-66.6697
-66.6821
-66.6944
-66.7065
-66.7184
-66.7302
-66.7418
-66.7532
-66.7644
-66.7755
-66.7865
-66.7972
-66.8078
-66.8182
-66.8285
-66.8386
-66.8486
-66.8584
-66.868
-66.8775
-66.8868
-66.896
-66.905
-66.9139
-66.9227
-66.9312
-66.9397
-66.948
-66.9561
-66.9641
-66.972
-66.9797
-66.9873
-66.9947
-67.002
-67.0092
-67.0162
-67.0231
-67.0298
-67.0364
-67.0429
-67.0493
-67.0555
-67.0616
-67.0676
-67.0734
-67.0791
-67.0847
-67.0901
-67.0955
-67.1007
-67.1058
-67.1107
-67.1156
-67.1203
-67.1249
-67.1294
-67.1338
-67.138
-67.1421
-67.1462
-67.1501
-67.1539
-67.1576
-67.1611
-67.1646
-67.1679
-67.1712
-67.1743
-67.1773
-67.1803
-67.1831
-67.1858
-67.1884
-67.1909
-67.1933
-67.1956
-67.1978
-67.1999
-67.2018
-67.2037
-67.2055
-67.2072
-67.2088
-67.2104
-67.2118
-67.2131
-67.2143
-67.2154
-67.2165
-67.2174
-67.2183
-67.219
-67.2197
-67.2203
-67.2208
-67.2212
-67.2215
-67.2218
-67.2219
-67.222
-67.222
-67.2219
-67.2217
-67.2215
-67.2211
-67.2207
-67.2202
-67.2196
-67.2189
-67.2182
-67.2174
-67.2165
-67.2155
-67.2145
-67.2134
-67.2122
-67.2109
-67.2096
-67.2081
-67.2067
-67.2051
-67.2035
-67.2018
-67.2
-67.1982
-67.1963
-67.1943
-67.1923
-67.1902
-67.188
-67.1858
-67.1835
-67.1811
-67.1787
-67.1762
-67.1736
-67.171
-67.1684
-67.1656
-67.1628
-67.16
-67.1571
-67.1541
-67.1511
-67.148
-67.1448
-67.1416
-67.1384
-67.1351
-67.1317
-67.1283
-67.1248
-67.1213
-67.1177
-67.1141
-67.1104
-67.1067
-67.1029
-67.0991
-67.0952
-67.0913
-67.0873
-67.0833
-67.0792
-67.0751
-67.071
-67.0667
-67.0625
-67.0582
-67.0539
-67.0495
-67.045
-67.0406
-67.0361
-67.0315
-67.0269
-67.0223
-67.0176
-67.0129
-67.0081
-67.0033
-66.9985
-66.9936
-66.9887
-66.9838
-66.9788
-66.9738
-66.9687
-66.9636
-66.9585
-66.9533
-66.9481
-66.9429
-66.9377
-66.9324
-66.927
-66.9217
-66.9163
-66.9109
-66.9054
-66.8999
-66.8944
-66.8889
-66.8833
-66.8777
-66.8721
-66.8664
-66.8607
-66.855
-66.8493
-66.8435
-66.8377
-66.8319
-66.8261
-66.8202
-66.8143
-66.8084
-66.8024
-66.7965
-66.7905
-66.7845
-66.7784
-66.7724
-66.7663
-66.7602
-66.7541
-66.7479
-66.7418
-66.7356
-66.7294
-66.7232
-66.7169
-66.7107
-66.7044
-66.6981
-66.6918
-66.6855
-66.6791
-66.6728
-66.6664
-66.66
-66.6536
-66.6472
-66.6407
-66.6343
-66.6278
-66.6213
-66.6148
-66.6083
-66.6018
-66.5953
-66.5887
-66.5822
-66.5756
-66.569
-66.5625
-66.5559
-66.5493
-66.5426
-66.536
-66.5294
-66.5227
-66.5161
-66.5094
-66.5027
-66.4961
-66.4894
-66.4827
-66.476
-66.4693
-66.4626
-66.4559
-66.4491
-66.4424
-66.4357
-66.4289
-66.4222
-66.4154
-66.4087
-66.4019
-66.3952
-66.3884
-66.3816
-66.3748
-66.3681
-66.3613
-66.3545
-66.3477
-66.3409
-66.3341
-66.3273
-66.3205
-66.3137
-66.3069
-66.3001
-66.2934
-66.2866
-66.2798
-66.273
-66.2662
-66.2594
-66.2526
-66.2458
-66.239
-66.2322
-66.2254
-66.2186
-66.2118
-66.205
-66.1982
-66.1915
-66.1847
-66.1779
-66.1712
-66.1644
-66.1576
-66.1509
-66.1441
-66.1374
-66.1306
-66.1239
-66.1172
-66.1105
-66.1037
-66.097
-66.0903
-66.0836
-66.0769
-66.0703
-66.0636
-66.0569
-66.0502
-66.0436
-66.037
-66.0303
-66.0237
-66.0171
-66.0105
-66.0039
-65.9973
-65.9907
-65.9841
-65.9775
-65.971
-65.9644
-65.9579
-65.9514
-65.9449
-65.9384
-65.9319
-65.9254
-65.9189
-65.9125
-65.906
-65.8996
-65.8931
-65.8867
-65.8803
-65.8739
-65.8675
-65.8611
-65.8548
-65.8484
-65.8421
-65.8358
-65.8294
-65.8231
-65.8168
-65.8106
-65.8043
-65.7981
-65.7918
-65.7856
-65.7794
-65.7732
-65.767
-65.7608
-65.7547
-65.7486
-65.7424
-65.7363
-65.7302
-65.7241
-65.7181
-65.712
-65.706
-65.7
-65.694
-65.688
-65.682
-65.6761
-65.6701
-65.6642
-65.6583
-65.6524
-65.6465
-65.6407
-65.6349
-65.629
-65.6232
-65.6174
-65.6117
-65.6059
-65.6002
-65.5945
-65.5888
-65.5831
-65.5775
-65.5718
-65.5662
-65.5606
-65.555
-65.5494
-65.5439
-65.5384
-65.5329
-65.5274
-65.5219
-65.5165
-65.511
-65.5056
-65.5002
-65.4948
-65.4895
-65.4842
-65.4789
-65.4736
-65.3327
-65.1037
-64.8099
-64.4658
-64.0819
-63.6662
-63.2251
-62.7635
-62.2858
-61.7951
-61.2943
-60.7855
-60.2708
-59.7514
-59.2289
-58.704
-58.1777
-57.6507
-57.1234
-56.5962
-56.0695
-55.5432
-55.0176
-54.4925
-53.9679
-53.4434
-52.9187
-52.3934
-51.8669
-51.3386
-50.8076
-50.2732
-49.7342
-49.1895
-48.6378
-48.0775
-47.5071
-46.9245
-46.3277
-45.7143
-45.0816
-44.4266
-43.7459
-43.0357
-42.2917
-41.5089
-40.682
-39.8046
-38.8695
-37.8686
-36.7928
-35.6314
-34.3725
-33.0026
-31.5063
-29.8665
-28.0642
-26.0785
-23.8873
-21.4678
-18.7977
-15.8576
-12.6334
-9.12049
-5.32904
-1.28898
2.94517
7.29214
11.6458
15.8828
19.8749
23.5049
26.6815
29.35
31.4954
33.1389
34.3284
35.1265
35.6002
35.8129
35.8195
35.6648
35.384
35.0037
34.5434
34.0178
33.4374
32.8103
32.1423
31.4384
30.7022
29.9369
29.1452
28.3295
27.4919
26.6345
25.759
24.8672
23.9607
23.041
22.1095
21.1676
20.2166
19.2576
18.292
17.3207
16.3447
15.3651
14.3827
13.3983
12.4128
11.427
10.4413
9.45663
8.47341
7.49222
6.51354
5.53783
4.56549
3.5969
2.63238
1.67224
0.71675
-0.233863
-1.17939
-2.11964
-3.05448
-3.98375
-4.90737
-5.82524
-6.7373
-7.64349
-8.54379
-9.43818
-10.3267
-11.2093
-12.086
-12.9569
-13.8221
-14.6816
-15.5355
-16.384
-17.227
-18.0649
-18.8976
-19.7255
-20.5486
-21.3672
-22.1815
-22.9917
-23.7982
-24.6012
-25.4011
-26.1981
-26.9928
-27.7855
-28.5766
-29.3668
-30.1564
-30.9462
-31.7367
-32.5286
-33.3225
-34.1194
-34.9199
-35.7249
-36.5354
-37.3522
-38.1763
-39.0088
-39.8507
-40.703
-41.5668
-42.4432
-43.3331
-44.2376
-45.1574
-46.0933
-47.0459
-48.0155
-49.0023
-50.0058
-51.0254
-52.0598
-53.1072
-54.165
-55.2301
-56.2984
-57.3651
-58.4246
-59.4708
-60.4966
-61.4952
-62.4593
-63.3819
-64.2569
-65.0788
-65.8433
-66.5476
-67.1903
-67.7713
-68.292
-68.7549
-69.1632
-69.5211
-69.8328
-70.103
-70.3362
-70.5368
-70.7088
-70.8561
-70.982
-71.0897
-71.1818
-71.2606
-71.3281
-71.3861
-71.4361
-71.4793
-71.5167
-71.5493
-71.5779
-71.603
-71.6253
-71.6451
-71.6628
-71.6788
-71.6933
-71.7065
-71.7187
-71.73
-71.7405
-71.7503
-71.7596
-71.7683
-71.7767
-71.7847
-71.7923
-71.7997
-71.8068
-71.8137
-71.8204
-71.827
-71.8334
-71.8396
-71.8457
-71.8517
-71.8576
-71.8634
-71.8691
-71.8747
-71.8802
-71.8856
-71.891
-71.8962
-71.9014
-71.9065
-71.9116
-71.9165
-71.9214
-71.9263
-71.931
-71.9357
-71.9403
-71.9448
-71.9493
-71.9537
-71.958
-71.9623
-71.9665
-71.9706
-71.9746
-71.9786
-71.9824
-71.9862
-71.99
-71.9936
-71.9972
-72.0007
-72.0041
-72.0075
-72.0107
-72.0139
-72.017
-72.02
-72.0229
-72.0258
-72.0285
-72.0312
-72.0338
-72.0363
-72.0388
-72.0411
-72.0434
-72.0455
-72.0476
-72.0496
-72.0515
-72.0533
-72.055
-72.0567
-72.0582
-72.0596
-72.061
-72.0623
-72.0634
-72.0645
-72.0655
-72.0664
-72.0672
-72.0679
-72.0685
-72.0691
-72.0695
-72.0698
-72.0701
-72.0702
-72.0703
-72.0702
-72.0701
-72.0698
-72.0695
-72.0691
-72.0685
-72.0679
-72.0672
-72.0663
-72.0654
-72.0644
-72.0633
-72.0621
-72.0608
-72.0594
-72.0579
-72.0563
-72.0546
-72.0528
-72.0509
-72.0489
-72.0468
-72.0446
-72.0423
-72.04
-72.0375
-72.0349
-72.0322
-72.0295
-72.0266
-72.0236
-72.0205
-72.0174
-72.0141
-72.0108
-72.0073
-72.0038
-72.0001
-71.9964
-71.9925
-71.9886
-71.9846
-71.9804
-71.9762
-71.9719
-71.9675
-71.963
-71.9584
-71.9537
-71.9489
-71.944
-71.939
-71.9339
-71.9287
-71.9235
-71.9181
-71.9127
-71.9071
-71.9015
-71.8957
-71.8899
-71.884
-71.878
-71.8719
-71.8657
-71.8594
-71.8531
-71.8466
-71.8401
-71.8334
-71.8267
-71.8199
-71.813
-71.806
-71.7989
-71.7917
-71.7845
-71.7771
-71.7697
-71.7622
-71.7546
-71.7469
-71.7391
-71.7312
-71.7233
-71.7153
-71.7072
-71.699
-71.6907
-71.6823
-71.6739
-71.6654
-71.6568
-71.6481
-71.6393
-71.6305
-71.6215
-71.6125
-71.6034
-71.5943
-71.585
-71.5757
-71.5663
-71.5568
-71.5473
-71.5376
-71.5279
-71.5182
-71.5083
-71.4984
-71.4884
-71.4783
-71.4681
-71.4579
-71.4476
-71.4373
-71.2813
-71.0327
-70.7176
-70.3521
-69.948
-69.5139
-69.0569
-68.5825
-68.095
-67.5981
-67.0947
-66.5873
-66.0778
-65.568
-65.0592
-64.5526
-64.0492
-63.5497
-63.055
-62.5656
-62.082
-61.6047
-61.1339
-60.6699
-60.2131
-59.7635
-59.3213
-58.8866
-58.4594
-58.0399
-57.6278
-57.2233
-56.8263
-56.4365
-56.054
-55.6786
-55.31
-54.9481
-54.5927
-54.2436
-53.9005
-53.5631
-53.2312
-52.9044
-52.5825
-52.2651
-51.9518
-51.6423
-51.3363
-51.0333
-50.7329
-50.4348
-50.1384
-49.8433
-49.5492
-49.2554
-48.9616
-48.6671
-48.3714
-48.0741
-47.7744
-47.4718
-47.1656
-46.8552
-46.5398
-46.2186
-45.8909
-45.5558
-45.2123
-44.8595
-44.4963
-44.1216
-43.7341
-43.3325
-42.9152
-42.4808
-42.0276
-41.5535
-41.0565
-40.5344
-39.9846
-39.4044
-38.7907
-38.1403
-37.4494
-36.714
-35.9297
-35.0915
-34.1942
-33.2319
-32.1982
-31.0864
-29.8891
-28.5986
-27.2069
-25.7058
-24.0871
-22.3431
-20.4668
-18.4529
-16.298
-14.0019
-11.5683
-9.00623
-6.33061
-3.5634
-0.733821
2.12168
4.96036
7.73476
10.3952
12.8926
15.1821
17.2264
18.998
20.4818
21.6747
22.585
23.2301
23.6336
23.8226
23.825
23.6675
23.3747
22.9682
22.4663
21.8847
21.2362
20.5314
19.7791
18.9865
18.1597
17.3037
16.4229
15.5209
14.6009
13.6658
12.718
11.7597
10.7928
9.81902
8.84004
7.85722
6.87183
5.88502
4.89783
3.91118
2.92592
1.94278
0.962437
-0.0145082
-0.987529
-1.95616
-2.91998
-3.87864
-4.83183
-5.77928
-6.72076
-7.65609
-8.5851
-9.50767
-10.4237
-11.3332
-12.236
-13.1321
-14.0217
-14.9046
-15.7809
-16.6507
-17.5141
-18.3712
-19.2221
-20.0669
-20.9059
-21.7392
-22.5671
-23.3897
-24.2073
-25.0202
-25.8287
-26.6332
-27.434
-28.2314
-29.0261
-29.8183
-30.6086
-31.3975
-32.1857
-32.9737
-33.7621
-34.5517
-35.3432
-36.1373
-36.9348
-37.7366
-38.5434
-39.3563
-40.1761
-41.0038
-41.8401
-42.6862
-43.5427
-44.4107
-45.2908
-46.1838
-47.0903
-48.0106
-48.945
-49.8934
-50.8557
-51.831
-52.8184
-53.8164
-54.8227
-55.835
-56.8498
-57.8634
-58.8713
-59.8685
-60.8495
-61.8085
-62.7395
-63.6366
-64.4941
-65.307
-66.071
-66.7829
-67.4402
-68.0421
-68.5887
-69.081
-69.5212
-69.9121
-70.2571
-70.5599
-70.8244
-71.0545
-71.254
-71.4265
-71.5753
-71.7035
-71.8139
-71.9089
-71.9907
-72.0611
-72.1219
-72.1743
-72.2198
-72.2592
-72.2935
-72.3235
-72.3497
-72.3728
-72.3932
-72.4113
-72.4274
-72.4419
-72.4548
-72.4666
-72.4773
-72.4871
-72.496
-72.5043
-72.512
-72.5192
-72.5259
-72.5321
-72.5381
-72.5437
-72.549
-72.5541
-72.559
-72.5636
-72.568
-72.5723
-72.5764
-72.5804
-72.5843
-72.588
-72.5915
-72.4568
-72.2411
-71.9726
-71.6678
-71.3382
-70.9918
-70.6346
-70.2711
-69.9048
-69.5381
-69.1731
-68.8112
-68.4537
-68.1015
-67.7552
-67.4154
-67.0823
-66.7564
-66.4378
-66.1266
-65.823
-65.5269
-65.2383
-64.9572
-64.6836
-64.4173
-64.1583
-63.9064
-63.6616
-63.4237
-63.1927
-62.9683
-62.7504
-62.5389
-62.3336
-62.1345
-61.9413
-61.7539
-61.5722
-61.3961
-61.2254
-61.06
-60.8997
-60.7445
-60.5942
-60.4486
-60.3077
-60.1713
-60.0394
-59.9118
-59.7884
-59.6691
-59.5537
-59.4423
-59.3347
-59.2308
-59.1305
-59.0337
-58.9404
-58.8504
-58.7637
-58.6802
-58.5998
-58.5224
-58.448
-58.3765
-58.3079
-58.242
-58.1788
-58.1182
-58.0602
-58.0047
-57.9517
-57.9011
-57.8528
-57.8069
-57.7631
-57.7216
-57.6822
-57.645
-57.6098
-57.5765
-57.5453
-57.516
-57.4886
-57.463
-57.4392
-57.4173
-57.397
-57.3784
-57.3615
-57.3463
-57.3326
-57.3205
-57.3099
-57.3008
-57.2932
-57.287
-57.2823
-57.2789
-57.2769
-57.2762
-57.2768
-57.2787
-57.2818
-57.2862
-57.2917
-57.2985
-57.3064
-57.3154
-57.3255
-57.3368
-57.3491
-57.3624
-57.3767
-57.3921
-57.4084
-57.4257
-57.4439
-57.463
-57.4831
-57.504
-57.5258
-57.5484
-57.5718
-57.5961
-57.6211
-57.6469
-57.6735
-57.7008
-57.7288
-57.7575
-57.7869
-57.817
-57.8477
-57.879
-57.911
-57.9436
-57.9768
-58.0105
-58.0448
-58.0797
-58.1151
-58.151
-58.1874
-58.2243
-58.2617
-58.2995
-58.3378
-58.3765
-58.4156
-58.4552
-58.4951
-58.5355
-58.5762
-58.6172
-58.6586
-58.7004
-58.7424
-58.7848
-58.8275
-58.8704
-58.9137
-58.9572
-59.0009
-59.045
-59.0892
-59.1337
-59.1783
-59.2232
-59.2683
-59.3136
-59.359
-59.4046
-59.4504
-59.4963
-59.5423
-59.5885
-59.6348
-59.6812
-59.7277
-59.7743
-59.821
-59.8678
-59.9146
-59.9616
-60.0085
-60.0555
-60.1026
-60.1497
-60.1968
-60.244
-60.2911
-60.3383
-60.3855
-60.4326
-60.4798
-60.527
-60.5741
-60.6212
-60.6682
-60.7153
-60.7622
-60.8092
-60.856
-60.9028
-60.9496
-60.9963
-61.0429
-61.0894
-61.1358
-61.1822
-61.2284
-61.2746
-61.3207
-61.3666
-61.4125
-61.4582
-61.5039
-61.5494
-61.5948
-61.64
-61.6852
-61.7302
-61.775
-61.8198
-61.8644
-61.9088
-61.9531
-61.9972
-62.0412
-62.0851
-62.1288
-62.1723
-62.2156
-62.2588
-62.3018
-62.3447
-62.3874
-62.4299
-62.4723
-62.5144
-62.5564
-62.5982
-62.6398
-62.6813
-62.7225
-62.7636
-62.8045
-62.8452
-62.8857
-62.926
-62.9661
-63.006
-63.0457
-63.0853
-63.1246
-63.1637
-63.2026
-63.2414
-63.2799
-63.3182
-63.3563
-63.3943
-63.432
-63.4695
-63.5068
-63.5438
-63.5807
-63.6174
-63.6539
-63.6901
-63.7262
-63.762
-63.7976
-63.833
-63.8682
-63.9032
-63.938
-63.9726
-64.0069
-64.0411
-64.075
-64.1087
-64.1422
-64.1755
-64.2086
-64.2414
-64.2741
-64.3065
-64.3387
-64.3707
-64.4025
-64.4341
-64.4655
-64.4966
-64.5276
-64.5583
-64.5888
-64.6191
-64.6492
-64.6791
-64.7087
-64.7382
-64.7674
-64.7965
-64.8253
-64.8539
-64.8823
-64.9105
-64.9385
-64.9662
-64.9938
-65.0212
-65.0483
-65.0753
-65.102
-65.1285
-65.1548
-65.1809
-65.2068
-65.2325
-65.258
-65.2833
-65.3084
-65.3333
-65.358
-65.3825
-65.4067
-65.4308
-65.4547
-65.4784
-65.5019
-65.5251
-65.5482
-65.5711
-65.5938
-65.6163
-65.6386
-65.6607
-65.6826
-65.7043
-65.7259
-65.7472
-65.7683
-65.7893
-65.81
-65.8306
-65.8509
-65.8711
-65.8911
-65.9109
-65.9306
-65.95
-65.9692
-65.9883
-66.0072
-66.0259
-66.0444
-66.0627
-66.0809
-65.9642
-65.7615
-65.4967
-65.1847
-64.836
-64.4588
-64.0592
-63.6425
-63.2125
-62.7726
-62.3255
-61.8732
-61.4178
-60.9605
-60.5028
-60.0456
-59.5899
-59.1362
-58.6853
-58.2377
-57.7937
-57.3538
-56.9181
-56.4869
-56.0603
-55.6385
-55.2214
-54.8091
-54.4015
-53.9986
-53.6003
-53.2063
-52.8164
-52.4305
-52.0483
-51.6694
-51.2936
-50.9204
-50.5495
-50.1803
-49.8125
-49.4454
-49.0786
-48.7115
-48.3434
-47.9736
-47.6013
-47.226
-46.8465
-46.4622
-46.072
-45.675
-45.2699
-44.8556
-44.4308
-43.9942
-43.5442
-43.0791
-42.5972
-42.0964
-41.5748
-41.0298
-40.4589
-39.8593
-39.2278
-38.5609
-37.8549
-37.1053
-36.3076
-35.4566
-34.5466
-33.5712
-32.5236
-31.3962
-30.1808
-28.8688
-27.4506
-25.9167
-24.2571
-22.462
-20.5223
-18.43
-16.1794
-13.7682
-11.1984
-8.47848
-5.6246
-2.66216
0.373254
3.43577
6.47035
9.41544
12.2072
14.7848
17.0961
19.1025
20.7822
22.1303
23.1574
23.8861
24.3461
24.5711
24.5945
24.4479
24.1592
23.7524
23.2476
22.6614
22.0073
21.2963
20.5372
19.7376
18.9033
18.0396
17.1506
16.2402
15.3115
14.3674
13.4103
12.4425
11.4659
10.4824
9.4936
8.5009
7.50565
6.50904
5.51215
4.51596
3.52132
2.52905
1.53983
0.554294
-0.426994
-1.40354
-2.37491
-3.34072
-4.30064
-5.25438
-6.20171
-7.14241
-8.07632
-9.00331
-9.92327
-10.8361
-11.7418
-12.6403
-13.5317
-14.4159
-15.2929
-16.1629
-17.026
-17.8821
-18.7315
-19.5742
-20.4105
-21.2404
-22.0643
-22.8822
-23.6945
-24.5014
-25.3032
-26.1002
-26.8927
-27.6811
-28.4658
-29.2471
-30.0256
-30.8018
-31.576
-32.349
-33.1213
-33.8934
-34.6661
-35.44
-36.2159
-36.9945
-37.7766
-38.563
-39.3545
-40.1519
-40.9562
-41.7682
-42.5887
-43.4186
-44.2587
-45.1097
-45.9722
-46.8469
-47.7341
-48.6341
-49.5469
-50.4724
-51.41
-52.3588
-53.3175
-54.2844
-55.2572
-56.233
-57.2086
-58.1799
-59.1425
-60.0914
-61.0212
-61.9265
-62.8017
-63.6414
-64.4407
-65.1951
-65.9013
-66.5566
-67.1596
-67.7099
-68.2082
-68.6561
-69.0557
-69.4102
-69.7228
-69.9972
-70.2369
-70.4457
-70.6269
-70.784
-70.9199
-71.0373
-71.1389
-71.2266
-71.3026
-71.3684
-71.4256
-71.4753
-71.5187
-71.5568
-71.5902
-71.6198
-71.6459
-71.6693
-71.6902
-71.709
-71.726
-71.7415
-71.7557
-71.7688
-71.7809
-71.7922
-71.8027
-71.8126
-71.8219
-71.8308
-71.8393
-71.8473
-71.8551
-71.8625
-71.8697
-71.8767
-71.8834
-71.89
-71.8964
-71.9026
-71.9087
-71.9146
-71.7839
-71.5737
-71.3116
-71.0142
-70.6926
-70.3547
-70.0065
-69.6523
-69.2955
-68.9385
-68.5833
-68.2314
-67.8839
-67.5416
-67.2052
-66.8751
-66.5519
-66.2356
-65.9265
-65.6248
-65.3304
-65.0435
-64.7639
-64.4917
-64.2268
-63.9691
-63.7185
-63.4749
-63.2382
-63.0082
-62.7849
-62.5681
-62.3577
-62.1535
-61.9554
-61.7633
-61.577
-61.3963
-61.2212
-61.0516
-60.8872
-60.7279
-60.5737
-60.4244
-60.2798
-60.1399
-60.0045
-59.8736
-59.747
-59.6246
-59.5063
-59.3919
-59.2815
-59.1749
-59.0719
-58.9726
-58.8768
-58.7845
-58.6955
-58.6097
-58.5272
-58.4477
-58.3713
-58.2979
-58.2274
-58.1596
-58.0947
-58.0324
-57.9728
-57.9157
-57.8612
-57.8091
-57.7594
-57.7121
-57.667
-57.6242
-57.5836
-57.5451
-57.5087
-57.4744
-57.4421
-57.4117
-57.3833
-57.3568
-57.3321
-57.3092
-57.288
-57.2686
-57.2509
-57.2348
-57.2204
-57.2076
-57.1963
-57.1865
-57.1783
-57.1715
-57.1661
-57.1621
-57.1596
-57.1583
-57.1584
-57.1598
-57.1625
-57.1664
-57.1715
-57.1778
-57.1853
-57.194
-57.2038
-57.2146
-57.2266
-57.2396
-57.2536
-57.2687
-57.2847
-57.3017
-57.3197
-57.3386
-57.3584
-57.3791
-57.4007
-57.4231
-57.4464
-57.4705
-57.4953
-57.521
-57.5474
-57.5746
-57.6025
-57.6312
-57.6605
-57.6905
-57.7211
-57.7524
-57.7843
-57.8169
-57.85
-57.8838
-57.9181
-57.9529
-57.9883
-58.0242
-58.0607
-58.0976
-58.135
-58.1729
-58.2112
-58.25
-58.2892
-58.3288
-58.3689
-58.4093
-58.4501
-58.4913
-58.5328
-58.5747
-58.6168
-58.6594
-58.7022
-58.7453
-58.7887
-58.8323
-58.8763
-58.9204
-58.9649
-59.0095
-59.0544
-59.0995
-59.1448
-59.1902
-59.2359
-59.2817
-59.3277
-59.3738
-59.4201
-59.4666
-59.5131
-59.5598
-59.6065
-59.6534
-59.7004
-59.7474
-59.6778
-59.5372
-59.3476
-59.1224
-58.8709
-58.5997
-58.3142
-58.0182
-57.7149
-57.4067
-57.0956
-56.7832
-56.4706
-56.159
-55.8491
-55.5415
-55.2369
-54.9356
-54.6379
-54.3443
-54.0548
-53.7697
-53.489
-53.2129
-52.9413
-52.6744
-52.4121
-52.1544
-51.9012
-51.6525
-51.4082
-51.1682
-50.9324
-50.7007
-50.473
-50.2491
-50.0289
-49.8123
-49.599
-49.389
-49.1821
-48.9781
-48.7769
-48.5783
-48.3821
-48.1882
-47.9963
-47.8064
-47.6183
-47.4316
-47.2464
-47.0624
-46.8794
-46.6973
-46.5159
-46.3349
-46.1543
-45.9737
-45.7931
-45.6122
-45.4308
-45.2488
-45.0659
-44.8818
-44.6965
-44.5096
-44.321
-44.1303
-43.9374
-43.7419
-43.5437
-43.3424
-43.1376
-42.9292
-42.7168
-42.5
-42.2785
-42.0518
-41.8196
-41.5815
-41.3369
-41.0854
-40.8264
-40.5595
-40.284
-39.9992
-39.7045
-39.3992
-39.0825
-38.7535
-38.4113
-38.055
-37.6836
-37.2959
-36.8907
-36.4668
-36.0227
-35.5571
-35.0682
-34.5545
-34.0141
-33.445
-32.8453
-32.2126
-31.5448
-30.8392
-30.0935
-29.3049
-28.4707
-27.588
-26.6541
-25.6661
-24.6214
-23.5174
-22.3519
-21.1232
-19.8302
-18.4726
-17.0511
-15.5682
-14.0277
-12.4357
-10.8008
-9.13434
-7.45063
-5.76708
-4.1039
-2.48359
-0.930004
0.532815
1.88212
3.09789
4.16408
5.06954
5.80835
6.37972
6.78741
7.0389
7.14439
7.11579
6.96587
6.70752
6.35325
5.91484
5.40311
4.82785
4.19781
3.52072
2.80342
2.05187
1.27131
0.466333
-0.359056
-1.20134
-2.05744
-2.92465
-3.80058
-4.68316
-5.57052
-6.46105
-7.35332
-8.24607
-9.13821
-10.0288
-10.9169
-11.8018
-12.683
-13.5598
-14.4317
-15.2985
-16.1597
-17.0151
-17.8644
-18.7075
-19.5442
-20.3746
-21.1985
-22.016
-22.827
-23.6318
-24.4303
-25.2227
-26.0092
-26.79
-27.5653
-28.3354
-29.1005
-29.8611
-30.6174
-31.3699
-32.1189
-32.8649
-33.6083
-34.3498
-35.0897
-35.8286
-36.5671
-37.3059
-38.0455
-38.7865
-39.5298
-40.2758
-41.0253
-41.779
-42.5376
-43.3017
-44.072
-44.8492
-45.6338
-46.4263
-47.2273
-48.0372
-48.8561
-49.6843
-50.5218
-51.3682
-52.2233
-53.0864
-53.9564
-54.8322
-55.712
-56.5938
-57.4754
-58.3538
-59.2258
-60.088
-60.9363
-61.7667
-62.5749
-63.3566
-64.1077
-64.8245
-65.5034
-66.1418
-66.7376
-67.2895
-67.797
-68.2604
-68.6807
-69.0595
-69.399
-69.7017
-69.9704
-70.2079
-70.4171
-70.601
-70.6317
-70.5684
-70.4407
-70.2668
-70.0592
-69.8271
-69.5772
-69.3148
-69.0441
-68.7682
-68.4895
-68.21
-67.9313
-67.6545
-67.3807
-67.1106
-66.8447
-66.5836
-66.3276
-66.0769
-65.8318
-65.5923
-65.3585
-65.1305
-64.9083
-64.6919
-64.4812
-64.2762
-64.0768
-63.8829
-63.6945
-63.5115
-63.3337
-63.161
-62.9935
-62.8308
-62.673
-62.52
-62.3715
-62.2276
-62.0881
-61.953
-61.822
-61.6952
-61.5723
-61.4534
-61.3383
-61.227
-61.1193
-61.0151
-60.9145
-60.8172
-60.7232
-60.6324
-60.5448
-60.4602
-60.3787
-60.3001
-60.2243
-60.1514
-60.0811
-60.0135
-59.9485
-59.8861

