-65
-64.9994
-64.9988
-64.9982
-64.9977
-64.9971
-64.9965
-64.996
-64.9954
-64.9949
-64.9943
-64.9938
-64.9932
-64.9927
-64.9922
-64.9917
-64.9912
-64.9906
-64.9901
-64.9896
-64.9891
-64.9886
-64.9881
-64.9876
-64.9872
-64.9867
-64.9862
-64.9857
-64.9852
-64.9848
-64.9843
-64.9838
-64.9834
-64.9829
-64.9825
-64.982
-64.9816
-64.9811
-64.9807
-64.9802
-64.9798
-64.9794
-64.9789
-64.9785
-64.9781
-64.9777
-64.9772
-64.9768
-64.9764
-64.976
-64.9756
-64.9752
-64.9748
-64.9744
-64.974
-64.9736
-64.9732
-64.9728
-64.9725
-64.9721
-64.9717
-64.9713
-64.971
-64.9706
-64.9702
-64.9699
-64.9695
-64.9692
-64.9688
-64.9685
-64.9681
-64.9678
-64.9675
-64.9671
-64.9668
-64.9665
-64.9661
-64.9658
-64.9655
-64.9652
-64.9649
-64.9646
-64.9642
-64.9639
-64.9636
-64.9633
-64.963
-64.9628
-64.9625
-64.9622
-64.9619
-64.9616
-64.9613
-64.9611
-64.9608
-64.9605
-64.9603
-64.96
-64.9598
-64.9595
-64.9592
-64.959
-64.9588
-64.9585
-64.9583
-64.958
-64.9578
-64.9576
-64.9573
-64.9571
-64.9569
-64.9567
-64.9565
-64.9562
-64.956
-64.9558
-64.9556
-64.9554
-64.9552
-64.955
-64.9548
-64.9546
-64.9545
-64.9543
-64.9541
-64.9539
-64.9537
-64.9536
-64.9534
-64.9532
-64.9531
-64.9529
-64.9527
-64.9526
-64.9524
-64.9523
-64.9521
-64.952
-64.9519
-64.9517
-64.9516
-64.9514
-64.9513
-64.9512
-64.9511
-64.9509
-64.9508
-64.9507
-64.9506
-64.9505
-64.9504
-64.9503
-64.9502
-64.95
-64.9499
-64.9499
-64.9498
-64.9497
-64.9496
-64.9495
-64.9494
-64.9493
-64.9492
-64.9492
-64.9491
-64.949
-64.9489
-64.9489
-64.9488
-64.9487
-64.9487
-64.9486
-64.9486
-64.9485
-64.9485
-64.9484
-64.9484
-64.9483
-64.9483
-64.9482
-64.9482
-64.9482
-64.9481
-64.9481
-64.9481
-64.948
-64.948
-64.948
-64.948
-64.948
-64.9479
-64.9479
-64.9479
-64.9479
-64.9479
-64.9479
-64.9479
-64.9479
-64.9479
-64.9479
-64.9479
-64.9479
-64.9479
-64.9479
-64.9479
-64.9479
-64.9479
-64.9479
-64.948
-64.948
-64.948
-64.948
-64.9481
-64.9481
-64.9481
-64.9481
-64.9482
-64.9482
-64.9482
-64.9483
-64.9483
-64.9483
-64.9484
-64.9484
-64.9485
-64.9485
-64.9486
-64.9486
-64.9487
-64.9487
-64.9488
-64.9488
-64.9489
-64.9489
-64.949
-64.9491
-64.9491
-64.9492
-64.9492
-64.9493
-64.9494
-64.9494
-64.9495
-64.9496
-64.9497
-64.9497
-64.9498
-64.9499
-64.95
-64.95
-64.9501
-64.9502
-64.9503
-64.9504
-64.9504
-64.9505
-64.9506
-64.9507
-64.9508
-64.9509
-64.951
-64.951
-64.9511
-64.9512
-64.9513
-64.9514
-64.9515
-64.9516
-64.9517
-64.9518
-64.9519
-64.952
-64.9521
-64.9522
-64.9523
-64.9524
-64.9525
-64.9526
-64.9527
-64.9528
-64.9529
-64.953
-64.9532
-64.9533
-64.9534
-64.9535
-64.9536
-64.9537
-64.9538
-64.9539
-64.954
-64.9542
-64.9543
-64.9544
-64.9545
-64.9546
-64.9547
-64.9548
-64.955
-64.9551
-64.9552
-64.9553
-64.9554
-64.9556
-64.9557
-64.9558
-64.9559
-64.956
-64.9562
-64.9563
-64.9564
-64.9565
-64.9566
-64.9568
-64.9569
-64.957
-64.9571
-64.9573
-64.9574
-64.9575
-64.9576
-64.9578
-64.9579
-64.958
-64.9581
-64.9583
-64.9584
-64.9585
-64.9587
-64.9588
-64.9589
-64.959
-64.9592
-64.9593
-64.9594
-64.9595
-64.9597
-64.9598
-64.9599
-64.96
-64.9602
-64.9603
-64.9604
-64.9606
-64.9607
-64.9608
-64.9609
-64.9611
-64.9612
-64.9613
-64.9614
-64.9616
-64.9617
-64.9618
-64.962
-64.9621
-64.9622
-64.9623
-64.9625
-64.9626
-64.9627
-64.9628
-64.963
-64.9631
-64.9632
-64.9633
-64.9635
-64.9636
-64.9637
-64.9638
-64.964
-64.9641
-64.9642
-64.9643
-64.9645
-64.9646
-64.9647
-64.9648
-64.9649
-64.9651
-64.9652
-64.9653
-64.9654
-64.9655
-64.9657
-64.9658
-64.9659
-64.966
-64.9661
-64.9663
-64.9664
-64.9665
-64.9666
-64.9667
-64.9668
-64.967
-64.9671
-64.9672
-64.9673
-64.9674
-64.9675
-64.9677
-64.9678
-64.9679
-64.968
-64.9681
-64.9682
-64.9683
-64.9684
-64.9685
-64.9687
-64.9688
-64.9689
-64.969
-64.9691
-64.9692
-64.9693
-64.9694
-64.9695
-64.9696
-64.9697
-64.9698
-64.9699
-64.97
-64.9701
-64.9702
-64.9703
-64.9704
-64.9705
-64.9706
-64.9707
-64.9708
-64.9709
-64.971
-64.9711
-64.9712
-64.9713
-64.9714
-64.9715
-64.9716
-64.9717
-64.9718
-64.9719
-64.972
-64.9721
-64.9722
-64.9722
-64.9723
-64.9724
-64.9725
-64.9726
-64.9727
-64.9728
-64.9729
-64.9729
-64.973
-64.9731
-64.9732
-64.9733
-64.9734
-64.9734
-64.9735
-64.9736
-64.9737
-64.9738
-64.9738
-64.9739
-64.974
-64.9741
-64.9741
-64.9742
-64.9743
-64.9744
-64.9744
-64.9745
-64.9746
-64.9747
-64.9747
-64.9748
-64.9749
-64.9749
-64.975
-64.9751
-64.9751
-64.9752
-64.9753
-64.9753
-64.9754
-64.9755
-64.9755
-64.9756
-64.9757
-64.9757
-64.9758
-64.9758
-64.9759
-64.976
-64.976
-64.9761
-64.9761
-64.9762
-64.9762
-64.9763
-64.9764
-64.9764
-64.9765
-64.9765
-64.9766
-64.9766
-64.9767
-64.9767
-64.9768
-64.9768
-64.9769
-64.9769
-64.977
-64.977
-64.9771
-64.9771
-64.9771
-64.9772
-64.9772
-64.9773
-64.9773
-64.9774
-64.9774
-64.9774
-64.9775
-64.9775
-64.9776
-64.9776
-64.9776
-64.9777
-64.9777
-64.9778
-64.9778
-64.9778
-64.9779
-64.9779
-64.9779
-64.978
-64.978
-64.978
-64.9781
-64.9781
-64.9781
-64.9781
-64.9782
-64.9782
-64.9782
-64.9783
-64.9783
-64.9783
-64.9783
-64.9784
-64.9784
-64.9784
-64.9784
-64.9785
-64.9785
-64.9785
-64.9785
-64.9785
-64.9786
-64.9786
-64.9786
-64.9786
-64.9786
-64.9787
-64.9787
-64.9787
-64.9787
-64.9787
-64.9787
-64.9787
-64.9788
-64.9788
-64.9788
-64.9788
-64.9788
-64.9788
-64.9788
-64.9789
-64.9789
-64.9789
-64.9789
-64.9789
-64.9789
-64.9789
-64.9789
-64.9789
-64.9789
-64.9789
-64.9789
-64.9789
-64.979
-64.979
-64.979
-64.979
-64.979
-64.979
-64.979
-64.979
-64.979
-64.979
-64.979
-64.979
-64.979
-64.979
-64.979
-64.979
-64.979
-64.979
-64.979
-64.979
-64.979
-64.979
-64.979
-64.979
-64.979
-64.979
-64.979
-64.9789
-64.9789
-64.9789
-64.9789
-64.9789
-64.9789
-64.9789
-64.9789
-64.9789
-64.9789
-64.9789
-64.9789
-64.9789
-64.9789
-64.9788
-64.9788
-64.9788
-64.9788
-64.9788
-64.9788
-64.9788
-64.9788
-64.9788
-64.9787
-64.9787
-64.9787
-64.9787
-64.9787
-64.9787
-64.9787
-64.9787
-64.9786
-64.9786
-64.9786
-64.9786
-64.9786
-64.9786
-64.9786
-64.9785
-64.9785
-64.9785
-64.9785
-64.9785
-64.9785
-64.9784
-64.9784
-64.9784
-64.9784
-64.9784
-64.9783
-64.9783
-64.9783
-64.9783
-64.9783
-64.9783
-64.9782
-64.9782
-64.9782
-64.9782
-64.9782
-64.9781
-64.9781
-64.9781
-64.9781
-64.9781
-64.978
-64.978
-64.978
-64.978
-64.9779
-64.9779
-64.9779
-64.9779
-64.9779
-64.9778
-64.9778
-64.9778
-64.9778
-64.9778
-64.9777
-64.9777
-64.9777
-64.9777
-64.9776
-64.9776
-64.9776
-64.9776
-64.9775
-64.9775
-64.9775
-64.9775
-64.9774
-64.9774
-64.9774
-64.9774
-64.9774
-64.9773
-64.9773
-64.9773
-64.9773
-64.9772
-64.9772
-64.9772
-64.9772
-64.9771
-64.9771
-64.9771
-64.9771
-64.977
-64.977
-64.977
-64.977
-64.9769
-64.9769
-64.9769
-64.9769
-64.9768
-64.9768
-64.9768
-64.9768
-64.9767
-64.9767
-64.9767
-64.9767
-64.9766
-64.9766
-64.9766
-64.9766
-64.9765
-64.9765
-64.9765
-64.9765
-64.9764
-64.9764
-64.9764
-64.9764
-64.9763
-64.9763
-64.9763
-64.9763
-64.9762
-64.9762
-64.9762
-64.9762
-64.9761
-64.9761
-64.9761
-64.9761
-64.976
-64.976
-64.976
-64.976
-64.9759
-64.9759
-64.9759
-64.9759
-64.9758
-64.9758
-64.9758
-64.9758
-64.9757
-64.9757
-64.9757
-64.9757
-64.9756
-64.9756
-64.9756
-64.9756
-64.9755
-64.9755
-64.9755
-64.9755
-64.9754
-64.9754
-64.9754
-64.9754
-64.9753
-64.9753
-64.9753
-64.9753
-64.9753
-64.9752
-64.9752
-64.9752
-64.9752
-64.9751
-64.9751
-64.9751
-64.9751
-64.975
-64.975
-64.975
-64.975
-64.975
-64.9749
-64.9749
-64.9749
-64.9749
-64.9748
-64.9748
-64.9748
-64.9748
-64.9748
-64.9747
-64.9747
-64.9747
-64.9747
-64.9747
-64.9746
-64.9746
-64.9746
-64.9746
-64.9746
-64.9745
-64.9745
-64.9745
-64.9745
-64.9745
-64.9744
-64.9744
-64.9744
-64.9744
-64.9744
-64.9743
-64.9743
-64.9743
-64.9743
-64.9743
-64.9742
-64.9742
-64.9742
-64.9742
-64.9742
-64.9742
-64.9741
-64.9741
-64.9741
-64.9741
-64.9741
-64.9741
-64.974
-64.974
-64.974
-64.974
-64.974
-64.974
-64.9739
-64.9739
-64.9739
-64.9739
-64.9739
-64.9739
-64.9738
-64.9738
-64.9738
-64.9738
-64.9738
-64.9738
-64.9737
-64.9737
-64.9737
-64.9737
-64.9737
-64.9737
-64.9737
-64.9736
-64.9736
-64.9736
-64.9736
-64.9736
-64.9736
-64.9736
-64.9736
-64.9735
-64.9735
-64.9735
-64.9735
-64.9735
-64.9735
-64.9735
-64.9735
-64.9734
-64.9734
-64.9734
-64.9734
-64.9734
-64.9734
-64.9734
-64.9734
-64.9733
-64.9733
-64.9733
-64.9733
-64.9733
-64.9733
-64.9733
-64.9733
-64.9733
-64.9733
-64.9732
-64.9732
-64.9732
-64.9732
-64.9732
-64.9732
-64.9732
-64.9732
-64.9732
-64.9732
-64.9732
-64.9731
-64.9731
-64.9731
-64.9731
-64.9731
-64.9731
-64.9731
-64.9731
-64.9731
-64.9731
-64.9731
-64.9731
-64.9731
-64.973
-64.973
-64.973
-64.973
-64.973
-64.973
-64.973
-64.973
-64.973
-64.973
-64.973
-64.973
-64.973
-64.973
-64.973
-64.973
-64.973
-64.9729
-64.9729
-64.9729
-64.9729
-64.9729
-64.9729
-64.9729
-64.9729
-64.9729
-64.9729
-64.9729
-64.9729
-64.9729
-64.9729
-64.9729
-64.9729
-64.9729
-64.9729
-64.9729
-64.9729
-64.9729
-64.9729
-64.9729
-64.9729
-64.9729
-64.9729
-64.9728
-64.9728
-64.9728
-64.9728
-64.9728
-64.9728
-64.9728
-64.9728
-64.9728
-64.9728
-64.9728
-64.9728
-64.9728
-64.9728
-64.9728
-64.9728
-64.9728
-64.9728
-64.9728
-64.9728
-64.9728
-64.9728
-64.9728
-64.9728
-64.9728
-64.9728
-64.9728
-64.9728
-64.9728
-64.9728
-64.9728
-64.9728
-64.9728
-64.9728
-64.9728
-64.9728
-64.9728
-64.9728
-64.9728
-64.9728
-64.9728
-64.9728
-64.9728
-64.9728
-64.9728
-64.9728
-64.9728
-64.9728
-64.9728
-64.9728
-64.9728
-64.9728
-64.9728
-64.9728
-64.9728
-64.9728
-64.9728
-64.9728
-64.9728
-64.9729
-64.9729
-64.9729
-64.9729
-64.9729
-64.9729
-64.9729
-64.9729
-64.9729
-64.9729
-64.9729
-64.9729
-64.9729
-64.9729
-64.9729
-64.9729
-64.9729
-64.9729
-64.9729
-64.9729
-64.9729
-64.9729
-64.9729
-64.9729
-64.9729
-64.9729
-64.9729
-64.9729
-64.9729
-64.9729
-64.9729
-64.9729
-64.9729
-64.9729
-64.973
-64.973
-64.973
-64.973
-64.973
-64.973
-64.973
-64.973
-64.973
-64.973
-64.973
-64.973
-64.973
-64.973
-64.973
-64.973
-64.973
-64.973
-64.973
-64.973
-64.973
-64.973
-64.973
-64.973
-64.9731
-64.9731
-64.9731
-64.9731
-64.9731
-64.9731
-64.9731
-64.9731
-64.9731
-64.9731
-64.9731
-64.9731
-64.9731
-64.9731
-64.9731
-64.9731
-64.9731
-64.9731
-64.9731
-64.9731
-64.9731
-64.9732
-64.9732
-64.9732
-64.9732
-64.9732
-64.9732
-64.9732
-64.9732
-64.9732
-64.9732
-64.9732
-64.9732
-64.9732
-64.9732
-64.9732
-64.9732
-64.9732
-64.9732
-64.9732
-64.9732
-64.9733
-64.9733
-64.9733
-64.9733
-64.9733
-64.9733
-64.9733
-64.9733
-64.9733
-64.9733
-64.9733
-64.9733
-64.9733
-64.9733
-64.9733
-64.9733
-64.9733
-64.9733
-64.9733
-64.9733
-64.9734
-64.9734
-64.9734
-64.9734
-64.9734
-64.9734
-64.9734
-64.9734
-64.9734
-64.9734
-64.9734
-64.9734
-64.9734
-64.9734
-64.9734
-64.9734
-64.9734
-64.9734
-64.9734
-64.9734
-64.9735
-64.9735
-64.9735
-64.9735
-64.9735
-64.9735
-64.9735
-64.9735
-64.9735
-64.9735
-64.9735
-64.9735
-64.9735
-64.9735
-64.9735
-64.9735
-64.9735
-64.9735
-64.9735
-64.9735
-64.9736
-64.9736
-64.9736
-64.9736
-64.9736
-64.9736
-64.9736
-64.9736
-64.9736
-64.9736
-64.9736
-64.9736
-64.9736
-64.9736
-64.9736
-64.9736
-64.9736
-64.9736
-64.9736
-64.9736
-64.9736
-64.9736
-64.9737
-64.9737
-64.9737
-64.9737
-64.9737
-64.9737
-64.9737
-64.9737
-64.9737
-64.9737
-64.9737
-64.9737
-64.9737
-64.9737
-64.9737
-64.9737
-64.9737
-64.9737
-64.9737
-64.9737
-64.9737
-64.9737
-64.9737
-64.9737
-64.9738
-64.9738
-64.9738
-64.9738
-64.9738
-64.9738
-64.9738
-64.9738
-64.9738
-64.9738
-64.9738
-64.9738
-64.9738
-64.9738
-64.9738
-64.9738
-64.9738
-64.9738
-64.9738
-64.9738
-64.9738
-64.9738
-64.9738
-64.9738
-64.9738
-64.9738
-64.9738
-64.9739
-64.9739
-64.9739
-64.9739
-64.9739
-64.9739
-64.9739
-64.9739
-64.9739
-64.9739
-64.9739
-64.9739
-64.9739
-64.9739
-64.9739
-64.9739
-64.9739
-64.9739
-64.9739
-64.9739
-64.9739
-64.9739
-64.9739
-64.9739
-64.9739
-64.9739
-64.9739
-64.9739
-64.9739
-64.9739
-64.9739
-64.9739
-64.9739
-64.9739
-64.9739
-64.9739
-64.974
-64.974
-64.974
-64.974
-64.974
-64.974
-64.974
-64.974
-64.974
-64.974
-64.974
-64.974
-64.974
-64.974
-64.974
-64.974
-64.974
-64.974
-64.974
-64.974
-64.974
-64.974
-64.974
-64.974
-64.974
-64.974
-64.974
-64.974
-64.974
-64.974
-64.974
-64.974
-64.974
-64.974
-64.974
-64.974
-64.974
-64.974
-64.974
-64.974
-64.974
-64.974
-64.974
-64.974
-64.974
-64.974
-64.974
-64.974
-64.974
-64.974
-64.974
-64.974
-64.974
-64.974
-64.974
-64.974
-64.974
-64.974
-64.974
-64.974
-64.9741
-64.9741
-64.9741
-64.9741
-64.9741
-64.9741
-64.9741
-64.9741
-64.9741
-64.9741
-64.9741
-64.9741
-64.9741
-64.9741
-64.9741
-64.9741
-64.9741
-64.9741
-64.9741
-64.9741
-64.9741
-64.9741
-64.9741
-64.9741
-64.9741
-64.9741
-64.9741
-64.9741
-64.9741
-64.9741
-64.9741
-64.9741
-64.9741
-64.9741
-64.9741
-64.9741
-64.9741
-64.9741
-64.9741
-64.9741
-64.9741
-64.9741
-64.9741
-64.9741
-64.9741
-64.9741
-64.9741
-64.9741
-64.9741
-64.9741
-64.9741
-64.9741
-64.9741
-64.9741
-64.9741
-64.9741
-64.9741
-64.9741
-64.9741
-64.9741
-64.9741
-64.9741
-64.9741
-64.9741
-64.9741
-64.9741
-64.9741
-64.9741
-64.9741
-64.9741
-64.9741
-64.9741
-64.9741
-64.9741
-64.9741
-64.9741
-64.9741
-64.9741
-64.9741
-64.9741
-64.9741
-64.9741
-64.9741
-64.9741
-64.9741
-64.9741
-64.9741
-64.9741
-64.9741
-64.9741
-64.9741
-64.9741
-64.9741
-64.9741
-64.9741
-64.9741
-64.9741
-64.9741
-64.9741
-64.9741
-64.9741
-64.9741
-64.9741
-64.9741
-64.9741
-64.9741
-64.9741
-64.9741
-64.9741
-64.9741
-64.9741
-64.9741
-64.9741
-64.9741
-64.9741
-64.9741
-64.9741
-64.974
-64.974
-64.974
-64.974
-64.974
-64.974
-64.974
-64.974
-64.974
-64.974
-64.974
-64.974
-64.974
-64.974
-64.974
-64.974
-64.974
-64.974
-64.974
-64.974
-64.974
-64.974
-64.974
-64.974
-64.974
-64.974
-64.974
-64.974
-64.974
-64.974
-64.974
-64.974
-64.974
-64.974
-64.974
-64.974
-64.974
-64.974
-64.974
-64.974
-64.974
-64.974
-64.974
-64.974
-64.974
-64.974
-64.974
-64.974
-64.974
-64.974
-64.974
-64.974
-64.974
-64.974
-64.974
-64.974
-64.974
-64.974
-64.974
-64.974
-64.974
-64.974
-64.974
-64.974
-64.974
-64.974
-64.974
-64.974
-64.974
-64.974
-64.974
-64.974
-64.974
-64.974
-64.974
-64.974
-64.974
-64.974
-64.974
-64.974
-64.974
-64.974
-64.974
-64.974
-64.974
-64.974
-64.974
-64.974
-64.974
-64.974
-64.974
-64.974
-64.974
-64.974
-64.974
-64.974
-64.974
-64.974
-64.974
-64.974
-64.974
-64.974
-64.974
-64.974
-64.974
-64.974
-64.974
-64.9739
-64.9739
-64.9739
-64.9739
-64.9739
-64.9739
-64.9739
-64.9739
-64.9739
-64.9739
-64.9739
-64.9739
-64.9739
-64.9739
-64.9739
-64.9739
-64.9739
-64.9739
-64.9739
-64.9739
-64.9739
-64.9739
-64.9739
-64.9739
-64.9739
-64.9739
-64.9739
-64.9739
-64.9739
-64.9739
-64.9739
-64.9739
-64.9739
-64.9739
-64.9739
-64.9739
-64.9739
-64.9739
-64.9739
-64.9739
-64.9739
-64.9739
-64.9739
-64.9739
-64.9739
-64.9739
-64.9739
-64.9739
-64.9739
-64.9739
-64.9739
-64.9739
-64.9739
-64.9739
-64.9739
-64.9739
-64.9739
-64.9739
-64.9739
-64.9739
-64.9739
-64.9739
-64.9739
-64.9739
-64.9739
-64.9739
-64.9739
-64.9739
-64.9739
-64.9739
-64.9739
-64.9739
-64.9739
-64.9739
-64.9739
-64.9739
-64.9739
-64.9739
-64.9739
-64.9739
-64.9739
-64.9739
-64.9739
-64.9739
-64.9739
-64.9739
-64.9739
-64.9739
-64.9739
-64.9739
-64.9739
-64.9739
-64.9739
-64.9739
-64.9739
-64.9739
-64.9739
-64.9739
-64.9739
-64.9739
-64.9739
-64.9739
-64.9739
-64.9739
-64.9739
-64.9739
-64.9739
-64.9739
-64.9739
-64.9739
-64.9739
-64.9739
-64.9739
-64.9739
-64.9739
-64.9739
-64.9739
-64.9739
-64.9739
-64.9739
-64.9739
-64.9739
-64.9739
-64.9739
-64.9739
-64.9739
-64.9739
-64.9739
-64.9739
-64.9739
-64.9739
-64.9739
-64.9739
-64.9739
-64.9739
-64.9739
-64.9739
-64.9739
-64.9739
-64.9739
-64.9738
-64.9738
-64.9738
-64.9738
-64.9738
-64.9738
-64.9738
-64.9738
-64.9738
-64.8392
-64.617
-64.3304
-63.9937
-63.6174
-63.2093
-62.7756
-62.3215
-61.8511
-61.3675
-60.8735
-60.3714
-59.863
-59.3497
-58.8327
-58.3131
-57.7916
-57.2688
-56.7452
-56.2212
-55.6969
-55.1725
-54.6479
-54.1229
-53.5975
-53.0711
-52.5435
-52.0139
-51.4818
-50.9464
-50.4066
-49.8615
-49.3098
-48.75
-48.1807
-47.6001
-47.006
-46.3963
-45.7684
-45.1194
-44.446
-43.7446
-43.011
-42.2406
-41.4278
-40.5667
-39.6504
-38.6708
-37.6189
-36.4845
-35.2556
-33.919
-32.4592
-30.8591
-29.0993
-27.1586
-25.0139
-22.641
-20.0154
-17.1148
-13.9211
-10.4248
-6.63022
-2.56128
1.73306
6.17525
10.66
15.0612
19.244
23.0818
26.4723
29.3497
31.6897
33.5068
34.8455
35.7684
36.345
36.6422
36.7191
36.6245
36.3965
36.0641
35.6487
35.1658
34.627
34.0404
33.4124
32.7477
32.0501
31.3227
30.5683
29.7891
28.9871
28.1644
27.3225
26.4633
25.5883
24.6989
23.7965
22.8825
21.958
21.0244
20.0828
19.1342
18.1796
17.2201
16.2565
15.2897
14.3205
13.3497
12.3779
11.4059
10.4341
9.46333
8.49394
7.52647
6.56135
5.59899
4.63977
3.68401
2.73203
1.78409
0.840439
-0.0987022
-1.03315
-1.96273
-2.8873
-3.80676
-4.72099
-5.62993
-6.5335
-7.43165
-8.32437
-9.21163
-10.0934
-10.9698
-11.8408
-12.7064
-13.5668
-14.4219
-15.2718
-16.1168
-16.9567
-17.7919
-18.6225
-19.4485
-20.2703
-21.088
-21.9017
-22.7119
-23.5187
-24.3224
-25.1234
-25.922
-26.7187
-27.5138
-28.3078
-29.1012
-29.8946
-30.6886
-31.4837
-32.2808
-33.0804
-33.8835
-34.6908
-35.5032
-36.3217
-37.1473
-37.9809
-38.8237
-39.6767
-40.541
-41.4177
-42.3081
-43.213
-44.1336
-45.0708
-46.0253
-46.9977
-47.9884
-48.9974
-50.0244
-51.0684
-52.1281
-53.2014
-54.2855
-55.3768
-56.4707
-57.5621
-58.6446
-59.7115
-60.7554
-61.7687
-62.7438
-63.6736
-64.5516
-65.3724
-66.1323
-66.8286
-67.4605
-68.0286
-68.5349
-68.9825
-69.3752
-69.7175
-70.0142
-70.2702
-70.4901
-70.6784
-70.8393
-70.9766
-71.0936
-71.1933
-71.2784
-71.3511
-71.4132
-71.4665
-71.5124
-71.552
-71.5864
-71.6163
-71.6425
-71.6656
-71.6861
-71.7043
-71.7207
-71.7354
-71.7489
-71.7612
-71.7725
-71.7831
-71.7929
-71.8021
-71.8109
-71.8191
-71.827
-71.8346
-71.8419
-71.8489
-71.8557
-71.8623
-71.8688
-71.875
-71.8812
-71.8872
-71.8931
-71.8988
-71.9045
-71.9101
-71.9156
-71.921
-71.9263
-71.9316
-71.9367
-71.9418
-71.9469
-71.9518
-71.9567
-71.9615
-71.9663
-71.9709
-71.9755
-71.9801
-71.9845
-71.9889
-71.9933
-71.9975
-72.0017
-72.0058
-72.0099
-72.0138
-72.0177
-72.0216
-72.0253
-72.029
-72.0326
-72.0361
-72.0396
-72.0429
-72.0462
-72.0495
-72.0526
-72.0557
-72.0586
-72.0615
-72.0644
-72.0671
-72.0697
-72.0723
-72.0748
-72.0772
-72.0795
-72.0817
-72.0839
-72.0859
-72.0879
-72.0898
-72.0916
-72.0933
-72.0949
-72.0964
-72.0979
-72.0992
-72.1005
-72.1017
-72.1027
-72.1037
-72.1046
-72.1054
-72.1061
-72.1067
-72.1073
-72.1077
-72.108
-72.1083
-72.1084
-72.1085
-72.1084
-72.1083
-72.1081
-72.1077
-72.1073
-72.1068
-72.1062
-72.1054
-72.1046
-72.1037
-72.1027
-72.1016
-72.1004
-72.0991
-72.0978
-72.0963
-72.0947
-72.093
-72.0912
-72.0894
-72.0874
-72.0853
-72.0832
-72.0809
-72.0785
-72.0761
-72.0735
-72.0709
-72.0681
-72.0653
-72.0623
-72.0593
-72.0561
-72.0529
-72.0496
-72.0462
-72.0426
-72.039
-72.0353
-72.0315
-72.0276
-72.0236
-72.0195
-72.0153
-72.011
-72.0066
-72.0021
-71.9975
-71.9929
-71.9881
-71.9832
-71.9783
-71.9732
-71.9681
-71.9628
-71.9575
-71.9521
-71.9466
-71.941
-71.9353
-71.9295
-71.9236
-71.9176
-71.9115
-71.9054
-71.8991
-71.8928
-71.8863
-71.8798
-71.8732
-71.8665
-71.8597
-71.8528
-71.8459
-71.8388
-71.8317
-71.8245
-71.8171
-71.8097
-71.8022
-71.7947
-71.787
-71.7793
-71.7714
-71.7635
-71.7555
-71.7474
-71.7392
-71.731
-71.7227
-71.7142
-71.7057
-71.6972
-71.6885
-71.6797
-71.6709
-71.662
-71.653
-71.644
-71.6348
-71.6256
-71.6163
-71.6069
-71.5975
-71.5879
-71.5783
-71.5686
-71.5589
-71.549
-71.5391
-71.5291
-71.5191
-71.5089
-71.4987
-71.4884
-71.4781
-71.4677
-71.4572
-71.4466
-71.436
-71.4253
-71.4145
-71.4036
-71.3927
-71.3817
-71.3707
-71.3596
-71.3484
-71.3371
-71.3258
-71.3144
-71.303
-71.2915
-71.2799
-71.2683
-71.2565
-71.2448
-71.2329
-71.2211
-71.2091
-71.1971
-71.185
-71.1729
-71.1607
-71.1484
-71.1361
-71.1238
-71.1113
-71.0988
-71.0863
-71.0737
-70.9156
-70.6645
-70.3461
-69.9765
-69.5673
-69.1273
-68.6633
-68.1809
-67.6845
-67.1779
-66.6639
-66.1451
-65.6234
-65.1006
-64.5781
-64.057
-63.5385
-63.0233
-62.5123
-62.0059
-61.5047
-61.0092
-60.5197
-60.0365
-59.5599
-59.09
-58.6269
-58.1708
-57.7217
-57.2796
-56.8445
-56.4163
-55.9949
-55.5802
-55.172
-54.7701
-54.3742
-53.9842
-53.5997
-53.2205
-52.8461
-52.4763
-52.1105
-51.7485
-51.3898
-51.0338
-50.6801
-50.3281
-49.9773
-49.627
-49.2768
-48.9258
-48.5734
-48.2188
-47.8613
-47.5001
-47.1342
-46.7626
-46.3845
-45.9986
-45.6039
-45.1991
-44.7829
-44.3537
-43.91
-43.45
-42.972
-42.4737
-41.953
-41.4074
-40.834
-40.2299
-39.5917
-38.9156
-38.1976
-37.4331
-36.6171
-35.7438
-34.8072
-33.8003
-32.7158
-31.5453
-30.2801
-28.9105
-27.4265
-25.8176
-24.0732
-22.1831
-20.1379
-17.9298
-15.5539
-13.0092
-10.3
-7.43796
-4.44292
-1.34447
1.8178
4.99494
8.13037
11.1629
14.0308
16.6765
19.0512
21.1186
22.8581
24.2647
25.348
26.1295
26.6384
26.908
26.972
26.8625
26.6082
26.2338
25.7601
25.2039
24.579
23.8966
23.1656
22.3933
21.5857
20.7477
19.8837
18.997
18.091
17.1682
16.2311
15.2819
14.3224
13.3546
12.3798
11.3996
10.4153
9.42808
8.43904
7.44917
6.45937
5.47045
4.48316
3.49815
2.51604
1.53736
0.562587
-0.40785
-1.37357
-2.33425
-3.28959
-4.23935
-5.18332
-6.1213
-7.05316
-7.97876
-8.89803
-9.81089
-10.7173
-11.6172
-12.5107
-13.3977
-14.2783
-15.1525
-16.0204
-16.8821
-17.7377
-18.5874
-19.4312
-20.2693
-21.102
-21.9293
-22.7517
-23.5692
-24.3821
-25.1908
-25.9956
-26.7969
-27.5949
-28.3902
-29.1832
-29.9743
-30.7642
-31.5532
-32.3422
-33.1316
-33.9222
-34.7147
-35.5099
-36.3084
-37.1113
-37.9193
-38.7334
-39.5544
-40.3834
-41.2213
-42.0689
-42.9274
-43.7975
-44.6802
-45.5762
-46.4861
-47.4106
-48.3499
-49.3041
-50.2731
-51.2563
-52.2527
-53.261
-54.2792
-55.3048
-56.3344
-57.3644
-58.3901
-59.4064
-60.4076
-61.3877
-62.3404
-63.2594
-64.1386
-64.9727
-65.7571
-66.4879
-67.1629
-67.7806
-68.3412
-68.8458
-69.2964
-69.6961
-70.0483
-70.3569
-70.6259
-70.8595
-71.0616
-71.236
-71.3862
-71.5153
-71.6262
-71.7215
-71.8034
-71.8739
-71.9346
-71.9869
-72.0322
-72.0715
-72.1057
-72.1356
-72.1618
-72.1848
-72.2052
-72.2234
-72.2396
-72.2541
-72.2673
-72.2793
-72.2902
-72.3002
-72.3095
-72.3181
-72.3261
-72.3336
-72.3407
-72.3474
-72.3537
-72.3598
-72.3656
-72.3711
-72.3765
-72.3816
-72.3865
-72.3913
-72.396
-72.4005
-72.4049
-72.4091
-72.4133
-72.4173
-72.4212
-72.425
-72.4288
-72.4324
-72.4359
-72.4394
-72.4427
-72.446
-72.4492
-72.4523
-72.4553
-72.4582
-72.4611
-72.4638
-72.4665
-72.4691
-72.4716
-72.474
-72.4764
-72.4786
-72.4808
-72.4829
-72.4849
-72.4868
-72.4886
-72.4904
-72.492
-72.4936
-72.4951
-72.4965
-72.4978
-72.499
-72.5001
-72.5012
-72.5021
-72.503
-72.5037
-72.5044
-72.505
-72.5055
-72.5059
-72.5062
-72.5065
-72.5066
-72.5066
-72.5066
-72.5064
-72.5062
-72.5058
-72.5054
-72.5049
-72.5043
-72.5036
-72.5028
-72.5018
-72.5008
-72.4998
-72.4986
-72.4973
-72.4959
-72.4944
-72.4928
-72.4912
-72.4894
-72.4875
-72.3422
-72.109
-71.8151
-71.4773
-71.1073
-70.7138
-70.3034
-69.8814
-69.4517
-69.0177
-68.5818
-68.1462
-67.7124
-67.2819
-66.8558
-66.4348
-66.0198
-65.6112
-65.2096
-64.8153
-64.4287
-63.9262
-63.3595
-62.7538
-62.1245
-61.4823
-60.8346
-60.1873
-59.5446
-58.9096
-58.2846
-57.6715
-57.0715
-56.4854
-55.9138
-55.3571
-54.8153
-54.2887
-53.7769
-53.2798
-52.7972
-52.3286
-51.8737
-51.4321
-51.0033
-50.5867
-50.1819
-49.7884
-49.4055
-49.0328
-48.6697
-48.3156
-47.9699
-47.6322
-47.3019
-46.9784
-46.6612
-46.3498
-46.0436
-45.7422
-45.4451
-45.1517
-44.8616
-44.5744
-44.2895
-44.0065
-43.7249
-43.4444
-43.1645
-42.8847
-42.6047
-42.324
-42.0422
-41.759
-41.4737
-41.1862
-40.8958
-40.6023
-40.3052
-40.0039
-39.6982
-39.3875
-39.0714
-38.7493
-38.4209
-38.0855
-37.7427
-37.3919
-37.0326
-36.6642
-36.2861
-35.8976
-35.4982
-35.0872
-34.6639
-34.2276
-33.7776
-33.3131
-32.8335
-32.338
-31.8257
-31.2959
-30.7479
-30.1808
-29.5939
-28.9865
-28.3578
-27.7072
-27.0341
-26.3379
-25.6182
-24.8745
-24.1067
-23.3146
-22.4982
-21.6576
-20.7932
-19.9055
-18.9952
-18.0634
-17.1111
-16.1397
-15.1509
-14.1466
-13.1289
-12.1002
-11.0631
-10.0208
-8.97667
-7.93445
-6.89853
-5.87385
-4.86604
-3.8815
-2.92747
-2.012
-1.14388
-0.332436
0.412842
1.08269
1.66861
2.16335
2.5614
2.85928
3.05572
3.1516
3.14979
3.05478
2.87232
2.60902
2.27195
1.86832
1.40523
0.889472
0.327415
-0.275074
-0.912653
-1.5805
-2.27431
-2.99022
-3.72484
-4.47513
-5.23842
-6.01235
-6.79481
-7.58396
-8.37817
-9.17598
-9.97613
-10.7775
-11.5791
-12.38
-13.1795
-13.9768
-14.7715
-15.563
-16.3509
-17.1347
-17.9143
-18.6892
-19.4593
-20.2245
-20.9845
-21.7394
-22.489
-23.2333
-23.9724
-24.7063
-25.4351
-26.1589
-26.8778
-27.592
-28.3016
-29.0069
-29.7082
-30.4056
-31.0996
-31.7903
-32.4782
-33.1636
-33.8469
-34.5285
-35.2088
-35.8884
-36.5676
-37.247
-37.9271
-38.6084
-39.2915
-39.9769
-40.6652
-41.3569
-42.0527
-42.753
-43.4585
-44.1696
-44.8868
-45.6107
-46.3416
-47.0798
-47.8256
-48.5791
-49.3404
-50.1093
-50.8854
-51.6683
-52.4571
-53.2509
-54.0483
-54.8476
-55.6467
-56.4434
-57.2349
-58.018
-58.7896
-59.5458
-60.2831
-60.9976
-61.6856
-62.3438
-62.969
-63.5587
-64.1108
-64.6242
-65.0981
-65.5328
-65.9289
-66.2877
-66.6111
-66.9011
-67.1601
-67.3907
-67.5954
-67.7767
-67.9371
-68.079
-68.2044
-68.3154
-68.4137
-68.501
-68.5788
-68.6482
-68.7104
-68.7664
-68.8169
-68.8629
-68.9048
-68.9433
-68.9788
-69.0117
-69.0424
-69.0711
-69.0982
-69.1238
-69.1482
-69.1714
-69.1937
-69.2152
-69.2359
-69.256
-69.2755
-69.2945
-69.313
-69.3312
-69.3489
-69.3664
-69.3835
-69.4004
-69.417
-69.4334
-69.4496
-69.4656
-69.4814
-69.497
-69.5125
-69.5278
-69.543
-69.558
-69.5729
-69.5877
-69.6023
-69.6168
-69.6312
-69.6454
-69.6596
-69.6736
-69.6875
-69.7013
-69.715
-69.7285
-69.742
-69.7553
-69.7685
-69.7817
-69.7947
-69.8076
-69.8203
-69.833
-69.8456
-69.858
-69.8703
-69.8826
-69.8947
-69.9067
-69.9186
-69.9303
-69.942
-69.9535
-69.9649
-69.9763
-69.9875
-69.9985
-70.0095
-70.0204
-70.0311
-70.0417
-70.0522
-70.0626
-70.0729
-70.083
-70.0931
-70.103
-70.1128
-70.1224
-70.132
-70.1414
-70.1508
-70.16
-70.169
-70.178
-70.1869
-70.1956
-70.2042
-70.2127
-70.221
-70.2293
-70.2374
-70.2454
-70.2533
-70.261
-70.2687
-70.2762
-70.2836
-70.2909
-70.298
-70.3051
-70.312
-70.3188
-70.3254
-70.332
-70.3384
-70.3447
-70.3509
-70.357
-70.3629
-70.3688
-70.3745
-70.3801
-70.3855
-70.3909
-70.3961
-70.4012
-70.4062
-70.4111
-70.4158
-70.4204
-70.4249
-70.4293
-70.4336
-70.4378
-70.4418
-70.4457
-70.4495
-70.4532
-70.4568
-70.4602
-70.4635
-70.4668
-70.4699
-70.4728
-70.4757
-70.4785
-70.4811
-70.4836
-70.486
-70.4883
-70.4905
-70.4925
-70.4945
-70.4963
-70.498
-70.4996
-70.5011
-70.5025
-70.5038
-70.5049
-70.506
-70.5069
-70.5078
-70.5085
-70.5091
-70.5096
-70.51
-70.5102
-70.5104
-70.5105
-70.5104
-70.5103
-70.51
-70.5096
-70.5092
-70.5086
-70.5079
-70.5071
-70.5062
-70.5052
-70.5041
-70.5029
-70.5016
-70.5002
-70.4986
-70.497
-70.4953
-70.4935
-70.4916
-70.4895
-70.4874
-70.4852
-70.4829
-70.4805
-70.4779
-70.4753
-70.4726
-70.4698
-70.4669
-70.4639
-70.4608
-70.4576
-70.4543
-70.4509
-70.4475
-70.4439
-70.4402
-70.4365
-70.4326
-70.4287
-70.4247
-70.4205
-70.4163
-70.412
-70.4076
-70.4032
-70.3986
-70.3939
-70.3892
-70.3844
-70.3795
-70.3744
-70.3694
-70.3642
-70.3589
-70.3536
-70.3482
-70.3427
-70.3371
-70.3314
-70.3256
-70.3198
-70.3139
-70.3079
-70.3018
-70.2957
-70.2894
-70.2831
-70.2767
-70.2703
-70.2637
-70.2571
-70.2504
-70.2436
-70.2368
-70.2298
-70.2228
-70.2158
-70.2086
-70.2014
-70.1941
-70.1868
-70.1793
-70.1718
-70.1642
-70.1566
-70.1489
-70.1411
-70.1332
-70.1253
-70.1173
-70.1093
-70.1012
-70.093
-70.0847
-70.0764
-70.068
-70.0596
-70.0511
-70.0425
-70.0339
-70.0252
-70.0164
-70.0076
-69.9987
-69.9898
-69.9808
-69.9717
-69.9626
-69.9534
-69.9442
-69.9349
-69.9256
-69.9162
-69.9067
-69.8972
-69.8876
-69.878
-69.8683
-69.8586
-69.8488
-69.839
-69.8291
-69.8191
-69.8091
-69.7991
-69.789
-69.7789
-69.7687
-69.7584
-69.7481
-69.7378
-69.7274
-69.717
-69.7065
-69.696
-69.6854
-69.6748
-69.6641
-69.6534
-69.6427
-69.6319
-69.621
-69.6102
-69.5993
-69.5883
-69.5773
-69.5662
-69.5552
-69.544
-69.5329
-69.5217
-69.5104
-69.4992
-69.4879
-69.4765
-69.4651
-69.4537
-69.4422
-69.4307
-69.4192
-69.4076
-69.396
-69.3844
-69.3727
-69.361
-69.3493
-69.3376
-69.3258
-69.3139
-69.3021
-69.2902
-69.2783
-69.2663
-69.2544
-69.2424
-69.2303
-69.2183
-69.2062
-69.1941
-69.1819
-69.1698
-69.1576
-69.1454
-69.1331
-69.1209
-69.1086
-69.0963
-69.0839
-69.0716
-69.0592
-69.0468
-69.0344
-69.0219
-69.0094
-68.997
-68.9844
-68.9719
-68.9594
-68.9468
-68.9342
-68.9216
-68.909
-68.8964
-68.8837
-68.871
-68.8583
-68.8456
-68.8329
-68.8202
-68.8074
-68.7947
-68.7819
-68.7691
-68.7563
-68.7435
-68.7307
-68.7178
-68.705
-68.6921
-68.6792
-68.6663
-68.6534
-68.6405
-68.6276
-68.6147
-68.6017
-68.5888
-68.5758
-68.5628
-68.5499
-68.5369
-68.5239
-68.5109
-68.4979
-68.4849
-68.4719
-68.4589
-68.4458
-68.4328
-68.4198
-68.4067
-68.3937
-68.3807
-68.3676
-68.3546
-68.3415
-68.3284
-68.3154
-68.3023
-68.2893
-68.2762
-68.2631
-68.2501
-68.237
-68.2239
-68.2109
-68.1978
-68.1847
-68.1717
-68.1586
-68.1455
-68.1325
-68.1194
-68.1064
-68.0933
-68.0803
-68.0672
-68.0542
-68.0411
-68.0281
-68.0151
-68.002
-67.989
-67.976
-67.963
-67.95
-67.937
-67.924
-67.911
-67.898
-67.885
-67.8721
-67.8591
-67.8462
-67.8332
-67.8203
-67.8074
-67.7945
-67.7815
-67.7686
-67.7558
-67.7429
-67.73
-67.7171
-67.7043
-67.6914
-67.6786
-67.6658
-67.653
-67.6402
-67.6274
-67.6146
-67.6019
-67.5891
-67.5764
-67.5636
-67.5509
-67.5382
-67.5256
-67.5129
-67.5002
-67.4876
-67.475
-67.4623
-67.4497
-67.4372
-67.4246
-67.412
-67.3995
-67.387
-67.3745
-67.362
-67.3495
-67.337
-67.3246
-67.3122
-67.2998
-67.2874
-67.275
-67.2626
-67.2503
-67.238
-67.2257
-67.2134
-67.2011
-67.1889
-67.1766
-67.1644
-67.1522
-67.14
-67.1279
-67.1157
-67.1036
-67.0915
-67.0795
-67.0674
-67.0554
-67.0433
-67.0313
-67.0194
-67.0074
-66.9955
-66.9836
-66.9717
-66.9598
-66.948
-66.9362
-66.9244
-66.9126
-66.9008
-66.8891
-66.8774
-66.8657
-66.854
-66.8424
-66.8308
-66.8192
-66.8076
-66.7961
-66.7845
-66.773
-66.7616
-66.7501
-66.7387
-66.7273
-66.7159
-66.7045
-66.6932
-66.6819
-66.6706
-66.6593
-66.6481
-66.6369
-66.6257
-66.6146
-66.6034
-66.5923
-66.5813
-66.5702
-66.5592
-66.5482
-66.5372
-66.5263
-66.5153
-66.5045
-66.4936
-66.4828
-66.472
-66.4612
-66.4504
-66.4397
-66.429
-66.4183
-66.4077
-66.3971
-66.3865
-66.376
-66.3654
-66.3549
-66.3445
-66.334
-66.3236
-66.3132
-66.3028
-66.2925
-66.2822
-66.2719
-66.2617
-66.2515
-66.2413
-66.2311
-66.221
-66.2109
-66.2008
-66.1908
-66.1808
-66.1708
-66.1609
-66.1509
-66.1411
-66.1312
-66.1214
-66.1116
-66.1018
-66.0921
-66.0824
-66.0727
-66.0631
-66.0534
-66.0439
-66.0343
-66.0248
-66.0153
-66.0059
-65.9965
-65.9871
-65.9777
-65.9684
-65.9591
-65.9499
-65.9406
-65.9315
-65.9223
-65.9132
-65.9041
-65.895
-65.886
-65.877
-65.868
-65.8591
-65.8502
-65.8413
-65.8325
-65.6873
-65.4535
-65.1545
-64.805
-64.4154
-63.9939
-63.5468
-63.0792
-62.5954
-62.0986
-61.5917
-61.0769
-60.5561
-60.0308
-59.5023
-58.9717
-58.4397
-57.9071
-57.3743
-56.8418
-56.3099
-55.7786
-55.2482
-54.7184
-54.1893
-53.6605
-53.1317
-52.6025
-52.0723
-51.5405
-51.0063
-50.4689
-49.9272
-49.3799
-48.8259
-48.2637
-47.6914
-47.1073
-46.5092
-45.8947
-45.2612
-44.6056
-43.9245
-43.2142
-42.4702
-41.6876
-40.861
-39.984
-39.0493
-38.0489
-36.9733
-35.812
-34.5529
-33.1821
-31.6841
-30.0414
-28.2346
-26.2425
-24.0422
-21.6103
-18.9238
-15.9621
-12.7105
-9.16387
-5.33202
-1.24527
3.04072
7.44261
11.8516
16.1413
20.1808
23.8511
27.0602
29.7535
31.917
33.5733
34.7716
35.5763
36.0555
36.2735
36.2859
36.138
35.8649
35.4934
35.0429
34.5278
33.9587
33.3433
32.6875
31.9958
31.2721
30.5192
29.74
28.9365
28.1111
27.2655
26.4015
25.5209
24.6252
23.7159
22.7944
21.862
20.92
19.9697
19.0122
18.0485
17.0796
16.1067
15.1304
14.1518
13.1715
12.1904
11.209
10.2282
9.24837
8.27017
7.29408
6.32057
5.35004
4.3829
3.41949
2.46012
1.50507
0.554605
-0.391067
-1.33175
-2.26728
-3.1975
-4.1223
-5.04157
-5.95523
-6.86323
-7.76553
-8.6621
-9.55292
-10.438
-11.3174
-12.1911
-13.0591
-13.9216
-14.7786
-15.6302
-16.4765
-17.3176
-18.1537
-18.9849
-19.8114
-20.6334
-21.451
-22.2646
-23.0743
-23.8804
-24.6833
-25.4834
-26.2808
-27.0761
-27.8697
-28.662
-29.4536
-30.245
-31.0369
-31.8297
-32.6244
-33.4214
-34.2218
-35.0262
-35.8356
-36.6508
-37.4729
-38.3029
-39.1417
-39.9905
-40.8503
-41.7223
-42.6074
-43.5067
-44.4211
-45.3516
-46.2988
-47.2633
-48.2453
-49.2449
-50.2615
-51.2943
-52.3419
-53.4023
-54.4725
-55.5491
-56.6276
-57.703
-58.7691
-59.8195
-60.847
-61.8442
-62.8039
-63.7192
-64.5839
-65.393
-66.1425
-66.8301
-67.4548
-68.0173
-68.5194
-68.964
-69.3548
-69.6961
-69.9925
-70.2487
-70.4692
-70.6584
-70.8203
-70.9588
-71.077
-71.178
-71.2642
-71.338
-71.4012
-71.4555
-71.5023
-71.5427
-71.5778
-71.6084
-71.6353
-71.6589
-71.6798
-71.6985
-71.7153
-71.7304
-71.7442
-71.7568
-71.7684
-71.7792
-71.7892
-71.7986
-71.8075
-71.8159
-71.824
-71.8317
-71.8391
-71.8462
-71.8531
-71.8598
-71.8663
-71.8727
-71.8789
-71.8849
-71.8909
-71.8967
-71.9024
-71.908
-71.9136
-71.919
-71.9244
-71.9297
-71.9349
-71.94
-71.945
-71.95
-71.9549
-71.9597
-71.9645
-71.9692
-71.9738
-71.9783
-71.9828
-71.9872
-71.9915
-71.9958
-72
-72.0041
-72.0081
-72.0121
-72.016
-72.0198
-72.0235
-72.0272
-72.0308
-72.0343
-72.0378
-72.0411
-72.0444
-72.0476
-72.0507
-72.0538
-72.0567
-72.0596
-72.0624
-72.0651
-72.0677
-72.0703
-72.0727
-72.0751
-72.0774
-72.0796
-72.0817
-72.0837
-72.0857
-72.0875
-72.0893
-72.091
-72.0925
-72.094
-72.0954
-72.0968
-72.098
-72.0991
-72.1001
-72.1011
-72.1019
-72.1027
-72.1034
-72.1039
-72.1044
-72.1048
-72.1051
-72.1053
-72.1054
-72.1054
-72.1053
-72.1051
-72.1049
-72.1045
-72.104
-72.1034
-72.1028
-72.102
-72.1011
-72.1002
-72.0991
-72.098
-72.0967
-72.0954
-72.094
-72.0924
-72.0908
-72.0891
-72.0872
-72.0853
-72.0833
-72.0811
-72.0789
-72.0766
-72.0742
-72.0717
-72.0691
-72.0664
-72.0635
-72.0606
-72.0576
-72.0545
-72.0514
-72.0481
-72.0447
-72.0412
-72.0376
-72.0339
-72.0301
-72.0263
-72.0223
-72.0182
-72.0141
-72.0098
-72.0055
-72.001
-71.9965
-71.9918
-71.9871
-71.9823
-71.9774
-71.9724
-71.9672
-71.962
-71.9567
-71.9513
-71.9459
-71.9403
-71.9346
-71.9289
-71.923
-71.9171
-71.911
-71.9049
-71.8987
-71.8924
-71.886
-71.8795
-71.8729
-71.8662
-71.8595
-71.8526
-71.8457
-71.8386
-71.8315
-71.8243
-71.817
-71.8097
-71.8022
-71.7946
-71.787
-71.7793
-71.7715
-71.7636
-71.7556
-71.7476
-71.7394
-71.7312
-71.7229
-71.7145
-71.706
-71.6974
-71.6888
-71.6801
-71.6713
-71.6624
-71.6534
-71.6444
-71.6353
-71.6261
-71.6168
-71.6074
-71.598
-71.5885
-71.5789
-71.5692
-71.414
-71.1663
-70.8523
-70.4885
-70.0863
-69.6546
-69.2004
-68.7291
-68.2451
-67.752
-67.2529
-66.75
-66.2454
-65.7407
-65.2373
-64.7363
-64.2388
-63.7455
-63.2571
-62.7743
-62.2975
-61.827
-61.3634
-60.9068
-60.4574
-60.0155
-59.5811
-59.1544
-58.7354
-58.3241
-57.9205
-57.5246
-57.1364
-56.7556
-56.3822
-56.0161
-55.6571
-55.305
-54.9596
-54.6208
-54.2882
-53.9617
-53.641
-53.3258
-53.0158
-52.7108
-52.4104
-52.1143
-51.8222
-51.5338
-51.2487
-50.9665
-50.6868
-50.4094
-50.1338
-49.8595
-49.5863
-49.3136
-49.0411
-48.7682
-48.4946
-48.2196
-47.9429
-47.6639
-47.382
-47.0966
-46.8073
-46.5132
-46.2138
-45.9083
-45.596
-45.2761
-44.9477
-44.6098
-44.2615
-43.9018
-43.5293
-43.143
-42.7413
-42.3229
-41.886
-41.429
-40.9499
-40.4465
-39.9166
-39.3576
-38.7666
-38.1406
-37.4762
-36.7697
-36.0169
-35.2134
-34.3543
-33.4343
-32.4476
-31.388
-30.2489
-29.0232
-27.7036
-26.2825
-24.7527
-23.1067
-21.3381
-19.4415
-17.4131
-15.2517
-12.9594
-10.5422
-8.01174
-5.38508
-2.68602
0.0550956
2.80173
5.51215
8.14116
10.6425
12.9716
15.0887
16.9618
18.5688
19.8989
20.9523
21.7393
22.2779
22.5912
22.7048
22.6447
22.4358
22.1005
21.6587
21.1274
20.5209
19.8511
19.1282
18.3601
17.5539
16.7154
15.8492
14.9597
14.0504
13.1243
12.1842
11.2326
10.2714
9.3026
8.32792
7.34884
6.36672
5.3828
4.39815
3.41378
2.43055
1.44927
0.470626
-0.504742
-1.47628
-2.44351
-3.40598
-4.36334
-5.31524
-6.26142
-7.20164
-8.1357
-9.06343
-9.98472
-10.8994
-11.8076
-12.709
-13.6038
-14.4919
-15.3734
-16.2483
-17.1166
-17.9786
-18.8342
-19.6836
-20.5269
-21.3644
-22.1963
-23.0227
-23.8438
-24.6601
-25.4717
-26.2789
-27.0822
-27.8819
-28.6783
-29.4721
-30.2635
-31.0532
-31.8417
-32.6296
-33.4175
-34.206
-34.9959
-35.7879
-36.5827
-37.3812
-38.1843
-38.9927
-39.8073
-40.6291
-41.459
-42.2978
-43.1465
-44.0058
-44.8768
-45.7599
-46.656
-47.5655
-48.4887
-49.4257
-50.3765
-51.3406
-52.3172
-53.305
-54.3023
-55.307
-56.3162
-57.3265
-58.3339
-59.3337
-60.321
-61.2902
-62.2354
-63.1508
-64.0306
-64.8696
-65.6628
-66.4064
-67.0976
-67.7343
-68.3161
-68.8433
-69.3173
-69.7405
-70.1158
-70.4467
-70.7368
-70.9901
-71.2103
-71.4012
-71.5663
-71.7087
-71.8314
-71.9371
-72.0281
-72.1065
-72.174
-72.2323
-72.2827
-72.3264
-72.3643
-72.3973
-72.4261
-72.4513
-72.4736
-72.4932
-72.5106
-72.5261
-72.54
-72.5525
-72.5638
-72.574
-72.5834
-72.5919
-72.5998
-72.6072
-72.614
-72.6203
-72.6263
-72.6319
-72.6372
-72.6422
-72.6469
-72.6515
-72.6558
-72.6599
-72.6639
-72.6677
-72.6713
-72.6749
-72.6782
-72.6815
-72.6846
-72.6877
-72.6906
-72.6934
-72.6961
-72.6987
-72.7012
-72.7036
-72.706
-72.7082
-72.7103
-72.7124
-72.7143
-72.7162
-72.718
-72.7197
-72.7213
-72.7228
-72.7242
-72.7256
-72.7268
-72.728
-72.7291
-72.73
-72.7309
-72.7318
-72.7325
-72.7331
-72.5923
-72.3666
-72.0838
-71.7608
-71.409
-71.0371
-70.6514
-70.2567
-69.8568
-69.4548
-69.0528
-68.6528
-68.2561
-67.8638
-67.4769
-67.0961
-66.7218
-66.3546
-65.9947
-65.6425
-65.298
-64.9614
-64.6327
-64.3121
-63.9994
-63.6948
-63.398
-63.1091
-62.8279
-62.5545
-62.2885
-62.03
-61.7789
-61.5349
-61.2979
-61.0678
-60.8445
-60.6278
-60.4176
-60.2137
-60.0159
-59.8242
-59.6384
-59.4583
-59.2839
-59.1149
-58.9512
-58.7927
-58.6394
-58.4909
-58.3473
-58.2083
-58.074
-57.9441
-57.8185
-57.6972
-57.58
-57.4669
-57.3577
-57.2522
-57.1506
-57.0525
-56.9581
-56.867
-56.7794
-56.695
-56.6139
-56.5359
-56.461
-56.3891
-56.3201
-56.254
-56.1906
-56.13
-56.0721
-56.0168
-55.964
-55.9138
-55.866
-55.8206
-55.7775
-55.7368
-55.6983
-55.662
-55.6279
-55.5959
-55.4605
-55.2651
-55.0304
-54.7687
-54.4883
-54.1951
-53.8936
-53.5869
-53.2777
-52.9677
-52.6584
-52.351
-52.0462
-51.7447
-51.447
-51.1533
-50.864
-50.5792
-50.2989
-50.0234
-49.7525
-49.4862
-49.2245
-48.9672
-48.7143
-48.4657
-48.2212
-47.9807
-47.7439
-47.5108
-47.2812
-47.0549
-46.8316
-46.6113
-46.3938
-46.1788
-45.9661
-45.7557
-45.5472
-45.3405
-45.1355
-44.9318
-44.7294
-44.528
-44.3275
-44.1277
-43.9283
-43.7292
-43.5303
-43.3312
-43.1319
-42.932
-42.7316
-42.5302
-42.3278
-42.1242
-41.919
-41.7122
-41.5035
-41.2927
-41.0795
-40.8638
-40.6452
-40.4236
-40.1987
-39.9702
-39.7378
-39.5013
-39.2604
-39.0147
-38.764
-38.5078
-38.2459
-37.9778
-37.7033
-37.4218
-37.133
-36.8365
-36.5317
-36.2181
-35.8954
-35.5629
-35.2202
-34.8665
-34.5014
-34.1241
-33.7341
-33.3307
-32.9131
-32.4806
-32.0325
-31.5679
-31.0862
-30.5863
-30.0676
-29.529
-28.9187
-28.261
-27.5665
-26.8409
-26.0874
-25.3082
-24.5044
-23.677
-22.8264
-21.9532
-21.0578
-20.1406
-19.2022
-18.2435
-17.2652
-16.2686
-15.2552
-14.2271
-13.1865
-12.1366
-11.0809
-10.024
-8.97141
-7.92942
-6.90559
-5.90845
-4.94753
-4.03306
-3.17566
-2.38591
-1.67373
-1.04788
-0.515453
-0.0814643
0.251343
0.482536
0.61384
0.648843
0.592624
0.451335
0.231805
-0.058824
-0.413377
-0.824883
-1.28673
-1.79274
-2.33727
-2.91517
-3.52181
-4.15305
-4.8052
-5.47499
-6.1595
-6.85617
-7.56272
-8.27713
-8.99763
-9.72266
-10.4508
-11.1809
-11.9118
-12.6425
-13.3723
-14.1005
-14.8262
-15.5491
-16.2687
-16.9844
-17.696
-18.4031
-19.1056
-19.8032
-20.4957
-21.183
-21.8651
-22.5418
-23.2132
-23.8792
-24.54
-25.1955
-25.8458
-26.4911
-27.1314
-27.767
-28.398
-29.0245
-29.6469
-30.2653
-30.8801
-31.4914
-32.0995
-32.7049
-33.3078
-33.9086
-34.5076
-35.1052
-35.7019
-36.298
-36.8941
-37.4905
-38.0877
-38.6862
-39.2865
-39.889
-40.4943
-41.1029
-41.7152
-42.3318
-42.953
-43.5792
-44.2109
-44.8483
-45.4918
-46.1414
-46.7971
-47.459
-48.1268
-48.7999
-49.4779
-50.1597
-50.8442
-51.5301
-52.2155
-52.8985
-53.5767
-54.2475
-54.9081
-55.5556
-56.1868
-56.7987
-57.3884
-57.9532
-58.4908
-58.9992
-59.477
-59.9232
-60.3374
-60.7198
-61.071
-61.3919
-61.6839
-61.9487
-62.188
-62.4039
-62.5981
-62.7728
-62.9298
-63.071
-63.198
-63.3124
-63.4158
-63.5094
-63.5944
-63.672
-63.7429
-63.8082
-63.8685
-63.9246
-63.9768
-64.0258
-64.072
-64.1158
-64.1575
-64.1973
-64.2355
-64.2724
-64.3081
-64.3427
-64.3765
-64.4095
-64.4418
-64.4735
-64.5047
-64.5355
-64.5659
-64.5959
-64.6257
-64.6552
-64.6844
-64.7135
-64.7424
-64.7711
-64.7997
-64.8282
-64.8565
-64.8848
-64.9129
-64.941
-64.969
-64.9969
-65.0248
-65.0526
-65.0803
-65.108
-65.1356
-65.1631
-65.1906
-65.2181
-65.2454
-65.2728
-65.3
-65.3273
-65.2324
-65.0675
-64.8572
-64.6162
-64.3544
-64.0786
-63.7939
-63.5041
-63.2119
-62.9196
-62.6287
-62.3405
-62.0559
-61.7757
-61.5004
-61.2305
-60.9662
-60.7078
-60.4555
-60.2093
-59.9694
-59.7358
-59.5084
-59.2873
-59.0723
-58.8636
-58.6609
-58.4642
-58.2734
-58.0884
-57.9091
-57.7354
-57.5672
-57.4044
-57.2469
-57.0945
-56.9471
-56.8046
-56.667
-56.534
-56.4057
-56.2818
-56.1623
-56.047
-55.9359
-55.8289
-55.7258
-55.6266
-55.5312
-55.4394
-55.3513
-55.2666
-55.1854
-55.1075
-55.0328
-54.9614
-54.893
-54.8277
-54.7653
-54.7059
-54.6493
-54.5954
-54.5443
-54.4958
-54.4498
-54.4065
-54.3656
-54.3271
-54.291
-54.2572
-54.2257
-54.1964
-54.1693
-54.1443
-54.1214
-54.1006
-54.0818
-54.065
-54.0501
-54.0371
-54.026
-54.0167
-54.0092
-54.0034
-53.9994
-53.9971
-53.9964
-53.9974
-54
-54.0041
-54.0098
-54.017
-54.0257
-54.0359
-54.0475
-54.0605
-54.0749
-54.0907
-54.1078
-54.1262
-54.1459
-54.1668
-54.189
-54.2125
-54.2371
-54.2629
-54.2898
-54.3179
-54.347
-54.3773
-54.4086
-54.441
-54.4744
-54.5088
-54.5441
-54.5805
-54.6178
-54.656
-54.6951
-54.7351
-54.7759
-54.8176
-54.8602
-54.9035
-54.9476
-54.9925
-55.0381
-55.0845
-55.1316
-55.1793
-55.2278
-55.2769
-55.3266
-55.377
-55.4279
-55.4795
-55.5316
-55.5843
-55.6375
-55.6913
-55.7455
-55.8002
-55.8554
-55.911
-55.9671
-56.0236
-56.0805
-56.1378
-56.1955
-56.2535
-56.3118
-56.3705
-56.4295
-56.4888
-56.5484
-56.6083
-56.6684
-56.7287
-56.7893
-56.8501
-56.9111
-56.9723
-57.0336
-57.0952
-57.1568
-57.2186
-57.2806
-57.3426
-57.4048
-57.467
-57.5293
-57.5917
-57.6542
-57.7166
-57.7792
-57.8417
-57.9043
-57.9669
-58.0294
-58.092
-58.1545
-58.217
-58.2795
-58.3419
-58.4043
-58.4666
-58.5288
-58.5909
-58.653
-58.7149
-58.7768
-58.8385
-58.9002
-58.9617
-59.0231
-59.0843
-59.1454
-59.2064
-59.2672
-59.3279
-59.3883
-59.4487
-59.5088
-59.5688
-59.5121
-59.3843
-59.2072
-58.9942
-58.7544
-58.4947
-58.2201
-57.9346
-57.6413
-57.3428
-57.0409
-56.7371
-56.4328
-56.129
-55.8265
-55.526
-55.228
-54.9329
-54.6412
-54.3532
-54.069
-53.7888
-53.5129
-53.2413
-52.974
-52.7112
-52.4528
-52.1989
-51.9494
-51.7043
-51.4635
-51.227
-50.9947
-50.7665
-50.5422
-50.3218
-50.1052
-49.8922
-49.6827
-49.4765
-49.2736
-49.0738
-48.8769
-48.6828
-48.4913
-48.3022
-48.1155
-47.931
-47.7484
-47.5677
-47.3887
-47.2111
-47.0349
-46.8599
-46.6859
-46.5128
-46.3403
-46.1683
-45.9966
-45.8251
-45.6535
-45.4817
-45.3095
-45.1367
-44.9631
-44.7885
-44.6127
-44.4355
-44.2566
-44.0758
-43.8928
-43.7075
-43.5196
-43.3287
-43.1347
-42.9371
-42.7357
-42.5301
-42.32
-42.105
-41.8847
-41.6586
-41.4263
-41.1874
-40.9413
-40.6874
-40.4251
-40.1539
-39.873
-39.5816
-39.2791
-38.9645
-38.6369
-38.2954
-37.9388
-37.566
-37.1758
-36.7667
-36.3375
-35.8863
-35.4117
-34.9117
-34.3844
-33.8277
-33.2391
-32.6165
-31.957
-31.2579
-30.5163
-29.729
-28.893
-28.0047
-27.0609
-26.0582
-24.9934
-23.8633
-22.6655
-21.398
-20.0596
-18.6504
-17.1721
-15.6284
-14.0255
-12.3726
-10.682
-8.96989
-7.25567
-5.56196
-3.91368
-2.33682
-0.857
0.502234
1.72087
2.7836
3.68053
4.40729
4.96463
5.35773
5.59512
5.68776
5.64798
5.48873
5.22289
4.86282
4.4201
3.90532
3.32805
2.69686
2.01932
1.30214
0.551197
-0.228334
-1.03191
-1.85556
-2.69577
-3.54947
-4.41395
-5.28684
-6.16603
-7.04968
-7.93617
-8.82405
-9.71209
-10.5992
-11.4843
-12.3668
-13.2457
-14.1205
-14.9906
-15.8557
-16.7152
-17.569
-18.4166
-19.258
-20.093
-20.9215
-21.7434
-22.5587
-23.3675
-24.1698
-24.9657
-25.7553
-26.5389
-27.3166
-28.0887
-28.8554
-29.617
-30.3739
-31.1265
-31.875
-32.62
-33.3619
-34.1011
-34.8382
-35.5736
-36.3081
-37.0421
-37.7762
-38.5111
-39.2474
-39.9857
-40.7268
-41.4714
-42.22
-42.9734
-43.7323
-44.4972
-45.2688
-46.0478
-46.8345
-47.6294
-48.433
-49.2454
-50.0667
-50.8969
-51.7357
-52.5827
-53.4372
-54.2981
-55.164
-56.0334
-56.9041
-57.7737
-58.6394
-59.4979
-60.3457
-61.1789
-61.9935
-62.7852
-63.55
-64.2838
-64.9831
-65.6447

