-65
-64.9994
-64.9988
-64.9982
-64.9977
-64.9971
-64.9965
-64.996
-64.9954
-64.9949
-64.9943
-64.9938
-64.9932
-64.9927
-64.9922
-64.9917
-64.9912
-64.9906
-64.9901
-64.9896
-64.9891
-64.9886
-64.9881
-64.9876
-64.9872
-64.9867
-64.9862
-64.9857
-64.9852
-64.9848
-64.9843
-64.9838
-64.9834
-64.9829
-64.9825
-64.982
-64.9816
-64.9811
-64.9807
-64.9802
-64.9798
-64.9794
-64.9789
-64.9785
-64.9781
-64.9777
-64.9772
-64.9768
-64.9764
-64.976
-64.9756
-64.9752
-64.9748
-64.9744
-64.974
-64.9736
-64.9732
-64.9728
-64.9725
-64.9721
-64.9717
-64.9713
-64.971
-64.9706
-64.9702
-64.9699
-64.9695
-64.9692
-64.9688
-64.9685
-64.9681
-64.9678
-64.9675
-64.9671
-64.9668
-64.9665
-64.9661
-64.9658
-64.9655
-64.9652
-64.9649
-64.9646
-64.9642
-64.9639
-64.9636
-64.9633
-64.963
-64.9628
-64.9625
-64.9622
-64.9619
-64.9616
-64.9613
-64.9611
-64.9608
-64.9605
-64.9603
-64.96
-64.9598
-64.9595
-64.9592
-64.959
-64.9588
-64.9585
-64.9583
-64.958
-64.9578
-64.9576
-64.9573
-64.9571
-64.9569
-64.9567
-64.9565
-64.9562
-64.956
-64.9558
-64.9556
-64.9554
-64.9552
-64.955
-64.9548
-64.9546
-64.9545
-64.9543
-64.9541
-64.9539
-64.9537
-64.9536
-64.9534
-64.9532
-64.9531
-64.9529
-64.9527
-64.9526
-64.9524
-64.9523
-64.9521
-64.952
-64.9519
-64.9517
-64.9516
-64.9514
-64.9513
-64.9512
-64.9511
-64.9509
-64.9508
-64.9507
-64.9506
-64.9505
-64.9504
-64.9503
-64.9502
-64.95
-64.9499
-64.9499
-64.9498
-64.9497
-64.9496
-64.9495
-64.9494
-64.9493
-64.9492
-64.9492
-64.9491
-64.949
-64.9489
-64.9489
-64.9488
-64.9487
-64.9487
-64.9486
-64.9486
-64.9485
-64.9485
-64.9484
-64.9484
-64.9483
-64.9483
-64.9482
-64.9482
-64.9482
-64.9481
-64.9481
-64.9481
-64.948
-64.948
-64.948
-64.948
-64.948
-64.9479
-64.9479
-64.9479
-64.9479
-64.9479
-64.9479
-64.9479
-64.9479
-64.9479
-64.9479
-64.9479
-64.9479
-64.9479
-64.9479
-64.9479
-64.9479
-64.9479
-64.9479
-64.948
-64.948
-64.948
-64.948
-64.9481
-64.9481
-64.9481
-64.9481
-64.9482
-64.9482
-64.9482
-64.9483
-64.9483
-64.9483
-64.9484
-64.9484
-64.9485
-64.9485
-64.9486
-64.9486
-64.9487
-64.9487
-64.9488
-64.9488
-64.9489
-64.9489
-64.949
-64.9491
-64.9491
-64.9492
-64.9492
-64.9493
-64.9494
-64.9494
-64.9495
-64.9496
-64.9497
-64.9497
-64.9498
-64.9499
-64.95
-64.95
-64.9501
-64.9502
-64.9503
-64.9504
-64.9504
-64.9505
-64.9506
-64.9507
-64.9508
-64.9509
-64.951
-64.951
-64.9511
-64.9512
-64.9513
-64.9514
-64.9515
-64.9516
-64.9517
-64.9518
-64.9519
-64.952
-64.9521
-64.9522
-64.9523
-64.9524
-64.9525
-64.9526
-64.9527
-64.9528
-64.9529
-64.953
-64.9532
-64.9533
-64.9534
-64.9535
-64.9536
-64.9537
-64.9538
-64.9539
-64.954
-64.9542
-64.9543
-64.9544
-64.9545
-64.9546
-64.9547
-64.9548
-64.955
-64.9551
-64.9552
-64.9553
-64.9554
-64.9556
-64.9557
-64.9558
-64.9559
-64.956
-64.9562
-64.9563
-64.9564
-64.9565
-64.9566
-64.9568
-64.9569
-64.957
-64.9571
-64.9573
-64.9574
-64.9575
-64.9576
-64.9578
-64.9579
-64.958
-64.9581
-64.9583
-64.9584
-64.9585
-64.9587
-64.9588
-64.9589
-64.959
-64.9592
-64.9593
-64.9594
-64.9595
-64.9597
-64.9598
-64.9599
-64.96
-64.9602
-64.9603
-64.9604
-64.9606
-64.9607
-64.9608
-64.9609
-64.9611
-64.9612
-64.9613
-64.9614
-64.9616
-64.9617
-64.9618
-64.962
-64.9621
-64.9622
-64.9623
-64.9625
-64.9626
-64.9627
-64.9628
-64.963
-64.9631
-64.9632
-64.9633
-64.9635
-64.9636
-64.9637
-64.9638
-64.964
-64.9641
-64.9642
-64.9643
-64.9645
-64.9646
-64.9647
-64.9648
-64.9649
-64.9651
-64.9652
-64.9653
-64.9654
-64.9655
-64.9657
-64.9658
-64.9659
-64.966
-64.9661
-64.9663
-64.9664
-64.9665
-64.9666
-64.9667
-64.9668
-64.967
-64.9671
-64.9672
-64.9673
-64.9674
-64.9675
-64.9677
-64.9678
-64.9679
-64.968
-64.9681
-64.9682
-64.9683
-64.9684
-64.9685
-64.9687
-64.9688
-64.9689
-64.969
-64.9691
-64.9692
-64.9693
-64.9694
-64.9695
-64.9696
-64.9697
-64.9698
-64.9699
-64.97
-64.9701
-64.9702
-64.9703
-64.9704
-64.9705
-64.9706
-64.9707
-64.9708
-64.9709
-64.971
-64.9711
-64.9712
-64.9713
-64.9714
-64.9715
-64.9716
-64.9717
-64.9718
-64.9719
-64.972
-64.9721
-64.9722
-64.9722
-64.9723
-64.9724
-64.9725
-64.9726
-64.9727
-64.9728
-64.9729
-64.9729
-64.973
-64.9731
-64.9732
-64.9733
-64.9734
-64.9734
-64.9735
-64.9736
-64.9737
-64.9738
-64.9738
-64.9739
-64.974
-64.9741
-64.9741
-64.9742
-64.9743
-64.9744
-64.9744
-64.9745
-64.9746
-64.9747
-64.9747
-64.9748
-64.9749
-64.9749
-64.975
-64.9751
-64.9751
-64.9752
-64.9753
-64.9753
-64.9754
-64.9755
-64.9755
-64.9756
-64.9757
-64.9757
-64.9758
-64.9758
-64.9759
-64.976
-64.976
-64.9761
-64.9761
-64.9762
-64.9762
-64.9763
-64.9764
-64.9764
-64.9765
-64.9765
-64.9766
-64.9766
-64.9767
-64.9767
-64.9768
-64.9768
-64.9769
-64.9769
-64.977
-64.977
-64.9771
-64.9771
-64.9771
-64.9772
-64.9772
-64.9773
-64.9773
-64.9774
-64.9774
-64.9774
-64.9775
-64.9775
-64.9776
-64.9776
-64.9776
-64.9777
-64.9777
-64.9778
-64.9778
-64.9778
-64.9779
-64.9779
-64.9779
-64.978
-64.978
-64.978
-64.9781
-64.9781
-64.9781
-64.9781
-64.9782
-64.9782
-64.9782
-64.9783
-64.9783
-64.9783
-64.9783
-64.9784
-64.9784
-64.9784
-64.9784
-64.9785
-64.9785
-64.9785
-64.9785
-64.9785
-64.9786
-64.9786
-64.9786
-64.9786
-64.9786
-64.9787
-64.9787
-64.9787
-64.9787
-64.9787
-64.9787
-64.9787
-64.9788
-64.8441
-64.622
-64.3353
-63.9986
-63.6223
-63.2141
-62.7805
-62.3264
-61.8559
-61.3723
-60.8783
-60.3762
-59.8677
-59.3544
-58.8375
-58.3178
-57.7963
-57.2735
-56.75
-56.226
-55.7017
-55.1773
-54.6527
-54.1278
-53.6023
-53.076
-52.5484
-52.0189
-51.4869
-50.9515
-50.4119
-49.8669
-49.3153
-48.7557
-48.1866
-47.6061
-47.0123
-46.4028
-45.7752
-45.1265
-44.4535
-43.7525
-43.0194
-42.2494
-41.4372
-40.5768
-39.6611
-38.6824
-37.6315
-36.4981
-35.2705
-33.9353
-32.4771
-30.8788
-29.1211
-27.1827
-25.0406
-22.6706
-20.0483
-17.1511
-13.961
-10.4685
-6.67747
-2.61171
1.68019
6.12103
10.6059
15.0087
19.1947
23.0372
26.4335
29.3173
31.6637
33.4869
34.831
35.7586
36.3389
36.6391
36.7184
36.6256
36.399
36.0677
35.6532
35.1712
34.6329
34.0469
33.4194
32.7551
32.0579
31.3309
30.5768
29.7978
28.9961
28.1736
27.3321
26.4731
25.5982
24.709
23.8068
22.8929
21.9686
21.0351
20.0936
19.1451
18.1906
17.2312
16.2676
15.3009
14.3318
13.361
12.3892
11.4172
10.4455
9.47469
8.5053
7.53782
6.57269
5.61032
4.65107
3.69529
2.74328
1.79531
0.851628
-0.0875512
-1.02204
-1.95166
-2.87628
-3.79578
-4.71007
-5.61905
-6.52267
-7.42088
-8.31365
-9.20096
-10.0828
-10.9593
-11.8303
-12.696
-13.5564
-14.4115
-15.2615
-16.1065
-16.9466
-17.7818
-18.6124
-19.4385
-20.2603
-21.078
-21.8918
-22.702
-23.5088
-24.3126
-25.1136
-25.9123
-26.7089
-27.504
-28.298
-29.0915
-29.8849
-30.6788
-31.4739
-32.2709
-33.0706
-33.8736
-34.6808
-35.4932
-36.3116
-37.1371
-37.9706
-38.8133
-39.6661
-40.5303
-41.4069
-42.297
-43.2018
-44.1222
-45.0592
-46.0134
-46.9857
-47.9761
-48.9849
-50.0116
-51.0555
-52.115
-53.1882
-54.2721
-55.3634
-56.4573
-57.5487
-58.6314
-59.6986
-60.7429
-61.7566
-62.7323
-63.6626
-64.5413
-65.363
-66.1236
-66.8207
-67.4535
-68.0224
-68.5295
-68.9777
-69.3711
-69.7141
-70.0113
-70.2678
-70.4881
-70.6768
-70.838
-70.9756
-71.0928
-71.1928
-71.278
-71.3508
-71.4131
-71.4665
-71.5124
-71.5521
-71.5865
-71.6165
-71.6428
-71.6659
-71.6864
-71.7046
-71.721
-71.7358
-71.7493
-71.7616
-71.773
-71.7835
-71.7933
-71.8026
-71.8113
-71.8196
-71.8275
-71.8351
-71.8423
-71.8494
-71.8562
-71.8628
-71.8692
-71.8755
-71.8816
-71.8876
-71.8935
-71.8993
-71.905
-71.9106
-71.9161
-71.9215
-71.9268
-71.932
-71.9372
-71.9423
-71.9473
-71.9523
-71.9572
-71.962
-71.9667
-71.9714
-71.976
-71.9805
-71.985
-71.9894
-71.9937
-71.998
-72.0022
-72.0063
-72.0103
-72.0143
-72.0182
-72.022
-72.0258
-72.0294
-72.033
-72.0366
-72.04
-72.0434
-72.0467
-72.0499
-72.053
-72.0561
-72.0591
-72.062
-72.0648
-72.0675
-72.0702
-72.0728
-72.0752
-72.0776
-72.08
-72.0822
-72.0843
-72.0864
-72.0884
-72.0902
-72.092
-72.0937
-72.0954
-72.0969
-72.0983
-72.0997
-72.1009
-72.1021
-72.1032
-72.1042
-72.1051
-72.1059
-72.1066
-72.1072
-72.1077
-72.1081
-72.1085
-72.1087
-72.1089
-72.1089
-72.1089
-72.1087
-72.1085
-72.1082
-72.1077
-72.1072
-72.1066
-72.1059
-72.1051
-72.1042
-72.1032
-72.1021
-72.1009
-72.0996
-72.0982
-72.0967
-72.0951
-72.0934
-72.0917
-72.0898
-72.0878
-72.0858
-72.0836
-72.0813
-72.079
-72.0765
-72.0739
-72.0713
-72.0685
-72.0657
-72.0628
-72.0597
-72.0566
-72.0533
-72.05
-72.0466
-72.0431
-72.0394
-72.0357
-72.0319
-72.028
-72.024
-72.0199
-72.0157
-72.0114
-72.007
-72.0025
-71.998
-71.9933
-71.9885
-71.9837
-71.9787
-71.9736
-71.9685
-71.9633
-71.9579
-71.9525
-71.947
-71.9414
-71.9357
-71.9299
-71.924
-71.918
-71.912
-71.9058
-71.8995
-71.8932
-71.8868
-71.8803
-71.8736
-71.8669
-71.8601
-71.8533
-71.8463
-71.8392
-71.8321
-71.8249
-71.8176
-71.8102
-71.8027
-71.7951
-71.7874
-71.7797
-71.7718
-71.7639
-71.7559
-71.7478
-71.7397
-71.7314
-71.7231
-71.7147
-71.7062
-71.6976
-71.6889
-71.6802
-71.6713
-71.6624
-71.6534
-71.6444
-71.6352
-71.626
-71.6167
-71.6073
-71.5979
-71.5883
-71.5787
-71.569
-71.5593
-71.5494
-71.5395
-71.5295
-71.5195
-71.5093
-71.4991
-71.4889
-71.4785
-71.4681
-71.4576
-71.447
-71.4364
-71.4257
-71.4149
-71.404
-71.3931
-71.3821
-71.3711
-71.36
-71.3488
-71.3375
-71.3262
-71.3148
-71.3034
-71.2919
-71.2803
-71.2687
-71.2569
-71.2452
-71.2334
-71.2215
-71.2095
-71.1975
-71.1854
-71.1733
-71.1611
-71.1488
-71.1365
-71.1242
-71.1117
-71.0992
-71.0867
-71.0741
-71.0615
-71.0487
-71.036
-71.0232
-71.0103
-70.9974
-70.9844
-70.9714
-70.9583
-70.9452
-70.932
-70.9187
-70.9055
-70.8921
-70.8787
-70.8653
-70.8518
-70.8383
-70.8247
-70.8111
-70.7975
-70.7837
-70.77
-70.7562
-70.7423
-70.7285
-70.7145
-70.7005
-70.6865
-70.6725
-70.6584
-70.6442
-70.63
-70.6158
-70.6016
-70.5873
-70.5729
-70.5586
-70.5441
-70.5297
-70.5152
-70.5007
-70.4861
-70.4715
-70.4569
-70.4422
-70.4276
-70.4128
-70.3981
-70.3833
-70.3684
-70.3536
-70.3387
-70.3238
-70.3088
-70.2938
-70.2788
-70.2638
-70.2487
-70.2336
-70.2185
-70.2034
-70.1882
-70.173
-70.1578
-70.1425
-70.1273
-70.112
-70.0966
-70.0813
-70.0659
-70.0505
-70.0351
-70.0197
-70.0042
-69.9888
-69.9733
-69.9578
-69.9422
-69.9267
-69.9111
-69.8955
-69.8799
-69.8643
-69.8486
-69.833
-69.8173
-69.8016
-69.7859
-69.7702
-69.7544
-69.7387
-69.7229
-69.7071
-69.6914
-69.6756
-69.6597
-69.6439
-69.6281
-69.6122
-69.5964
-69.5805
-69.5646
-69.5488
-69.5329
-69.517
-69.501
-69.4851
-69.4692
-69.4533
-69.4373
-69.4214
-69.4054
-69.3895
-69.3735
-69.3576
-69.3416
-69.3256
-69.3096
-69.2936
-69.2777
-69.2617
-69.2457
-69.2297
-69.2137
-69.1977
-69.1817
-69.1657
-69.1497
-69.1337
-69.1177
-69.1018
-69.0858
-69.0698
-69.0538
-69.0378
-69.0218
-69.0058
-68.9899
-68.9739
-68.9579
-68.942
-68.926
-68.91
-68.8941
-68.8781
-68.8622
-68.8463
-68.8303
-68.8144
-68.7985
-68.7826
-68.7667
-68.7508
-68.7349
-68.7191
-68.7032
-68.6873
-68.6715
-68.6557
-68.6398
-68.624
-68.6082
-68.5924
-68.5766
-68.5608
-68.5451
-68.5293
-68.5136
-68.4979
-68.4822
-68.4665
-68.4508
-68.4351
-68.4194
-68.4038
-68.3882
-68.3725
-68.3569
-68.3414
-68.3258
-68.3102
-68.2947
-68.2792
-68.2637
-68.2482
-68.2327
-68.2172
-68.2018
-68.1864
-68.1709
-68.1556
-68.1402
-68.1248
-68.1095
-68.0942
-68.0789
-68.0636
-68.0483
-68.0331
-68.0179
-68.0027
-67.9875
-67.9723
-67.9572
-67.9421
-67.927
-67.9119
-67.8968
-67.8818
-67.8668
-67.8518
-67.8368
-67.8219
-67.807
-67.7921
-67.7772
-67.7623
-67.7475
-67.7327
-67.7179
-67.7031
-67.6884
-67.6737
-67.659
-67.6443
-67.6297
-67.6151
-67.6005
-67.5859
-67.5714
-67.5569
-67.5424
-67.5279
-67.5135
-67.4991
-67.4847
-67.4703
-67.456
-67.4417
-67.4274
-67.4132
-67.399
-67.3848
-67.3706
-67.3565
-67.3423
-67.3283
-67.3142
-67.3002
-67.2862
-67.2722
-67.2583
-67.2444
-67.2305
-67.2166
-67.2028
-67.189
-67.1752
-67.1615
-67.1478
-67.1341
-67.1204
-67.1068
-67.0932
-67.0797
-67.0661
-67.0526
-67.0392
-67.0257
-67.0123
-66.9989
-66.9856
-66.9723
-66.959
-66.9458
-66.9326
-66.9194
-66.9062
-66.8931
-66.88
-66.867
-66.8539
-66.841
-66.828
-66.8151
-66.8022
-66.7893
-66.7765
-66.7637
-66.7509
-66.7382
-66.7255
-66.7128
-66.7002
-66.6876
-66.675
-66.6625
-66.65
-66.6376
-66.6251
-66.6127
-66.6004
-66.5881
-66.5758
-66.5635
-66.5513
-66.5391
-66.527
-66.5148
-66.5028
-66.4907
-66.4787
-66.4667
-66.4548
-66.4429
-66.431
-66.4192
-66.4074
-66.3957
-66.3839
-66.3722
-66.3606
-66.349
-66.3374
-66.3259
-66.3143
-66.3029
-66.2914
-66.28
-66.2687
-66.2573
-66.246
-66.2348
-66.2236
-66.2124
-66.2012
-66.1901
-66.1791
-66.168
-66.157
-66.1461
-66.1351
-66.1243
-66.1134
-66.1026
-66.0918
-66.0811
-66.0704
-66.0597
-66.0491
-66.0385
-66.028
-66.0175
-66.007
-65.9966
-65.9862
-65.9759
-65.9656
-65.9553
-65.9451
-65.9349
-65.9247
-65.9146
-65.9045
-65.8945
-65.8845
-65.8745
-65.8646
-65.8547
-65.8448
-65.835
-65.8253
-65.8155
-65.8058
-65.7962
-65.7866
-65.777
-65.7674
-65.7579
-65.7485
-65.7391
-65.7297
-65.7203
-65.711
-65.7018
-65.6925
-65.6833
-65.6742
-65.6651
-65.656
-65.647
-65.638
-65.6291
-65.6202
-65.6113
-65.6025
-65.5937
-65.5849
-65.5762
-65.5676
-65.559
-65.5504
-65.5418
-65.3975
-65.1649
-64.8674
-64.5195
-64.1317
-63.712
-63.2667
-62.8009
-62.3188
-61.8237
-61.3183
-60.805
-60.2855
-59.7613
-59.2338
-58.7038
-58.1723
-57.6399
-57.107
-56.5741
-56.0413
-55.5088
-54.9766
-54.4446
-53.9126
-53.3804
-52.8475
-52.3133
-51.7774
-51.2388
-50.6969
-50.1504
-49.5983
-49.0393
-48.4719
-47.8943
-47.3047
-46.7009
-46.0805
-45.4408
-44.7787
-44.0908
-43.3731
-42.6212
-41.8301
-40.994
-40.1065
-39.1602
-38.1465
-37.0558
-35.8771
-34.5977
-33.2032
-31.6775
-30.0021
-28.1567
-26.119
-23.8649
-21.3698
-18.6097
-15.5633
-12.2159
-8.56351
-4.6188
-0.417054
3.97889
8.47686
12.9587
17.2901
21.3358
24.9769
28.1264
30.7383
32.8091
34.3712
35.4817
36.2098
36.626
36.7948
36.7705
36.5965
36.3062
35.9242
35.4685
34.9522
34.3848
33.7734
33.1234
32.4388
31.723
30.979
30.209
29.4153
28.5999
27.7645
26.9108
26.0406
25.1552
24.2561
23.3447
22.4223
21.4901
20.5493
19.601
18.6462
17.6861
16.7214
15.7531
14.7821
13.8091
12.8349
11.8602
10.8855
9.91152
8.93878
7.96779
6.99901
6.03288
5.06978
4.11007
3.15408
2.20209
1.25436
0.311121
-0.627417
-1.56108
-2.48971
-3.41317
-4.33137
-5.24421
-6.15162
-7.05354
-7.94994
-8.8408
-9.72611
-10.6059
-11.4802
-12.349
-13.2123
-14.0703
-14.9231
-15.7706
-16.6131
-17.4507
-18.2834
-19.1115
-19.935
-20.7543
-21.5695
-22.3809
-23.1887
-23.9931
-24.7946
-25.5935
-26.39
-27.1847
-27.978
-28.7703
-29.5622
-30.3543
-31.0965
-31.8132
-32.515
-33.2074
-33.8939
-34.5769
-35.2581
-35.9388
-36.6201
-37.303
-37.9885
-38.6774
-39.3706
-40.0689
-40.7731
-41.4838
-42.2018
-42.9276
-43.6618
-44.4047
-45.1565
-45.9174
-46.6871
-47.4651
-48.2507
-49.0427
-49.8396
-50.6393
-51.4393
-52.2368
-53.028
-53.8092
-54.576
-55.3239
-56.048
-56.7438
-57.4068
-58.033
-58.6189
-59.1621
-59.6605
-60.1134
-60.5208
-60.8835
-61.2031
-61.4817
-61.722
-61.927
-62.0998
-62.2436
-62.3615
-62.4566
-62.5318
-62.5896
-62.6325
-62.6627
-62.6821
-62.6925
-62.6952
-62.6916
-62.6829
-62.67
-62.6537
-62.6348
-62.6138
-62.5913
-62.5677
-62.5433
-62.5186
-62.4936
-62.4687
-62.4441
-62.4198
-62.396
-62.3727
-62.3502
-62.3284
-62.3074
-62.2873
-62.268
-62.2497
-62.2322
-62.2157
-62.2001
-62.1855
-62.1718
-62.1591
-62.1473
-62.1365
-62.1265
-62.1175
-62.1094
-62.1022
-62.0958
-62.0904
-62.0858
-62.082
-62.079
-62.0769
-62.0756
-62.075
-62.0752
-62.0762
-62.0779
-62.0804
-62.0835
-62.0874
-62.0919
-62.0971
-62.1029
-62.1094
-62.1165
-62.1243
-62.1326
-62.1415
-62.151
-62.1611
-62.1717
-62.1828
-62.1945
-62.2067
-62.2194
-62.2326
-62.2462
-62.2603
-62.2749
-62.2899
-62.3054
-62.3213
-62.3376
-62.3542
-62.3713
-62.3888
-62.4067
-62.4249
-62.4434
-62.4624
-62.4816
-62.5012
-62.5211
-62.5413
-62.5618
-62.5826
-62.6037
-62.625
-62.6467
-62.6686
-62.6907
-62.7131
-62.7358
-62.7586
-62.7817
-62.805
-62.8285
-62.8523
-62.8762
-62.9003
-62.9246
-62.9491
-62.9737
-62.9985
-63.0235
-63.0486
-63.0739
-63.0993
-63.1249
-63.1506
-63.1764
-63.2023
-63.2284
-63.2545
-63.2808
-63.3072
-63.3336
-63.3602
-63.3868
-63.4135
-63.4403
-63.4672
-63.4941
-63.5211
-63.5482
-63.5753
-63.6025
-63.6297
-63.6569
-63.6842
-63.7115
-63.7389
-63.7663
-63.7937
-63.8212
-63.8486
-63.8761
-63.9036
-63.931
-63.9585
-63.986
-64.0135
-64.041
-64.0685
-64.096
-64.1234
-64.1508
-64.1783
-64.2057
-64.233
-64.2604
-64.2877
-64.315
-64.3422
-64.3695
-64.3966
-64.4238
-64.4509
-64.4779
-64.5049
-64.5318
-64.5587
-64.5856
-64.6123
-64.6391
-64.6657
-64.6923
-64.7189
-64.7453
-64.7717
-64.7981
-64.8243
-64.8505
-64.8766
-64.9026
-64.9286
-64.9545
-64.9803
-65.006
-65.0316
-65.0571
-65.0826
-65.108
-65.1332
-65.1584
-65.1835
-65.2085
-65.2334
-65.2582
-65.283
-65.3076
-65.3321
-65.3565
-65.3808
-65.405
-65.4291
-65.4531
-65.477
-65.5008
-65.5245
-65.5481
-65.5715
-65.5949
-65.6182
-65.6413
-65.6643
-65.6872
-65.71
-65.7327
-65.7553
-65.7777
-65.8
-65.8222
-65.8443
-65.8663
-65.8882
-65.9099
-65.9315
-65.953
-65.9744
-65.9957
-66.0168
-66.0378
-66.0587
-66.0794
-66.1001
-66.1206
-66.141
-66.1613
-66.0493
-65.8549
-65.6026
-65.3073
-64.9796
-64.6274
-64.2569
-63.8727
-63.4787
-63.0781
-62.6731
-62.2658
-61.8579
-61.4506
-61.0452
-60.6423
-60.243
-59.8476
-59.4569
-59.0711
-58.6907
-58.3159
-57.947
-57.5841
-57.2274
-56.877
-56.5329
-56.1952
-55.8638
-55.5387
-55.22
-54.9075
-54.6011
-54.3007
-54.0063
-53.7176
-53.4346
-53.157
-52.8848
-52.6176
-52.3554
-52.0979
-51.845
-51.5964
-51.3519
-51.1113
-50.8743
-50.6408
-50.4105
-50.1832
-49.9586
-49.7366
-49.5167
-49.2989
-49.0828
-48.8683
-48.6549
-48.4426
-48.231
-48.0198
-47.8088
-47.5977
-47.3863
-47.1741
-46.961
-46.7466
-46.5305
-46.3126
-46.0923
-45.8694
-45.6435
-45.4142
-45.1811
-44.9438
-44.7017
-44.4545
-44.2016
-43.9425
-43.6765
-43.4032
-43.1218
-42.8316
-42.5319
-42.2218
-41.9006
-41.5671
-41.2205
-40.8596
-40.4832
-40.0901
-39.6787
-39.2477
-38.7952
-38.3196
-37.8187
-37.2906
-36.7329
-36.143
-35.5182
-34.8555
-34.1518
-33.4034
-32.6067
-31.7577
-30.8521
-29.8854
-28.8529
-27.7497
-26.5709
-25.3114
-23.9665
-22.5317
-21.0031
-19.3779
-17.6545
-15.833
-13.916
-11.9092
-9.82169
-7.66707
-5.4637
-3.23506
-1.00965
1.17968
3.29701
5.30531
7.16895
8.85626
10.342
11.609
12.649
13.4623
14.0564
14.4448
14.6446
14.675
14.5557
14.3056
13.9425
13.4825
12.9397
12.3263
11.6532
10.9292
10.1623
9.35907
8.52519
7.66557
6.78444
5.88547
4.97186
4.04638
3.1115
2.16936
1.22187
0.270709
-0.682637
-1.63686
-2.59078
-3.5434
-4.49379
-5.44117
-6.38485
-7.32421
-8.25872
-9.18795
-10.1115
-11.029
-11.9402
-12.8449
-13.7429
-14.6341
-15.5184
-16.3956
-17.2658
-18.129
-18.9851
-19.8344
-20.6767
-21.5123
-22.3413
-23.1639
-23.9802
-24.7904
-25.5949
-26.3938
-27.1874
-27.9762
-28.7604
-29.5405
-30.3167
-31.0897
-31.8598
-32.6275
-33.3935
-34.1581
-34.9222
-35.6862
-36.4508
-37.2167
-37.9847
-38.7553
-39.5295
-40.3079
-41.0913
-41.8805
-42.6762
-43.4793
-44.2904
-45.1102
-45.9394
-46.7786
-47.6281
-48.4884
-49.3597
-50.2419
-51.1348
-52.0381
-52.9509
-53.8721
-54.8003
-55.7337
-56.6698
-57.6059
-58.5387
-59.4646
-60.3793
-61.2784
-62.1571
-63.0106
-63.8341
-64.6229
-65.373
-66.0807
-66.743
-67.3581
-67.9248
-68.4429
-68.913
-69.3368
-69.7162
-70.054
-70.3531
-70.6167
-70.8481
-71.0505
-71.2271
-71.3808
-71.5144
-71.6305
-71.7312
-71.8185
-71.8944
-71.9604
-72.0178
-72.0678
-72.1115
-72.1498
-72.1834
-72.2131
-72.2393
-72.2625
-72.2832
-72.3018
-72.3184
-72.3334
-72.3471
-72.3595
-72.3708
-72.3812
-72.3908
-72.3998
-72.4081
-72.4158
-72.4231
-72.43
-72.4365
-72.4426
-72.4485
-72.454
-72.4594
-72.4645
-72.4693
-72.474
-72.4786
-72.4829
-72.4871
-72.4912
-72.4951
-72.4988
-72.5025
-72.506
-72.5094
-72.5127
-72.5159
-72.519
-72.522
-72.5249
-72.5276
-72.5303
-72.5329
-72.5354
-72.5377
-72.54
-72.5422
-72.5443
-72.5463
-72.5482
-72.55
-72.5517
-72.5533
-72.5548
-72.5562
-72.5576
-72.5588
-72.5599
-72.561
-72.5619
-72.5628
-72.5635
-72.5642
-72.5647
-72.5652
-72.5656
-72.5659
-72.566
-72.5661
-72.5661
-72.566
-72.5658
-72.5654
-72.565
-72.5645
-72.5639
-72.5632
-72.5624
-72.5615
-72.5605
-72.5594
-72.5582
-72.5569
-72.5555
-72.554
-72.5524
-72.5507
-72.5489
-72.547
-72.545
-72.5429
-72.5407
-72.5384
-72.536
-72.5336
-72.531
-72.5283
-72.5255
-72.5226
-72.5196
-72.5165
-72.5133
-72.51
-72.5066
-72.5031
-72.4995
-72.4958
-72.492
-72.4881
-72.4841
-72.48
-72.4759
-72.4716
-72.4672
-72.4627
-72.4581
-72.4534
-72.4486
-72.4438
-72.4388
-72.4337
-72.4285
-72.4233
-72.4179
-72.4124
-72.4069
-72.4012
-72.3955
-72.3896
-72.3837
-72.3776
-72.3715
-72.3653
-72.3589
-72.3525
-72.346
-72.3394
-72.3327
-72.3259
-72.319
-72.312
-72.3049
-72.2978
-72.2905
-72.2831
-72.2757
-72.2682
-72.2605
-72.2528
-72.245
-72.2371
-72.2291
-72.221
-72.2129
-72.2046
-72.1963
-72.1878
-72.1793
-72.1707
-72.162
-72.1532
-72.1444
-72.1354
-72.1264
-72.1173
-72.1081
-72.0988
-72.0894
-72.0799
-72.0704
-72.0608
-72.0511
-72.0413
-72.0314
-72.0214
-72.0114
-72.0013
-71.9911
-71.9808
-71.9705
-71.9601
-71.9495
-71.939
-71.9283
-71.9176
-71.9067
-71.8958
-71.8849
-71.8738
-71.8627
-71.8515
-71.8403
-71.8289
-71.8175
-71.806
-71.7945
-71.7829
-71.7712
-71.7594
-71.7475
-71.7356
-71.7237
-71.7116
-71.6995
-71.6873
-71.6751
-71.6628
-71.6504
-71.6379
-71.6254
-71.6128
-71.6002
-71.5875
-71.5747
-71.5619
-71.549
-71.536
-71.523
-71.5099
-71.4968
-71.4836
-71.4704
-71.457
-71.4437
-71.4302
-71.4167
-71.4032
-71.3896
-71.3759
-71.3622
-71.3484
-71.3346
-71.3207
-71.3068
-71.2928
-71.2788
-71.2647
-71.2506
-71.0904
-70.8367
-70.5152
-70.1422
-69.7291
-69.2849
-68.8163
-68.3291
-67.8277
-67.3157
-66.7961
-66.2716
-65.744
-65.2152
-64.6865
-64.1593
-63.6345
-63.1129
-62.5954
-62.0826
-61.575
-61.073
-60.577
-60.0873
-59.6042
-59.1279
-58.6584
-58.196
-57.7406
-57.2923
-56.851
-56.4166
-55.9892
-55.5684
-55.1543
-54.7465
-54.3449
-53.9492
-53.5591
-53.1743
-52.7945
-52.4192
-52.0482
-51.6809
-51.3169
-50.8561
-50.3382
-49.7821
-49.1987
-48.5953
-47.9769
-47.3468
-46.7073
-46.0596
-45.4042
-44.7409
-44.0692
-43.388
-42.6958
-41.9909
-41.2711
-40.5338
-39.7763
-38.9955
-38.1877
-37.3491
-36.4754
-35.562
-34.6037
-33.595
-32.5298
-31.4015
-30.2033
-28.9277
-27.5668
-26.1126
-24.557
-22.892
-21.1101
-19.2047
-17.1708
-15.0056
-12.7095
-10.2868
-7.74673
-5.10432
-2.38081
0.396087
3.19266
5.97012
8.68614
11.2968
13.7587
16.0315
18.0804
19.8779
21.4063
22.6585
23.638
24.3578
24.838
25.1038
25.182
25.0994
24.8809
24.5486
24.1216
23.6157
23.044
22.4172
21.7439
21.0313
20.2852
19.5103
18.7107
17.8899
17.0508
16.1959
15.3277
14.448
13.5587
12.6615
11.7578
10.849
9.93623
9.02067
8.10332
7.1851
6.26684
5.34931
4.43319
3.51911
2.60764
1.69928
0.794489
-0.106328
-1.0028
-1.89462
-2.78149
-3.66316
-4.53943
-5.41009
-6.275
-7.13403
-7.98706
-8.834
-9.6748
-10.5094
-11.3378
-12.1599
-12.9758
-13.7855
-14.589
-15.3864
-16.1777
-16.963
-17.7424
-18.5159
-19.2838
-20.0461
-20.8029
-21.5545
-22.301
-23.0426
-23.7795
-24.5119
-25.2401
-25.9644
-26.685
-27.4023
-28.1166
-28.8283
-29.5378
-30.2454
-30.9517
-31.6571
-32.3621
-33.0673
-33.7732
-34.4805
-35.1897
-35.9015
-36.6166
-37.3357
-38.0596
-38.7889
-39.5243
-40.2668
-41.0169
-41.7753
-42.5429
-43.3201
-44.1075
-44.9055
-45.7145
-46.5344
-47.3654
-48.2069
-49.0583
-49.9185
-50.7862
-51.6595
-52.5359
-53.4126
-54.2861
-55.1526
-56.0079
-56.8471
-57.6656
-58.4584
-59.2208
-59.9485
-60.6377
-61.2852
-61.8887
-62.4469
-62.9592
-63.426
-63.8486
-64.2288
-64.5689
-64.8717
-65.1402
-65.3775
-65.5867
-65.7708
-65.9328
-66.0752
-66.2005
-66.311
-66.4086
-66.4951
-66.572
-66.6408
-66.7025
-66.7583
-66.8089
-66.8552
-66.8977
-66.9371
-66.9737
-67.0081
-67.0405
-67.0712
-67.1004
-67.1285
-67.1554
-67.1815
-67.2068
-67.2314
-67.2555
-67.2791
-67.3022
-67.325
-67.3474
-67.3695
-67.3914
-67.4131
-67.4346
-67.4559
-67.477
-67.498
-67.5189
-67.5397
-67.5603
-67.5809
-67.6013
-67.6217
-67.6419
-67.6621
-67.6822
-67.7023
-67.7222
-67.7421
-67.7619
-67.7817
-67.8013
-67.8209
-67.8405
-67.8599
-67.8793
-67.8986
-67.9178
-67.937
-67.9561
-67.9751
-67.994
-68.0129
-68.0317
-68.0504
-68.069
-68.0875
-68.106
-68.1244
-68.1427
-68.1609
-68.179
-68.197
-68.2149
-68.2328
-68.2506
-68.2682
-68.2858
-68.3033
-68.3207
-68.338
-68.3551
-68.3722
-68.3892
-68.4061
-68.4229
-68.4396
-68.4562
-68.4727
-68.4891
-68.5054
-68.5216
-68.5376
-68.5536
-68.5695
-68.5852
-68.6009
-68.6164
-68.6318
-68.6471
-68.6623
-68.6774
-68.6924
-68.7073
-68.722
-68.7366
-68.7512
-68.7656
-68.7799
-68.794
-68.8081
-68.822
-68.8359
-68.8496
-68.8632
-68.8766
-68.89
-68.9032
-68.9163
-68.9293
-68.9422
-68.955
-68.9676
-68.9801
-68.9925
-69.0048
-69.0169
-69.029
-69.0409
-69.0527
-69.0643
-69.0759
-69.0873
-69.0986
-69.1098
-69.1208
-69.1318
-69.1426
-69.1533
-69.1638
-69.1743
-69.1846
-69.1948
-69.2049
-69.2148
-69.2247
-69.2344
-69.244
-69.2534
-69.2628
-69.272
-69.2811
-69.29
-69.2989
-69.3076
-69.3162
-69.3247
-69.3331
-69.3413
-69.3494
-69.3574
-69.3653
-69.3731
-69.3807
-69.3882
-69.3956
-69.4029
-69.4101
-69.4171
-69.424
-69.4308
-69.4375
-69.444
-69.4505
-69.4568
-69.463
-69.4691
-69.475
-69.4809
-69.4866
-69.4922
-69.4977
-69.5031
-69.5083
-69.5135
-69.5185
-69.5234
-69.5282
-69.5329
-69.5375
-69.5419
-69.5463
-69.5505
-69.5546
-69.5586
-69.5625
-69.5662
-69.5699
-69.5734
-69.5769
-69.5802
-69.5834
-69.5865
-69.5895
-69.5924
-69.5952
-69.5978
-69.6004
-69.6028
-69.6051
-69.6074
-69.6095
-69.6115
-69.6134
-69.6152
-69.6169
-69.6185
-69.62
-69.6214
-69.6226
-69.6238
-69.6249
-69.6258
-69.6267
-69.6275
-69.6281
-69.6287
-69.6291
-69.6295
-69.6297
-69.6299
-69.6299
-69.6299
-69.6297
-69.6295
-69.6291
-69.6287
-69.6282
-69.6275
-69.6268
-69.626
-69.6251
-69.624
-69.6229
-69.6217
-69.6204
-69.619
-69.6175
-69.616
-69.6143
-69.6125
-69.6107
-69.6087
-69.6067
-69.6046
-69.6024
-69.6
-69.5977
-69.5952
-69.5926
-69.59
-69.5872
-69.5844
-69.5815
-69.5785
-69.5754
-69.5722
-69.569
-69.5656
-69.5622
-69.5587
-69.5551
-69.5515
-69.5477
-69.5439
-69.54
-69.536
-69.5319
-69.5278
-69.5236
-69.5193
-69.5149
-69.5104
-69.5059
-69.5013
-69.4966
-69.4918
-69.487
-69.4821
-69.4771
-69.472
-69.4669
-69.4617
-69.4564
-69.451
-69.4456
-69.4401
-69.4346
-69.4289
-69.4232
-69.4175
-69.4116
-69.4057
-69.3997
-69.3937
-69.3876
-69.3814
-69.3752
-69.3689
-69.3625
-69.356
-69.3495
-69.343
-69.3364
-69.3297
-69.3229
-69.3161
-69.3092
-69.3023
-69.2953
-69.2882
-69.2811
-69.2739
-69.2667
-69.2594
-69.2521
-69.2447
-69.2372
-69.2297
-69.2221
-69.2145
-69.2068
-69.199
-69.1913
-69.1834
-69.1755
-69.1675
-69.1595
-69.1515
-69.1434
-69.1352
-69.127
-69.1187
-69.1104
-69.1021
-69.0937
-69.0852
-69.0767
-69.0681
-69.0595
-69.0509
-69.0422
-69.0335
-69.0247
-69.0159
-69.007
-68.9981
-68.9891
-68.9801
-68.9711
-68.962
-68.9529
-68.9437
-68.9345
-68.9252
-68.9159
-68.9066
-68.8972
-68.8878
-68.8784
-68.8689
-68.8593
-68.8498
-68.8402
-68.8305
-68.8209
-68.8112
-68.8014
-68.7916
-68.7818
-68.772
-68.7621
-68.7522
-68.7422
-68.7323
-68.7223
-68.7122
-68.7021
-68.692
-68.6819
-68.6717
-68.6616
-68.6513
-68.6411
-68.6308
-68.6205
-68.6102
-68.5998
-68.5894
-68.579
-68.5685
-68.5581
-68.5476
-68.5371
-68.5265
-68.516
-68.5054
-68.4947
-68.4841
-68.4734
-68.4628
-68.4521
-68.4413
-68.4306
-68.4198
-68.409
-68.3982
-68.3874
-68.3765
-68.3657
-68.3548
-68.3439
-68.333
-68.322
-68.3111
-68.3001
-68.2891
-68.2781
-68.2671
-68.256
-68.245
-68.2339
-68.2228
-68.2117
-68.2006
-68.1895
-68.1783
-68.1672
-68.156
-68.1448
-68.1336
-68.1224
-68.1112
-68.1
-68.0888
-68.0775
-68.0663
-68.055
-68.0437
-68.0324
-68.0211
-68.0098
-67.9985
-67.9872
-67.9759
-67.9645
-67.9532
-67.9419
-67.9305
-67.9192
-67.9078
-67.8964
-67.885
-67.8737
-67.8623
-67.8509
-67.8395
-67.8281
-67.8167
-67.8053
-67.7939
-67.7825
-67.7711
-67.7597
-67.7483
-67.7368
-67.7254
-67.714
-67.7026
-67.6912
-67.6797
-67.6683
-67.6569
-67.5056
-67.2637
-66.9553
-66.5956
-66.1955
-65.7632
-65.3054
-64.8273
-64.3334
-63.8269
-63.311
-62.7878
-62.2595
-61.7276
-61.1935
-60.6583
-60.1231
-59.5885
-59.0552
-58.5238
-57.9946
-57.468
-56.9443
-56.4235
-55.9058
-55.3911
-54.8793
-54.3703
-53.8639
-53.3597
-52.8574
-52.3565
-51.8565
-51.3566
-50.8563
-50.3546
-49.8507
-49.3436
-48.832
-48.3147
-47.7903
-47.2572
-46.7137
-46.1578
-45.5873
-45
-44.3931
-43.7637
-43.1084
-42.4236
-41.705
-40.948
-40.1474
-39.2971
-38.3905
-37.4199
-36.3767
-35.2512
-34.0324
-32.7079
-31.2638
-29.6847
-27.9536
-26.0522
-23.961
-21.6602
-19.1306
-16.3554
-13.3224
-10.0274
-6.47786
-2.6976
1.26969
5.35807
9.48009
13.5315
17.4
20.9774
24.1722
26.92
29.1893
30.9818
32.3268
33.2724
33.8762
34.1968
34.2886
34.1981
33.9632
33.6138
33.1727
32.657
32.0797
31.4505
30.7768
30.0642
29.3174
28.4992
27.6394
26.7515
25.8428
24.9179
23.9799
23.0313
22.0741
21.1098
20.1399
19.1658
18.1887
17.2096
16.2296
15.2495
14.2701
13.2924
12.3169
11.3444
10.3753
9.41031
8.4498
7.49424
6.54401
5.59945
4.66086
3.72852
2.80265
1.88345
0.971103
0.0657475
-0.832499
-1.72354
-2.60731
-3.48375
-4.35282
-5.21451
-6.06882
-6.91574
-7.75531
-8.58756
-9.41254
-10.2303
-11.0409
-11.8445
-12.641
-13.4307
-14.2135
-14.9897
-15.7593
-16.5224
-17.2793
-18.03
-18.7746
-19.5134
-20.2466
-20.9742
-21.6966
-22.4138
-23.1263
-23.8341
-24.5375
-25.2369
-25.9326
-26.6248
-27.3138
-28.0002
-28.6842
-29.3662
-30.0467
-30.7262
-31.4052
-32.0841
-32.7636
-33.4442
-34.1265
-34.8112
-35.4989
-36.1903
-36.8861
-37.5871
-38.2938
-39.0072
-39.7278
-40.4564
-41.1937
-41.9401
-42.6964
-43.4627
-44.2395
-45.0269
-45.8246
-46.6323
-47.4494
-48.2747
-49.1068
-49.9438
-50.7833
-51.6224
-52.4577
-53.2855
-54.1014
-54.9011
-55.68
-56.4333
-57.1569
-57.8466
-58.499
-59.1114
-59.6818
-60.209
-60.6927
-61.1336
-61.5326
-61.8918
-62.2132
-62.4994
-62.7534
-62.9778
-63.1757
-63.3499
-63.5029
-63.6373
-63.7554
-63.8593
-63.9509
-64.0318
-64.1035
-64.1673
-64.2243
-64.2756
-64.322
-64.3642
-64.4029
-64.4386
-64.4717
-64.5026
-64.5318
-64.5594
-64.5858
-64.6111
-64.6355
-64.6592
-64.6823
-64.7049
-64.7271
-64.749
-64.7706
-64.792
-64.8132
-64.8344
-64.8554
-64.8764
-64.8974
-64.9184
-64.9394
-64.9604
-64.9815
-65.0025
-65.0237
-65.0449
-65.0662
-65.0875
-65.1089
-65.1304
-65.152
-65.1736
-65.1953
-65.217
-65.2389
-65.2608
-65.2828
-65.3048
-65.3269
-65.349
-65.3713
-65.3935
-65.4159
-65.4382
-65.4607
-65.4831
-65.5056
-65.5282
-65.5507
-65.5734
-65.596
-65.6187
-65.6414
-65.6641
-65.6868
-65.7095
-65.7323
-65.7551
-65.7778
-65.8006
-65.8234
-65.8461
-65.8689
-65.8917
-65.9144
-65.9371
-65.9599
-65.9826
-66.0052
-66.0279
-66.0505
-66.0731
-66.0957
-66.1182
-66.1407
-66.1632
-66.1856
-66.208
-66.2304
-66.2527
-66.2749
-66.2971
-66.3193
-66.3414
-66.3634
-66.3854
-66.4073
-66.4292
-66.451
-66.4727
-66.4944
-66.516
-66.5375
-66.559
-66.5804
-66.6017
-66.6229
-66.6441
-66.6652
-66.6862
-66.7071
-66.728
-66.7487
-66.7694
-66.79
-66.8105
-66.8309
-66.8513
-66.8715
-66.8917
-66.9117
-66.9317
-66.9515
-66.9713
-66.991
-67.0106
-67.0301
-67.0494
-67.0687
-67.0879
-67.107
-67.126
-67.1448
-67.1636
-67.1823
-67.2008
-67.2193
-67.2376
-67.2559
-67.274
-67.292
-67.3099
-67.3277
-67.3454
-67.363
-67.3805
-67.3978
-67.4151
-67.4322
-67.4492
-67.4661
-67.4829
-67.4996
-67.5161
-67.5326
-67.5489
-67.5651
-67.5812
-67.5972
-67.6131
-67.6288
-67.6444
-67.6599
-67.6753
-67.6906
-67.7057
-67.7208
-67.7357
-67.7505
-67.7651
-67.7797
-67.7941
-67.8084
-67.8226
-67.8367
-67.8507
-67.8645
-67.8782
-67.8918
-67.9053
-67.7836
-67.5782
-67.3143
-67.0074
-66.6684
-66.3053
-65.9245
-65.5307
-65.1278
-64.7191
-64.3068
-63.8931
-63.4796
-63.0675
-62.6581
-62.2521
-61.8504
-61.4535
-61.062
-60.6763
-60.2967
-59.9235
-59.5569
-59.1971
-58.8442
-58.4984
-58.1596
-57.8279
-57.5032
-57.1857
-56.8752
-56.5717
-56.2751
-55.9853
-55.7022
-55.4257
-55.1556
-54.8919
-54.6344
-54.3829
-54.1373
-53.8975
-53.6632
-53.4343
-53.2106
-52.992
-52.7782
-52.5692
-52.3647
-52.1645
-51.9686
-51.7766
-51.5885
-51.404
-51.2231
-51.0455
-50.871
-50.6996
-50.531
-50.3651
-50.2017
-50.0407
-49.882
-49.7253
-49.5705
-49.4175
-49.2661
-49.1163
-48.9678
-48.8205
-48.6742
-48.5289
-48.3844
-48.2406
-48.0972
-47.9542
-47.8115
-47.6689
-47.5262
-47.3833
-47.2401
-47.0964
-46.9521
-46.8069
-46.6608
-46.5136
-46.3651
-46.215
-46.0634
-45.9099
-45.7543
-45.5964
-45.4361
-45.2731
-45.1071
-44.9379
-44.7652
-44.5888
-44.4083
-44.2234
-44.0338
-43.8391
-43.6389
-43.4328
-43.2204
-43.0011
-42.7746
-42.5402
-42.2974
-42.0454
-41.7837
-41.5115
-41.2281
-40.9325
-40.6238
-40.3011
-39.9633
-39.6091
-39.2374
-38.8467
-38.4356
-38.0024
-37.5454
-37.0628
-36.5523
-36.0119
-35.439
-34.8312
-34.1855
-33.499
-32.7685
-31.9905
-31.1614
-30.2773
-29.3343
-28.3282
-27.2549
-26.1101
-24.8899
-23.5904
-22.2084
-20.7415
-19.188
-17.5479
-15.8229
-14.0172
-12.1379
-10.1952
-8.20359
-6.18153
-4.15178
-2.141
-0.178933
1.70295
3.47324
5.10267
6.56611
7.84427
8.92473
9.80224
10.4783
10.9602
11.2593
11.3904
11.3693
11.2127
10.9367
10.5565
10.0859
9.53752
8.92231
8.24998
7.52892
6.76643
5.96883
5.14159
4.28947
3.41658
2.52654
1.62248
0.707167
-0.216991
-1.14786
-2.08358
-3.02248
-3.96313
-4.90423
-5.84467
-6.78345
-7.71972
-8.65272
-9.58179
-10.5064
-11.4259
-12.3401
-13.2486
-14.151
-15.0471
-15.9368
-16.8199
-17.6963
-18.5659
-19.4288
-20.285
-21.1344
-21.9773
-22.8137
-23.6437
-24.4675
-25.2854
-26.0976
-26.9043
-27.7058
-28.5026
-29.2949
-30.0831
-30.8677
-31.6491
-32.4278
-33.2043
-33.9793
-34.7532
-35.5267
-36.3004
-37.0751
-37.8514
-38.63
-39.4117
-40.1973
-40.9875
-41.7831
-42.585
-43.3937
-44.2102
-45.0351
-45.8691
-46.7127
-47.5666
-48.431
-49.3062
-50.1924
-51.0893
-51.9968
-52.9141
-53.8404
-54.7743
-55.7141
-56.6578
-57.6028
-58.5462
-59.4844
-60.4136
-61.3296
-62.2277
-63.1033
-63.9516
-64.7678
-65.5477
-66.2873
-66.9833
-67.6332
-68.2353
-68.7889
-69.2941
-69.7518
-70.1637
-70.5322
-70.8599
-71.1498
-71.4052
-71.6293
-71.8252
-71.9961
-72.1448
-72.274
-72.3861
-72.4833
-72.5675
-72.6405
-72.7038
-72.7588
-72.8065
-72.848
-72.8841
-72.9157
-72.9433
-72.9674
-72.9886
-73.0073
-73.0238
-73.0384
-73.0514
-73.0629
-73.0732
-73.0824
-73.0907
-73.0982
-73.1049
-73.111
-73.1165
-73.1216
-73.1262
-73.1304
-73.1342
-73.1378
-73.141
-73.144
-73.1467
-73.1493
-73.1516
-73.1537
-73.1557
-73.1575
-73.1591
-73.1606
-73.162
-73.1632
-73.1643
-73.1652
-73.1661
-73.1668
-73.1674
-73.1679
-73.1683
-73.1686
-73.1688
-73.1689
-73.1689
-73.1688
-73.1686
-73.1682
-73.1678
-73.1673
-73.1667
-73.166
-73.1652
-73.1643
-73.1633
-73.1622
-73.161
-73.1598
-73.1584
-73.1569
-73.1553
-73.1537
-73.1519
-73.1501
-73.1481
-73.1461
-73.1439
-73.1417
-73.1393
-73.1369
-73.1344
-73.1317
-73.129
-73.1262
-73.1233
-73.1203
-73.1172
-73.114
-73.1106
-73.1072
-73.1037
-73.1002
-73.0965
-73.0927
-73.0888
-73.0848
-73.0807
-73.0765
-73.0723
-73.0679
-73.0634
-73.0589
-73.0542
-73.0494
-73.0446
-73.0396
-73.0346
-73.0294
-73.0242
-73.0188
-73.0134
-73.0078
-73.0022
-72.9965
-72.9907
-72.9847
-72.9787
-72.9726
-72.9664
-72.9601
-72.9537
-72.9472
-72.9406
-72.9339
-72.9271
-72.9202
-72.9133
-72.9062
-72.899
-72.8918
-72.8844
-72.877
-72.8695
-72.8618
-72.8541
-72.8463
-72.8384
-72.8304
-72.8223
-72.8141
-72.8058
-72.7975
-72.789
-72.7805
-72.7718
-72.7631
-72.7543
-72.7454
-72.7364
-72.7273
-72.7181
-72.7088
-72.6995
-72.69
-72.6805
-72.6709
-72.6612
-72.6514
-72.6415
-72.6316
-72.6215
-72.6114
-72.6012
-72.5909
-72.5805
-72.57
-72.5595
-72.5488
-72.5381
-72.5273
-72.5164
-72.5055
-72.4944
-72.4833
-72.4721
-72.4608
-72.4494
-72.438
-72.4265
-72.4149
-72.4032
-72.3914
-72.3796
-72.3677
-72.3557
-72.3437
-72.3315
-72.3193
-72.307
-72.2947
-72.2822
-72.2697
-72.2571
-72.2445
-72.2318
-72.219
-72.2061
-72.1931
-72.1801
-72.1671
-72.1539
-72.1407
-72.1274
-72.1141
-72.1006
-72.0872
-72.0736
-72.06
-72.0463
-72.0326
-72.0188
-72.0049
-71.9909
-71.9769
-71.9629
-71.9487
-71.9346
-71.9203
-71.906
-71.8916
-71.8772
-71.8627
-71.8482
-71.8336
-71.8189
-71.8042
-71.7894
-71.7746
-71.7597
-71.7447
-71.7297
-71.7147
-71.6996
-71.6844
-71.6692
-71.654
-71.6386
-71.6233
-71.6079
-71.5924
-71.5769
-71.5613
-71.5457
-71.53
-71.5143
-71.4986
-71.4828
-71.4669
-71.4511
-71.4351
-71.4191
-71.4031
-71.387
-71.3709
-71.3548
-71.3386
-71.3223
-71.3061
-71.2897
-71.2734
-71.257
-71.2406
-71.2241
-71.2076
-71.191
-71.1744
-71.1578
-71.1412
-71.1245
-71.1077
-71.091
-71.0742
-71.0574
-71.0405
-71.0236
-71.0067
-70.9897
-70.9727
-70.9557
-70.9387
-70.9216
-70.9045
-70.8874
-70.8702
-70.853
-70.8358
-70.8185
-70.8013
-70.784
-70.7667
-70.7493
-70.732
-70.7146
-70.6972
-70.6797
-70.6623
-70.6448
-70.6273
-70.6098
-70.5922
-70.5747
-70.5571
-70.3942
-70.1376
-69.8128
-69.4355
-69.0173
-68.5669
-68.0911
-67.5956
-67.0848
-66.5623
-66.0313
-65.4942
-64.9531
-64.4097
-63.8655
-63.3218
-62.7795
-62.2396
-61.7028
-61.1697
-60.6409
-60.1168
-59.5978
-59.0841
-58.5761
-58.0738
-57.5774
-57.0869
-56.6024
-56.1238
-55.6509
-55.1838
-54.7221
-54.2656
-53.8141
-53.3673
-52.9246
-52.4858
-52.0504
-51.6178
-51.1874
-50.7587
-50.3308
-49.9032
-49.475
-49.0453
-48.6131
-48.1775
-47.7374
-47.2915
-46.8385
-46.2866
-45.671
-45.0077
-44.3054
-43.569
-42.8011
-42.0026
-41.1731
-40.311
-39.4137
-38.4777
-37.4987
-36.4715
-35.3901
-34.2477
-33.0365
-31.748
-30.3728
-28.9005
-27.3204
-25.6208
-23.7899
-21.8162
-19.6888
-17.3984
-14.9385
-12.3069
-9.50701
-6.54992
-3.45595
-0.255804
3.00907
6.28737
9.51998
12.6435
15.5943
18.3139
20.7526
22.8741
24.6579
26.1
27.2115
28.0162
28.5461
28.8371
28.9257
28.8458
28.6272
28.2951
27.8702
27.3691
26.8048
26.1878
25.5262
24.8264
24.0939
23.3328
22.5468
21.7391
20.9123
20.0688
19.2107
18.3399
17.4581
16.5669
15.6678
14.7621
13.8509
12.9355
12.0169
11.0959
10.1736
9.25072
8.32798
7.40608
6.48565
5.56726
4.65141
3.73858
2.8292
1.92364
1.02226
0.125344
-0.766823
-1.654
-2.53599
-3.41259
-4.28366
-5.14906
-6.00868
-6.86242
-7.71022
-8.55202
-9.38779
-10.2175
-11.0412
-11.8587
-12.6703
-13.4759
-14.2755
-15.0692
-15.857
-16.6391
-17.4156
-18.1865
-18.952
-19.7122
-20.4672
-21.2173
-21.9625
-22.7031
-23.4394
-24.1714
-24.8996
-25.6241
-26.3452
-27.0634
-27.7789
-28.4921
-29.2033
-29.9132
-30.622
-31.3303
-32.0386
-32.7475
-33.4576
-34.1694
-34.8837
-35.601
-36.3222
-37.048
-37.779
-38.5161
-39.26
-40.0116
-40.7716
-41.5406
-42.3195
-43.1088
-43.9091
-44.7207
-45.544
-46.3789
-47.2254
-48.0829
-48.9505
-49.8271
-50.7109
-51.5998
-52.491
-53.3814
-54.267
-55.1437
-56.0068
-56.8513
-57.6721
-58.4642
-59.223
-59.9441
-60.624
-61.2597
-61.8496
-62.3925
-62.8886
-63.3387
-63.7443
-64.1078
-64.4317
-64.7192
-64.9734
-65.1974
-65.3945
-65.5676
-65.7197
-65.8533
-65.9708
-66.0744
-66.1659
-66.2472
-66.3195
-66.3843
-66.4425
-66.4953
-66.5433
-66.5873
-66.6279
-66.6656
-66.7009
-66.734
-66.7654
-66.7952
-66.8237
-66.8512
-66.8776
-66.9033
-66.9283
-66.9527
-66.9766
-67
-67.0231
-67.0458
-67.0683
-67.0905
-67.1125
-67.1343
-67.1559
-67.1774
-67.1988
-67.22
-67.2412
-67.2622
-67.2832
-67.304
-67.3248
-67.3455
-67.3662
-67.3868
-67.4073
-67.4278
-67.4482
-67.4685
-67.4888
-67.509
-67.5292
-67.5493
-67.5693
-67.5893
-67.6092
-67.6291
-67.6489
-67.6686
-67.6883
-67.7079
-67.7274
-67.7469
-67.7663
-67.7856
-67.8049
-67.8241
-67.8432
-67.8622
-67.8812
-67.9001
-67.9189
-67.9376
-67.9562
-67.9748
-67.9933
-68.0117
-68.03
-68.0482
-68.0663
-68.0844
-68.1023
-68.1202
-68.138
-68.1556
-68.1732
-68.1907
-68.2081
-68.2254
-68.2426
-68.2597
-68.2766
-68.2935
-68.3103
-68.327
-68.3436
-68.3601
-68.3764
-68.3927
-68.4089
-68.4249
-68.4409
-68.4567
-68.4724
-68.4881
-68.5036
-68.519
-68.5342
-68.5494
-68.5645
-68.5794
-68.5942
-68.609
-68.6236
-68.638
-68.6524
-68.6667
-68.6808
-68.6948
-68.7087
-68.7225
-68.7362
-68.7497
-68.7632
-68.7765
-68.7897
-68.8028
-68.8157
-68.8286
-68.8413
-68.8539
-68.8663
-68.8787
-68.8909
-68.903
-68.915
-68.9269
-68.9386
-68.9503
-68.9618
-68.9732
-68.9844
-68.9956
-69.0066
-69.0175
-69.0282
-69.0389
-69.0494
-69.0598
-69.0701
-69.0803
-69.0903
-69.1002
-69.11
-69.1197
-69.1293
-69.1387
-69.148
-69.1572
-69.1662
-69.1752
-69.184
-69.1927
-69.2013
-69.2097
-69.2181
-69.2263
-69.2344
-69.2424
-69.2502
-69.258
-69.2656
-69.2731
-69.2804
-69.2877
-69.2948
-69.3018
-69.3087
-69.3155
-69.3222
-69.3287
-69.3351
-69.3414
-69.3476
-69.3537
-69.3597
-69.3655
-69.3712
-69.3768
-69.3823
-69.3877
-69.3929
-69.3981
-69.4031
-69.408
-69.4128
-69.4175
-69.4221
-69.4265
-69.4309
-69.4351
-69.4392
-69.4432
-69.4471
-69.4509
-69.4545
-69.4581
-69.4616
-69.4649
-69.4681
-69.4712
-69.4742
-69.4771
-69.4799
-69.4826
-69.4852
-69.4877
-69.49
-69.4923
-69.354
-69.1272
-68.8374
-68.5003
-68.1271
-67.7264
-67.3048
-66.8674
-66.4185
-65.9615
-65.4991
-65.0336
-64.5668
-64.1002
-63.6351
-63.1725
-62.7135
-62.2586
-61.8085
-61.3638
-60.9249
-60.4921
-60.0658
-59.6461
-59.2334
-58.8276
-58.4289
-58.0375
-57.6533
-57.2762
-56.9064
-56.5438
-56.1882
-55.8396
-55.4978
-55.1628
-54.8344
-54.5123
-54.1965
-53.8867
-53.5827
-53.2844
-52.9913
-52.7035
-52.4204
-52.142
-51.8679
-51.5979
-51.3316
-51.0689
-50.8093
-50.5526
-50.2015
-49.7951
-49.3521
-48.8834
-48.3963
-47.8958
-47.3854
-46.8676
-46.3439
-45.8154
-45.2825
-44.7453
-44.2035
-43.6567
-43.1042
-42.5449
-41.9778
-41.4015
-40.8147
-40.2157
-39.6027
-38.9739
-38.3272
-37.6602
-36.9706
-36.2557
-35.5128
-34.7387
-33.9304
-33.0843
-32.1968
-31.2641
-30.282
-29.2464
-28.153
-26.9972
-25.7746
-24.481
-23.1121
-21.6643
-20.1345
-18.5203
-16.8207
-15.036
-13.1684
-11.2222
-9.2042
-7.12419
-4.9949
-2.83229
-0.655562
1.51306
3.64863
5.72396
7.71047
9.57925
11.3025
12.8552
14.217
15.3498
16.257
16.9444
17.4227
17.7072
17.8163
17.7701
17.5888
17.2916
16.8963
16.4185
15.8716
15.2672
14.6149
13.923
13.1982
12.446
11.6714
10.8783
10.0701
9.24967
8.41962
7.58207
6.73894
5.89186
5.0423
4.19154
3.3407
2.49079
1.64268
0.797143
-0.0451273
-0.883533
-1.71755
-2.54671
-3.37062
-4.18892
-5.00133
-5.80758
-6.60747
-7.40081
-8.18745
-8.96728
-9.7402
-10.5062
-11.2651
-12.017
-12.7618
-13.4996
-14.2304
-14.9542
-15.671
-16.381
-17.0842
-17.7807
-18.4706
-19.1539
-19.8309
-20.5016
-21.1662
-21.8248
-22.4776
-23.1247
-23.7664
-24.4029
-25.0342
-25.6608
-26.2827
-26.9003
-27.5138
-28.1235
-28.7297
-29.3328
-29.9329
-30.5306
-31.1261
-31.7198
-32.3122
-32.9037
-33.4947
-34.0856
-34.677
-35.2693
-35.863
-36.4587
-37.0569
-37.658
-38.2626
-38.8713
-39.4845
-40.1027
-40.7263
-41.3557
-41.9912
-42.6331
-43.2815
-43.9363
-44.5974
-45.2644
-45.9368
-46.6136
-47.2939
-47.9761
-48.6587
-49.3394
-50.0161
-50.6862
-51.3468
-51.9949
-52.6275
-53.2417
-53.8345
-54.4033
-54.9459
-55.4602
-55.945
-56.3993
-56.8227
-57.2153
-57.5777
-57.9107
-58.2155
-58.4938
-58.7472
-58.9773
-59.1862
-59.3755
-59.5472
-59.7029
-59.8442
-59.9728
-60.0899
-60.1969
-60.2951
-60.3853
-60.4686
-60.5458
-60.6177
-60.685
-60.7482
-60.8078
-60.8643
-60.9182
-60.9696
-61.0191
-61.0667
-61.1129
-61.1576
-61.2012
-61.2438
-61.2856
-61.3265
-61.3668
-61.4065
-61.4458
-61.4846
-61.523
-61.5611
-61.599
-61.6366
-61.674
-61.7112
-61.7483
-61.7852
-61.822
-61.8588
-61.8954
-61.932
-61.9686
-62.0051
-62.0415
-62.0779
-62.1143
-62.1506
-62.1869
-62.2232
-62.2595
-62.2957
-62.332
-62.3682
-62.4044
-62.4406
-62.4767
-62.5129
-62.549
-62.5851
-62.6212
-62.6572
-62.6933
-62.7293
-62.7652
-62.8012
-62.8371
-62.873
-62.9088
-62.9446
-62.9804
-63.0161
-63.0518
-63.0874
-63.123
-63.1585
-63.194
-63.2294
-63.2648
-63.3001
-63.3353
-63.3705
-63.4056
-63.4406
-63.4756
-63.5105
-63.5453
-63.5801
-63.6148
-63.6494
-63.6839
-63.7183
-63.7527
-63.7869
-63.8211
-63.8552
-63.8892
-63.9231
-63.9569
-63.9906
-64.0242
-64.0577
-64.0911
-64.1244
-64.1576
-64.1907
-64.2237
-64.2566
-64.2894
-64.322
-64.3546
-64.387
-64.4193
-64.4515
-64.4836
-64.5155
-64.5474
-64.4558
-64.2913
-64.0782
-63.831
-63.5596
-63.2711
-62.971
-62.6632
-62.3509
-62.0365
-61.7219
-61.4084
-61.0973
-60.7895
-60.4857
-60.1864
-59.8922
-59.6034
-59.3202
-59.0429
-58.7716
-58.5065
-58.2476
-57.9949
-57.7486
-57.5085
-57.2747
-57.0471
-56.8256
-56.6103
-56.4009
-56.1975
-56
-55.8082
-55.622
-55.4414
-55.2662
-55.0964
-54.9318
-54.7722
-54.6177
-54.468
-54.3231
-54.1829
-54.0472
-53.916
-53.7891
-53.6664
-53.5479
-53.4334
-53.3228
-53.2161
-53.1131
-53.0138
-52.9181
-52.8259
-52.737
-52.6516
-52.5693
-52.4903
-52.4143
-52.3414
-52.2715
-52.2045
-52.1404
-52.0791
-52.0205
-51.9646
-51.9113
-51.8607
-51.8126
-51.7669
-51.7238
-51.683
-51.6446
-51.6085
-51.5748
-51.5433
-51.514
-51.487
-51.4621
-51.4393
-51.4187
-51.4001
-51.3836
-51.3691
-51.3566
-51.3461
-51.3376
-51.331
-51.3263
-51.3235
-51.3226
-51.3236
-51.3264
-51.331
-51.3374
-51.3457
-51.3557
-51.3674
-51.3809
-51.3962
-51.4131
-51.4318
-51.4521
-51.4742
-51.4978
-51.5232
-51.5501
-51.5787
-51.6089
-51.6406
-51.6739
-51.7088
-51.7452
-51.7832
-51.8226
-51.8636
-51.9061
-51.95
-51.9953
-52.0421
-52.0904
-52.14
-52.191
-52.2433
-52.297
-52.3521
-52.4084
-52.4661

