-65
-64.9994
-64.9988
-64.9982
-64.9977
-64.9971
-64.9965
-64.996
-64.9954
-64.9949
-64.9943
-64.9938
-64.9932
-64.9927
-64.9922
-64.9917
-64.9912
-64.9906
-64.9901
-64.9896
-64.9891
-64.9886
-64.9881
-64.9876
-64.9872
-64.9867
-64.9862
-64.9857
-64.9852
-64.9848
-64.9843
-64.9838
-64.9834
-64.9829
-64.9825
-64.982
-64.9816
-64.9811
-64.9807
-64.9802
-64.9798
-64.9794
-64.9789
-64.9785
-64.9781
-64.9777
-64.9772
-64.9768
-64.9764
-64.976
-64.9756
-64.9752
-64.9748
-64.9744
-64.974
-64.9736
-64.9732
-64.9728
-64.9725
-64.9721
-64.9717
-64.9713
-64.971
-64.9706
-64.9702
-64.9699
-64.9695
-64.9692
-64.9688
-64.9685
-64.9681
-64.9678
-64.9675
-64.9671
-64.9668
-64.9665
-64.9661
-64.9658
-64.9655
-64.9652
-64.9649
-64.9646
-64.9642
-64.9639
-64.9636
-64.9633
-64.963
-64.9628
-64.9625
-64.9622
-64.9619
-64.9616
-64.9613
-64.9611
-64.9608
-64.9605
-64.9603
-64.96
-64.9598
-64.9595
-64.9592
-64.959
-64.9588
-64.9585
-64.9583
-64.958
-64.9578
-64.9576
-64.9573
-64.9571
-64.9569
-64.9567
-64.9565
-64.9562
-64.956
-64.9558
-64.9556
-64.9554
-64.9552
-64.955
-64.9548
-64.9546
-64.9545
-64.9543
-64.9541
-64.9539
-64.9537
-64.9536
-64.9534
-64.9532
-64.9531
-64.9529
-64.9527
-64.9526
-64.9524
-64.9523
-64.9521
-64.952
-64.9519
-64.9517
-64.9516
-64.9514
-64.9513
-64.9512
-64.9511
-64.9509
-64.9508
-64.9507
-64.9506
-64.9505
-64.9504
-64.9503
-64.9502
-64.95
-64.9499
-64.9499
-64.9498
-64.9497
-64.9496
-64.9495
-64.9494
-64.9493
-64.9492
-64.9492
-64.9491
-64.949
-64.9489
-64.9489
-64.9488
-64.9487
-64.9487
-64.9486
-64.9486
-64.9485
-64.9485
-64.9484
-64.9484
-64.9483
-64.9483
-64.9482
-64.9482
-64.9482
-64.9481
-64.9481
-64.9481
-64.948
-64.948
-64.948
-64.948
-64.948
-64.9479
-64.9479
-64.9479
-64.9479
-64.9479
-64.9479
-64.9479
-64.9479
-64.9479
-64.9479
-64.9479
-64.9479
-64.9479
-64.9479
-64.9479
-64.9479
-64.9479
-64.9479
-64.948
-64.948
-64.948
-64.948
-64.9481
-64.9481
-64.9481
-64.9481
-64.9482
-64.9482
-64.9482
-64.9483
-64.9483
-64.9483
-64.9484
-64.9484
-64.9485
-64.9485
-64.9486
-64.9486
-64.9487
-64.9487
-64.9488
-64.9488
-64.9489
-64.9489
-64.949
-64.9491
-64.9491
-64.9492
-64.9492
-64.9493
-64.9494
-64.9494
-64.9495
-64.9496
-64.9497
-64.9497
-64.9498
-64.9499
-64.95
-64.95
-64.9501
-64.9502
-64.9503
-64.9504
-64.9504
-64.9505
-64.9506
-64.9507
-64.9508
-64.9509
-64.951
-64.951
-64.9511
-64.9512
-64.9513
-64.9514
-64.9515
-64.9516
-64.9517
-64.9518
-64.9519
-64.952
-64.9521
-64.9522
-64.9523
-64.9524
-64.9525
-64.9526
-64.9527
-64.9528
-64.9529
-64.953
-64.9532
-64.9533
-64.9534
-64.9535
-64.9536
-64.9537
-64.9538
-64.9539
-64.954
-64.9542
-64.9543
-64.9544
-64.9545
-64.9546
-64.9547
-64.9548
-64.955
-64.9551
-64.9552
-64.9553
-64.9554
-64.9556
-64.9557
-64.9558
-64.9559
-64.956
-64.9562
-64.9563
-64.9564
-64.9565
-64.9566
-64.9568
-64.9569
-64.957
-64.9571
-64.9573
-64.9574
-64.9575
-64.9576
-64.9578
-64.9579
-64.958
-64.9581
-64.9583
-64.9584
-64.9585
-64.9587
-64.9588
-64.9589
-64.959
-64.9592
-64.9593
-64.9594
-64.9595
-64.9597
-64.9598
-64.9599
-64.96
-64.9602
-64.9603
-64.9604
-64.9606
-64.9607
-64.9608
-64.9609
-64.9611
-64.9612
-64.9613
-64.9614
-64.9616
-64.9617
-64.9618
-64.962
-64.9621
-64.9622
-64.9623
-64.9625
-64.9626
-64.9627
-64.9628
-64.963
-64.9631
-64.9632
-64.9633
-64.9635
-64.9636
-64.9637
-64.9638
-64.964
-64.9641
-64.9642
-64.9643
-64.9645
-64.9646
-64.9647
-64.9648
-64.9649
-64.9651
-64.9652
-64.9653
-64.9654
-64.9655
-64.9657
-64.9658
-64.9659
-64.966
-64.9661
-64.9663
-64.9664
-64.9665
-64.9666
-64.9667
-64.9668
-64.967
-64.9671
-64.9672
-64.9673
-64.9674
-64.9675
-64.9677
-64.9678
-64.9679
-64.968
-64.9681
-64.9682
-64.9683
-64.9684
-64.9685
-64.9687
-64.9688
-64.9689
-64.969
-64.9691
-64.9692
-64.9693
-64.9694
-64.9695
-64.9696
-64.9697
-64.9698
-64.9699
-64.97
-64.9701
-64.9702
-64.9703
-64.9704
-64.9705
-64.9706
-64.9707
-64.9708
-64.9709
-64.971
-64.9711
-64.9712
-64.9713
-64.9714
-64.9715
-64.9716
-64.9717
-64.9718
-64.9719
-64.972
-64.9721
-64.9722
-64.9722
-64.9723
-64.9724
-64.9725
-64.9726
-64.9727
-64.9728
-64.9729
-64.9729
-64.973
-64.9731
-64.9732
-64.9733
-64.9734
-64.9734
-64.9735
-64.9736
-64.9737
-64.9738
-64.9738
-64.9739
-64.974
-64.9741
-64.9741
-64.9742
-64.9743
-64.9744
-64.9744
-64.9745
-64.9746
-64.9747
-64.8401
-64.618
-64.3314
-63.9948
-63.6185
-63.2105
-62.7769
-62.3229
-61.8525
-61.369
-60.8751
-60.3731
-59.8647
-59.3514
-58.8345
-58.315
-57.7936
-57.2709
-56.7474
-56.2234
-55.6992
-55.1748
-54.6503
-54.1255
-53.6001
-53.0738
-52.5463
-52.0168
-51.4848
-50.9495
-50.4099
-49.8649
-49.3133
-48.7538
-48.1846
-47.6042
-47.0103
-46.4009
-45.7732
-45.1245
-44.4514
-43.7503
-43.0171
-42.2471
-41.4348
-40.5743
-39.6585
-38.6796
-37.6285
-36.495
-35.2671
-33.9316
-32.4731
-30.8745
-29.1164
-27.1777
-25.0351
-22.6646
-20.0044
-17.0583
-13.823
-10.2994
-6.49958
-2.4532
1.7872
6.14335
10.5127
14.775
18.8044
22.4845
25.7227
28.4608
30.6792
32.3943
33.65
34.507
35.0318
35.2887
35.3345
35.2158
34.9694
34.6233
34.1981
33.709
33.167
32.5804
31.9554
31.2966
30.6078
29.8923
29.1525
28.3908
27.6093
26.8097
25.9938
25.1632
24.3193
23.4636
22.5973
21.7216
20.8377
19.9467
19.0497
18.1475
17.2412
16.3315
15.4192
14.5052
13.5902
12.6747
11.7593
10.8448
9.93149
9.01996
8.11064
7.20394
6.30023
5.39985
4.50312
3.61032
2.72169
1.83747
0.957854
0.0830288
-0.786854
-1.65166
-2.51127
-3.36558
-4.21452
-5.05801
-5.89601
-6.72847
-7.55538
-8.37671
-9.19247
-10.0027
-10.8073
-11.6065
-12.4002
-13.1884
-13.9713
-14.7489
-15.5214
-16.2886
-17.0509
-17.8083
-18.5609
-19.3089
-20.0524
-20.7916
-21.5266
-22.2577
-22.9851
-23.709
-24.4297
-25.1475
-25.8626
-26.5755
-27.2864
-27.9958
-28.704
-29.4116
-30.119
-30.8267
-31.5353
-32.2453
-32.9574
-33.6723
-34.3906
-35.113
-35.8404
-36.5735
-37.313
-38.0599
-38.8148
-39.5788
-40.3524
-41.1366
-41.932
-42.7391
-43.5586
-44.3906
-45.2354
-46.0928
-46.9624
-47.8433
-48.7343
-49.6336
-50.5391
-51.4479
-52.3565
-53.2611
-54.1569
-55.0393
-55.9028
-56.7422
-57.5523
-58.328
-59.0648
-59.7592
-60.408
-61.0095
-61.5628
-62.0677
-62.5253
-62.9373
-63.306
-63.6342
-63.9251
-64.1818
-64.4078
-64.6063
-64.7804
-64.9331
-65.0669
-65.1845
-65.2879
-65.3792
-65.46
-65.5319
-65.5962
-65.6539
-65.7061
-65.7536
-65.7972
-65.8373
-65.8746
-65.9094
-65.9422
-65.9733
-66.0029
-66.0312
-66.0585
-66.0849
-66.1106
-66.1356
-66.16
-66.184
-66.2077
-66.231
-66.254
-66.2768
-66.2994
-66.3219
-66.3442
-66.3663
-66.3884
-66.4104
-66.4323
-66.4542
-66.476
-66.4977
-66.5195
-66.5411
-66.5628
-66.5844
-66.606
-66.6276
-66.6491
-66.6707
-66.6922
-66.7136
-66.7351
-66.7565
-66.7779
-66.7993
-66.8207
-66.842
-66.8633
-66.8846
-66.9058
-66.927
-66.9481
-66.9693
-66.9904
-67.0114
-67.0324
-67.0534
-67.0743
-67.0951
-67.116
-67.1367
-67.1574
-67.1781
-67.1987
-67.2192
-67.2397
-67.2601
-67.2805
-67.3008
-67.321
-67.3412
-67.3613
-67.3813
-67.4012
-67.4211
-67.4409
-67.4606
-67.4803
-67.4998
-67.5193
-67.5387
-67.558
-67.5773
-67.5964
-67.6155
-67.6345
-67.6533
-67.6721
-67.6908
-67.7094
-67.728
-67.7464
-67.7647
-67.7829
-67.8011
-67.8191
-67.837
-67.8549
-67.8726
-67.8902
-67.9078
-67.9252
-67.9425
-67.9597
-67.9768
-67.9938
-68.0107
-68.0275
-68.0442
-68.0608
-68.0772
-68.0936
-68.1098
-68.126
-68.142
-68.1579
-68.1737
-68.1893
-68.2049
-68.2203
-68.2357
-68.2509
-68.266
-68.281
-68.2959
-68.3106
-68.3252
-68.3398
-68.3541
-68.3684
-68.3826
-68.3966
-68.4106
-68.4244
-68.438
-68.4516
-68.4651
-68.4784
-68.4916
-68.5047
-68.5176
-68.5305
-68.5432
-68.5558
-68.5683
-68.5806
-68.5929
-68.605
-68.617
-68.6289
-68.6406
-68.6522
-68.6637
-68.6751
-68.6864
-68.6975
-68.7085
-68.7194
-68.7302
-68.7409
-68.7514
-68.7618
-68.7721
-68.7823
-68.7923
-68.8023
-68.8121
-68.8217
-68.8313
-68.8407
-68.8501
-68.8593
-68.8684
-68.8773
-68.8862
-68.8949
-68.9035
-68.912
-68.9203
-68.9286
-68.9367
-68.9447
-68.9526
-68.9603
-68.968
-68.9755
-68.9829
-68.9902
-68.9974
-69.0044
-69.0114
-69.0182
-69.0249
-69.0315
-69.038
-69.0443
-69.0506
-69.0567
-69.0627
-69.0686
-69.0744
-69.0801
-69.0856
-69.0911
-69.0964
-69.1016
-69.1067
-69.1117
-69.1166
-69.1213
-69.126
-69.1305
-69.135
-69.1393
-69.1435
-69.1476
-69.1516
-69.1555
-69.1592
-69.1629
-69.1665
-69.1699
-69.1733
-69.1765
-69.1796
-69.1826
-69.1855
-69.1883
-69.1911
-69.1936
-69.1961
-69.1985
-69.2008
-69.203
-69.2051
-69.207
-69.2089
-69.2107
-69.2124
-69.2139
-69.2154
-69.2168
-69.218
-69.2192
-69.2202
-69.2212
-69.2221
-69.2229
-69.2235
-69.2241
-69.2246
-69.225
-69.2253
-69.2254
-69.2255
-69.2255
-69.2254
-69.2253
-69.225
-69.2246
-69.2241
-69.2236
-69.2229
-69.2222
-69.2213
-69.2204
-69.2194
-69.2183
-69.2171
-69.2158
-69.2144
-69.213
-69.2114
-69.2098
-69.208
-69.2062
-69.2043
-69.2024
-69.2003
-69.1981
-69.1959
-69.1936
-69.1912
-69.1887
-69.1861
-69.1835
-69.1807
-69.1779
-69.175
-69.172
-69.169
-69.1659
-69.1626
-69.1593
-69.156
-69.1525
-69.149
-69.1454
-69.1417
-69.138
-69.1341
-69.1302
-69.1262
-69.1222
-69.1181
-69.1139
-69.1096
-69.1052
-69.1008
-69.0963
-69.0918
-69.0871
-69.0824
-69.0777
-69.0728
-69.0679
-69.0629
-69.0579
-69.0528
-69.0476
-69.0423
-69.037
-69.0317
-69.0262
-69.0207
-69.0151
-69.0095
-69.0038
-68.998
-68.9922
-68.9863
-68.9804
-68.9744
-68.9683
-68.9622
-68.956
-68.9497
-68.9434
-68.937
-68.9306
-68.9241
-68.9176
-68.911
-68.9043
-68.8976
-68.8908
-68.884
-68.8771
-68.8702
-68.8632
-68.8562
-68.8491
-68.842
-68.8348
-68.8275
-68.8202
-68.8129
-68.8055
-68.798
-68.7905
-68.783
-68.7754
-68.7677
-68.76
-68.7523
-68.7445
-68.7367
-68.7288
-68.7209
-68.7129
-68.7049
-68.6968
-68.6887
-68.6806
-68.6724
-68.6641
-68.6559
-68.6475
-68.6392
-68.6308
-68.6223
-68.6139
-68.6053
-68.5968
-68.5882
-68.5796
-68.5709
-68.5622
-68.5534
-68.5446
-68.5358
-68.5269
-68.518
-68.5091
-68.5002
-68.4912
-68.4821
-68.473
-68.4639
-68.4548
-68.4456
-68.4364
-68.4272
-68.4179
-68.4087
-68.3993
-68.39
-68.3806
-68.3712
-68.3617
-68.3523
-68.3428
-68.3332
-68.3237
-68.3141
-68.3045
-68.2948
-68.2852
-68.2755
-68.2658
-68.256
-68.2463
-68.2365
-68.2267
-68.2168
-68.207
-68.1971
-68.1872
-68.1773
-68.1673
-68.1574
-68.1474
-68.1373
-68.1273
-68.1173
-68.1072
-68.0971
-68.087
-68.0769
-68.0667
-68.0565
-68.0464
-68.0362
-68.0259
-68.0157
-68.0055
-67.9952
-67.9849
-67.9746
-67.9643
-67.954
-67.9436
-67.9333
-67.9229
-67.9126
-67.9022
-67.8918
-67.8813
-67.8709
-67.8605
-67.85
-67.8395
-67.8291
-67.8186
-67.8081
-67.7976
-67.7871
-67.7765
-67.766
-67.7555
-67.7449
-67.7344
-67.5838
-67.3427
-67.0351
-66.6763
-66.2771
-65.8459
-65.3892
-64.9124
-64.4198
-63.9148
-63.4004
-62.8789
-62.3524
-61.8223
-61.2902
-60.7572
-60.2241
-59.6918
-59.161
-58.6321
-58.1057
-57.582
-57.0612
-56.5436
-56.0292
-55.518
-55.01
-54.505
-54.0028
-53.5032
-53.0057
-52.5099
-52.0154
-51.5215
-51.0276
-50.5328
-50.0364
-49.5373
-49.0345
-48.5268
-48.0129
-47.4912
-46.9603
-46.4181
-45.8629
-45.2923
-44.7039
-44.095
-43.4625
-42.803
-42.1128
-41.3874
-40.6222
-39.8116
-38.9497
-38.0295
-37.0431
-35.9818
-34.8357
-33.5934
-32.2423
-30.7685
-29.1562
-27.3884
-25.4467
-23.312
-20.9649
-18.3871
-15.5633
-12.4836
-9.14671
-5.56416
-1.76425
2.20443
6.27148
10.3462
14.3233
18.0923
21.5495
24.6106
27.2192
29.3522
31.0182
32.2508
33.1005
33.6247
33.8808
33.9206
33.7883
33.5194
33.1419
32.677
32.1409
31.5455
30.9
30.2115
29.4853
28.7259
27.937
27.1217
26.2827
25.4224
24.5429
23.6463
22.7344
21.8089
20.8713
19.9233
18.9661
18.0011
17.0295
16.0524
15.071
14.0863
13.0991
12.1103
11.1208
10.1313
9.14253
8.15506
7.16951
6.1864
5.20623
4.22944
3.25643
2.28756
1.32315
0.363498
-0.591155
-1.54058
-2.48458
-3.423
-4.35569
-5.28255
-6.20347
-7.11838
-8.02724
-8.93
-9.82666
-10.7172
-11.6017
-12.4801
-13.3525
-14.2189
-15.0795
-15.9343
-16.7834
-17.627
-18.4652
-19.2981
-20.1259
-20.9488
-21.767
-22.5807
-23.3903
-24.1959
-24.9979
-25.7966
-26.5924
-27.3857
-28.1768
-28.9663
-29.7547
-30.5424
-31.3302
-32.1185
-32.9081
-33.6996
-34.4939
-35.2917
-36.0938
-36.9012
-37.7147
-38.5353
-39.3641
-40.2019
-41.0499
-41.909
-42.7802
-43.5908
-44.3745
-45.146
-45.913
-46.6798
-47.449
-48.2219
-48.9989
-49.7802
-50.5649
-51.3521
-52.1399
-52.9264
-53.7088
-54.484
-55.2485
-55.9983
-56.7291
-57.4362
-58.1153
-58.7617
-59.3714
-59.9406
-60.4665
-60.9467
-61.38
-61.766
-62.1052
-62.399
-62.6495
-62.8592
-63.0312
-63.1688
-63.2754
-63.3545
-63.4093
-63.443
-63.4586
-63.4586
-63.4455
-63.4216
-63.3885
-63.3481
-63.3018
-63.2508
-63.1961
-63.1387
-63.0794
-63.0187
-62.9573
-62.8955
-62.8338
-62.7725
-62.7118
-62.652
-62.5932
-62.5355
-62.4792
-62.4241
-62.3706
-62.3185
-62.2679
-62.2189
-62.1715
-62.1256
-62.0813
-62.0387
-61.9976
-61.958
-61.92
-61.8836
-61.8487
-61.8152
-61.7833
-61.7528
-61.7238
-61.6961
-61.6698
-61.645
-61.6214
-61.5991
-61.5782
-61.5585
-61.54
-61.5228
-61.5067
-61.4919
-61.4781
-61.4655
-61.454
-61.4435
-61.4341
-61.4258
-61.4184
-61.4121
-61.4067
-61.4022
-61.3987
-61.3961
-61.3944
-61.3935
-61.3935
-61.3944
-61.396
-61.3985
-61.4017
-61.4057
-61.4104
-61.4159
-61.4221
-61.429
-61.4365
-61.4447
-61.4536
-61.4631
-61.4733
-61.484
-61.4954
-61.5073
-61.5198
-61.5328
-61.5464
-61.5605
-61.5752
-61.5903
-61.6059
-61.622
-61.6386
-61.6556
-61.6731
-61.691
-61.7093
-61.7281
-61.7472
-61.7667
-61.7867
-61.8069
-61.8276
-61.8486
-61.87
-61.8916
-61.9136
-61.936
-61.9586
-61.9815
-62.0047
-62.0282
-62.052
-62.0761
-62.1004
-62.1249
-62.1497
-62.1747
-62.2
-62.2254
-62.2511
-62.277
-62.3031
-62.3294
-62.3558
-62.3825
-62.4093
-62.4363
-62.4634
-62.4907
-62.5182
-62.5457
-62.5735
-62.6013
-62.6293
-62.6574
-62.6856
-62.7139
-62.7424
-62.7709
-62.7995
-62.8282
-62.857
-62.8859
-62.9148
-62.9438
-62.9729
-63.0021
-63.0313
-63.0605
-63.0898
-63.1192
-63.1485
-63.178
-63.2074
-63.2369
-63.2664
-63.2959
-63.3255
-63.355
-63.3846
-63.4142
-63.4438
-63.4733
-63.5029
-63.5325
-63.562
-63.5916
-63.6211
-63.6506
-63.6801
-63.7096
-63.739
-63.7684
-63.7978
-63.8271
-63.8564
-63.8857
-63.9149
-63.9441
-63.9732
-64.0023
-64.0313
-64.0603
-64.0892
-64.1181
-64.1469
-64.1756
-64.2043
-64.2329
-64.2614
-64.2899
-64.1921
-64.0172
-63.7891
-63.5224
-63.2272
-62.911
-62.5795
-62.237
-61.8871
-61.5325
-61.1754
-60.8175
-60.4602
-60.1048
-59.752
-59.4027
-59.0574
-58.7168
-58.3811
-58.0507
-57.7259
-57.4069
-57.0938
-56.7868
-56.486
-56.1913
-55.9028
-55.6205
-55.3445
-55.0746
-54.8107
-54.5529
-54.301
-54.055
-53.8147
-53.58
-53.3508
-53.1269
-52.9083
-52.6948
-52.4862
-52.2825
-52.0834
-51.8889
-51.6987
-51.5127
-51.3309
-51.153
-50.9788
-50.8084
-50.6414
-50.4778
-50.3175
-50.1602
-50.0059
-49.8545
-49.7057
-49.5596
-49.4159
-49.2745
-49.1353
-48.9983
-48.8632
-48.73
-48.5986
-48.4689
-48.3407
-48.214
-48.0886
-47.9645
-47.8415
-47.7196
-47.5987
-47.4786
-47.3593
-47.2406
-47.1226
-47.005
-46.8879
-46.771
-46.6543
-46.5378
-46.4213
-46.3046
-46.1878
-46.0707
-45.9532
-45.8352
-45.7166
-45.5973
-45.4771
-45.356
-45.2338
-45.1103
-44.9855
-44.8592
-44.7313
-44.6016
-44.4699
-44.3361
-44.1999
-44.0613
-43.92
-43.7757
-43.6284
-43.4776
-43.3233
-43.1651
-43.0027
-42.8358
-42.6641
-42.4873
-42.3051
-42.1169
-41.9224
-41.7211
-41.5126
-41.2964
-41.0718
-40.8384
-40.5953
-40.342
-40.0778
-39.8017
-39.513
-39.2106
-38.8937
-38.561
-38.2114
-37.8436
-37.4563
-37.0479
-36.6168
-36.1612
-35.6793
-35.1691
-34.6282
-34.0544
-33.4451
-32.7976
-32.1091
-31.3763
-30.5962
-29.7653
-28.8802
-27.9373
-26.933
-25.864
-24.7269
-23.5189
-22.2377
-20.8817
-19.4507
-17.9458
-16.3701
-14.7291
-13.0313
-11.2881
-9.5149
-7.73038
-5.95677
-4.21896
-2.54349
-0.957116
0.514801
1.84994
3.03036
4.04348
4.88241
5.54577
6.03708
6.36384
6.53643
6.5671
6.46904
6.25563
5.93987
5.53407
5.04955
4.49661
3.88447
3.22132
2.5144
1.77007
0.993923
0.190872
-0.634787
-1.47928
-2.33928
-3.21187
-4.0945
-4.9849
-5.88108
-6.78128
-7.68398
-8.5878
-9.49156
-10.3942
-11.2948
-12.1927
-13.087
-13.9772
-14.8629
-15.7435
-16.6188
-17.4884
-18.352
-19.2096
-20.061
-20.9062
-21.745
-22.5775
-23.4037
-24.2238
-25.0379
-25.846
-26.6485
-27.4455
-28.2373
-28.9748
-29.68
-30.3629
-31.0292
-31.6823
-32.3246
-32.9579
-33.5265
-34.0576
-34.5638
-35.0521
-35.527
-35.9916
-36.4479
-36.8976
-37.3419
-37.7819
-38.2184
-38.6522
-39.084
-39.5145
-39.9441
-40.3735
-40.8032
-41.2336
-41.6654
-42.0988
-42.5344
-42.9724
-43.4131
-43.8569
-44.3037
-44.7537
-45.2068
-45.6628
-46.1214
-46.5821
-47.0442
-47.5068
-47.9688
-48.4289
-48.8855
-49.337
-49.7813
-50.2164
-50.6403
-51.0506
-51.4453
-51.8224
-52.1799
-52.5165
-52.8307
-53.1218
-53.3891
-53.6326
-53.8525
-54.0493
-54.2238
-54.3772
-54.5107
-54.6257
-54.7237
-54.8061
-54.8746
-54.9304
-54.9751
-55.01
-55.0362
-55.055
-55.0674
-55.0743
-55.0766
-55.075
-55.0702
-55.0628
-55.0534
-55.0424
-55.0303
-55.0172
-55.0037
-54.9899
-54.9761
-54.9625
-54.9492
-54.9364
-54.9242
-54.9127
-54.9021
-54.8923
-54.8834
-54.8756
-54.8687
-54.863
-54.8583
-54.8548
-54.8523
-54.8511
-54.8509
-54.8519
-54.854
-54.8573
-54.8616
-54.8671
-54.8738
-54.8815
-54.8903
-54.9002
-54.9111
-54.9231
-54.9362
-54.9502
-54.9653
-54.9813
-54.9983
-55.0163
-55.0352
-55.055
-55.0757
-55.0973
-55.1198
-55.1431
-55.1673
-55.1922
-55.218
-55.2446
-55.2719
-55.3
-55.3289
-55.3585
-55.3887
-55.4197
-55.4514
-55.4837
-55.5167
-55.5503
-55.5845
-55.6193
-55.6547
-55.6908
-55.7273
-55.7645
-55.8021
-55.8403
-55.879
-55.9182
-55.9579
-55.9981
-56.0388
-56.0799
-56.1214
-56.1634
-56.2058
-56.2486
-56.2918
-56.3353
-56.3793
-56.4236
-56.4683
-56.5133
-56.5586
-56.6043
-56.6503
-56.6965
-56.7431
-56.79
-56.8371
-56.8845
-56.9321
-56.98
-57.0282
-57.0765
-57.1251
-57.1739
-57.2229
-57.2721
-57.3215
-57.3711
-57.4208
-57.4707
-57.5207
-57.5709
-57.6213
-57.6718
-57.7224
-57.7731
-57.8239
-57.8749
-57.9259
-57.9771
-58.0283
-58.0796
-58.131
-58.1824
-58.2339
-58.2855
-58.3371
-58.3887
-58.4404
-58.4922
-58.5439
-58.5957
-58.6475
-58.6993
-58.7511
-58.8029
-58.8547
-58.9065
-58.9583
-59.0101
-59.0618
-59.1136
-59.1653
-59.2169
-59.2685
-59.3201
-59.3716
-59.4231
-59.4745
-59.5259
-59.5772
-59.6284
-59.6796
-59.7306
-59.7816
-59.8326
-59.8834
-59.9342
-59.9848
-60.0354
-60.0859
-60.1362
-60.1865
-60.2367
-60.2867
-60.3367
-60.3865
-60.4362
-60.4858
-60.5353
-60.5846
-60.6338
-60.6829
-60.7319
-60.7807
-60.8294
-60.8779
-60.9264
-60.9746
-61.0227
-61.0707
-61.1186
-61.1662
-61.2138
-61.2612
-61.3084
-61.3554
-61.4023
-61.4491
-61.4957
-61.5421
-61.5884
-61.6344
-61.6804
-61.7261
-61.7717
-61.8171
-61.8624
-61.9074
-61.9523
-61.997
-62.0416
-62.0859
-62.1301
-62.1741
-62.2179
-62.2615
-62.305
-62.3483
-62.3913
-62.4342
-62.4769
-62.5194
-62.5618
-62.6039
-62.6459
-62.6876
-62.7292
-62.7706
-62.8117
-62.8527
-62.8935
-62.9341
-62.9745
-63.0147
-63.0548
-63.0946
-63.1342
-63.1736
-63.2128
-63.2519
-63.2907
-63.3293
-63.3678
-63.406
-63.444
-63.4819
-63.5195
-63.5569
-63.5942
-63.6312
-63.668
-63.7046
-63.7411
-63.7773
-63.8133
-63.8491
-63.8848
-63.9202
-63.9554
-63.9904
-64.0252
-64.0598
-64.0942
-64.1284
-64.1624
-64.1962
-64.2298
-64.2632
-64.2964
-64.3294
-64.3622
-64.3948
-64.4272
-64.4594
-64.4914
-64.5232
-64.5547
-64.5861
-64.6173
-64.6483
-64.6791
-64.7097
-64.74
-64.7702
-64.8002
-64.83
-64.8596
-64.889
-64.9182
-64.9471
-64.9759
-65.0045
-65.0329
-65.0611
-65.0891
-65.1169
-65.1446
-65.172
-65.1992
-65.2262
-65.2531
-65.2797
-65.3062
-65.3324
-65.3585
-65.3843
-65.41
-65.4355
-65.4608
-65.4859
-65.5108
-65.5355
-65.5601
-65.5844
-65.6086
-65.6325
-65.6563
-65.6799
-65.7033
-65.7265
-65.7495
-65.7724
-65.7951
-65.8175
-65.8398
-65.8619
-65.8839
-65.9056
-65.9272
-65.9485
-65.9697
-65.9907
-66.0116
-66.0322
-66.0527
-66.073
-66.0931
-66.1131
-66.1329
-66.1525
-66.1719
-66.1911
-66.2102
-66.2291
-66.2478
-66.2663
-66.2847
-66.3029
-66.3209
-66.3388
-66.3565
-66.374
-66.3913
-66.4085
-66.4255
-66.4424
-66.4591
-66.4756
-66.4919
-66.5081
-66.5241
-66.54
-66.5557
-66.5712
-66.5866
-66.6018
-66.6168
-66.6317
-66.6465
-66.661
-66.6754
-66.6897
-66.7038
-66.7177
-66.7315
-66.7451
-66.7586
-66.7719
-66.7851
-66.7981
-66.811
-66.8237
-66.8363
-66.8487
-66.8609
-66.873
-66.885
-66.8968
-66.9085
-66.92
-66.9314
-66.9426
-66.9537
-66.9647
-66.9755
-66.9861
-66.9967
-67.007
-67.0173
-67.0274
-67.0373
-67.0472
-67.0568
-67.0664
-67.0758
-67.0851
-67.0942
-67.1032
-67.1121
-67.1208
-67.1294
-67.1379
-67.1462
-67.1544
-67.1625
-67.1704
-67.1782
-67.1859
-67.1935
-67.2009
-67.2082
-67.2154
-67.2225
-67.2294
-67.2362
-67.2429
-67.2495
-67.2559
-67.2622
-67.2684
-67.2745
-67.2805
-67.2863
-67.292
-67.2976
-67.3031
-67.3085
-67.3138
-67.3189
-67.3239
-67.3288
-67.3337
-67.3383
-67.3429
-67.3474
-67.3517
-67.356
-67.3601
-67.3642
-67.3681
-67.3719
-67.3756
-67.3792
-67.3827
-67.3861
-67.3894
-67.3925
-67.3956
-67.3986
-67.4015
-67.4042
-67.4069
-67.4095
-67.412
-67.4143
-67.4166
-67.4188
-67.4209
-67.4229
-67.4247
-67.4265
-67.4282
-67.4298
-67.4314
-67.4328
-67.4341
-67.4353
-67.4365
-67.4376
-67.4385
-67.4394
-67.4402
-67.4409
-67.4415
-67.442
-67.4425
-67.4428
-67.4431
-67.4433
-67.4434
-67.4434
-67.4433
-67.4432
-67.443
-67.4427
-67.4423
-67.4418
-67.4412
-67.4406
-67.4399
-67.4391
-67.4383
-67.4373
-67.4363
-67.4352
-67.4341
-67.4329
-67.4315
-67.4302
-67.4287
-67.4272
-67.4256
-67.4239
-67.4222
-67.4204
-67.4185
-67.4166
-67.4145
-67.4125
-67.4103
-67.4081
-67.4058
-67.4035
-67.4011
-67.3986
-67.3961
-67.3935
-67.3908
-67.3881
-67.3853
-67.3824
-67.3795
-67.3766
-67.3735
-67.3704
-67.3673
-67.3641
-67.3608
-67.3575
-67.3541
-67.3507
-67.3472
-67.3437
-67.3401
-67.3364
-67.3327
-67.329
-67.3251
-67.1825
-66.95
-66.6519
-66.3033
-65.9149
-65.4951
-65.0503
-64.5858
-64.1059
-63.614
-63.1129
-62.6051
-62.0925
-61.5767
-61.0589
-60.5405
-60.0222
-59.5049
-58.9893
-58.4758
-57.9649
-57.457
-56.9524
-56.4511
-55.9533
-55.4591
-54.9685
-54.4813
-53.9974
-53.5166
-53.0386
-52.5631
-52.0896
-51.6177
-51.1469
-50.6765
-50.2058
-49.7341
-49.2605
-48.784
-48.3036
-47.8182
-47.3264
-46.8268
-46.318
-45.7982
-45.2656
-44.718
-44.1532
-43.5688
-42.9619
-42.3293
-41.6677
-40.9732
-40.2415
-39.4677
-38.6465
-37.7717
-36.8366
-35.8334
-34.7535
-33.5873
-32.324
-30.9517
-29.4571
-27.8258
-26.0424
-24.0908
-21.9542
-19.6169
-17.0647
-14.287
-11.2791
-8.04526
-4.6017
-0.980124
2.77003
6.58081
10.3679
14.0358
17.4867
20.6308
23.3965
25.7384
27.64
29.1123
30.1876
30.9114
31.3351
31.5092
31.4798
31.2862
30.9606
30.5287
30.0104
29.4209
28.7723
28.0735
27.3319
26.5532
25.742
24.9024
24.0376
23.1506
22.244
21.32
20.381
19.4287
18.465
17.4915
16.5098
15.5212
14.5272
13.5288
12.5273
11.5237
10.519
9.51399
8.50956
7.50646
6.50536
5.50688
4.51159
3.52
2.53258
1.54973
0.571819
-0.400821
-1.36791
-2.32919
-3.28446
-4.23353
-5.17624
-6.11247
-7.04212
-7.96511
-8.88139
-9.79093
-10.6937
-11.5897
-12.4791
-13.3617
-14.2377
-15.1071
-15.97
-16.8266
-17.6769
-18.5211
-19.3594
-20.1918
-21.0187
-21.8401
-22.6564
-23.4677
-24.2744
-25.0767
-25.875
-26.6696
-27.4609
-28.2493
-29.0352
-29.8192
-30.6016
-31.3832
-32.1644
-32.946
-33.7284
-34.5126
-35.2991
-36.0889
-36.8826
-37.6812
-38.4855
-39.2965
-40.1151
-40.9422
-41.7788
-42.6258
-43.4841
-44.3545
-45.238
-46.135
-47.0463
-47.9722
-48.9127
-49.8679
-50.8373
-51.8199
-52.8145
-53.8193
-54.8318
-55.849
-56.8671
-57.8818
-58.888
-59.8803
-60.8526
-61.7987
-62.7123
-63.5874
-64.4185
-65.2008
-65.9306
-66.6053
-67.2234
-67.7848
-68.2905
-68.7425
-69.1436
-69.4973
-69.8073
-70.0778
-70.3126
-70.516
-70.6915
-70.8426
-70.9727
-71.0845
-71.1807
-71.2634
-71.3347
-71.3962
-71.4493
-71.4954
-71.5356
-71.5706
-71.6013
-71.6284
-71.6524
-71.6738
-71.6929
-71.7101
-71.7257
-71.74
-71.753
-71.765
-71.7762
-71.7866
-71.7964
-71.8056
-71.8144
-71.8227
-71.8306
-71.8383
-71.8456
-71.8527
-71.8596
-71.8662
-71.8727
-71.8791
-71.8852
-71.8913
-71.8972
-71.903
-71.9086
-71.9142
-71.9197
-71.925
-71.9303
-71.9355
-71.9406
-71.9457
-71.9506
-71.9555
-71.9602
-71.9649
-71.9696
-71.9741
-71.9786
-71.9829
-71.9873
-71.9915
-71.9956
-71.9997
-72.0037
-72.0076
-72.0115
-72.0152
-72.0189
-72.0225
-72.026
-72.0295
-72.0328
-72.0361
-72.0393
-72.0424
-72.0454
-72.0483
-72.0512
-72.054
-72.0566
-72.0592
-72.0617
-72.0642
-72.0665
-72.0687
-72.0709
-72.073
-72.0749
-72.0768
-72.0786
-72.0803
-72.0819
-72.0834
-72.0849
-72.0862
-72.0874
-72.0886
-72.0896
-72.0906
-72.0915
-72.0922
-72.0929
-72.0935
-72.094
-72.0944
-72.0947
-72.0949
-72.095
-72.095
-72.0949
-72.0947
-72.0944
-72.094
-72.0935
-72.093
-72.0923
-72.0915
-72.0906
-72.0897
-72.0886
-72.0874
-72.0862
-72.0848
-72.0833
-72.0818
-72.0801
-72.0784
-72.0765
-72.0746
-72.0725
-72.0704
-72.0681
-72.0658
-72.0633
-72.0608
-72.0581
-72.0554
-72.0525
-72.0496
-72.0466
-72.0434
-72.0402
-72.0369
-72.0334
-72.0299
-72.0263
-72.0226
-72.0188
-72.0148
-72.0108
-72.0067
-72.0025
-71.9982
-71.9938
-71.9893
-71.9847
-71.98
-71.9753
-71.9704
-71.9654
-71.9604
-71.9552
-71.9499
-71.9446
-71.9392
-71.9336
-71.928
-71.9223
-71.9165
-71.9106
-71.9046
-71.8985
-71.8923
-71.886
-71.8796
-71.8732
-71.8666
-71.86
-71.8533
-71.8465
-71.8396
-71.8326
-71.8255
-71.8183
-71.811
-71.8037
-71.7963
-71.7887
-71.7811
-71.7734
-71.7657
-71.7578
-71.7499
-71.7418
-71.7337
-71.7255
-71.7172
-71.7088
-71.7004
-71.6919
-71.6832
-71.6745
-71.6658
-71.6569
-71.648
-71.6389
-71.6298
-71.6207
-71.6114
-71.6021
-71.5927
-71.5832
-71.5736
-71.5639
-71.5542
-71.5444
-71.5346
-71.5246
-71.5146
-71.5045
-71.4943
-71.4841
-71.4738
-71.4634
-71.4529
-71.4424
-71.4318
-71.4211
-71.4103
-71.3995
-71.3886
-71.3777
-71.3667
-71.3556
-71.3444
-71.3332
-71.3219
-71.3106
-71.2992
-71.2877
-71.2761
-71.2645
-71.2528
-71.2411
-71.2293
-71.2174
-71.2055
-71.1935
-71.1815
-71.1693
-71.1572
-71.1449
-71.1327
-71.1203
-71.1079
-71.0955
-71.0829
-71.0704
-71.0577
-71.045
-71.0323
-71.0195
-71.0067
-70.9938
-70.9808
-70.9678
-70.9547
-70.9416
-70.9285
-70.9152
-70.902
-70.8887
-70.8753
-70.8619
-70.8484
-70.8349
-70.8214
-70.8078
-70.7941
-70.7804
-70.7667
-70.7529
-70.7391
-70.7252
-70.7113
-70.6973
-70.6833
-70.6693
-70.6552
-70.6411
-70.6269
-70.6127
-70.5985
-70.5842
-70.5699
-70.5555
-70.5411
-70.5267
-70.5122
-70.4977
-70.4832
-70.4686
-70.454
-70.4393
-70.4246
-70.4099
-70.3952
-70.3804
-70.3656
-70.3507
-70.3359
-70.321
-70.306
-70.2911
-70.2761
-70.261
-70.246
-70.2309
-70.2158
-70.2007
-70.1855
-70.1703
-70.1551
-70.1399
-70.1246
-70.1093
-70.094
-70.0787
-70.0633
-70.0479
-70.0325
-70.0171
-70.0017
-69.9862
-69.9707
-69.9552
-69.9397
-69.9242
-69.9086
-69.893
-69.8774
-69.8618
-69.8462
-69.8305
-69.8149
-69.7992
-69.7835
-69.7678
-69.7521
-69.7363
-69.7206
-69.7048
-69.689
-69.6732
-69.6574
-69.6416
-69.6258
-69.61
-69.5941
-69.5783
-69.5624
-69.5465
-69.5306
-69.5147
-69.4988
-69.4829
-69.467
-69.4511
-69.4352
-69.4192
-69.4033
-69.3874
-69.3714
-69.3555
-69.3395
-69.3235
-69.3076
-69.2916
-69.2756
-69.2597
-69.2437
-69.2277
-69.2117
-69.1957
-69.1798
-69.0209
-68.7698
-68.451
-68.0802
-67.6685
-67.2244
-66.7547
-66.2649
-65.7593
-65.2416
-64.7147
-64.1811
-63.6428
-63.1015
-62.5586
-62.0154
-61.4727
-60.9316
-60.3927
-59.8565
-59.3236
-58.7944
-58.2691
-57.7481
-57.2313
-56.7191
-56.2113
-55.7079
-55.2089
-54.714
-54.2231
-53.7359
-53.2519
-52.7709
-52.2922
-51.8154
-51.3399
-50.8648
-50.3895
-49.913
-49.4345
-48.9528
-48.4669
-47.9753
-47.4768
-46.9698
-46.4525
-45.9232
-45.3798
-44.8199
-44.2411
-43.6407
-43.0154
-42.3619
-41.6762
-40.9542
-40.1909
-39.3809
-38.518
-37.5954
-36.6054
-35.539
-34.3865
-33.1368
-31.7776
-30.2951
-28.6742
-26.8987
-24.9512
-22.8138
-20.4689
-17.9003
-15.0953
-12.0469
-8.75676
-5.23914
-1.52403
2.33998
6.28499
10.2258
14.0653
17.7031
21.0454
24.0156
26.5616
28.6599
30.3152
31.5551
32.4231
32.9709
33.2512
33.3131
33.1992
32.9448
32.5778
32.12
31.5881
30.9948
30.3496
29.6602
28.9322
28.1705
27.3789
26.5607
25.7187
24.8555
23.9732
23.0739
22.1595
21.2317
20.2922
19.3424
18.3838
17.4177
16.4452
15.4675
14.4858
13.5009
12.5139
11.5256
10.5367
9.54803
8.56025
7.57398
6.58979
5.60819
4.62966
3.65463
2.68348
1.71656
0.754174
-0.203397
-1.15591
-2.10317
-3.04498
-3.98118
-4.91166
-5.83631
-6.75504
-7.66779
-8.57451
-9.47519
-10.3698
-11.2584
-12.141
-13.0176
-13.8882
-14.753
-15.6121
-16.4654
-17.3133
-18.1557
-18.9928
-19.8248
-20.652
-21.4744
-22.2923
-23.106
-23.9157
-24.7217
-25.5244
-26.3241
-27.1213
-27.9162
-28.7094
-29.5015
-30.2928
-31.084
-31.8757
-32.6686
-33.4633
-34.2607
-35.0615
-35.8666
-36.6768
-37.493
-38.3163
-39.1476
-39.988
-40.8384
-41.7
-42.5736
-43.4604
-44.3613
-45.277
-46.2084
-47.156
-48.1201
-49.1009
-50.0981
-51.1109
-52.1383
-53.1786
-54.2294
-55.2876
-56.3495
-57.4105
-58.4652
-59.5078
-60.5317
-61.5301
-62.4958
-63.4222
-64.3029
-65.1325
-65.9064
-66.6217
-67.2764
-67.8703
-68.4042
-68.8804
-69.3018
-69.6722
-69.9958
-70.277
-70.5203
-70.73
-70.9102
-71.0648
-71.1972
-71.3105
-71.4075
-71.4905
-71.5616
-71.6227
-71.6753
-71.7207
-71.76
-71.7942
-71.824
-71.8502
-71.8733
-71.8937
-71.9119
-71.9283
-71.943
-71.9564
-71.9686
-71.9798
-71.9902
-71.9999
-72.0089
-72.0175
-72.0255
-72.0331
-72.0404
-72.0474
-72.0541
-72.0605
-72.0668
-72.0728
-72.0787
-72.0844
-72.09
-72.0954
-72.1008
-72.106
-72.1111
-72.1161
-72.121
-72.1258
-72.1305
-72.1351
-72.1397
-72.1441
-72.1485
-72.1528
-72.1571
-72.1612
-72.1653
-72.1693
-72.1732
-72.1771
-72.1808
-72.1845
-72.1881
-72.1917
-72.1951
-72.1985
-72.2018
-72.205
-72.2082
-72.2113
-72.2143
-72.2172
-72.22
-72.2227
-72.2254
-72.228
-72.2305
-72.2329
-72.2352
-72.2375
-72.2396
-72.2417
-72.2437
-72.2456
-72.2474
-72.2492
-72.2508
-72.2524
-72.2538
-72.2552
-72.2565
-72.2577
-72.2588
-72.2598
-72.2607
-72.2616
-72.2623
-72.2629
-72.2635
-72.264
-72.2643
-72.2646
-72.2648
-72.2649
-72.2649
-72.2648
-72.2646
-72.2643
-72.2639
-72.2634
-72.2628
-72.2622
-72.2614
-72.2605
-72.2596
-72.2585
-72.2574
-72.2561
-72.2548
-72.2533
-72.2518
-72.2501
-72.2484
-72.2466
-72.2446
-72.2426
-72.2405
-72.2382
-72.2359
-72.2335
-72.231
-72.2284
-72.2256
-72.2228
-72.2199
-72.2169
-72.2138
-72.2106
-72.2073
-72.2039
-72.2004
-72.1969
-72.1932
-72.1894
-72.1855
-72.1815
-72.1775
-72.1733
-72.169
-72.1647
-72.1602
-72.1556
-72.151
-72.1463
-72.1414
-72.1365
-72.1314
-72.1263
-72.1211
-72.1158
-72.1104
-72.1049
-72.0993
-72.0936
-72.0878
-72.0819
-72.076
-72.0699
-72.0637
-72.0575
-72.0512
-72.0447
-72.0382
-72.0316
-72.0249
-72.0181
-72.0112
-72.0042
-71.9972
-71.99
-71.9828
-71.9755
-71.968
-71.9605
-71.953
-71.9453
-71.9375
-71.9297
-71.9217
-71.7682
-71.5229
-71.2122
-70.8526
-70.4559
-70.0307
-69.5841
-69.1215
-68.6473
-68.165
-67.6775
-67.1872
-66.696
-66.2054
-65.717
-65.2317
-64.7504
-64.274
-63.8032
-63.3384
-62.8801
-62.4288
-61.9847
-61.548
-61.119
-60.6978
-60.2846
-59.8794
-59.4822
-59.0931
-58.7121
-58.3391
-57.974
-57.6169
-57.2675
-56.9257
-56.5915
-56.2646
-55.945
-55.6323
-55.3265
-55.0274
-54.7347
-54.4483
-54.1678
-53.8932
-53.6241
-53.3603
-53.1016
-52.8478
-52.5985
-52.3535
-52.1127
-51.8756
-51.6422
-51.412
-51.1849
-50.9606
-50.7388
-50.5193
-50.3017
-50.0859
-49.8715
-49.6583
-49.446
-49.2343
-49.023
-48.8117
-48.6001
-48.388
-48.175
-47.9608
-47.7451
-47.5276
-47.3078
-47.0855
-46.8602
-46.6315
-46.3991
-46.1625
-45.9212
-45.6748
-45.4226
-45.1642
-44.899
-44.6264
-44.3455
-44.0559
-43.7566
-43.4468
-43.1256
-42.792
-42.445
-42.0834
-41.706
-41.3114
-40.8981
-40.4645
-40.0088
-39.5291
-39.0233
-38.4892
-37.9241
-37.3254
-36.69
-36.0148
-35.2961
-34.5302
-33.7128
-32.8396
-31.9058
-30.9062
-29.8355
-28.6882
-27.4584
-26.1405
-24.7289
-23.2182
-21.6038
-19.882
-18.0503
-16.1084
-14.0584
-11.9051
-9.65754
-7.32863
-4.93614
-2.50274
-0.0559328
2.3724
4.74697
7.03047
9.18548
11.1767
12.973
14.5503
15.8921
16.9913
17.8492
18.4748
18.8833
19.0935
19.1265
19.0038
18.746
18.3723
17.8997
17.3432
16.7156
16.0278
15.2891
14.5074
13.6893
12.8403
11.9654
11.0686
10.1535
9.22325
8.28048
7.32759
6.36671
5.39968
4.42816
3.45362
2.47738
1.50059
0.52429
-0.4506
-1.42326
-2.39298
-3.35912
-4.32112
-5.27848
-6.2308
-7.1777
-8.11888
-9.05406
-9.98303
-10.9056
-11.8217
-12.7311
-13.6338
-14.5298
-15.419
-16.3015
-17.1773
-18.0464
-18.9089
-19.765
-20.6148
-21.4584
-22.2961
-23.1279
-23.9542
-24.7753
-25.5913
-26.4026
-27.2095
-28.0125
-28.8119
-29.6081
-30.4016
-31.193
-31.9827
-32.7713
-33.5595
-34.3478
-35.137
-35.9278
-36.7208
-37.517
-38.3171
-39.1219
-39.9323
-40.7492
-41.5734
-42.4059
-43.2474
-44.0988
-44.9608
-45.8343
-46.7198
-47.6178
-48.5287
-49.4527
-50.3897
-51.3393
-52.3009
-53.2735
-54.2555
-55.2451
-56.2398
-57.2365
-58.2317
-59.2214
-60.2007
-61.1648
-62.1082
-63.0255
-63.9109
-64.7594
-65.566
-66.3266
-67.0378
-67.6973
-68.3037
-68.8569
-69.3575
-69.8073
-70.2087
-70.5646
-70.8785
-71.1539
-71.3945
-71.6039
-71.7857
-71.943
-72.079
-72.1964
-72.2976
-72.3849
-72.4602
-72.5251
-72.5812
-72.6297
-72.6717
-72.7081
-72.7398
-72.7674
-72.7916
-72.8128
-72.8314
-72.8479
-72.8625
-72.8754
-72.887
-72.8974
-72.9068
-72.9152
-72.9229
-72.9298
-72.9362
-72.9421
-72.9474
-72.9524
-72.957
-72.9613
-72.9653
-72.9691
-72.9726
-72.9759
-72.979
-72.9819
-72.9846
-72.9872
-72.9896
-72.9919
-72.9941
-72.9961
-72.998
-72.9998
-73.0015
-73.0031
-73.0045
-73.0059
-73.0072
-73.0084
-73.0094
-73.0104
-73.0113
-73.0121
-73.0128
-73.0134
-73.0139
-73.0143
-73.0146
-73.0149
-73.015
-73.0151
-73.015
-73.0149
-73.0147
-73.0144
-73.014
-73.0135
-73.0129
-73.0122
-73.0115
-73.0106
-73.0096
-73.0086
-73.0075
-73.0062
-73.0049
-73.0035
-73.002
-73.0004
-72.9987
-72.9969
-72.995
-72.993
-72.9909
-72.9888
-72.9865
-72.9842
-72.9817
-72.9791
-72.9765
-72.9738
-72.9709
-72.968
-72.965
-72.9618
-72.9586
-72.9553
-72.9519
-72.9484
-72.9448
-72.9411
-72.9373
-72.9334
-72.9294
-72.9253
-72.9211
-72.9169
-72.9125
-72.908
-72.9035
-72.8988
-72.894
-72.8892
-72.8842
-72.8792
-72.874
-72.8688
-72.8635
-72.858
-72.8525
-72.8469
-72.8412
-72.8353
-72.8294
-72.8234
-72.8173
-72.8111
-72.8048
-72.7985
-72.792
-72.7854
-72.7787
-72.772
-72.7651
-72.7582
-72.7511
-72.744
-72.7368
-72.7295
-72.722
-72.7145
-72.7069
-72.6993
-72.6915
-72.6836
-72.6756
-72.6676
-72.6594
-72.6512
-72.6429
-72.6345
-72.626
-72.6174
-72.6087
-72.5999
-72.5911
-72.5821
-72.5731
-72.5639
-72.5547
-72.5454
-72.5361
-72.5266
-72.517
-72.5074
-72.4977
-72.4879
-72.478
-72.468
-72.4579
-72.4478
-72.4375
-72.4272
-72.4168
-72.4064
-72.3958
-72.3852
-72.3744
-72.3636
-72.3528
-72.3418
-72.3308
-72.3196
-72.3084
-72.2972
-72.2858
-72.2744
-72.2629
-72.2513
-72.2396
-72.2279
-72.2161
-72.2042
-72.1922
-72.1802
-72.1681
-72.1559
-72.1437
-72.1313
-72.119
-72.1065
-72.0939
-72.0813
-72.0687
-72.0559
-72.0431
-72.0302
-72.0173
-72.0042
-71.9912
-71.978
-71.9648
-71.9515
-71.9382
-71.9247
-71.9113
-71.8977
-71.8841
-71.8704
-71.8567
-71.8429
-71.8291
-71.8151
-71.8012
-71.7871
-71.773
-71.7589
-71.7447
-71.7304
-71.7161
-71.7017
-71.6873
-71.6728
-71.6582
-71.6436
-71.6289
-71.6142
-71.5994
-71.5846
-71.5697
-71.5548
-71.5398
-71.5248
-71.5097
-71.4946
-71.4794
-71.4642
-71.4489
-71.4336
-71.4182
-71.4028
-71.3873
-71.3718
-71.3563
-71.3407
-71.325
-71.3093
-71.2936
-71.2778
-71.262
-71.2461
-71.2302
-71.2143
-71.1983
-71.1823
-71.1662
-71.1501
-71.134
-71.1178
-71.1016
-71.0853
-71.069
-71.0527
-71.0364
-71.02
-71.0035
-70.9871
-70.9706
-70.954
-70.9375
-70.9209
-70.9043
-70.8876
-70.8709
-70.8542
-70.8375
-70.8207
-70.8039
-70.787
-70.7702
-70.7533
-70.7364
-70.7194
-70.7025
-70.6855
-70.6685
-70.6514
-70.6344
-70.6173
-70.6002
-70.5831
-70.5659
-70.5487
-70.5315
-70.5143
-70.4971
-70.4798
-70.4626
-70.4453
-70.428
-70.4106
-70.3933
-70.3759
-70.3585
-70.3411
-70.3237
-70.3063
-70.2889
-70.2714
-70.254
-70.2365
-70.219
-70.2015
-70.184
-70.1664
-70.1489
-70.1314
-70.1138
-70.0962
-70.0786
-70.0611
-70.0435
-70.0259
-70.0083
-69.9906
-69.973
-69.9554
-69.9377
-69.9201
-69.9025
-69.8848
-69.8672
-69.8495
-69.8318
-69.8142
-69.7965
-69.7788
-69.7612
-69.7435
-69.7258
-69.7081
-69.6905
-69.6728
-69.6551
-69.6374
-69.6198
-69.6021
-69.5844
-69.5667
-69.5491
-69.5314
-69.5138
-69.4961
-69.4784
-69.4608
-69.4432
-69.4255
-69.4079
-69.3903
-69.3726
-69.355
-69.3374
-69.3198
-69.3022
-69.2847
-69.2671
-69.2495
-69.232
-69.2144
-69.1969
-69.1793
-69.1618
-69.1443
-69.1268
-69.1093
-69.0919
-69.0744
-69.0569
-69.0395
-69.0221
-69.0047
-68.9873
-68.9699
-68.9525
-68.9352
-68.9178
-68.9005
-68.8832
-68.8659
-68.8486
-68.8313
-68.8141
-68.7968
-68.7796
-68.7624
-68.7452
-68.7281
-68.7109
-68.6938
-68.6767
-68.6596
-68.6425
-68.6254
-68.6084
-68.5914
-68.5744
-68.5574
-68.5405
-68.5235
-68.5066
-68.4897
-68.4728
-68.456
-68.4392
-68.4224
-68.4056
-68.3888
-68.3721
-68.3554
-68.3387
-68.322
-68.3053
-68.2887
-68.2721
-68.2555
-68.239
-68.2225
-68.206
-68.1895
-68.173
-68.1566
-68.1402
-68.1238
-68.1075
-68.0911
-68.0748
-68.0586
-68.0423
-68.0261
-68.0099
-67.9938
-67.9776
-67.9615
-67.9454
-67.9294
-67.9134
-67.8974
-67.8814
-67.8655
-67.8496
-67.8337
-67.8178
-67.802
-67.7862
-67.7705
-67.7547
-67.739
-67.7233
-67.7077
-67.6921
-67.6765
-67.661
-67.6454
-67.6299
-67.6145
-67.5991
-67.5837
-67.5683
-67.553
-67.5377
-67.5224
-67.5072
-67.492
-67.4768
-67.4617
-67.4466
-67.4315
-67.4165
-67.4015
-67.3865
-67.3716
-67.3567
-67.3418
-67.3269
-67.3121
-67.2974
-67.2826
-67.2679
-67.2533
-67.2386
-67.224
-67.2095
-67.1949
-67.1804
-67.166
-67.1516
-67.1372
-67.1228
-67.1085
-67.0942
-67.08
-67.0658
-67.0516
-67.0374
-67.0233
-67.0093
-66.9952
-66.9812
-66.9673
-66.9534
-66.9395
-66.9257
-66.9118
-66.8981
-66.8843
-66.8706
-66.857
-66.8434
-66.8298
-66.8162
-66.8027
-66.7892
-66.7758
-66.7624
-66.749
-66.7357
-66.7224
-66.7092
-66.696
-66.6828
-66.6696
-66.6565
-66.6435
-66.6305
-66.6175
-66.6045
-66.5916
-66.5788
-66.5659
-66.5532
-66.5404
-66.5277
-66.515
-66.5024
-66.4898
-66.4773
-66.4648
-66.4523
-66.4399
-66.4275
-66.4151
-66.4028
-66.3906
-66.3783
-66.3661
-66.354
-66.3419
-66.3298
-66.3178
-66.3058
-66.2938
-66.2819
-66.27
-66.2582
-66.2464
-66.2347
-66.2229
-66.2113
-66.1996
-66.1881
-66.1765
-66.165
-66.1535
-66.1421
-66.1307
-66.1194
-66.1081
-66.0968
-66.0856
-66.0744
-66.0633
-66.0522
-66.0411
-66.0301
-66.0191
-66.0082
-65.9973
-65.9865
-65.9757
-65.9649
-65.9542
-65.9436
-65.9329
-65.9223
-65.9118
-65.9013
-65.8908
-65.8804
-65.87
-65.8597
-65.8494
-65.8391
-65.8289
-65.8187
-65.8086
-65.7985
-65.7885
-65.7785
-65.7685
-65.7586
-65.7487
-65.7389
-65.7291
-65.7193
-65.7096
-65.7
-65.6903
-65.6808
-65.6712
-65.6617
-65.6523
-65.6429
-65.6335
-65.6242
-65.6149
-65.6057
-65.5965
-65.5873
-65.5782
-65.5692
-65.5602
-65.5512
-65.5422
-65.5334
-65.5245
-65.5157
-65.507
-65.4983
-65.4896
-65.481
-65.4724
-65.4639
-65.4554
-65.4469
-65.4385
-65.4302
-65.4219
-65.4136
-65.4053
-65.3972
-65.389
-65.3809
-65.3729
-65.3648
-65.3569
-65.3489
-65.3411
-65.3332
-65.3254
-65.3177
-65.31
-65.3023
-65.2947
-65.2871
-65.2795
-65.272
-65.2646
-65.2572
-65.2498
-65.2425
-65.2352
-65.228
-65.2208
-65.2137
-65.2066
-65.1995
-65.1925
-65.1855
-65.1786
-65.1717
-65.1649
-65.1581
-65.1513
-65.1446
-65.1379
-65.1313
-65.1247
-65.1182
-65.1117
-65.1053
-65.0989
-65.0925
-65.0862
-65.0799
-65.0737
-65.0675
-65.0614
-65.0553
-65.0493
-65.0433
-65.0373
-65.0314
-65.0255
-65.0197
-65.0139
-65.0082
-65.0025
-64.9969
-64.9913
-64.9857
-64.9802
-64.9747
-64.9693
-64.9639
-64.9586
-64.9533
-64.948
-64.9428
-64.9377
-64.9325
-64.9275
-64.9224
-64.9174
-64.9125
-64.9076
-64.9027
-64.8979
-64.8931
-64.8883
-64.8837
-64.879
-64.8744
-64.8698
-64.8653
-64.8608
-64.8563
-64.8519
-64.8476
-64.8433
-64.839
-64.8347
-64.8306
-64.8264
-64.8223
-64.8182
-64.8142
-64.8102
-64.8063
-64.8024
-64.7985
-64.7947
-64.7909
-64.7872
-64.7835
-64.7798
-64.7762
-64.7726
-64.7691
-64.7656
-64.7622
-64.7588
-64.7554
-64.7521
-64.7488
-64.7455
-64.7423
-64.7392
-64.736
-64.7329
-64.7299
-64.7269
-64.7239
-64.721
-64.7181
-64.7153
-64.7125
-64.7097
-64.707
-64.7043
-64.7017
-64.699
-64.6965
-64.6939
-64.6915
-64.689
-64.6866
-64.6842
-64.6819
-64.6796
-64.6773
-64.6751
-64.6729
-64.6708
-64.6687
-64.6666
-64.6646
-64.6626
-64.6606
-64.6587
-64.6568
-64.655
-64.6532
-64.6514
-64.6497
-64.648
-64.6463
-64.6447
-64.6431
-64.6415
-64.64
-64.6385
-64.6371
-64.6357
-64.6343
-64.633
-64.6317
-64.6304
-64.6292
-64.628
-64.6268
-64.6257
-64.6246
-64.6235
-64.6225
-64.6215
-64.6205
-64.6196
-64.6187
-64.6178
-64.617
-64.6162
-64.6154
-64.6147
-64.614
-64.6133
-64.6127
-64.6121
-64.6115
-64.611
-64.6104
-64.61
-64.6095
-64.6091
-64.6087
-64.6083
-64.608
-64.6077
-64.6074
-64.6072
-64.607
-64.6068
-64.6067
-64.6065
-64.6064
-64.6064
-64.6063
-64.6063
-64.6063
-64.6064
-64.6064
-64.6065
-64.6067
-64.6068
-64.607
-64.6072
-64.6074
-64.6077
-64.608
-64.6083
-64.6086
-64.609
-64.6094
-64.6098
-64.6102
-64.6107
-64.6111
-64.6117
-64.6122
-64.6127
-64.6133
-64.6139
-64.6145
-64.6152
-64.6158
-64.6165
-64.6172
-64.618
-64.6187
-64.6195
-64.6203
-64.6211
-64.622
-64.6228
-64.6237
-64.6246
-64.6255
-64.6265
-64.6274
-64.6284
-64.6294
-64.6304
-64.6315
-64.6325
-64.6336
-64.6347
-64.6358
-64.6369
-64.6381
-64.6392
-64.6404
-64.6416
-64.6428
-64.644
-64.6453
-64.6465
-64.6478
-64.6491
-64.6504
-64.6517
-64.6531
-64.6544
-64.6558
-64.6572
-64.6586
-64.66
-64.6614
-64.6628
-64.5303
-64.3106
-64.0268
-63.6932
-63.3201
-62.9153
-62.4852
-62.0346
-61.5676
-61.0875
-60.5971
-60.0984
-59.5933
-59.0832
-58.5694
-58.0528
-57.5342
-57.0141
-56.4931
-55.9714
-55.4492
-54.9265
-54.4035
-53.8798
-53.3553
-52.8295
-52.3021
-51.7723
-51.2395
-50.7029
-50.1614
-49.614
-49.0593
-48.496
-47.9223
-47.3364
-46.7362
-46.1193
-45.483
-44.8244
-44.14
-43.426
-42.6781
-41.8913
-41.06
-40.1778
-39.2375
-38.2307
-37.1479
-35.9784
-34.7098
-33.328
-31.8172
-30.1593
-28.3346
-26.321
-24.0954
-21.6333
-18.9112
-15.9082
-12.6092
-9.00943
-5.12001
-0.973542
3.37087
7.82552
12.2771
16.5953
20.6473
24.3143
27.507
30.1747
32.3082
33.9342
35.105
35.8867
36.3482
36.5538
36.5586
36.4071
36.1339
35.7648
35.3187
34.8098
34.2479
33.6407
32.9939
32.3118
31.598
30.8555
30.0868
29.2941
28.4794
27.6447
26.7917
25.922
25.0371
24.1384
23.2275
22.3055
21.3738
20.4334
19.4856
18.5314
17.5718
16.6077
15.64
14.6696
13.6973
12.7238
11.7498
10.7758
9.80263
8.83068
7.8605
6.89256
5.92726
4.96502
4.00617
3.05105
2.09992
1.15306
0.210692
-0.726988
-1.6598
-2.58759
-3.51023
-4.42761
-5.33965
-6.24627
-7.14744
-8.0431
-8.93325
-9.81788
-10.697
-11.5706
-12.4388
-13.3017
-14.1592
-15.0114
-15.8585
-16.7006
-17.5378
-18.3702
-19.198
-20.0214
-20.8405
-21.6556
-22.4669
-23.2748
-24.0793
-24.881
-25.6802
-26.4771
-27.2723
-28.0661
-28.8592
-29.6519
-30.445
-31.2389
-32.0345
-32.8323
-33.6331
-34.4379
-35.2473
-36.0625
-36.8842
-37.7136
-38.5516
-39.3993
-40.2579
-41.1284
-42.0119
-42.9096
-43.8224
-44.7514
-45.6972
-46.6606
-47.6421
-48.6417
-49.6592
-50.694
-51.7449
-52.81
-53.8869
-54.9723
-56.0621
-57.1512
-58.2338
-59.3035
-60.353
-61.3749
-62.3617
-63.3059
-64.201
-65.0412
-65.822
-66.5405
-67.1951
-67.7859
-68.3143
-68.783
-69.1955
-69.5561
-69.8695
-70.1404
-70.3736
-70.5736
-70.7448
-70.8909
-71.0156
-71.1219
-71.2125
-71.29
-71.3562
-71.413
-71.4618
-71.5039
-71.5403
-71.5721
-71.5998
-71.6242
-71.6458
-71.6649
-71.6821
-71.6976
-71.7117
-71.7245
-71.7363
-71.7473
-71.7575
-71.767
-71.776
-71.7846
-71.7927
-71.8005
-71.8079
-71.8152
-71.8221
-71.8289
-71.8355
-71.8419
-71.8482
-71.8543
-71.8603
-71.8662
-71.872
-71.8777
-71.8833
-71.8888
-71.8943
-71.8996
-71.9049
-71.9101
-71.9153
-71.9203
-71.9253
-71.9302
-71.9351
-71.9399
-71.9446
-71.9492
-71.9538
-71.9583
-71.9627
-71.9671
-71.9714
-71.9756
-71.9798
-71.9838
-71.9879
-71.9918
-71.9957
-71.9994
-72.0032
-72.0068
-72.0104
-72.0138
-72.0172
-72.0206
-72.0238
-72.027
-72.0301
-72.0331
-72.036
-72.0389
-72.0416
-72.0443
-72.0469
-72.0494
-72.0519
-72.0542
-72.0565
-72.0587
-72.0607
-72.0627
-72.0647
-72.0665
-72.0682
-72.0699
-72.0714
-72.0729
-72.0743
-72.0755
-72.0767
-72.0778
-72.0789
-72.0798
-72.0806
-72.0813
-72.082
-72.0825
-72.083
-72.0833
-72.0836
-72.0838
-72.0838
-72.0838
-72.0837
-72.0835
-72.0832
-72.0828
-72.0823
-72.0817
-72.081
-72.0802
-72.0793
-72.0783
-72.0773
-72.0761
-72.0748
-72.0734
-72.072
-72.0704
-72.0688
-72.067
-72.0651
-72.0632
-72.0611
-72.059
-72.0568
-72.0544
-72.052
-72.0494
-72.0468
-72.0441
-72.0413
-72.0383
-72.0353
-72.0322
-72.029
-72.0257
-72.0222
-72.0187
-72.0151
-72.0114
-72.0076
-72.0038
-71.9998
-71.9957
-71.9915
-71.9872
-71.9829
-71.9784
-71.9738
-71.9692
-71.82
-71.5806
-71.2777
-70.9279
-70.5427
-70.1309
-69.6995
-69.2536
-68.7977
-68.3351
-67.8685
-67.4003
-66.9323
-66.4659
-66.0025
-65.5431
-65.0884
-64.6393
-64.1963
-63.7599
-63.3304
-62.9083
-62.4937
-62.087
-61.6881
-61.2974
-60.9147
-60.5402
-60.174
-59.8159
-59.466
-59.1242
-58.7904
-58.4645
-58.1465
-57.8362
-57.5336
-57.2383
-56.9504

