-65
-64.9994
-64.9988
-64.9982
-64.9977
-64.9971
-64.9965
-64.996
-64.9954
-64.9949
-64.9943
-64.9938
-64.9932
-64.9927
-64.9922
-64.9917
-64.9912
-64.9906
-64.9901
-64.9896
-64.9891
-64.9886
-64.9881
-64.9876
-64.9872
-64.9867
-64.9862
-64.9857
-64.9852
-64.9848
-64.9843
-64.9838
-64.9834
-64.9829
-64.9825
-64.982
-64.9816
-64.9811
-64.9807
-64.9802
-64.9798
-64.9794
-64.9789
-64.9785
-64.9781
-64.9777
-64.9772
-64.9768
-64.9764
-64.976
-64.9756
-64.9752
-64.9748
-64.9744
-64.974
-64.9736
-64.9732
-64.9728
-64.9725
-64.9721
-64.9717
-64.9713
-64.971
-64.9706
-64.9702
-64.9699
-64.9695
-64.9692
-64.9688
-64.9685
-64.9681
-64.9678
-64.9675
-64.9671
-64.9668
-64.9665
-64.9661
-64.9658
-64.9655
-64.9652
-64.9649
-64.9646
-64.9642
-64.9639
-64.9636
-64.9633
-64.963
-64.9628
-64.9625
-64.9622
-64.9619
-64.9616
-64.9613
-64.9611
-64.9608
-64.9605
-64.9603
-64.96
-64.9598
-64.9595
-64.9592
-64.959
-64.9588
-64.9585
-64.9583
-64.958
-64.9578
-64.9576
-64.9573
-64.9571
-64.9569
-64.9567
-64.9565
-64.9562
-64.956
-64.9558
-64.9556
-64.9554
-64.9552
-64.955
-64.9548
-64.9546
-64.9545
-64.9543
-64.9541
-64.9539
-64.9537
-64.9536
-64.9534
-64.9532
-64.9531
-64.9529
-64.9527
-64.9526
-64.9524
-64.9523
-64.9521
-64.952
-64.9519
-64.9517
-64.9516
-64.9514
-64.9513
-64.9512
-64.9511
-64.9509
-64.9508
-64.9507
-64.9506
-64.9505
-64.9504
-64.9503
-64.9502
-64.95
-64.9499
-64.9499
-64.9498
-64.9497
-64.9496
-64.9495
-64.9494
-64.9493
-64.9492
-64.9492
-64.9491
-64.949
-64.9489
-64.9489
-64.9488
-64.9487
-64.9487
-64.9486
-64.9486
-64.9485
-64.9485
-64.9484
-64.9484
-64.9483
-64.9483
-64.9482
-64.9482
-64.9482
-64.9481
-64.9481
-64.9481
-64.948
-64.948
-64.948
-64.948
-64.948
-64.9479
-64.9479
-64.9479
-64.9479
-64.9479
-64.9479
-64.9479
-64.9479
-64.9479
-64.9479
-64.9479
-64.9479
-64.9479
-64.9479
-64.9479
-64.9479
-64.9479
-64.9479
-64.948
-64.948
-64.948
-64.948
-64.9481
-64.9481
-64.9481
-64.9481
-64.9482
-64.9482
-64.9482
-64.9483
-64.9483
-64.9483
-64.9484
-64.9484
-64.9485
-64.9485
-64.9486
-64.9486
-64.9487
-64.9487
-64.9488
-64.9488
-64.9489
-64.9489
-64.949
-64.9491
-64.9491
-64.9492
-64.9492
-64.9493
-64.9494
-64.9494
-64.9495
-64.9496
-64.9497
-64.9497
-64.9498
-64.9499
-64.95
-64.95
-64.9501
-64.9502
-64.9503
-64.9504
-64.9504
-64.9505
-64.9506
-64.9507
-64.9508
-64.9509
-64.951
-64.951
-64.9511
-64.9512
-64.9513
-64.9514
-64.9515
-64.9516
-64.9517
-64.9518
-64.9519
-64.952
-64.9521
-64.9522
-64.9523
-64.9524
-64.9525
-64.9526
-64.9527
-64.9528
-64.9529
-64.953
-64.9532
-64.9533
-64.9534
-64.9535
-64.9536
-64.9537
-64.9538
-64.9539
-64.954
-64.9542
-64.9543
-64.9544
-64.9545
-64.9546
-64.9547
-64.9548
-64.955
-64.9551
-64.9552
-64.9553
-64.9554
-64.9556
-64.9557
-64.9558
-64.9559
-64.956
-64.9562
-64.9563
-64.9564
-64.9565
-64.9566
-64.9568
-64.9569
-64.957
-64.9571
-64.9573
-64.9574
-64.9575
-64.9576
-64.9578
-64.9579
-64.958
-64.9581
-64.9583
-64.9584
-64.9585
-64.9587
-64.9588
-64.9589
-64.959
-64.9592
-64.9593
-64.9594
-64.9595
-64.9597
-64.9598
-64.9599
-64.96
-64.9602
-64.9603
-64.9604
-64.9606
-64.9607
-64.9608
-64.9609
-64.9611
-64.9612
-64.9613
-64.9614
-64.9616
-64.9617
-64.9618
-64.962
-64.9621
-64.9622
-64.9623
-64.9625
-64.9626
-64.9627
-64.9628
-64.963
-64.9631
-64.9632
-64.9633
-64.9635
-64.9636
-64.9637
-64.9638
-64.964
-64.9641
-64.9642
-64.9643
-64.9645
-64.9646
-64.9647
-64.9648
-64.9649
-64.9651
-64.9652
-64.9653
-64.9654
-64.9655
-64.9657
-64.9658
-64.9659
-64.966
-64.9661
-64.9663
-64.9664
-64.9665
-64.9666
-64.9667
-64.9668
-64.8324
-64.6103
-64.3238
-63.8558
-63.2654
-62.5852
-61.8375
-61.0388
-60.2019
-59.3372
-58.4528
-57.5552
-56.6496
-55.7399
-54.8292
-53.9197
-53.0132
-52.1105
-51.2121
-50.3181
-49.4278
-48.5405
-47.6548
-46.7689
-45.8805
-44.9871
-44.0854
-43.1719
-42.2423
-41.2919
-40.3151
-39.3058
-38.257
-37.1609
-36.0085
-34.79
-33.494
-32.1081
-30.6183
-29.0093
-27.2641
-25.3646
-23.2917
-21.0259
-18.5486
-15.8432
-12.8979
-9.70822
-6.28078
-2.6371
1.18321
5.12067
9.09706
13.0198
16.7896
20.31
23.4976
26.2893
28.648
30.564
32.0526
33.149
33.9016
34.3638
34.5883
34.6226
34.5065
34.2719
33.9437
33.5402
33.0752
32.5591
31.9992
31.3595
30.6724
29.9521
29.2058
28.438
27.6519
26.8498
26.0337
25.2052
24.3659
23.517
22.6598
21.7956
20.9253
20.0501
19.1707
18.2882
17.4034
16.5169
15.6297
14.7422
13.8552
12.9692
12.0848
11.2024
10.3226
9.44561
8.57196
7.70196
6.83592
5.97413
5.11685
4.2643
3.4167
2.57422
1.73703
0.90526
0.0790367
-0.741539
-1.55638
-2.36542
-3.1686
-3.96587
-4.75721
-5.5426
-6.32202
-7.09548
-7.863
-8.62457
-9.38025
-10.13
-10.874
-11.6122
-12.3447
-13.0715
-13.7927
-14.5084
-15.2187
-15.9236
-16.6233
-17.3178
-18.0073
-18.6919
-19.3717
-20.047
-20.7177
-21.3841
-22.0464
-22.7048
-23.3594
-24.0105
-24.6584
-25.3033
-25.9454
-26.5851
-27.2227
-27.8586
-28.493
-29.1265
-29.7594
-30.3921
-31.0251
-31.6589
-32.2941
-32.9311
-33.5706
-34.2131
-34.8591
-35.5094
-36.1646
-36.8252
-37.4918
-38.1652
-38.8458
-39.5341
-40.2306
-40.9356
-41.6493
-42.3719
-43.1031
-43.8426
-44.5898
-45.3439
-46.1034
-46.8668
-47.632
-48.3967
-49.1579
-49.9127
-50.6576
-51.3889
-52.1031
-52.7965
-53.4655
-54.1071
-54.7185
-55.2975
-55.8423
-56.352
-56.8261
-57.2646
-57.6684
-58.0384
-58.3761
-58.6833
-58.962
-59.2142
-59.4421
-59.6478
-59.8335
-60.001
-60.1523
-60.2892
-60.4133
-60.526
-60.6288
-60.7227
-60.809
-60.8885
-60.9621
-61.0306
-61.0946
-61.1548
-61.2115
-61.2653
-61.3165
-61.3655
-61.4126
-61.4581
-61.5021
-61.5448
-61.5865
-61.6272
-61.6672
-61.7064
-61.745
-61.7831
-61.8208
-61.8581
-61.895
-61.9317
-61.9681
-62.0043
-62.0403
-62.0762
-62.112
-62.1476
-62.1831
-62.2186
-62.254
-62.2893
-62.3246
-62.3599
-62.3951
-62.4303
-62.4655
-62.5006
-62.5357
-62.5708
-62.6059
-62.641
-62.6761
-62.7111
-62.7461
-62.7812
-62.8162
-62.8512
-62.8861
-62.9211
-62.956
-62.9909
-63.0258
-63.0607
-63.0955
-63.1303
-63.1651
-63.1999
-63.2346
-63.2693
-63.3039
-63.3385
-63.3731
-63.4076
-63.442
-63.4765
-63.5108
-63.5451
-63.5794
-63.6136
-63.6477
-63.6818
-63.7158
-63.7498
-63.7837
-63.8175
-63.8512
-63.8849
-63.9185
-63.952
-63.9854
-64.0188
-64.052
-64.0852
-64.1183
-64.1513
-64.1842
-64.2171
-64.2498
-64.2824
-64.315
-64.3474
-64.3798
-64.412
-64.4442
-64.4762
-64.5082
-64.54
-64.5717
-64.6033
-64.6348
-64.6662
-64.6975
-64.7287
-64.7597
-64.7907
-64.8215
-64.8522
-64.8828
-64.9132
-64.9436
-64.9738
-65.0039
-65.0338
-65.0637
-65.0934
-65.123
-65.1524
-65.1818
-65.211
-65.24
-65.269
-65.2978
-65.3265
-65.355
-65.3834
-65.4117
-65.4398
-65.4678
-65.4957
-65.5234
-65.551
-65.5785
-65.6058
-65.6329
-65.66
-65.6869
-65.7136
-65.7402
-65.7667
-65.793
-65.8192
-65.8453
-65.8712
-65.8969
-65.9225
-65.948
-65.9733
-65.9985
-66.0235
-66.0484
-66.0731
-66.0977
-66.1222
-66.1465
-66.1706
-66.1946
-66.2185
-66.2422
-66.2658
-66.2892
-66.3125
-66.3356
-66.3586
-66.3814
-66.4041
-66.4266
-66.449
-66.4712
-66.4933
-66.5153
-66.5371
-66.5587
-66.5802
-66.6016
-66.6228
-66.6438
-66.6647
-66.6855
-66.7061
-66.7265
-66.7468
-66.767
-66.787
-66.8069
-66.8266
-66.8462
-66.8656
-66.8849
-66.904
-66.7903
-66.5945
-66.2107
-65.7063
-65.1183
-64.4709
-63.7818
-63.0645
-62.3291
-61.5838
-60.8348
-60.087
-59.3442
-58.6094
-57.8848
-57.1722
-56.473
-55.7881
-55.1183
-54.4639
-53.8252
-53.2024
-52.5953
-52.0038
-51.4277
-50.8666
-50.3201
-49.7876
-49.2687
-48.7626
-48.2689
-47.7867
-47.3154
-46.8543
-46.4025
-45.9593
-45.5238
-45.0953
-44.6729
-44.2558
-43.843
-43.4339
-43.0274
-42.6227
-42.219
-41.8153
-41.4107
-41.0044
-40.5953
-40.1827
-39.7654
-39.3426
-38.9132
-38.4763
-38.0308
-37.5755
-37.1095
-36.6315
-36.1404
-35.6349
-35.1138
-34.5757
-34.0191
-33.4428
-32.8451
-32.2246
-31.5796
-30.9085
-30.2096
-29.4812
-28.7214
-27.9286
-27.1009
-26.2367
-25.3343
-24.3921
-23.4086
-22.3826
-21.3129
-20.1989
-19.0401
-17.8365
-16.5886
-15.2974
-13.9648
-12.5934
-11.1865
-9.74876
-8.2859
-6.80498
-5.31461
-3.82508
-2.34848
-0.898787
0.508291
1.85559
3.12509
4.29878
5.35977
6.29341
7.08839
7.73747
8.23783
8.59099
8.8022
8.87974
8.83394
8.67629
8.41872
8.07292
7.64999
7.16011
6.61249
6.01531
5.37573
4.70003
3.99366
3.26135
2.5072
1.73478
0.947218
0.147215
-0.662845
-1.48087
-2.30503
-3.13369
-3.96542
-4.79897
-5.63321
-6.46714
-7.29991
-8.13073
-8.95893
-9.78391
-10.6052
-11.4222
-12.2347
-13.0422
-13.8445
-14.6414
-15.4326
-16.2179
-16.9974
-17.7707
-18.538
-19.2991
-20.054
-20.8028
-21.5455
-22.2822
-23.0129
-23.7377
-24.4568
-25.1703
-25.8784
-26.5812
-27.2791
-27.9722
-28.6607
-29.345
-30.0253
-30.7019
-31.3752
-32.0456
-32.7134
-33.379
-34.0428
-34.7054
-35.367
-36.0283
-36.6898
-37.3518
-38.0151
-38.6801
-39.3474
-40.0176
-40.6913
-41.369
-42.0513
-42.7387
-43.4319
-44.1313
-44.8375
-45.5507
-46.2714
-46.9999
-47.7362
-48.4804
-49.2323
-49.9916
-50.7577
-51.5297
-52.3065
-53.0867
-53.8683
-54.6493
-55.427
-56.1985
-56.9605
-57.7096
-58.4419
-59.1537
-59.8412
-60.5008
-61.1292
-61.7237
-62.2821
-62.8028
-63.2849
-63.7283
-64.1335
-64.5016
-64.8342
-65.1333
-65.4012
-65.6402
-65.8531
-66.0422
-66.21
-66.3589
-66.4909
-66.6083
-66.7127
-66.8058
-66.8891
-66.964
-67.0314
-67.0926
-67.1482
-67.1991
-67.2459
-67.2893
-67.3296
-67.3673
-67.4028
-67.4364
-67.4683
-67.4987
-67.5279
-67.5561
-67.5832
-67.6096
-67.6352
-67.6602
-67.6847
-67.7087
-67.7322
-67.7554
-67.7782
-67.8007
-67.8229
-67.8449
-67.8666
-67.8882
-67.9095
-67.9307
-67.9517
-67.9726
-67.9933
-68.0138
-68.0343
-68.0546
-68.0747
-68.0948
-68.1147
-68.1346
-68.1543
-68.1739
-68.1934
-68.2128
-68.232
-68.2512
-68.2703
-68.2893
-68.3081
-68.3269
-68.3455
-68.3641
-68.3825
-68.4008
-68.4191
-68.4372
-68.4552
-68.4731
-68.4909
-68.5086
-68.5262
-68.5437
-68.561
-68.5783
-68.5954
-68.6125
-68.6294
-68.6462
-68.6629
-68.6795
-68.6959
-68.7123
-68.7285
-68.7446
-68.7606
-68.7765
-68.7923
-68.8079
-68.8234
-68.8388
-68.721
-68.5234
-68.2722
-67.9831
-67.6669
-67.3315
-66.9829
-66.6255
-66.263
-65.8979
-65.5326
-65.1687
-64.8074
-64.45
-64.0971
-63.7496
-63.4078
-63.0723
-62.7433
-62.4211
-62.106
-61.7979
-61.497
-61.2034
-60.9171
-60.6381
-60.3663
-60.1016
-59.8441
-59.5937
-59.3502
-59.1136
-58.8837
-58.6605
-58.4437
-58.2334
-58.0294
-57.8314
-57.6395
-57.4535
-57.2732
-57.0986
-56.9294
-56.7656
-56.607
-56.4535
-56.305
-56.1614
-56.0224
-55.8881
-55.7583
-55.6329
-55.5118
-55.3948
-55.282
-55.173
-55.068
-54.9667
-54.8691
-54.7751
-54.6846
-54.5975
-54.5138
-54.4333
-54.3561
-54.2819
-54.2108
-54.1426
-54.0774
-54.015
-53.9554
-53.8985
-53.8443
-53.7927
-53.7437
-53.6972
-53.6531
-53.6115
-53.5722
-53.5353
-53.5006
-53.4683
-53.4381
-53.4101
-53.3842
-53.3604
-53.3387
-53.3191
-53.3014
-53.2857
-53.2719
-53.2601
-53.2501
-53.2421
-53.2358
-53.2313
-53.2287
-53.2278
-53.2286
-53.2312
-53.2354
-53.2413
-53.2489
-53.258
-53.2688
-53.2812
-53.2952
-53.3107
-53.3277
-53.3462
-53.3663
-53.3878
-53.4107
-53.4351
-53.4609
-53.4881
-53.5167
-53.5466
-53.5779
-53.6105
-53.6443
-53.6795
-53.716
-53.7536
-53.7925
-53.8327
-53.874
-53.9164
-53.9601
-54.0048
-54.0507
-54.0977
-54.1457
-54.1948
-54.245
-54.2961
-54.3483
-54.4014
-54.4554
-54.5104
-54.5663
-54.6231
-54.6808
-54.7393
-54.7986
-54.8588
-54.9197
-54.9814
-55.0438
-55.1069
-55.1707
-55.2352
-55.3003
-55.3661
-55.4325
-55.4994
-55.5669
-55.635
-55.7035
-55.7726
-55.8421
-55.9121
-55.9825
-56.0533
-56.1244
-56.196
-56.2679
-56.2308
-56.1275
-55.9788
-55.7969
-55.5903
-55.3652
-55.1262
-54.8768
-54.62
-54.3578
-54.092
-53.824
-53.5549
-53.2856
-53.0167
-52.7489
-52.4827
-52.2184
-51.9563
-51.6966
-51.4396
-51.1854
-50.9342
-50.6858
-50.4405
-50.1983
-49.959
-49.7228
-49.4894
-49.259
-49.0314
-48.8065
-48.5843
-48.3645
-48.1471
-47.932
-47.719
-47.508
-47.2988
-47.0913
-46.8852
-46.6805
-46.477
-46.2745
-46.0728
-45.8716
-45.6709
-45.4705
-45.27
-45.0694
-44.8684
-44.6667
-44.4642
-44.2607
-44.0558
-43.8493
-43.641
-43.4306
-43.2179
-43.0024
-42.784
-42.5624
-42.337
-42.1078
-41.8742
-41.6358
-41.3924
-41.1433
-40.8883
-40.6268
-40.3582
-40.082
-39.7978
-39.5047
-39.2022
-38.8896
-38.5661
-38.2309
-37.8831
-37.5218
-37.146
-36.7546
-36.3466
-35.9206
-35.4754
-35.0095
-34.5215
-34.0097
-33.4725
-32.9079
-32.3141
-31.6889
-31.0303
-30.3358
-29.6031
-28.8296
-28.0128
-27.1501
-26.2388
-25.2763
-24.2601
-23.1878
-22.0576
-20.8679
-19.6178
-18.3073
-16.9374
-15.5108
-14.0317
-12.5066
-10.9445
-9.35696
-7.75877
-6.16738
-4.60287
-3.08717
-1.64314
-0.293259
0.941748
2.04421
3.00054
3.80191
4.44439
4.92868
5.25946
5.44456
5.49405
5.41934
5.23243
4.94531
4.56955
4.11597
3.59453
3.01423
2.38313
1.70837
0.996271
0.25239
-0.518397
-1.3118
-2.12406
-2.95188
-3.79234
-4.6429
-5.5013
-6.36556
-7.23394
-8.1049
-8.97708
-9.84931
-10.7205
-11.5898
-12.4564
-13.3196
-14.1788
-15.0334
-15.8831
-16.7275
-17.5663
-18.3992
-19.226
-20.0466
-20.8609
-21.6689
-22.4705
-23.2657
-24.0546
-24.8374
-25.614
-26.3848
-27.1498
-27.9094
-28.6637
-29.413
-30.1577
-30.898
-31.6344
-32.3672
-33.0969
-33.824
-34.5488
-35.2719
-35.9938
-36.7151
-37.4364
-38.1582
-38.8811
-39.6059
-40.333
-41.0633
-41.7972
-42.5356
-43.279
-44.028
-44.7833
-45.5454
-46.3149
-47.0922
-47.8777
-48.6717
-49.4743
-50.2856
-51.1053
-51.9332
-52.7687
-53.6108
-54.4584
-55.31
-56.1639
-57.0177
-57.8688
-58.7143
-59.5508
-60.3746
-61.1819
-61.9685
-62.7304
-63.4637
-64.1645
-64.8296
-65.4561
-66.0421
-66.5861
-67.0876
-67.5465
-67.9639
-68.341
-68.68
-68.983
-69.2528
-69.4919
-69.7033
-69.8895
-70.0534
-70.1974
-70.3238
-70.4346
-70.532
-70.6175
-70.6927
-70.759
-70.8176
-70.8695
-70.9156
-70.9566
-70.9934
-71.0264
-71.0561
-71.0831
-71.1077
-71.1301
-71.1508
-71.1698
-71.1875
-71.204
-71.2194
-71.234
-71.2477
-71.2607
-71.2731
-71.2849
-71.2962
-71.3071
-71.3176
-71.3278
-71.3376
-71.3471
-71.3564
-71.3654
-71.3742
-71.3828
-71.3912
-71.3994
-71.4075
-71.4154
-71.4231
-71.4307
-71.4382
-71.4455
-71.4527
-71.4598
-71.4668
-71.4736
-71.4803
-71.4869
-71.4934
-71.4998
-71.5061
-71.5123
-71.5184
-71.5243
-71.5302
-71.5359
-71.5416
-71.5471
-71.5526
-71.5579
-71.5631
-71.5683
-71.5733
-71.5782
-71.583
-71.5877
-71.5924
-71.5969
-71.6013
-71.6056
-71.6098
-71.6139
-71.6178
-71.6217
-71.6255
-71.6292
-71.6328
-71.6362
-71.6396
-71.6428
-71.646
-71.649
-71.652
-71.6548
-71.6575
-71.6601
-71.6626
-71.665
-71.6673
-71.6695
-71.6716
-71.6736
-71.6755
-71.6772
-71.6789
-71.6804
-71.6819
-71.6832
-71.6844
-71.6855
-71.6865
-71.6874
-71.6882
-71.6889
-71.6895
-71.69
-71.6903
-71.6906
-71.6908
-71.6908
-71.6907
-71.6906
-71.6903
-71.6899
-71.6894
-71.6888
-71.6881
-71.6873
-71.6864
-71.6853
-71.6842
-71.683
-71.6816
-71.6802
-71.6786
-71.677
-71.6752
-71.6733
-71.6714
-71.6693
-71.6671
-71.6648
-71.6624
-71.6599
-71.6573
-71.6546
-71.6518
-71.6489
-71.6459
-71.6428
-71.6396
-71.6363
-71.6329
-71.6294
-71.6257
-71.622
-71.6182
-71.6143
-71.6103
-71.6062
-71.6019
-71.5976
-71.5932
-71.5887
-71.5841
-71.5794
-71.5746
-71.5697
-71.5647
-71.5596
-71.5544
-71.5491
-71.5438
-71.5383
-71.5327
-71.5271
-71.5213
-71.5155
-71.5095
-71.5035
-71.4974
-71.4911
-71.4848
-71.4784
-71.472
-71.4654
-71.4587
-71.452
-71.4451
-71.4382
-71.4312
-71.424
-71.4169
-71.4096
-71.4022
-71.3948
-71.3872
-71.3796
-71.3719
-71.3641
-71.3562
-71.3483
-71.3402
-71.3321
-71.3239
-71.3156
-71.3072
-71.2988
-71.2903
-71.2816
-71.273
-71.2642
-71.2554
-71.2464
-71.2374
-71.2284
-71.2192
-71.21
-71.2007
-71.0462
-70.7993
-70.486
-70.1225
-69.7202
-69.2881
-68.8329
-68.3602
-67.8744
-67.3791
-66.8772
-66.3713
-65.8632
-65.3547
-64.8471
-64.3416
-63.8393
-63.3409
-62.8471
-62.235
-61.5545
-60.8304
-60.0781
-59.3086
-58.5298
-57.7479
-56.9676
-56.1924
-55.425
-54.6675
-53.9213
-53.1872
-52.4661
-51.7581
-51.0632
-50.3814
-49.7121
-49.055
-48.4091
-47.7738
-47.1479
-46.5304
-45.9201
-45.3157
-44.7156
-44.1185
-43.5225
-42.9261
-42.3272
-41.724
-41.1145
-40.4963
-39.8672
-39.2247
-38.5661
-37.8889
-37.1899
-36.466
-35.714
-34.9302
-34.0487
-33.0953
-32.0796
-31.0054
-29.8731
-28.6815
-27.4281
-26.1099
-24.7232
-23.2645
-21.7304
-20.1178
-18.4247
-16.6503
-14.7951
-12.8617
-10.8549
-8.78231
-6.65406
-4.48335
-2.28622
-0.0813505
2.11033
4.26612
6.36208
8.37368
10.2764
12.0465
13.6619
15.1031
16.3549
17.4071
18.2556
18.9026
19.3562
19.6294
19.7384
19.7014
19.5367
19.2621
18.8938
18.4464
17.9322
17.3618
16.7443
16.0869
15.3961
14.6769
13.9337
13.1704
12.39
11.5952
10.7885
9.97201
9.14747
8.31653
7.48066
6.64114
5.79913
4.95568
4.11172
3.2681
2.42555
1.58476
0.746341
-0.0891762
-0.921303
-1.74961
-2.57372
-3.39329
-4.20804
-5.01769
-5.82203
-6.62087
-7.41403
-8.20139
-8.98283
-9.75826
-10.5276
-11.2908
-12.0478
-12.7987
-13.5433
-14.2817
-15.014
-15.7402
-16.4602
-17.1743
-17.8823
-18.5845
-19.281
-19.9717
-20.6569
-21.3366
-22.0111
-22.6805
-23.3448
-24.0044
-24.6594
-25.3101
-25.9566
-26.5992
-27.2382
-27.8738
-28.5065
-29.1363
-29.7639
-30.3894
-31.0132
-31.6359
-32.2578
-32.8793
-33.501
-34.1233
-34.7467
-35.3718
-35.999
-36.6291
-37.2624
-37.8997
-38.5414
-39.1881
-39.8404
-40.4987
-41.1635
-41.8352
-42.514
-43.2003
-43.894
-44.5952
-45.3034
-46.0182
-46.7388
-47.4642
-48.1929
-48.9234
-49.6534
-50.3806
-51.1023
-51.8154
-52.5168
-53.203
-53.8708
-54.5168
-55.138
-55.7316
-56.2953
-56.8274
-57.3266
-57.7921
-58.224
-58.6225
-58.9886
-59.3235
-59.6288
-59.9063
-60.055
-60.1257
-60.1425
-60.1197
-60.0669
-59.9911
-59.8976
-59.7904
-59.6729
-59.5476
-59.4167
-59.2819
-59.1446
-59.0059
-58.8669
-58.7283
-58.5908
-58.4548
-58.3209
-58.1892
-58.0602
-57.934
-57.8108
-57.6907
-57.5738
-57.4601
-57.3498
-57.2428
-57.1392
-57.0388
-56.9418
-56.8481
-56.7576
-56.6703
-56.5862
-56.5052
-56.4273
-56.3524
-56.2804
-56.2114
-56.1451
-56.0817
-56.021
-55.963
-55.9076
-55.8548
-55.8044
-55.7566
-55.7111
-55.668
-55.6272
-55.5886
-55.5522
-55.518
-55.4859
-55.4558
-55.4278
-55.4017
-55.3776
-55.3553
-55.3349
-55.3163
-55.2994
-55.2843
-55.2709
-55.2591
-55.2489
-55.2403
-55.2333
-55.2278
-55.2237
-55.2212
-55.22
-55.2202
-55.2218
-55.2247
-55.229
-55.2345
-55.2412
-55.2492
-55.2584
-55.2687
-55.2802
-55.2929
-55.3066
-55.3214
-55.3372
-55.3541
-55.372
-55.3909
-55.4108
-55.4316
-55.4533
-55.4759
-55.4994
-55.5238
-55.549
-55.5751
-55.602
-55.6296
-55.6581
-55.6872
-55.7172
-55.7478
-55.7792
-55.8112
-55.8439
-55.8773
-55.9114
-55.946
-55.9813
-56.0171
-56.0536
-56.0906
-56.1282
-56.1663
-56.2049
-56.2441
-56.2837
-56.3238
-56.3644
-56.4055
-56.447
-56.489
-56.5314
-56.5742
-56.6174
-56.6609
-56.7049
-56.7492
-56.7939
-56.8389
-56.8843
-56.9299
-56.9759
-57.0222
-57.0688
-57.1156
-57.1628
-57.2102
-57.2578
-57.3057
-57.3538
-57.4021
-57.4507
-57.4994
-57.5484
-57.5975
-57.6469
-57.6964
-57.746
-57.7958
-57.8458
-57.8959
-57.9461
-57.9965
-58.047
-58.0976
-58.1483
-58.199
-58.2499
-58.3009
-58.3519
-58.403
-58.4542
-58.5054
-58.5567
-58.608
-58.6593
-58.7107
-58.7621
-58.8136
-58.865
-58.9165
-58.9679
-59.0194
-59.0708
-59.1223
-59.1737
-59.2251
-59.2765
-59.3278
-59.3791
-59.4304
-59.4816
-59.5328
-59.5839
-59.635
-59.686
-59.7369
-59.7878
-59.8386
-59.8893
-59.94
-59.9905
-60.041
-60.0914
-60.1417
-60.1919
-60.242
-60.292
-60.3419
-60.3916
-60.4413
-60.4908
-60.5403
-60.5896
-60.6388
-60.6878
-60.7368
-60.7856
-60.8342
-60.8827
-60.9311
-60.9794
-61.0275
-61.0755
-61.1233
-61.1709
-61.2185
-61.2658
-61.313
-61.3601
-61.407
-61.4537
-61.5003
-61.5467
-61.5929
-61.639
-61.6849
-61.7306
-61.7762
-61.8216
-61.8668
-61.9119
-61.9567
-62.0014
-62.0459
-62.0902
-62.1344
-62.1784
-62.2221
-62.2657
-62.3091
-62.3524
-62.3954
-62.4382
-62.4809
-62.5234
-62.5656
-62.6077
-62.6496
-62.6913
-62.7328
-62.7741
-62.8152
-62.8561
-62.8969
-62.9374
-62.9777
-63.0178
-63.0578
-63.0975
-63.137
-63.1763
-63.2154
-63.2544
-63.2931
-63.3316
-63.3699
-63.408
-63.4459
-63.4837
-63.5212
-63.5585
-63.5956
-63.6325
-63.6691
-63.7056
-63.7419
-63.778
-63.8139
-63.8495
-63.885
-63.9202
-63.9553
-63.9901
-64.0248
-64.0592
-64.0934
-64.1275
-64.1613
-64.1949
-64.2283
-64.2615
-64.2945
-64.3273
-64.3599
-64.3923
-64.4244
-64.4564
-64.4882
-64.5198
-64.5511
-64.5823
-64.6132
-64.644
-64.6745
-64.7049
-64.735
-64.765
-64.7947
-64.8243
-64.8536
-64.8827
-64.9117
-64.9404
-64.969
-64.9973
-65.0254
-65.0534
-65.0811
-65.1086
-65.136
-65.1631
-65.1901
-65.2168
-65.2434
-65.2697
-65.2959
-65.3219
-65.3476
-65.3732
-65.3986
-65.4238
-65.4488
-65.4736
-65.4982
-65.5226
-65.5468
-65.5709
-65.5947
-65.6184
-65.6418
-65.6651
-65.6882
-65.7111
-65.7338
-65.7563
-65.7787
-65.8008
-65.8228
-65.8446
-65.8662
-65.8876
-65.9088
-65.9299
-65.9507
-65.9714
-65.9919
-66.0122
-66.0324
-66.0523
-66.0721
-66.0917
-66.1112
-66.1304
-66.1495
-66.1684
-66.1871
-66.2057
-66.224
-66.2422
-66.2603
-66.2781
-66.2958
-66.3133
-66.3307
-66.3478
-66.3648
-66.3817
-66.3983
-66.4148
-66.4312
-66.3124
-66.1078
-65.8416
-65.5286
-65.1796
-64.8025
-64.4038
-63.9884
-63.5604
-63.1229
-62.6788
-62.23
-61.7785
-61.3257
-60.8728
-60.4209
-59.9708
-59.5233
-59.0789
-58.6382
-58.2016
-57.7694
-57.342
-56.9194
-56.502
-56.0898
-55.6829
-55.2813
-54.885
-54.4941
-54.1083
-53.7276
-53.3518
-52.9808
-52.6144
-52.2523
-51.8943
-51.5401
-51.1893
-50.8417
-50.4968
-50.1543
-49.8138
-49.4747
-49.1367
-48.7991
-48.4616
-48.1234
-47.784
-47.4428
-47.0991
-46.7522
-46.4012
-46.0455
-45.6841
-45.316
-44.9404
-44.5561
-44.1621
-43.757
-43.3395
-42.9082
-42.4615
-41.9978
-41.5151
-41.0114
-40.4845
-39.9319
-39.3509
-38.7386
-38.0916
-37.4065
-36.6791
-35.9052
-35.0799
-34.1979
-33.2533
-32.2399
-31.1506
-29.978
-28.7141
-27.3503
-25.8779
-24.2878
-22.5713
-20.72
-18.7268
-16.5865
-14.2969
-11.8599
-9.28293
-6.58061
-3.77593
-0.901465
2.00045
4.87858
7.67518
10.3299
12.7849
14.9902
16.9085
18.5181
19.813
20.8019
21.5045
21.9481
22.1633
22.1811
22.031
21.7397
21.3302
20.822
20.2315
19.5722
18.8552
18.0895
17.2827
16.4412
15.5702
14.6743
13.7572
12.8225
11.8729
10.9111
9.93938
8.9598
7.97418
6.98415
5.99118
4.9966
4.00159
3.00721
2.01442
1.02406
0.0368905
-0.946411
-1.92525
-2.8991
-3.86751
-4.83008
-5.78646
-6.73635
-7.67951
-8.61572
-9.54483
-10.4667
-11.3812
-12.2883
-13.188
-14.0801
-14.9649
-15.8421
-16.712
-17.5747
-18.4301
-19.2784
-20.1197
-20.9542
-21.7822
-22.6036
-23.4189
-24.2282
-25.0318
-25.83
-26.623
-27.4113
-28.1952
-28.9751
-29.7513
-30.5245
-31.2949
-32.0632
-32.8299
-33.5956
-34.3608
-35.1263
-35.8926
-36.6606
-37.4308
-38.2041
-38.9813
-39.7631
-40.5503
-41.3438
-42.1444
-42.9529
-43.77
-44.5966
-45.4332
-46.2806
-47.1392
-48.0094
-48.8914
-49.7853
-50.6909
-51.6077
-52.5349
-53.4712
-54.4152
-55.3646
-56.317
-57.2692
-58.2176
-59.1581
-60.0861
-60.9968
-61.8849
-62.7452
-63.5726
-64.3623
-65.11
-65.8123
-66.4664
-67.0706
-67.6242
-68.1275
-68.5818
-68.9888
-69.3513
-69.6722
-69.9549
-70.2028
-70.4195
-70.6082
-70.7722
-70.9145
-71.0378
-71.1447
-71.2372
-71.3174
-71.3871
-71.4476
-71.5003
-71.5464
-71.5867
-71.6222
-71.6535
-71.6812
-71.7059
-71.728
-71.7478
-71.7657
-71.782
-71.7969
-71.8105
-71.8231
-71.8348
-71.8457
-71.8559
-71.8655
-71.8746
-71.8832
-71.8914
-71.8993
-71.9069
-71.9141
-71.9211
-71.9279
-71.9345
-71.9408
-71.9471
-71.9531
-71.959
-71.9647
-71.9704
-71.9759
-71.9812
-71.9865
-71.9917
-71.9967
-72.0017
-72.0065
-72.0113
-72.016
-72.0206
-72.025
-72.0294
-72.0337
-72.0379
-72.0421
-72.0461
-72.0501
-72.0539
-72.0577
-72.0614
-72.065
-72.0685
-71.9325
-71.7135
-71.4387
-71.125
-70.7836
-70.4231
-70.0495
-69.6676
-69.2811
-68.8929
-68.505
-68.1194
-67.7373
-67.3598
-66.9878
-66.6218
-66.2624
-65.9101
-65.565
-65.2275
-64.8976
-64.5754
-64.2611
-63.9545
-63.6558
-63.3649
-63.0817
-62.8061
-62.5381
-62.2775
-62.0242
-61.7781
-61.5391
-61.3071
-61.0818
-60.8632
-60.6511
-60.4454
-60.2459
-60.0525
-59.8651
-59.6834
-59.5075
-59.337
-59.172
-59.0122
-58.8576
-58.7079
-58.5631
-58.4231
-58.2877
-58.1568
-58.0303
-57.9082
-57.7902
-57.6762
-57.5663
-57.4602
-57.3579
-57.2592
-57.1642
-57.0727
-56.9846
-56.8998
-56.8183
-56.7399
-56.6647
-56.5925
-56.5232
-56.4568
-56.3933
-56.3325
-56.2744
-56.219
-56.1661
-56.1158
-56.0679
-56.0224
-55.9793
-55.9385
-55.9
-55.8637
-55.8296
-55.7976
-55.7677
-55.7399
-55.714
-55.6902
-55.6682
-55.6482
-55.63
-55.6137
-55.5991
-55.5863
-55.5752
-55.5658
-55.5581
-55.552
-55.5476
-55.5447
-55.5433
-55.5435
-55.5452
-55.5483
-55.5529
-55.5589
-55.5663
-55.5751
-55.5852
-55.5966
-55.6094
-55.6234
-55.6387
-55.6552
-55.6729
-55.6918
-55.7118
-55.7331
-55.7554
-55.7788
-55.8034
-55.829
-55.8556
-55.8833
-55.9119
-55.9416
-55.9722
-56.0038
-56.0363
-56.0697
-56.104
-56.1391
-56.1752
-56.212
-56.2497
-56.2881
-56.3274
-56.3674
-56.4081
-56.4496
-56.4917
-56.5346
-56.5781
-56.6223
-56.6671
-56.7126
-56.7586
-56.8052
-56.8524
-56.9002
-56.9485
-56.9973
-57.0466
-57.0964
-57.1466
-57.1973
-57.2485
-57.3
-57.352
-57.4044
-57.4571
-57.5102
-57.5636
-57.6174
-57.6715
-57.7259
-57.7806
-57.8355
-57.8907
-57.9462
-58.0018
-58.0577
-58.1138
-58.1701
-58.2266
-58.2832
-58.34
-58.397
-58.454
-58.5112
-58.5685
-58.6258
-58.6833
-58.7408
-58.7984
-58.8561
-58.9137
-58.9714
-59.0292
-59.0869
-59.1447
-59.2024
-59.2601
-59.3178
-59.3754
-59.433
-59.4906
-59.5481
-59.6055
-59.6628
-59.7201
-59.7772
-59.8343
-59.8913
-59.9481
-60.0048
-60.0614
-60.1179
-60.1742
-60.2304
-60.2864
-60.3423
-60.398
-60.4536
-60.5089
-60.5641
-60.6192
-60.674
-60.7286
-60.7831
-60.8373
-60.8914
-60.9452
-60.9989
-61.0523
-61.1055
-61.1585
-61.2112
-61.2638
-61.3161
-61.3681
-61.42
-61.4716
-61.5229
-61.5741
-61.6249
-61.6756
-61.726
-61.7761
-61.826
-61.8756
-61.9249
-61.9741
-62.0229
-62.0715
-62.1198
-62.1679
-62.2157
-62.2633
-62.3105
-62.3575
-62.4043
-62.4508
-62.497
-62.5429
-62.5886
-62.634
-62.6791
-62.7239
-62.7685
-62.8128
-62.8568
-62.9006
-62.9441
-62.9873
-63.0302
-63.0729
-63.1153
-63.1574
-63.1993
-63.2408
-63.2821
-63.3232
-63.3639
-63.4044
-63.4446
-63.4845
-63.5242
-63.5636
-63.6027
-63.6416
-63.6802
-63.7185
-63.7565
-63.7943
-63.8318
-63.869
-63.906
-63.9427
-63.9792
-64.0153
-64.0512
-64.0869
-64.1223
-64.1574
-64.1923
-64.2269
-64.2612
-64.2953
-64.3291
-64.3626
-64.3959
-64.429
-64.4618
-64.4943
-64.5266
-64.5586
-64.5904
-64.6219
-64.6532
-64.6842
-64.715
-64.7456
-64.7758
-64.8059
-64.8357
-64.8652
-64.7632
-64.5776
-64.3323
-64.0416
-63.7161
-63.3635
-62.99
-62.6004
-62.1985
-61.7876
-61.3702
-60.9484
-60.5238
-60.0979
-59.6719
-59.2468
-58.8233
-58.4021
-57.9839
-57.569
-57.1579
-56.7509
-56.3482
-55.95
-55.5564
-55.1676
-54.7835
-54.4043
-54.0297
-53.6599
-53.2946
-52.9338
-52.5772
-52.2248
-51.8762
-51.5312
-51.1895
-50.8509
-50.515
-50.1814
-49.8499
-49.5199
-49.191
-48.8628
-48.5349
-48.2066
-47.8775
-47.5469
-47.2144
-46.8791
-46.5405
-46.1978
-45.8503
-45.4971
-45.1374
-44.7703
-44.3946
-44.0094
-43.6135
-43.2056
-42.7844
-42.3485
-41.8962
-41.4257
-40.9353
-40.4229
-39.8861
-39.3225
-38.7294
-38.1038
-37.4425
-36.7417
-35.9976
-35.2057
-34.3615
-33.4595
-32.4942
-31.4594
-30.3485
-29.1544
-27.8696
-26.4864
-24.9968
-23.3929
-21.6672
-19.8132
-17.8256
-15.7013
-13.4404
-11.0472
-8.53118
-5.90847
-3.20278
-0.445982
2.3219
5.05369
7.69733
10.1992
12.5083
14.5808
16.384
17.8983
19.1183
20.0511
20.7139
21.1307
21.3291
21.3374
21.1829
20.8905
20.482
19.9761
19.3886
18.7328
18.0195
17.2578
16.4552
15.6181
14.7516
13.8604
12.9483
12.0187
11.0746
10.1185
9.15268
8.17923
7.19995
6.21645
5.2302
4.24249
3.25449
2.26725
1.28169
0.298644
-0.681145
-1.65702
-2.62841
-3.59481
-4.55576
-5.51089
-6.45987
-7.40241
-8.33828
-9.26728
-10.1893
-11.1041
-12.0117
-12.912
-13.805
-14.6906
-15.5689
-16.4399
-17.3037
-18.1603
-19.0099
-19.8526
-20.6886
-21.5179
-22.3408
-23.1575
-23.9683
-24.7733
-25.5729
-26.3673
-27.157
-27.9421
-28.7232
-29.5007
-30.2749
-31.0464
-31.8157
-32.5832
-33.3496
-34.1155
-34.8815
-35.6482
-36.4164
-37.1868
-37.9601
-38.7371
-39.5187
-40.3055
-41.0985
-41.8984
-42.7061
-43.5224
-44.3479
-45.1835
-46.0297
-46.8871
-47.7561
-48.637
-49.5298
-50.4344
-51.3504
-52.2769
-53.2129
-54.1569
-55.1067
-56.06
-57.0136
-57.9641
-58.9074
-59.8389
-60.7537
-61.6468
-62.5128
-63.3466
-64.1433
-64.8986
-65.6088
-66.2711
-66.8836
-67.4455
-67.9569
-68.4189
-68.8335
-69.2029
-69.5304
-69.8191
-70.0725
-70.294
-70.4872
-70.6552
-70.801
-70.9274
-71.037
-71.132
-71.2144
-71.2859
-71.3481
-71.4023
-71.4497
-71.4912
-71.5278
-71.56
-71.5886
-71.6141
-71.6369
-71.6574
-71.6759
-71.6927
-71.7081
-71.7223
-71.7353
-71.7474
-71.7588
-71.7694
-71.7794
-71.7888
-71.7978
-71.8064
-71.8146
-71.8225
-71.8301
-71.8374
-71.8445
-71.8514
-71.8581
-71.8646
-71.871
-71.8772
-71.8832
-71.8891
-71.8949
-71.9006
-71.9062
-71.9116
-71.917
-71.9222
-71.9274
-71.9324
-71.9374
-71.9422
-71.947
-71.9517
-71.9563
-71.9608
-71.9652
-71.9695
-71.9737
-71.9779
-71.9819
-71.9859
-71.9898
-71.9936
-71.9973
-72.0009
-72.0044
-72.0079
-72.0112
-72.0145
-72.0176
-72.0207
-72.0237
-72.0266
-72.0294
-72.0321
-72.0347
-72.0373
-72.0397
-72.042
-72.0443
-72.0464
-72.0485
-72.0505
-72.0523
-72.0541
-72.0558
-72.0574
-72.0589
-72.0603
-72.0616
-72.0628
-72.0639
-72.0649
-72.0658
-72.0666
-72.0673
-72.0679
-72.0684
-72.0688
-72.0691
-72.0694
-72.0695
-72.0695
-72.0694
-72.0692
-72.0689
-72.0685
-72.0681
-72.0675
-72.0668
-72.066
-72.0651
-72.0641
-72.0631
-72.0619
-72.0606
-72.0592
-72.0577
-72.0561
-72.0544
-72.0526
-72.0508
-72.0488
-72.0467
-72.0445
-72.0422
-72.0398
-72.0373
-72.0347
-72.032
-72.0292
-72.0263
-72.0234
-72.0203
-72.0171
-72.0138
-72.0104
-72.0069
-72.0033
-71.9996
-71.9959
-71.992
-71.988
-71.9839
-71.9797
-71.9755
-71.9711
-71.9666
-71.9621
-71.9574
-71.9526
-71.9478
-71.9428
-71.9378
-71.9327
-71.9274
-71.9221
-71.9167
-71.9111
-71.9055
-71.8998
-71.894
-71.8881
-71.8821
-71.876
-71.8699
-71.8636
-71.8572
-71.8508
-71.8442
-71.8376
-71.8309
-71.8241
-71.8172
-71.8102
-71.8031
-71.7959
-71.7887
-71.7813
-71.6286
-71.3842
-71.0745
-70.7159
-70.3201
-69.8958
-69.45
-68.9882
-68.5147
-68.033
-67.5461
-67.0563
-66.5655
-66.0754
-65.5873
-65.1023
-64.6214
-64.1453
-63.6747
-63.2101
-62.752
-62.3008
-61.8568
-61.4202
-60.9913
-60.5702
-60.1571
-59.7519
-59.3548
-58.9658
-58.5848
-58.2119
-57.8469
-57.4898
-57.1405
-56.7988
-56.4647
-56.1379
-55.8184
-55.5059
-55.2002
-54.9013
-54.6088
-54.3225
-54.0423
-53.7679
-53.499
-53.2355
-52.9771
-52.7236
-52.4747
-52.2301
-51.9897
-51.7531
-51.5201
-51.2905
-51.0639
-50.8402
-50.6191
-50.4002
-50.1834
-49.9683
-49.7548
-49.5425
-49.3311
-49.1204
-48.9101
-48.7
-48.4896
-48.2788
-48.0672
-47.8545
-47.6405
-47.4246
-47.2067
-46.9863
-46.7632
-46.5368
-46.3068
-46.0728
-45.8344
-45.591
-45.3421
-45.0872
-44.8258
-44.5573
-44.2809
-43.9961
-43.702
-43.3979
-43.0829
-42.756
-42.4164
-42.0628
-41.6941
-41.3089
-40.906
-40.4838
-40.0406
-39.5747
-39.084
-38.5664
-38.0196
-37.4411
-36.8279
-36.1772
-35.4857
-34.7497
-33.9654
-33.1288
-32.2353
-31.2802
-30.2586
-29.1652
-27.9947
-26.7416
-25.4006
-23.9664
-22.4343
-20.8004
-19.0618
-17.2173
-15.2673
-13.2154
-11.0678
-8.83473
-6.53061
-4.17436
-1.78962
0.595486
2.94899
5.23607
7.42056
9.4669
11.3423
13.0189
14.4757
15.6999
16.6872
17.4414
17.973
18.2979
18.4348
18.4045
18.2273
17.9228
17.509
17.0019
16.4155
15.7619
15.0514
14.2927
13.4932
12.6593
11.7964
10.909
10.0011
9.07612
8.13714
7.18673
6.22721
5.26062
4.28875
3.31322
2.33544
1.35667
0.378027
-0.599488
-1.575
-2.54772
-3.51698
-4.48217
-5.44276
-6.39831
-7.34841
-8.29274
-9.23101
-10.163
-11.0885
-12.0073
-12.9194
-13.8246
-14.723
-15.6144
-16.499
-17.3766
-18.2475
-19.1117
-19.9692
-20.8203
-21.665
-22.5037
-23.3364
-24.1634
-24.985
-25.8014
-26.6131
-27.4202
-28.2232
-29.0226
-29.8187
-30.612
-31.403
-32.1924
-32.9805
-33.7681
-34.5559
-35.3444
-36.1344
-36.9268
-37.7221
-38.5213
-39.3252
-40.1346
-40.9505
-41.7736
-42.6048
-43.445
-44.295
-45.1555
-46.0273
-46.911
-47.807
-48.7156
-49.637
-50.5711
-51.5174
-52.4754
-53.4438
-54.4212
-55.4056
-56.3944
-57.3847
-58.3729
-59.3548
-60.3258
-61.2808
-62.2147
-63.1219
-63.9969
-64.8348
-65.6307
-66.3806
-67.0814
-67.7309
-68.3279
-68.8723
-69.3649
-69.8075
-70.2024
-70.4237
-70.531
-70.5547
-70.5143
-70.4238
-70.2938
-70.133
-69.9479
-69.7442
-69.5263
-69.2979
-69.0621
-68.8212
-68.5774
-68.3323
-68.0872
-67.8433
-67.6014
-67.3623
-67.1265
-66.8946
-66.6668
-66.4434
-66.2247
-66.0108
-65.8018
-65.5977
-65.3987
-65.2046
-65.0155
-64.8313
-64.6521
-64.4777
-64.308
-64.1431
-63.9828
-63.827
-63.6757
-63.5288
-63.3861
-63.2477
-63.1133
-62.9829
-62.8565
-62.7339
-62.6151
-62.4999
-62.3883
-62.2802
-62.1755
-62.0741
-61.976
-61.8811
-61.7893
-61.7005
-61.6147
-61.5318
-61.4517
-61.3744
-61.2998
-61.2278
-61.1584
-61.0915
-61.0271
-60.9651
-60.9054
-60.848
-60.7929
-60.7399
-60.6891
-60.6404
-60.5938
-60.5491
-60.5064
-60.4656
-60.4267
-60.3896
-60.3542
-60.3207
-60.2888
-60.2586
-60.2301
-60.2031
-60.1778
-60.1539
-60.1315
-60.1106
-60.0912
-60.0731
-60.0564
-60.0411
-60.027
-60.0143
-60.0028
-59.9925
-59.9834
-59.9755
-59.9688
-59.9631
-59.9586
-59.9552
-59.9528
-59.9514
-59.9511
-59.9517
-59.9533
-59.9558
-59.9593
-59.9637
-59.9689
-59.975
-59.982
-59.9898
-59.9984
-60.0077
-60.0179
-60.0288
-60.0404
-60.0528
-60.0659
-60.0796
-60.0941
-60.1091
-60.1249
-60.1412
-60.1582
-60.1757
-60.1939
-60.2126
-60.2318
-60.2517
-60.272
-60.2928
-60.3142
-60.3361
-60.3584
-60.3812
-60.4044
-60.4281
-60.4522
-60.4768
-60.5017
-60.5271
-60.5528
-60.5789
-60.6054
-60.6322
-60.6594
-60.6869
-60.7148
-60.743
-60.7714
-60.8002
-60.8292
-60.8586
-60.8882
-60.9181
-60.9482
-60.9786
-61.0092
-61.04
-61.0711
-61.1024
-61.1338
-61.1655
-61.1974
-61.2294
-61.2617
-61.2941
-61.3267
-61.3594
-61.3922
-61.4253
-61.4584
-61.4917
-61.5251
-61.5586
-61.5923
-61.626
-61.6599
-61.6938
-61.7278
-61.7619
-61.7961
-61.8304
-61.8647
-61.8991
-61.9335
-61.968
-62.0026
-62.0372
-62.0718
-62.1065
-62.1412
-62.1759
-62.2106
-62.2454
-62.2801
-62.3149
-62.3496
-62.3844
-62.4192
-62.4539
-62.4887
-62.5234
-62.5581
-62.5928
-62.6275
-62.6621
-62.6967
-62.7313
-62.7658
-62.8003
-62.8347
-62.8691
-62.9034
-62.9377
-62.9719
-63.0061
-63.0401
-63.0742
-63.1081
-63.142
-63.1758
-63.2096
-63.2432
-63.2768
-63.3103
-63.3437
-63.377
-63.4103
-63.4434
-63.4765
-63.5094
-63.5423
-63.575
-63.6077
-63.6402
-63.6726
-63.705
-63.7372
-63.7693
-63.8013
-63.8332
-63.865
-63.8966
-63.9282
-63.9596
-63.9909
-64.022
-64.0531
-64.084
-64.1148
-64.1455
-64.176
-64.2064
-64.2367
-64.2668
-64.2968
-64.3267
-64.3564
-64.386
-64.4155
-64.4448
-64.474
-64.503
-64.5319
-64.5607
-64.5893
-64.6177
-64.646
-64.6742
-64.7023
-64.7301
-64.7579
-64.7855
-64.8129
-64.8402
-64.8673
-64.8943
-64.9211
-64.9478
-64.9743
-65.0007
-65.0269
-65.053
-65.0789
-65.1047
-65.1303
-65.1557
-65.181
-65.2062
-65.2311
-65.256
-65.2806
-65.3051
-65.3295
-65.3537
-65.3777
-65.4016
-65.4253
-65.4489
-65.4723
-65.4956
-65.5186
-65.5416
-65.5644
-65.587
-65.6094
-65.6317
-65.6539
-65.6758
-65.6976
-65.7193
-65.7408
-65.7621
-65.7833
-65.8043
-65.8252
-65.8459
-65.8665
-65.8868
-65.9071
-65.9271
-65.9471
-65.9668
-65.9864
-66.0058
-66.0251
-66.0443
-66.0632
-66.082
-66.1007
-66.1192
-66.1375
-66.1557
-66.1737
-66.1916
-66.2093
-66.2269
-66.2443
-66.2615
-66.2786
-66.2956
-66.3124
-66.329
-66.3455
-66.3618
-66.378
-66.394
-66.4099
-66.4256
-66.4412
-66.4566
-66.4718
-66.487
-66.5019
-66.5168
-66.5314
-66.546
-66.5603
-66.5746
-66.5886
-66.6026
-66.6164
-66.63
-66.6435
-66.6569
-66.6701
-66.6831
-66.696
-66.7088
-66.7215
-66.7339
-66.7463
-66.7585
-66.7706
-66.7825
-66.7943
-66.8059
-66.8174
-66.8288
-66.84
-66.8511
-66.8621
-66.8729
-66.8836
-66.8941
-66.9045
-66.9148
-66.9249
-66.935
-66.9448
-66.9546
-66.9642
-66.9737
-66.983
-66.9922
-67.0013
-67.0103
-67.0191
-67.0278
-67.0364
-67.0448
-67.0532
-67.0614
-67.0694
-67.0774
-67.0852
-67.0929
-67.1005
-67.1079
-67.1152
-67.1224
-67.1295
-67.1365
-67.1433
-67.15
-67.1566
-67.1631
-67.1695
-67.1758
-67.1819
-67.1879
-67.1938
-67.1996
-67.2053
-67.2108
-67.2163
-67.2216
-67.2268
-67.232
-67.237
-67.2418
-67.2466
-67.2513
-67.2559
-67.2603
-67.2647
-67.2689
-67.273
-67.2771
-67.281
-67.2848
-67.2885
-67.2921
-67.2956
-67.299
-67.3023
-67.3055
-67.3086
-67.3117
-67.3146
-67.3174
-67.3201
-67.3227
-67.3252
-67.3276
-67.3299
-67.3321
-67.3343
-67.3363
-67.3382
-67.3401
-67.3419
-67.3435
-67.3451
-67.3466
-67.348
-67.3493
-67.3505
-67.3516
-67.3526
-67.3536
-67.3544
-67.3552
-67.3559
-67.3565
-67.357
-67.3575
-67.3578
-67.3581
-67.3583
-67.3584
-67.3584
-67.3584
-67.3582
-67.358
-67.3577
-67.3573
-67.3569
-67.3564
-67.3558
-67.3551
-67.3543
-67.3535
-67.3526
-67.3516
-67.3505
-67.3494
-67.3482
-67.3469
-67.3456
-67.3442
-67.3427
-67.3411
-67.3395
-67.3378
-67.3361
-67.3342
-67.3323
-67.3304
-67.3284
-67.3263
-67.3241
-67.3219
-67.3196
-67.3172
-67.3148
-67.3123
-67.3098
-67.3072
-67.3046
-67.3018
-67.2991
-67.2962
-67.2933
-67.2904
-67.2873
-67.2843
-67.2811
-67.2779
-67.2747
-67.2714
-67.2681
-67.2646
-67.2612
-67.2577
-67.2541
-67.2505
-67.2468
-67.2431
-67.2393
-67.2355
-67.2316
-67.2277
-67.2237
-67.2197
-67.2156
-67.2115
-67.2073
-67.2031
-67.1988
-67.1945
-67.1901
-67.1857
-67.1813
-67.1768
-67.1723
-67.1677
-67.1631
-67.1584
-67.1537
-67.1489
-67.1441
-67.1393
-67.1344
-67.1295
-67.1246
-67.1196
-67.1146
-67.1095
-67.1044
-67.0993
-67.0941
-67.0889
-67.0836
-67.0783
-67.073
-67.0677
-67.0623
-67.0568
-67.0514
-67.0459
-67.0404
-67.0348
-67.0292
-67.0236
-67.018
-67.0123
-67.0066
-67.0009
-66.9951
-66.9893
-66.9835
-66.9776
-66.9717
-66.9658
-66.9599
-66.9539
-66.9479
-66.9419
-66.9359
-66.9298
-66.9237
-66.9176
-66.9115
-66.9053
-66.8991
-66.8929
-66.8867
-66.8804
-66.8741
-66.8678
-66.8615
-66.8552
-66.8488
-66.8424
-66.836
-66.8296
-66.8232
-66.8167
-66.8102
-66.8037
-66.7972
-66.7906
-66.7841
-66.7775
-66.7709
-66.7643
-66.7577
-66.7511
-66.7444
-66.7377
-66.7311
-66.7244
-66.7176
-66.7109
-66.7042
-66.6974
-66.6906
-66.6839
-66.6771
-66.6703
-66.6635
-66.6566
-66.6498
-66.6429
-66.6361
-66.6292
-66.6223
-66.6154
-66.6085
-66.6016
-66.5947
-66.5878
-66.5809
-66.5739
-66.567
-66.56
-66.553
-66.5461
-66.5391
-66.5321
-66.5251
-66.5181
-66.5111
-66.5041
-66.4971
-66.4901
-66.4831
-66.4761
-66.4691
-66.4621
-66.455
-66.448
-66.441
-66.4339
-66.4269
-66.4198
-66.4128
-66.4058
-66.3987
-66.3917
-66.3846
-66.3776
-66.3705
-66.3634
-66.3564
-66.3493
-66.3423
-66.3352
-66.3282
-66.3211
-66.3141
-66.307
-66.3
-66.2929
-66.2859
-66.2788
-66.2718
-66.2648
-66.2577
-66.2507
-66.2437
-66.2366
-66.2296
-66.2226
-66.2156
-66.2086
-66.2016
-66.1946
-66.1876
-66.1806
-66.1736
-66.1666
-66.1596
-66.1527
-66.1457
-66.1388
-66.1318
-66.1249
-66.1179
-66.111
-66.1041
-66.0972
-66.0903
-66.0834
-66.0765
-66.0696
-66.0628
-66.0559
-66.0491
-66.0422
-66.0354
-66.0286
-66.0218
-66.015
-66.0082
-66.0014
-65.9947
-65.9879
-65.9812
-65.9744
-65.9677
-65.961
-65.9543
-65.9476
-65.9409
-65.9343
-65.9276
-65.921
-65.9143
-65.9077
-65.9011
-65.8945
-65.8879
-65.8814
-65.8748
-65.8683
-65.8617
-65.8552
-65.8487
-65.8422
-65.8357
-65.8293
-65.8228
-65.8164
-65.81
-65.8035
-65.7972
-65.7908
-65.7844
-65.7781
-65.7717
-65.7654
-65.7591
-65.7528
-65.7465
-65.7403
-65.734
-65.7278
-65.7216
-65.7154
-65.7092
-65.703
-65.6969
-65.6908
-65.6847
-65.6786
-65.6725
-65.6664
-65.6604
-65.6544
-65.6483
-65.6424
-65.6364
-65.6304
-65.6245
-65.6186
-65.6127
-65.6068
-65.6009
-65.5951
-65.5893
-65.5835
-65.5777
-65.5719
-65.5662
-65.5605
-65.5547
-65.5491
-65.5434
-65.5377
-65.5321
-65.5265
-65.5209
-65.5154
-65.5098
-65.5043
-65.4988
-65.4933
-65.4878
-65.4824
-65.477
-65.4716
-65.4662
-65.4608
-65.4555
-65.4502
-65.4449
-65.4396
-65.4343
-65.4291
-65.4239
-65.4187
-65.4135
-65.4083
-65.4032
-65.3981
-65.393
-65.3879
-65.3829
-65.3778
-65.3728
-65.3679
-65.3629
-65.3579
-65.353
-65.3481
-65.3432
-65.3384
-65.3335
-65.3287
-65.3239
-65.3192
-65.3144
-65.3097
-65.305
-65.3003
-65.2957
-65.291
-65.2864
-65.2818
-65.2772
-65.2727
-65.2682
-65.2637
-65.2592
-65.2547
-65.2503
-65.2459
-65.2415
-65.2371
-65.2328
-65.2285
-65.2242
-65.2199
-65.2157
-65.2115
-65.2073
-65.2031
-65.1989
-65.1948
-65.1907
-65.1866
-65.1825
-65.1785
-65.1745
-65.1705
-65.1665
-65.1626
-65.1587
-65.1548
-65.1509
-65.1471
-65.1433
-65.1395
-65.1357
-65.1319
-65.1282
-64.9896
-64.7633
-64.4724
-64.1315
-63.7509
-63.3386
-62.9008
-62.4427
-61.9682
-61.4808
-60.9831
-60.4774
-59.9655
-59.449
-58.9289
-58.4063
-57.8821
-57.3569
-56.831
-56.305
-55.779
-55.2531
-54.7275
-54.2018
-53.676
-53.1499
-52.6228
-52.0944
-51.5641
-51.0311
-50.4944
-49.9533
-49.4064
-48.8525
-48.2902
-47.7177
-47.1332
-46.5347
-45.9196
-45.2855
-44.6292
-43.9475
-43.2365
-42.4919
-41.7089
-40.8819
-40.0046
-39.0699
-38.0696
-36.9946
-35.8341
-34.5761
-33.207
-31.7112
-30.0714
-28.2143
-26.1479
-23.8648
-21.3518
-18.5941
-15.5781
-12.2955
-8.7467
-4.94663
-0.929164
3.24862
7.50507
11.7367
15.8261
19.6538
23.1131
26.1229
28.6371
30.6468
32.1761
33.2731
33.9992
34.4189
34.5927
34.5729
34.402
34.1131
33.7313
33.2751
32.7583
32.1908
31.5803
30.9325
30.2519
29.5422
28.8063
28.047
27.2663
26.4665
25.6493
24.8165
23.9697
23.1103
22.2398
21.3594
20.4704
19.574
18.6712
17.7631
16.8507
15.9348
15.0162
14.0959
13.1744
12.2526
11.331
10.4103
9.49093
8.57348
7.65839
6.74609
5.83696
4.93137
4.02963
3.13204
2.23885
1.3503
0.466595
-0.412084
-1.28558
-2.15374
-3.01647
-3.87365
-4.7252
-5.57107
-6.4112
-7.24555
-8.07411
-8.89685
-9.7138
-10.525
-11.3303
-12.13
-12.924
-13.7123
-14.4951
-15.2723
-16.0442
-16.8108
-17.5722
-18.3285
-19.0798
-19.8264
-20.5683
-21.3058
-22.0389
-22.7681
-23.4933
-24.215
-24.9334
-25.6487
-26.3613
-27.0716
-27.7798
-28.4865
-29.1919
-29.8966
-30.6011
-31.3059
-32.0115
-32.7186
-33.4277
-34.1396
-34.8548
-35.5742
-36.2985
-37.0284
-37.7647
-38.5083
-39.2599
-40.0203
-40.7903
-41.5707
-42.362
-43.1648
-43.9796
-44.8066
-45.6459
-46.4972
-47.3601
-48.2337
-49.1166
-50.007
-50.9026
-51.8006
-52.6974
-53.5891
-54.4711
-55.3387
-56.1866
-57.0097
-57.8029
-58.5613
-59.2808
-59.9579
-60.59
-61.1752
-61.7129
-62.2033
-62.6475
-63.0472
-63.4048
-63.7232
-64.0053
-64.2545
-64.474
-64.6669
-64.8363
-64.985
-65.1156
-65.2305
-65.3318
-65.4213
-65.5008
-65.5716
-65.635
-65.6922
-65.744
-65.7913
-65.8347
-65.8748
-65.9121
-65.9471
-65.98
-66.0113
-66.0411
-66.0697
-66.0973
-66.124
-66.15
-66.1753
-66.2001
-66.2244
-66.2484
-66.272
-66.2954
-66.3185
-66.3414
-66.3642
-66.3867
-66.4092
-66.4316
-66.4539
-66.4761
-66.4982
-66.5202
-66.5422
-66.5642
-66.5861
-66.608
-66.6299
-66.6517
-66.6734
-66.6952
-66.7169
-66.7386
-66.7602
-66.7819
-66.8035
-66.825
-66.8466
-66.868
-66.8895
-66.9109
-66.9323
-66.9537
-66.975
-66.9962
-67.0175
-67.0386
-67.0598
-67.0809
-67.1019
-67.1229
-67.1438
-67.1647
-67.1855
-67.2062
-67.2269
-67.2476
-67.2681
-67.2886
-67.3091
-67.3295
-67.3498
-67.37
-67.3901
-67.4102
-67.4302
-67.4502
-67.47
-67.4898
-67.5095
-67.5291
-67.5486
-67.5681
-67.5874
-67.6067
-67.6259
-67.645
-67.664
-67.6829
-67.7017
-67.7205
-67.7391
-67.7576
-67.7761
-67.7944
-67.8126
-67.8308
-67.8488
-67.8667
-67.8846
-67.9023
-67.9199
-67.9375
-67.9549
-67.9722
-67.8579
-67.6648
-67.4185
-67.1347
-66.8239
-66.494
-66.1507
-65.7986
-65.4412
-65.0811
-64.7205
-64.361
-64.004
-63.6505
-63.3013
-62.9572
-62.6186
-62.2859
-61.9596
-61.6399
-61.3269
-61.0207
-60.7216
-60.4295
-60.1445
-59.8666
-59.5957
-59.3318
-59.0749
-58.8249
-58.5817
-58.3452
-58.1153
-57.8919
-57.6749
-57.4642
-57.2596
-57.061
-56.8684
-56.6815
-56.5002
-56.3245
-56.1541
-55.989
-55.829
-55.674
-55.5239
-55.3786
-55.2379
-55.1017
-54.97
-54.8425
-54.7193
-54.6001
-54.4849
-54.3736
-54.266
-54.1622
-54.062
-53.9653
-53.872
-53.782
-53.6954
-53.6119
-53.5315
-53.4542
-53.3799
-53.3085
-53.24
-53.1742
-53.1112
-53.0508
-52.9931
-52.938
-52.8854
-52.8352
-52.7875
-52.7422
-52.6993
-52.6586
-52.6202
-52.5841
-52.5502
-52.5184
-52.4888
-52.4613
-52.4359
-52.4125
-52.3912
-52.3718
-52.3544
-52.339
-52.3255
-52.3139
-52.3042
-52.2963
-52.2903
-52.2861
-52.2838
-52.1842
-52.0281
-51.8347
-51.6153
-51.2808
-50.8781
-50.4311
-49.9543
-49.458
-48.9493
-48.4336
-47.9146
-47.3953
-46.8777
-46.3631
-45.8526
-45.3467
-44.8458
-44.35
-43.8593
-43.3734
-42.8921
-42.4149
-41.9414
-41.471
-41.0032
-40.5374
-40.0728
-39.6087
-39.1446
-38.6796
-38.2129
-37.7439
-37.2717
-36.7955
-36.3146
-35.8281
-35.3352
-34.835
-34.3268
-33.8097
-33.2827
-32.7452
-32.1962
-31.6348
-31.0603
-30.4718
-29.8685
-29.2495
-28.614
-27.9614
-27.2908
-26.6015
-25.893
-25.1646
-24.4158
-23.6462
-22.8554
-22.0432
-21.2093
-20.3538
-19.4768
-18.5784
-17.6592
-16.7196
-15.7604
-14.7827
-13.7876
-12.7767
-11.7518
-10.7153
-9.66983
-8.61901
-7.56702
-6.51903
-5.48126
-4.46116
-3.46737
-2.50976
-1.59915
-0.746979
0.0352701
0.736709
1.34774
1.86072
2.2704
2.57423
2.77231
2.86717
2.86339
2.76709
2.58542
2.32608
1.99694
1.6057
1.15967
0.665666
0.12991
-0.44198
-1.04498
-1.67464
-2.32699
-2.99857
-3.6863
-4.38748
-5.09972

