-65
-64.9994
-64.9988
-64.9982
-64.9977
-64.9971
-64.9965
-64.996
-64.9954
-64.9949
-64.9943
-64.9938
-64.9932
-64.9927
-64.9922
-64.9917
-64.9912
-64.9906
-64.9901
-64.9896
-64.9891
-64.9886
-64.9881
-64.9876
-64.9872
-64.9867
-64.9862
-64.9857
-64.9852
-64.9848
-64.9843
-64.9838
-64.9834
-64.9829
-64.9825
-64.982
-64.9816
-64.9811
-64.9807
-64.9802
-64.9798
-64.9794
-64.9789
-64.9785
-64.9781
-64.9777
-64.9772
-64.9768
-64.9764
-64.976
-64.9756
-64.9752
-64.9748
-64.9744
-64.974
-64.9736
-64.9732
-64.9728
-64.9725
-64.9721
-64.9717
-64.9713
-64.971
-64.9706
-64.9702
-64.9699
-64.9695
-64.9692
-64.9688
-64.9685
-64.9681
-64.9678
-64.9675
-64.9671
-64.9668
-64.9665
-64.9661
-64.9658
-64.9655
-64.9652
-64.9649
-64.9646
-64.9642
-64.9639
-64.9636
-64.9633
-64.963
-64.9628
-64.9625
-64.9622
-64.9619
-64.9616
-64.9613
-64.9611
-64.9608
-64.9605
-64.9603
-64.96
-64.9598
-64.9595
-64.9592
-64.959
-64.9588
-64.9585
-64.9583
-64.958
-64.9578
-64.9576
-64.9573
-64.9571
-64.9569
-64.9567
-64.9565
-64.9562
-64.956
-64.9558
-64.9556
-64.9554
-64.9552
-64.955
-64.9548
-64.9546
-64.9545
-64.9543
-64.9541
-64.9539
-64.9537
-64.9536
-64.9534
-64.9532
-64.9531
-64.9529
-64.9527
-64.9526
-64.9524
-64.9523
-64.9521
-64.952
-64.9519
-64.9517
-64.9516
-64.9514
-64.9513
-64.9512
-64.9511
-64.9509
-64.9508
-64.9507
-64.9506
-64.9505
-64.9504
-64.9503
-64.9502
-64.95
-64.9499
-64.9499
-64.9498
-64.9497
-64.9496
-64.9495
-64.9494
-64.9493
-64.9492
-64.9492
-64.9491
-64.949
-64.9489
-64.9489
-64.9488
-64.9487
-64.9487
-64.9486
-64.9486
-64.9485
-64.9485
-64.9484
-64.9484
-64.9483
-64.9483
-64.9482
-64.9482
-64.9482
-64.9481
-64.9481
-64.9481
-64.948
-64.948
-64.948
-64.948
-64.948
-64.9479
-64.9479
-64.9479
-64.9479
-64.9479
-64.9479
-64.9479
-64.9479
-64.9479
-64.9479
-64.9479
-64.9479
-64.9479
-64.9479
-64.9479
-64.9479
-64.9479
-64.9479
-64.948
-64.948
-64.948
-64.948
-64.9481
-64.9481
-64.9481
-64.9481
-64.9482
-64.9482
-64.9482
-64.9483
-64.9483
-64.9483
-64.9484
-64.9484
-64.9485
-64.9485
-64.9486
-64.9486
-64.9487
-64.9487
-64.9488
-64.9488
-64.9489
-64.9489
-64.949
-64.9491
-64.9491
-64.9492
-64.9492
-64.9493
-64.9494
-64.9494
-64.9495
-64.9496
-64.9497
-64.9497
-64.9498
-64.9499
-64.95
-64.95
-64.9501
-64.9502
-64.9503
-64.9504
-64.9504
-64.9505
-64.9506
-64.9507
-64.9508
-64.9509
-64.951
-64.951
-64.9511
-64.9512
-64.9513
-64.9514
-64.9515
-64.9516
-64.9517
-64.9518
-64.9519
-64.952
-64.9521
-64.9522
-64.9523
-64.9524
-64.9525
-64.9526
-64.9527
-64.9528
-64.9529
-64.953
-64.9532
-64.9533
-64.9534
-64.9535
-64.9536
-64.9537
-64.9538
-64.9539
-64.954
-64.9542
-64.9543
-64.9544
-64.9545
-64.9546
-64.9547
-64.9548
-64.955
-64.9551
-64.9552
-64.9553
-64.9554
-64.9556
-64.9557
-64.9558
-64.9559
-64.956
-64.9562
-64.9563
-64.9564
-64.9565
-64.9566
-64.9568
-64.9569
-64.957
-64.9571
-64.9573
-64.9574
-64.9575
-64.9576
-64.9578
-64.9579
-64.958
-64.9581
-64.9583
-64.9584
-64.9585
-64.9587
-64.9588
-64.9589
-64.959
-64.9592
-64.9593
-64.9594
-64.9595
-64.9597
-64.9598
-64.9599
-64.96
-64.9602
-64.9603
-64.9604
-64.9606
-64.9607
-64.9608
-64.9609
-64.9611
-64.9612
-64.9613
-64.9614
-64.9616
-64.9617
-64.9618
-64.962
-64.9621
-64.9622
-64.9623
-64.9625
-64.9626
-64.9627
-64.9628
-64.963
-64.9631
-64.9632
-64.9633
-64.9635
-64.9636
-64.9637
-64.9638
-64.964
-64.9641
-64.9642
-64.9643
-64.9645
-64.9646
-64.9647
-64.9648
-64.9649
-64.9651
-64.9652
-64.9653
-64.9654
-64.9655
-64.9657
-64.9658
-64.9659
-64.966
-64.9661
-64.9663
-64.9664
-64.9665
-64.9666
-64.9667
-64.9668
-64.967
-64.9671
-64.9672
-64.9673
-64.9674
-64.9675
-64.9677
-64.9678
-64.9679
-64.968
-64.9681
-64.9682
-64.9683
-64.9684
-64.9685
-64.9687
-64.9688
-64.9689
-64.969
-64.9691
-64.9692
-64.9693
-64.9694
-64.9695
-64.9696
-64.9697
-64.9698
-64.9699
-64.97
-64.9701
-64.9702
-64.9703
-64.9704
-64.9705
-64.9706
-64.9707
-64.9708
-64.9709
-64.971
-64.9711
-64.9712
-64.9713
-64.9714
-64.9715
-64.9716
-64.9717
-64.9718
-64.9719
-64.972
-64.9721
-64.9722
-64.9722
-64.9723
-64.9724
-64.9725
-64.9726
-64.9727
-64.9728
-64.9729
-64.9729
-64.973
-64.9731
-64.9732
-64.9733
-64.9734
-64.9734
-64.9735
-64.9736
-64.9737
-64.9738
-64.9738
-64.9739
-64.974
-64.9741
-64.9741
-64.9742
-64.9743
-64.9744
-64.9744
-64.9745
-64.9746
-64.9747
-64.9747
-64.9748
-64.9749
-64.9749
-64.975
-64.9751
-64.9751
-64.9752
-64.9753
-64.9753
-64.9754
-64.9755
-64.9755
-64.9756
-64.9757
-64.9757
-64.9758
-64.9758
-64.9759
-64.976
-64.976
-64.9761
-64.9761
-64.9762
-64.9762
-64.9763
-64.9764
-64.9764
-64.9765
-64.9765
-64.9766
-64.9766
-64.9767
-64.9767
-64.9768
-64.8422
-64.6201
-64.3335
-63.9968
-63.6205
-63.2124
-62.7788
-62.3247
-61.8543
-61.3708
-60.8768
-60.3748
-59.8664
-59.3531
-58.8362
-58.3166
-57.7951
-57.2724
-56.7489
-56.2249
-55.7007
-55.1763
-54.6517
-54.1268
-53.6014
-52.9693
-52.2718
-51.5289
-50.7526
-49.9505
-49.128
-48.2886
-47.4341
-46.5654
-45.6821
-44.7829
-43.8658
-42.9278
-41.9651
-40.9731
-39.9464
-38.8785
-37.7621
-36.5886
-35.3484
-34.0305
-32.6223
-31.1101
-29.4784
-27.71
-25.7865
-23.6884
-21.3956
-18.8885
-16.1499
-13.1668
-9.93388
-6.45707
-2.7577
1.12386
5.12632
9.16825
13.1527
16.9755
20.5354
23.7455
26.5414
28.8874
30.7772
32.2309
33.2889
34.0034
34.4307
34.6248
34.6332
34.4956
34.2431
33.8996
33.483
33.0065
32.4798
31.9104
31.3036
30.6639
29.9947
29.2988
28.5789
27.8369
27.0749
26.2947
25.4977
24.6856
23.8598
23.0216
22.1722
21.3129
20.4448
19.5689
18.6863
17.7978
16.9045
16.0072
15.1066
14.2035
13.2986
12.3926
11.4861
10.5796
9.67379
8.76903
7.86583
6.9646
6.06575
5.16962
4.27655
3.38683
2.50072
1.61849
0.740346
-0.133519
-1.00293
-1.86772
-2.72777
-3.58297
-4.43321
-5.27841
-6.1185
-6.95344
-7.78318
-8.6077
-9.42698
-10.241
-11.0498
-11.8534
-12.6519
-13.4452
-14.2334
-15.0166
-15.7948
-16.5682
-17.3368
-18.1008
-18.8602
-19.6153
-20.3661
-21.1128
-21.8556
-22.5947
-23.3304
-24.0628
-24.7923
-25.5191
-26.2436
-26.966
-27.6868
-28.4064
-29.1252
-29.8436
-30.5622
-31.2815
-32.0021
-32.7246
-33.4496
-34.1779
-34.9101
-35.647
-36.3894
-37.1381
-37.8939
-38.6577
-39.4303
-40.2126
-41.0055
-41.8096
-42.6256
-43.4543
-44.2961
-45.1513
-46.0199
-46.9018
-47.7964
-48.7029
-49.6199
-50.5453
-51.4768
-52.4113
-53.3451
-54.2737
-55.1925
-56.0961
-56.9789
-57.8352
-58.6596
-59.4469
-60.1925
-60.8926
-61.5445
-62.1464
-62.6977
-63.1987
-63.6507
-64.0558
-64.4167
-64.7366
-65.0189
-65.2671
-65.4847
-65.6751
-65.8417
-65.9873
-66.1147
-66.2264
-66.3246
-66.4111
-66.4877
-66.5559
-66.6168
-66.6717
-66.7214
-66.7666
-66.8082
-66.8466
-66.8823
-66.9158
-66.9473
-66.9772
-67.0058
-67.0332
-67.0596
-67.0851
-67.1099
-67.1341
-67.1578
-67.181
-67.2039
-67.2264
-67.2486
-67.2706
-67.2923
-67.3139
-67.3353
-67.3565
-67.3776
-67.3986
-67.4195
-67.4403
-67.461
-67.4816
-67.5021
-67.5226
-67.543
-67.5633
-67.5836
-67.6038
-67.6239
-67.644
-67.664
-67.684
-67.7039
-67.7237
-67.7435
-67.7632
-67.7828
-67.8024
-67.822
-67.8414
-67.8608
-67.8802
-67.8994
-67.9186
-67.9378
-67.9568
-67.9758
-67.9947
-68.0136
-68.0323
-68.051
-68.0696
-68.0882
-68.1066
-68.125
-68.1433
-68.1614
-68.1796
-68.1976
-68.2155
-68.2334
-68.2511
-68.2688
-68.2864
-68.3039
-68.3213
-68.3385
-68.3557
-68.3728
-68.3898
-68.4068
-68.4236
-68.4403
-68.4569
-68.4734
-68.4898
-68.5061
-68.5222
-68.5383
-68.5543
-68.5702
-68.5859
-68.6016
-68.6171
-68.6326
-68.6479
-68.6631
-68.6782
-68.6932
-68.7081
-68.7228
-68.7375
-68.752
-68.7665
-68.7808
-68.795
-68.809
-68.823
-68.8368
-68.8506
-68.8642
-68.8777
-68.891
-68.9043
-68.9174
-68.9304
-68.9433
-68.9561
-68.9688
-68.9813
-68.9937
-69.006
-69.0182
-69.0302
-69.0422
-69.054
-69.0657
-69.0773
-69.0887
-69.1
-69.1112
-69.1223
-69.1333
-69.1441
-69.1548
-69.1654
-69.1759
-69.1862
-69.1965
-69.2066
-69.2166
-69.2264
-69.2362
-69.2458
-69.2553
-69.2646
-69.2739
-69.283
-69.292
-69.3009
-69.3097
-69.3183
-69.3268
-69.3352
-69.3435
-69.3516
-69.3597
-69.3676
-69.3754
-69.383
-69.3906
-69.398
-69.4053
-69.4125
-69.4196
-69.4265
-69.4334
-69.4401
-69.4467
-69.4531
-69.4595
-69.4657
-69.4718
-69.4778
-69.4837
-69.4895
-69.4951
-69.5007
-69.5061
-69.5114
-69.5166
-69.5216
-69.5266
-69.5314
-69.5361
-69.5407
-69.4057
-69.1833
-68.8992
-68.5693
-68.2049
-67.8143
-67.4041
-66.9794
-66.5444
-66.1023
-65.6557
-65.207
-64.7578
-64.3096
-63.8636
-63.4208
-62.982
-62.548
-62.1193
-61.6964
-61.2797
-60.8695
-60.4661
-60.0696
-59.6804
-59.2984
-58.9238
-58.5566
-58.1968
-57.8445
-57.4996
-57.1621
-56.8318
-56.5087
-56.1927
-55.8837
-55.5815
-55.286
-54.9971
-54.7145
-54.4381
-54.1677
-53.9031
-53.6442
-53.3907
-53.1424
-52.8992
-52.5593
-52.1642
-51.7336
-51.2791
-50.8087
-50.3279
-49.8406
-49.3499
-48.8578
-48.3655
-47.8742
-47.3842
-46.8959
-46.4092
-45.9239
-45.4396
-44.9559
-44.472
-43.9873
-43.5009
-43.0119
-42.5194
-42.0222
-41.5192
-41.0091
-40.4908
-39.9626
-39.4233
-38.8711
-38.3045
-37.7216
-37.1205
-36.4994
-35.856
-35.1881
-34.4934
-33.7692
-33.013
-32.222
-31.3933
-30.5238
-29.6103
-28.6497
-27.6387
-26.5741
-25.4526
-24.2711
-23.027
-21.7178
-20.3414
-18.8968
-17.3833
-15.8017
-14.1539
-12.4432
-10.6747
-8.85521
-6.99369
-5.10114
-3.19075
-1.27787
0.620064
2.48366
4.29183
6.02229
7.65216
9.15902
10.5221
11.7237
12.7505
13.5946
14.2538
14.7315
15.0363
15.1802
15.1777
15.0445
14.7963
14.4483
14.0141
13.5064
12.936
12.3123
11.6434
10.9363
10.1968
9.43003
8.64018
7.831
7.00568
6.16701
5.31742
4.45903
3.59371
2.72314
1.84877
0.971909
0.0937258
-0.784753
-1.66261
-2.53903
-3.41328
-4.28473
-5.15281
-6.01701
-6.8769
-7.7321
-8.58227
-9.42713
-10.2664
-11.1
-11.9276
-12.7491
-13.5644
-14.3735
-15.1762
-15.9726
-16.7626
-17.5463
-18.3236
-19.0946
-19.8594
-20.6181
-21.3708
-22.1176
-22.8586
-23.5939
-24.3239
-25.0487
-25.7684
-26.4833
-27.1937
-27.8999
-28.6021
-29.3007
-29.996
-30.6884
-31.3782
-32.0659
-32.752
-33.4368
-34.1209
-34.8048
-35.489
-36.174
-36.8605
-37.5491
-38.2403
-38.9348
-39.6332
-40.3362
-41.0444
-41.7584
-42.4789
-43.2065
-43.9416
-44.6849
-45.4367
-46.1973
-46.967
-47.7459
-48.5336
-49.33
-50.1344
-50.9459
-51.7633
-52.5849
-53.4087
-54.2324
-55.053
-55.8672
-56.6714
-57.4617
-58.2339
-58.9837
-59.707
-60.3997
-61.0585
-61.6802
-62.2626
-62.804
-63.3037
-63.7616
-64.1784
-64.5556
-64.8949
-65.1987
-65.4696
-65.7103
-65.9236
-66.1122
-66.2787
-66.4258
-66.5557
-66.6706
-66.7723
-66.8627
-66.9433
-67.0153
-67.08
-67.1385
-67.1915
-67.2399
-67.2844
-67.3254
-67.3636
-67.3992
-67.4327
-67.4643
-67.4944
-67.5231
-67.4272
-67.2617
-67.0524
-66.8144
-66.5578
-66.2892
-66.0138
-65.7349
-65.4552
-65.1766
-64.9006
-64.6283
-64.3603
-64.0973
-63.8396
-63.5877
-63.3416
-63.1016
-62.8676
-62.6398
-62.4181
-62.2025
-61.9929
-61.7894
-61.5917
-61.3998
-61.2136
-61.033
-60.8579
-60.6881
-60.5236
-60.3643
-60.2099
-60.0605
-59.9159
-59.7759
-59.6405
-59.5096
-59.383
-59.2606
-59.1424
-59.0282
-58.9179
-58.8115
-58.7088
-58.6098
-58.5143
-58.4223
-58.3337
-58.2484
-58.1662
-58.0873
-58.0114
-57.9385
-57.8685
-57.8014
-57.737
-57.6754
-57.6164
-57.56
-57.5061
-57.4547
-57.4058
-57.3591
-57.3148
-57.2727
-57.2329
-57.1952
-57.1595
-57.126
-57.0944
-57.0648
-57.0372
-57.0114
-56.9874
-56.9653
-56.9449
-56.9262
-56.9092
-56.8939
-56.8802
-56.868
-56.8574
-56.8483
-56.8407
-56.8346
-56.8298
-56.8265
-56.8245
-56.8238
-56.8244
-56.8264
-56.8295
-56.8339
-56.8395
-56.8463
-56.8542
-56.8632
-56.8733
-56.8845
-56.8968
-56.9101
-56.9244
-56.9397
-56.9559
-56.9731
-56.9913
-57.0103
-57.0302
-57.051
-57.0727
-57.0951
-57.1184
-57.1425
-57.1673
-57.1929
-57.2192
-57.2463
-57.274
-57.3025
-57.3316
-57.3614
-57.3918
-57.4228
-57.4545
-57.4867
-57.5196
-57.553
-57.5869
-57.6214
-57.6564
-57.6919
-57.7279
-57.7644
-57.8013
-57.8388
-57.8766
-57.9149
-57.9536
-57.9927
-58.0322
-58.0721
-58.1124
-58.153
-58.1939
-58.2352
-58.2768
-58.3187
-58.361
-58.4035
-58.4463
-58.4894
-58.5327
-58.5763
-58.6201
-58.6642
-58.7084
-58.7529
-58.7976
-58.8425
-58.8876
-58.9328
-58.9783
-59.0238
-59.0696
-59.1155
-59.1615
-59.2076
-59.2539
-59.3002
-59.3467
-59.3933
-59.4399
-59.4867
-59.5335
-59.5804
-59.6273
-59.6743
-59.7214
-59.7685
-59.8156
-59.8628
-59.91
-59.9572
-60.0044
-60.0516
-60.0989
-60.1461
-60.1933
-60.2405
-60.2877
-60.3349
-60.382
-60.4291
-60.4761
-60.5231
-60.5701
-60.617
-60.6639
-60.7107
-60.7574
-60.804
-60.8506
-60.8971
-60.9436
-60.9899
-61.0361
-61.0823
-61.1284
-61.1743
-61.2202
-61.266
-61.3116
-61.3571
-61.4026
-61.4479
-61.493
-61.5381
-61.583
-61.6278
-61.6725
-61.7171
-61.7615
-61.8057
-61.8499
-61.8938
-61.9377
-61.9814
-62.0249
-62.0683
-62.1115
-62.1546
-62.1975
-62.2403
-62.2829
-62.3253
-62.3676
-62.4097
-62.4516
-62.4934
-62.535
-62.5764
-62.6176
-62.6587
-62.6996
-62.7403
-62.7809
-62.8212
-62.8614
-62.9014
-62.9412
-62.9808
-63.0203
-63.0595
-63.0986
-63.1375
-63.1762
-63.2147
-63.253
-63.2911
-63.329
-63.3668
-63.4043
-63.4416
-63.4788
-63.5157
-63.5525
-63.5891
-63.6254
-63.6616
-63.6976
-63.7333
-63.7689
-63.8043
-63.8394
-63.8744
-63.9092
-63.9437
-63.9781
-64.0123
-64.0463
-64.08
-64.1136
-64.1469
-64.1801
-64.2131
-64.2458
-64.2784
-64.3107
-64.3429
-64.3748
-64.4066
-64.4381
-64.4694
-64.5006
-64.5315
-64.5622
-64.5928
-64.6231
-64.6532
-64.6831
-64.7129
-64.7424
-64.7717
-64.8008
-64.8297
-64.8585
-64.887
-64.9153
-64.9434
-64.9713
-64.999
-65.0266
-65.0539
-65.081
-65.1079
-65.1346
-65.1612
-65.1875
-65.2136
-65.2396
-65.2653
-65.2909
-65.3162
-65.3414
-65.3663
-65.3911
-65.4157
-65.44
-65.4642
-65.4882
-65.512
-65.5356
-65.559
-65.5823
-65.6053
-65.6281
-65.6508
-65.6733
-65.6955
-65.7176
-65.7395
-65.7612
-65.7828
-65.8041
-65.8253
-65.8462
-65.867
-65.8876
-65.9081
-65.9283
-65.9484
-65.9682
-65.9879
-66.0075
-66.0268
-66.046
-66.0649
-66.0838
-66.1024
-66.1208
-66.1391
-66.1572
-66.1751
-66.1929
-66.2105
-66.2279
-66.2451
-66.2622
-66.279
-66.2958
-66.3123
-66.3287
-66.3449
-66.3609
-66.3768
-66.3925
-66.4081
-66.4235
-66.4387
-66.4537
-66.4686
-66.4833
-66.4979
-66.5123
-66.5265
-66.5406
-66.5545
-66.5683
-66.5819
-66.5954
-66.6087
-66.6218
-66.6348
-66.6476
-66.6603
-66.6728
-66.6852
-66.6974
-66.7095
-66.7214
-66.7331
-66.7448
-66.7562
-66.7675
-66.7787
-66.7897
-66.8006
-66.8114
-66.822
-66.8324
-66.8427
-66.8529
-66.8629
-66.8728
-66.8825
-66.8921
-66.9016
-66.9109
-66.9201
-66.9291
-66.9381
-66.9468
-66.9555
-66.964
-66.9724
-66.9806
-66.9887
-66.9967
-67.0046
-67.0123
-67.0199
-67.0273
-67.0347
-67.0419
-67.049
-67.0559
-67.0628
-67.0695
-67.0761
-67.0825
-67.0889
-67.0951
-67.1012
-67.1072
-67.113
-67.1188
-67.1244
-67.1299
-67.1353
-67.1405
-67.1457
-67.1507
-67.1557
-67.1605
-67.1652
-67.1697
-67.1742
-67.1786
-67.1828
-67.187
-67.191
-67.195
-67.1988
-67.2025
-67.2061
-67.2096
-67.213
-67.2163
-67.2195
-67.2226
-67.2256
-67.2284
-67.2312
-67.2339
-67.2365
-67.239
-67.2414
-67.2437
-67.2458
-67.2479
-67.2499
-67.2518
-67.2537
-67.2554
-67.257
-67.2585
-67.26
-67.2613
-67.2626
-67.2637
-67.2648
-67.2658
-67.2667
-67.2675
-67.2682
-67.2689
-67.2694
-67.2699
-67.2703
-67.2706
-67.2708
-67.2709
-67.271
-67.2709
-67.2708
-67.2706
-67.2704
-67.27
-67.2696
-67.2691
-67.2685
-67.2678
-67.2671
-67.2663
-67.2654
-67.2644
-67.2634
-67.2623
-67.2611
-67.2599
-67.2585
-67.2571
-67.2557
-67.2541
-67.2525
-67.2508
-67.2491
-67.2473
-67.2454
-67.2435
-67.2415
-67.2394
-67.2372
-67.235
-67.2328
-67.2304
-67.228
-67.2256
-67.223
-67.2205
-67.2178
-67.2151
-67.2123
-67.2095
-67.2066
-67.2037
-67.2007
-67.1976
-67.1945
-67.1914
-67.1881
-67.1849
-67.1815
-67.1781
-67.1747
-67.1712
-67.1676
-67.164
-67.1604
-67.1567
-67.1529
-67.1491
-67.1453
-67.1414
-67.1374
-67.1334
-67.1294
-67.1253
-67.1212
-67.117
-67.1128
-67.1085
-67.1042
-67.0998
-67.0954
-67.0909
-67.0864
-67.0819
-67.0773
-67.0727
-67.0681
-67.0634
-67.0586
-67.0538
-67.049
-67.0442
-67.0393
-67.0343
-67.0294
-67.0243
-67.0193
-67.0142
-67.0091
-67.004
-66.9988
-66.9935
-66.9883
-66.983
-66.9777
-66.9723
-66.9669
-66.9615
-66.9561
-66.9506
-66.9451
-66.9395
-66.934
-66.9284
-66.9227
-66.9171
-66.9114
-66.9057
-66.8999
-66.8942
-66.8884
-66.8825
-66.8767
-66.8708
-66.8649
-66.859
-66.853
-66.8471
-66.8411
-66.835
-66.829
-66.8229
-66.8168
-66.8107
-66.8046
-66.7984
-66.7922
-66.6479
-66.4141
-66.1147
-65.7645
-65.3743
-64.9522
-64.5048
-64.0373
-63.5539
-63.058
-62.5525
-62.0397
-61.5215
-60.9996
-60.4752
-59.9495
-59.4234
-58.8976
-58.3727
-57.8493
-57.3277
-56.8082
-56.2911
-55.7764
-55.2641
-54.7542
-54.2467
-53.7412
-53.2375
-52.7353
-52.2341
-51.7334
-51.2326
-50.7309
-50.2277
-49.7219
-49.2126
-48.6986
-48.1787
-47.6515
-47.1154
-46.5687
-46.0094
-45.4354
-44.8444
-44.2336
-43.6002
-42.9407
-42.2516
-41.5286
-40.7671
-39.9619
-39.1068
-38.1954
-37.2199
-36.1719
-35.0415
-33.8179
-32.4888
-31.0404
-29.4574
-27.723
-25.8192
-23.7267
-21.4261
-18.8986
-16.1278
-13.1021
-9.81779
-6.28288
-2.52153
1.42225
5.48226
9.57078
13.5832
17.4072
20.9344
24.0741
26.7632
28.9728
30.7071
31.9976
32.8941
33.4548
33.7381
33.7976
33.6788
33.4187
33.0462
32.5835
32.0474
31.4503
30.8017
30.109
29.3779
28.6128
27.8177
26.9956
26.1495
25.2817
24.3945
23.4899
22.5699
21.6362
20.6903
19.734
18.7685
17.7952
16.8154
15.8303
14.8409
13.8484
12.8535
11.8574
10.8606
9.86415
8.86859
7.87461
6.8828
5.8937
4.90781
3.92558
2.94741
1.97366
1.00465
0.0406818
-0.918004
-1.87118
-2.81867
-3.76029
-4.69592
-5.62544
-6.54876
-7.46581
-8.37656
-9.28096
-10.179
-11.0707
-11.9561
-12.8352
-13.7081
-14.5748
-15.4354
-16.29
-17.1388
-17.9819
-18.8193
-19.6513
-20.4781
-21.2998
-22.1166
-22.9289
-23.7368
-24.5406
-25.3408
-26.1375
-26.9312
-27.7223
-28.5112
-29.2983
-30.0843
-30.8696
-31.6548
-32.4405
-33.2275
-34.0164
-34.808
-35.6031
-36.4025
-37.207
-38.0177
-38.8354
-39.6612
-40.4959
-41.3407
-42.1965
-43.0642
-43.9448
-44.8391
-45.748
-46.6719
-47.6115
-48.5669
-49.538
-50.5245
-51.5254
-52.5396
-53.5651
-54.5994
-55.6394
-56.6811
-57.7199
-58.7504
-59.7669
-60.7628
-61.7316
-62.6666
-63.5614
-64.4102
-65.2079
-65.9507
-66.6358
-67.262
-67.8293
-68.3387
-68.7927
-69.1943
-69.5472
-69.8556
-70.1237
-70.3558
-70.556
-70.7283
-70.8763
-71.0032
-71.112
-71.2053
-71.2854
-71.3542
-71.4134
-71.4645
-71.5088
-71.5473
-71.5808
-71.6102
-71.6361
-71.659
-71.6794
-71.6977
-71.7142
-71.7291
-71.7428
-71.7553
-71.7669
-71.7776
-71.7877
-71.7971
-71.8061
-71.8145
-71.8226
-71.8304
-71.8378
-71.845
-71.852
-71.8587
-71.8653
-71.8717
-71.8779
-71.884
-71.89
-71.8958
-71.9016
-71.9072
-71.9127
-71.9182
-71.9235
-71.9288
-71.934
-71.9391
-71.9441
-71.9491
-71.9539
-71.9587
-71.9635
-71.9681
-71.9727
-71.9772
-71.9816
-71.9859
-71.9902
-71.9944
-71.9985
-72.0025
-72.0065
-72.0104
-72.0142
-72.0179
-72.0216
-72.0252
-72.0287
-72.0321
-72.0354
-72.0387
-72.0419
-72.045
-72.048
-72.0509
-72.0537
-72.0565
-72.0592
-71.9218
-71.7006
-71.423
-71.1055
-70.7597
-70.3939
-70.0145
-69.6263
-69.2329
-68.8373
-68.4418
-68.0481
-67.6577
-67.2716
-66.8908
-66.5159
-66.1475
-65.786
-65.4317
-65.0849
-64.7457
-64.4143
-64.0908
-63.775
-63.4672
-63.1672
-62.875
-62.5906
-62.3138
-62.0445
-61.7827
-61.5282
-61.2809
-61.0407
-60.8075
-60.581
-60.3612
-60.1479
-59.941
-59.7404
-59.5458
-59.3572
-59.1743
-58.9972
-58.8256
-58.6593
-58.4984
-58.3425
-58.1917
-58.0457
-57.9045
-57.7679
-57.6359
-57.5082
-57.3848
-57.2656
-57.1505
-57.0393
-56.932
-56.8285
-56.7286
-56.6324
-56.5397
-56.4503
-56.3643
-56.2816
-56.202
-56.1256
-56.0521
-55.9817
-55.9141
-55.8493
-55.7874
-55.7281
-55.6715
-55.6174
-55.5659
-55.5169
-55.4703
-55.4261
-55.3842
-55.3446
-55.3072
-55.2721
-55.2391
-55.2082
-55.1794
-55.1526
-55.1278
-55.105
-55.0842
-55.0652
-55.0481
-55.0328
-55.0194
-55.0077
-54.9977
-54.9895
-54.9829
-54.978
-54.9748
-54.9731
-54.973
-54.9745
-54.9776
-54.9821
-54.9881
-54.9956
-55.0045
-55.0148
-55.0265
-55.0396
-55.0541
-55.0699
-55.087
-55.1053
-55.125
-55.1459
-55.168
-55.1913
-55.2159
-55.2415
-55.2684
-55.2963
-55.3254
-55.3556
-55.3868
-55.4191
-55.4524
-55.4868
-55.5221
-55.5584
-55.5957
-55.6339
-55.6731
-55.7131
-55.754
-55.7958
-55.8384
-55.8819
-55.9262
-55.9712
-56.0171
-56.0636
-56.111
-56.159
-56.2077
-56.2571
-56.3072
-56.3579
-56.4092
-56.4611
-56.5136
-56.5667
-56.6204
-56.6745
-56.7292
-56.7844
-56.84
-56.8961
-56.9527
-57.0096
-57.067
-57.1248
-57.183
-57.2415
-57.3003
-57.3595
-57.4189
-57.4787
-57.5387
-57.599
-57.6596
-57.7203
-57.7813
-57.8425
-57.9038
-57.9653
-58.027
-58.0888
-58.1507
-58.2128
-58.2749
-58.3371
-58.3994
-58.4618
-58.5242
-58.5866
-58.649
-58.7115
-58.7739
-58.8364
-58.8988
-58.9611
-59.0234
-59.0857
-59.1479
-59.21
-59.2721
-59.334
-59.3958
-59.4575
-59.5191
-59.5806
-59.6419
-59.7031
-59.7641
-59.8249
-59.8856
-59.9461
-60.0064
-60.0666
-60.1265
-60.1862
-60.2457
-60.3051
-60.3641
-60.423
-60.4816
-60.54
-60.5982
-60.6561
-60.7138
-60.7712
-60.8284
-60.8853
-60.9419
-60.9983
-61.0544
-61.1102
-61.1658
-61.221
-61.276
-61.3307
-61.3852
-61.4393
-61.4931
-61.5467
-61.5999
-61.6529
-61.7056
-61.7579
-61.81
-61.8618
-61.9132
-61.9644
-62.0153
-62.0658
-62.116
-62.166
-62.2156
-62.2649
-62.3139
-62.3626
-62.411
-62.4591
-62.5069
-62.5544
-62.6015
-62.6484
-62.6949
-62.7411
-62.787
-62.8326
-62.8779
-62.9229
-62.9676
-63.012
-63.056
-63.0998
-63.1432
-63.1864
-63.2292
-63.2718
-63.314
-63.3559
-63.3975
-63.4389
-63.4799
-63.5206
-63.561
-63.6012
-63.641
-63.6805
-63.7197
-63.7587
-63.7973
-63.8357
-63.8737
-63.9115
-63.949
-63.9862
-64.0231
-64.0597
-64.096
-64.1321
-64.1679
-64.2033
-64.2385
-64.2735
-64.3081
-64.3425
-64.3766
-64.4104
-64.4439
-64.4772
-64.5102
-64.5429
-64.5753
-64.6075
-64.6395
-64.6711
-64.7025
-64.7336
-64.7645
-64.7951
-64.8254
-64.8555
-64.8853
-64.9149
-64.9442
-64.9733
-65.0021
-65.0306
-65.0589
-65.087
-65.1148
-65.1424
-65.1697
-65.1968
-65.2236
-65.2502
-65.2765
-65.3026
-65.3285
-65.3541
-65.3795
-65.4047
-65.4296
-65.4543
-65.4788
-65.503
-65.527
-65.5508
-65.5743
-65.5976
-65.6207
-65.6436
-65.6663
-65.6887
-65.7109
-65.7329
-65.7547
-65.7763
-65.7976
-65.8188
-65.8397
-65.8604
-65.8809
-65.9012
-65.9213
-65.9411
-65.9608
-65.9803
-65.9995
-66.0186
-66.0374
-66.0561
-66.0746
-66.0928
-66.1109
-66.1287
-66.1464
-66.1639
-66.1812
-66.1983
-66.2152
-66.2319
-66.2484
-66.2647
-66.2809
-66.2968
-66.3126
-66.3282
-66.2081
-66.0012
-65.7313
-65.4136
-65.0585
-64.6742
-64.2671
-63.8422
-63.4036
-62.9546
-62.4979
-62.0358
-61.57
-61.1023
-60.6337
-60.1653
-59.6981
-59.2328
-58.77
-58.3102
-57.8539
-57.4014
-56.9529
-56.5087
-56.0689
-55.6337
-55.2029
-54.7768
-54.3551
-53.9378
-53.5247
-53.1157
-52.7105
-52.3089
-51.9106
-51.5152
-51.1222
-50.7314
-50.3422
-49.9541
-49.5666
-49.179
-48.7906
-48.4009
-48.009
-47.6141
-47.2153
-46.8118
-46.4024
-45.9861
-45.5617
-45.1279
-44.6833
-44.2265
-43.7557
-43.2693
-42.7651
-42.2412
-41.695
-41.1241
-40.5256
-39.8963
-39.2327
-38.531
-37.7868
-36.9954
-36.1515
-35.2492
-34.2821
-33.243
-32.124
-30.9165
-29.6112
-28.198
-26.6663
-25.0052
-23.2033
-21.25
-19.1356
-16.852
-14.3948
-11.7637
-8.96501
-6.01329
-2.93316
0.239381
3.45645
6.65931
9.78107
12.7513
15.5021
17.9745
20.1248
21.9274
23.3764
24.4834
25.2731
25.7787
26.0373
26.0855
25.9575
25.6834
25.2887
24.7945
24.218
23.573
22.8708
22.1201
21.3285
20.5018
19.6452
18.7628
17.8582
16.9348
15.9951
15.0418
14.0769
13.1026
12.1205
11.1323
10.1395
9.14342
8.14527
7.14617
6.1471
5.14899
4.15264
3.1588
2.16812
1.18122
0.198598
-0.779258
-1.75194
-2.71908
-3.68037
-4.63553
-5.58433
-6.52658
-7.46211
-8.39079
-9.31253
-10.2273
-11.1349
-12.0355
-12.9289
-13.8153
-14.6947
-15.567
-16.4325
-17.2911
-18.1431
-18.9884
-19.8274
-20.66
-21.4866
-22.3073
-23.1224
-23.932
-24.7365
-25.5362
-26.3313
-27.1222
-27.9094
-28.6931
-29.4739
-30.2522
-31.0285
-31.8033
-32.5772
-33.3508
-34.1248
-34.8997
-35.6764
-36.4556
-37.238
-38.0244
-38.8157
-39.6127
-40.4163
-41.2273
-42.0467
-42.8752
-43.7138
-44.5633
-45.4242
-46.2973
-47.1831
-48.082
-48.994
-49.9192
-50.8572
-51.8073
-52.7683
-53.7388
-54.7167
-55.6994
-56.6837
-57.6659
-58.6416
-59.606
-60.5537
-61.4793
-62.377
-63.2412
-64.0665
-64.8483
-65.5825
-66.2661
-66.8971
-67.4746
-67.9989
-68.4712
-68.8936
-69.2689
-69.6002
-69.8913
-70.1458
-70.3674
-70.5599
-70.7266
-70.8707
-70.9952
-71.1026
-71.1954
-71.2756
-71.3449
-71.405
-71.4572
-71.5026
-71.5424
-71.5772
-71.6079
-71.635
-71.6592
-71.6807
-71.7001
-71.7175
-71.7334
-71.7479
-71.7612
-71.7735
-71.785
-71.7956
-71.8056
-71.8151
-71.824
-71.8326
-71.8407
-71.8485
-71.856
-71.8632
-71.8702
-71.877
-71.8836
-71.89
-71.8963
-71.9024
-71.9084
-71.9142
-71.9199
-71.9255
-71.931
-71.9364
-71.9417
-71.9469
-71.952
-71.957
-71.9619
-71.9668
-71.9715
-71.9762
-71.9807
-71.9852
-71.9896
-71.994
-71.9982
-72.0024
-72.0065
-72.0104
-72.0144
-72.0182
-72.0219
-72.0256
-72.0292
-72.0326
-72.036
-72.0394
-72.0426
-72.0457
-72.0488
-72.0518
-72.0547
-72.0574
-72.0602
-72.0628
-72.0653
-72.0677
-72.0701
-72.0723
-72.0745
-72.0766
-72.0786
-72.0805
-72.0823
-72.084
-72.0856
-72.0871
-72.0885
-72.0898
-72.0911
-72.0922
-72.0933
-72.0942
-72.0951
-72.0958
-72.0965
-72.097
-72.0975
-72.0979
-72.0982
-72.0983
-72.0984
-72.0984
-72.0983
-72.0981
-72.0977
-72.0973
-72.0968
-72.0962
-72.0955
-72.0947
-72.0938
-72.0928
-72.0917
-72.0904
-72.0891
-72.0877
-72.0862
-72.0846
-72.0829
-72.0811
-72.0792
-72.0772
-72.0751
-72.0729
-72.0706
-72.0682
-72.0657
-72.0631
-72.0604
-72.0576
-72.0547
-72.0517
-72.0487
-72.0455
-72.0422
-72.0388
-72.0353
-72.0317
-72.028
-72.0243
-72.0204
-72.0164
-72.0123
-72.0082
-72.0039
-71.9995
-71.9951
-71.9905
-71.9859
-71.9811
-71.9763
-71.9713
-71.9663
-71.9612
-71.9559
-71.9506
-71.9452
-71.9397
-71.9341
-71.9284
-71.9226
-71.9167
-71.9107
-71.9047
-71.8985
-71.8922
-71.8859
-71.8795
-71.8729
-71.8663
-71.8596
-71.8528
-71.8459
-71.839
-71.8319
-71.8247
-71.8175
-71.8102
-71.8027
-71.7952
-71.7876
-71.78
-71.7722
-71.7644
-71.7564
-71.7484
-71.7403
-71.7321
-71.7238
-71.7155
-71.707
-71.6985
-71.6899
-71.6812
-71.6724
-71.6636
-71.6546
-71.6456
-71.6365
-71.6274
-71.6181
-71.6088
-71.5994
-71.5899
-71.5803
-71.5707
-71.561
-71.5512
-71.5413
-71.5314
-71.5213
-71.5112
-71.5011
-71.4908
-71.4805
-71.4701
-71.4597
-71.4491
-71.4385
-71.4279
-71.4171
-71.4063
-71.3954
-71.3845
-71.3735
-71.3624
-71.3512
-71.34
-71.3287
-71.3173
-71.3059
-71.2944
-71.2829
-71.2713
-71.2596
-71.2478
-71.236
-71.2242
-71.2122
-71.2002
-71.1882
-71.1761
-71.1639
-71.1517
-71.1394
-71.127
-71.1146
-71.1022
-71.0896
-71.0771
-71.0644
-71.0517
-71.039
-71.0262
-71.0133
-71.0004
-70.9875
-70.9744
-70.9614
-70.9483
-70.9351
-70.9219
-70.9086
-70.8953
-70.8819
-70.8685
-70.855
-70.8415
-70.8279
-70.8143
-70.8007
-70.787
-70.7732
-70.7594
-70.7456
-70.7317
-70.7178
-70.7038
-70.6898
-70.6758
-70.6617
-70.6475
-70.6334
-70.6191
-70.6049
-70.5906
-70.5763
-70.5619
-70.5475
-70.533
-70.5186
-70.504
-70.4895
-70.4749
-70.4603
-70.4456
-70.4309
-70.4162
-70.4014
-70.3866
-70.3718
-70.357
-70.3421
-70.3272
-70.3122
-70.2972
-70.2822
-70.2672
-70.2521
-70.237
-70.2219
-70.2068
-70.1916
-70.1764
-70.1612
-70.1459
-70.1306
-70.1153
-70.1
-70.0847
-70.0693
-70.0539
-70.0385
-70.0231
-70.0076
-69.9921
-69.9766
-69.9611
-69.9456
-69.93
-69.9145
-69.8989
-69.8832
-69.8676
-69.852
-69.8363
-69.8206
-69.8049
-69.7892
-69.7735
-69.7578
-69.742
-69.7263
-69.7105
-69.6947
-69.6789
-69.6631
-69.6472
-69.6314
-69.6156
-69.5997
-69.5838
-69.568
-69.5521
-69.5362
-69.5203
-69.5044
-69.4884
-69.4725
-69.4566
-69.4406
-69.4247
-69.4087
-69.3928
-69.3768
-69.3608
-69.3449
-69.3289
-69.3129
-69.2969
-69.2809
-69.265
-69.249
-69.233
-69.217
-69.201
-69.185
-69.169
-69.153
-69.137
-69.121
-69.105
-69.089
-69.073
-69.057
-69.0411
-69.0251
-69.0091
-68.9931
-68.9771
-68.9612
-68.9452
-68.9292
-68.9133
-68.8973
-68.8814
-68.8655
-68.8495
-68.8336
-68.8177
-68.8018
-68.7859
-68.77
-68.7541
-68.7382
-68.7223
-68.7065
-68.6906
-68.6748
-68.6589
-68.6431
-68.6273
-68.6115
-68.5957
-68.5799
-68.5641
-68.5484
-68.5326
-68.5169
-68.5012
-68.4854
-68.4697
-68.4541
-68.4384
-68.4227
-68.4071
-68.3915
-68.3758
-68.3603
-68.3447
-68.3291
-68.3135
-68.298
-68.2825
-68.267
-68.2515
-68.236
-68.2206
-68.2051
-68.1897
-68.1743
-68.1589
-68.1435
-68.1282
-68.1129
-68.0975
-68.0822
-68.067
-68.0517
-68.0365
-68.0213
-68.0061
-67.9909
-67.9757
-67.9606
-67.9455
-67.9304
-67.9153
-67.9003
-67.8853
-67.8703
-67.8553
-67.8403
-67.8254
-67.8105
-67.7956
-67.7807
-67.7658
-67.751
-67.7362
-67.7214
-67.7067
-67.692
-67.6773
-67.6626
-67.6479
-67.6333
-67.6187
-67.6041
-67.5895
-67.575
-67.5605
-67.546
-67.5316
-67.5171
-67.5027
-67.4884
-67.474
-67.4597
-67.4454
-67.4311
-67.4169
-67.4027
-67.3885
-67.3743
-67.3602
-67.3461
-67.332
-67.318
-67.304
-67.29
-67.276
-67.2621
-67.2482
-67.2343
-67.2205
-67.2067
-67.1929
-67.1791
-67.1654
-67.1517
-67.138
-67.1244
-67.1108
-67.0972
-67.0837
-67.0701
-67.0566
-67.0432
-67.0298
-67.0164
-67.003
-66.9897
-66.9764
-66.9631
-66.9499
-66.9367
-66.9235
-66.9104
-66.8973
-66.8842
-66.8712
-66.8582
-66.8452
-66.8323
-66.8193
-66.8065
-66.7936
-66.7808
-66.768
-66.7553
-66.7426
-66.7299
-66.7172
-66.7046
-66.692
-66.6795
-66.667
-66.6545
-66.642
-66.6296
-66.6172
-66.6049
-66.5926
-66.5803
-66.5681
-66.5559
-66.5437
-66.5316
-66.5195
-66.5074
-66.4954
-66.4834
-66.4714
-66.4595
-66.4476
-66.4358
-66.424
-66.4122
-66.4005
-66.3887
-66.3771
-66.3654
-66.3538
-66.3423
-66.3307
-66.3193
-66.3078
-66.2964
-66.285
-66.2736
-66.2623
-66.2511
-66.2398
-66.2286
-66.2175
-66.2063
-66.1952
-66.1842
-66.1732
-66.1622
-66.1512
-66.1403
-66.1295
-66.1186
-66.1078
-66.0971
-66.0864
-66.0757
-66.065
-66.0544
-66.0439
-66.0333
-66.0229
-66.0124
-66.002
-65.9916
-65.9813
-65.971
-65.9608
-65.9505
-65.9404
-65.9302
-65.9201
-65.9101
-65.9
-65.8901
-65.8801
-65.8702
-65.8603
-65.8505
-65.8407
-65.831
-65.8212
-65.8116
-65.8019
-65.7923
-65.7828
-65.7732
-65.7638
-65.7543
-65.7449
-65.7355
-65.7262
-65.7169
-65.7077
-65.6985
-65.6893
-65.6802
-65.6711
-65.662
-65.653
-65.644
-65.6351
-65.6262
-65.6174
-65.6086
-65.5998
-65.5911
-65.5824
-65.5737
-65.5651
-65.5566
-65.548
-65.5396
-65.5311
-65.5227
-65.5144
-65.506
-65.4978
-65.4895
-65.4813
-65.4732
-65.4651
-65.457
-65.4489
-65.441
-65.433
-65.4251
-65.4172
-65.4094
-65.4016
-65.3939
-65.3861
-65.3785
-65.3708
-65.3633
-65.3557
-65.3482
-65.3407
-65.3333
-65.3259
-65.3186
-65.3113
-65.304
-65.2968
-65.2896
-65.2825
-65.2754
-65.2683
-65.2613
-65.2543
-65.2473
-65.2404
-65.2336
-65.2268
-65.22
-65.2133
-65.2066
-65.1999
-65.1933
-65.1867
-65.1802
-65.1737
-65.1673
-65.1609
-65.1545
-65.1482
-65.1419
-65.1357
-65.1295
-65.1233
-65.1172
-65.1111
-65.1051
-65.0991
-65.0931
-65.0872
-65.0814
-65.0755
-65.0697
-65.064
-65.0583
-65.0526
-65.047
-65.0414
-65.0359
-65.0304
-65.025
-65.0196
-65.0142
-65.0089
-65.0036
-64.9983
-64.9931
-64.988
-64.9829
-64.9778
-64.9728
-64.9678
-64.9628
-64.9579
-64.953
-64.9482
-64.9434
-64.9386
-64.9339
-64.9292
-64.9246
-64.92
-64.9155
-64.911
-64.9065
-64.902
-64.8977
-64.8933
-64.889
-64.8847
-64.8805
-64.8763
-64.8721
-64.868
-64.8639
-64.8599
-64.8559
-64.8519
-64.848
-64.8441
-64.8403
-64.8365
-64.8327
-64.829
-64.8253
-64.8216
-64.818
-64.8145
-64.8109
-64.8074
-64.804
-64.8006
-64.7972
-64.7938
-64.7905
-64.7873
-64.784
-64.7809
-64.7777
-64.7746
-64.7715
-64.7685
-64.7655
-64.7625
-64.7596
-64.7567
-64.7539
-64.7511
-64.7483
-64.7456
-64.7429
-64.7402
-64.7376
-64.735
-64.7324
-64.7299
-64.7274
-64.725
-64.7226
-64.7202
-64.7179
-64.7156
-64.7134
-64.7111
-64.7089
-64.7068
-64.7047
-64.7026
-64.7006
-64.6986
-64.6966
-64.6946
-64.6927
-64.6909
-64.689
-64.6872
-64.6855
-64.6837
-64.6821
-64.6804
-64.6788
-64.6772
-64.6756
-64.6741
-64.6726
-64.6711
-64.6697
-64.6683
-64.667
-64.6656
-64.6643
-64.6631
-64.6619
-64.6607
-64.6595
-64.6584
-64.6573
-64.6562
-64.6552
-64.6542
-64.6532
-64.6523
-64.6513
-64.6505
-64.6496
-64.6488
-64.648
-64.6472
-64.6465
-64.6458
-64.6452
-64.6445
-64.6439
-64.6433
-64.6428
-64.6423
-64.6418
-64.6413
-64.6409
-64.6405
-64.6401
-64.6397
-64.6394
-64.6391
-64.6388
-64.6386
-64.6384
-64.6382
-64.6381
-64.6379
-64.6378
-64.6377
-64.6377
-64.6376
-64.6376
-64.6377
-64.6377
-64.6378
-64.6379
-64.638
-64.6382
-64.6383
-64.6385
-64.6387
-64.639
-64.6393
-64.6396
-64.6399
-64.6402
-64.6406
-64.6409
-64.6414
-64.6418
-64.6422
-64.6427
-64.6432
-64.6437
-64.6443
-64.6448
-64.6454
-64.646
-64.6466
-64.6472
-64.6479
-64.6486
-64.6493
-64.65
-64.6508
-64.6515
-64.6523
-64.6531
-64.6539
-64.6547
-64.6556
-64.6565
-64.6573
-64.6583
-64.6592
-64.6601
-64.6611
-64.662
-64.663
-64.664
-64.6651
-64.6661
-64.6672
-64.6682
-64.6693
-64.6704
-64.6715
-64.6727
-64.6738
-64.675
-64.6762
-64.6773
-64.6786
-64.6798
-64.681
-64.6822
-64.6835
-64.6848
-64.6861
-64.6873
-64.6887
-64.69
-64.6913
-64.6927
-64.694
-64.6954
-64.6968
-64.6981
-64.6995
-64.7009
-64.7024
-64.7038
-64.7052
-64.7067
-64.7082
-64.7096
-64.7111
-64.7126
-64.7141
-64.7156
-64.7171
-64.7186
-64.7202
-64.7217
-64.7232
-64.7248
-64.7264
-64.7279
-64.7295
-64.7311
-64.7327
-64.7343
-64.7359
-64.7375
-64.7391
-64.7407
-64.7424
-64.744
-64.7456
-64.7473
-64.7489
-64.7506
-64.7522
-64.7539
-64.7556
-64.7572
-64.7589
-64.7606
-64.7623
-64.764
-64.7657
-64.7673
-64.769
-64.7707
-64.7724
-64.7741
-64.7759
-64.7776
-64.7793
-64.781
-64.7827
-64.7844
-64.7861
-64.7879
-64.7896
-64.7913
-64.793
-64.7948
-64.7965
-64.7982
-64.7999
-64.8017
-64.8034
-64.8051
-64.8068
-64.8086
-64.8103
-64.812
-64.8137
-64.8155
-64.8172
-64.8189
-64.8206
-64.8223
-64.6897
-64.4698
-64.1856
-63.8515
-63.4777
-63.0722
-62.6413
-62.19
-61.7223
-61.2415
-60.7503
-60.251
-59.7452
-59.2346
-58.7203
-58.2034
-57.6844
-57.1642
-56.6431
-56.1215
-55.5996
-55.0775
-54.5551
-54.0324
-53.509
-52.9847
-52.459
-51.9314
-51.4011
-50.8674
-50.3293
-49.7858
-49.2356
-48.6774
-48.1095
-47.5302
-46.9375
-46.3291
-45.7025
-45.0547
-44.3826
-43.6826
-42.9504
-42.1814
-41.3702
-40.5109
-39.5966
-38.6193
-37.5702
-36.439
-35.214
-33.8819
-32.4278
-30.8345
-29.083
-27.1524
-25.0199
-22.6617
-20.0539
-17.1743
-14.0051
-10.5369
-6.77361
-2.73816
1.522
5.93154
10.3877
14.7667
18.9357
22.7688
26.163
29.0511
31.4064
33.2409
34.597
35.5357
36.1257
36.4333
36.5179
36.4283
36.2031
35.8718
35.456
34.9716
34.4303
33.8407
33.2091
32.5405
31.8387
31.107
30.348
29.5642
28.7576
27.9302
27.0838
26.2201
25.3405
24.4467
23.5401
22.6219
21.6934
20.756
19.8106
18.8584
17.9005
16.9377
15.9711
15.0014
14.0295
13.0561
12.082
11.1078
10.134
9.16137
8.1903
7.2213
6.25481
5.29124
4.33095
3.37427
2.4215
1.47291
0.528742
-0.410797
-1.34552
-2.27528
-3.19992
-4.11933
-5.03342
-5.94211
-6.84535
-7.74309
-8.63531
-9.52201
-10.4032
-11.2789
-12.1491
-13.0139
-13.8733
-14.7275
-15.5765
-16.4204
-17.2593
-18.0935
-18.9229
-19.7479
-20.5685
-21.3851
-22.1977
-23.0068
-23.8125
-24.6152
-25.4152
-26.2129
-27.0086
-27.8029
-28.5962
-29.3889
-30.1818
-30.9754
-31.7702
-32.5671
-33.3668
-34.17
-34.9777
-35.7907
-36.61
-37.4365
-38.2713
-39.1154
-39.9699
-40.836
-41.7148
-42.6073
-43.5145
-44.4375
-45.3772
-46.3342
-47.309
-48.302
-49.313
-50.3415
-51.3866
-52.4467
-53.5194
-54.6019
-55.6903
-56.7798
-57.8651
-58.9397
-59.9968
-61.029
-62.0287
-62.9885
-63.9015
-64.7614
-65.5635
-66.3042
-66.9814
-67.5946
-68.1449
-68.6344
-69.0664
-69.445
-69.7747
-70.0602
-70.3063
-70.5176
-70.6986
-70.8533
-70.9852
-71.0978
-71.1938
-71.2757
-71.3457
-71.4057
-71.4572
-71.5016
-71.54
-71.5733
-71.6024
-71.6279
-71.6504
-71.6704
-71.6882
-71.7043
-71.7188
-71.7321
-71.7442
-71.7554
-71.7659
-71.7756
-71.7848
-71.7935
-71.8017
-71.8096
-71.8172
-71.8244
-71.8315
-71.8383
-71.8449
-71.8514
-71.8577
-71.8638
-71.8698
-71.8758
-71.8816
-71.8873
-71.8929
-71.8984
-71.9039
-71.9092
-71.9145
-71.9197
-71.9248
-71.9299
-71.9349
-71.9398
-71.9446
-71.9494
-71.9541
-71.9587
-71.9633
-71.9678
-71.9722
-71.9766
-71.9809
-71.9851
-71.9893
-71.9933
-71.9973
-72.0013
-72.0051
-72.0089
-72.0126
-72.0162
-72.0198
-72.0233
-72.0267
-72.03
-72.0333
-72.0364
-72.0395
-72.0425
-72.0454
-72.0483
-72.051
-72.0537
-72.0563
-72.0588
-72.0613
-72.0636
-72.0658
-72.068
-72.0701
-72.0721
-72.074
-72.0758
-72.0775
-72.0792
-72.0807
-72.0822
-72.0836
-72.0849
-72.086
-72.0871
-72.0882
-72.0891
-72.0899
-72.0906
-72.0913
-72.0918
-72.0922
-72.0926
-72.0929
-72.093
-72.0931
-72.0931
-72.093
-72.0927
-72.0924
-72.092
-72.0915
-72.0909
-72.0902
-72.0894
-72.0886
-72.0876
-72.0865
-72.0853
-72.084
-72.0827
-72.0812
-72.0796
-72.078
-72.0762
-72.0744
-72.0724
-72.0704
-72.0682
-72.066
-72.0636
-72.0612
-72.0586
-72.056
-72.0533
-72.0504
-72.0475
-72.0445
-72.0414
-72.0381
-72.0348
-72.0314
-72.0279
-72.0243
-72.0206
-72.0168
-72.0129
-72.0089
-72.0048
-72.0007
-71.9964
-71.992
-71.9875
-71.983
-71.9783
-71.9736
-71.9687
-71.9638
-71.9587
-71.9536
-71.9484
-71.9431
-71.9377
-71.9322
-71.9266
-71.9209
-71.9151
-71.9092
-71.9033
-71.8972
-71.8911
-71.8848
-71.8785
-71.8721
-71.8656
-71.859
-71.8523
-71.8455
-71.8387
-71.8317
-71.8247
-71.8175
-71.8103
-71.803
-71.7956
-71.7882
-71.7806
-71.773
-71.7652
-71.7574
-71.7495
-71.7415
-71.7334
-71.7253
-71.7171
-71.7087
-71.7003
-71.6918
-71.6833
-71.6746
-71.6659
-71.6571
-71.6482
-71.6392
-71.6302
-71.6211
-71.6118
-71.6026
-71.5932
-71.5838
-71.5742
-71.5646
-71.555
-71.5452
-71.5354
-71.5255
-71.5155
-71.5055
-71.4954
-71.4852
-71.4749
-71.4646
-71.4542
-71.4437
-71.4332
-71.4225
-71.4118
-71.4011
-71.3903
-71.3794
-71.3684
-71.3574
-71.3463
-71.3351
-71.3239
-71.3126
-71.3012
-71.2898
-71.2783
-71.2667
-71.2551
-71.2434
-71.2317
-71.2198
-71.208
-71.196
-71.184
-71.172
-71.1599
-71.1477
-71.1355
-71.1232
-71.1108
-71.0984
-71.086
-71.0734
-71.0609
-71.0482
-71.0355
-71.0228
-71.01
-70.9971
-70.9842
-70.9713
-70.9583
-70.9452
-70.9321
-70.919
-70.9057
-70.8925
-70.8792
-70.8658
-70.8524
-70.8389
-70.8254
-70.8119
-70.7983
-70.7846
-70.771
-70.7572
-70.7434
-70.7296
-70.7158
-70.7018
-70.6879
-70.6739
-70.6599
-70.6458
-70.6317
-70.6175
-70.6033
-70.5891
-70.5748
-70.5605
-70.5461
-70.5318
-70.5173
-70.5029
-70.4884
-70.4738
-70.4593
-70.4447
-70.43
-70.4154
-70.4006
-70.3859
-70.3711
-70.3563
-70.3415
-70.3266
-70.3117
-70.2968
-70.2819
-70.2669
-70.2519
-70.2368
-70.2218
-70.2067
-70.1916
-70.1764
-70.1612
-70.146
-70.1308
-70.1156
-70.1003
-70.085
-70.0697
-70.0543
-70.039
-70.0236
-70.0082
-69.9927
-69.9773
-69.9618
-69.9463
-69.9308
-69.9153
-69.8998
-69.8842
-69.8686
-69.853
-69.8374
-69.8218
-69.8061
-69.7905
-69.7748
-69.7591
-69.7434
-69.7276
-69.7119
-69.6962
-69.6804
-69.6646
-69.6488
-69.633
-69.6172
-69.6014
-69.5856
-69.5698
-69.5539
-69.538
-69.5222
-69.5063
-69.4904
-69.4745
-69.4586
-69.4427
-69.4268
-69.4109
-69.395
-69.379
-69.3631
-69.3472
-69.3312
-69.3153
-69.2993
-69.2834
-69.2674
-69.2515
-69.2355
-69.2196
-69.2036
-69.1876
-69.1717
-69.1557
-69.1397
-69.1238
-69.1078
-69.0918
-69.0759
-69.0599
-69.0439
-69.028
-69.012
-68.9961
-68.9801
-68.9642
-68.9483
-68.9323
-68.9164
-68.9005
-68.8845
-68.8686
-68.8527
-68.8368
-68.8209
-68.805
-68.7891
-68.7733
-68.7574
-68.7415
-68.7257
-68.7098
-68.694
-68.6782
-68.6624
-68.6465
-68.6307
-68.615
-68.5992
-68.5834
-68.5677
-68.5519
-68.5362
-68.5205
-68.5047
-68.4891
-68.4734
-68.4577
-68.442
-68.4264
-68.4108
-68.3951
-68.3795
-68.364
-68.3484
-68.3328
-68.3173
-68.3018
-68.2862
-68.2707
-68.2553
-68.2398
-68.2244
-68.2089
-68.1935
-68.1781
-68.1627
-68.1474
-68.132
-68.1167
-68.1014
-68.0861
-68.0708
-68.0556
-68.0403
-68.0251
-68.0099
-67.9948
-67.9796
-67.9645
-67.9494
-67.9343
-67.9192
-67.9042
-67.8891
-67.8741
-67.8592
-67.8442
-67.8293
-67.8143
-67.7994
-67.7846
-67.7697
-67.7549
-67.7401
-67.7253
-67.7106
-67.6958
-67.6811
-67.6664
-67.6518
-67.6371
-67.6225
-67.6079
-67.5934
-67.5788
-67.5643
-67.5498
-67.5354
-67.5209
-67.5065
-67.4921
-67.4778
-67.4635
-67.4492
-67.4349
-67.4206
-67.4064
-67.3922
-67.3781
-67.3639
-67.3498
-67.3357
-67.3217
-67.3076
-67.2936
-67.2797
-67.2657
-67.2518
-67.2379
-67.2241
-67.2102
-67.1964
-67.1827
-67.1689
-67.1552
-67.1415
-67.1279
-67.1142
-67.1006
-67.0871
-67.0736
-67.06
-67.0466
-67.0331
-67.0197
-67.0064
-66.993
-66.9797
-66.9664
-66.9532
-66.9399
-66.9268
-66.9136
-66.9005
-66.8874
-66.8743
-66.8613
-66.8483
-66.8353
-66.8224
-66.8095
-66.7966
-66.7838
-66.771
-66.7582
-66.7455
-66.7328
-66.7201
-66.7075
-66.6949
-66.6823
-66.6698
-66.6573
-66.6448
-66.6324
-66.62
-66.6076
-66.5953
-66.583
-66.5707
-66.5585
-66.5463
-66.5341
-66.522
-66.5099
-66.4978
-66.4858
-66.4738
-66.4619
-66.45
-66.4381
-66.4263
-66.4145
-66.4027
-66.391
-66.3793
-66.3676
-66.356
-66.3444
-66.3328
-66.3213
-66.3098
-66.2984
-66.287
-66.2756
-66.2643
-66.253
-66.2417
-66.2305
-66.2193
-66.2081
-66.197
-66.1859
-66.1748
-66.1638
-66.1529
-66.1419
-66.131
-66.1202
-66.1093
-66.0986
-66.0878
-66.0771
-66.0664
-66.0558
-66.0452
-66.0346
-66.0241
-66.0136
-66.0032
-65.9928
-65.9824
-65.9721
-65.9618
-65.9516
-65.9414
-65.9312
-65.9211
-65.911
-65.9009
-65.8909
-65.8809
-65.871
-65.8611
-65.8512
-65.8414
-65.8316
-65.8219
-65.8121
-65.8025
-65.7928
-65.7832
-65.7737
-65.7642
-65.7547
-65.7453
-65.7359
-65.7265
-65.7172
-65.7079
-65.6986
-65.6894
-65.6803
-65.6712
-65.6621
-65.653
-65.644
-65.6351
-65.6261
-65.6173
-65.6084
-65.5996
-65.5908
-65.5821
-65.5734
-65.5648
-65.5562
-65.5476
-65.5391
-65.5307
-65.5222
-65.5138
-65.5055
-65.4972
-65.4889
-65.4807
-65.4725
-65.4643
-65.4562
-65.4482
-65.4401
-65.4321
-65.4242
-65.4163
-65.4084
-65.4006
-65.3928
-65.3851
-65.3774
-65.3697
-65.3621
-65.3545
-65.347
-65.3395
-65.332
-65.3246
-65.3172
-65.3099
-65.1672
-64.9366
-64.6413
-64.2957
-63.9104
-63.4931
-63.0504
-62.5872
-62.1076
-61.615
-60.988
-60.2762
-59.5053
-58.6918
-57.8476
-56.9817
-56.1011
-55.2113
-54.3162
-53.4189
-52.5217
-51.6258
-50.732
-49.8405
-48.951
-48.0624
-47.1735
-46.2823
-45.3867
-44.4836
-43.5698
-42.6413
-41.6937
-40.7217
-39.7196
-38.6806
-37.5973
-36.4611
-35.2624
-33.9905
-32.6332
-31.1772
-29.6073
-27.9071
-26.0588
-24.0433
-21.8409
-19.4322
-16.7994
-13.9282
-10.8108
-7.449
-3.85853
-0.0722828
3.85688
7.85605
11.8354
15.6948
19.3334
22.6595
25.6005
28.1091
30.1668
31.7824
32.9877
33.8299
34.3637
34.6443
34.7217
34.6388
34.4301
34.122
33.7348
33.2833
32.7783
32.2281
31.6386
31.0147
30.3599
29.6774
28.9697
28.2391
27.4876
26.7169
25.9287
25.1246
24.3059
23.4741
22.6305
21.7762
20.9124
20.0402
19.1607
18.2748
17.3834
16.4874
15.5877
14.685
13.7801
12.8737
11.9663
11.0586
10.1512
9.24462
8.33925
7.43561
6.53409
5.63507
4.73892
3.84593
2.95642
2.07063
1.1888
0.311159
-0.562118
-1.43086
-2.29491
-3.15416
-4.00848
-4.85779
-5.702
-6.54105
-7.3749
-8.20352
-9.02686
-9.84494
-10.6577
-11.4653
-12.2676
-13.0647
-13.8567
-14.6435
-15.4253
-16.2022
-16.9742
-17.7415
-18.504
-19.2621
-20.0158
-20.7652
-21.5106
-22.2522
-22.99
-23.7245
-24.4558
-25.1841
-25.9099
-26.6334
-27.355
-28.075
-28.7939
-29.5121
-30.2301
-30.9484
-31.6675
-32.388
-33.1106
-33.8359
-34.5646
-35.2974
-36.0351
-36.7784
-37.5283
-38.2854
-39.0508
-39.8251
-40.6092
-41.4041
-42.2103
-43.0286
-43.8595
-44.7036
-45.561
-46.4318
-47.3157
-48.2122
-49.12
-50.0379
-50.9637
-51.8949
-52.8282
-53.7599
-54.6853
-55.5997
-56.4977
-57.3737
-58.2219
-59.037
-59.814
-60.5483
-61.2364
-61.8759
-62.4651
-63.0036
-63.4921
-63.932
-64.3256
-64.6757
-64.9856
-65.2587
-65.4986
-65.7087
-65.8925
-66.0532
-66.1937
-66.3166
-66.4244
-66.5192
-66.6028
-66.677
-66.743
-66.8021
-66.8554
-66.9037
-66.9478
-66.9883
-67.0259
-67.0609
-67.0937
-67.1247
-67.1541
-67.1822
-67.2092
-67.2353
-67.2605
-67.285
-67.309
-67.3324
-67.3554
-67.378
-67.4003
-67.4223
-67.4441
-67.4656
-67.487
-67.5082
-67.5292
-67.5501
-67.5709
-67.5916
-67.6121
-67.6326
-67.653
-67.6733
-67.6935
-67.7137
-67.7338
-67.7538
-67.7737
-67.7936
-67.8134
-67.8331
-67.8528
-67.8724
-67.892
-67.9115
-67.9309
-67.9502
-67.9695
-67.9887
-68.0079
-68.0269
-68.0459
-68.0649
-68.0837
-68.1025
-68.1212
-68.1398
-68.1584
-68.1768
-68.1952
-68.2135
-68.2317
-68.2499
-68.2679
-68.2859
-68.3038
-68.3216
-68.3393
-68.3569
-68.3744
-68.3918
-68.4092
-68.4264
-68.4436
-68.4606
-68.4776
-68.4944
-68.5112
-68.5278
-68.5444
-68.5608
-68.5772
-68.5934
-68.6095
-68.6256
-68.6415
-68.6573
-68.673
-68.6886
-68.7041
-68.7195
-68.7348
-68.75
-68.765
-68.7799
-68.7948
-68.8095
-68.8241
-68.8386
-68.853
-68.8672
-68.8814
-68.8954
-68.9093
-68.9231
-68.9368
-68.9503
-68.9638
-68.9771
-68.9903
-69.0034
-69.0164
-69.0292
-69.0419
-69.0546
-69.067
-69.0794
-69.0917
-68.9685
-68.7631
-68.5016
-68.1996
-67.8683
-67.5156
-67.1478
-66.7695
-66.3846
-65.9958
-65.6056
-65.2158
-64.8279
-64.4429
-64.062
-63.6859
-63.3152
-62.9503
-62.5918
-62.2399
-61.8949
-61.5569
-61.2262
-60.9028
-60.5867
-60.2781
-59.9768
-59.683
-59.3965
-59.1173
-58.8453
-58.5805
-58.3227
-58.0719
-57.828
-57.5907
-57.36

