-65
-64.9994
-64.9988
-64.9982
-64.9977
-64.9971
-64.9965
-64.996
-64.9954
-64.9949
-64.9943
-64.9938
-64.9932
-64.9927
-64.9922
-64.9917
-64.9912
-64.9906
-64.9901
-64.9896
-64.9891
-64.9886
-64.9881
-64.9876
-64.9872
-64.9867
-64.9862
-64.9857
-64.9852
-64.9848
-64.9843
-64.9838
-64.9834
-64.9829
-64.9825
-64.982
-64.9816
-64.9811
-64.9807
-64.9802
-64.9798
-64.9794
-64.9789
-64.9785
-64.9781
-64.9777
-64.9772
-64.9768
-64.9764
-64.976
-64.9756
-64.9752
-64.9748
-64.9744
-64.974
-64.9736
-64.9732
-64.9728
-64.9725
-64.9721
-64.9717
-64.9713
-64.971
-64.9706
-64.9702
-64.9699
-64.9695
-64.9692
-64.9688
-64.9685
-64.9681
-64.9678
-64.9675
-64.9671
-64.9668
-64.9665
-64.9661
-64.9658
-64.9655
-64.9652
-64.9649
-64.9646
-64.9642
-64.9639
-64.9636
-64.9633
-64.963
-64.9628
-64.9625
-64.9622
-64.9619
-64.9616
-64.9613
-64.9611
-64.9608
-64.9605
-64.9603
-64.96
-64.9598
-64.9595
-64.9592
-64.959
-64.9588
-64.9585
-64.9583
-64.958
-64.9578
-64.9576
-64.9573
-64.9571
-64.9569
-64.9567
-64.9565
-64.9562
-64.956
-64.9558
-64.9556
-64.9554
-64.9552
-64.955
-64.9548
-64.9546
-64.9545
-64.9543
-64.9541
-64.9539
-64.9537
-64.9536
-64.9534
-64.9532
-64.9531
-64.9529
-64.9527
-64.9526
-64.9524
-64.9523
-64.9521
-64.952
-64.9519
-64.9517
-64.9516
-64.9514
-64.9513
-64.9512
-64.9511
-64.9509
-64.9508
-64.9507
-64.9506
-64.9505
-64.9504
-64.9503
-64.9502
-64.95
-64.9499
-64.9499
-64.9498
-64.9497
-64.9496
-64.9495
-64.9494
-64.9493
-64.9492
-64.9492
-64.9491
-64.949
-64.9489
-64.9489
-64.9488
-64.9487
-64.9487
-64.9486
-64.9486
-64.9485
-64.9485
-64.9484
-64.9484
-64.9483
-64.9483
-64.9482
-64.9482
-64.9482
-64.9481
-64.9481
-64.9481
-64.948
-64.948
-64.948
-64.948
-64.948
-64.9479
-64.9479
-64.9479
-64.9479
-64.9479
-64.9479
-64.9479
-64.9479
-64.9479
-64.9479
-64.9479
-64.9479
-64.9479
-64.9479
-64.9479
-64.9479
-64.9479
-64.9479
-64.948
-64.948
-64.948
-64.948
-64.9481
-64.9481
-64.9481
-64.9481
-64.9482
-64.9482
-64.9482
-64.9483
-64.9483
-64.9483
-64.9484
-64.9484
-64.9485
-64.9485
-64.9486
-64.9486
-64.9487
-64.9487
-64.9488
-64.9488
-64.9489
-64.9489
-64.949
-64.9491
-64.9491
-64.9492
-64.9492
-64.9493
-64.9494
-64.9494
-64.9495
-64.9496
-64.9497
-64.9497
-64.9498
-64.9499
-64.95
-64.95
-64.9501
-64.9502
-64.9503
-64.9504
-64.9504
-64.9505
-64.9506
-64.9507
-64.9508
-64.9509
-64.951
-64.951
-64.9511
-64.9512
-64.9513
-64.9514
-64.9515
-64.9516
-64.9517
-64.9518
-64.9519
-64.952
-64.9521
-64.9522
-64.9523
-64.9524
-64.9525
-64.9526
-64.9527
-64.9528
-64.9529
-64.953
-64.9532
-64.9533
-64.9534
-64.9535
-64.9536
-64.9537
-64.9538
-64.9539
-64.954
-64.9542
-64.9543
-64.9544
-64.9545
-64.9546
-64.9547
-64.9548
-64.955
-64.9551
-64.9552
-64.9553
-64.9554
-64.9556
-64.9557
-64.9558
-64.9559
-64.956
-64.9562
-64.9563
-64.9564
-64.9565
-64.9566
-64.9568
-64.9569
-64.957
-64.9571
-64.9573
-64.9574
-64.9575
-64.9576
-64.9578
-64.9579
-64.958
-64.9581
-64.9583
-64.9584
-64.9585
-64.9587
-64.9588
-64.9589
-64.959
-64.9592
-64.9593
-64.9594
-64.9595
-64.9597
-64.9598
-64.9599
-64.96
-64.9602
-64.9603
-64.9604
-64.9606
-64.9607
-64.9608
-64.9609
-64.9611
-64.9612
-64.9613
-64.9614
-64.9616
-64.9617
-64.9618
-64.962
-64.9621
-64.9622
-64.9623
-64.9625
-64.9626
-64.9627
-64.9628
-64.963
-64.9631
-64.9632
-64.9633
-64.9635
-64.9636
-64.9637
-64.9638
-64.964
-64.9641
-64.9642
-64.9643
-64.9645
-64.9646
-64.9647
-64.9648
-64.9649
-64.9651
-64.9652
-64.9653
-64.9654
-64.9655
-64.9657
-64.9658
-64.9659
-64.966
-64.9661
-64.9663
-64.9664
-64.9665
-64.9666
-64.9667
-64.9668
-64.967
-64.9671
-64.9672
-64.9673
-64.9674
-64.9675
-64.9677
-64.9678
-64.9679
-64.968
-64.9681
-64.9682
-64.9683
-64.9684
-64.9685
-64.9687
-64.9688
-64.9689
-64.969
-64.9691
-64.9692
-64.9693
-64.9694
-64.9695
-64.9696
-64.9697
-64.9698
-64.9699
-64.97
-64.9701
-64.9702
-64.9703
-64.9704
-64.9705
-64.9706
-64.9707
-64.9708
-64.9709
-64.971
-64.9711
-64.9712
-64.9713
-64.9714
-64.9715
-64.9716
-64.9717
-64.9718
-64.9719
-64.972
-64.9721
-64.9722
-64.9722
-64.9723
-64.9724
-64.9725
-64.9726
-64.9727
-64.9728
-64.9729
-64.9729
-64.973
-64.9731
-64.9732
-64.9733
-64.9734
-64.9734
-64.9735
-64.9736
-64.9737
-64.9738
-64.9738
-64.9739
-64.974
-64.9741
-64.9741
-64.9742
-64.9743
-64.9744
-64.9744
-64.9745
-64.9746
-64.9747
-64.9747
-64.9748
-64.9749
-64.9749
-64.975
-64.9751
-64.9751
-64.9752
-64.9753
-64.9753
-64.9754
-64.9755
-64.9755
-64.9756
-64.9757
-64.9757
-64.9758
-64.9758
-64.9759
-64.976
-64.976
-64.9761
-64.9761
-64.9762
-64.9762
-64.9763
-64.9764
-64.9764
-64.9765
-64.9765
-64.9766
-64.9766
-64.9767
-64.9767
-64.9768
-64.9768
-64.9769
-64.9769
-64.977
-64.977
-64.9771
-64.9771
-64.9771
-64.9772
-64.9772
-64.9773
-64.9773
-64.9774
-64.9774
-64.9774
-64.9775
-64.9775
-64.9776
-64.9776
-64.9776
-64.9777
-64.9777
-64.9778
-64.9778
-64.9778
-64.9779
-64.9779
-64.9779
-64.978
-64.978
-64.978
-64.9781
-64.9781
-64.9781
-64.9781
-64.9782
-64.9782
-64.9782
-64.9783
-64.9783
-64.9783
-64.9783
-64.9784
-64.9784
-64.9784
-64.9784
-64.9785
-64.9785
-64.9785
-64.9785
-64.9785
-64.9786
-64.9786
-64.9786
-64.9786
-64.9786
-64.9787
-64.9787
-64.9787
-64.9787
-64.9787
-64.9787
-64.9787
-64.9788
-64.8441
-64.622
-64.3353
-63.9986
-63.6223
-63.2141
-62.7805
-62.3264
-61.8559
-61.3723
-60.8783
-60.3762
-59.8677
-59.3544
-58.8375
-58.3178
-57.7963
-57.2735
-56.75
-56.226
-55.7017
-55.1773
-54.6527
-54.1278
-53.6023
-53.076
-52.5484
-52.0189
-51.4869
-50.9515
-50.4119
-49.8669
-49.3153
-48.7557
-48.1866
-47.6061
-47.0123
-46.4028
-45.7752
-45.1265
-44.4535
-43.7525
-43.0194
-42.2494
-41.4372
-40.5768
-39.6611
-38.6824
-37.6315
-36.4981
-35.2705
-33.9353
-32.4771
-30.8788
-29.1211
-27.1827
-25.0406
-22.6706
-20.0483
-17.1511
-13.961
-10.4685
-6.67747
-2.61171
1.68019
6.12103
10.6059
15.0087
19.1947
23.0372
26.4335
29.3173
31.6637
33.4869
34.831
35.7586
36.3389
36.6391
36.7184
36.6256
36.399
36.0677
35.6532
35.1712
34.6329
34.0469
33.4194
32.7551
32.0579
31.3309
30.5768
29.7978
28.9961
28.1736
27.3321
26.4731
25.5982
24.709
23.8068
22.8929
21.9686
21.0351
20.0936
19.1451
18.1906
17.2312
16.2676
15.3009
14.3318
13.361
12.3892
11.4172
10.4455
9.47469
8.5053
7.53782
6.57269
5.61032
4.65107
3.69529
2.74328
1.79531
0.851627
-0.0875515
-1.02204
-1.95166
-2.87628
-3.79578
-4.71007
-5.61905
-6.52267
-7.42088
-8.31365
-9.20096
-10.0828
-10.9593
-11.8303
-12.696
-13.5564
-14.4115
-15.2615
-16.1065
-16.9466
-17.7818
-18.6124
-19.4385
-20.2603
-21.078
-21.8918
-22.702
-23.5088
-24.3126
-25.1136
-25.9123
-26.7089
-27.504
-28.298
-29.0915
-29.8849
-30.6788
-31.4739
-32.2709
-33.0706
-33.8736
-34.6808
-35.4932
-36.3116
-37.1371
-37.9706
-38.8133
-39.6661
-40.5303
-41.4069
-42.297
-43.2018
-44.1222
-45.0592
-46.0134
-46.9857
-47.9761
-48.9849
-50.0116
-51.0555
-52.115
-53.1882
-54.2721
-55.3634
-56.4573
-57.5487
-58.6314
-59.6986
-60.7429
-61.7566
-62.7323
-63.6626
-64.5413
-65.363
-66.1236
-66.8207
-67.4535
-68.0224
-68.5295
-68.9777
-69.3711
-69.7141
-70.0113
-70.2678
-70.4881
-70.6768
-70.838
-70.9756
-71.0928
-71.1928
-71.278
-71.3508
-71.4131
-71.4665
-71.5124
-71.5521
-71.5865
-71.6165
-71.6428
-71.6659
-71.6864
-71.7046
-71.721
-71.7358
-71.7493
-71.7616
-71.773
-71.7835
-71.7933
-71.8026
-71.8113
-71.6863
-71.4855
-71.2367
-70.9562
-70.6549
-70.3403
-70.0178
-69.6914
-69.3641
-69.0379
-68.7145
-68.3951
-68.0806
-67.7717
-67.4688
-67.1722
-66.8822
-66.599
-66.3227
-66.0532
-65.7906
-65.5348
-65.2859
-65.0437
-64.808
-64.5789
-64.3563
-64.1399
-63.9296
-63.7254
-63.5272
-63.3346
-63.1478
-62.9665
-62.7905
-62.6198
-62.4542
-62.2937
-62.138
-61.9871
-61.8409
-61.6992
-61.5619
-61.4289
-61.3001
-61.1754
-61.0547
-60.9379
-60.8249
-60.7156
-60.6099
-60.5078
-60.409
-60.3137
-60.2216
-60.1327
-60.0469
-59.9642
-59.8845
-59.8076
-59.7336
-59.6623
-59.5937
-59.5278
-59.4644
-59.4036
-59.3452
-59.2892
-59.2355
-59.1841
-59.135
-59.0881
-59.0433
-59.0006
-58.9599
-58.9212
-58.8845
-58.8497
-58.8168
-58.7857
-58.7564
-58.7288
-58.703
-58.6788
-58.6563
-58.6354
-58.616
-58.5982
-58.5819
-58.567
-58.5536
-58.5416
-58.531
-58.5218
-58.5138
-58.5072
-58.5019
-58.4977
-58.4948
-58.4931
-58.4926
-58.4932
-58.4949
-58.4977
-58.5016
-58.5065
-58.5124
-58.5194
-58.5273
-58.5362
-58.546
-58.5568
-58.5685
-58.581
-58.5944
-58.6086
-58.6237
-58.6396
-58.6563
-58.6737
-58.6919
-58.7108
-58.7305
-58.7508
-58.7719
-58.7936
-58.816
-58.839
-58.8626
-58.8869
-58.9117
-58.9371
-58.9631
-58.9897
-59.0168
-59.0444
-59.0726
-59.1012
-59.1303
-59.1599
-59.19
-59.2205
-59.2515
-59.2828
-59.3146
-59.3468
-59.3794
-59.4123
-59.4457
-59.4794
-59.5134
-59.5478
-59.5825
-59.6175
-59.6528
-59.6884
-59.7243
-59.7604
-59.7969
-59.8336
-59.8705
-59.9077
-59.9451
-59.9827
-60.0206
-60.0586
-60.0968
-60.1353
-60.0575
-59.9099
-59.7147
-59.4854
-59.2313
-58.9591
-58.6739
-58.3797
-58.0794
-57.7754
-57.4696
-57.1635
-56.8582
-56.5548
-56.2539
-55.9561
-55.662
-55.3719
-55.0861
-54.8049
-54.5285
-54.257
-53.9905
-53.729
-53.4727
-53.2214
-52.9752
-52.7341
-52.498
-52.2668
-52.0405
-51.819
-51.6021
-51.3898
-51.182
-50.9785
-50.7792
-50.584
-50.3928
-50.2054
-50.0217
-49.8416
-49.6649
-49.4916
-49.3214
-49.1542
-48.99
-48.8286
-48.6698
-48.5136
-48.3597
-48.2081
-48.0587
-47.9114
-47.766
-47.6223
-47.4804
-47.3401
-47.2012
-47.0637
-46.9275
-46.7924
-46.6584
-46.5253
-46.393
-46.2615
-46.1306
-46.0002
-45.8703
-45.7406
-45.6112
-45.4819
-45.3526
-45.2232
-45.0936
-44.9637
-44.8334
-44.7024
-44.5709
-44.4385
-44.3052
-44.1709
-44.0354
-43.8985
-43.7603
-43.6204
-43.4787
-43.3351
-43.1893
-43.0413
-42.8909
-42.7377
-42.5817
-42.4225
-42.2601
-42.094
-41.9241
-41.7501
-41.5716
-41.3885
-41.2003
-41.0066
-40.8072
-40.6016
-40.3894
-40.1701
-39.9433
-39.7084
-39.4648
-39.212
-38.9494
-38.6761
-38.3916
-38.0949
-37.7853
-37.4619
-37.1236
-36.7694
-36.3981
-36.0086
-35.5996
-35.1696
-34.7171
-34.2405
-33.7382
-33.2083
-32.6488
-32.0576
-31.4326
-30.7714
-30.0717
-29.3309
-28.5464
-27.7156
-26.8359
-25.9046
-24.9194
-23.878
-22.7784
-21.6193
-20.4
-19.1206
-17.7826
-16.3889
-14.9442
-13.4553
-11.9317
-10.3854
-8.83131
-7.28694
-5.77204
-4.30791
-2.91636
-1.61854
-0.433678
0.622068
1.53648
2.3018
2.91473
3.37621
3.69075
3.86573
3.91048
3.83561
3.65226
3.37162
3.0045
2.56109
2.05082
1.48225
0.863118
0.200309
-0.500047
-1.23252
-1.99233
-2.77524
-3.57753
-4.39592
-5.22751
-6.06974
-6.92037
-7.77739
-8.63907
-9.50385
-10.3704
-11.2374
-12.104
-12.9691
-13.832
-14.692
-15.5485
-16.4009
-17.2489
-18.092
-18.93
-19.7626
-20.5897
-21.4111
-22.2267
-23.0365
-23.8405
-24.6388
-25.4314
-26.2185
-27.0002
-27.7767
-28.5483
-29.3151
-30.0776
-30.836
-31.5907
-32.3421
-33.0906
-33.8367
-34.5808
-35.3235
-36.0653
-36.8067
-37.5484
-38.291
-39.0351
-39.7814
-40.5304
-41.283
-42.0397
-42.8012
-43.5683
-44.3415
-45.1215
-45.9088
-46.704
-47.5076
-48.3199
-49.1412
-49.9716
-50.8111
-51.6596
-52.5166
-53.3816
-54.2535
-55.1311
-56.013
-56.8972
-57.7814
-58.6629
-59.5386
-60.4053
-61.2589
-62.0957
-62.9114
-63.7019
-64.463
-65.1909
-65.8821
-66.5338
-67.1436
-67.71
-68.2322
-68.7104
-69.1453
-69.5382
-69.8912
-70.2066
-70.4871
-70.7354
-70.9545
-71.1472
-71.3163
-71.4643
-71.5938
-71.7069
-71.8057
-71.8919
-71.9673
-72.0332
-72.091
-72.1416
-72.186
-72.2252
-72.2598
-72.2904
-72.3176
-72.3418
-72.3634
-72.3828
-72.4002
-72.416
-72.4303
-72.4433
-72.4553
-72.4662
-72.4763
-72.4856
-72.4942
-72.5023
-72.5098
-72.5169
-72.5235
-72.5298
-72.5357
-72.5413
-72.5466
-72.5517
-72.5565
-72.5611
-72.5655
-72.5697
-72.5737
-72.5776
-72.5813
-72.5848
-72.5882
-72.5915
-72.5946
-72.5976
-72.6005
-72.6033
-72.6059
-72.6084
-72.6108
-72.6131
-72.6153
-72.6174
-72.6193
-72.6212
-72.6229
-72.6246
-72.6261
-72.6275
-72.6289
-72.6301
-72.6312
-72.6322
-72.6332
-72.634
-72.6347
-72.6353
-72.6358
-72.6362
-72.6365
-72.6367
-72.6368
-72.6368
-72.6367
-72.6365
-72.6362
-72.6357
-72.6352
-72.6346
-72.6339
-72.6331
-72.6321
-72.6311
-72.63
-72.6287
-72.6274
-72.626
-72.6244
-72.6228
-72.621
-72.6192
-72.6172
-72.6152
-72.613
-72.6108
-72.6084
-72.6059
-72.6034
-72.6007
-72.5979
-72.595
-72.5921
-72.589
-72.5858
-72.5825
-72.5791
-72.5756
-72.572
-72.5683
-72.5646
-72.5607
-72.5567
-72.5526
-72.5484
-72.5441
-72.5397
-72.5352
-72.5306
-72.5259
-72.5211
-72.5162
-72.5111
-72.506
-72.5008
-72.4955
-72.4901
-72.4846
-72.479
-72.4734
-72.4676
-72.4617
-72.4557
-72.4496
-72.4434
-72.4371
-72.4308
-72.4243
-72.4177
-72.4111
-72.4043
-72.3974
-72.3905
-72.3834
-72.3763
-72.3691
-72.3618
-72.3543
-72.3468
-72.3392
-72.3315
-72.3237
-72.3158
-72.3079
-72.2998
-72.2917
-72.2834
-72.2751
-72.2667
-72.2581
-72.2495
-72.2409
-72.2321
-72.2232
-72.2143
-72.2052
-72.1961
-72.1869
-72.1776
-72.1682
-72.1587
-72.1492
-72.1395
-72.1298
-72.12
-72.1101
-72.1002
-72.0901
-72.08
-72.0698
-72.0595
-72.0491
-72.0386
-72.0281
-72.0175
-72.0068
-71.996
-71.9852
-71.9742
-71.9632
-71.9521
-71.941
-71.9298
-71.9185
-71.9071
-71.8956
-71.8841
-71.8725
-71.8608
-71.8491
-71.8373
-71.8254
-71.8134
-71.8014
-71.7893
-71.7771
-71.7649
-71.7526
-71.7402
-71.7277
-71.7152
-71.7027
-71.69
-71.6773
-71.6645
-71.6517
-71.6388
-71.6258
-71.6128
-71.5997
-71.5866
-71.5734
-71.5601
-71.5467
-71.5334
-71.5199
-71.5064
-71.4928
-71.4792
-71.4655
-71.4518
-71.438
-71.4241
-71.4102
-71.3962
-71.3822
-71.3681
-71.354
-71.3398
-71.3256
-71.3113
-71.297
-71.2826
-71.2681
-71.2536
-71.2391
-71.2245
-71.2099
-71.1952
-71.1805
-71.1657
-71.1509
-71.136
-71.1211
-71.1061
-71.0911
-71.0761
-71.061
-71.0458
-71.0307
-71.0155
-71.0002
-70.9849
-70.9696
-70.9542
-70.9388
-70.9233
-70.9078
-70.8923
-70.8767
-70.8611
-70.8454
-70.8298
-70.814
-70.7983
-70.7825
-70.7667
-70.7508
-70.735
-70.719
-70.7031
-70.6871
-70.6711
-70.6551
-70.639
-70.6229
-70.6068
-70.5906
-70.5744
-70.5582
-70.542
-70.5257
-70.5094
-70.4931
-70.4767
-70.4604
-70.444
-70.4276
-70.4111
-70.3947
-70.3782
-70.3617
-70.3452
-70.3286
-70.312
-70.2955
-70.2788
-70.2622
-70.2456
-70.2289
-70.2122
-70.1955
-70.1788
-70.1621
-70.1453
-70.1286
-70.1118
-70.095
-70.0782
-70.0614
-70.0445
-70.0277
-70.0108
-69.994
-69.9771
-69.9602
-69.9433
-69.9264
-69.9095
-69.8925
-69.8756
-69.8586
-69.8417
-69.8247
-69.8077
-69.7907
-69.7738
-69.7568
-69.7398
-69.7228
-69.7057
-69.6887
-69.6717
-69.6547
-69.6377
-69.6206
-69.6036
-69.5866
-69.5695
-69.5525
-69.5355
-69.5184
-69.5014
-69.4843
-69.4673
-69.4503
-69.4332
-69.4162
-69.3991
-69.3821
-69.3651
-69.3481
-69.331
-69.314
-69.297
-69.28
-69.263
-69.246
-69.229
-69.212
-69.195
-69.178
-69.161
-69.1441
-69.1271
-69.1102
-69.0932
-69.0763
-69.0594
-69.0424
-69.0255
-69.0086
-68.9917
-68.9749
-68.958
-68.9411
-68.9243
-68.9075
-68.8906
-68.8738
-68.857
-68.8402
-68.8235
-68.8067
-68.79
-68.7732
-68.7565
-68.7398
-68.7231
-68.7064
-68.6898
-68.6731
-68.6565
-68.6399
-68.6233
-68.6067
-68.5901
-68.5736
-68.557
-68.5405
-68.524
-68.5075
-68.4911
-68.4746
-68.4582
-68.4418
-68.4254
-68.4091
-68.3927
-68.3764
-68.3601
-68.3438
-68.3275
-68.3113
-68.2951
-68.2789
-68.2627
-68.2465
-68.2304
-68.2143
-68.1982
-68.1821
-68.166
-68.15
-68.134
-68.118
-68.1021
-68.0861
-68.0702
-68.0543
-68.0385
-68.0226
-68.0068
-67.991
-67.9753
-67.9596
-67.9438
-67.9282
-67.9125
-67.8969
-67.8813
-67.8657
-67.8501
-67.8346
-67.8191
-67.8036
-67.7882
-67.7728
-67.7574
-67.742
-67.7267
-67.7114
-67.6961
-67.6809
-67.6656
-67.6504
-67.6353
-67.6201
-67.605
-67.59
-67.5749
-67.5599
-67.5449
-67.53
-67.515
-67.5001
-67.4853
-67.4704
-67.4556
-67.4409
-67.4261
-67.4114
-67.3967
-67.3821
-67.3675
-67.3529
-67.3383
-67.3238
-67.3093
-67.2949
-67.2804
-67.266
-67.2517
-67.2374
-67.2231
-67.2088
-67.1946
-67.1804
-67.1662
-67.1521
-67.138
-67.1239
-67.1099
-67.0959
-67.0819
-67.068
-67.0541
-67.0402
-67.0264
-67.0126
-66.9989
-66.9851
-66.9714
-66.9578
-66.9442
-66.9306
-66.9171
-66.9036
-66.8901
-66.8766
-66.8632
-66.8499
-66.8365
-66.8232
-66.81
-66.7967
-66.7836
-66.7704
-66.7573
-66.7442
-66.7311
-66.7181
-66.7052
-66.6922
-66.6793
-66.6665
-66.6536
-66.6408
-66.6281
-66.6154
-66.6027
-66.59
-66.5774
-66.5649
-66.5523
-66.5399
-66.5274
-66.515
-66.5026
-66.4903
-66.478
-66.4657
-66.4535
-66.4413
-66.4292
-66.4171
-66.405
-66.393
-66.381
-66.369
-66.3571
-66.3452
-66.3334
-66.3216
-66.3098
-66.2981
-66.2864
-66.2747
-66.2631
-66.2516
-66.24
-66.2285
-66.2171
-66.2057
-66.1943
-66.183
-66.1717
-66.1604
-66.1492
-66.138
-66.1269
-66.1158
-66.1047
-66.0937
-66.0827
-66.0718
-66.0609
-66.0501
-66.0392
-66.0285
-66.0177
-66.007
-65.9964
-65.9858
-65.9752
-65.9647
-65.9542
-65.9438
-65.9334
-65.923
-65.9127
-65.9024
-65.8921
-65.8819
-65.8718
-65.8617
-65.8516
-65.8415
-65.8315
-65.8216
-65.8117
-65.8018
-65.7919
-65.7821
-65.7724
-65.7627
-65.753
-65.7434
-65.7338
-65.7242
-65.7147
-65.7052
-65.6958
-65.6864
-65.6771
-65.6678
-65.6585
-65.6493
-65.6401
-65.631
-65.6219
-65.6129
-65.6039
-65.5949
-65.586
-65.5771
-65.5682
-65.5594
-65.5507
-65.542
-65.5333
-65.5247
-65.5161
-65.5076
-65.4991
-65.4906
-65.4822
-65.4738
-65.4655
-65.4572
-65.449
-65.4408
-65.4326
-65.4245
-65.4165
-65.4084
-65.4005
-65.3925
-65.3846
-65.3767
-65.3689
-65.3611
-65.3534
-65.3457
-65.3381
-65.3305
-65.3229
-65.3154
-65.3079
-65.3004
-65.293
-65.2857
-65.2784
-65.2711
-65.2639
-65.2567
-65.2495
-65.2424
-65.2354
-65.2284
-65.2214
-65.2145
-65.2076
-65.2007
-65.1939
-65.1872
-65.1804
-65.1738
-65.1671
-65.1605
-65.154
-65.1475
-65.141
-65.1346
-65.1282
-65.1219
-64.9806
-64.7517
-64.4581
-64.1144
-63.731
-63.3158
-62.8751
-62.4139
-61.9364
-61.4458
-60.9448
-60.4358
-59.9205
-59.4004
-58.8767
-58.3504
-57.8223
-57.293
-56.763
-56.2326
-55.7021
-55.1714
-54.6407
-54.1097
-53.5782
-53.0459
-52.5124
-51.9771
-51.4392
-50.898
-50.3526
-49.8018
-49.2443
-48.6789
-48.1038
-47.5173
-46.9173
-46.3015
-45.6672
-45.0117
-44.3315
-43.623
-42.8818
-42.1033
-41.2819
-40.4114
-39.4848
-38.4941
-37.4299
-36.2819
-35.0379
-33.6843
-32.2055
-30.5842
-28.8005
-26.8331
-24.6585
-22.2525
-19.5906
-16.6507
-13.4154
-9.87657
-6.0405
-1.9338
2.39104
6.85262
11.342
15.7303
19.8815
23.6701
26.9969
29.801
32.0637
33.805
35.0738
35.9354
36.4602
36.7149
36.7574
36.6351
36.3846
36.0336
35.6025
35.106
34.555
33.9573
33.3189
32.6443
31.9373
31.2009
30.4376
29.6498
28.8394
28.0084
27.1586
26.2915
25.4088
24.5118
23.6021
22.6809
21.7495
20.8091
19.8608
18.9058
17.9451
16.9796
16.0102
15.0379
14.0634
13.0875
12.1108
11.1341
10.1579
9.1829
8.20951
7.23825
6.26956
5.30384
4.34147
3.38276
2.42804
1.47755
0.531548
-0.40976
-1.34619
-2.27758
-3.2038
-4.12473
-5.04026
-5.95033
-6.85488
-7.75388
-8.64729
-9.53511
-10.4174
-11.294
-12.1652
-13.0309
-13.8911
-14.7461
-15.5958
-16.4403
-17.2799
-18.1146
-18.9445
-19.7699
-20.5909
-21.4078
-22.2207
-23.03
-23.8359
-24.6387
-25.4387
-26.2364
-27.0321
-27.8263
-28.6194
-29.412
-30.2046
-30.9979
-31.7924
-32.5888
-33.388
-34.1908
-34.9978
-35.8102
-36.6287
-37.4544
-38.2882
-39.1314
-39.9849
-40.8498
-41.7273
-42.6185
-43.5243
-44.4457
-45.3837
-46.3389
-47.3118
-48.3027
-49.3115
-50.3378
-51.3805
-52.4381
-53.5084
-54.5884
-55.6743
-56.7614
-57.8444
-58.9169
-59.9721
-61.0027
-62.0011
-62.9599
-63.8722
-64.732
-65.5343
-66.2754
-66.9534
-67.5677
-68.1191
-68.61
-69.0434
-69.4234
-69.7545
-70.0413
-70.2887
-70.5013
-70.6834
-70.839
-70.9719
-71.0852
-71.1819
-71.2645
-71.335
-71.3955
-71.4474
-71.4922
-71.5309
-71.5645
-71.5938
-71.6196
-71.6423
-71.6624
-71.6804
-71.6966
-71.7113
-71.7246
-71.7369
-71.7482
-71.7587
-71.7685
-71.7777
-71.7865
-71.7948
-71.8027
-71.8103
-71.8176
-71.8247
-71.8316
-71.8382
-71.8447
-71.851
-71.8572
-71.8633
-71.8692
-71.8751
-71.8808
-71.8865
-71.892
-71.8975
-71.9029
-71.9082
-71.9134
-71.9185
-71.9236
-71.9286
-71.9336
-71.9384
-71.9432
-71.948
-71.9526
-71.9572
-71.9617
-71.9662
-71.9706
-71.9749
-71.9791
-71.9833
-71.9874
-71.9914
-71.9953
-71.9992
-72.003
-72.0068
-72.0104
-72.014
-72.0175
-72.0209
-72.0242
-72.0275
-72.0307
-72.0338
-72.0368
-72.0398
-72.0426
-72.0454
-72.0481
-72.0507
-72.0532
-72.0557
-72.058
-72.0603
-72.0625
-72.0646
-72.0666
-72.0685
-72.0704
-72.0721
-72.0738
-72.0753
-72.0768
-72.0782
-72.0795
-72.0807
-72.0818
-72.0828
-72.0838
-72.0846
-72.0853
-72.086
-72.0866
-72.087
-72.0874
-72.0877
-72.0878
-72.0879
-72.0879
-72.0878
-72.0876
-72.0873
-72.0869
-72.0864
-72.0859
-72.0852
-72.0844
-72.0835
-72.0825
-72.0815
-72.0803
-72.0791
-72.0777
-72.0762
-72.0747
-72.073
-72.0713
-72.0694
-72.0675
-72.0655
-72.0633
-72.0611
-72.0588
-72.0563
-72.0538
-72.0512
-72.0485
-72.0456
-72.0427
-72.0397
-72.0366
-72.0334
-72.0301
-72.0267
-72.0232
-72.0196
-72.0159
-72.0121
-72.0082
-72.0043
-72.0002
-71.996
-71.9917
-71.9874
-71.9829
-71.9784
-71.9737
-71.969
-71.9641
-71.9592
-71.9542
-71.9491
-71.9439
-71.9385
-71.9331
-71.9277
-71.9221
-71.9164
-71.9106
-71.9048
-71.8988
-71.8928
-71.8866
-71.8804
-71.8741
-71.7227
-71.4803
-71.1733
-70.8182
-70.4267
-70.0075
-69.5676
-69.1123
-68.646
-68.1722
-67.6938
-67.2129
-66.7316
-66.2513
-65.7734
-65.299
-64.829
-64.3641
-63.9049
-63.452
-63.0058
-62.5667
-62.1349
-61.7107
-61.2942
-60.8857
-60.4852
-60.0928
-59.7084
-59.3322
-58.8492
-58.3062
-57.7259
-57.1222
-56.5046
-55.8799
-55.2533
-54.6285
-54.0085
-53.3951
-52.7899
-52.1939
-51.6077
-51.0316
-50.4657
-49.9099
-49.3639
-48.8273
-48.2997
-47.7803
-47.2684
-46.7633
-46.2641
-45.77
-45.2798
-44.7927
-44.3074
-43.823
-43.3381
-42.8516
-42.3622
-41.8686
-41.3694
-40.863
-40.348
-39.8229
-39.2859
-38.7352
-38.1691
-37.5857
-36.9827
-36.3582
-35.7098
-35.0351
-34.3316
-33.5966
-32.8272
-32.0205
-31.1735
-30.2829
-29.3454
-28.3578
-27.3165
-26.2185
-25.0603
-23.8392
-22.5524
-21.1978
-19.774
-18.2802
-16.7169
-15.0856
-13.3895
-11.6332
-9.82314
-7.96779
-6.07739
-4.16411
-2.24186
-0.326057
1.5665
3.41798
5.20971
6.92253
8.53715
10.0347
11.3973
12.6091
13.6574
14.5335
15.2331
15.7572
16.1113
16.3048
16.3502
16.2616
16.054
15.7419
15.3393
14.859
14.312
13.7084
13.0566
12.364
11.6367
10.88
10.0986
9.29631
8.47645
7.64194
6.79532
5.9388
5.07433
4.20364
3.32825
2.44952
1.56865
0.686716
-0.195023
-1.07323
-1.9461
-2.81251
-3.6717
-4.52317
-5.36652
-6.20149
-7.0279
-7.84561
-8.65454
-9.45462
-10.2458
-11.0282
-11.8018
-12.5666
-13.3227
-14.0702
-14.8091
-15.5397
-16.2619
-16.976
-17.6821
-18.3803
-19.0707
-19.7537
-20.4292
-21.0976
-21.7589
-22.4135
-23.0614
-23.703
-24.3384
-24.9679
-25.5917
-26.2101
-26.8234
-27.4318
-28.0357
-28.6353
-29.231
-29.8231
-30.412
-30.998
-31.5815
-32.163
-32.7428
-33.3213
-33.8991
-34.4765
-35.0541
-35.6324
-36.2117
-36.7927
-37.3759
-37.9617
-38.5508
-39.1435
-39.7403
-40.3418
-40.9483
-41.5602
-42.1779
-42.8015
-43.4311
-44.0667
-44.7081
-45.3551
-46.0069
-46.6629
-47.3218
-47.9824
-48.6431
-49.3017
-49.9561
-50.6038
-51.242
-51.8677
-52.4782
-53.0704
-53.6414
-54.1888
-54.7103
-55.204
-55.6685
-56.103
-56.5071
-56.8808
-57.2246
-57.5396
-57.827
-58.0881
-58.3248
-58.5387
-58.7317
-58.9056
-59.0622
-59.2032
-59.3302
-59.4448
-59.5484
-59.6422
-59.7273
-59.805
-59.876
-59.9412
-60.0014
-60.0573
-60.1093
-60.1581
-60.204
-60.2475
-60.2889
-60.3285
-60.3665
-60.4033
-60.4389
-60.4736
-60.5075
-60.5407
-60.5734
-60.6056
-60.6375
-60.669
-60.7004
-60.7315
-60.7626
-60.7935
-60.8244
-60.8553
-60.8862
-60.9171
-60.9481
-60.9791
-61.0102
-61.0414
-61.0727
-61.1041
-61.1356
-61.1672
-61.1989
-61.2307
-61.2627
-61.2948
-61.327
-61.3593
-61.3918
-61.4243
-61.457
-61.4898
-61.5228
-61.5558
-61.5889
-61.6222
-61.6555
-61.689
-61.7225
-61.7562
-61.7899
-61.8237
-61.8576
-61.8916
-61.9256
-61.9597
-61.9939
-62.0282
-62.0625
-62.0968
-62.1312
-62.1657
-62.2002
-62.2347
-62.2693
-62.3039
-62.3386
-62.3733
-62.4079
-62.4427
-62.4774
-62.5121
-62.5469
-62.5816
-62.6164
-62.6511
-62.6859
-62.7206
-62.7553
-62.7901
-62.8248
-62.8594
-62.8941
-62.9287
-62.9633
-62.9979
-63.0324
-63.0669
-63.1014
-63.1358
-63.1702
-63.2045
-63.2388
-63.273
-63.3072
-63.3413
-63.3754
-63.4094
-63.4433
-63.4772
-63.511
-63.5447
-63.5783
-63.6119
-63.6454
-63.6788
-63.7122
-63.7454
-63.7786
-63.8117
-63.8447
-63.8776
-63.9105
-63.9432
-63.9758
-64.0084
-64.0408
-64.0732
-64.1054
-64.1375
-64.1696
-64.2015
-64.2334
-64.2651
-64.2967
-64.3282
-64.3596
-64.3909
-64.422
-64.4531
-64.484
-64.5148
-64.5455
-64.5761
-64.6066
-64.6369
-64.6671
-64.6972
-64.7272
-64.757
-64.7868
-64.8164
-64.8458
-64.8752
-64.9044
-64.9334
-64.9624
-64.9912
-65.0199
-65.0484
-65.0768
-65.1051
-65.1333
-65.1613
-65.1891
-65.2169
-65.2445
-65.2719
-65.2993
-65.3264
-65.3535
-65.3804
-65.4072
-65.4338
-65.4603
-65.4866
-65.5128
-65.5389
-65.5648
-65.5905
-65.6162
-65.6416
-65.667
-65.6922
-65.7172
-65.7421
-65.7669
-65.7915
-65.816
-65.8403
-65.8644
-65.8885
-65.9124
-65.9361
-65.9597
-65.9831
-66.0064
-66.0296
-66.0526
-66.0754
-66.0981
-66.1207
-66.1431
-66.1653
-66.1874
-66.2094
-66.2312
-66.2529
-66.2744
-66.2958
-66.317
-66.3381
-66.359
-66.3798
-66.4004
-66.4209
-66.4412
-66.4614
-66.4814
-66.5013
-66.5211
-66.5407
-66.5601
-66.5794
-66.5985
-66.6176
-66.6364
-66.6551
-66.6737
-66.6921
-66.7104
-66.7285
-66.7465
-66.7643
-66.782
-66.7995
-66.8169
-66.8342
-66.8513
-66.8682
-66.885
-66.9017
-66.9182
-66.9346
-66.9509
-66.967
-66.9829
-66.9987
-67.0144
-67.0299
-67.0453
-67.0605
-67.0756
-67.0906
-67.1054
-67.12
-67.1346
-67.149
-67.1632
-67.1773
-67.1913
-67.2051
-67.2188
-67.2324
-67.2458
-67.2591
-67.2722
-67.2852
-67.2981
-67.3108
-67.3234
-67.3358
-67.3482
-67.3603
-67.3724
-67.3843
-67.3961
-67.4077
-67.4192
-67.4306
-67.4419
-67.453
-67.464
-67.4748
-67.4855
-67.4961
-67.5066
-67.5169
-67.5271
-67.5372
-67.5471
-67.5569
-67.5666
-67.5762
-67.5856
-67.5949
-67.6041
-67.6131
-67.6221
-67.6309
-67.6395
-67.6481
-67.6565
-67.6648
-67.673
-67.6811
-67.689
-67.6968
-67.7045
-67.7121
-67.7195
-67.7268
-67.734
-67.7411
-67.7481
-67.755
-67.7617
-67.7683
-67.7748
-67.7812
-67.7875
-67.7936
-67.7997
-67.8056
-67.8114
-67.8171
-67.8227
-67.8282
-67.8335
-67.8388
-67.8439
-67.8489
-67.8538
-67.8586
-67.8633
-67.8679
-67.8724
-67.8768
-67.881
-67.8852
-67.8892
-67.8932
-67.897
-67.9008
-67.9044
-67.9079
-67.9113
-67.9146
-67.9179
-67.921
-67.924
-67.9269
-67.9297
-67.9324
-67.935
-67.9375
-67.9399
-67.9423
-67.9445
-67.9466
-67.9486
-67.9505
-67.9524
-67.9541
-67.9557
-67.9573
-67.9587
-67.9601
-67.9614
-67.9625
-67.9636
-67.9646
-67.9655
-67.9663
-67.967
-67.9677
-67.9682
-67.9687
-67.969
-67.9693
-67.9695
-67.9696
-67.9696
-67.9696
-67.9694
-67.9692
-67.9688
-67.9684
-67.968
-67.9674
-67.9667
-67.966
-67.9652
-67.9643
-67.9633
-67.9623
-67.9612
-67.9599
-67.9587
-67.9573
-67.9559
-67.9543
-67.9527
-67.9511
-67.9493
-67.9475
-67.9456
-67.9436
-67.9416
-67.9395
-67.9373
-67.9351
-67.9327
-67.9303
-67.9279
-67.9253
-67.9227
-67.92
-67.9173
-67.9145
-67.9116
-67.9087
-67.9056
-67.9026
-67.8994
-67.8962
-67.8929
-67.8896
-67.8862
-67.8827
-67.8792
-67.8756
-67.872
-67.8683
-67.8645
-67.8607
-67.8568
-67.8528
-67.8488
-67.8448
-67.8406
-67.8365
-67.8322
-67.8279
-67.8236
-67.8192
-67.8147
-67.8102
-67.8056
-67.801
-67.7963
-67.7916
-67.7868
-67.782
-67.7771
-67.7722
-67.7672
-67.7622
-67.7571
-67.7519
-67.7468
-67.7415
-67.7363
-67.7309
-67.7256
-67.7201
-67.7147
-67.7092
-67.7036
-67.698
-67.6924
-67.6867
-67.6809
-67.6752
-67.6694
-67.6635
-67.6576
-67.6516
-67.6457
-67.6396
-67.6336
-67.6275
-67.6213
-67.6151
-67.6089
-67.6026
-67.5963
-67.59
-67.5836
-67.5772
-67.5708
-67.5643
-67.5578
-67.5512
-67.5447
-67.538
-67.5314
-67.5247
-67.518
-67.5112
-67.5044
-67.4976
-67.4908
-67.4839
-67.477
-67.4701
-67.4631
-67.4561
-67.4491
-67.442
-67.435
-67.4278
-67.4207
-67.4135
-67.4064
-67.3991
-67.3919
-67.3846
-67.3773
-67.37
-67.3627
-67.3553
-67.3479
-67.3405
-67.3331
-67.3256
-67.3181
-67.3106
-67.3031
-67.2955
-67.288
-67.2804
-67.2728
-67.2651
-67.2575
-67.2498
-67.2421
-67.2344
-67.2267
-67.219
-67.2112
-67.2034
-67.1956
-67.1878
-67.18
-67.1721
-67.1642
-67.1564
-67.1485
-67.1406
-67.1326
-67.1247
-67.1167
-67.1088
-67.1008
-67.0928
-67.0848
-67.0768
-67.0688
-67.0607
-67.0527
-67.0446
-67.0365
-67.0285
-67.0204
-67.0123
-67.0042
-66.996
-66.9879
-66.9798
-66.9716
-66.9635
-66.9553
-66.9471
-66.939
-66.9308
-66.9226
-66.9144
-66.9062
-66.898
-66.8898
-66.8816
-66.8733
-66.8651
-66.8569
-66.8486
-66.8404
-66.8321
-66.8239
-66.8156
-66.8074
-66.7991
-66.7908
-66.7826
-66.7743
-66.766
-66.7578
-66.7495
-66.7412
-66.7329
-66.7247
-66.7164
-66.7081
-66.6998
-66.6915
-66.6833
-66.675
-66.6667
-66.6584
-66.6502
-66.6419
-66.6336
-66.6253
-66.6171
-66.6088
-66.6006
-66.5923
-66.584
-66.5758
-66.5676
-66.5593
-66.5511
-66.5429
-66.5346
-66.5264
-66.5182
-66.51
-66.5018
-66.4936
-66.4854
-66.4772
-66.469
-66.4609
-66.4527
-66.4445
-66.4364
-66.4283
-66.4201
-66.412
-66.4039
-66.3958
-66.3877
-66.3796
-66.3715
-66.3634
-66.3553
-66.3473
-66.3392
-66.3312
-66.3231
-66.3151
-66.3071
-66.2991
-66.2911
-66.2831
-66.2751
-66.2672
-66.2592
-66.2513
-66.2433
-66.2354
-66.2275
-66.2196
-66.2117
-66.2039
-66.196
-66.1882
-66.1803
-66.1725
-66.1647
-66.1569
-66.1491
-66.1414
-66.1336
-66.1259
-66.1181
-66.1104
-66.1027
-66.095
-66.0874
-66.0797
-66.0721
-66.0645
-66.0569
-66.0493
-66.0417
-66.0342
-66.0266
-66.0191
-66.0116
-66.0041
-65.9966
-65.9892
-65.9817
-65.9743
-65.9669
-65.9595
-65.9522
-65.9448
-65.9375
-65.9302
-65.9229
-65.9156
-65.9083
-65.9011
-65.8938
-65.8866
-65.8794
-65.8723
-65.8651
-65.858
-65.8508
-65.8437
-65.8366
-65.8296
-65.8225
-65.8155
-65.8085
-65.8015
-65.7945
-65.7876
-65.7807
-65.7737
-65.7669
-65.76
-65.7531
-65.7463
-65.7395
-65.7327
-65.7259
-65.7192
-65.7125
-65.7058
-65.6991
-65.6924
-65.6858
-65.6791
-65.6726
-65.666
-65.6594
-65.6529
-65.6464
-65.6399
-65.6334
-65.627
-65.6206
-65.6142
-65.6078
-65.6014
-65.5951
-65.5888
-65.5825
-65.5763
-65.57
-65.5638
-65.5576
-65.5515
-65.5453
-65.5392
-65.5331
-65.527
-65.521
-65.515
-65.509
-65.503
-65.4971
-65.4911
-65.4852
-65.4794
-65.4735
-65.4677
-65.4619
-65.4561
-65.4504
-65.4446
-65.4389
-65.4332
-65.4276
-65.4219
-65.4163
-65.4108
-65.4052
-65.3997
-65.3941
-65.3887
-65.3832
-65.3778
-65.3723
-65.367
-65.3616
-65.3563
-65.3509
-65.3457
-65.3404
-65.3352
-65.3299
-65.3248
-65.3196
-65.3144
-65.3093
-65.3042
-65.2992
-65.2942
-65.2891
-65.2842
-65.2792
-65.2743
-65.2694
-65.2645
-65.2596
-65.2548
-65.25
-65.2452
-65.2404
-65.2357
-65.231
-65.2263
-65.2217
-65.2171
-65.2125
-65.2079
-65.2034
-65.1989
-65.1944
-65.1899
-65.1855
-65.1811
-65.1767
-65.1723
-65.168
-65.1637
-65.1594
-65.1552
-65.1509
-65.1467
-65.1426
-65.1384
-65.1343
-65.1302
-65.1262
-65.1221
-65.1181
-65.1141
-65.1102
-65.1063
-65.1024
-65.0985
-65.0946
-65.0908
-65.087
-65.0833
-65.0795
-65.0758
-65.0721
-65.0685
-65.0648
-65.0612
-65.0577
-65.0541
-65.0506
-65.0471
-65.0436
-65.0402
-65.0368
-65.0334
-65.03
-65.0267
-65.0234
-65.0201
-65.0168
-65.0136
-65.0104
-65.0072
-65.0041
-65.001
-64.9979
-64.9948
-64.9918
-64.9888
-64.9858
-64.9828
-64.9799
-64.977
-64.9741
-64.9712
-64.9684
-64.9656
-64.9628
-64.96
-64.9573
-64.9546
-64.9519
-64.9493
-64.9466
-64.944
-64.9414
-64.9389
-64.9363
-64.9338
-64.9314
-64.9289
-64.9265
-64.9241
-64.9217
-64.9193
-64.917
-64.9147
-64.9124
-64.9101
-64.9079
-64.9057
-64.9035
-64.9014
-64.8992
-64.8971
-64.895
-64.8929
-64.8909
-64.8889
-64.8869
-64.8849
-64.883
-64.8811
-64.8792
-64.8773
-64.8754
-64.8736
-64.8718
-64.87
-64.8683
-64.8665
-64.8648
-64.8632
-64.8615
-64.8598
-64.8582
-64.8566
-64.8551
-64.8535
-64.852
-64.8505
-64.849
-64.8475
-64.8461
-64.8447
-64.8433
-64.8419
-64.8406
-64.8393
-64.838
-64.8367
-64.8354
-64.8342
-64.833
-64.8318
-64.8306
-64.8294
-64.8283
-64.8272
-64.8261
-64.825
-64.824
-64.823
-64.822
-64.821
-64.82
-64.8191
-64.8182
-64.8172
-64.8164
-64.8155
-64.8147
-64.8138
-64.813
-64.8122
-64.8115
-64.8107
-64.81
-64.8093
-64.8086
-64.808
-64.8073
-64.8067
-64.8061
-64.8055
-64.8049
-64.8043
-64.8038
-64.8033
-64.8028
-64.8023
-64.8018
-64.8014
-64.801
-64.8006
-64.8002
-64.7998
-64.7994
-64.7991
-64.7988
-64.7985
-64.7982
-64.7979
-64.7976
-64.7974
-64.7972
-64.797
-64.7968
-64.7966
-64.7964
-64.7963
-64.7962
-64.7961
-64.796
-64.7959
-64.7958
-64.7958
-64.7957
-64.7957
-64.7957
-64.6615
-64.4399
-64.0221
-63.471
-62.8217
-62.0981
-61.318
-60.4954
-59.6414
-58.7649
-57.8728
-56.9708
-56.0634
-55.1539
-54.2449
-53.3383
-52.4353
-51.5365
-50.6423
-49.7524
-48.866
-47.982
-47.099
-46.2148
-45.3273
-44.4334
-43.5299
-42.613
-41.6782
-40.7207
-39.7346
-38.7137
-37.6506
-36.5374
-35.3649
-34.1229
-32.7999
-31.3832
-29.8587
-28.2108
-26.4228
-24.4766
-22.3535
-20.0351
-17.5039
-14.7454
-11.7506
-8.51862
-5.06051
-1.40272
2.41024
6.31483
10.2303
14.0639
17.7183
21.1018
24.1365
26.7666
28.9625
30.7216
32.0653
33.0331
33.6754
34.0454
34.1943
34.1666
33.9996
33.7226
33.358
32.9227
32.4292
31.8868
31.3025
30.6816
30.0283
29.346
28.6376
27.9055
27.1519
26.3786
25.5874
24.78
23.9578
23.1223
22.2749
21.4167
20.549
19.6729
18.7894
17.8996
17.0045
16.1048
15.2015
14.2954
13.3872
12.4775
11.5672
10.6567
9.74657
8.83744
7.92975
7.02395
6.12046
5.21965
4.32188
3.42745
2.53667
1.64979
0.767038
-0.111369
-0.985246
-1.85443
-2.71877
-3.57816
-4.43248
-5.28163
-6.12556
-6.9642
-7.79751
-8.62545
-9.44802
-10.2652
-11.077
-11.8834
-12.6845
-13.4804
-14.2709
-15.0563
-15.8366
-16.6118
-17.3822
-18.1476
-18.9084
-19.6647
-20.4165
-21.164
-21.9075
-22.6471
-23.383
-24.1155
-24.8448
-25.5713
-26.2952
-27.0169
-27.7367
-28.455
-29.1723
-29.889
-30.6056
-31.3226
-32.0405
-32.7601
-33.4818
-34.2064
-34.9346
-35.6671
-36.4046
-37.148
-37.8981
-38.6556
-39.4216
-40.1966
-40.9817
-41.7775
-42.5848
-43.4042
-44.2362
-45.0812
-45.9393
-46.8105
-47.6944
-48.5901
-49.4966
-50.4121
-51.3344
-52.2607
-53.1876
-54.1111
-55.0267
-55.9292
-56.8133
-57.6734
-58.5041
-59.3
-60.0564
-60.7693
-61.4354
-62.0527
-62.6201
-63.1374
-63.6056
-64.0265
-64.4025
-64.7365
-65.0319
-65.2921
-65.5206
-65.7208
-65.8959
-66.0492
-66.1833
-66.3009
-66.4041
-66.4951
-66.5755
-66.647
-66.7108
-66.7681
-66.8199
-66.867
-66.9102
-66.9499
-66.9869
-67.0214
-67.0538
-67.0845
-67.1138
-67.1417
-67.1686
-67.1946
-67.2199
-67.2444
-67.2684
-67.2919
-67.315
-67.3377
-67.3601
-67.3823
-67.4041
-67.4258
-67.4473
-67.4686
-67.4898
-67.5109
-67.5318
-67.5526
-67.5734
-67.594
-67.6145
-67.635
-67.6554
-67.6757
-67.6959
-67.7161
-67.7362
-67.7562
-67.7762
-67.796
-67.8159
-67.8356
-67.8553
-67.875
-67.8945
-67.914
-67.9334
-67.9528
-67.9721
-67.9913
-68.0104
-68.0295
-68.0485
-68.0674
-68.0862
-68.105
-68.1236
-68.1422
-68.1608
-68.1792
-68.1975
-68.2158
-68.234
-68.2521
-68.2701
-68.288
-68.3058
-68.3235
-68.3412
-68.3587
-68.3762
-68.3935
-68.4108
-68.4279
-68.445
-68.462
-68.4788
-68.4956
-68.5122
-68.5288
-68.5453
-68.5616
-68.5778
-68.594
-68.61
-68.6259
-68.6418
-68.6575
-68.6731
-68.6885
-68.7039
-68.7192
-68.7343
-68.7494
-68.7643
-68.7791
-68.7938
-68.8084
-68.8228
-68.8372
-68.8514
-68.8656
-68.8796
-68.8934
-68.9072
-68.9209
-68.9344
-68.9478
-68.9611
-68.9743
-68.9873
-69.0003
-69.0131
-69.0258
-69.0383
-69.0508
-69.0631
-69.0753
-69.0874
-69.0994
-69.1112
-69.1229
-69.1345
-69.146
-69.1574
-69.1686
-69.1797
-69.1907
-69.2015
-69.2123
-69.2229
-69.2334
-69.2438
-69.254
-69.2641
-69.2741
-69.284
-69.2938
-69.3034
-69.3129
-69.3223
-69.3315
-69.3407
-69.3497
-69.3586
-69.3674
-69.376
-69.3845
-69.3929
-69.4012
-69.4094
-69.4174
-69.4253
-69.4331
-69.4408
-69.4483
-69.4558
-69.4631
-69.4703
-69.4773
-69.4843
-69.4911
-69.4978
-69.5044
-69.5109
-69.5172
-69.5234
-69.5295
-69.5355
-69.5414
-69.5472
-69.5528
-69.5583
-69.5637
-69.569
-69.5742
-69.5792
-69.5841
-69.589
-69.5937
-69.5983
-69.6027
-69.6071
-69.6113
-69.6154
-69.6195
-69.6234
-69.6271
-69.6308
-69.6344
-69.6378
-69.6412
-69.6444
-69.6475
-69.6505
-69.6534
-69.6562
-69.6588
-69.6614
-69.6639
-69.6662
-69.6684
-69.6706
-69.6726
-69.6745
-69.6763
-69.678
-69.6796
-69.6811
-69.6824
-69.6837
-69.6849
-69.6859
-69.6869
-69.6878
-69.6885
-69.6892
-69.6897
-69.6902
-69.6905
-69.6908
-69.6909
-69.6909
-69.6909
-69.6907
-69.6905
-69.6901
-69.6897
-69.6891
-69.6885
-69.6877
-69.6869
-69.686
-69.6849
-69.6838
-69.6826
-69.6813
-69.6799
-69.6783
-69.6767
-69.6751
-69.6733
-69.6714
-69.6694
-69.6674
-69.6652
-69.663
-69.6607
-69.6582
-69.6557
-69.6531
-69.6505
-69.6477
-69.6448
-69.6419
-69.6389
-69.6358
-69.6326
-69.6293
-69.6259
-69.6225
-69.6189
-69.6153
-69.6116
-69.6078
-69.604
-69.6
-69.596
-69.5919
-69.5877
-69.5834
-69.5791
-69.5747
-69.5702
-69.5656
-69.5609
-69.5562
-69.5514
-69.5465
-69.5416
-69.5365
-69.5314
-69.5262
-69.521
-69.5156
-69.5103
-69.5048
-69.4992
-69.4936
-69.4879
-69.4822
-69.4764
-69.4705
-69.4645
-69.4585
-69.3102
-69.0708
-68.7654
-68.4098
-68.0151
-67.453
-66.7828
-66.0364
-65.235
-64.3942
-63.526
-62.64
-61.7436
-60.8429
-59.9428
-59.0469
-58.1582
-57.2792
-56.4115
-55.5566
-54.7153
-53.8883
-53.0759
-52.2783
-51.4952
-50.7263
-49.9711
-49.2288
-48.4985
-47.7791
-47.0695
-46.3681
-45.6733
-44.9835
-44.2968
-43.611
-42.9239
-42.233
-41.5359
-40.8295
-40.1109
-39.3768
-38.6237
-37.8478
-37.045
-36.2109
-35.3407
-34.4294
-33.4714
-32.4607
-31.3909
-30.2553
-29.0465
-27.757
-26.3788
-24.9039
-23.324
-21.6316
-19.8194
-17.8815
-15.8138
-13.6148
-11.2862
-8.83427
-6.27026
-3.61141
-0.881255
1.89037
4.66785
7.41085
10.0759
12.6183
14.9944
17.1645
19.0949
20.7611
22.1492
23.2572
24.0939
24.6773
25.0318
25.1851
25.1653
24.9994
24.7112
24.3215
23.8476
23.304
22.702
22.051
21.3586
20.631
19.8731
19.0893
18.2831
17.4575
16.6153
15.7587
14.8898
14.0105
13.1225
12.2272
11.3262
10.4205
9.51136
8.59984
7.68688
6.77334
5.86002
4.94763
4.03684
3.12824
2.22236
1.31969
0.42066
-0.474338
-1.36496
-2.25089
-3.13186
-4.00764
-4.87801
-5.7428
-6.60186
-7.45505
-8.30228
-9.14346
-9.97854
-10.8074
-11.6302
-12.4467
-13.257
-14.0612
-14.8592
-15.6512
-16.4371
-17.217
-17.991
-18.7593
-19.5219
-20.2789
-21.0306
-21.777
-22.5183
-23.2548
-23.9865
-24.7138
-25.437
-26.1561
-26.8716
-27.5838
-28.2929
-28.9994
-29.7036
-30.4059
-31.1068
-31.8067
-32.5062
-33.2056
-33.9057
-34.607
-35.31
-36.0155
-36.724
-37.4363
-38.1531
-38.875
-39.6028
-40.3372
-41.0789
-41.8287
-42.5872
-43.355
-44.1326
-44.9205
-45.7191
-46.5284
-47.3485
-48.1791
-49.0197
-49.8693
-50.7268
-51.5903
-52.4578
-53.3266
-54.1936
-55.055
-55.9069
-56.7448
-57.5639
-58.3595
-59.1268
-59.8613
-60.5591
-61.2168
-61.8316
-62.402
-62.927
-63.4068
-63.8422
-64.2347
-64.5866
-64.9005
-65.1792
-65.4259
-65.6435
-65.8353
-66.0039
-66.1523
-66.2829
-66.3979
-66.4996
-66.5896
-66.6697
-66.7411
-66.8052
-66.8631
-66.9155
-66.9634
-67.0074
-67.0481
-67.0859
-67.1213
-67.1546
-67.1862
-67.2162
-67.245
-67.2726
-67.2993
-67.3252
-67.3504
-67.375
-67.3991
-67.4227
-67.4459
-67.4687
-67.4913
-67.5136
-67.5356
-67.5574
-67.5791
-67.6005
-67.6218
-67.643
-67.664
-67.6849
-67.7057
-67.7264
-67.747
-67.7675
-67.7879
-67.8082
-67.8284
-67.8485
-67.8686
-67.8886
-67.9084
-67.9282
-67.948
-67.9676
-67.9872
-68.0066
-68.026
-68.0454
-68.0646
-68.0837
-68.1028
-68.1218
-68.1407
-68.1595
-68.1782
-68.1968
-68.2154
-68.2338
-68.2522
-68.2705
-68.2887
-68.3067
-68.3247
-68.3426
-68.3604
-68.3781
-68.3957
-68.4132
-68.4306
-68.4479
-68.4651
-68.4822
-68.4992
-68.5161
-68.5329
-68.5496
-68.5662
-68.5826
-68.599
-68.6152
-68.6314
-68.6474
-68.6633
-68.6791
-68.6948
-68.7104
-68.7259
-68.7412
-68.7565
-68.7716
-68.7866
-68.8015
-68.8163
-68.8309
-68.8455
-68.8599
-68.8742
-68.8884
-68.9024
-68.9164
-68.9302
-68.9439
-68.9575
-68.971
-68.9843
-68.9975
-68.8759
-68.6726
-68.4138
-68.1151
-67.7875
-67.439
-67.0759
-66.7027
-66.3232
-65.9402
-65.556
-65.1724
-64.7909
-64.4126
-64.0384
-63.6692
-63.3055
-62.9477
-62.5964
-62.2517
-61.914
-61.5834
-61.26
-60.9439
-60.6352
-60.3338
-60.0399
-59.7533
-59.4741
-59.2021
-58.9373
-58.6796
-58.4289
-58.1851
-57.9481
-57.7177
-57.4939
-57.2765
-57.0654
-56.8604
-56.6614
-56.4683
-56.281
-56.0993
-55.923
-55.7521
-55.5863
-55.4257
-55.27
-55.1191
-54.9729
-54.8312
-54.6941
-54.5612
-54.4326
-54.3081
-54.1876
-54.071
-53.9582
-53.8492
-53.7437
-53.6417
-53.5432
-53.4481
-53.3562
-53.2675
-53.1819
-53.0993
-52.9195
-52.6839
-52.4124
-52.1165
-51.8042
-51.4808
-51.1505
-50.8163
-50.4802
-50.0507
-49.5699
-49.0581
-48.5275
-47.9861
-47.4394
-46.8915
-46.345
-45.8018
-45.2632
-44.7298
-44.2021
-43.6801
-43.1637
-42.6526
-42.1464
-41.6444
-41.1461
-40.6508
-40.1578
-39.6662
-39.1753
-38.6842
-38.1921
-37.6981
-37.2013
-36.7009
-36.1958
-35.6854
-35.1685
-34.6443
-34.1119
-33.5704
-33.0189
-32.4565
-31.8822
-31.2953
-30.6948
-30.0799
-29.4499
-28.8038
-28.141
-27.4608
-26.7626
-26.0458
-25.3098
-24.5544
-23.7792
-22.984
-22.1688
-21.3336
-20.4787
-19.6043
-18.7112
-17.7999
-16.8713
-15.9264
-14.9665
-13.993
-13.0076
-12.0119
-11.008
-9.99836
-8.98548
-7.97243
-6.96271
-5.96044
-4.97047
-3.9985
-3.05118
-2.13618
-1.26211
-0.438379
0.325161
1.01866
1.63284
2.15961
2.5926
2.92761
3.16276
3.29857
3.33769
3.28457
3.14503
2.92581
2.63413
2.27732
1.86257
1.39671
0.886113
0.336587
-0.246609
-0.858773
-1.49572
-2.15374
-2.82957
-3.51494
-4.20817
-4.90732
-5.61058
-6.31633
-7.02318
-7.7299
-8.43544
-9.13888
-9.83945
-10.5364
-11.2293
-11.9175
-12.6007
-13.2785
-13.9506
-14.6167
-15.2767
-15.9305
-16.5778
-17.2186
-17.8529
-18.4806
-19.1017
-19.7163
-20.3243
-20.9259
-21.521
-22.1099
-22.6925
-23.269
-23.8396
-24.4044
-24.9634
-25.517
-26.0652
-26.6082
-27.1463
-27.6797
-28.2085
-28.733
-29.2535
-29.7702
-30.2834
-30.7933
-31.3002
-31.8045
-32.3064
-32.8063
-33.3045
-33.8014
-34.2973
-34.7927
-35.2878
-35.7831
-36.2789
-36.7758
-37.274
-37.774
-38.2762
-38.7809
-39.2887
-39.7997
-40.3143
-40.8328
-41.3554
-41.8823
-42.4135
-42.949
-43.4886
-44.032
-44.5788
-45.1284
-45.6799
-46.2323
-46.7843
-47.3344
-47.8811
-48.4224
-48.9565
-49.481
-49.994
-50.4934
-50.977
-51.443
-51.8898
-52.3159
-52.7204
-53.1024
-53.4616
-53.798
-54.1118
-54.4035
-54.6739
-54.924
-55.1548
-55.3675
-55.5634
-55.7438
-55.9098
-56.0629
-56.204
-56.3345
-56.4552
-56.5673
-56.6715
-56.7688
-56.8599
-56.9455
-57.0262
-57.1025
-57.1749
-57.2439
-57.3099
-57.3733
-57.4343
-57.4932
-57.5503
-57.6058
-57.6599
-57.7128
-57.7645
-57.8153
-57.8653
-57.9146
-57.9632
-58.0113
-58.0588
-58.106
-58.0517
-57.9434
-57.8027
-57.6418
-57.4683
-57.2873
-57.1023
-56.9158
-56.7297
-56.5451
-56.3631
-56.1843
-56.0091
-55.838
-55.6711
-55.5086
-55.3507
-55.1973
-55.0486
-54.9045
-54.765
-54.6301
-54.4997
-54.3738
-54.2523
-54.1351
-54.0221
-53.9133
-53.8086
-53.7079
-53.6111
-53.5181
-53.4289
-53.3433
-53.2614
-53.1829
-53.1078
-53.0361
-52.9676
-52.9023
-52.8402
-52.781
-52.7248
-52.6716
-52.6211
-52.5734
-52.5284
-52.4861
-52.4463
-52.4091
-52.3743
-52.342
-52.312
-52.2843
-52.2588
-52.2356
-52.2145
-52.1955
-52.1786
-52.1637
-52.1509
-52.1399
-52.1309
-52.1237
-52.1183
-52.1147
-52.1129
-52.1128
-52.1144
-52.1176
-52.1224
-52.1288
-52.1368
-52.1463
-52.1573
-52.1697
-52.1836
-52.1989
-52.2156
-52.2336
-52.253
-52.2736
-52.2956
-52.3187
-52.3432
-52.3688
-52.3955
-52.4235
-52.4526
-52.4828
-52.514
-52.5464
-52.5798
-52.6142
-52.6496
-52.686
-52.7233
-52.7616
-52.8008
-52.841
-52.8819
-52.9238
-52.9665
-53.01
-53.0544
-53.0995
-53.1454
-53.192
-53.2394
-53.2875
-53.3363
-53.3858
-53.4359
-53.4867
-53.5381
-53.5901
-53.6427
-53.6959
-53.7497
-53.804
-53.8589
-53.9143
-53.9701
-54.0265
-54.0833
-54.1406
-54.1984
-54.2565
-54.3151
-54.3741
-54.4335
-54.4932
-54.5533
-54.6137
-54.6745
-54.7356
-54.797
-54.8587
-54.9206
-54.9829
-55.0453
-55.1081
-55.171
-55.2342
-55.2976
-55.3612
-55.4249
-55.4889
-55.553
-55.6172
-55.6816
-55.7461
-55.8108
-55.8755
-55.9404
-56.0053
-56.0703
-56.1354
-56.2006
-56.2658
-56.3311
-56.3963
-56.4617
-56.527
-56.5923
-56.6577
-56.723
-56.7884
-56.8537
-56.9189
-56.9842
-57.0494
-57.1145
-57.1796
-57.2447
-57.3096
-57.3745
-57.4393
-57.504
-57.5687
-57.6332
-57.6976
-57.7619
-57.8261
-57.8902
-57.9541
-58.0179
-58.0816
-58.1452
-58.2086
-58.2718
-58.3349
-58.3979
-58.4606
-58.5232
-58.5857
-58.648
-58.7101
-58.772
-58.8337
-58.8952
-58.9566
-59.0178
-59.0787
-59.1395
-59.2001
-59.2604
-59.3206
-59.3805
-59.4403
-59.4998
-59.5591
-59.6182
-59.677
-59.7357
-59.7941
-59.8523
-59.9103
-59.968
-60.0255
-60.0828
-60.1398
-60.1966
-60.2532
-60.3095
-60.3656
-60.4214
-60.477
-60.5324
-60.5875
-60.6424
-60.697
-60.7514
-60.8055
-60.8593
-60.913
-60.9663
-61.0195
-61.0723
-61.1249
-61.1773
-61.2294
-61.2812
-61.3328
-61.3842
-61.4352
-61.4861
-61.5366
-61.5869
-61.637
-61.6868
-61.7363
-61.7856
-61.8346
-61.8833
-61.9318
-61.9801
-62.028
-62.0758
-62.1232
-62.1704
-62.2173
-62.264
-62.3104
-62.3566
-62.4025
-62.4481
-62.4935
-62.5387
-62.5835
-62.6281
-62.6725
-62.7166
-62.7604
-62.804
-62.8473
-62.8904
-62.9332
-62.9757
-63.018
-63.06
-63.1018
-63.1433
-63.1846
-63.2256
-63.2664
-63.3069
-63.3472
-63.3872
-63.4269
-63.4664
-63.5057

