-65
-64.9994
-64.9988
-64.9982
-64.9977
-64.9971
-64.9965
-64.996
-64.9954
-64.9949
-64.9943
-64.9938
-64.9932
-64.9927
-64.9922
-64.9917
-64.9912
-64.9906
-64.9901
-64.9896
-64.9891
-64.9886
-64.9881
-64.9876
-64.9872
-64.9867
-64.9862
-64.9857
-64.9852
-64.9848
-64.9843
-64.9838
-64.9834
-64.9829
-64.9825
-64.982
-64.9816
-64.9811
-64.9807
-64.9802
-64.9798
-64.9794
-64.9789
-64.9785
-64.9781
-64.9777
-64.9772
-64.9768
-64.9764
-64.976
-64.9756
-64.9752
-64.9748
-64.9744
-64.974
-64.9736
-64.9732
-64.9728
-64.9725
-64.9721
-64.9717
-64.9713
-64.971
-64.9706
-64.9702
-64.9699
-64.9695
-64.9692
-64.9688
-64.9685
-64.9681
-64.9678
-64.9675
-64.9671
-64.9668
-64.9665
-64.9661
-64.9658
-64.9655
-64.9652
-64.9649
-64.9646
-64.9642
-64.9639
-64.9636
-64.9633
-64.963
-64.9628
-64.9625
-64.9622
-64.9619
-64.9616
-64.9613
-64.9611
-64.9608
-64.9605
-64.9603
-64.96
-64.9598
-64.9595
-64.9592
-64.959
-64.9588
-64.9585
-64.9583
-64.958
-64.9578
-64.9576
-64.9573
-64.9571
-64.9569
-64.9567
-64.9565
-64.9562
-64.956
-64.9558
-64.9556
-64.9554
-64.9552
-64.955
-64.9548
-64.9546
-64.9545
-64.9543
-64.9541
-64.9539
-64.9537
-64.9536
-64.9534
-64.9532
-64.9531
-64.9529
-64.9527
-64.9526
-64.9524
-64.9523
-64.9521
-64.952
-64.9519
-64.9517
-64.9516
-64.9514
-64.9513
-64.9512
-64.9511
-64.9509
-64.9508
-64.9507
-64.9506
-64.9505
-64.9504
-64.9503
-64.9502
-64.95
-64.9499
-64.9499
-64.9498
-64.9497
-64.9496
-64.9495
-64.9494
-64.9493
-64.9492
-64.9492
-64.9491
-64.949
-64.9489
-64.9489
-64.9488
-64.9487
-64.9487
-64.9486
-64.9486
-64.9485
-64.9485
-64.9484
-64.9484
-64.9483
-64.9483
-64.9482
-64.9482
-64.9482
-64.9481
-64.9481
-64.9481
-64.948
-64.948
-64.948
-64.948
-64.948
-64.9479
-64.9479
-64.9479
-64.9479
-64.9479
-64.9479
-64.9479
-64.9479
-64.9479
-64.9479
-64.9479
-64.9479
-64.9479
-64.9479
-64.9479
-64.9479
-64.9479
-64.9479
-64.948
-64.948
-64.948
-64.948
-64.9481
-64.9481
-64.9481
-64.9481
-64.9482
-64.9482
-64.9482
-64.9483
-64.9483
-64.9483
-64.9484
-64.9484
-64.9485
-64.9485
-64.9486
-64.9486
-64.9487
-64.9487
-64.9488
-64.9488
-64.9489
-64.9489
-64.949
-64.9491
-64.9491
-64.9492
-64.9492
-64.9493
-64.9494
-64.9494
-64.9495
-64.9496
-64.9497
-64.9497
-64.9498
-64.9499
-64.95
-64.95
-64.9501
-64.9502
-64.9503
-64.9504
-64.9504
-64.9505
-64.9506
-64.9507
-64.9508
-64.9509
-64.951
-64.951
-64.9511
-64.9512
-64.9513
-64.9514
-64.9515
-64.9516
-64.9517
-64.9518
-64.9519
-64.952
-64.9521
-64.9522
-64.9523
-64.9524
-64.9525
-64.9526
-64.9527
-64.9528
-64.9529
-64.953
-64.9532
-64.9533
-64.9534
-64.9535
-64.9536
-64.9537
-64.9538
-64.9539
-64.954
-64.9542
-64.9543
-64.9544
-64.9545
-64.9546
-64.9547
-64.9548
-64.955
-64.9551
-64.9552
-64.9553
-64.9554
-64.9556
-64.9557
-64.9558
-64.9559
-64.956
-64.9562
-64.9563
-64.9564
-64.9565
-64.9566
-64.9568
-64.9569
-64.957
-64.9571
-64.9573
-64.9574
-64.9575
-64.9576
-64.9578
-64.9579
-64.958
-64.9581
-64.9583
-64.9584
-64.9585
-64.9587
-64.9588
-64.9589
-64.959
-64.9592
-64.9593
-64.9594
-64.9595
-64.9597
-64.9598
-64.9599
-64.96
-64.9602
-64.9603
-64.9604
-64.826
-64.604
-64.3175
-63.981
-63.6049
-63.197
-62.7636
-62.3097
-61.8394
-61.3561
-60.8623
-60.3604
-59.8522
-59.3391
-58.8223
-58.3029
-57.7815
-57.2589
-56.7355
-56.2117
-55.6875
-55.1632
-54.6387
-54.1139
-53.5885
-53.0622
-52.5346
-52.0051
-51.473
-50.9376
-50.3978
-49.8526
-49.3008
-48.741
-48.1715
-47.5907
-46.9964
-46.3864
-45.7581
-45.1087
-44.4349
-43.733
-42.9988
-42.2276
-41.4141
-40.5521
-39.6346
-38.6538
-37.6006
-36.4646
-35.2339
-33.8952
-32.4331
-30.8303
-29.0675
-27.1233
-24.9747
-22.5975
-19.9672
-17.0614
-13.8623
-10.3605
-6.5607
-2.48713
1.81072
6.25476
10.7393
15.1377
19.3154
23.1096
26.4296
29.2189
31.4613
33.1784
34.4197
35.2511
35.7435
35.9645
35.973
35.817
35.5342
35.1528
34.6938
34.1723
33.5993
32.983
32.3295
31.6435
30.9286
30.1879
29.424
28.6392
27.8355
27.0147
26.1785
25.3284
24.466
23.5925
22.7093
21.8176
20.9186
20.0132
19.1026
18.1876
17.2693
16.3483
15.4255
14.5017
13.5775
12.6535
11.7304
10.8086
9.8888
8.97131
8.05659
7.14505
6.23703
5.33285
4.43281
3.53717
2.64616
1.75998
0.878833
0.00286749
-0.867773
-1.73297
-2.59263
-3.44667
-4.295
-5.13759
-5.9744
-6.8054
-7.63058
-8.44994
-9.26348
-10.0712
-10.8732
-11.6695
-12.4601
-13.2451
-14.0246
-14.7986
-15.5672
-16.3306
-17.0888
-17.8419
-18.5902
-19.3336
-20.0725
-20.8068
-21.537
-22.263
-22.9853
-23.7039
-24.4192
-25.1315
-25.841
-26.548
-27.2531
-27.9564
-28.6585
-29.3598
-30.0607
-30.7618
-31.4636
-32.1667
-32.8717
-33.5792
-34.29
-35.0046
-35.724
-36.4488
-37.1798
-37.9178
-38.6636
-39.418
-40.1818
-40.9558
-41.673
-42.366
-43.0485
-43.727
-44.4054
-45.0853
-45.7675
-46.452
-47.1383
-47.825
-48.5105
-49.1928
-49.8692
-50.4542
-50.9842
-51.4725
-51.9244
-52.3416
-52.7244
-53.0723
-53.3844
-53.6605
-53.9003
-54.1044
-54.2734
-54.4089
-54.5125
-54.5864
-54.6329
-54.6546
-54.6539
-54.6336
-54.596
-54.5436
-54.4786
-54.403
-54.3187
-54.2274
-54.1306
-54.0295
-53.9254
-53.8193
-53.7119
-53.6042
-53.4966
-53.3897
-53.2839
-53.1797
-53.0774
-52.9771
-52.8791
-52.7837
-52.6908
-52.6006
-52.5132
-52.4286
-52.3469
-52.2681
-52.1922
-52.1191
-52.049
-51.9817
-51.9173
-51.8557
-51.7968
-51.7407
-51.6873
-51.6366
-51.5885
-51.543
-51.4999
-51.4594
-51.4213
-51.3856
-51.3523
-51.3212
-51.2925
-51.2659
-51.2415
-51.2192
-51.199
-51.1809
-51.1647
-51.1506
-51.1383
-51.1279
-51.1194
-51.1127
-51.1078
-51.1046
-51.1031
-51.1033
-51.1051
-51.1086
-51.1136
-51.1201
-51.1282
-51.1378
-51.1488
-51.1612
-51.175
-51.1903
-51.2068
-51.2247
-51.2439
-51.2643
-51.286
-51.3089
-51.333
-51.3582
-51.3847
-51.4122
-51.4409
-51.4706
-51.5014
-51.5332
-51.5661
-51.5999
-51.6348
-51.6705
-51.7073
-51.7449
-51.7835
-51.8229
-51.8632
-51.9043
-51.9463
-51.9891
-52.0326
-52.077
-52.122
-52.1679
-52.2144
-52.2617
-52.3096
-52.3583
-52.4075
-52.4575
-52.508
-52.5592
-52.6109
-52.6633
-52.7162
-52.7696
-52.8236
-52.8781
-52.9331
-52.9886
-53.0446
-53.1011
-53.158
-53.2154
-53.2731
-53.3313
-53.3899
-53.4489
-53.5082
-53.568
-53.628
-53.6884
-53.7491
-53.8102
-53.8715
-53.9332
-53.9951
-54.0572
-54.1197
-54.1824
-54.2453
-54.3084
-54.3718
-54.4353
-54.4991
-54.563
-54.6271
-54.6914
-54.7558
-54.8204
-54.8851
-54.9499
-55.0148
-55.0799
-55.1451
-55.2103
-55.2756
-55.341
-55.4065
-55.472
-55.5376
-55.6032
-55.6689
-55.7346
-55.8003
-55.866
-55.9317
-55.9974
-56.0632
-56.1289
-56.1945
-56.2602
-56.3258
-56.3914
-56.457
-56.5225
-56.5879
-56.6533
-56.7186
-56.7838
-56.849
-56.9141
-56.9791
-57.044
-57.1088
-57.1735
-57.2381
-57.3025
-57.3669
-57.4312
-57.4953
-57.5593
-57.6232
-57.6869
-57.7505
-57.814
-57.8773
-57.9404
-58.0034
-58.0663
-58.129
-58.1915
-58.2539
-58.3161
-58.3781
-58.44
-58.5017
-58.5632
-58.6245
-58.6857
-58.7466
-58.8074
-58.868
-58.9283
-58.9885
-59.0485
-59.1083
-59.1679
-59.2273
-59.2865
-59.3455
-59.4043
-59.4628
-59.5212
-59.5793
-59.6373
-59.695
-59.7525
-59.8097
-59.8668
-59.9236
-59.9803
-60.0366
-60.0928
-60.1488
-60.2045
-60.26
-60.3152
-60.3703
-60.4251
-60.4797
-60.534
-60.5881
-60.642
-60.6956
-60.749
-60.8022
-60.8551
-60.9078
-60.9603
-61.0125
-61.0645
-61.1163
-61.1678
-61.2191
-61.2701
-61.3209
-61.3714
-61.4218
-61.4718
-61.5217
-61.5712
-61.6206
-61.6697
-61.7186
-61.7672
-61.8155
-61.8637
-61.9116
-61.9592
-62.0066
-62.0538
-62.1007
-62.1474
-62.1938
-62.24
-62.2859
-62.3316
-62.3771
-62.4223
-62.4673
-62.512
-62.5565
-62.6008
-62.6448
-62.6885
-62.732
-62.7753
-62.8183
-62.8611
-62.9037
-62.946
-62.9881
-63.0299
-63.0715
-63.1128
-63.1539
-63.1948
-63.2354
-63.2758
-63.316
-63.3559
-63.3955
-63.435
-63.4742
-63.5131
-63.5518
-63.5903
-63.6286
-63.6666
-63.7044
-63.7419
-63.7792
-63.8163
-63.8532
-63.8898
-63.9261
-63.9623
-63.9982
-64.0339
-64.0693
-64.1045
-64.1395
-64.1743
-64.2088
-64.2431
-64.2772
-64.3111
-64.3447
-64.3781
-64.4112
-64.4442
-64.4769
-64.5094
-64.5417
-64.5737
-64.6055
-64.6371
-64.6685
-64.6997
-64.7306
-64.7613
-64.7918
-64.8221
-64.8522
-64.882
-64.9116
-64.9411
-64.9703
-64.9992
-65.028
-65.0566
-65.0849
-65.113
-65.0104
-64.826
-64.5835
-64.2977
-63.979
-63.6351
-63.272
-62.8945
-62.5064
-62.1107
-61.7098
-61.3056
-60.8999
-60.4939
-60.0888
-59.6855
-59.2846
-58.887
-58.493
-58.1031
-57.7177
-57.3371
-56.9615
-56.5912
-56.2262
-55.8666
-55.5126
-55.1642
-54.8213
-54.484
-54.1521
-53.8257
-53.5046
-53.086
-52.6119
-52.1026
-51.5702
-51.023
-50.4666
-49.9053
-49.3422
-48.7794
-48.1271
-47.4263
-46.6967
-45.95
-45.1936
-44.4327
-43.6703
-42.9085
-42.1481
-41.3893
-40.6316
-39.8743
-39.1158
-38.3547
-37.589
-36.8166
-36.0353
-35.2425
-34.4355
-33.6117
-32.7681
-31.9016
-31.0091
-30.0873
-29.1329
-28.1425
-27.1126
-26.0398
-24.9205
-23.7515
-22.5295
-21.2516
-19.9152
-18.5181
-17.0587
-15.5364
-13.9513
-12.3051
-10.6007
-8.84281
-7.03839
-5.19671
-3.32989
-1.45311
0.415105
2.25289
4.03535
5.7354
7.32513
8.77772
10.0697
11.1829
12.1062
12.836
13.3756
13.7348
13.9275
13.9702
13.8805
13.6757
13.3722
12.9845
12.5254
12.0062
11.4361
10.8231
10.1741
9.49452
8.7893
8.06248
7.31756
6.55755
5.78506
5.00237
4.21148
3.41417
2.61198
1.80632
0.998412
0.18936
-0.619856
-1.42836
-2.23538
-3.04021
-3.84224
-4.64092
-5.43577
-6.22637
-7.01233
-7.79333
-8.56909
-9.33937
-10.1039
-10.8626
-11.6153
-12.3619
-13.1022
-13.8362
-14.5638
-15.2851
-15.9999
-16.7084
-17.3838
-18.0389
-18.6789
-19.3066
-19.9234
-20.5303
-21.1282
-21.7174
-22.2985
-22.8717
-23.4375
-23.9961
-24.5478
-25.0929
-25.6316
-26.1644
-26.6914
-27.2129
-27.7292
-28.2407
-28.7476
-29.2503
-29.749
-30.2441
-30.736
-31.2249
-31.7113
-32.1955
-32.6778
-33.1587
-33.6386
-34.1178
-34.5968
-35.0759
-35.5556
-36.0364
-36.5185
-37.0025
-37.4888
-37.9776
-38.4695
-38.9646
-39.4634
-39.9659
-40.4725
-40.9831
-41.4977
-42.0162
-42.5383
-43.0636
-43.5913
-44.1208
-44.6509
-45.1805
-45.7081
-46.232
-46.7505
-47.2616
-47.7633
-48.2536
-48.7303
-49.1916
-49.6358
-50.0612
-50.4666
-50.8512
-51.2142
-51.5553
-51.8747
-52.1725
-52.4494
-52.706
-52.9434
-53.1626
-53.3648
-53.5511
-53.7227
-53.8809
-54.0267
-54.1614
-54.2859
-54.4013
-54.5085
-54.6083
-54.7015
-54.7888
-54.8708
-54.9482
-55.0215
-55.0911
-55.1575
-55.221
-55.282
-55.3407
-55.3975
-55.4527
-55.5063
-55.5586
-55.6097
-55.6599
-55.7093
-55.7579
-55.8058
-55.8533
-55.9003
-55.9469
-55.9932
-56.0393
-56.0851
-56.1308
-56.1764
-56.2219
-56.2673
-56.3127
-56.3582
-56.4036
-56.4491
-56.4946
-56.5402
-56.5859
-56.6317
-56.6776
-56.7235
-56.7696
-56.8158
-56.8622
-56.9086
-56.9552
-57.0019
-57.0488
-57.0958
-57.1429
-57.1901
-57.2374
-57.2849
-57.3325
-57.3802
-57.4281
-57.4761
-57.5241
-57.5723
-57.6206
-57.669
-57.7175
-57.7661
-57.8148
-57.8636
-57.9124
-57.9614
-58.0104
-58.0595
-58.1087
-58.1579
-58.2072
-58.2565
-58.3059
-58.3554
-58.4049
-58.4544
-58.504
-58.5536
-58.6033
-58.653
-58.7026
-58.7523
-58.8021
-58.8518
-58.9015
-58.8441
-58.7266
-58.5711
-58.3904
-58.1927
-57.9839
-57.7682
-57.5486
-57.3273
-57.1061
-56.8861
-56.6685
-56.4538
-56.2426
-56.0354
-55.8325
-55.6341
-55.4403
-55.2514
-55.0673
-54.8882
-54.714
-54.5448
-54.3805
-54.2212
-54.0667
-53.917
-53.7721
-53.6319
-53.4963
-53.3652
-53.2386
-53.1164
-52.9984
-52.8847
-52.7751
-52.6696
-52.568
-52.4703
-52.3764
-52.2862
-52.1996
-52.1165
-52.037
-51.9608
-51.888
-51.8184
-51.752
-51.6887
-51.6285
-51.5712
-51.5169
-51.4654
-51.4167
-51.3708
-51.3275
-51.2869
-51.2488
-51.2133
-51.1803
-51.1497
-51.1215
-51.0957
-51.0721
-51.0508
-51.0318
-51.0149
-51.0001
-50.9875
-50.977
-50.9685
-50.962
-50.9574
-50.9548
-50.9541
-50.9553
-50.9584
-50.9632
-50.9699
-50.9783
-50.9885
-51.0003
-51.0139
-51.0291
-51.046
-51.0644
-51.0845
-51.1061
-51.1293
-51.1539
-51.1801
-51.2077
-51.2368
-51.2673
-51.2992
-51.3325
-51.3672
-51.4032
-51.4405
-51.4792
-51.5191
-51.5602
-51.6026
-51.6462
-51.691
-51.737
-51.7841
-51.8323
-51.8817
-51.9321
-51.9836
-52.0362
-52.0897
-52.1443
-52.1998
-52.2563
-52.3138
-52.3722
-52.4314
-52.4915
-52.5525
-52.6144
-52.677
-52.7404
-52.8046
-52.8696
-52.9352
-53.0016
-53.0686
-53.1364
-53.2047
-53.2737
-53.3433
-53.4134
-53.4841
-53.5554
-53.6272
-53.6994
-53.7722
-53.8454
-53.919
-53.993
-54.0675
-54.1423
-54.2174
-54.2929
-54.3687
-54.4449
-54.5212
-54.5979
-54.6748
-54.7519
-54.8292
-54.9067
-54.9843
-55.0621
-55.1401
-55.2181
-55.2963
-55.3745
-55.4528
-55.5312
-55.6096
-55.688
-55.7664
-55.8448
-55.9232
-56.0016
-56.0799
-56.1581
-56.2363
-56.3144
-56.3923
-56.4702
-56.5479
-56.6255
-56.703
-56.7803
-56.8574
-56.9344
-57.0111
-57.0877
-57.1641
-57.2402
-57.3162
-57.3919
-57.4673
-57.5425
-57.6175
-57.6922
-57.7666
-57.8408
-57.9147
-57.9883
-58.0616
-58.1346
-58.2073
-58.2797
-58.3518
-58.4235
-58.495
-58.5661
-58.6369
-58.7074
-58.7776
-58.8474
-58.9168
-58.986
-59.0548
-59.1232
-59.1913
-59.259
-59.3264
-59.3934
-59.4601
-59.5264
-59.5924
-59.6579
-59.7232
-59.788
-59.8526
-59.9167
-59.9805
-60.0439
-60.1069
-60.1696
-60.2319
-60.2939
-60.3555
-60.4167
-60.4776
-60.5381
-60.5982
-60.6579
-60.7173
-60.7764
-60.8351
-60.8934
-60.9513
-61.0089
-61.0661
-61.123
-61.1795
-61.2357
-61.2915
-61.3469
-61.402
-61.4567
-61.5111
-61.5651
-61.6188
-61.6721
-61.7251
-61.7778
-61.83
-61.882
-61.9336
-61.9848
-62.0358
-62.0863
-62.1366
-62.1865
-62.2361
-62.2853
-62.3342
-62.3828
-62.431
-62.4789
-62.5265
-62.5737
-62.6207
-62.6673
-62.7136
-62.7595
-62.8052
-62.8505
-62.8955
-62.9402
-62.9846
-63.0286
-63.0724
-63.1158
-63.159
-63.2018
-63.2443
-63.2866
-63.3285
-63.3701
-63.4114
-63.4524
-63.4931
-63.5336
-63.5737
-63.6135
-63.6531
-63.6923
-63.7313
-63.7699
-63.8083
-63.8464
-63.8842
-63.9218
-63.959
-63.996
-64.0327
-64.0691
-64.1052
-64.1411
-64.1767
-64.212
-64.247
-64.2818
-64.3163
-64.3505
-64.3845
-64.4182
-64.4516
-64.4848
-64.5177
-64.5504
-64.5828
-64.6149
-64.6468
-64.6784
-64.7098
-64.7409
-64.7717
-64.8024
-64.8327
-64.8628
-64.8927
-64.9223
-64.9517
-64.9808
-65.0097
-65.0383
-65.0668
-65.0949
-65.1228
-65.1505
-65.178
-65.2052
-65.2322
-65.2589
-65.2854
-65.3117
-65.3378
-65.3636
-65.3892
-65.4146
-65.4397
-65.4647
-65.4894
-65.5139
-65.5381
-65.5622
-65.586
-65.6096
-65.633
-65.6561
-65.6791
-65.7018
-65.7244
-65.7467
-65.7688
-65.7907
-65.8124
-65.8339
-65.8551
-65.8762
-65.8971
-65.9178
-65.9382
-65.9585
-65.9785
-65.9984
-66.0181
-66.0375
-66.0568
-66.0759
-66.0947
-66.1134
-66.1319
-66.1502
-66.1683
-66.1863
-66.204
-66.2215
-66.2389
-66.2561
-66.273
-66.2898
-66.3065
-66.3229
-66.3392
-66.3552
-66.3711
-66.3868
-66.4024
-66.4177
-66.4329
-66.4479
-66.4628
-66.4774
-66.4919
-66.5063
-66.5204
-66.5344
-66.5482
-66.5619
-66.5753
-66.5887
-66.6018
-66.6148
-66.6276
-66.6403
-66.6528
-66.6651
-66.6773
-66.6893
-66.7012
-66.7129
-66.7245
-66.7359
-66.7471
-66.7582
-66.7691
-66.7799
-66.7905
-66.801
-66.8114
-66.8216
-66.8316
-66.8415
-66.8512
-66.8608
-66.8703
-66.8796
-66.8888
-66.8978
-66.9067
-66.9155
-66.9241
-66.9325
-66.9409
-66.9491
-66.8201
-66.6031
-66.3224
-65.9929
-65.6254
-65.2281
-64.8075
-64.3686
-63.9156
-63.4519
-62.9802
-62.5029
-62.0217
-61.5383
-61.0539
-60.5697
-60.0865
-59.6052
-59.0086
-58.344
-57.635
-56.8961
-56.1376
-55.3672
-54.5907
-53.8124
-53.0356
-52.2627
-51.4954
-50.735
-49.9819
-49.2365
-48.4986
-47.7679
-47.0437
-46.3251
-45.6109
-44.8997
-44.1899
-43.4797
-42.7671
-42.0498
-41.3254
-40.5912
-39.8442
-39.0812
-38.2988
-37.4932
-36.6603
-35.7956
-34.8943
-33.9513
-32.9607
-31.9167
-30.8125
-29.6411
-28.3951
-27.0665
-25.6471
-24.1285
-22.5022
-20.76
-18.8944
-16.8993
-14.7702
-12.5056
-10.1075
-7.58285
-4.94438
-2.21184
0.587344
3.41777
6.23639
8.99377
11.6365
14.1104
16.3654
18.3597
20.0641
21.4643
22.5612
23.369
23.9118
24.2195
24.3239
24.2562
24.0446
23.714
23.285
22.7749
22.1974
21.5637
20.8829
20.1621
19.4074
18.6236
17.8149
16.9849
16.1364
15.2722
14.3947
13.5058
12.6076
11.7016
10.7895
9.87253
8.95205
8.02919
7.105
6.18043
5.25635
4.33355
3.41274
2.49456
1.5796
0.668371
-0.238654
-1.14106
-2.03847
-2.93057
-3.81707
-4.69771
-5.5723
-6.44063
-7.30255
-8.15794
-9.00669
-9.84872
-10.684
-11.5124
-12.334
-13.1488
-13.9567
-14.7579
-15.5522
-16.3399
-17.1209
-17.8954
-18.6634
-19.4251
-20.1805
-20.9299
-21.6733
-22.4109
-23.143
-23.8697
-24.5912
-25.3077
-26.0195
-26.727
-27.4302
-28.1297
-28.8256
-29.5184
-30.2085
-30.8961
-31.5819
-32.2661
-32.9493
-33.632
-34.3148
-34.998
-35.6825
-36.3686
-37.0572
-37.7487
-38.4439
-39.1433
-39.8478
-40.558
-41.2744
-41.9979
-42.7289
-43.4681
-44.216
-44.973
-45.7394
-46.5154
-47.3011
-48.0961
-48.9001
-49.7123
-50.5316
-51.3567
-52.1856
-53.016
-53.8453
-54.6701
-55.4869
-56.2917
-57.0802
-57.8481
-58.5911
-59.3048
-59.9854
-60.6297
-61.2348
-61.799
-62.3209
-62.8004
-63.2379
-63.6346
-63.9921
-64.3128
-64.5991
-64.8537
-65.0796
-65.2795
-65.4562
-65.6122
-65.7501
-65.8721
-65.9802
-66.0762
-66.1618
-66.2384
-66.3072
-66.3694
-66.4258
-66.4774
-66.5248
-66.5686
-66.6093
-66.6474
-66.6832
-66.7172
-66.7495
-66.7803
-66.81
-66.8386
-66.8663
-66.8933
-66.9196
-66.9453
-66.9705
-66.9952
-67.0196
-67.0437
-67.0674
-67.0909
-67.1141
-67.1372
-67.1601
-67.1828
-67.2053
-67.2277
-67.25
-67.2721
-67.2942
-67.3161
-67.3379
-67.3597
-67.3813
-67.4029
-67.4244
-67.4457
-67.4671
-67.4883
-67.5094
-67.5305
-67.5515
-67.5724
-67.5932
-67.6139
-67.6346
-67.6552
-67.6757
-67.6961
-67.7164
-67.7367
-67.7568
-67.7769
-67.7969
-67.8168
-67.8366
-67.8564
-67.876
-67.8955
-67.915
-67.9343
-67.9536
-67.9728
-67.9918
-68.0108
-68.0297
-68.0485
-68.0671
-68.0857
-68.1042
-68.1225
-68.1408
-68.159
-68.177
-68.195
-68.2128
-68.2305
-68.2481
-68.2656
-68.283
-68.3003
-68.3175
-68.3346
-68.3515
-68.3684
-68.3851
-68.4017
-68.4182
-68.4346
-68.4508
-68.467
-68.483
-68.4989
-68.5147
-68.5303
-68.5459
-68.5613
-68.5766
-68.5918
-68.6069
-68.6218
-68.6366
-68.6513
-68.6659
-68.6803
-68.6947
-68.7089
-68.7229
-68.7369
-68.7507
-68.7644
-68.778
-68.7915
-68.8048
-68.818
-68.8311
-68.844
-68.8569
-68.8696
-68.8821
-68.8946
-68.9069
-68.9191
-68.9312
-68.9431
-68.9549
-68.9666
-68.9782
-68.9896
-69.0009
-69.0121
-69.0232
-69.0341
-69.0449
-69.0556
-69.0661
-69.0766
-69.0869
-69.097
-69.1071
-69.117
-69.1268
-69.1365
-69.146
-69.1554
-69.1647
-69.1739
-69.1829
-69.1918
-69.2006
-69.2093
-69.2178
-69.2262
-69.2345
-69.2427
-69.2507
-69.1205
-68.9045
-68.6283
-68.3079
-67.9542
-67.5757
-67.1788
-66.7685
-66.3489
-65.9231
-65.4937
-65.0628
-64.6321
-64.203
-63.7767
-63.3541
-62.9359
-62.5228
-62.1155
-61.7142
-61.3193
-60.9312
-60.5501
-60.1762
-59.8096
-59.4503
-59.0986
-58.7544
-58.4176
-58.0884
-57.7667
-57.4523
-57.1453
-56.8456
-56.553
-56.2674
-55.9888
-55.7169
-55.4516
-55.1929
-54.9405
-54.6942
-54.454
-54.2196
-53.9909
-53.7676
-53.5498
-53.337
-53.1293
-52.9263
-52.728
-52.5342
-52.3447
-52.1593
-51.9778
-51.8002
-51.6261
-51.4556
-51.2884
-51.1243
-50.9633
-50.8051
-50.6496
-50.4967
-50.3463
-50.1981
-50.0521
-49.9082
-49.7661
-49.6258
-49.4872
-49.3501
-49.2144
-49.08
-48.9467
-48.8145
-48.6832
-48.5528
-48.423
-48.2938
-48.1651
-48.0368
-47.9087
-47.7808
-47.6528
-47.5247
-47.3964
-47.2678
-47.1387
-47.009
-46.8785
-46.7472
-46.6148
-46.4813
-46.3465
-46.2103
-46.0724
-45.9328
-45.7912
-45.6474
-45.5013
-45.3527
-45.2013
-45.0469
-44.8894
-44.7283
-44.5635
-44.3948
-44.2217
-44.0439
-43.8612
-43.6731
-43.4793
-43.2794
-43.0729
-42.8593
-42.6381
-42.4088
-42.1708
-41.9234
-41.666
-41.3977
-41.1179
-40.8257
-40.52
-40.1999
-39.8644
-39.5122
-39.1421
-38.7526
-38.3422
-37.9094
-37.4523
-36.9691
-36.4577
-35.9158
-35.341
-34.7308
-34.0822
-33.3924
-32.6581
-31.8759
-31.0423
-30.1533
-29.2052
-28.1939
-27.1154
-25.9656
-24.7408
-23.4375
-22.0526
-20.584
-19.0307
-17.3929
-15.673
-13.8755
-12.008
-10.0811
-8.1095
-6.11175
-4.11039
-2.13156
-0.204192
1.64137
3.375
4.96878
6.39882
7.6468
8.70098
9.55637
10.2144
10.6819
10.97
11.0925
11.0649
10.9031
10.6229
10.2389
9.76492
9.21315
8.59452
7.91864
7.19388
6.42753
5.62592
4.79456
3.93821
3.06104
2.16668
1.25828
0.338646
-0.5898
-1.52491
-2.46479
-3.4078
-4.35246
-5.29749
-6.24176
-7.1843
-8.12422
-9.06077
-9.9933
-10.9213
-11.8441
-12.7616
-13.6731
-14.5786
-15.4778
-16.3705
-17.2565
-18.1358
-19.0083
-19.8741
-20.7332
-21.5855
-22.4313
-23.2707
-24.1037
-24.9307
-25.7518
-26.5673
-27.3775
-28.1828
-28.9833
-29.7797
-30.5722
-31.3613
-32.1476
-32.9315
-33.7136
-34.4945
-35.2748
-36.0552
-36.8362
-37.6188
-38.4035
-39.1911
-39.9825
-40.7783
-41.5795
-42.3867
-43.2009
-44.0226
-44.8528
-45.692
-46.541
-47.4002
-48.27
-49.1509
-50.0429
-50.9459
-51.8597
-52.7838
-53.7171
-54.6586
-55.6065
-56.5589
-57.5133
-58.4667
-59.4157
-60.3564
-61.2847
-62.1959
-63.0853
-63.9481
-64.7796
-65.5751
-66.3307
-67.0428
-67.7089
-68.3271
-68.8963
-69.4165
-69.8886
-70.3141
-70.6952
-71.0345
-71.3351
-71.6001
-71.8328
-72.0364
-72.2141
-72.3687
-72.503
-72.6196
-72.7206
-72.808
-72.8838
-72.9494
-73.0062
-73.0554
-73.0981
-73.1352
-73.1675
-73.1956
-73.2201
-73.2415
-73.2602
-73.2766
-73.2911
-73.3037
-73.3149
-73.3248
-73.3336
-73.3413
-73.3482
-73.3543
-73.3598
-73.3646
-73.369
-73.3728
-73.3763
-73.3794
-73.3821
-73.3845
-73.3867
-73.3886
-73.3903
-73.3918
-73.3931
-73.3942
-73.3951
-73.3959
-73.3965
-73.3969
-73.3973
-73.3975
-73.3975
-73.3975
-73.3973
-73.3971
-73.3967
-73.3962
-73.3956
-73.3948
-73.394
-73.3931
-73.3921
-73.391
-73.3898
-73.3884
-73.387
-73.3855
-73.3839
-73.3822
-73.3804
-73.3785
-73.3765
-73.3744
-73.3722
-73.37
-73.3676
-73.3651
-73.3625
-73.3599
-73.3571
-73.3543
-73.3513
-73.3483
-73.3452
-73.3419
-73.3386
-73.3352
-73.3317
-73.3281
-73.3243
-73.3205
-73.3166
-73.3126
-73.3086
-73.3044
-73.3001
-73.2957
-73.2912
-73.2867
-73.282
-73.2772
-73.2724
-73.2674
-73.2624
-73.2572
-73.252
-73.2467
-73.2412
-73.0901
-72.849
-72.5455
-72.1965
-71.8139
-71.4066
-70.9813
-70.5435
-70.0973
-69.6461
-69.1926
-68.7389
-68.2867
-67.8376
-67.3927
-66.9528
-66.5188
-66.0914
-65.6709
-65.2579
-64.8526
-64.4552
-64.0661
-63.6853
-63.313
-62.9491
-62.5938
-62.2469
-61.9086
-61.5787
-61.2572
-60.944
-60.6389
-60.342
-60.053
-59.7719
-59.4986
-59.2327
-58.9743
-58.7232
-58.4793
-58.2422
-58.012
-57.7885
-57.5715
-57.3608
-57.1563
-56.9578
-56.7652
-56.5783
-56.397
-56.2211
-56.0505
-55.885
-55.7245
-55.5688
-55.4179
-55.2716
-55.1297
-54.9922
-54.8589
-54.7297
-54.6044
-54.4831
-54.3655
-54.2516
-54.1413
-54.0345
-53.931
-53.8309
-53.7339
-53.6401
-53.5494
-53.4616
-53.3767
-53.2947
-53.2154
-53.1389
-53.065
-52.9937
-52.9249
-52.8586
-52.7948
-52.7333
-52.6742
-52.6174
-52.5629
-52.5106
-52.4604
-52.4124
-52.3666
-52.3228
-52.2811
-52.2414
-52.2038
-52.1681
-52.1343
-52.1026
-52.0727
-52.0447
-52.0186
-51.9944
-51.9721
-51.9516
-51.9329
-51.916
-51.9009
-51.8877
-51.8762
-51.8664
-51.8585
-51.8523
-51.8478
-51.8451
-51.8441
-51.8449
-51.8474
-51.8516
-51.8575
-51.8652
-51.8745
-51.8856
-51.8984
-51.9129
-51.9292
-51.9471
-51.9667
-51.9881
-52.0111
-52.0358
-52.0623
-52.0904
-52.1202
-52.1517
-52.1849
-52.2197
-52.2563
-52.2945
-52.3343
-52.3759
-52.4191
-52.464
-52.5105
-52.5587
-52.6085
-52.6599
-52.713
-52.7676
-52.8239
-52.8817
-52.9411
-53.0021
-53.0646
-53.1287
-53.1943
-53.2614
-53.3299
-53.4
-53.4714
-53.5443
-53.6186
-53.6943
-53.7714
-53.8497
-53.9294
-54.0103
-54.0925
-54.176
-54.2606
-54.3463
-54.4332
-54.5212
-54.6103
-54.7003
-54.7914
-54.8834
-54.9763
-55.0701
-55.1647
-55.2601
-55.3562
-55.4531
-55.5506
-55.6488
-55.7476
-55.8469
-55.9467
-56.0469
-56.1476
-56.2486
-56.35
-56.4516
-56.5535
-56.6556
-56.7578
-56.8601
-56.9625
-57.065
-57.1674
-57.2698
-57.3721
-57.4742
-57.5762
-57.678
-57.7796
-57.8809
-57.9818
-58.0824
-58.1827
-58.2825
-58.382
-58.4809
-58.5794
-58.6773
-58.7747
-58.8716
-58.9678
-59.0634
-59.1584
-59.2528
-59.3465
-59.4395
-59.5318
-59.6233
-59.7142
-59.8043
-59.8936
-59.9822
-60.07
-60.1571
-60.2433
-60.3287
-60.4133
-60.4971
-60.5802
-60.6623
-60.7437
-60.8242
-60.904
-60.9828
-61.0609
-61.1382
-61.2146
-61.2902
-61.365
-61.4389
-61.5121
-61.5844
-61.656
-61.7267
-61.7967
-61.8658
-61.9342
-62.0018
-62.0686
-62.1347
-62.2
-62.2645
-62.3283
-62.3913
-62.4537
-62.5153
-62.5761
-62.6363
-62.6958
-62.7545
-62.8126
-62.87
-62.9267
-62.9828
-63.0382
-63.0929
-63.147
-63.2005
-63.2534
-63.3056
-63.3572
-63.4082
-63.4586
-63.5084
-63.5577
-63.6064
-63.6545
-63.702
-63.749
-63.7954
-63.8413
-63.8867
-63.9315
-63.9759
-64.0197
-64.063
-64.1058
-64.1481
-64.1899
-64.2313
-64.2722
-64.3126
-64.3525
-64.392
-64.4311
-64.4696
-64.5078
-64.5455
-64.5828
-64.6197
-64.6561
-64.6922
-64.7278
-64.763
-64.7979
-64.8323
-64.8664
-64.9
-64.9333
-64.9662
-64.9988
-65.031
-65.0628
-65.0942
-65.1253
-65.1561
-65.1865
-65.2166
-65.2463
-65.2757
-65.3048
-65.3335
-65.3619
-65.39
-65.4178
-65.4452
-65.4724
-65.4993
-65.5258
-65.5521
-65.578
-65.6037
-65.629
-65.6541
-65.6789
-65.7034
-65.7276
-65.7516
-65.7753
-65.7987
-65.8218
-65.8447
-65.8673
-65.8897
-65.9118
-65.9336
-65.9552
-65.9765
-65.9976
-66.0184
-66.039
-66.0594
-66.0795
-66.0994
-66.119
-66.1384
-66.1576
-66.1765
-66.1952
-66.2137
-66.232
-66.25
-66.2679
-66.2855
-66.3028
-66.32
-66.337
-66.3537
-66.3703
-66.3866
-66.4027
-66.4186
-66.4344
-66.4499
-66.4652
-66.4803
-66.4952
-66.51
-66.5245
-66.5389
-66.553
-66.567
-66.5808
-66.5944
-66.6078
-66.621
-66.634
-66.6469
-66.6596
-66.6721
-66.6844
-66.6966
-66.7086
-66.7204
-66.732
-66.7435
-66.7548
-66.7659
-66.7769
-66.7877
-66.7984
-66.8088
-66.8192
-66.8293
-66.8393
-66.8492
-66.8589
-66.8684
-66.8778
-66.887
-66.8961
-66.905
-66.9138
-66.9224
-66.9309
-66.9392
-66.9474
-66.9555
-66.9634
-66.9711
-66.9788
-66.9862
-66.9936
-67.0008
-67.0079
-67.0148
-67.0216
-67.0282
-67.0348
-67.0412
-67.0474
-67.0535
-67.0596
-67.0654
-67.0712
-67.0768
-67.0823
-67.0877
-67.0929
-66.9602
-66.7388
-66.4527
-66.1171
-65.7427
-65.3377
-64.9087
-64.4608
-63.9982
-63.5244
-63.0421
-62.5536
-62.0609
-61.5656
-61.069
-60.5721
-60.076
-59.5813
-59.0888
-58.599
-58.1124
-57.6292
-57.1498
-56.6743
-56.203
-55.7359
-55.2731
-54.8144
-54.3599
-53.9093
-53.4625
-53.0194
-52.5794
-52.1424
-51.7079
-51.2756
-50.8447
-50.415
-49.9856
-49.5559
-49.1252
-48.6927
-48.2575
-47.8186
-47.375
-46.9255
-46.4689
-46.0039
-45.529
-45.0425
-44.5428
-44.0279
-43.4957
-42.9439
-42.3699
-41.771
-41.1438
-40.4851
-39.7909
-39.0569
-38.2784
-37.45
-36.5658
-35.619
-34.6024
-33.5076
-32.3255
-31.0461
-29.6584
-28.1505
-26.5096
-24.7225
-22.7757
-20.6561
-18.3519
-15.8538
-13.1565
-10.2609
-7.17647
-3.9236
-0.535759
2.93912
6.43888
9.88952
13.2099
16.3189
19.143
21.6245
23.7269
25.4372
26.7639
27.7332
28.3824
28.7543
28.8917
28.8346
28.618
28.2711
27.8178
27.2774
26.665
25.9924
25.2692
24.5029
23.6995
22.8642
22.0012
21.1141
20.206
19.2798
18.3377
17.3822
16.4151
15.4383
14.4534
13.4621
12.4657
11.4655
10.4626
9.45826
8.45333
7.44876
6.44537
5.4439
4.44504
3.4494
2.45754
1.46993
0.487032
-0.490773
-1.46314
-2.42977
-3.39041
-4.34482
-5.29282
-6.23426
-7.16901
-8.09696
-9.01804
-9.9322
-10.8394
-11.7397
-12.633
-13.5194
-14.399
-15.2717
-16.1377
-16.9972
-17.8501
-18.6966
-19.537
-20.3713
-21.1997
-22.0225
-22.8398
-23.652
-24.4593
-25.2619
-26.0603
-26.8547
-27.6456
-28.4333
-29.2183
-30.0011
-30.7821
-31.562
-32.3412
-33.1205
-33.9004
-34.6817
-35.4651
-36.2514
-37.0413
-37.8357
-38.6355
-39.4415
-40.2546
-41.0759
-41.9061
-42.7462
-43.597
-44.4594
-45.3342
-46.222
-47.1233
-48.0385
-48.9677
-49.9109
-50.8676
-51.8369
-52.8178
-53.8084
-54.8065
-55.8092
-56.8129
-57.8137
-58.8066
-59.7866
-60.7478
-61.6843
-62.5902
-63.4596
-64.2871
-65.0679
-65.7983
-66.4754
-67.0977
-67.6647
-68.177
-68.6365
-69.0456
-69.4075
-69.7257
-70.0042
-70.2468
-70.4574
-70.6396
-70.797
-70.9328
-71.0498
-71.1506
-71.2374
-71.3124
-71.3771
-71.4332
-71.4819
-71.5242
-71.5613
-71.5938
-71.6224
-71.6477
-71.6703
-71.6904
-71.7086
-71.725
-71.7399
-71.7536
-71.7662
-71.7778
-71.7886
-71.7988
-71.8084
-71.8174
-71.826
-71.8341
-71.842
-71.8495
-71.8567
-71.8637
-71.8705
-71.8771
-71.8835
-71.8898
-71.8959
-71.9019
-71.9077
-71.7772
-71.5675
-71.3063
-71.0101
-70.6901
-70.3541
-70.008
-69.6562
-69.3018
-68.9475
-68.5951
-68.246
-67.9014
-67.562
-67.2286
-66.9015
-66.5813
-66.268
-65.9619
-65.663
-65.3716
-65.0874
-64.8107
-64.5412
-64.2789
-64.0238
-63.7758
-63.5347
-63.3004
-63.0728
-62.8518
-62.6372
-62.429
-62.2269
-62.0308
-61.8406
-61.6562
-61.4774
-61.3041
-61.1362
-60.9734
-60.8158
-60.6631
-60.5153
-60.3721
-60.2336
-60.0996
-59.9699
-59.8445
-59.7233
-59.6061
-59.4929
-59.3835
-59.2779
-59.1759
-59.0775
-58.9826
-58.8911
-58.8029
-58.718
-58.6361
-58.5574
-58.4817
-58.4089
-58.339
-58.2719
-58.2075
-58.1457
-58.0866
-58.03
-57.9759
-57.9243
-57.875
-57.828
-57.7833
-57.7409
-57.7005
-57.6624
-57.6263
-57.5922
-57.5601
-57.5299
-57.5017
-57.4753
-57.4508
-57.428
-57.407
-57.3877
-57.3701
-57.3541
-57.3397
-57.3269
-57.3156
-57.3058
-57.2976
-57.2907
-57.2853
-57.2813
-57.2786
-57.2773
-57.2773
-57.2786
-57.2811
-57.2849
-57.2898
-57.296
-57.3033
-57.3117
-57.3213
-57.3319
-57.3437
-57.3564
-57.3702
-57.385
-57.4007
-57.4174
-57.4351
-57.4537
-57.4732
-57.4935
-57.5148
-57.5369
-57.5598
-57.5835
-57.608
-57.6332
-57.6592
-57.686
-57.7135
-57.7416
-57.7705
-57.8
-57.8302
-57.861
-57.8925
-57.9246
-57.9572
-57.9904
-58.0242
-58.0586
-58.0934
-58.1288
-58.1647
-58.2011
-58.238
-58.2753
-58.2009
-58.0597
-57.8733
-57.6548
-57.4129
-57.1541
-56.8832
-56.6039
-56.3191
-56.031
-55.7413
-55.4515
-55.1625
-54.8753
-54.5906
-54.3088
-54.0305
-53.756
-53.4855
-53.2193
-52.9575
-52.7002
-52.4475
-52.1995
-51.9561
-51.7173
-51.4832
-51.2536
-51.0285
-50.8078
-50.5915
-50.3795
-50.1715
-49.9676
-49.7677
-49.5715
-49.379
-49.1901
-49.0046
-48.8224
-48.6433
-48.4673
-48.2942
-48.1238
-47.9561
-47.791
-47.6282
-47.4676
-47.3092
-47.1528
-46.9983
-46.8455
-46.6944
-46.5449
-46.3967
-46.2498
-46.1041
-45.9594
-45.8157
-45.6729
-45.5307
-45.3892
-45.2482
-45.1075
-44.9671
-44.8269
-44.6867
-44.5465
-44.406
-44.2653
-44.1241
-43.9824
-43.84
-43.6968
-43.5527
-43.4075
-43.2611
-43.1133
-42.964
-42.8131
-42.6603
-42.5055
-42.3485
-42.1892
-42.0274
-41.8627
-41.6952
-41.5244
-41.3502
-41.1723
-40.9904
-40.8044
-40.6138
-40.4184
-40.2179
-40.0118
-39.7999
-39.5817
-39.3568
-39.1247
-38.8851
-38.6373
-38.3808
-38.115
-37.8394
-37.5533
-37.2559
-36.9465
-36.6243
-36.2885
-35.9381
-35.5721
-35.1895
-34.7892
-34.3699
-33.9304
-33.4694
-32.9854
-32.4769
-31.9422
-31.3797
-30.7876
-30.1639
-29.5068
-28.8143
-28.0842
-27.3145
-26.5031
-25.648
-24.7472
-23.7991
-22.8019
-21.7548
-20.6569
-19.5084
-18.3101
-17.0642
-15.7739
-14.4442
-13.082
-11.6963
-10.2983
-8.90141
-7.52122
-6.17501
-4.88112
-3.65813
-2.52387
-1.4944
-0.583142
0.19983
0.848151
1.35922
1.73395
1.97625
2.09246
2.09066
1.98002
1.77026
1.47122
1.09246
0.643083
0.131569
-0.434309
-1.04749
-1.70164
-2.39108
-3.11075
-3.85618
-4.6234
-5.40888
-6.20952
-7.02257
-7.8456
-8.67647
-9.51328
-10.3544
-11.1982
-12.0436
-12.8893
-13.7344
-14.5779
-15.4192
-16.2575
-17.0922
-17.923
-18.7494
-19.5711
-20.3878
-21.1992
-22.0052
-22.8058
-23.6008
-24.3903
-25.1742
-25.9527
-26.7258
-27.4937
-28.2566
-29.0147
-29.7682
-30.5174
-31.2627
-32.0044
-32.7429
-33.4786
-34.2119
-34.9432
-35.6732
-36.4023
-37.1311
-37.8601
-38.5899
-39.3211
-40.0544
-40.7904
-41.5297
-42.273
-43.0209
-43.7741
-44.5331
-45.2986
-46.0711
-46.8511
-47.639
-48.4351
-49.2398
-50.0531
-50.8751
-51.7054
-52.5437
-53.3894
-54.2415
-55.099
-55.9601
-56.8232
-57.686
-58.5458
-59.3997
-60.2444
-61.0764
-61.8916
-62.6862
-63.4561
-64.1974
-64.9063
-65.5796
-66.2145
-66.8088
-67.3611
-67.8706
-68.3375
-68.7625
-69.1469
-69.4927
-69.8021
-70.0776
-70.322
-70.538
-70.7284
-70.8958
-71.0427
-71.1716
-71.2845
-71.3834
-71.4701
-71.5461
-71.6128
-71.6715
-71.7232
-71.7689
-71.8093
-71.8451
-71.8771
-71.9056
-71.9313
-71.9543
-71.9751
-71.994
-72.0113
-72.027
-72.0415
-72.0549
-72.0673
-72.0788
-72.0896
-72.0996
-72.1091
-72.1181
-72.1266
-72.1346
-72.1423
-72.1496
-72.1567
-72.1634
-72.1698
-72.1761
-72.1821
-72.1879
-72.1934
-72.1989
-72.2041
-72.2092
-72.2141
-72.2189
-72.2235
-72.228
-72.2324
-72.2366
-72.2407
-72.2447
-72.2486
-72.2523
-72.2559
-72.2595
-72.2629
-72.2662
-72.2694
-72.2724
-72.2754
-72.2783
-72.281
-72.2837
-72.2862
-72.2886
-72.291
-72.2932
-72.2953
-72.2973
-72.2992
-72.301
-72.3027
-72.3043
-72.3058
-72.3072
-72.3085
-72.3097
-72.3107
-72.3117
-72.3126
-72.3133
-72.314
-72.3145
-72.315
-72.3153
-72.3155
-72.3157
-72.3157
-72.3156
-72.3154
-72.3151
-72.3147
-72.3142
-72.3136
-72.3129
-72.312
-72.3111
-72.3101
-72.309
-72.3077
-72.3064
-72.3049
-72.3033
-72.3017
-72.2999
-72.298
-72.2961
-72.294
-72.2918
-72.2895
-72.2871
-72.2846
-72.282
-72.2793
-72.2765
-72.2736
-72.2705
-72.2674
-72.2642
-72.2609
-72.2574
-72.2539
-72.2503
-72.2465
-72.2427
-72.2387
-72.2347
-72.2305
-72.2263
-72.2219
-72.2175
-72.2129
-72.2083
-72.2035
-72.1986
-72.1937
-72.1886
-72.1835
-72.1782
-72.1729
-72.1674
-72.1619
-72.1562
-72.1505
-72.1447
-72.1387
-72.1327
-72.1266
-72.1203
-71.9687
-71.7258
-71.4183
-71.0628
-70.6709
-70.2515
-69.8115
-69.3563
-68.8903
-68.4169
-67.939
-67.459
-66.9787
-66.4997
-66.0232
-65.5505
-65.0823
-64.6194
-64.1625
-63.7121
-63.2686
-62.8323
-62.4036
-61.9826
-61.5696
-61.1648
-60.7681
-60.3796
-59.9995
-59.6277
-59.2641
-58.9088
-58.5616
-58.2226
-57.8915
-57.5683
-57.2529
-56.9451
-56.6448
-56.3518
-56.066
-55.7871
-55.5151
-55.2497
-54.9907
-54.738
-54.4914
-54.2506
-54.0155
-53.7859
-53.5615
-53.3423
-53.1279
-52.9182
-52.7129
-52.512
-52.3152
-52.1223
-51.9331
-51.7475
-51.5652
-51.3861
-51.21
-51.0367
-50.8661
-50.6979
-50.5321
-50.3684
-50.2066
-50.0467
-49.8885
-49.7318
-49.5764
-49.4222
-49.269
-49.1167
-48.9652
-48.8142
-48.6637
-48.5134
-48.3632
-48.2129
-48.0625
-47.9117
-47.7603
-47.6083
-47.4553
-47.3014
-47.1462
-46.9895
-46.8313
-46.6712
-46.5091
-46.3448
-46.178
-46.0085
-45.836
-45.6603
-45.4811
-45.298
-45.1109
-44.9193
-44.7229
-44.5213
-44.3142
-44.101
-43.8814
-43.6549
-43.4209
-43.1788
-42.9282
-42.6682
-42.3983
-42.1177
-41.8255
-41.5209
-41.2029
-40.8705
-40.5227
-40.1581
-39.7755
-39.3735
-38.9505
-38.505
-38.035
-37.5386
-37.0137
-36.4581
-35.8692
-35.2445
-34.5809
-33.8755
-33.1249
-32.3258
-31.4742
-30.5665
-29.5985
-28.5661
-27.465
-26.2912
-25.0406
-23.7095
-22.2946
-20.7935
-19.2045
-17.5274
-15.7637
-13.9169
-11.9932
-10.0016
-7.95462
-5.86821
-3.76227
-1.66027
0.411137
2.42286
4.34463
6.14656
7.80087
9.28374
10.5768
11.668
12.5524
13.2315
13.7123
14.0065
14.1288
14.0955
13.9234
13.6293
13.2288
12.7362
12.1644
11.5248
10.8273
10.0806
9.29207
8.46826
7.61467
6.73613
5.83679
4.92029
3.98977
3.04802
2.09746
1.14021
0.178157
-0.787052
-1.75396
-2.72127
-3.68787
-4.65276
-5.61506
-6.57401
-7.52895
-8.47931
-9.42458
-10.3644
-11.2983
-12.226
-13.1474
-14.0622
-14.9702
-15.8714
-16.7657
-17.653
-18.5334
-19.4069
-20.2735
-21.1334
-21.9867
-22.8336
-23.6742
-24.5088
-25.3375
-26.1608
-26.9789
-27.792
-28.6007
-29.4054
-30.2063
-31.0041
-31.7992
-32.5922
-33.3837
-34.1742
-34.9644
-35.7551
-36.5468
-37.3404
-38.1366
-38.9362
-39.74
-40.549
-41.3638
-42.1854
-43.0145
-43.8521
-44.6988
-45.5555
-46.4227
-47.301
-48.1909
-49.0927
-50.0065
-50.9321
-51.8692
-52.8172
-53.7749
-54.7409
-55.7134
-56.6901
-57.6681
-58.644
-59.6141
-60.574
-61.5191
-62.4444
-63.3448
-64.2151
-65.0505
-65.8463
-66.5987
-67.3043
-67.9609
-68.5669
-69.1221
-69.6267
-70.0823
-70.4908
-70.8549
-71.1775
-71.4621
-71.712
-71.9305
-72.1211
-72.2869
-72.4308
-72.5555
-72.6634
-72.7567
-72.8374
-72.9071
-72.9674
-73.0196
-73.0648
-73.104
-73.138
-73.1676
-73.1933
-73.2157
-73.2353
-73.2525
-73.2675
-73.2807
-73.2924
-73.3026
-73.3117
-73.3197
-73.3269
-73.3332
-73.3388
-73.3439
-73.3483
-73.3523
-73.3559
-73.3591
-73.362
-73.3645
-73.3668
-73.3688
-73.3706
-73.3722
-73.3735
-73.3747
-73.3757
-73.3766
-73.3773
-73.3779
-73.3783
-73.3786
-73.3788
-73.3788
-73.3788
-73.3786
-73.3783
-73.3779
-73.3774
-73.3768
-73.3761
-73.3753
-73.3744
-73.3734
-73.3723
-73.3712
-73.3699
-73.3685
-73.367
-73.3654
-73.3638
-73.362
-73.3601
-73.3582
-73.3561
-73.354
-73.3518
-73.3494
-73.347
-73.3445
-73.3419
-73.3392
-73.3364
-73.3335
-73.3305
-73.3275
-73.3243
-73.321
-73.3177
-73.3142
-73.3107
-73.307
-73.3033
-73.2994
-73.2955
-73.2915
-73.2874
-73.2832
-73.2789
-73.2745
-73.27
-73.2654
-73.2607
-73.2559
-73.251
-73.2461
-73.241
-73.2358
-73.2306
-73.2252
-73.2198
-73.2142
-73.2086
-73.2029
-73.197
-73.1911
-73.1851
-73.179
-73.1728
-73.1665
-73.1601
-73.1536
-73.147
-73.1403
-73.1335
-73.1267
-73.1197
-73.1127
-73.1055
-73.0983
-73.0909
-73.0835
-73.076
-73.0684
-73.0607
-73.0529
-73.045
-73.037
-73.0289
-73.0208
-73.0125
-73.0042
-72.9957
-72.9872
-72.9786
-72.9699
-72.9611
-72.9522
-72.9432
-72.9341
-72.925
-72.9157
-72.9064
-72.8969
-72.8874
-72.8778
-72.8681
-72.8584
-72.8485
-72.8386
-72.8285
-72.8184
-72.8082
-72.7979
-72.7875
-72.7771
-72.7665
-72.7559
-72.7452
-72.7344
-72.7235
-72.7125
-72.7015
-72.6904
-72.6791
-72.6679
-72.6565
-72.645
-72.6335
-72.6219
-72.6102
-72.5984
-72.5866
-72.5747
-72.5627
-72.5506
-72.5384
-72.5262
-72.5139
-72.5015
-72.489
-72.4765
-72.4639
-72.4512
-72.4384
-72.4256
-72.4127
-72.3997
-72.3867
-72.3736
-72.3604
-72.3471
-72.3338
-72.3204
-72.3069
-72.2934
-72.2798
-72.2661
-72.2523
-72.2385
-72.2247
-72.2107
-72.1967
-72.1826
-72.1685
-72.1543
-72.14
-72.1257
-72.1113
-72.0969
-72.0823
-72.0678
-72.0531
-72.0384
-72.0237
-72.0089
-71.994
-71.979
-71.9641
-71.949
-71.9339
-71.9187
-71.9035
-71.8883
-71.8729
-71.8575
-71.8421
-71.8266
-71.8111
-71.7955
-71.7798
-71.7641
-71.7484
-71.7326
-71.7167
-71.7008
-71.6849
-71.6689
-71.6529
-71.6368
-71.6206
-71.6045
-71.5882
-71.572
-71.5556
-71.5393
-71.5229
-71.5064
-71.4899
-71.4734
-71.4568
-71.4402
-71.4235
-71.4069
-71.3901
-71.3733
-71.3565
-71.3397
-71.3228
-71.3059
-71.2889
-71.2719
-71.2549
-71.2378
-71.2207
-71.2035
-71.1864
-71.1692
-71.1519
-71.1347
-71.1174
-71.1
-71.0827
-71.0653
-71.0478
-71.0304
-71.0129
-70.9954
-70.9779
-70.9603
-70.9427
-70.9251
-70.9075
-70.8898
-70.8721
-70.8544
-70.8367
-70.8189
-70.8011
-70.7833
-70.7655
-70.7476
-70.7298
-70.7119
-70.694
-70.676
-70.6581
-70.6401
-70.6221
-70.6041
-70.5861
-70.5681
-70.55
-70.532
-70.5139
-70.4958
-70.4777
-70.4596
-70.4414
-70.4233
-70.4051
-70.387
-70.3688
-70.3506
-70.3324
-70.3142
-70.2959
-70.2777
-70.2595
-70.2412
-70.223
-70.2047
-70.1864
-70.1681
-70.1498
-70.1316
-70.1133
-70.095
-70.0767
-70.0583
-70.04
-70.0217
-70.0034
-69.9851
-69.9667
-69.9484
-69.9301
-69.9118
-69.8934
-69.8751
-69.8568
-69.8385
-69.8201
-69.8018
-69.7835
-69.7652
-69.7469
-69.7285
-69.7102
-69.6919
-69.6736
-69.6553
-69.637
-69.6187
-69.6005
-69.5822
-69.5639
-69.5457
-69.5274
-69.5092
-69.4909
-69.4727
-69.4545
-69.4363
-69.418
-69.3999
-69.3817
-69.3635
-69.3453
-69.3272
-69.309
-69.2909
-69.2728
-69.2547
-69.2366
-69.2185
-69.2004
-69.1824
-69.1643
-69.1463
-69.1283
-69.1103
-69.0923
-69.0744
-69.0564
-69.0385
-69.0206
-69.0027
-68.9848
-68.9669
-68.949
-68.9312
-68.9134
-68.8956
-68.8778
-68.8601
-68.8423
-68.8246
-68.8069
-68.7892
-68.7716
-68.7539
-68.7363
-68.7187
-68.7011
-68.6836
-68.666
-68.6485
-68.631
-68.6135
-68.5961
-68.5787
-68.5613
-68.5439
-68.5265
-68.5092
-68.4919
-68.4746
-68.4573
-68.4401
-68.4229
-68.4057
-68.3886
-68.3714
-68.3543
-68.3373
-68.3202
-68.3032
-68.2862
-68.2692
-68.2522
-68.2353
-68.2184
-68.2016
-68.1847
-68.1679
-68.1511
-68.1344
-68.1176
-68.1009
-68.0843
-68.0676
-68.051
-68.0344
-68.0179
-68.0014
-67.9849
-67.9684
-67.952
-67.9356
-67.9192
-67.9029
-67.8866
-67.8703
-67.8541
-67.8379
-67.8217
-67.8055
-67.7894
-67.7733
-67.7573
-67.7413
-67.7253
-67.7093
-67.6934
-67.6775
-67.6616
-67.6458
-67.63
-67.6143
-67.5985
-67.5829
-67.5672
-67.5516
-67.536
-67.5204
-67.5049
-67.4894
-67.474
-67.4586
-67.4432
-67.4279
-67.4125
-67.3973
-67.382
-67.3668
-67.3517
-67.3365
-67.3214
-67.3064
-67.2914
-67.2764
-67.2614
-67.2465
-67.2316
-67.2168
-67.202
-67.1872
-67.1725
-67.1578
-67.1431
-67.1285
-67.1139
-67.0994
-67.0849
-67.0704
-67.056
-67.0416
-67.0272
-67.0129
-66.9986
-66.9844
-66.9702
-66.956
-66.9419
-66.9278
-66.9138
-66.8998
-66.8858
-66.8719
-66.858
-66.8441
-66.8303
-66.8165
-66.8028
-66.7891
-66.7754
-66.7618
-66.7482
-66.7347
-66.7212
-66.7077
-66.6943
-66.6809
-66.6676
-66.6543
-66.641
-66.6278
-66.6146
-66.6015
-66.5884
-66.5753
-66.5623
-66.5493
-66.5364
-66.5235
-66.5106
-66.4978
-66.485
-66.4723
-66.4596
-66.447
-66.4344
-66.4218
-66.4093
-66.3968
-66.3844
-66.372
-66.3596
-66.3473
-66.335
-66.3228
-66.3106
-66.2984
-66.2863
-66.2742
-66.2622
-66.2502
-66.2383
-66.2264
-66.2145
-66.2027
-66.1909
-66.1792
-66.1675
-66.1558
-66.1442
-66.1327
-66.1211
-66.1097
-66.0982
-66.0868
-66.0755
-66.0642
-66.0529
-66.0417
-66.0305
-66.0194
-66.0083
-65.9972
-65.9862
-65.9752
-65.9643
-65.9534
-65.9426
-65.9318
-65.9211
-65.9104
-65.8997
-65.8891
-65.8785
-65.868
-65.8575
-65.8471
-65.8367
-65.8263
-65.816
-65.8057
-65.7955
-65.7853
-65.7752
-65.7651
-65.755
-65.745
-65.735
-65.7251
-65.7152
-65.7054
-65.6956
-65.6858
-65.6761
-65.6665
-65.5208
-65.2866
-64.9874
-64.6377
-64.2479
-63.8263
-63.379
-62.9111
-62.427
-61.9298
-61.4224
-60.907
-60.3855
-59.8593
-59.3298
-58.798
-58.2647
-57.7305
-57.1959
-56.6613
-56.1271
-55.5932
-55.0597
-54.5265
-53.9936
-53.4605
-52.9268
-52.3922
-51.856
-51.3173
-50.7755
-50.2295
-49.6782
-49.1202
-48.5541
-47.9783
-47.3909
-46.7898
-46.1726
-45.5367
-44.8791
-44.1963
-43.4847
-42.7398
-41.9567
-41.1299
-40.2531
-39.319
-38.3194
-37.245
-36.0849
-34.8269
-33.4571
-31.9597
-30.3168
-28.5086
-26.5131
-24.307
-21.8657
-19.1651
-16.1835
-12.9048
-9.32237
-5.44528
-1.30358
3.04619
7.51853
12.0011
16.3633
20.4698
24.1982
27.4541
30.1828
32.3712
34.0439
35.2526
36.0639
36.5479
36.7705
36.7881
36.6466
36.3813
36.0187
35.5784
35.0746
34.5174
33.9146
33.2718
32.5934
31.8831
31.1002
30.2759
29.4237
28.5504
27.6601
26.7557
25.8394
24.9129
23.9777
23.0352
22.0866
21.1332
20.1758
19.2156
18.2534
17.2902
16.3266
15.3635
14.4016
13.4414
12.4835
11.5286
10.577
9.62924
8.68572
7.74679
6.8128
5.88402
4.96073
4.04316
3.13151
2.22595
1.32665
0.433721
-0.452722
-1.33259
-2.20583
-3.07238
-3.9322
-4.78527
-5.63159
-6.47117
-7.30401
-8.13016
-8.94964
-9.76251
-10.5688
-11.3686
-12.162
-12.9491
-13.7299
-14.5046
-15.2732
-16.036
-16.7929
-17.5441
-18.2898
-19.0301
-19.7653
-20.4954
-21.2206
-21.9412
-22.6575
-23.3695
-24.0776
-24.7821
-25.4832
-26.1813
-26.8767
-27.5698
-28.2609
-28.9505
-29.6391
-30.3271
-31.015
-31.7034
-32.3928
-33.0838
-33.7771
-34.4734
-35.1732
-35.8775
-36.5867
-37.3018
-38.0236
-38.7526
-39.4898
-40.2358
-40.9913
-41.757
-42.5333
-43.3208
-44.1195
-44.9297
-45.7511
-46.5832
-47.4252
-48.2759
-49.1335
-49.996
-50.8606
-51.724
-52.5826
-53.4321
-54.2681
-55.0857
-55.88
-56.6462
-57.38
-58.0771
-58.7344
-59.3491
-59.9196
-60.445
-60.9254
-61.3616
-61.7551
-62.1081
-62.423
-62.7026
-62.95
-63.1682
-63.3602
-63.5287
-63.6767
-63.8064
-63.9204
-64.0205
-64.1088
-64.1868
-64.256
-64.3177
-64.3729
-64.4226
-64.4677
-64.5088
-64.5465
-64.5814
-64.6139
-64.6443
-64.6731
-64.7004
-64.7265
-64.7517
-64.776
-64.7996
-64.8227
-64.8453
-64.8675
-64.8894
-64.9111
-64.9326
-64.9539
-64.9751
-64.9963
-65.0174
-65.0385
-65.0596
-65.0807
-65.1018
-65.1229
-65.1441
-65.1653
-65.1866
-65.208
-65.2294
-65.2508
-65.2723
-65.2939
-65.3156
-65.3373
-65.3591
-65.2613
-65.0965
-64.8898
-64.6554
-64.4031
-64.1392
-63.8687
-63.5948
-63.3201
-63.0465
-62.7754
-62.5077
-62.2444
-61.9858
-61.7326
-61.4849
-61.2429
-61.0069
-60.7769
-60.5529
-60.335
-60.1231
-59.9172
-59.7173
-59.5231
-59.3348
-59.1521
-58.9751
-58.8034
-58.6372
-58.4762
-58.3204
-58.1696
-58.0237
-57.8826
-57.7462
-57.6143
-57.487
-57.364
-57.2453
-57.1307
-57.0202
-56.9136
-56.8109
-56.712
-56.6167
-56.525
-56.4368
-56.352
-56.2705
-56.1923
-56.1172
-56.0453
-55.9763
-55.9103
-55.8472
-55.7869
-55.7293
-55.6744
-55.6221
-55.5724
-55.5252
-55.4804
-55.4381
-55.3981
-55.3603
-55.3248
-55.2915
-55.2604
-55.2313
-55.2043
-55.1793
-55.1563
-55.1352
-55.116
-55.0987
-55.0832
-55.0694
-55.0574
-55.0471
-55.0385
-55.0315
-55.0262
-55.0224
-55.0201
-55.0194
-55.0202
-55.0224
-55.0261
-55.0311
-55.0376
-55.0454
-55.0545
-55.0649
-55.0766
-55.0895
-55.1036
-55.119
-55.1355
-55.1532
-55.172
-55.1919
-55.2129
-55.235
-55.2581
-55.2822
-55.3074
-55.3335
-55.3606
-55.3886
-55.4175
-55.4474
-55.4781
-55.5097
-55.5422
-55.5754
-55.6095
-55.6444
-55.68
-55.7164
-55.7535
-55.7913
-55.8299
-55.8691
-55.909
-55.9496
-55.9907
-56.0325
-56.0749
-56.1179
-56.1615
-56.2056
-56.2503
-56.2955
-56.3412
-56.3874
-56.434
-56.4812
-56.5288
-56.5768
-56.6252
-56.6741
-56.7233
-56.773
-56.823
-56.8733
-56.924
-56.975
-57.0264
-57.078
-57.13
-57.1822
-57.2347
-57.2874
-57.3404
-57.3937
-57.4471
-57.5007
-57.5546
-57.6086
-57.6629
-57.7172

