-65
-64.9994
-64.9988
-64.9982
-64.9977
-64.9971
-64.9965
-64.996
-64.9954
-64.9949
-64.9943
-64.9938
-64.9932
-64.9927
-64.9922
-64.9917
-64.9912
-64.9906
-64.9901
-64.9896
-64.9891
-64.9886
-64.9881
-64.9876
-64.9872
-64.9867
-64.9862
-64.9857
-64.9852
-64.9848
-64.9843
-64.9838
-64.9834
-64.9829
-64.9825
-64.982
-64.9816
-64.9811
-64.9807
-64.9802
-64.9798
-64.9794
-64.9789
-64.9785
-64.9781
-64.9777
-64.9772
-64.9768
-64.9764
-64.976
-64.9756
-64.9752
-64.9748
-64.9744
-64.974
-64.9736
-64.9732
-64.9728
-64.9725
-64.9721
-64.9717
-64.9713
-64.971
-64.9706
-64.9702
-64.9699
-64.9695
-64.9692
-64.9688
-64.9685
-64.9681
-64.9678
-64.9675
-64.9671
-64.9668
-64.9665
-64.9661
-64.9658
-64.9655
-64.9652
-64.9649
-64.9646
-64.9642
-64.9639
-64.9636
-64.9633
-64.963
-64.9628
-64.9625
-64.9622
-64.9619
-64.9616
-64.9613
-64.9611
-64.9608
-64.9605
-64.9603
-64.96
-64.9598
-64.9595
-64.9592
-64.959
-64.9588
-64.9585
-64.9583
-64.958
-64.9578
-64.9576
-64.9573
-64.9571
-64.9569
-64.9567
-64.9565
-64.9562
-64.956
-64.9558
-64.9556
-64.9554
-64.9552
-64.955
-64.9548
-64.9546
-64.9545
-64.9543
-64.9541
-64.9539
-64.9537
-64.9536
-64.9534
-64.9532
-64.9531
-64.9529
-64.9527
-64.9526
-64.9524
-64.9523
-64.9521
-64.952
-64.9519
-64.9517
-64.9516
-64.9514
-64.9513
-64.9512
-64.9511
-64.9509
-64.9508
-64.9507
-64.9506
-64.9505
-64.9504
-64.9503
-64.9502
-64.95
-64.9499
-64.9499
-64.9498
-64.9497
-64.9496
-64.9495
-64.9494
-64.9493
-64.9492
-64.9492
-64.9491
-64.949
-64.9489
-64.9489
-64.9488
-64.9487
-64.9487
-64.9486
-64.9486
-64.9485
-64.9485
-64.9484
-64.9484
-64.9483
-64.9483
-64.9482
-64.9482
-64.9482
-64.9481
-64.9481
-64.9481
-64.948
-64.948
-64.948
-64.948
-64.948
-64.9479
-64.9479
-64.9479
-64.9479
-64.9479
-64.9479
-64.9479
-64.9479
-64.9479
-64.9479
-64.9479
-64.9479
-64.9479
-64.9479
-64.9479
-64.9479
-64.9479
-64.9479
-64.948
-64.948
-64.948
-64.948
-64.9481
-64.9481
-64.9481
-64.9481
-64.9482
-64.9482
-64.9482
-64.9483
-64.9483
-64.9483
-64.9484
-64.9484
-64.9485
-64.9485
-64.9486
-64.9486
-64.9487
-64.9487
-64.9488
-64.9488
-64.9489
-64.9489
-64.949
-64.9491
-64.9491
-64.9492
-64.9492
-64.9493
-64.9494
-64.9494
-64.9495
-64.9496
-64.9497
-64.9497
-64.9498
-64.9499
-64.95
-64.95
-64.9501
-64.9502
-64.9503
-64.9504
-64.9504
-64.9505
-64.9506
-64.9507
-64.9508
-64.9509
-64.951
-64.951
-64.9511
-64.9512
-64.9513
-64.9514
-64.9515
-64.9516
-64.9517
-64.9518
-64.9519
-64.952
-64.9521
-64.9522
-64.9523
-64.9524
-64.9525
-64.9526
-64.9527
-64.9528
-64.9529
-64.953
-64.9532
-64.9533
-64.9534
-64.9535
-64.9536
-64.9537
-64.9538
-64.9539
-64.954
-64.9542
-64.9543
-64.9544
-64.9545
-64.9546
-64.9547
-64.9548
-64.955
-64.9551
-64.9552
-64.9553
-64.9554
-64.9556
-64.9557
-64.9558
-64.9559
-64.956
-64.9562
-64.9563
-64.9564
-64.9565
-64.9566
-64.9568
-64.9569
-64.957
-64.9571
-64.9573
-64.9574
-64.9575
-64.9576
-64.9578
-64.9579
-64.958
-64.9581
-64.9583
-64.9584
-64.9585
-64.9587
-64.9588
-64.9589
-64.959
-64.9592
-64.9593
-64.9594
-64.9595
-64.9597
-64.9598
-64.9599
-64.96
-64.9602
-64.9603
-64.9604
-64.9606
-64.9607
-64.9608
-64.9609
-64.9611
-64.9612
-64.9613
-64.9614
-64.9616
-64.9617
-64.9618
-64.962
-64.9621
-64.9622
-64.9623
-64.9625
-64.9626
-64.9627
-64.9628
-64.963
-64.9631
-64.9632
-64.9633
-64.9635
-64.9636
-64.9637
-64.9638
-64.964
-64.9641
-64.9642
-64.9643
-64.9645
-64.9646
-64.9647
-64.9648
-64.9649
-64.9651
-64.9652
-64.9653
-64.9654
-64.9655
-64.9657
-64.9658
-64.9659
-64.966
-64.9661
-64.9663
-64.9664
-64.9665
-64.9666
-64.9667
-64.9668
-64.967
-64.9671
-64.9672
-64.9673
-64.9674
-64.9675
-64.9677
-64.9678
-64.9679
-64.968
-64.9681
-64.9682
-64.9683
-64.9684
-64.9685
-64.9687
-64.9688
-64.9689
-64.969
-64.9691
-64.9692
-64.9693
-64.9694
-64.9695
-64.9696
-64.9697
-64.9698
-64.9699
-64.97
-64.9701
-64.9702
-64.9703
-64.9704
-64.9705
-64.9706
-64.9707
-64.9708
-64.9709
-64.971
-64.9711
-64.9712
-64.9713
-64.9714
-64.9715
-64.9716
-64.9717
-64.9718
-64.9719
-64.972
-64.9721
-64.9722
-64.9722
-64.9723
-64.9724
-64.9725
-64.9726
-64.9727
-64.9728
-64.9729
-64.8383
-64.6162
-64.3297
-63.9931
-63.6168
-63.2088
-62.7753
-62.3213
-61.8509
-61.3674
-60.8736
-60.3715
-59.8632
-59.35
-58.8331
-58.3136
-57.7921
-57.2695
-56.746
-56.2221
-55.6979
-55.1735
-54.649
-54.1242
-53.5988
-53.0726
-52.545
-52.0156
-51.4836
-50.9482
-50.4086
-49.8636
-49.312
-48.7525
-48.1833
-47.6028
-47.0089
-46.3994
-45.7717
-45.1229
-44.4498
-43.7486
-43.0154
-42.2452
-41.4328
-40.5721
-39.6562
-38.6771
-37.6259
-36.4921
-35.264
-33.9282
-32.4694
-30.8704
-29.1119
-27.1726
-25.0296
-22.6584
-20.0349
-17.1365
-13.9451
-10.4512
-6.65905
-2.59229
1.70027
6.1413
10.6258
15.0275
19.212
23.0524
26.4461
29.3273
31.6711
33.4918
34.8338
35.7596
36.3385
36.6376
36.7159
36.6224
36.3953
36.0636
35.6487
35.1664
34.6279
34.0416
33.4138
32.7494
32.052
31.3248
30.5706
29.7915
28.9897
28.1671
27.3254
26.4663
25.5914
24.7021
23.7998
22.8858
21.9615
21.0279
20.0864
19.1378
18.1571
17.1635
16.1652
15.1662
14.1689
13.1747
12.1846
11.1993
10.2194
9.24528
8.27736
7.31592
6.36123
5.41351
4.47294
3.53967
2.61384
1.69555
0.784865
-0.118144
-1.01344
-1.901
-2.78082
-3.65291
-4.5173
-5.37402
-6.22311
-7.06462
-7.89864
-8.72522
-9.54446
-10.3564
-11.1612
-11.959
-12.7498
-13.5338
-14.311
-15.0817
-15.846
-16.604
-17.3558
-18.1016
-18.8416
-19.576
-20.305
-21.0287
-21.7474
-22.4614
-23.1708
-23.8759
-24.577
-25.2744
-25.9685
-26.6595
-27.3479
-28.034
-28.7182
-29.4011
-30.083
-30.7644
-31.446
-32.1282
-32.8117
-33.497
-34.1849
-34.8759
-35.5708
-36.2704
-36.9753
-37.6863
-38.4042
-39.1297
-39.8635
-40.6064
-41.3588
-42.1215
-42.8948
-43.679
-44.4743
-45.2805
-46.0972
-46.9237
-47.759
-48.6014
-49.449
-50.2994
-51.1494
-51.9956
-52.8339
-53.6602
-54.4696
-55.2574
-56.019
-56.7498
-57.4458
-58.1034
-58.72
-59.2935
-59.8228
-60.3078
-60.749
-61.1477
-61.5058
-61.8256
-62.1097
-62.3611
-62.5828
-62.7775
-62.9483
-63.0977
-63.2285
-63.3428
-63.4429
-63.5305
-63.6075
-63.6753
-63.7352
-63.7884
-63.8359
-63.8785
-63.9169
-63.9519
-63.984
-64.0135
-64.041
-64.0668
-64.0911
-64.1142
-64.1363
-64.1577
-64.1783
-64.1985
-64.2182
-64.2376
-64.2568
-64.2758
-64.2946
-64.3134
-64.3321
-64.3509
-64.3697
-64.3885
-64.4074
-64.4263
-64.4454
-64.4646
-64.4839
-64.5033
-64.5228
-64.5425
-64.5623
-64.5822
-64.6023
-64.6225
-64.6429
-64.6633
-64.684
-64.7047
-64.7256
-64.7466
-64.7677
-64.7889
-64.8103
-64.8317
-64.8533
-64.875
-64.8968
-64.9186
-64.9406
-64.9627
-64.9848
-65.0071
-65.0294
-65.0518
-65.0742
-65.0968
-65.1194
-65.142
-65.1648
-65.1875
-65.2103
-65.2332
-65.2561
-65.2791
-65.3021
-65.3251
-65.3481
-65.3712
-65.3943
-65.4174
-65.4405
-65.4637
-65.4868
-65.51
-65.5332
-65.5564
-65.5795
-65.6027
-65.6259
-65.649
-65.6721
-65.6953
-65.7184
-65.7415
-65.7645
-65.7876
-65.8106
-65.8336
-65.8565
-65.8794
-65.9023
-65.9251
-65.9479
-65.9707
-65.9934
-66.0161
-66.0387
-66.0613
-66.0838
-66.1062
-66.1286
-66.151
-66.1733
-66.1955
-66.2176
-66.2397
-66.2617
-66.2837
-66.3056
-66.3274
-66.3491
-66.3708
-66.3924
-66.4139
-66.4354
-66.4567
-66.478
-66.4992
-66.5203
-66.5413
-66.5623
-66.5831
-66.6039
-66.6245
-66.6451
-66.6656
-66.686
-66.7063
-66.7265
-66.7466
-66.7666
-66.7866
-66.8064
-66.8261
-66.8457
-66.8652
-66.8847
-66.904
-66.9232
-66.9423
-66.9613
-66.9802
-66.999
-67.0177
-67.0363
-67.0547
-67.0731
-67.0913
-67.1095
-67.1275
-67.1454
-67.1632
-67.1809
-67.1985
-67.216
-67.2334
-67.2506
-67.2677
-67.2847
-67.3017
-67.3184
-67.3351
-67.3517
-67.3681
-67.3844
-67.4006
-67.4167
-67.4327
-67.4485
-67.4643
-67.4799
-67.4954
-67.5108
-67.526
-67.5412
-67.5562
-67.5711
-67.5859
-67.6006
-67.6151
-67.6295
-67.6438
-67.658
-67.6721
-67.686
-67.6998
-67.7135
-67.7271
-67.7406
-67.7539
-67.7671
-67.7802
-67.7932
-67.8061
-67.8188
-67.8314
-67.8439
-67.8563
-67.7329
-67.5248
-67.2572
-66.9454
-66.6004
-66.2303
-65.8414
-65.4387
-65.026
-64.6066
-64.1831
-63.7574
-63.3312
-62.906
-62.4829
-62.0628
-61.6465
-61.2347
-60.8279
-60.4266
-60.031
-59.6416
-59.2586
-58.8821
-58.5124
-58.1494
-57.7934
-57.4442
-57.1021
-56.7668
-56.4385
-56.1169
-55.8022
-55.4941
-55.1925
-54.8974
-54.6086
-54.3259
-54.0492
-53.7784
-53.5131
-53.2534
-52.9989
-52.7495
-52.505
-52.2651
-52.0298
-51.7987
-51.5716
-51.3484
-51.1288
-50.9126
-50.6996
-50.4896
-50.2823
-50.0775
-49.875
-49.6747
-49.4762
-49.2793
-49.0838
-48.8895
-48.6962
-48.5036
-48.3115
-48.1197
-47.9278
-47.7358
-47.5432
-47.35
-47.1557
-46.9602
-46.7631
-46.5643
-46.3633
-46.1599
-45.9537
-45.7445
-45.5318
-45.3153
-45.0946
-44.8693
-44.639
-44.4032
-44.0774
-43.6961
-43.2749
-42.8227
-42.3448
-41.8448
-41.3249
-40.7862
-40.2292
-39.6538
-39.0595
-38.4455
-37.8105
-37.1531
-36.4715
-35.7638
-35.0278
-34.2611
-33.4612
-32.6253
-31.7503
-30.8333
-29.8709
-28.8596
-27.7962
-26.6769
-25.4984
-24.2574
-22.9506
-21.5754
-20.1297
-18.6119
-17.0215
-15.3595
-13.628
-11.8313
-9.97566
-8.07006
-6.12619
-4.15882
-2.18592
-0.228617
1.68913
3.54111
5.29994
6.93847
8.43149
9.75757
10.9006
11.8509
12.6056
13.168
13.5472
13.7559
13.8096
13.7249
13.5184
13.2059
12.8022
12.3203
11.7718
11.1667
10.5134
9.81953
9.09121
8.33386
7.55208
6.74985
5.9306
5.09731
4.25259
3.3987
2.53767
1.67124
0.800986
-0.0717108
-0.945626
-1.81967
-2.6929
-3.56444
-4.43356
-5.29958
-6.16192
-7.02008
-7.8736
-8.7221
-9.56525
-10.4028
-11.2344
-12.0599
-12.8792
-13.6922
-14.4986
-15.2985
-16.0918
-16.8785
-17.6586
-18.4321
-19.199
-19.9595
-20.7136
-21.4613
-22.2029
-22.9385
-23.6681
-24.3921
-25.1106
-25.8238
-26.5319
-27.2352
-27.934
-28.6285
-29.3192
-30.0063
-30.6901
-31.3711
-32.0497
-32.7263
-33.4014
-34.0754
-34.7489
-35.4223
-36.0962
-36.7712
-37.4479
-38.1268
-38.8086
-39.4938
-40.1832
-40.8774
-41.5769
-42.2824
-42.9944
-43.7136
-44.4404
-45.1751
-45.9183
-46.67
-47.4303
-48.1992
-48.9762
-49.761
-50.5526
-51.3499
-52.1514
-52.9551
-53.7588
-54.5599
-55.3551
-56.141
-56.9138
-57.6696
-58.4043
-59.1139
-59.7946
-60.4429
-61.0558
-61.631
-62.1669
-62.6626
-63.1179
-63.5334
-63.9102
-64.2502
-64.5553
-64.828
-65.0709
-65.2866
-65.4778
-65.647
-65.7966
-65.929
-66.0463
-66.1503
-66.2428
-66.3253
-66.3991
-66.4655
-66.5254
-66.5798
-66.6294
-66.675
-66.717
-66.7561
-66.7925
-66.8268
-66.8592
-66.8899
-66.9193
-66.9474
-66.9745
-67.0007
-67.0262
-67.051
-67.0752
-67.0989
-67.1222
-67.1451
-67.1677
-67.19
-67.212
-67.2338
-67.2554
-67.2768
-67.2981
-67.3192
-67.3402
-67.3611
-67.3819
-67.4025
-67.4231
-67.4435
-67.4639
-67.4842
-67.5045
-67.5246
-67.5447
-67.5647
-67.5846
-67.6045
-67.6243
-67.644
-67.6637
-67.6832
-67.7028
-67.7222
-67.7416
-67.7609
-67.7801
-67.7992
-67.8183
-67.8373
-67.8563
-67.8751
-67.8939
-67.9126
-67.9312
-67.9497
-67.9682
-67.9865
-68.0048
-68.023
-68.0411
-68.0591
-68.0771
-68.0949
-68.1127
-68.1303
-68.1479
-68.1654
-68.1827
-68.2
-68.2172
-68.2343
-68.2513
-68.2682
-68.285
-68.3016
-68.3182
-68.3347
-68.3511
-68.3674
-68.3835
-68.3996
-68.4156
-68.4314
-68.4471
-68.4628
-68.4783
-68.4937
-68.509
-68.5242
-68.5393
-68.5542
-68.5691
-68.5838
-68.5985
-68.613
-68.6274
-68.6417
-68.6558
-68.6699
-68.6838
-68.6976
-68.7113
-68.7249
-68.7384
-68.7517
-68.765
-68.7781
-68.7911
-68.8039
-68.8167
-68.8293
-68.8418
-68.8542
-68.8665
-68.8787
-68.8907
-68.9026
-68.9144
-68.9261
-68.9376
-68.949
-68.9603
-68.9715
-68.9826
-68.9935
-69.0043
-69.015
-69.0256
-69.0361
-69.0464
-69.0566
-69.0667
-69.0766
-69.0865
-69.0962
-69.1058
-69.1153
-69.1246
-69.1339
-69.143
-69.152
-69.1608
-69.1696
-69.1782
-69.1867
-69.1951
-69.2034
-69.2115
-69.2195
-69.2274
-69.2352
-69.2429
-69.2504
-69.2579
-69.2652
-69.2723
-69.2794
-69.2864
-69.2932
-69.2999
-69.3065
-69.313
-69.3193
-69.3255
-69.3317
-69.3377
-69.3436
-69.3493
-69.355
-69.3605
-69.3659
-69.3712
-69.3764
-69.3815
-69.3865
-69.3913
-69.396
-69.4007
-69.4052
-69.4095
-69.4138
-69.418
-69.422
-69.2862
-69.0625
-68.7765
-68.4439
-68.0761
-67.6815
-67.2665
-66.8365
-66.3955
-65.9469
-65.4934
-65.0373
-64.5802
-64.1238
-63.6693
-63.2176
-62.7697
-62.3263
-61.888
-61.4553
-61.0286
-60.6083
-60.1946
-59.7878
-59.388
-58.9955
-58.6102
-58.2322
-57.8617
-57.4985
-57.1427
-56.7942
-56.453
-56.1189
-55.7918
-55.4717
-55.1583
-54.8516
-54.5514
-54.2574
-53.9696
-53.6877
-53.4115
-53.1408
-52.8754
-52.6151
-52.3596
-52.1087
-51.8622
-51.6198
-51.3813
-51.1464
-50.9149
-50.6866
-50.4612
-50.2384
-50.018
-49.7997
-49.5833
-49.3685
-49.155
-48.9426
-48.7309
-48.5198
-48.309
-48.098
-47.8868
-47.6749
-47.462
-47.2479
-47.0323
-46.8147
-46.5948
-46.3723
-46.1469
-45.918
-45.6853
-45.4484
-45.2068
-44.96
-44.7076
-44.4489
-44.1833
-43.9104
-43.6294
-43.3396
-43.0402
-42.7304
-42.4094
-42.0762
-41.7298
-41.3689
-40.9926
-40.5994
-40.1879
-39.7566
-39.3037
-38.8275
-38.326
-37.797
-37.2381
-36.6468
-36.0203
-35.3555
-34.6493
-33.898
-33.0978
-32.2447
-31.3343
-30.3621
-29.3232
-28.2125
-27.0251
-25.7557
-24.3995
-22.9518
-21.4085
-19.7664
-18.0237
-16.18
-14.2374
-12.2006
-10.0779
-7.88124
-5.62737
-3.33762
-1.03815
1.2405
3.46425
5.59701
7.60264
9.44732
11.102
12.5443
13.7603
14.7444
15.4996
16.0355
16.3669
16.5122
16.4911
16.3236
16.0288
15.6245
15.1263
14.5482
13.9023
13.1988
12.4466
11.6532
10.825
9.96745
9.08535
8.18273
7.2631
6.32955
5.38475
4.43108
3.4706
2.50517
1.5364
0.565728
-0.405565
-1.37635
-2.34564
-3.31255
-4.2763
-5.23622
-6.19172
-7.14228
-8.08744
-9.02685
-9.96016
-10.8871
-11.8075
-12.7211
-13.6279
-14.5276
-15.4203
-16.306
-17.1845
-18.056
-18.9205
-19.778
-20.6288
-21.4729
-22.3104
-23.1417
-23.9668
-24.786
-25.5997
-26.408
-27.2113
-28.0099
-28.8043
-29.5948
-30.3818
-31.166
-31.9477
-32.7275
-33.5059
-34.2836
-35.0613
-35.8395
-36.619
-37.4005
-38.1848
-38.9727
-39.7649
-40.5622
-41.3656
-42.1757
-42.9935
-43.8197
-44.655
-45.5003
-46.356
-47.2228
-48.1011
-48.991
-49.8929
-50.8063
-51.7311
-52.6664
-53.6112
-54.564
-55.523
-56.4856
-57.4491
-58.41
-59.3645
-60.3082
-61.2364
-62.144
-63.0261
-63.8774
-64.6931
-65.4687
-66.2005
-66.8853
-67.521
-68.1064
-68.6413
-69.1264
-69.5632
-69.954
-70.3015
-70.6088
-70.8793
-71.1164
-71.3235
-71.5039
-71.6606
-71.7966
-71.9145
-72.0166
-72.1049
-72.1815
-72.2478
-72.3053
-72.3553
-72.3989
-72.4368
-72.47
-72.4991
-72.5247
-72.5473
-72.5673
-72.5851
-72.6009
-72.6151
-72.6279
-72.6394
-72.6499
-72.6594
-72.6681
-72.6761
-72.6835
-72.6903
-72.6967
-72.7026
-72.7081
-72.7133
-72.7182
-72.7228
-72.7271
-72.7312
-72.7352
-72.7389
-72.7424
-72.7458
-72.749
-72.7521
-72.755
-72.7578
-72.7605
-72.7631
-72.7655
-72.7678
-72.7701
-72.7722
-72.7742
-72.7761
-72.7779
-72.7796
-72.7812
-72.7827
-72.7841
-72.7855
-72.7867
-72.7878
-72.7888
-72.7898
-72.7906
-72.7914
-72.792
-72.7926
-72.7931
-72.7935
-72.7938
-72.7939
-72.794
-72.794
-72.794
-72.7938
-72.7935
-72.7931
-72.7927
-72.7921
-72.7914
-72.7907
-72.7898
-72.7889
-72.7878
-72.7867
-72.7855
-72.7842
-72.7827
-72.7812
-72.7796
-72.7779
-72.7761
-72.7742
-72.7721
-72.77
-72.7678
-72.7655
-72.7632
-72.7607
-72.7581
-72.7554
-72.7526
-72.7497
-72.7467
-72.7436
-72.7405
-72.7372
-72.7338
-72.7303
-72.7268
-72.7231
-72.7193
-72.7155
-72.7115
-72.7075
-72.7033
-72.699
-72.6947
-72.6902
-72.6857
-72.681
-72.6763
-72.6715
-72.6665
-72.6615
-72.6563
-72.6511
-72.6458
-72.6404
-72.6349
-72.6292
-72.6235
-72.6177
-72.6118
-72.6058
-72.5997
-72.5935
-72.5872
-72.5809
-72.5744
-72.5678
-72.5612
-72.5544
-72.5476
-72.5406
-72.5336
-72.5264
-72.5192
-72.5119
-72.5045
-72.497
-72.4894
-72.4817
-72.4739
-72.4661
-72.4581
-72.4501
-72.4419
-72.4337
-72.4254
-72.417
-72.4085
-72.3999
-72.3912
-72.3825
-72.3736
-72.3647
-72.3557
-72.3466
-72.3374
-72.3281
-72.3187
-72.3093
-72.2998
-72.2901
-72.2804
-72.2706
-72.2608
-72.2508
-72.2408
-72.2307
-72.2205
-72.2102
-72.1998
-72.1894
-72.1789
-72.1683
-72.1576
-72.1468
-72.136
-72.1251
-72.1141
-72.103
-72.0919
-72.0807
-72.0694
-71.9114
-71.6604
-71.3427
-70.9747
-70.5681
-70.1319
-69.673
-69.197
-68.7084
-68.2107
-67.7069
-67.1995
-66.6905
-66.1815
-65.6739
-65.169
-64.6676
-64.1707
-63.6789
-63.1928
-62.713
-62.2397
-61.7734
-61.3144
-60.8629
-60.419
-59.9829
-59.5547
-59.1345
-58.7223
-58.318
-57.9217
-57.5333
-57.1527
-56.7798
-56.4144
-56.0565
-55.7059
-55.3623
-55.0256
-54.6956
-54.3721
-54.0547
-53.7434
-53.4377
-53.1375
-52.8424
-52.5522
-52.2666
-51.9852
-51.7078
-51.434
-51.1635
-50.896
-50.6311
-50.3684
-50.1077
-49.8485
-49.5905
-49.3333
-49.0765
-48.8197
-48.5625
-48.3044
-48.045
-47.7839
-47.5206
-47.2545
-46.9852
-46.7121
-46.4347
-46.1523
-45.8643
-45.57
-45.2688
-44.9598
-44.6423
-44.3153
-43.978
-43.6292
-43.268
-42.8931
-42.5032
-42.097
-41.6729
-41.2292
-40.7642
-40.2758
-39.762
-39.2202
-38.648
-38.0425
-37.4005
-36.7186
-35.9931
-35.2199
-34.3946
-33.5123
-32.5679
-31.5557
-30.4698
-29.3038
-28.0513
-26.7055
-25.2598
-23.7076
-22.043
-20.2608
-18.3575
-16.3312
-14.1829
-11.9169
-9.54156
-7.07027
-4.52183
-1.92078
0.70267
3.31323
5.87166
8.33641
10.6658
12.8205
14.7662
16.476
17.932
19.1265
20.0614
20.7472
21.2009
21.444
21.4998
21.3922
21.1438
20.7752
20.3048
19.7484
19.1195
18.4294
17.6877
16.9024
16.0801
15.2265
14.3464
13.444
12.5227
11.5856
10.6354
9.67458
8.70517
7.72905
6.74789
5.76318
4.77626
3.78831
2.8004
1.81349
0.828428
-0.154034
-1.13322
-2.10855
-3.07949
-4.04559
-5.00644
-5.96171
-6.91111
-7.85438
-8.79133
-9.72178
-10.6456
-11.5627
-12.473
-13.3764
-14.273
-15.1628
-16.0457
-16.9219
-17.7915
-18.6544
-19.5109
-20.3611
-21.2052
-22.0433
-22.8756
-23.7025
-24.5241
-25.3408
-26.1528
-26.9606
-27.7644
-28.5647
-29.362
-30.1566
-30.9491
-31.7401
-32.5302
-33.3198
-34.1098
-34.9008
-35.6934
-36.4886
-37.287
-38.0896
-38.8971
-39.7105
-40.5305
-41.3583
-42.1945
-43.0402
-43.8961
-44.7632
-45.6421
-46.5334
-47.4378
-48.3556
-49.2869
-50.2318
-51.1897
-52.16
-53.1417
-54.133
-55.132
-56.136
-57.1418
-58.1455
-59.1429
-60.129
-61.0985
-62.0456
-62.9648
-63.8502
-64.6965
-65.4989
-66.2532
-66.9562
-67.606
-68.2015
-68.7428
-69.1053
-69.3459
-69.4935
-69.5667
-69.5792
-69.542
-69.4639
-69.3524
-69.2138
-69.0534
-68.8757
-68.6845
-68.4831
-68.2741
-68.0599
-67.8422
-67.6227
-67.4028
-67.1833
-66.9654
-66.7496
-66.5365
-66.3267
-66.1204
-65.918
-65.7196
-65.5255
-65.3358
-65.1505
-64.9696
-64.7933
-64.6214
-64.454
-64.2911
-64.1325
-63.9783
-63.8284
-63.6827
-63.5412
-63.4037
-63.2702
-63.1406
-63.0149
-62.8929
-62.7746
-62.6599
-62.5487
-62.4409
-62.3366
-62.2355
-62.1376
-62.0429
-61.9513
-61.8626
-61.7769
-61.6941
-61.614
-61.5367
-61.4621
-61.3901
-61.3206
-61.2537
-61.1891
-61.127
-61.0672
-61.0097
-60.9544
-60.9012
-60.8502
-60.8013
-60.7544
-60.7095
-60.6665
-60.6255
-60.5862
-60.5489
-60.5132
-60.4794
-60.4472
-60.4167
-60.3878
-60.3605
-60.3347
-60.3105
-60.2877
-60.2664
-60.2466
-60.2281
-60.211
-60.1952
-60.1807
-60.1675
-60.1555
-60.1448
-60.1353
-60.1269
-60.1197
-60.1135
-60.1085
-60.1046
-60.1017
-60.0998
-60.0989
-60.099
-60.1001
-60.1021
-60.105
-60.1088
-60.1135
-60.1191
-60.1255
-60.1327
-60.1407
-60.1495
-60.1591
-60.1694
-60.1804
-60.1922
-60.2047
-60.2178
-60.2316
-60.2461
-60.2612
-60.2769
-60.2933
-60.3102
-60.3277
-60.3458
-60.3644
-60.3836
-60.4033
-60.4235
-60.4442
-60.4654
-60.4871
-60.5092
-60.5318
-60.5548
-60.5783
-60.6022
-60.6265
-60.6511
-60.6762
-60.7016
-60.7274
-60.7536
-60.7801
-60.807
-60.8341
-60.8616
-60.8894
-60.9175
-60.9459
-60.9745
-61.0034
-61.0326
-61.0621
-61.0918
-61.1217
-61.1518
-61.1822
-61.2128
-61.2436
-61.2746
-61.3058
-61.3372
-61.3687
-61.4005
-61.4324
-61.4644
-61.4966
-61.529
-61.5614
-61.5941
-61.6268
-61.6597
-61.6926
-61.7257
-61.7589
-61.7922
-61.8256
-61.859
-61.8925
-61.9262
-61.9598
-61.9936
-62.0274
-62.0612
-62.0952
-62.1291
-62.1631
-62.1971
-62.2312
-62.2653
-62.2994
-62.3335
-62.3677
-62.4018
-62.436
-62.4702
-62.5043
-62.5385
-62.5726
-62.6068
-62.6409
-62.675
-62.7091
-62.7431
-62.7771
-62.8111
-62.8451
-62.879
-62.9128
-62.9467
-62.9804
-63.0142
-63.0478
-63.0814
-63.115
-63.1485
-63.1819
-63.2153
-63.2486
-63.2818
-63.3149
-63.348
-63.381
-63.4139
-63.4467
-63.4794
-63.5121
-63.5446
-63.5771
-63.6094
-63.6417
-63.6739
-63.706
-63.7379
-63.7698
-63.8015
-63.8332
-63.8647
-63.8962
-63.9275
-63.9587
-63.9898
-64.0208
-64.0517
-64.0824
-64.113
-64.1435
-64.1739
-64.2042
-64.2343
-64.2643
-64.2941
-64.3239
-64.3535
-64.383
-64.4123
-64.4415
-64.4706
-64.4996
-64.5284
-64.557
-64.5856
-64.614
-64.6422
-64.6703
-64.6983
-64.7261
-64.7538
-64.7814
-64.8087
-64.836
-64.8631
-64.8901
-64.9169
-64.9435
-64.9701
-64.9964
-65.0227
-65.0487
-65.0746
-65.1004
-65.126
-65.1515
-65.1768
-65.202
-65.227
-65.2519
-65.2766
-65.3011
-65.3255
-65.3498
-65.3739
-65.3978
-65.4216
-65.4452
-65.4687
-65.492
-65.5151
-65.5382
-65.561
-65.5837
-65.6062
-65.6286
-65.6508
-65.6729
-65.6948
-65.7166
-65.7382
-65.7596
-65.7809
-65.802
-65.823
-65.8438
-65.8645
-65.885
-65.9053
-65.9255
-65.9456
-65.9655
-65.9852
-66.0047
-66.0242
-66.0434
-66.0625
-66.0815
-66.1003
-66.1189
-66.1374
-66.1557
-66.1739
-66.1919
-66.2098
-66.2275
-66.2451
-66.2625
-66.2797
-66.2968
-66.3138
-66.3306
-66.3472
-66.3637
-66.3801
-66.3962
-66.4123
-66.4282
-66.4439
-66.4595
-66.475
-66.4903
-66.5054
-66.5204
-66.5353
-66.55
-66.5645
-66.5789
-66.5932
-66.6073
-66.6213
-66.6351
-66.6488
-66.6623
-66.6757
-66.689
-66.7021
-66.715
-66.7279
-66.7405
-66.7531
-66.7655
-66.7777
-66.7898
-66.8018
-66.8137
-66.8254
-66.8369
-66.8483
-66.8596
-66.8708
-66.8818
-66.8927
-66.7668
-66.5536
-66.2773
-65.9528
-65.591
-65.2
-64.7863
-64.3549
-63.91
-63.4549
-62.9924
-62.5247
-62.0537
-61.5809
-61.1076
-60.6348
-60.1636
-59.6946
-59.2284
-58.7657
-58.3068
-57.8521
-57.4018
-56.9563
-56.5156
-56.08
-55.6493
-55.2237
-54.8032
-54.3875
-53.9768
-53.5707
-53.1691
-52.7717
-52.3784
-51.9887
-51.6024
-51.219
-50.8383
-50.4596
-50.0826
-49.7066
-49.3312
-48.9557
-48.5796
-48.2019
-47.8222
-47.4394
-47.0529
-46.6616
-46.2646
-45.8608
-45.4491
-45.0283
-44.597
-44.1538
-43.6972
-43.2254
-42.7366
-42.2288
-41.6998
-41.147
-40.5679
-39.9596
-39.3186
-38.6415
-37.9242
-37.1624
-36.351
-35.4849
-34.5579
-33.5635
-32.4944
-31.3428
-30.1
-28.7569
-27.3037
-25.7301
-24.0256
-22.1801
-20.184
-18.0292
-15.7099
-13.2242
-10.5749
-7.77201
-4.83373
-1.78827
1.32541
4.45769
7.54981
10.537
13.3533
15.9372
18.2374
20.2178
21.86
23.1633
24.1421
24.8222
25.236
25.4188
25.405
25.2261
24.91
24.4803
23.9565
23.3546
22.6875
21.9657
21.1978
20.3907
19.5501
18.6809
17.7873
16.8727
15.9402
14.9927
14.0324
13.0615
12.082
11.0956
10.1039
9.10833
8.11018
7.11064
6.11075
5.11149
4.11373
3.11824
2.12574
1.13683
0.152099
-0.827974
-1.80295
-2.77243
-3.7361
-4.69366
-5.64486
-6.5895
-7.52741
-8.45844
-9.38249
-10.2995
-11.2093
-12.1121
-13.0076
-13.8961
-14.7774
-15.6517
-16.519
-17.3794
-18.233
-19.08
-19.9205
-20.7547
-21.5827
-22.4048
-23.2212
-24.0321
-24.8378
-25.6386
-26.4349
-27.2269
-28.0151
-28.7998
-29.5816
-30.3608
-31.138
-31.9137
-32.6885
-33.463
-34.2378
-35.0137
-35.7912
-36.5713
-37.3546
-38.1419
-38.9341
-39.732
-40.5366
-41.3486
-42.169
-42.9985
-43.8381
-44.6885
-45.5505
-46.4245
-47.3112
-48.2109
-49.1237
-50.0495
-50.9879
-51.9383
-52.8994
-53.8697
-54.8471
-55.8289
-56.812
-57.7925
-58.7662
-59.7281
-60.6729
-61.5951
-62.489
-63.3491
-64.1701
-64.9473
-65.6768
-66.3558
-66.9823
-67.5555
-68.0757
-68.5443
-68.9632
-69.3354
-69.664
-69.9528
-70.2052
-70.4252
-70.6162
-70.7818
-70.9249
-71.0486
-71.1554
-71.2477
-71.3275
-71.3965
-71.4563
-71.5083
-71.5536
-71.5932
-71.6279
-71.6585
-71.6856
-71.7096
-71.7311
-71.7504
-71.7678
-71.7836
-71.798
-71.8113
-71.8235
-71.8349
-71.8455
-71.8554
-71.8647
-71.8736
-71.882
-71.89
-71.8977
-71.9051
-71.9122
-71.9191
-71.9258
-71.9322
-71.9385
-71.9447
-71.9506
-71.9565
-71.9622
-71.9677
-71.9732
-71.9785
-71.9838
-71.9889
-71.994
-71.9989
-72.0038
-72.0085
-72.0132
-72.0178
-72.0223
-72.0267
-72.031
-72.0353
-72.0394
-72.0435
-72.0475
-72.0514
-72.0552
-72.059
-72.0626
-72.0662
-72.0697
-72.0731
-72.0764
-72.0796
-72.0827
-72.0858
-72.0888
-72.0916
-72.0944
-72.0971
-72.0997
-72.1022
-72.1047
-72.107
-72.1093
-72.1114
-72.1135
-72.1155
-72.1174
-72.1192
-72.1209
-72.1225
-72.124
-72.1254
-72.1267
-72.128
-72.1291
-72.1301
-72.1311
-72.1319
-72.1327
-72.1333
-72.1339
-72.1344
-72.1347
-72.135
-72.1352
-72.1353
-72.1352
-72.1351
-72.1349
-72.1346
-72.1342
-72.1336
-72.133
-72.1323
-72.1315
-72.1306
-72.1296
-72.1285
-72.1273
-72.126
-72.1246
-72.1231
-72.1215
-72.1198
-72.118
-72.1161
-72.1141
-72.112
-72.1098
-72.1075
-72.1051
-72.1026
-72.1
-72.0973
-72.0945
-72.0916
-72.0886
-72.0855
-72.0823
-72.079
-72.0756
-72.0721
-72.0685
-72.0649
-72.0611
-72.0572
-72.0532
-72.0492
-72.045
-72.0407
-72.0363
-72.0319
-72.0273
-72.0227
-72.0179
-72.0131
-72.0081
-72.0031
-71.998
-71.9927
-71.9874
-71.982
-71.9765
-71.9709
-71.9652
-71.9594
-71.9535
-71.9475
-71.9414
-71.9353
-71.929
-71.9226
-71.9162
-71.9097
-71.9031
-71.8963
-71.8895
-71.8826
-71.8757
-71.8686
-71.8614
-71.8542
-71.8468
-71.8394
-71.8319
-71.8243
-71.8166
-71.8088
-71.801
-71.793
-71.785
-71.7769
-71.7686
-71.7604
-71.752
-71.7435
-71.735
-71.7264
-71.7177
-71.7089
-71.7
-71.6911
-71.682
-71.6729
-71.6638
-71.6545
-71.6451
-71.6357
-71.6262
-71.6166
-71.607
-71.5972
-71.5874
-71.5775
-71.5676
-71.5575
-71.5474
-71.5372
-71.527
-71.5166
-71.5062
-71.4957
-71.4852
-71.4746
-71.4639
-71.4531
-71.4423
-71.4313
-71.4204
-71.4093
-71.3982
-71.387
-71.3758
-71.3645
-71.3531
-71.3416
-71.3301
-71.3185
-71.3069
-71.2952
-71.2834
-71.2716
-71.2597
-71.2477
-71.2357
-71.2236
-71.2115
-71.1993
-71.187
-71.1747
-71.1623
-71.1498
-71.1373
-71.1248
-71.1122
-71.0995
-71.0868
-71.074
-71.0612
-71.0483
-71.0353
-71.0223
-71.0093
-70.9962
-70.983
-70.9698
-70.9565
-70.9432
-70.9299
-70.9165
-70.903
-70.8895
-70.8759
-70.8623
-70.8487
-70.835
-70.8212
-70.8074
-70.7936
-70.7797
-70.7658
-70.7518
-70.7378
-70.7238
-70.7097
-70.6955
-70.6813
-70.6671
-70.6529
-70.6386
-70.6242
-70.6098
-70.5954
-70.581
-70.5665
-70.5519
-70.5374
-70.5228
-70.5081
-70.4934
-70.4787
-70.464
-70.4492
-70.4344
-70.4196
-70.4047
-70.3898
-70.3748
-70.3599
-70.3449
-70.3298
-70.3148
-70.2997
-70.2846
-70.2694
-70.2542
-70.239
-70.2238
-70.2086
-70.1933
-70.178
-70.1626
-70.1473
-70.1319
-70.1165
-70.1011
-70.0856
-70.0702
-70.0547
-70.0391
-70.0236
-70.0081
-69.9925
-69.9769
-69.9613
-69.9456
-69.93
-69.9143
-69.8986
-69.8829
-69.8672
-69.8515
-69.8357
-69.8199
-69.8041
-69.7883
-69.7725
-69.7567
-69.7409
-69.725
-69.7091
-69.6933
-69.6774
-69.6615
-69.6456
-69.6296
-69.6137
-69.5978
-69.5818
-69.5658
-69.5499
-69.5339
-69.5179
-69.5019
-69.4859
-69.4699
-69.4539
-69.2946
-69.0426
-68.723
-68.3513
-67.9386
-67.4937
-67.0233
-66.5327
-66.0266
-65.5084
-64.9812
-64.4474
-63.9091
-63.368
-62.8255
-62.2827
-61.7409
-61.2007
-60.6629
-60.1281
-59.5968
-59.0694
-58.5462
-58.0276
-57.5135
-57.0043
-56.4999
-56.0003
-55.5054
-55.0151
-54.5293
-54.0476
-53.5698
-53.0955
-52.6242
-52.1556
-51.6889
-51.2237
-50.7591
-50.2945
-49.829
-49.3617
-48.8915
-48.4173
-47.9378
-47.4519
-46.9579
-46.4542
-45.9392
-45.4108
-44.8669
-44.3051
-43.7229
-43.1172
-42.485
-41.8226
-41.126
-40.3907
-39.6117
-38.7834
-37.8993
-36.9525
-35.9348
-34.8372
-33.6496
-32.3608
-30.9582
-29.4279
-27.7551
-25.9235
-23.9164
-21.7169
-19.309
-16.6787
-13.8167
-10.7199
-7.39534
-3.86316
-0.159515
3.66152
7.52829
11.3547
15.0463
18.5088
21.6578
24.4273
26.7761
28.6902
30.1806
31.2785
32.0279
32.4788
32.6808
32.6796
32.5144
32.2174
31.8144
31.3254
30.7657
30.1471
29.4788
28.7677
28.0195
27.2387
26.4292
25.5941
24.7363
23.8582
22.9621
22.0499
21.1236
20.1849
19.2353
18.2764
17.3095
16.336
15.3569
14.3735
13.3868
12.3977
11.4072
10.416
9.42493
8.43468
7.44591
6.45919
5.47506
4.49401
3.51649
2.54288
1.57355
0.608817
-0.351044
-1.30578
-2.25519
-3.19907
-4.13726
-5.06965
-5.99611
-6.91656
-7.83095
-8.73923
-9.64136
-10.5374
-11.4272
-12.311
-13.1886
-14.0603
-14.9261
-15.7859
-16.6401
-17.4886
-18.3316
-19.1693
-20.0018
-20.8293
-21.6521
-22.4703
-23.2843
-24.0942
-24.9004
-25.7032
-26.503
-27.3002
-28.0952
-28.8885
-29.6806
-30.4719
-31.2632
-32.055
-32.8479
-33.6428
-34.4403
-35.2412
-36.0464
-36.8569
-37.6734
-38.497
-39.3286
-40.1693
-41.0202
-41.8821
-42.7562
-43.6433
-44.5445
-45.4605
-46.3921
-47.3397
-48.3037
-49.2841
-50.2806
-51.2925
-52.3185
-53.3569
-54.4052
-55.4603
-56.5184
-57.5748
-58.6243
-59.6608
-60.6779
-61.6686
-62.6262
-63.5439
-64.4156
-65.236
-66.0008
-66.707
-67.3531
-67.9389
-68.4653
-68.9346
-69.3498
-69.7148
-70.0336
-70.3108
-70.5506
-70.7574
-70.9352
-71.0878
-71.2185
-71.3305
-71.4264
-71.5085
-71.579
-71.6395
-71.6917
-71.7367
-71.7758
-71.8097
-71.8394
-71.8654
-71.8884
-71.9087
-71.9269
-71.9432
-71.9579
-71.9712
-71.9834
-71.9946
-72.005
-72.0146
-72.0236
-72.0321
-72.0401
-72.0477
-72.055
-72.0619
-72.0686
-72.075
-72.0812
-72.0872
-72.0931
-72.0987
-72.1043
-72.1097
-72.1149
-72.1201
-72.1252
-72.1301
-72.135
-72.1397
-72.1444
-72.149
-72.1534
-72.1579
-72.1622
-72.1664
-72.1706
-72.1747
-72.1787
-72.1826
-72.1865
-72.1903
-72.194
-72.1976
-72.2012
-72.2046
-72.208
-72.2113
-72.2146
-72.2177
-72.2208
-72.2238
-72.2267
-72.2295
-72.2323
-72.235
-72.2376
-72.2401
-72.2425
-72.2448
-72.2471
-72.2492
-72.2513
-72.2533
-72.2552
-72.2571
-72.2588
-72.2604
-72.262
-72.2635
-72.2649
-72.2662
-72.2674
-72.2685
-72.2695
-72.2704
-72.2713
-72.272
-72.2727
-72.2732
-72.2737
-72.2741
-72.2744
-72.2745
-72.2746
-72.2746
-72.2745
-72.2744
-72.2741
-72.2737
-72.2732
-72.2726
-72.272
-72.2712
-72.2704
-72.2694
-72.2684
-72.2672
-72.266
-72.2646
-72.2632
-72.2616
-72.26
-72.2583
-72.2565
-72.2545
-72.2525
-72.2504
-72.2482
-72.2459
-72.2434
-72.2409
-72.2383
-72.2356
-72.2328
-72.2299
-72.2269
-72.2238
-72.2206
-72.2173
-72.214
-72.2105
-72.2069
-72.2032
-72.1994
-72.1956
-72.1916
-72.1875
-72.1834
-72.1791
-72.1747
-72.1703
-72.1657
-72.1611
-72.1564
-72.1515
-72.1466
-72.1416
-72.1365
-72.1312
-72.1259
-72.1205
-72.115
-72.1094
-72.1038
-72.098
-72.0921
-72.0861
-72.0801
-72.0739
-72.0677
-72.0614
-72.0549
-72.0484
-72.0418
-72.0351
-72.0283
-72.0214
-72.0145
-72.0074
-72.0003
-71.993
-71.9857
-71.9783
-71.9708
-71.9632
-71.9555
-71.9478
-71.9399
-71.932
-71.7784
-71.5331
-71.2224
-70.8629
-70.4661
-70.041
-69.5944
-69.1319
-68.6577
-68.1755
-67.6881
-67.1979
-66.7068
-66.2164
-65.728
-65.2429
-64.7618
-64.2856
-63.8149
-63.3503
-62.8922
-62.4411
-61.9971
-61.5607
-61.1319
-60.711
-60.298
-59.893
-59.4961
-59.1073
-58.7265
-58.3538
-57.989
-57.6322
-57.2831
-56.9416
-56.6077
-56.2812
-55.9619
-55.6496
-55.3442
-55.0454
-54.7531
-54.4671
-54.187
-53.9128
-53.6442
-53.3809
-53.1226
-52.8693
-52.6205
-52.3761
-52.1358
-51.8994
-51.6666
-51.4371
-51.2106
-50.987
-50.766
-50.5472
-50.3305
-50.1156
-49.9021
-49.6899
-49.4786
-49.268
-49.0578
-48.8477
-48.6374
-48.4266
-48.215
-48.0023
-47.7882
-47.5724
-47.3544
-47.1339
-46.9107
-46.6842
-46.454
-46.2198
-45.9811
-45.7374
-45.4881
-45.2329
-44.971
-44.7019
-44.4249
-44.1393
-43.8443
-43.5392
-43.2231
-42.8949
-42.5538
-42.1985
-41.8279
-41.4406
-41.0353
-40.6103
-40.1639
-39.6943
-39.1995
-38.6772
-38.1251
-37.5405
-36.9205
-36.262
-35.5615
-34.8155
-34.0198
-33.1701
-32.2619
-31.2901
-30.2496
-29.1349
-27.9404
-26.6603
-25.2889
-23.821
-22.2515
-20.5765
-18.7929
-16.8995
-14.8974
-12.7903
-10.5855
-8.29412
-5.93196
-3.51958
-1.08244
1.34942
3.74216
6.05929
8.26339
10.3182
12.1908
13.8542
15.2886
16.4831
17.4357
18.1523
18.6457
18.9333
19.0353
18.9732
18.768
18.4394
18.0052
17.4812
16.8812
16.2167
15.4977
14.7325
13.9284
13.0913
12.2262
11.3378
10.4296
9.50498
8.56686
7.61771
6.65974
5.69493
4.725
3.75149
2.77579
1.79911
0.822532
-0.152968
-1.12654
-2.09742
-3.06494
-4.02852
-4.98764
-5.94185
-6.89076
-7.83405
-8.77143
-9.70267
-10.6276
-11.546
-12.4578
-13.363
-14.2613
-15.153
-16.0378
-16.916
-17.7874
-18.6523
-19.5106
-20.3626
-21.2083
-22.048
-22.8819
-23.7101
-24.5329
-25.3506
-26.1635
-26.9719
-27.7762
-28.5768
-29.3741
-30.1685
-30.9606
-31.7508
-32.5398
-33.3281
-34.1163
-34.9052
-35.6955
-36.4878
-37.2829
-38.0817
-38.885
-39.6936
-40.5083
-41.3302
-42.1599
-42.9984
-43.8466
-44.7052
-45.575
-46.4566
-47.3505
-48.2573
-49.177
-50.1097
-51.0552
-52.013
-52.982
-53.961
-54.9481
-55.9411
-56.9371
-57.9328
-58.9242
-59.9068
-60.8758
-61.8257
-62.7512
-63.6467
-64.5068
-65.3265
-66.1014
-66.8279
-67.5034
-68.1261
-68.6956
-69.2123
-69.6776
-70.0937
-70.4634
-70.79
-71.077
-71.3281
-71.547
-71.7371
-71.9018
-72.0442
-72.1672
-72.2733
-72.3648
-72.4436
-72.5117
-72.5704
-72.6212
-72.6651
-72.7033
-72.7364
-72.7653
-72.7905
-72.8126
-72.6959
-72.4994
-72.2515
-71.9692
-71.6637
-71.343
-71.0129
-70.6777
-70.3405
-70.0038
-69.6692
-69.3382
-69.0118
-68.6907
-68.3756
-68.0667
-67.7644
-67.469
-67.1805
-66.899
-66.6245
-66.357
-66.0965
-65.8429
-65.5961
-65.3561
-65.1226
-64.8957
-64.6752
-64.4609
-64.2527
-64.0506
-63.8542
-63.6637
-63.4787
-63.2992
-63.125
-62.956
-62.7921
-62.6331
-62.479
-62.3296
-62.1847
-62.0444
-61.9084
-61.7767
-61.6492
-61.5257
-61.4061
-61.2904
-61.1784
-61.0702
-60.9654
-60.8642
-60.7664
-60.6719
-60.5806
-60.4925
-60.4075
-60.3254
-60.2464
-60.1701
-60.0967
-60.026
-59.958
-59.8926
-59.8297
-59.7693
-59.7113
-59.6557
-59.6024
-59.5514
-59.5026
-59.456
-59.4114
-59.369
-59.3285
-59.29
-59.2535
-59.2188
-59.186
-59.155
-59.1258
-59.0982
-59.0724
-59.0482
-59.0257
-59.0047
-58.9853
-58.9674
-58.951
-58.936
-58.9224
-58.9102
-58.8994
-58.89
-58.8818
-58.8749
-58.8692
-58.8648
-58.8615
-58.8594
-58.8585
-58.8587
-58.86
-58.8623
-58.8657
-58.8702
-58.8756
-58.882
-58.8894
-58.8978
-58.907
-58.9172
-58.9282
-58.9401
-58.9528
-58.9664
-58.9807
-58.9959
-59.0118
-59.0285
-59.0459
-59.0641
-59.0829
-59.1024
-59.1226
-59.1435
-59.165
-59.1871
-59.2098
-59.2332
-59.2571
-59.2815
-59.3066
-59.3321
-59.3582
-59.3848
-59.4119
-59.4395
-59.4675
-59.4961
-59.525
-59.5544
-59.5843
-59.6145
-59.6452
-59.6762
-59.7076
-59.7394
-59.7715
-59.804
-59.8368
-59.87
-59.9034
-59.9372
-59.9713
-60.0056
-60.0403
-60.0752
-60.1103
-60.1457
-60.1814
-60.2172
-60.2533
-60.2896
-60.3261
-60.3628
-60.3997
-60.4368
-60.4741
-60.5115
-60.5491
-60.5868
-60.6246
-60.6626
-60.7008
-60.739
-60.7774
-60.8159
-60.8545
-60.8931
-60.9319
-60.9707
-61.0097
-61.0486
-61.0877
-61.1268
-61.166
-61.2052
-61.2445
-61.2837
-61.3231
-61.3624
-61.4018
-61.4412
-61.4806
-61.52
-61.5594
-61.5988
-61.6382
-61.6775
-61.7169
-61.7562
-61.7955
-61.8348
-61.8741
-61.9133
-61.9525
-61.9916
-62.0307
-62.0697
-62.1087
-62.1476
-62.1864
-62.2252
-62.2639
-62.3026
-62.3411
-62.3796
-62.418
-62.4563
-62.4945
-62.5327
-62.5707
-62.6087
-62.6465
-62.6843
-62.7219
-62.7594
-62.7969
-62.8342
-62.8714
-62.9085
-62.9455
-62.9823
-63.019
-63.0556
-63.0921
-63.1285
-63.1647
-63.2008
-63.2367
-63.2726
-63.3082
-63.3438
-63.3792
-63.4144
-63.4496
-63.4845
-63.5194
-63.5541
-63.5886
-63.623
-63.6572
-63.6913
-63.7252
-63.759
-63.7926
-63.8261
-63.8594
-63.8925
-63.9255
-63.9583
-63.991
-64.0234
-64.0558
-64.0879
-64.1199
-64.1518
-64.1834
-64.2149
-64.2463
-64.2774
-64.3084
-64.3393
-64.3699
-64.4004
-64.4307
-64.4608
-64.4908
-64.5206
-64.5502
-64.5797
-64.6089
-64.638
-64.6669
-64.6957
-64.7242
-64.7526
-64.7808
-64.8089
-64.8367
-64.8644
-64.8919
-64.9193
-64.9464
-64.9734
-65.0002
-65.0268
-65.0532
-65.0795
-65.1056
-65.1315
-65.1572
-65.1828
-65.2081
-65.2333
-65.2584
-65.2832
-65.3078
-65.3323
-65.3566
-65.3808
-65.4047
-65.4285
-65.4521
-65.4755
-65.4987
-65.5218
-65.5447
-65.5674
-65.5899
-65.6123
-65.6344
-65.6564
-65.6783
-65.6999
-65.7214
-65.7427
-65.7638
-65.7848
-65.8056
-65.8262
-65.8466
-65.8669
-65.887
-65.9069
-65.9267
-65.9463
-65.9657
-65.9849
-66.004
-66.0229
-66.0416
-66.0602
-66.0786
-66.0968
-66.1149
-66.1328
-66.1505
-66.1681
-66.1855
-66.2027
-66.2198
-66.2367
-66.2534
-66.27
-66.2864
-66.3026
-66.3187
-66.3347
-66.3504
-66.366
-66.3815
-66.3968
-66.4119
-66.4269
-66.4417
-66.4564
-66.4709
-66.4852
-66.4994
-66.5135
-66.5273
-66.5411
-66.5547
-66.5681
-66.5814
-66.5945
-66.6074
-66.6203
-66.6329
-66.6455
-66.6578
-66.6701
-66.6821
-66.6941
-66.7059
-66.7175
-66.729
-66.7404
-66.7516
-66.7626
-66.7736
-66.7843
-66.795
-66.8055
-66.8158
-66.8261
-66.8362
-66.8461
-66.8559
-66.8656
-66.8751
-66.8845
-66.8938
-66.9029
-66.9119
-66.9208
-66.9295
-66.9381
-66.9466
-66.9549
-66.9631
-66.9712
-66.9791
-66.987
-66.9946
-67.0022
-67.0097
-67.017
-67.0242
-67.0312
-67.0382
-67.045
-67.0517
-67.0583
-67.0647
-67.0711
-67.0773
-67.0834
-67.0894
-67.0952
-67.101
-67.1066
-67.1121
-67.1175
-67.1228
-67.1279
-67.133
-67.1379
-67.1428
-67.1475
-67.1521
-67.1566
-67.161
-67.1653
-67.1694
-67.1735
-67.1775
-67.1813
-67.1851
-67.1887
-67.1922
-67.1957
-67.199
-67.2022
-67.2053
-67.2084
-67.2113
-67.2141
-67.2168
-67.2195
-67.222
-67.2244
-67.2267
-67.229
-67.2311
-67.2332
-67.2351
-67.237
-67.2387
-67.2404
-67.242
-67.2435
-67.2449
-67.2462
-67.2474
-67.2485
-67.2496
-67.2505
-67.2514
-67.2522
-67.2529
-67.2535
-67.254
-67.2544
-67.2548
-67.2551
-67.2553
-67.2554
-67.2554
-67.2553
-67.2552
-67.255
-67.2547
-67.2543
-67.2539
-67.2534
-67.2528
-67.2521
-67.2513
-67.2505
-67.2496
-67.2486
-67.2476
-67.2465
-67.2453
-67.244
-67.2427
-67.2413
-67.2398
-67.2382
-67.2366
-67.2349
-67.2332
-67.2314
-67.2295
-67.2275
-67.2255
-67.2234
-67.2213
-67.2191
-67.2168
-67.2145
-67.2121
-67.2096
-67.2071
-67.2045
-67.2019
-67.1992
-67.1964
-67.1936
-67.1907
-67.1878
-67.1848
-67.1817
-67.1786
-67.1755
-67.1722
-67.169
-67.1656
-67.1623
-67.1588
-67.1553
-67.1518
-67.1482
-67.1446
-67.1409
-67.1371
-67.1333
-67.1295
-67.1256
-67.1217
-67.1177
-67.1137
-67.1096
-67.1055
-67.1013
-67.0971
-67.0928
-67.0885
-67.0842
-67.0798
-67.0753
-67.0709
-67.0663
-67.0618
-67.0572
-67.0525
-67.0478
-67.0431
-67.0384
-67.0335
-67.0287
-67.0238
-67.0189
-67.014
-67.009
-67.0039
-66.9989
-66.9938
-66.9887
-66.9835
-66.9783
-66.973
-66.9678
-66.9625
-66.9571
-66.9518
-66.9464
-66.941
-66.9355
-66.93
-66.9245
-66.9189
-66.9134
-66.9077
-66.9021
-66.8964
-66.8907
-66.885
-66.8793
-66.8735
-66.8677
-66.8619
-66.856
-66.8501
-66.8442
-66.8383
-66.8323
-66.8264
-66.8204
-66.8143
-66.8083
-66.8022
-66.7961
-66.79
-66.7839
-66.7777
-66.7715
-66.7653
-66.7591
-66.7529
-66.7466
-66.7403
-66.734
-66.7277
-66.7214
-66.715
-66.7087
-66.7023
-66.6959
-66.6895
-66.683
-66.6766
-66.6701
-66.6636
-66.6571
-66.6506
-66.6441
-66.6376
-66.631
-66.6245
-66.6179
-66.6113
-66.6047
-66.5981
-66.5915
-66.5848
-66.5782
-66.5715
-66.5649
-66.5582
-66.5515
-66.5448
-66.5381
-66.5314
-66.5247
-66.518
-66.5112
-66.5045
-66.4977
-66.491
-66.4842
-66.4775
-66.4707
-66.4639
-66.4571
-66.4503
-66.4435
-66.4367
-66.4299
-66.4231
-66.4163
-66.4095
-66.4027
-66.3958
-66.389
-66.3822
-66.3753
-66.3685
-66.3617
-66.3548
-66.348
-66.3411
-66.3343
-66.3274
-66.3206
-66.3137
-66.3069
-66.3
-66.2931
-66.2863
-66.2794
-66.2726
-66.2657
-66.2589
-66.252
-66.2452
-66.2383
-66.2315
-66.2246
-66.2178
-66.211
-66.2041
-66.1973
-66.1905
-66.1836
-66.1768
-66.17
-66.1632
-66.1564
-66.1496
-66.1428
-66.136
-66.1292
-66.1224
-66.1156
-66.1089
-66.1021
-66.0953
-66.0886
-66.0818
-66.0751
-66.0684
-66.0617
-66.0549
-66.0482
-66.0415
-66.0348
-66.0282
-66.0215
-66.0148
-66.0082
-66.0015
-65.9949
-65.9883
-65.9817
-65.9751
-65.9685
-65.9619
-65.9553
-65.9487
-65.9422
-65.9356
-65.9291
-65.9226
-65.9161
-65.9096
-65.9031
-65.8966
-65.8901
-65.8837
-65.8772
-65.8708
-65.8643
-65.8579
-65.8515
-65.8451
-65.8388
-65.8324
-65.8261
-65.8197
-65.8134
-65.8071
-65.8008
-65.7945
-65.7882
-65.782
-65.7757
-65.7695
-65.7633
-65.7571
-65.7509
-65.7447
-65.7386
-65.7324
-65.7263
-65.7202
-65.7141
-65.708
-65.7019
-65.6959
-65.6898
-65.6838
-65.6778
-65.6718
-65.6659
-65.6599
-65.654
-65.6481
-65.6422
-65.6363
-65.6304
-65.6246
-65.6187
-65.6129
-65.6071
-65.6014
-65.5956
-65.5898
-65.5841
-65.5784
-65.5727
-65.5671
-65.5614
-65.5558
-65.5502
-65.5446
-65.539
-65.5335
-65.5279
-65.5224
-65.5169
-65.5114
-65.506
-65.5006
-65.4951
-65.4897
-65.4844
-65.479
-65.4737
-65.4684
-65.4631
-65.4578
-65.4525
-65.4473
-65.4421
-65.4369
-65.4317
-65.4265
-65.4214
-65.4163
-65.4112
-65.4061
-65.4011
-65.396
-65.391
-65.386
-65.381
-65.3761
-65.3711
-65.3662
-65.3613
-65.3565
-65.3516
-65.3468
-65.342
-65.3372
-65.3324
-65.3277
-65.3229
-65.3182
-65.3136
-65.3089
-65.3043
-65.2997
-65.2951
-65.2905
-65.2859
-65.2814
-65.2769
-65.2724
-65.268
-65.2635
-65.2591
-65.2547
-65.2503
-65.246
-65.2417
-65.2374
-65.2331
-65.2288
-65.2246
-65.2204
-65.2162
-65.212
-65.2079
-65.2037
-65.1996
-65.1956
-65.1915
-65.1875
-65.1835
-65.1795
-65.1755
-65.1716
-65.1677
-65.1638
-65.1599
-65.1561
-65.1522
-65.1484
-65.1447
-65.1409
-65.1372
-65.1335
-65.1298
-65.1261
-64.9876
-64.7613
-64.4706
-64.1297
-63.7492
-63.337
-62.8993
-62.4412
-61.9669
-61.4796
-60.982
-60.4764
-59.9646
-59.4481
-58.9281
-58.4056
-57.8815
-57.3563
-56.8306
-56.3046
-55.7787
-55.2529
-54.7273
-54.2017
-53.676
-53.1499
-52.6229
-52.0946
-51.5644
-51.0314
-50.4948
-49.9537
-49.4069
-48.8531
-48.2907
-47.7183
-47.1339
-46.5354
-45.9204
-45.2863
-44.63
-43.9483
-43.2373
-42.4928
-41.7097
-40.8827
-40.0054
-39.0707
-38.0704
-36.9953
-35.8348
-34.5767
-33.2075
-31.7116
-30.0717
-28.2683
-26.2804
-24.0852
-21.6593
-18.9797
-16.026
-12.7831
-9.24583
-5.42351
-1.34595
2.93178
7.32694
11.7311
16.0179
20.0562
23.7263
26.9353
29.6281
31.7904
33.4449
34.6409
35.443
35.9195
36.1348
36.1445
35.9938
35.718
35.3436
34.8902
34.3721
33.7998
33.1812
32.5221
31.8272
31.1002
30.3441
29.5616
28.755
27.9265
27.0779
26.2111
25.3278
24.4294
23.5176
22.5938
21.6592
20.7153
19.7631
18.8038
17.8385
16.8683
15.894
14.9166
13.937
12.9559
11.974
10.9922
10.0109
9.03074
8.05235
7.07618
6.1027
5.13232
4.16542
3.20234
2.2434
1.28886
0.338989
-0.606012
-1.54595
-2.48065
-3.40999
-4.33384
-5.25212
-6.16474
-7.07164
-7.97278
-8.86815
-9.75774
-10.6416
-11.5196
-12.392
-13.2587
-14.1198
-14.9754
-15.8255
-16.6442
-17.4431
-18.2272
-18.9991
-19.7604
-20.512
-21.2547
-21.9892
-22.7158
-23.4351
-24.1475
-24.8533
-25.5531
-26.2472
-26.936
-27.6199
-28.2995
-28.9752
-29.6475
-30.3169
-30.9839
-31.649
-32.3129
-32.9762
-33.6393
-34.3031
-34.9681
-35.6351
-36.3046
-36.9775
-37.6545
-38.3362
-39.0234
-39.7168
-40.4171
-41.1249
-41.8408
-42.5653
-43.2988
-44.0417
-44.7939
-45.5554
-46.3259
-47.1047
-47.8909
-48.683
-49.4792
-50.2774
-51.0748
-51.8681
-52.6539
-53.428
-54.1861
-54.9239
-55.6369
-56.3208
-56.9716
-57.586
-58.1612
-58.6951
-59.1866
-59.6352
-60.0415
-60.4064
-60.7317
-61.0196
-61.2726
-61.4935
-61.6851
-61.8503
-61.9918
-62.1125
-62.2147
-62.3009
-62.3731
-62.4333
-62.4831
-62.5241
-62.5577
-62.5848
-62.6067
-62.6241
-62.6377
-62.6484
-62.6565
-62.6627
-62.6672
-62.6704
-62.6727
-62.6742
-62.6753
-62.676
-62.6765
-62.6769
-62.6775
-62.6781
-62.679
-62.6801
-62.6816
-62.6834
-62.6856
-62.6883
-62.6914
-62.695
-62.6991
-62.7037
-62.7088
-62.7144
-62.7205
-62.7271
-62.7342
-62.7419
-62.75
-62.7586
-62.7678
-62.7774
-62.7875
-62.798
-62.8091
-62.8206
-62.8325
-62.8449
-62.8577
-62.871
-62.8847
-62.8988
-62.9132
-62.9281
-62.9434
-62.959
-62.975
-62.9914
-63.0081
-63.0252
-63.0426
-63.0603
-63.0783
-63.0967
-63.1153
-63.1342
-63.1535
-63.173
-63.1927
-63.2128
-63.2331
-63.2536
-63.2744
-63.2954
-63.3167
-63.3381
-63.3598
-63.3817
-63.4038
-63.4261
-63.4486
-63.4712
-63.4941
-63.5171
-63.5402
-63.5636
-63.5871
-63.6107
-63.6345
-63.6584
-63.6824
-63.7066
-63.7309
-63.7553
-63.7798
-63.8044
-63.8291
-63.8539
-63.8788
-63.9038
-63.9289
-63.954
-63.9792
-64.0045
-64.0299
-64.0553
-64.0808
-64.1063
-64.1319
-64.1575
-64.1832
-64.2089
-64.2346
-64.2604
-64.2862
-64.312
-64.3378
-64.3637
-64.3895
-64.4154
-64.4413
-64.4671
-64.493
-64.5189
-64.5448
-64.5707
-64.5965
-64.6224
-64.6482
-64.674
-64.6998
-64.7255
-64.7513
-64.777
-64.8026
-64.8283
-64.8539
-64.8795
-64.905
-64.9305
-64.9559
-64.9813
-65.0066
-65.0319
-65.0571
-65.0823
-65.1074
-65.1325
-65.1575
-65.1824
-65.2073
-65.2321
-65.2569
-65.2815
-65.3061
-65.3306
-65.3551
-65.3795
-65.4038
-65.428
-65.4521
-65.4762
-65.5002
-65.524
-65.5478
-65.5716
-65.5952
-65.6187
-65.6422
-65.6655
-65.6888
-65.712
-65.7351
-65.758
-65.7809
-65.8037
-65.8264
-65.849
-65.8714
-65.8938
-65.9161
-65.9383
-65.9604
-65.9823
-66.0042
-66.0259
-66.0476
-66.0691
-66.0905
-66.1118
-66.1331
-66.1541
-66.1751
-66.196
-66.2167
-66.2374
-66.2579
-66.2783
-66.2986
-66.3188
-66.3389
-66.3588
-66.3786
-66.3984
-66.4179
-66.4374
-66.4568
-66.476
-66.4951
-66.5141
-66.533
-66.5517
-66.5704
-66.5889
-66.6073
-66.6255
-66.6437
-66.6617
-66.6796
-66.6974
-66.715
-66.7325
-66.7499
-66.7672
-66.7843
-66.8014
-66.8183
-66.835
-66.8517
-66.8682
-66.8846
-66.9009
-66.917
-66.9331
-66.9489
-66.9647

