-65
-64.9994
-64.9988
-64.9982
-64.9977
-64.9971
-64.9965
-64.996
-64.9954
-64.9949
-64.9943
-64.9938
-64.9932
-64.9927
-64.9922
-64.9917
-64.9912
-64.9906
-64.9901
-64.9896
-64.9891
-64.9886
-64.9881
-64.9876
-64.9872
-64.9867
-64.9862
-64.9857
-64.9852
-64.9848
-64.9843
-64.9838
-64.9834
-64.9829
-64.9825
-64.982
-64.9816
-64.9811
-64.9807
-64.9802
-64.9798
-64.9794
-64.9789
-64.9785
-64.9781
-64.9777
-64.9772
-64.9768
-64.9764
-64.976
-64.9756
-64.9752
-64.9748
-64.9744
-64.974
-64.9736
-64.9732
-64.9728
-64.9725
-64.9721
-64.9717
-64.9713
-64.971
-64.9706
-64.9702
-64.9699
-64.9695
-64.9692
-64.9688
-64.9685
-64.9681
-64.9678
-64.9675
-64.9671
-64.9668
-64.9665
-64.9661
-64.9658
-64.9655
-64.9652
-64.9649
-64.9646
-64.9642
-64.9639
-64.9636
-64.9633
-64.963
-64.9628
-64.9625
-64.9622
-64.9619
-64.9616
-64.9613
-64.9611
-64.9608
-64.9605
-64.9603
-64.96
-64.9598
-64.9595
-64.9592
-64.959
-64.9588
-64.9585
-64.9583
-64.958
-64.9578
-64.9576
-64.9573
-64.9571
-64.9569
-64.9567
-64.9565
-64.9562
-64.956
-64.9558
-64.9556
-64.9554
-64.9552
-64.955
-64.9548
-64.9546
-64.9545
-64.9543
-64.9541
-64.9539
-64.9537
-64.9536
-64.9534
-64.9532
-64.9531
-64.9529
-64.9527
-64.9526
-64.9524
-64.9523
-64.9521
-64.952
-64.9519
-64.9517
-64.9516
-64.9514
-64.9513
-64.9512
-64.9511
-64.9509
-64.9508
-64.9507
-64.9506
-64.9505
-64.9504
-64.9503
-64.9502
-64.95
-64.9499
-64.9499
-64.9498
-64.9497
-64.9496
-64.9495
-64.9494
-64.9493
-64.9492
-64.9492
-64.9491
-64.949
-64.9489
-64.9489
-64.9488
-64.9487
-64.9487
-64.9486
-64.9486
-64.9485
-64.9485
-64.9484
-64.9484
-64.9483
-64.9483
-64.9482
-64.9482
-64.9482
-64.9481
-64.9481
-64.9481
-64.948
-64.948
-64.948
-64.948
-64.948
-64.9479
-64.9479
-64.9479
-64.9479
-64.9479
-64.9479
-64.9479
-64.9479
-64.9479
-64.9479
-64.9479
-64.9479
-64.9479
-64.9479
-64.9479
-64.9479
-64.9479
-64.9479
-64.948
-64.948
-64.948
-64.948
-64.9481
-64.9481
-64.9481
-64.9481
-64.9482
-64.9482
-64.9482
-64.9483
-64.9483
-64.9483
-64.9484
-64.9484
-64.9485
-64.9485
-64.9486
-64.9486
-64.9487
-64.9487
-64.9488
-64.9488
-64.9489
-64.9489
-64.949
-64.9491
-64.9491
-64.9492
-64.9492
-64.9493
-64.9494
-64.9494
-64.9495
-64.9496
-64.9497
-64.9497
-64.9498
-64.9499
-64.95
-64.95
-64.9501
-64.9502
-64.9503
-64.9504
-64.9504
-64.9505
-64.9506
-64.9507
-64.9508
-64.9509
-64.951
-64.951
-64.9511
-64.9512
-64.9513
-64.9514
-64.9515
-64.9516
-64.9517
-64.9518
-64.9519
-64.952
-64.9521
-64.9522
-64.9523
-64.9524
-64.9525
-64.9526
-64.9527
-64.9528
-64.9529
-64.953
-64.9532
-64.9533
-64.9534
-64.9535
-64.9536
-64.9537
-64.9538
-64.9539
-64.954
-64.9542
-64.9543
-64.9544
-64.9545
-64.9546
-64.9547
-64.9548
-64.955
-64.9551
-64.9552
-64.9553
-64.9554
-64.9556
-64.9557
-64.9558
-64.9559
-64.956
-64.9562
-64.9563
-64.9564
-64.9565
-64.9566
-64.9568
-64.9569
-64.957
-64.9571
-64.9573
-64.9574
-64.9575
-64.9576
-64.9578
-64.9579
-64.958
-64.9581
-64.9583
-64.9584
-64.9585
-64.9587
-64.9588
-64.9589
-64.959
-64.9592
-64.9593
-64.9594
-64.9595
-64.9597
-64.9598
-64.9599
-64.96
-64.9602
-64.9603
-64.9604
-64.9606
-64.9607
-64.9608
-64.9609
-64.9611
-64.9612
-64.9613
-64.9614
-64.9616
-64.9617
-64.9618
-64.962
-64.9621
-64.9622
-64.9623
-64.9625
-64.9626
-64.9627
-64.9628
-64.963
-64.9631
-64.9632
-64.9633
-64.9635
-64.9636
-64.9637
-64.9638
-64.964
-64.9641
-64.9642
-64.9643
-64.9645
-64.9646
-64.9647
-64.9648
-64.9649
-64.9651
-64.9652
-64.9653
-64.9654
-64.9655
-64.9657
-64.9658
-64.9659
-64.966
-64.9661
-64.9663
-64.9664
-64.9665
-64.9666
-64.8321
-64.6101
-64.3236
-63.9871
-63.6109
-63.2029
-62.7695
-62.3155
-61.8452
-61.3618
-60.868
-60.3661
-59.8578
-59.3446
-58.8278
-58.3084
-57.787
-57.2644
-56.7409
-56.2171
-55.6929
-55.1686
-54.5347
-53.8342
-53.0879
-52.3086
-51.5049
-50.6826
-49.8461
-48.9979
-48.1396
-47.2716
-46.3936
-45.5043
-44.6018
-43.599
-42.5297
-41.4076
-40.2387
-39.0241
-37.7622
-36.4484
-35.0761
-33.6368
-32.1198
-30.5129
-28.8019
-26.9713
-25.0044
-22.8835
-20.5908
-18.1096
-15.4254
-12.5284
-9.41595
-6.09588
-2.5894
1.06605
4.81577
8.5889
12.3025
15.8679
19.1993
22.2213
24.8763
27.1289
28.968
30.4051
31.4706
32.2079
32.666
32.8941
32.9371
32.8333
32.6136
32.3019
31.9167
31.4716
30.9767
30.4396
29.8662
29.261
28.6275
27.9687
27.2872
26.585
25.8643
25.1265
24.3735
23.6065
22.8271
22.0363
21.2356
20.4258
19.6082
18.7836
17.9531
17.1175
16.2776
15.4343
14.5881
13.7399
12.8902
12.0397
11.1889
10.3384
9.48856
8.63993
7.79288
6.94782
6.10509
5.26502
4.42791
3.59404
2.76364
1.93695
1.11417
0.295477
-0.518962
-1.329
-2.13451
-2.93539
-3.73154
-4.52287
-5.30931
-6.09082
-6.86734
-7.63884
-8.40531
-9.16672
-9.92307
-10.6744
-11.4206
-12.1619
-12.8982
-13.6295
-14.3559
-15.0775
-15.7943
-16.5064
-17.2139
-17.9168
-18.6154
-19.3096
-19.9997
-20.6857
-21.3678
-22.0462
-22.7211
-23.3927
-24.0611
-24.7267
-25.3897
-26.0503
-26.7089
-27.3658
-28.0213
-28.6759
-29.3299
-29.9838
-30.638
-31.293
-31.9493
-32.6076
-33.2682
-33.932
-34.5994
-35.2711
-35.9478
-36.6301
-37.3187
-38.0143
-38.7175
-39.4289
-40.149
-40.8784
-41.6173
-42.3661
-43.1247
-43.8931
-44.6707
-45.457
-46.2509
-47.051
-47.8554
-48.6618
-49.4677
-50.2699
-51.0648
-51.8488
-52.6178
-53.3677
-54.0946
-54.7946
-55.4644
-56.101
-56.702
-57.2656
-57.791
-58.2778
-58.7262
-59.1372
-59.5121
-59.8528
-60.1612
-60.4397
-60.6906
-60.9163
-61.1193
-61.3017
-61.4657
-61.6135
-61.7468
-61.8673
-61.9767
-62.0763
-62.1674
-62.251
-62.3281
-62.3995
-62.4661
-62.5284
-62.5871
-62.6426
-62.6953
-62.7456
-62.7939
-62.8403
-62.8852
-62.9288
-62.9711
-63.0125
-63.053
-63.0927
-63.1317
-63.1701
-63.208
-63.2455
-63.2825
-63.3192
-63.3556
-63.3917
-63.4276
-63.4632
-63.4987
-63.5339
-63.569
-63.604
-63.6388
-63.6735
-63.7081
-63.7425
-63.7769
-63.8112
-63.8453
-63.8794
-63.9134
-63.9473
-63.9812
-64.0149
-64.0486
-64.0822
-64.1157
-64.1492
-64.1826
-64.2159
-64.2491
-64.2822
-64.3153
-64.3483
-64.3812
-64.414
-64.4467
-64.4794
-64.5119
-64.5444
-64.5768
-64.6091
-64.6414
-64.6735
-64.7055
-64.7375
-64.7693
-64.8011
-64.8327
-64.8643
-64.8958
-64.9271
-64.9584
-64.9895
-65.0206
-65.0515
-65.0824
-65.1131
-65.1437
-65.1742
-65.2046
-65.2349
-65.2651
-65.2951
-65.325
-65.3549
-65.3846
-65.4141
-65.4436
-65.4729
-65.5021
-65.5312
-65.5602
-65.589
-65.6177
-65.6463
-65.6748
-65.7031
-65.7313
-65.7594
-65.7873
-65.8151
-65.8428
-65.8703
-65.8977
-65.925
-65.9521
-65.9791
-66.006
-66.0327
-66.0593
-66.0857
-66.112
-66.1382
-66.1642
-66.1901
-66.2158
-66.2414
-66.2669
-66.2922
-66.3174
-66.3424
-66.3673
-66.392
-66.4166
-66.4411
-66.4654
-66.4896
-66.5136
-66.5374
-66.5612
-66.5848
-66.6082
-66.6315
-66.6546
-66.6776
-66.7005
-66.7232
-66.7457
-66.7681
-66.7904
-66.8125
-66.8344
-66.8563
-66.8779
-66.8994
-66.9208
-66.942
-66.9631
-66.984
-67.0048
-67.0254
-67.0459
-67.0662
-67.0864
-67.1065
-67.1263
-67.1461
-67.1657
-67.1851
-67.2044
-67.2236
-67.2426
-67.2614
-67.2801
-67.2987
-67.3171
-67.3353
-67.3534
-67.3714
-67.3892
-67.4069
-67.4244
-67.4418
-67.459
-67.4761
-67.4931
-67.5099
-67.5265
-67.543
-67.5594
-67.5756
-67.5917
-67.6076
-67.6234
-67.639
-67.6545
-67.6699
-67.6851
-67.7001
-67.7151
-67.7298
-67.7445
-67.759
-67.7733
-67.7875
-67.8016
-67.8155
-67.8293
-67.843
-67.8565
-67.8699
-67.8831
-67.8962
-67.9091
-67.922
-67.9346
-67.9472
-67.6882
-67.2615
-66.719
-66.0931
-65.4067
-64.6772
-63.918
-63.1395
-62.35
-61.5559
-60.7623
-59.9732
-59.1918
-58.4206
-57.6613
-56.9155
-56.1842
-55.4683
-54.7681
-54.0842
-53.4165
-52.765
-52.1296
-51.5101
-50.9059
-50.3168
-49.7421
-49.1811
-48.6333
-48.0978
-47.574
-47.0608
-46.5575
-46.0631
-45.5767
-45.0973
-44.6238
-44.1553
-43.6906
-43.2286
-42.7682
-42.3084
-41.8478
-41.3854
-40.9198
-40.4499
-39.9743
-39.4917
-39.0008
-38.5001
-37.9882
-37.4635
-36.9244
-36.3693
-35.7965
-35.2042
-34.5904
-33.9532
-33.2906
-32.6003
-31.8802
-31.1279
-30.341
-29.5171
-28.6536
-27.7479
-26.7975
-25.8
-24.7528
-23.6538
-22.5008
-21.2922
-20.0267
-18.7034
-17.3221
-15.8837
-14.3895
-12.8423
-11.2459
-9.60565
-7.92824
-6.22216
-4.49768
-2.76694
-1.04414
0.654567
2.31105
3.90556
5.41723
6.82494
8.10846
9.24985
10.2348
11.0535
11.7019
12.1807
12.4959
12.6571
12.6766
12.5682
12.3463
12.0249
11.6172
11.1351
10.5894
9.98931
9.34308
8.65765
7.93901
7.19231
6.42198
5.63183
4.82515
4.00483
3.17335
2.33292
1.48545
0.632665
-0.223947
-1.08305
-1.94346
-2.80412
-3.66412
-4.52263
-5.3789
-6.23231
-7.08227
-7.9283
-8.76995
-9.60685
-10.4387
-11.2651
-12.0859
-12.901
-13.71
-14.513
-15.3098
-16.1002
-16.8844
-17.6622
-18.4336
-19.1988
-19.9576
-20.7102
-21.4567
-22.1971
-22.9316
-23.6604
-24.3835
-25.1011
-25.8135
-26.5209
-27.2235
-27.9216
-28.6154
-29.3052
-29.9914
-30.6742
-31.3541
-32.0315
-32.7067
-33.3802
-34.0524
-34.7239
-35.395
-36.0664
-36.7385
-37.4119
-38.0872
-38.765
-39.4459
-40.1304
-40.8193
-41.513
-42.2123
-42.9176
-43.6295
-44.3486
-45.0753
-45.8099
-46.5528
-47.3042
-48.0639
-48.832
-49.6081
-50.3915
-51.1813
-51.9764
-52.7753
-53.5759
-54.376
-55.1729
-55.9635
-56.7442
-57.5114
-58.2611
-58.9893
-59.692
-60.3656
-61.0066
-61.6121
-62.18
-62.7086
-63.1972
-63.6457
-64.0548
-64.4256
-64.76
-65.0601
-65.3283
-65.5672
-65.7793
-65.9675
-66.1341
-66.2817
-66.4124
-66.5283
-66.6313
-66.723
-66.805
-66.8786
-66.9449
-67.0049
-67.0595
-67.1095
-67.1555
-67.198
-67.2377
-67.2748
-67.3097
-67.3427
-67.3741
-67.4042
-67.433
-67.4608
-67.4877
-67.5138
-67.5393
-67.5641
-67.5884
-67.6123
-67.6357
-67.6588
-67.6815
-67.704
-67.7262
-67.6228
-67.448
-67.2279
-66.9776
-66.7073
-66.4239
-66.1326
-65.8371
-65.5402
-65.244
-64.9501
-64.6595
-64.3733
-64.0919
-63.816
-63.5459
-63.2819
-63.024
-62.7725
-62.5274
-62.2887
-62.0564
-61.8305
-61.6109
-61.3976
-61.1904
-60.9893
-60.7941
-60.6048
-60.4213
-60.2433
-60.0709
-59.9039
-59.7421
-59.5855
-59.4339
-59.2872
-59.1453
-59.008
-58.8754
-58.7471
-58.6233
-58.5036
-58.3881
-58.2766
-58.1691
-58.0653
-57.9653
-57.8689
-57.7761
-57.6868
-57.6008
-57.5181
-57.4387
-57.3624
-57.2891
-57.2188
-57.1515
-57.087
-57.0253
-56.9663
-56.9099
-56.8561
-56.8049
-56.7561
-56.7098
-56.6658
-56.6241
-56.5847
-56.5475
-56.5124
-56.4794
-56.4485
-56.4197
-56.3928
-56.3678
-56.3447
-56.3235
-56.3041
-56.2865
-56.2706
-56.2563
-56.2438
-56.2329
-56.2236
-56.2158
-56.2096
-56.2049
-56.2016
-56.1998
-56.1994
-56.2004
-56.2027
-56.2063
-56.2113
-56.2175
-56.225
-56.2337
-56.2435
-56.2546
-56.2668
-56.2801
-56.2945
-56.31
-56.3266
-56.3442
-56.3628
-56.3824
-56.4029
-56.4244
-56.4469
-56.4702
-56.4945
-56.5196
-56.5455
-56.5723
-56.5999
-56.6284
-56.6575
-56.6875
-56.7181
-56.7496
-56.7817
-56.8145
-56.8479
-56.8821
-56.9168
-56.9522
-56.9883
-57.0249
-57.0621
-57.0998
-57.1381
-57.1769
-57.2163
-57.2561
-57.2965
-57.3373
-57.3786
-57.4203
-57.4625
-57.5051
-57.5481
-57.5915
-57.6353
-57.6795
-57.724
-57.7688
-57.814
-57.8596
-57.9054
-57.9515
-57.998
-58.0447
-58.0917
-58.1389
-58.1863
-58.2341
-58.282
-58.3301
-58.3785
-58.427
-58.4757
-58.5247
-58.5737
-58.6229
-58.6723
-58.7218
-58.7715
-58.8212
-58.8711
-58.921
-58.9711
-59.0213
-59.0715
-59.1218
-59.1722
-59.2226
-59.2731
-59.3236
-59.3741
-59.4247
-59.4753
-59.5259
-59.5765
-59.6271
-59.6778
-59.7284
-59.779
-59.8295
-59.8801
-59.9306
-59.981
-60.0314
-60.0818
-60.1321
-60.1824
-60.2325
-60.2827
-60.3327
-60.3827
-60.4325
-60.4823
-60.532
-60.5816
-60.6311
-60.6805
-60.7298
-60.7789
-60.828
-60.8769
-60.9257
-60.9744
-61.023
-61.0714
-61.1196
-61.1678
-61.2158
-61.2636
-61.3113
-61.3589
-61.4063
-61.4535
-61.5006
-61.5475
-61.5943
-61.6409
-61.6873
-61.7335
-61.7796
-61.8255
-61.8713
-61.9168
-61.9622
-62.0073
-62.0523
-62.0972
-62.1418
-62.1862
-62.2305
-62.2745
-62.3184
-62.362
-62.4055
-62.4488
-62.4918
-62.5347
-62.5774
-62.6198
-62.6621
-62.7042
-62.746
-62.7877
-62.8291
-62.8703
-62.9114
-62.9522
-62.9928
-63.0332
-63.0734
-63.1133
-63.1531
-63.1926
-63.2319
-63.2711
-63.31
-63.3486
-63.3871
-63.4254
-63.4634
-63.5012
-63.5388
-63.5762
-63.6133
-63.6503
-63.687
-63.7235
-63.7598
-63.7959
-63.8318
-63.8674
-63.9028
-63.938
-63.973
-64.0077
-64.0423
-64.0766
-64.1107
-64.1446
-64.1783
-64.2117
-64.2449
-64.2779
-64.3107
-64.3433
-64.3757
-64.4078
-64.4397
-64.4714
-64.5029
-64.5342
-64.5653
-64.5961
-64.6267
-64.6571
-64.6873
-64.7173
-64.7471
-64.7766
-64.8059
-64.8351
-64.864
-64.8927
-64.9212
-64.9494
-64.9775
-65.0053
-65.033
-65.0604
-65.0876
-65.1147
-65.1415
-65.1681
-65.1945
-65.2206
-65.2466
-65.2724
-65.298
-65.3233
-65.3485
-65.3734
-65.3982
-65.4227
-65.4471
-65.4712
-65.4952
-65.5189
-65.5425
-65.5658
-65.589
-65.6119
-65.6347
-65.6572
-65.6796
-65.7018
-65.7238
-65.7455
-65.7671
-65.7885
-65.8097
-65.8307
-65.8515
-65.8722
-65.8926
-65.9129
-65.9329
-65.9528
-65.9725
-65.992
-66.0113
-66.0305
-66.0494
-66.0682
-66.0868
-66.1052
-66.1234
-66.1414
-66.1593
-66.177
-66.1945
-66.2118
-66.229
-66.246
-66.2628
-66.2794
-66.2959
-66.3121
-66.3282
-66.3442
-66.3599
-66.3755
-66.391
-66.4062
-66.4213
-66.4362
-66.451
-66.4656
-66.48
-66.4943
-66.5084
-66.5223
-66.5361
-66.5497
-66.5632
-66.5765
-66.5896
-66.6026
-66.6154
-66.6281
-66.6406
-66.6529
-66.6651
-66.6771
-66.689
-66.7008
-66.7124
-66.7238
-66.7351
-66.7462
-66.7572
-66.768
-66.7787
-66.7893
-66.7997
-66.8099
-66.8201
-66.83
-66.8399
-66.8495
-66.8591
-66.8685
-66.8778
-66.8869
-66.8959
-66.9047
-66.9134
-66.922
-66.9304
-66.9387
-66.9469
-66.955
-66.9629
-66.9706
-66.9783
-66.9858
-66.9932
-67.0004
-67.0076
-67.0146
-67.0214
-67.0282
-67.0348
-67.0413
-67.0477
-67.0539
-67.0601
-67.0661
-67.072
-67.0777
-67.0834
-67.0889
-67.0943
-67.0996
-67.1048
-67.1099
-67.1148
-67.1196
-67.1243
-67.129
-67.1334
-67.1378
-67.1421
-67.1463
-67.1503
-67.1542
-67.1581
-67.1618
-67.1654
-67.1689
-67.1723
-67.1756
-67.1788
-67.1819
-67.1849
-67.1878
-67.1906
-67.1933
-67.1959
-67.1983
-67.2007
-67.203
-67.2052
-67.2073
-67.2093
-67.2112
-67.213
-67.2147
-67.2164
-67.2179
-67.2193
-67.2207
-67.2219
-67.2231
-67.2242
-67.2252
-67.2261
-67.2269
-67.2276
-67.2282
-67.2288
-67.2292
-67.2296
-67.2299
-67.2301
-67.2303
-67.2303
-67.2303
-67.2302
-67.23
-67.2297
-67.2293
-67.2289
-67.2284
-67.2278
-67.2271
-67.2264
-67.2256
-67.2247
-67.2237
-67.2227
-67.2216
-67.2204
-67.2191
-67.2178
-67.2164
-67.2149
-67.2134
-67.2118
-67.2101
-67.2083
-67.2065
-67.2046
-67.2027
-67.2007
-67.1986
-67.1965
-67.1942
-67.192
-67.1896
-67.1872
-67.1848
-67.1823
-67.1797
-67.177
-67.1743
-67.1716
-67.1688
-67.1659
-67.1629
-67.1599
-67.1569
-67.1538
-67.1506
-67.1474
-67.1441
-67.1408
-67.1374
-67.134
-67.1305
-67.127
-67.1234
-67.1198
-67.1161
-67.1123
-67.1085
-67.1047
-67.1008
-67.0969
-67.0929
-67.0889
-67.0848
-67.0807
-67.0765
-67.0723
-67.068
-67.0637
-67.0594
-67.055
-67.0506
-67.0461
-67.0416
-67.037
-67.0324
-67.0278
-67.0231
-67.0184
-67.0137
-67.0089
-67.004
-66.9992
-66.9943
-66.9893
-66.9843
-66.9793
-66.9743
-66.9692
-66.9641
-66.9589
-66.9537
-66.9485
-66.9433
-66.938
-66.9326
-66.9273
-66.9219
-66.9165
-66.9111
-66.9056
-66.9001
-66.8945
-66.889
-66.8834
-66.8778
-66.8721
-66.8664
-66.8607
-66.855
-66.8492
-66.8435
-66.8376
-66.8318
-66.8259
-66.8201
-66.8142
-66.8082
-66.8023
-66.7963
-66.7903
-66.7842
-66.7782
-66.7721
-66.766
-66.6219
-66.3883
-66.089
-65.739
-65.349
-64.9271
-64.4799
-64.0126
-63.5294
-63.0337
-62.5283
-62.0157
-61.4977
-60.9759
-60.4516
-59.926
-59.4
-58.8742
-58.3494
-57.8261
-57.3045
-56.785
-56.2678
-55.7531
-55.2407
-54.7308
-54.2231
-53.7174
-53.2136
-52.7111
-52.2097
-51.7086
-51.2074
-50.7054
-50.2016
-49.6953
-49.1854
-48.6708
-48.1501
-47.622
-47.085
-46.5372
-45.9767
-45.4014
-44.8089
-44.1965
-43.5612
-42.8998
-42.2083
-41.4828
-40.7185
-39.91
-39.0514
-38.1359
-37.1559
-36.1027
-34.9666
-33.7365
-32.4
-30.9434
-29.3511
-27.6064
-25.691
-23.5857
-21.271
-18.7283
-15.9414
-12.899
-9.59802
-6.04746
-2.27256
1.68127
5.74641
9.83385
13.8382
17.6468
21.1522
24.265
26.9243
29.1032
30.8081
32.0718
32.9451
33.4862
33.7537
33.8004
33.6714
33.4032
33.0242
32.5563
32.0157
31.4149
30.7631
30.0676
29.3339
28.5666
27.7694
26.9455
26.0976
25.2283
24.3396
23.4338
22.5125
21.5777
20.6309
19.6736
18.7073
17.7332
16.7528
15.7671
14.7772
13.7842
12.789
11.7924
10.7954
9.79872
8.80298
7.80886
6.81696
5.82781
4.84191
3.85969
2.88157
1.9079
0.939
-0.0248405
-0.983371
-1.93637
-2.88366
-3.82507
-4.76047
-5.68974
-6.61281
-7.5296
-8.44007
-9.34419
-10.242
-11.1334
-12.0184
-12.8972
-13.7698
-14.6362
-15.4965
-16.3509
-17.1993
-18.0421
-18.8792
-19.7109
-20.5374
-21.3588
-22.1754
-22.9874
-23.7951
-24.5988
-25.3987
-26.1952
-26.9888
-27.7797
-28.5685
-29.3556
-30.1415
-30.9268
-31.712
-32.4979
-33.285
-34.074
-34.8658
-35.6612
-36.4609
-37.2659
-38.077
-38.8952
-39.7216
-40.557
-41.4024
-42.259
-43.1275
-44.009
-44.9043
-45.8142
-46.7392
-47.6798
-48.6362
-49.6084
-50.5958
-51.5977
-52.6126
-53.6387
-54.6734
-55.7134
-56.7549
-57.7931
-58.8226
-59.8376
-60.8316
-61.798
-62.7301
-63.6216
-64.4667
-65.2604
-65.9989
-66.6797
-67.3015
-67.8644
-68.3697
-68.8197
-69.2176
-69.5672
-69.8725
-70.1378
-70.3674
-70.5655
-70.736
-70.8823
-71.0078
-71.1155
-71.2078
-71.287
-71.355
-71.4137
-71.4643
-71.5081
-71.5462
-71.5795
-71.6086
-71.6343
-71.657
-71.6773
-71.6954
-71.7118
-71.7267
-71.7402
-71.7527
-71.7642
-71.7749
-71.7849
-71.7943
-71.8032
-71.8117
-71.8198
-71.8275
-71.8349
-71.8421
-71.8491
-71.8558
-71.8624
-71.8687
-71.875
-71.8811
-71.8871
-71.8929
-71.8986
-71.9043
-71.9098
-71.9153
-71.9206
-71.9259
-71.9311
-71.9362
-71.9412
-71.9462
-71.951
-71.9558
-71.9606
-71.9652
-71.9698
-71.9743
-71.9787
-71.983
-71.9873
-71.9915
-71.9956
-71.9997
-72.0036
-72.0075
-72.0114
-72.0151
-72.0187
-72.0223
-72.0258
-72.0292
-72.0326
-72.0358
-72.039
-72.0421
-72.0451
-72.0481
-72.0509
-72.0537
-72.0563
-72.0589
-72.0614
-72.0638
-72.0662
-72.0684
-72.0706
-72.0726
-72.0746
-72.0765
-72.0783
-72.08
-72.0816
-72.0831
-72.0846
-72.0859
-72.0871
-72.0883
-72.0894
-72.0903
-72.0912
-72.092
-72.0927
-72.0933
-72.0938
-72.0942
-72.0945
-72.0947
-72.0948
-72.0948
-72.0948
-72.0946
-72.0943
-72.094
-72.0935
-72.0929
-72.0923
-72.0915
-72.0907
-72.0897
-72.0887
-72.0875
-72.0863
-72.0849
-72.0835
-72.082
-72.0803
-72.0786
-72.0768
-72.0748
-72.0728
-72.0707
-72.0685
-72.0661
-72.0637
-72.0612
-72.0586
-72.0559
-72.0531
-72.0502
-72.0472
-72.044
-72.0408
-72.0375
-72.0341
-72.0306
-72.0271
-72.0234
-72.0196
-72.0157
-72.0117
-72.0076
-72.0035
-71.9992
-71.9948
-71.9904
-71.9858
-71.9812
-71.9764
-71.9716
-71.9666
-71.9616
-71.9565
-71.9513
-71.946
-71.9405
-71.935
-71.9295
-71.9238
-71.918
-71.9121
-71.9062
-71.9001
-71.8939
-71.8877
-71.8814
-71.875
-71.8684
-71.8618
-71.8552
-71.8484
-71.8415
-71.8346
-71.8275
-71.8204
-71.8131
-71.8058
-71.7984
-71.791
-71.7834
-71.7757
-71.768
-71.7602
-71.7522
-71.7442
-71.7362
-71.728
-71.7197
-71.7114
-71.703
-71.6945
-71.6859
-71.6773
-71.6685
-71.6597
-71.6508
-71.6418
-71.6327
-71.6236
-71.6144
-71.6051
-71.5957
-71.5862
-71.5767
-71.5671
-71.5574
-71.5476
-71.5378
-71.5279
-71.5179
-71.5078
-71.4977
-71.4875
-71.4772
-71.4669
-71.4564
-71.4459
-71.4354
-71.4247
-71.414
-71.4032
-71.3924
-71.3815
-71.3705
-71.3594
-71.3483
-71.3371
-71.3259
-71.3145
-71.3032
-71.2917
-71.2802
-71.2686
-71.257
-71.2453
-71.2335
-71.2217
-71.2098
-71.1978
-71.1858
-71.1737
-71.1616
-71.1494
-71.1371
-71.1248
-71.1124
-71.1
-71.0875
-71.075
-71.0624
-71.0497
-71.037
-71.0242
-71.0114
-70.9985
-70.9856
-70.9726
-70.9596
-70.9465
-70.9334
-70.9202
-70.907
-70.8937
-70.8803
-70.867
-70.8535
-70.8401
-70.8265
-70.813
-70.7993
-70.7857
-70.772
-70.7582
-70.7444
-70.7305
-70.7167
-70.7027
-70.6887
-70.6747
-70.6607
-70.6466
-70.6324
-70.6182
-70.604
-70.5898
-70.5755
-70.5611
-70.5468
-70.5323
-70.5179
-70.5034
-70.4889
-70.4743
-70.4597
-70.4451
-70.4305
-70.4158
-70.401
-70.3863
-70.3715
-70.3567
-70.3418
-70.3269
-70.312
-70.2971
-70.2821
-70.2671
-70.252
-70.237
-70.2219
-70.2068
-70.1916
-70.1765
-70.1613
-70.146
-70.1308
-70.1155
-70.1002
-70.0849
-70.0696
-70.0542
-70.0388
-70.0234
-70.008
-69.9925
-69.9771
-69.9616
-69.9461
-69.9305
-69.915
-69.8994
-69.8839
-69.8683
-69.8526
-69.837
-69.8213
-69.8057
-69.79
-69.7743
-69.7586
-69.7429
-69.7271
-69.7114
-69.6956
-69.6798
-69.664
-69.6482
-69.6324
-69.6166
-69.6007
-69.5849
-69.569
-69.5532
-69.5373
-69.5214
-69.5055
-69.4896
-69.4737
-69.4578
-69.4419
-69.426
-69.41
-69.3941
-69.3781
-69.3622
-69.3462
-69.3303
-69.3143
-69.2984
-69.2824
-69.2664
-69.2505
-69.2345
-69.2185
-69.2025
-69.1866
-69.1706
-69.1546
-69.1386
-69.1226
-69.1067
-69.0907
-69.0747
-69.0587
-69.0428
-69.0268
-69.0108
-68.8523
-68.6016
-68.2834
-67.9132
-67.5021
-67.0586
-66.5894
-66.1001
-65.5949
-65.0775
-64.5508
-64.0174
-63.4791
-62.9378
-62.3948
-61.8513
-61.3084
-60.7667
-60.2272
-59.6903
-59.1565
-58.6262
-58.0997
-57.5772
-57.0589
-56.5448
-56.035
-55.5294
-55.0278
-54.5302
-54.0362
-53.5455
-53.0578
-52.5725
-52.0892
-51.6073
-51.1261
-50.6449
-50.1627
-49.6787
-49.1919
-48.7011
-48.205
-47.7022
-47.1914
-46.6707
-46.1383
-45.5922
-45.0302
-44.4497
-43.8481
-43.2221
-42.5683
-41.8831
-41.1619
-40.4
-39.5921
-38.7318
-37.8125
-36.8262
-35.7643
-34.6167
-33.3725
-32.019
-30.5426
-28.9278
-27.1581
-25.2157
-23.0822
-20.7394
-18.1701
-15.3606
-12.3027
-8.99676
-5.45583
-1.70906
2.19526
6.18869
10.1845
14.0832
17.781
21.1811
24.2037
26.7945
28.9294
30.6127
31.8732
32.7559
33.314
33.6018
33.6696
33.5608
33.3112
32.9492
32.4967
31.9704
31.3829
30.7438
30.0606
29.339
28.5836
27.7982
26.9861
26.1501
25.2926
24.4159
23.5219
22.6125
21.6895
20.7545
19.8089
18.8541
17.8915
16.9223
15.9476
14.9686
13.9861
13.0012
12.0147
11.0274
10.04
9.05333
8.06789
7.0843
6.1031
5.12475
4.14971
3.17837
2.21109
1.24818
0.289935
-0.663399
-1.6116
-2.55448
-3.49187
-4.42364
-5.34967
-6.26987
-7.18418
-8.09253
-8.99489
-9.89125
-10.7816
-11.666
-12.5445
-13.417
-14.2838
-15.1447
-16
-16.8498
-17.6941
-18.5331
-19.367
-20.196
-21.0201
-21.8398
-22.6551
-23.4663
-24.2738
-25.0778
-25.8787
-26.6769
-27.4727
-28.2666
-29.0591
-29.8506
-30.6418
-31.4333
-32.2256
-33.0195
-33.8156
-34.6148
-35.4179
-36.2258
-37.0393
-37.8594
-38.6871
-39.5233
-40.3692
-41.2258
-42.094
-42.975
-43.8696
-44.7789
-45.7036
-46.6443
-47.6015
-48.5755
-49.5662
-50.5731
-51.5954
-52.6315
-53.6796
-54.7369
-55.7999
-56.8644
-57.9255
-58.9775
-60.014
-61.0283
-62.0134
-62.9623
-63.8683
-64.7255
-65.5289
-66.2746
-66.9603
-67.5848
-68.1485
-68.653
-69.1009
-69.4958
-69.8416
-70.1427
-70.4037
-70.6289
-70.8227
-70.9889
-71.1313
-71.2532
-71.3575
-71.4466
-71.523
-71.5885
-71.6448
-71.6933
-71.7353
-71.7716
-71.8033
-71.831
-71.8554
-71.8769
-71.8961
-71.9132
-71.9286
-71.9426
-71.9553
-71.9669
-71.9777
-71.9877
-71.997
-72.0057
-72.0139
-72.0218
-72.0292
-72.0363
-72.0431
-72.0497
-72.0561
-72.0622
-72.0682
-72.074
-72.0796
-72.0852
-72.0905
-72.0958
-72.101
-72.1061
-72.111
-72.1159
-72.1207
-72.1254
-72.13
-72.1345
-72.139
-72.1434
-72.1477
-72.1519
-72.156
-72.1601
-72.1641
-72.168
-72.1718
-72.1756
-72.1793
-72.1829
-72.1864
-72.1899
-72.1932
-72.1965
-72.1998
-72.2029
-72.206
-72.2089
-72.2118
-72.2147
-72.2174
-72.2201
-72.2226
-72.2251
-72.2276
-72.2299
-72.2321
-72.2343
-72.2364
-72.2383
-72.2402
-72.242
-72.2438
-72.2454
-72.247
-72.2484
-72.2498
-72.2511
-72.2523
-72.2534
-72.2544
-72.2553
-72.2561
-72.2569
-72.2575
-72.258
-72.2585
-72.2589
-72.2591
-72.2593
-72.2594
-72.2594
-72.2593
-72.2591
-72.2588
-72.2584
-72.2579
-72.2573
-72.2566
-72.2559
-72.255
-72.254
-72.253
-72.2518
-72.2505
-72.2492
-72.2477
-72.2462
-72.2445
-72.2428
-72.241
-72.239
-72.237
-72.2349
-72.2326
-72.2303
-72.2279
-72.2253
-72.2227
-72.22
-72.2172
-72.2143
-72.2113
-72.2082
-72.205
-72.2017
-72.1983
-72.1948
-72.1912
-72.1875
-72.1837
-72.1798
-72.1758
-72.1717
-72.1676
-72.1633
-72.1589
-72.1545
-72.1499
-72.1453
-72.1405
-72.1357
-72.1307
-72.1257
-72.1206
-72.1153
-72.11
-72.1046
-72.0991
-72.0935
-72.0878
-72.082
-72.0761
-72.0702
-72.0641
-72.0579
-72.0517
-72.0454
-72.0389
-72.0324
-72.0258
-72.0191
-72.0123
-72.0054
-71.9984
-71.9914
-71.9842
-71.977
-71.9696
-71.9622
-71.9547
-71.9471
-71.9394
-71.9317
-71.9238
-71.9159
-71.9078
-71.8997
-71.8915
-71.8832
-71.8749
-71.8664
-71.8579
-71.8493
-71.8406
-71.8318
-71.8229
-71.814
-71.8049
-71.7958
-71.7866
-71.7773
-71.768
-71.7586
-71.7491
-71.7395
-71.7298
-71.7201
-71.7102
-71.7003
-71.6904
-71.6803
-71.6702
-71.66
-71.6497
-71.6393
-71.6289
-71.6184
-71.6078
-71.5972
-71.5865
-71.5757
-71.5648
-71.5539
-71.5429
-71.5318
-71.5207
-71.5095
-71.4982
-71.4868
-71.4754
-71.4639
-71.4524
-71.4408
-71.4291
-71.4174
-71.4055
-71.3937
-71.3817
-71.3697
-71.3577
-71.3455
-71.3333
-71.3211
-71.3088
-71.2964
-71.284
-71.2715
-71.2589
-71.2463
-71.2336
-71.2209
-71.2081
-71.1953
-71.1824
-71.1694
-71.1564
-71.1433
-71.1302
-71.117
-71.1038
-71.0905
-71.0772
-71.0638
-71.0504
-71.0369
-71.0233
-71.0097
-70.9961
-70.9824
-70.9687
-70.9549
-70.9411
-70.9272
-70.9133
-70.8993
-70.8853
-70.8712
-70.8571
-70.8429
-70.8287
-70.8145
-70.8002
-70.7859
-70.7715
-70.7571
-70.7427
-70.7282
-70.7137
-70.6991
-70.6845
-70.6698
-70.6552
-70.6404
-70.6257
-70.6109
-70.596
-70.5812
-70.5663
-70.5513
-70.5364
-70.5214
-70.5063
-70.4913
-70.4762
-70.461
-70.4459
-70.4307
-70.4154
-70.4002
-70.3849
-70.3696
-70.3542
-70.3389
-70.3235
-70.308
-70.2926
-70.2771
-70.2616
-70.2461
-70.2305
-70.2149
-70.1993
-70.1837
-70.168
-70.1524
-70.1367
-70.121
-70.1052
-70.0895
-70.0737
-70.0579
-70.0421
-70.0262
-70.0104
-69.9945
-69.9786
-69.9627
-69.9467
-69.9308
-69.9148
-69.8989
-69.8829
-69.8669
-69.8508
-69.8348
-69.8187
-69.8027
-69.7866
-69.7705
-69.7544
-69.7383
-69.7222
-69.7061
-69.6899
-69.6738
-69.6576
-69.6414
-69.6252
-69.609
-69.5928
-69.5766
-69.5604
-69.5442
-69.528
-69.5117
-69.4955
-69.4793
-69.463
-69.4467
-69.4305
-69.4142
-69.398
-69.3817
-69.3654
-69.3492
-69.3329
-69.3166
-69.3003
-69.284
-69.2678
-69.2515
-69.2352
-69.2189
-69.2026
-69.1864
-69.1701
-69.1538
-69.1375
-69.1213
-69.105
-69.0887
-69.0725
-69.0562
-69.0399
-69.0237
-69.0074
-68.9912
-68.975
-68.9587
-68.9425
-68.9263
-68.9101
-68.8939
-68.8777
-68.8615
-68.8453
-68.8292
-68.813
-68.7968
-68.7807
-68.7646
-68.7484
-68.7323
-68.7162
-68.7001
-68.684
-68.668
-68.6519
-68.6358
-68.6198
-68.6038
-68.5878
-68.5717
-68.5558
-68.5398
-68.5238
-68.5079
-68.4919
-68.476
-68.4601
-68.4442
-68.4283
-68.4125
-68.3966
-68.3808
-68.365
-68.3492
-68.3334
-68.3177
-68.3019
-68.2862
-68.2705
-68.2548
-68.2391
-68.2234
-68.2078
-68.1922
-68.1766
-68.161
-68.1454
-68.1299
-68.1143
-68.0988
-68.0833
-68.0679
-68.0524
-68.037
-68.0216
-68.0062
-67.9909
-67.9755
-67.9602
-67.9449
-67.9296
-67.9144
-67.8992
-67.884
-67.8688
-67.8536
-67.8385
-67.8234
-67.8083
-67.7932
-67.7782
-67.7632
-67.608
-67.3618
-67.0489
-66.6843
-66.279
-65.8414
-65.3779
-64.894
-64.3939
-63.8812
-63.3587
-62.8289
-62.2938
-61.7549
-61.2136
-60.6712
-60.1284
-59.5861
-59.045
-58.5056
-57.9682
-57.4331
-56.9007
-56.371
-55.844
-55.3197
-54.798
-54.2787
-53.7615
-53.2461
-52.7319
-52.2185
-51.7053
-51.1914
-50.6761
-50.1585
-49.6374
-49.1117
-48.5801
-48.0411
-47.4931
-46.9342
-46.3623
-45.7753
-45.1705
-44.5451
-43.8961
-43.2197
-42.5121
-41.7687
-40.9844
-40.1535
-39.2696
-38.3251
-37.3118
-36.2201
-35.0393
-33.7571
-32.3596
-30.8315
-29.1555
-27.3125
-25.2823
-23.0432
-20.5737
-17.8536
-14.8661
-11.6011
-8.05933
-4.25676
-0.229783
3.96147
8.23228
12.4768
16.5763
20.4117
23.8777
26.8952
29.4193
31.4417
32.9857
34.098
34.8382
35.2693
35.4506
35.4338
35.2613
34.9664
34.5743
34.104
33.5696
32.9813
32.347
31.6727
30.963
30.2217
29.4519
28.6563
27.8373
26.9971
26.1377
25.2607
24.368
23.4611
22.5415
21.6107
20.6699
19.7204
18.7635
17.8001
16.8315
15.8585
14.8822
13.8829
12.8762
11.8688
10.8642
9.86431
8.87024
7.88282
6.90256
5.92986
4.96499
4.00818
3.05958
2.11932
1.1875
0.26417
-0.650623
-1.55686
-2.45454
-3.34369
-4.22433
-5.09651
-5.96029
-6.81574
-7.66293
-8.50196
-9.33292
-10.1559
-10.9711
-11.7785
-12.5783
-13.3706
-14.1556
-14.9334
-15.7041
-16.4679
-17.2251
-17.9756
-18.7198
-19.4578
-20.1898
-20.916
-21.6366
-22.3519
-23.0621
-23.7675
-24.4684
-25.165
-25.8577
-26.5468
-27.2326
-27.9156
-28.5961
-29.2745
-29.9514
-30.6272
-31.3023
-31.9774
-32.653
-33.3296
-34.008
-34.6886
-35.3723
-36.0597
-36.7515
-37.4484
-38.1512
-38.8605
-39.5771
-40.3017
-41.035
-41.7774
-42.5296
-43.2919
-44.0646
-44.8478
-45.6412
-46.4444
-47.2568
-48.0772
-48.904
-49.7352
-50.5685
-51.4008
-52.2286
-53.0482
-53.8552
-54.6451
-55.4134
-56.1555
-56.8671
-57.5442
-58.1836
-58.7825
-59.3393
-59.853
-60.3232
-60.7508
-61.137
-61.4835
-61.7929
-62.0676
-62.3106
-62.5245
-62.7124
-62.8771
-63.021
-63.1468
-63.2567
-63.3527
-63.4367
-63.5103
-63.575
-63.6321
-63.6827
-63.7277
-63.768
-63.8044
-63.8373
-63.8674
-63.8952
-63.9209
-63.945
-63.9677
-63.9893
-64.0099
-64.0298
-64.0491
-64.0679
-64.0864
-64.1045
-64.1224
-64.1403
-64.158
-64.1756
-64.1933
-64.211
-64.2288
-64.2466
-64.2646
-64.2826
-64.3008
-64.3191
-64.3376
-64.3562
-64.3749
-64.3938
-64.4129
-64.4321
-64.4515
-64.4711
-64.4908
-64.5107
-64.5307
-64.5509
-64.5712
-64.5917
-64.6123
-64.6331
-64.654
-64.675
-64.6961
-64.7174
-64.7388
-64.7603
-64.782
-64.8037
-64.8256
-64.8475
-64.8696
-64.8917
-64.9139
-64.9362
-64.9586
-64.9811
-65.0036
-65.0262
-65.0489
-65.0716
-65.0944
-65.1173
-65.1402
-65.1631
-65.1861
-65.2091
-65.2322
-65.2553
-65.2784
-65.3015
-65.3247
-65.3479
-65.3711
-65.3943
-65.4176
-65.4408
-65.464
-65.4873
-65.5105
-65.5337
-65.557
-65.5802
-65.6034
-65.6266
-65.6498
-65.6729
-65.696
-65.7191
-65.7422
-65.7652
-65.7882
-65.8112
-65.8342
-65.8571
-65.8799
-65.9027
-65.9255
-65.9482
-65.9709
-65.9935
-66.0161
-66.0386
-66.061
-66.0834
-66.1057
-66.128
-66.1502
-66.1724
-66.1944
-66.2164
-66.2384
-66.2602
-66.282
-66.3037
-66.3254
-66.3469
-66.3684
-66.3898
-66.4111
-66.4324
-66.4535
-66.4746
-66.4956
-66.5164
-66.5372
-66.558
-66.5786
-66.5991
-66.6195
-66.6399
-66.6601
-66.6803
-66.7003
-66.7203
-66.7402
-66.7599
-66.7796
-66.7991
-66.8186
-66.8379
-66.8572
-66.8763
-66.8954
-66.9143
-66.9331
-66.9519
-66.9705
-66.989
-67.0074
-67.0257
-67.0439
-67.0619
-67.0799
-67.0977
-67.1155
-67.1331
-67.1506
-67.168
-67.1853
-67.2024
-67.2195
-67.2364
-67.2533
-67.27
-67.2866
-67.303
-67.3194
-67.3356
-67.3518
-67.3678
-67.3836
-67.3994
-67.4151
-67.4306
-67.446
-67.4613
-67.4765
-67.4916
-67.5065
-67.5213
-67.536
-67.5506
-67.5651
-67.5794
-67.5936
-67.6077
-67.6217
-67.6356
-67.6493
-67.6629
-67.6764
-67.6898
-67.703
-67.7162
-67.7292
-67.7421
-67.7549
-67.7675
-67.7801
-67.7925
-67.8048
-67.8169
-67.829
-67.8409
-67.8527
-67.8644
-67.876
-67.8874
-67.8987
-67.91
-67.921
-67.932
-67.9429
-67.9536
-67.9642
-67.9747
-67.9851
-67.9953
-68.0054
-68.0155
-68.0253
-68.0351
-68.0448
-68.0543
-68.0637
-68.0731
-68.0822
-68.0913
-68.1003
-68.1091
-68.1178
-68.1264
-68.1349
-68.1433
-68.1515
-68.1597
-68.1677
-68.1756
-68.1834
-68.1911
-68.1986
-68.2061
-68.2134
-68.2207
-68.2278
-68.2348
-68.2416
-68.2484
-68.2551
-68.2616
-68.2681
-68.2744
-68.2806
-68.2867
-68.2927
-68.2986
-68.3044
-68.31
-68.3156
-68.321
-68.3264
-68.3316
-68.3367
-68.3417
-68.3466
-68.3515
-68.3561
-68.3607
-68.3652
-68.3696
-68.3739
-68.378
-68.3821
-68.3861
-68.3899
-68.3937
-68.3973
-68.4009
-68.4043
-68.4077
-68.4109
-68.4141
-68.4171
-68.42
-68.4229
-68.4256
-68.4283
-68.4308
-68.4333
-68.4356
-68.4379
-68.44
-68.4421
-68.444
-68.4459
-68.4477
-68.4493
-68.4509
-68.4524
-68.4538
-68.4551
-68.4563
-68.4574
-68.4584
-68.4593
-68.4602
-68.4609
-68.4616
-68.4621
-68.4626
-68.463
-68.4633
-68.4635
-68.4636
-68.4636
-68.4636
-68.4634
-68.4632
-68.4629
-68.4625
-68.462
-68.4614
-68.4608
-68.46
-68.4592
-68.4583
-68.4573
-68.4562
-68.4551
-68.4538
-68.4525
-68.4511
-68.4497
-68.4481
-68.4465
-68.4447
-68.443
-68.4411
-68.4391
-68.4371
-68.435
-68.4328
-68.4306
-68.4283
-68.4259
-68.4234
-68.4208
-68.4182
-68.4155
-68.4127
-68.4099
-68.407
-68.404
-68.401
-68.3978
-68.3946
-68.3914
-68.388
-68.3846
-68.3812
-68.3776
-68.374
-68.3703
-68.3666
-68.3628
-68.3589
-68.355
-68.351
-68.3469
-68.3428
-68.3386
-68.3344
-68.33
-68.3257
-68.3212
-68.3167
-68.3122
-68.3075
-68.3028
-68.2981
-68.2933
-68.2884
-68.2835
-68.2786
-68.2735
-68.2684
-68.2633
-68.2581
-68.2528
-68.2475
-68.2422
-68.2367
-68.2313
-68.2257
-68.2202
-68.2145
-68.2088
-68.2031
-68.1973
-68.1915
-68.1856
-68.1797
-68.1737
-68.1676
-68.1616
-68.1554
-68.1492
-68.143
-68.1367
-68.1304
-68.1241
-68.1176
-68.1112
-68.1047
-68.0981
-68.0916
-68.0849
-68.0782
-68.0715
-68.0648
-68.058
-68.0511
-68.0442
-68.0373
-68.0303
-68.0233
-68.0163
-68.0092
-68.0021
-67.9949
-67.9877
-67.9805
-67.9732
-67.9659
-67.9585
-67.9511
-67.9437
-67.9362
-67.9288
-67.9212
-67.9137
-67.9061
-67.8985
-67.8908
-67.8831
-67.8754
-67.8676
-67.8598
-67.852
-67.8442
-67.8363
-67.8284
-67.8205
-67.8125
-67.8045
-67.7965
-67.7884
-67.7803
-67.7722
-67.7641
-67.7559
-67.7478
-67.7395
-67.7313
-67.723
-67.7148
-67.7064
-67.6981
-67.6898
-67.6814
-67.673
-67.6645
-67.6561
-67.6476
-67.6391
-67.6306
-67.6221
-67.6135
-67.6049
-67.5963
-67.5877
-67.5791
-67.5704
-67.5617
-67.5531
-67.5443
-67.5356
-67.5269
-67.5181
-67.5093
-67.5005
-67.4917
-67.4829
-67.4741
-67.4652
-67.4564
-67.4475
-67.4386
-67.4297
-67.4207
-67.4118
-67.4029
-67.3939
-67.3849
-67.3759
-67.3669
-67.3579
-67.3489
-67.3399
-67.3308
-67.3218
-67.3127
-67.3037
-67.2946
-67.2855
-67.2764
-67.2673
-67.2582
-67.2491
-67.2399
-67.2308
-67.2216
-67.2125
-67.2033
-67.1942
-67.185
-67.1758
-67.1666
-67.1575
-67.1483
-67.1391
-67.1299
-67.1207
-67.1115
-67.1023
-67.093
-67.0838
-67.0746
-67.0654
-67.0562
-67.0469
-67.0377
-67.0285
-67.0193
-67.01
-67.0008
-66.9916
-66.9824
-66.9731
-66.9639
-66.9547
-66.9455
-66.9362
-66.927
-66.9178
-66.9086
-66.8994
-66.8902
-66.8809
-66.8717
-66.8625
-66.8533
-66.8441
-66.8349
-66.8257
-66.8165
-66.8074
-66.7982
-66.789
-66.7798
-66.7707
-66.7615
-66.7524
-66.7432
-66.7341
-66.7249
-66.7158
-66.7067
-66.6975
-66.6884
-66.6793
-66.6702
-66.6611
-66.6521
-66.643
-66.6339
-66.6249
-66.6158
-66.6068
-66.5978
-66.5887
-66.5797
-66.5707
-66.5617
-66.5528
-66.5438
-66.5348
-66.5259
-66.517
-66.508
-66.4991
-66.4902
-66.4813
-66.4725
-66.4636
-66.4547
-66.4459
-66.4371
-66.4283
-66.4195
-66.4107
-66.4019
-66.3931
-66.3844
-66.3756
-66.3669
-66.3582
-66.3495
-66.3408
-66.3322
-66.3235
-66.3149
-66.3062
-66.2976
-66.289
-66.2805
-66.2719
-66.2633
-66.2548
-66.2463
-66.2378
-66.2293
-66.2208
-66.2124
-66.2039
-66.1955
-66.1871
-66.1787
-66.1704
-66.162
-66.1537
-66.1453
-66.137
-66.1288
-66.1205
-66.1123
-66.104
-66.0958
-66.0876
-66.0795
-66.0713
-66.0632
-66.0551
-66.047
-66.0389
-66.0309
-66.0228
-66.0148
-66.0068
-65.9989
-65.9909
-65.983
-65.9751
-65.9672
-65.9593
-65.9515
-65.9437
-65.9359
-65.9281
-65.9203
-65.9126
-65.9049
-65.8972
-65.8895
-65.8818
-65.8742
-65.8666
-65.859
-65.8514
-65.8439
-65.8363
-65.8288
-65.8214
-65.8139
-65.8065
-65.799
-65.7917
-65.7843
-65.7769
-65.7696
-65.7623
-65.755
-65.7478
-65.7405
-65.7333
-65.7262
-65.719
-65.7119
-65.7047
-65.6977
-65.6906
-65.6836
-65.6765
-65.6695
-65.6626
-65.6556
-65.6487
-65.6418
-65.635
-65.6281
-65.6213
-65.6145
-65.6078
-65.601
-65.5943
-65.5876
-65.581
-65.5743
-65.5677
-65.5611
-65.5546
-65.548
-65.5415
-65.5351
-65.5286
-65.5222
-65.5158
-65.5094
-65.5031
-65.4968
-65.4905
-65.4842
-65.478
-65.4718
-65.4656
-65.4595
-65.4533
-65.4472
-65.4412
-65.4351
-65.4291
-65.4231
-65.4171
-65.4112
-65.4053
-65.3994
-65.3935
-65.3877
-65.3819
-65.3761
-65.3704
-65.3646
-65.3589
-65.3533
-65.3476
-65.342
-65.3364
-65.3308
-65.3253
-65.3198
-65.3143
-65.3089
-65.3035
-65.2981
-65.2927
-65.2873
-65.282
-65.2768
-65.2715
-65.2663
-65.2611
-65.2559
-65.2507
-65.2456
-65.2405
-65.2355
-65.2305
-65.2255
-65.2205
-65.2155
-65.2106
-65.2057
-65.2009
-65.196
-65.1912
-65.1865
-65.1817
-65.177
-65.1723
-65.1677
-65.163
-65.1584
-65.1539
-65.1493
-65.1448
-65.1403
-65.1359
-65.1314
-65.127
-65.1227
-65.1183
-65.114
-65.1097
-65.1055
-65.1013
-65.0971
-65.0929
-65.0888
-65.0847
-65.0806
-65.0765
-65.0725
-65.0685
-64.9298
-64.7034
-64.4125
-64.0716
-63.691
-63.2788
-62.841
-62.3829
-61.9085
-61.4211
-60.9234
-60.4176
-59.9056
-59.3888
-58.8685
-58.3457
-57.8211
-57.2954
-56.7691
-56.2424
-55.7156
-55.1889
-54.6621
-54.1353
-53.6082
-53.0804
-52.5515
-52.0211
-51.4884
-50.9527
-50.4131
-49.8685
-49.3177
-48.7595
-48.1922
-47.6141
-47.0234
-46.4177
-45.7947
-45.1515
-44.485
-43.7917
-43.0676
-42.3082
-41.5083
-40.6622
-39.7631
-38.8035
-37.7748
-36.6672
-35.4695
-34.1688
-32.7507
-31.1987
-29.4946
-27.6178
-25.5462
-23.2563
-20.7242
-17.927
-14.8453
-11.4669
-7.79122
-3.83498
0.362144
4.73313
9.18275
13.5919
17.8281
21.7604
25.2768
28.2981
30.786
32.7433
34.2062
35.2334
35.8934
36.2549
36.3797
36.3195
36.1156
35.7993
35.3941
34.9171
34.3806
33.794
33.164
32.4959
31.7936
31.0607
30.3
29.5138
28.7044
27.8738
27.0238
26.1561
25.2725
24.3743
23.4631
22.5402
21.6069
20.6645
19.7141
18.7569
17.7939
16.8261
15.8544
14.8798
13.903
12.9248
11.9459
10.967
9.98875
9.01168
8.03634
7.06322
6.09276
5.12537
4.16142
3.20124
2.24515
1.29341
0.346255
-0.596093
-1.53345
-2.46565
-3.39257
-4.31409
-5.23011
-6.14056
-7.04539
-7.94454
-8.838
-9.72577
-10.6079
-11.4843
-12.3551
-13.2203
-14.0801
-14.9344
-15.7833
-16.6271
-17.4657
-18.2994
-19.1282
-19.9525
-20.7722
-21.5878
-22.3993
-23.2071
-24.0114
-24.8126
-25.611
-26.4069
-27.2008
-27.9931
-28.7842
-29.5748
-30.3653
-31.1563
-31.9485
-32.7427
-33.5394
-34.3396
-35.144
-35.9536
-36.7692
-37.5919
-38.4226
-39.2624
-40.1123
-40.9735
-41.847
-42.7339
-43.6352
-44.5518
-45.4846
-46.4342
-47.4013
-48.3859
-49.3881
-50.4073
-51.4425
-52.4923
-53.5545
-54.6261
-55.7034
-56.782
-57.8564
-58.9206
-59.9679
-60.9911
-61.9828
-62.9358
-63.8433
-64.6991
-65.4985
-66.2377
-66.9147
-67.5288
-68.0807
-68.5726
-69.0075
-69.3892
-69.7222
-70.011
-70.2604
-70.4748
-70.6587
-70.8161
-70.9505
-71.0652
-71.1632
-71.2468
-71.3184
-71.3798
-71.4325
-71.4779
-71.5172
-71.5513
-71.5811
-71.6073
-71.6303
-71.6508
-71.6691
-71.6855
-71.7004
-71.7139
-71.7263
-71.7378
-71.7484
-71.7584
-71.7677
-71.7766
-71.785
-71.793
-71.8007
-71.8081
-71.8152
-71.8222
-71.8289
-71.8354
-71.8418
-71.8481
-71.8542
-71.8602
-71.8661
-71.8719
-71.8776
-71.8832
-71.8887
-71.8941
-71.8995
-71.9047
-71.9099
-71.9151
-71.9201
-71.9251
-71.93
-71.9349
-71.9396
-71.9443
-71.949
-71.9535
-71.958
-71.9624
-71.9668
-71.9711
-71.9753
-71.9794
-71.9835
-71.9875
-71.9914
-71.9952
-71.999
-72.0027
-72.0063
-72.0098
-72.0133
-72.0167
-72.02
-72.0232
-72.0263
-72.0294
-72.0324
-72.0353
-72.0381
-72.0408
-72.0435
-72.046
-72.0485
-72.0509
-72.0532
-72.0554
-72.0575
-72.0596
-72.0615
-72.0634
-72.0652
-72.0669
-72.0685
-72.07
-72.0714
-72.0727
-72.074
-72.0751
-72.0762
-72.0771
-72.078
-72.0788
-72.0795
-72.08
-72.0805
-72.0809
-72.0812
-72.0814
-72.0816
-72.0816
-72.0815
-72.0813
-72.0811
-72.0807
-72.0802
-72.0797
-72.079
-72.0783
-72.0774
-72.0765
-72.0754
-72.0743
-72.0731
-72.0717
-72.0703
-72.0688
-72.0672
-72.0654
-72.0636
-72.0617
-72.0597
-72.0576
-72.0554
-72.053
-72.0506
-72.0481
-72.0455
-72.0428
-72.04
-72.0371
-72.0342
-72.0311
-72.0279
-72.0246
-72.0212
-72.0177
-72.0142
-72.0105
-72.0067
-72.0029
-71.9989
-71.9949
-71.9907
-71.9865
-71.9821
-71.9777
-71.9732
-71.9685
-71.9638
-71.959
-71.9541
-71.9491
-71.944
-71.9388
-71.9335
-71.9281
-71.9226
-71.9171
-71.9114
-71.9057
-71.8998
-71.8939
-71.8879
-71.8818
-71.8755
-71.8692
-71.8629
-71.8564
-71.8498
-71.8431
-71.8364
-71.8296
-71.8226
-71.6705
-71.427
-71.1186
-70.7617
-70.3679
-69.9461
-69.5032
-69.0446
-68.5746
-68.0968
-67.614
-67.1286
-66.6424
-66.1571
-65.674
-65.1942
-64.7185
-64.2478
-63.7827
-63.3237
-62.8713
-62.4259
-61.9877
-61.557
-61.134
-60.7189
-60.3116
-59.9125
-59.5213
-59.1383
-58.7632
-58.3962
-58.0372
-57.686
-57.3425
-57.0067
-56.6784
-56.3575
-56.0438
-55.737
-55.4372
-55.144
-54.8572
-54.5767
-54.3023
-54.0337
-53.7706
-53.513
-53.2605
-53.0128
-52.7699
-52.5314
-52.2971
-52.0668
-51.8402
-51.617
-51.3971
-51.1801
-50.9659
-50.7542
-50.5447
-50.3372
-50.1315
-49.9272
-49.7243
-49.5223
-49.321
-49.1202
-48.9197
-48.7191
-48.5182
-48.3167
-48.1143
-47.9107
-47.7057
-47.4988
-47.2899
-47.0786
-46.8644
-46.6471
-46.4263
-46.2016
-45.9725
-45.7386
-45.4994
-45.2545
-45.0032
-44.7451
-44.4795
-44.2058
-43.9232
-43.6311
-43.3285
-43.0146
-42.6885
-42.3491
-41.9953
-41.6259
-41.2396
-40.835
-40.4104
-39.9642
-39.4944
-38.9992
-38.4762
-37.9231
-37.3372
-36.7156
-36.0552
-35.3527
-34.6042
-33.8059
-32.9535
-32.0423
-31.0676
-30.0242
-28.9066
-27.7095
-26.4273
-25.0546
-23.5429
-21.9119
-20.1704
-18.3233
-16.3755
-14.3324
-12.2018
-9.99367
-7.72164
-5.40297
-3.05884
-0.714382
1.60179
3.85832
6.02223
8.06046
9.94174
11.6385
13.129
14.3985
15.44
16.2548
16.851
17.2421
17.4459
17.482
17.3704
17.131
16.7816
16.3389
15.8169
15.2282
14.5832
13.891
13.1589
12.3935
11.6001
10.7834
9.94718
9.09493
8.22956
7.35361
6.46932
5.57864
4.6833
3.78481
2.88452
1.98361
1.08315
0.18407
-0.712817
-1.60678
-2.49717
-3.38344
-4.26509
-5.14169
-6.01288
-6.87833
-7.73778
-8.59101
-9.43781
-10.278
-11.1116
-11.9383
-12.7582
-13.5712
-14.3773
-15.1765
-15.9688
-16.7542
-17.5328
-18.3048
-19.0701
-19.8289
-20.5813
-21.3275
-22.0675
-22.8017
-23.5301
-24.253
-24.9706
-25.6832
-26.3909
-27.0942
-27.7933
-28.4885
-29.1801
-29.8687
-30.5544
-31.2378
-31.9194
-32.5995
-33.2787
-33.9574
-34.6363
-35.3159
-35.9968
-36.6795
-37.3648
-38.0533
-38.7455
-39.4422
-40.1441
-40.8518
-41.5659
-42.2871
-43.0159
-43.7528
-44.4983
-45.2526
-46.0161
-46.7887
-47.5703
-48.3605
-49.1587
-49.9638
-50.7745
-51.5892
-52.4057
-53.2213
-54.0332
-54.8378
-55.6315
-56.4102
-57.1696
-57.9056
-58.6141
-59.2912
-59.9335
-60.5383
-61.1036
-61.6279
-62.1107
-62.5524
-62.9536
-63.3161
-63.6416
-63.9326
-64.1917
-64.4216
-64.6249
-64.8045
-64.9629
-65.1024
-65.2255
-65.334
-65.43
-65.5151
-65.5907
-65.6582
-65.7186
-65.7731
-65.8224
-65.8673
-65.9084
-65.9463
-65.9815
-66.0143
-66.0451
-66.0743
-66.102
-66.1285
-66.1539
-66.1785
-66.2023
-66.2255
-66.2482
-66.2704
-66.2922
-66.3137
-66.3349
-66.3559
-66.3767
-66.3974
-66.4179
-66.4383
-66.4586
-66.4788
-66.499
-66.5191
-66.5392
-66.5592
-66.5792
-66.5992
-66.6192
-66.6392
-66.6591
-66.6791
-66.699
-66.7189
-66.7388
-66.7587
-66.7786
-66.7985
-66.8183
-66.8382
-66.8581
-66.8779
-66.8977
-66.9175
-66.9373
-66.957
-66.9768
-66.9965
-67.0162
-67.0358
-67.0555
-67.0751
-67.0946
-67.1142
-67.1337
-67.1531
-67.1725
-67.1919
-67.2112
-67.2305
-67.2498
-67.2689
-67.2881
-67.3072
-67.3262
-67.3451
-67.3641
-67.3829
-67.4017
-67.4204
-67.4391
-67.4577
-67.4762
-67.4947
-67.513
-67.5314
-67.5496
-67.5678
-67.456
-67.267
-67.0265
-66.7497
-66.4472
-66.1268
-65.794
-65.4532
-65.1078
-64.7604
-64.413
-64.0672
-63.7242
-63.3851
-63.0506
-62.7213
-62.3977
-62.0802
-61.769
-61.4645
-61.1667
-60.8758
-60.5918
-60.3148
-60.0448
-59.7817
-59.5256
-59.2764
-59.034
-58.7983
-58.5693
-58.3468
-58.1307
-57.921
-57.7174
-57.52
-57.3285
-57.1428
-56.9629
-56.7885
-56.6196
-56.4561
-56.2977
-56.1444
-55.9961
-55.8527
-55.7139
-55.5798
-55.4502
-55.3249
-55.2039
-55.0871
-54.9744
-54.8656
-54.7607
-54.6596
-54.5621
-54.4683
-54.3779
-54.291
-54.2074
-54.1271
-54.05
-53.976
-53.905
-53.8371
-53.772
-53.7098
-53.6503
-53.5937
-53.5396
-53.4883
-53.4394
-53.293
-53.0909
-52.8531
-52.5912
-52.3131
-52.0242
-51.7286
-51.4293
-51.1284
-50.8276
-50.5281
-50.231
-49.9367
-49.646
-49.359
-49.0761
-48.7974
-48.523
-48.2529
-47.9872
-47.7258
-47.4687
-47.2156
-46.9666
-46.7215
-46.4801
-46.2424
-46.0081
-45.777
-45.5491
-45.3241
-45.1019
-44.8823
-44.665
-44.45
-44.237
-44.0258
-43.8163
-43.6083
-43.4017
-43.1961
-42.9915
-42.7876
-42.5843
-42.3815
-42.1788
-41.9763
-41.7735
-41.5705
-41.367
-41.1628
-40.9578
-40.7517
-40.5444
-40.3356
-40.1253
-39.9131
-39.6989
-39.4825
-39.2637
-39.0422
-38.8178
-38.5903
-38.3595
-38.0571
-37.7139
-37.3436
-36.9538
-36.549
-36.132
-35.7048
-35.2684
-34.8236
-34.3708
-33.91
-33.4412
-32.9644
-32.4791
-31.9853
-31.4824
-30.9701
-30.448
-29.9157
-29.3728
-28.8188
-28.2534
-27.676
-27.0862
-26.4836
-25.8679
-25.2386
-24.5953
-23.9378
-23.2656
-22.5786
-21.8764
-21.1588
-20.4256
-19.6768
-18.9123
-18.1323
-17.3368
-16.5263
-15.7015
-14.8631
-14.0124
-13.1512
-12.2816
-11.4067
-10.5303
-9.65701
-8.79257
-7.94378
-7.11844
-6.32522
-5.57344
-4.87267
-4.2323
-3.66104
-3.16639
-2.7543
-2.42883
-2.19204
-2.04402
-1.98303
-2.00583
-2.10795
-2.28408
-2.52837
-2.83472
-3.19704
-3.60937
-4.06609
-4.5619
-5.09195
-5.6518
-6.23742
-6.84521
-7.4719
-8.11462
-8.77077
-9.43805
-10.1144
-10.7981
-11.4874
-12.1809

