-65
-64.9994
-64.9988
-64.9982
-64.9977
-64.9971
-64.9965
-64.996
-64.9954
-64.9949
-64.9943
-64.9938
-64.9932
-64.9927
-64.9922
-64.9917
-64.9912
-64.9906
-64.9901
-64.9896
-64.9891
-64.9886
-64.9881
-64.9876
-64.9872
-64.9867
-64.9862
-64.9857
-64.9852
-64.9848
-64.9843
-64.9838
-64.9834
-64.9829
-64.9825
-64.982
-64.9816
-64.9811
-64.9807
-64.9802
-64.9798
-64.9794
-64.9789
-64.9785
-64.9781
-64.9777
-64.9772
-64.9768
-64.9764
-64.976
-64.9756
-64.9752
-64.9748
-64.9744
-64.974
-64.9736
-64.9732
-64.9728
-64.9725
-64.9721
-64.9717
-64.9713
-64.971
-64.9706
-64.9702
-64.9699
-64.9695
-64.9692
-64.9688
-64.9685
-64.9681
-64.9678
-64.9675
-64.9671
-64.9668
-64.9665
-64.9661
-64.9658
-64.9655
-64.9652
-64.9649
-64.9646
-64.9642
-64.9639
-64.9636
-64.9633
-64.963
-64.9628
-64.9625
-64.9622
-64.9619
-64.9616
-64.9613
-64.9611
-64.9608
-64.9605
-64.9603
-64.96
-64.9598
-64.9595
-64.9592
-64.959
-64.9588
-64.9585
-64.9583
-64.958
-64.9578
-64.9576
-64.9573
-64.9571
-64.9569
-64.9567
-64.9565
-64.9562
-64.956
-64.9558
-64.9556
-64.9554
-64.9552
-64.955
-64.9548
-64.9546
-64.9545
-64.9543
-64.9541
-64.9539
-64.9537
-64.9536
-64.9534
-64.9532
-64.9531
-64.9529
-64.9527
-64.9526
-64.9524
-64.9523
-64.9521
-64.952
-64.9519
-64.9517
-64.9516
-64.9514
-64.9513
-64.9512
-64.9511
-64.9509
-64.9508
-64.9507
-64.9506
-64.9505
-64.9504
-64.9503
-64.9502
-64.95
-64.9499
-64.9499
-64.9498
-64.9497
-64.9496
-64.9495
-64.9494
-64.9493
-64.9492
-64.9492
-64.9491
-64.949
-64.9489
-64.9489
-64.9488
-64.9487
-64.9487
-64.9486
-64.9486
-64.9485
-64.9485
-64.9484
-64.9484
-64.9483
-64.9483
-64.9482
-64.9482
-64.9482
-64.9481
-64.9481
-64.9481
-64.948
-64.948
-64.948
-64.948
-64.948
-64.9479
-64.9479
-64.9479
-64.9479
-64.9479
-64.9479
-64.9479
-64.9479
-64.9479
-64.9479
-64.9479
-64.9479
-64.9479
-64.9479
-64.9479
-64.9479
-64.9479
-64.9479
-64.948
-64.948
-64.948
-64.948
-64.9481
-64.9481
-64.9481
-64.9481
-64.9482
-64.9482
-64.9482
-64.9483
-64.9483
-64.9483
-64.9484
-64.9484
-64.9485
-64.9485
-64.9486
-64.9486
-64.9487
-64.9487
-64.9488
-64.9488
-64.9489
-64.9489
-64.949
-64.9491
-64.9491
-64.9492
-64.9492
-64.9493
-64.9494
-64.9494
-64.9495
-64.9496
-64.9497
-64.9497
-64.9498
-64.9499
-64.95
-64.95
-64.9501
-64.9502
-64.9503
-64.9504
-64.9504
-64.9505
-64.9506
-64.9507
-64.9508
-64.9509
-64.951
-64.951
-64.9511
-64.9512
-64.9513
-64.9514
-64.9515
-64.9516
-64.9517
-64.9518
-64.9519
-64.952
-64.9521
-64.9522
-64.9523
-64.9524
-64.9525
-64.9526
-64.9527
-64.9528
-64.9529
-64.953
-64.9532
-64.9533
-64.9534
-64.9535
-64.9536
-64.9537
-64.9538
-64.9539
-64.954
-64.9542
-64.9543
-64.9544
-64.9545
-64.9546
-64.9547
-64.9548
-64.955
-64.9551
-64.9552
-64.9553
-64.9554
-64.9556
-64.9557
-64.9558
-64.9559
-64.956
-64.9562
-64.9563
-64.9564
-64.9565
-64.9566
-64.9568
-64.9569
-64.957
-64.9571
-64.9573
-64.9574
-64.9575
-64.9576
-64.9578
-64.9579
-64.958
-64.9581
-64.9583
-64.9584
-64.9585
-64.9587
-64.9588
-64.9589
-64.959
-64.9592
-64.9593
-64.9594
-64.9595
-64.9597
-64.9598
-64.9599
-64.96
-64.9602
-64.9603
-64.9604
-64.9606
-64.9607
-64.9608
-64.9609
-64.9611
-64.9612
-64.9613
-64.9614
-64.9616
-64.9617
-64.9618
-64.962
-64.9621
-64.9622
-64.9623
-64.9625
-64.9626
-64.9627
-64.9628
-64.963
-64.9631
-64.9632
-64.9633
-64.9635
-64.9636
-64.9637
-64.9638
-64.964
-64.9641
-64.9642
-64.9643
-64.9645
-64.9646
-64.9647
-64.9648
-64.9649
-64.9651
-64.9652
-64.9653
-64.9654
-64.9655
-64.9657
-64.9658
-64.9659
-64.966
-64.9661
-64.9663
-64.9664
-64.9665
-64.9666
-64.9667
-64.9668
-64.967
-64.9671
-64.9672
-64.9673
-64.9674
-64.9675
-64.9677
-64.9678
-64.9679
-64.968
-64.9681
-64.9682
-64.9683
-64.9684
-64.9685
-64.9687
-64.9688
-64.9689
-64.969
-64.9691
-64.9692
-64.9693
-64.9694
-64.9695
-64.9696
-64.9697
-64.9698
-64.9699
-64.97
-64.9701
-64.9702
-64.9703
-64.9704
-64.9705
-64.9706
-64.9707
-64.9708
-64.9709
-64.971
-64.9711
-64.9712
-64.9713
-64.9714
-64.9715
-64.9716
-64.9717
-64.9718
-64.9719
-64.972
-64.9721
-64.9722
-64.9722
-64.9723
-64.9724
-64.9725
-64.9726
-64.9727
-64.9728
-64.9729
-64.9729
-64.973
-64.9731
-64.9732
-64.9733
-64.9734
-64.9734
-64.9735
-64.9736
-64.9737
-64.9738
-64.9738
-64.9739
-64.974
-64.9741
-64.9741
-64.9742
-64.9743
-64.9744
-64.9744
-64.9745
-64.9746
-64.9747
-64.9747
-64.9748
-64.9749
-64.9749
-64.975
-64.9751
-64.9751
-64.9752
-64.9753
-64.9753
-64.9754
-64.9755
-64.9755
-64.9756
-64.9757
-64.9757
-64.9758
-64.9758
-64.9759
-64.976
-64.976
-64.9761
-64.9761
-64.9762
-64.9762
-64.9763
-64.9764
-64.9764
-64.9765
-64.9765
-64.9766
-64.9766
-64.9767
-64.9767
-64.9768
-64.9768
-64.9769
-64.9769
-64.977
-64.977
-64.9771
-64.9771
-64.9771
-64.9772
-64.9772
-64.9773
-64.9773
-64.9774
-64.9774
-64.9774
-64.9775
-64.9775
-64.9776
-64.9776
-64.9776
-64.9777
-64.9777
-64.9778
-64.9778
-64.9778
-64.9779
-64.9779
-64.9779
-64.978
-64.978
-64.978
-64.9781
-64.9781
-64.9781
-64.9781
-64.9782
-64.9782
-64.9782
-64.9783
-64.9783
-64.9783
-64.9783
-64.9784
-64.9784
-64.9784
-64.9784
-64.9785
-64.9785
-64.9785
-64.9785
-64.9785
-64.9786
-64.9786
-64.9786
-64.9786
-64.9786
-64.9787
-64.9787
-64.9787
-64.9787
-64.9787
-64.9787
-64.9787
-64.9788
-64.9788
-64.9788
-64.9788
-64.9788
-64.9788
-64.9788
-64.9789
-64.9789
-64.9789
-64.9789
-64.9789
-64.9789
-64.9789
-64.9789
-64.9789
-64.9789
-64.9789
-64.9789
-64.9789
-64.979
-64.979
-64.979
-64.979
-64.979
-64.979
-64.979
-64.979
-64.979
-64.979
-64.979
-64.979
-64.979
-64.979
-64.979
-64.979
-64.979
-64.979
-64.979
-64.979
-64.979
-64.979
-64.979
-64.979
-64.979
-64.979
-64.979
-64.9789
-64.9789
-64.9789
-64.9789
-64.9789
-64.9789
-64.9789
-64.9789
-64.9789
-64.9789
-64.9789
-64.9789
-64.9789
-64.9789
-64.9788
-64.9788
-64.9788
-64.9788
-64.9788
-64.9788
-64.9788
-64.9788
-64.9788
-64.9787
-64.9787
-64.9787
-64.9787
-64.9787
-64.9787
-64.9787
-64.9787
-64.9786
-64.9786
-64.9786
-64.9786
-64.9786
-64.9786
-64.9786
-64.9785
-64.9785
-64.9785
-64.9785
-64.9785
-64.9785
-64.9784
-64.9784
-64.9784
-64.9784
-64.9784
-64.9783
-64.9783
-64.9783
-64.9783
-64.9783
-64.9783
-64.9782
-64.9782
-64.9782
-64.9782
-64.9782
-64.9781
-64.9781
-64.9781
-64.9781
-64.9781
-64.978
-64.978
-64.978
-64.978
-64.9779
-64.9779
-64.9779
-64.9779
-64.9779
-64.9778
-64.9778
-64.9778
-64.9778
-64.9778
-64.9777
-64.9777
-64.9777
-64.9777
-64.9776
-64.9776
-64.9776
-64.9776
-64.9775
-64.9775
-64.9775
-64.9775
-64.9774
-64.9774
-64.9774
-64.9774
-64.9774
-64.9773
-64.9773
-64.9773
-64.9773
-64.9772
-64.9772
-64.9772
-64.9772
-64.9771
-64.9771
-64.9771
-64.9771
-64.977
-64.977
-64.977
-64.977
-64.9769
-64.9769
-64.9769
-64.9769
-64.9768
-64.9768
-64.9768
-64.9768
-64.9767
-64.9767
-64.9767
-64.9767
-64.9766
-64.9766
-64.9766
-64.9766
-64.9765
-64.9765
-64.9765
-64.9765
-64.9764
-64.9764
-64.9764
-64.9764
-64.9763
-64.9763
-64.9763
-64.9763
-64.9762
-64.9762
-64.9762
-64.9762
-64.9761
-64.9761
-64.9761
-64.9761
-64.976
-64.976
-64.976
-64.976
-64.9759
-64.9759
-64.9759
-64.9759
-64.9758
-64.9758
-64.9758
-64.9758
-64.9757
-64.9757
-64.9757
-64.9757
-64.9756
-64.9756
-64.9756
-64.9756
-64.9755
-64.9755
-64.9755
-64.9755
-64.9754
-64.9754
-64.9754
-64.9754
-64.9753
-64.9753
-64.9753
-64.9753
-64.9753
-64.9752
-64.9752
-64.9752
-64.9752
-64.9751
-64.9751
-64.9751
-64.9751
-64.975
-64.975
-64.975
-64.975
-64.975
-64.9749
-64.9749
-64.9749
-64.9749
-64.9748
-64.9748
-64.9748
-64.9748
-64.9748
-64.9747
-64.9747
-64.9747
-64.9747
-64.9747
-64.9746
-64.9746
-64.9746
-64.9746
-64.9746
-64.9745
-64.9745
-64.9745
-64.9745
-64.9745
-64.9744
-64.9744
-64.9744
-64.9744
-64.9744
-64.9743
-64.9743
-64.9743
-64.9743
-64.9743
-64.9742
-64.9742
-64.9742
-64.9742
-64.9742
-64.9742
-64.9741
-64.9741
-64.9741
-64.9741
-64.9741
-64.9741
-64.974
-64.974
-64.974
-64.974
-64.974
-64.974
-64.9739
-64.9739
-64.9739
-64.9739
-64.9739
-64.9739
-64.9738
-64.9738
-64.9738
-64.9738
-64.9738
-64.9738
-64.9737
-64.9737
-64.9737
-64.9737
-64.9737
-64.9737
-64.9737
-64.9736
-64.9736
-64.9736
-64.9736
-64.9736
-64.9736
-64.9736
-64.9736
-64.9735
-64.9735
-64.9735
-64.9735
-64.9735
-64.9735
-64.9735
-64.9735
-64.9734
-64.9734
-64.9734
-64.9734
-64.9734
-64.9734
-64.9734
-64.9734
-64.9733
-64.9733
-64.9733
-64.9733
-64.9733
-64.9733
-64.9733
-64.9733
-64.9733
-64.9733
-64.9732
-64.9732
-64.9732
-64.9732
-64.9732
-64.9732
-64.9732
-64.9732
-64.9732
-64.9732
-64.9732
-64.9731
-64.9731
-64.9731
-64.9731
-64.9731
-64.9731
-64.9731
-64.9731
-64.9731
-64.9731
-64.9731
-64.9731
-64.9731
-64.973
-64.973
-64.973
-64.973
-64.973
-64.973
-64.973
-64.973
-64.973
-64.973
-64.973
-64.973
-64.973
-64.973
-64.973
-64.973
-64.973
-64.9729
-64.9729
-64.9729
-64.9729
-64.9729
-64.9729
-64.9729
-64.9729
-64.9729
-64.9729
-64.9729
-64.9729
-64.9729
-64.9729
-64.9729
-64.9729
-64.9729
-64.9729
-64.9729
-64.9729
-64.9729
-64.9729
-64.9729
-64.9729
-64.9729
-64.9729
-64.9728
-64.9728
-64.9728
-64.9728
-64.9728
-64.9728
-64.9728
-64.9728
-64.9728
-64.9728
-64.9728
-64.9728
-64.9728
-64.9728
-64.9728
-64.9728
-64.9728
-64.9728
-64.9728
-64.9728
-64.9728
-64.9728
-64.9728
-64.9728
-64.9728
-64.9728
-64.9728
-64.9728
-64.9728
-64.9728
-64.9728
-64.9728
-64.9728
-64.9728
-64.9728
-64.9728
-64.9728
-64.9728
-64.9728
-64.9728
-64.9728
-64.9728
-64.9728
-64.9728
-64.9728
-64.9728
-64.9728
-64.9728
-64.9728
-64.9728
-64.9728
-64.9728
-64.9728
-64.9728
-64.9728
-64.9728
-64.9728
-64.9728
-64.9728
-64.9729
-64.9729
-64.9729
-64.9729
-64.9729
-64.9729
-64.9729
-64.9729
-64.9729
-64.9729
-64.9729
-64.9729
-64.9729
-64.9729
-64.9729
-64.9729
-64.9729
-64.9729
-64.9729
-64.9729
-64.9729
-64.9729
-64.9729
-64.9729
-64.9729
-64.9729
-64.9729
-64.9729
-64.9729
-64.9729
-64.9729
-64.9729
-64.9729
-64.9729
-64.973
-64.973
-64.973
-64.973
-64.973
-64.973
-64.973
-64.973
-64.973
-64.973
-64.973
-64.973
-64.973
-64.973
-64.973
-64.973
-64.973
-64.973
-64.973
-64.973
-64.973
-64.973
-64.973
-64.973
-64.9731
-64.9731
-64.9731
-64.9731
-64.9731
-64.9731
-64.9731
-64.9731
-64.9731
-64.9731
-64.9731
-64.9731
-64.9731
-64.9731
-64.9731
-64.9731
-64.9731
-64.9731
-64.9731
-64.9731
-64.9731
-64.9732
-64.9732
-64.9732
-64.9732
-64.9732
-64.9732
-64.9732
-64.9732
-64.9732
-64.9732
-64.9732
-64.9732
-64.9732
-64.9732
-64.9732
-64.9732
-64.9732
-64.9732
-64.9732
-64.9732
-64.9733
-64.9733
-64.9733
-64.9733
-64.9733
-64.9733
-64.9733
-64.9733
-64.9733
-64.9733
-64.9733
-64.9733
-64.9733
-64.9733
-64.9733
-64.9733
-64.9733
-64.9733
-64.9733
-64.9733
-64.9734
-64.9734
-64.9734
-64.9734
-64.9734
-64.9734
-64.9734
-64.9734
-64.9734
-64.9734
-64.9734
-64.9734
-64.9734
-64.9734
-64.9734
-64.9734
-64.9734
-64.9734
-64.9734
-64.9734
-64.9735
-64.9735
-64.9735
-64.9735
-64.9735
-64.9735
-64.9735
-64.9735
-64.9735
-64.9735
-64.9735
-64.9735
-64.9735
-64.9735
-64.9735
-64.9735
-64.9735
-64.9735
-64.9735
-64.9735
-64.9736
-64.9736
-64.9736
-64.9736
-64.9736
-64.9736
-64.9736
-64.9736
-64.9736
-64.9736
-64.9736
-64.9736
-64.9736
-64.9736
-64.9736
-64.9736
-64.9736
-64.9736
-64.9736
-64.9736
-64.9736
-64.9736
-64.9737
-64.9737
-64.9737
-64.9737
-64.9737
-64.9737
-64.9737
-64.9737
-64.9737
-64.9737
-64.9737
-64.9737
-64.9737
-64.9737
-64.9737
-64.9737
-64.9737
-64.9737
-64.9737
-64.9737
-64.9737
-64.9737
-64.9737
-64.9737
-64.9738
-64.9738
-64.9738
-64.9738
-64.9738
-64.9738
-64.9738
-64.9738
-64.9738
-64.9738
-64.9738
-64.9738
-64.9738
-64.9738
-64.9738
-64.9738
-64.9738
-64.9738
-64.9738
-64.9738
-64.9738
-64.9738
-64.9738
-64.9738
-64.9738
-64.9738
-64.9738
-64.9739
-64.9739
-64.9739
-64.9739
-64.9739
-64.9739
-64.9739
-64.9739
-64.9739
-64.9739
-64.9739
-64.9739
-64.9739
-64.9739
-64.9739
-64.9739
-64.9739
-64.9739
-64.9739
-64.9739
-64.9739
-64.9739
-64.9739
-64.9739
-64.9739
-64.9739
-64.9739
-64.9739
-64.9739
-64.9739
-64.9739
-64.9739
-64.9739
-64.9739
-64.9739
-64.9739
-64.974
-64.974
-64.974
-64.974
-64.974
-64.974
-64.974
-64.974
-64.974
-64.974
-64.974
-64.974
-64.974
-64.974
-64.974
-64.974
-64.974
-64.974
-64.974
-64.974
-64.974
-64.974
-64.974
-64.974
-64.974
-64.974
-64.974
-64.974
-64.974
-64.974
-64.974
-64.974
-64.974
-64.974
-64.974
-64.974
-64.974
-64.974
-64.974
-64.974
-64.974
-64.974
-64.974
-64.974
-64.974
-64.974
-64.974
-64.974
-64.974
-64.974
-64.974
-64.974
-64.974
-64.974
-64.974
-64.974
-64.974
-64.974
-64.974
-64.974
-64.9741
-64.9741
-64.9741
-64.9741
-64.9741
-64.9741
-64.9741
-64.9741
-64.9741
-64.9741
-64.9741
-64.9741
-64.9741
-64.9741
-64.9741
-64.9741
-64.9741
-64.9741
-64.9741
-64.9741
-64.9741
-64.9741
-64.9741
-64.9741
-64.9741
-64.9741
-64.9741
-64.9741
-64.9741
-64.9741
-64.9741
-64.9741
-64.9741
-64.9741
-64.9741
-64.9741
-64.9741
-64.9741
-64.9741
-64.9741
-64.9741
-64.9741
-64.9741
-64.9741
-64.9741
-64.9741
-64.9741
-64.9741
-64.9741
-64.9741
-64.9741
-64.9741
-64.9741
-64.9741
-64.9741
-64.9741
-64.9741
-64.9741
-64.9741
-64.9741
-64.9741
-64.9741
-64.9741
-64.9741
-64.9741
-64.9741
-64.9741
-64.9741
-64.9741
-64.9741
-64.9741
-64.9741
-64.9741
-64.9741
-64.9741
-64.9741
-64.9741
-64.9741
-64.9741
-64.9741
-64.9741
-64.9741
-64.9741
-64.9741
-64.9741
-64.9741
-64.9741
-64.9741
-64.9741
-64.9741
-64.9741
-64.9741
-64.9741
-64.9741
-64.9741
-64.9741
-64.9741
-64.9741
-64.9741
-64.9741
-64.9741
-64.9741
-64.9741
-64.9741
-64.9741
-64.9741
-64.9741
-64.9741
-64.9741
-64.9741
-64.9741
-64.9741
-64.9741
-64.9741
-64.9741
-64.9741
-64.9741
-64.974
-64.974
-64.974
-64.974
-64.974
-64.974
-64.974
-64.974
-64.974
-64.974
-64.974
-64.974
-64.974
-64.974
-64.974
-64.974
-64.974
-64.974
-64.974
-64.974
-64.974
-64.974
-64.974
-64.974
-64.974
-64.974
-64.974
-64.974
-64.974
-64.974
-64.974
-64.974
-64.974
-64.974
-64.974
-64.974
-64.974
-64.974
-64.974
-64.974
-64.974
-64.974
-64.974
-64.974
-64.974
-64.974
-64.974
-64.974
-64.974
-64.974
-64.974
-64.974
-64.974
-64.974
-64.974
-64.974
-64.974
-64.974
-64.974
-64.974
-64.974
-64.974
-64.974
-64.974
-64.974
-64.974
-64.974
-64.974
-64.974
-64.974
-64.974
-64.974
-64.974
-64.974
-64.974
-64.974
-64.974
-64.974
-64.974
-64.974
-64.974
-64.974
-64.974
-64.974
-64.974
-64.974
-64.974
-64.974
-64.974
-64.974
-64.974
-64.974
-64.974
-64.974
-64.974
-64.974
-64.974
-64.974
-64.974
-64.974
-64.974
-64.974
-64.974
-64.974
-64.974
-64.974
-64.974
-64.9739
-64.9739
-64.9739
-64.8393
-64.6171
-64.3305
-63.9938
-63.6175
-63.2093
-62.7757
-62.3216
-61.8511
-61.3676
-60.8736
-60.3715
-59.8631
-59.3498
-58.8328
-58.3132
-57.7917
-57.2689
-56.7453
-56.2213
-55.697
-55.1726
-54.6479
-54.123
-53.5975
-53.0712
-52.5435
-52.014
-51.4819
-50.9464
-50.4067
-49.8616
-49.3098
-48.7501
-48.1808
-47.6002
-47.0061
-46.3964
-45.7685
-45.1195
-44.4461
-43.7447
-43.0111
-42.2407
-41.4279
-40.5668
-39.6505
-38.6709
-37.619
-36.4846
-35.2558
-33.9191
-32.4594
-30.8592
-29.0995
-27.1588
-25.0142
-22.6412
-20.0157
-17.1151
-13.9214
-10.4251
-6.63061
-2.56169
1.73265
6.17484
10.6596
15.0608
19.2436
23.0815
26.4721
29.3495
31.6896
33.5067
34.8455
35.7684
36.345
36.6422
36.7192
36.6245
36.3966
36.0642
35.6488
35.166
34.6271
34.0405
33.4125
32.7478
32.0502
31.3229
30.5684
29.7892
28.9873
28.1645
27.3227
26.4635
25.5885
24.699
23.7967
22.8826
21.9582
21.0246
20.083
19.1344
18.1798
17.2203
16.2567
15.2899
14.3207
13.3499
12.3781
11.406
10.4343
9.46352
8.49413
7.52666
6.56154
5.59918
4.63996
3.6842
2.73222
1.78428
0.84063
-0.0985113
-1.03296
-1.96254
-2.88711
-3.80657
-4.7208
-5.62974
-6.53331
-7.43146
-8.32418
-9.21144
-10.0933
-10.9696
-11.8406
-12.7063
-13.5666
-14.4217
-15.2716
-16.1166
-16.9566
-17.7918
-18.6223
-19.4484
-20.2701
-21.0878
-21.9016
-22.7117
-23.5185
-24.3222
-25.1232
-25.9219
-26.7185
-27.5136
-28.3076
-29.101
-29.8944
-30.6884
-31.4835
-32.2806
-33.0802
-33.8833
-34.6906
-35.5031
-36.3216
-37.1471
-37.9807
-38.8235
-39.6765
-40.5408
-41.4175
-42.3079
-43.2128
-44.1334
-45.0706
-46.0251
-46.9975
-47.9882
-48.9972
-50.0242
-51.0682
-52.1279
-53.2012
-54.2853
-55.3765
-56.4705
-57.5618
-58.6444
-59.7113
-60.7552
-61.7685
-62.7436
-63.6734
-64.5514
-65.3723
-66.1321
-66.8284
-67.4604
-68.0285
-68.5348
-68.9824
-69.3751
-69.7175
-70.0142
-70.2701
-70.49
-70.6784
-70.8393
-70.9766
-71.0936
-71.1933
-71.2784
-71.3511
-71.4132
-71.4665
-71.5124
-71.552
-71.5864
-71.6163
-71.6425
-71.6656
-71.6861
-71.7043
-71.7207
-71.7354
-71.7489
-71.7612
-71.7726
-71.7831
-71.7929
-71.8022
-71.8109
-71.8192
-71.8271
-71.8346
-71.8419
-71.8489
-71.8557
-71.8623
-71.8688
-71.8751
-71.8812
-71.8872
-71.8931
-71.8989
-71.9045
-71.9101
-71.9156
-71.921
-71.9263
-71.9316
-71.9368
-71.9419
-71.9469
-71.9518
-71.9567
-71.9615
-71.9663
-71.9709
-71.9755
-71.9801
-71.9845
-71.9889
-71.9933
-71.9975
-72.0017
-72.0058
-72.0099
-72.0138
-72.0177
-72.0216
-72.0253
-72.029
-72.0326
-72.0361
-72.0396
-72.043
-72.0463
-72.0495
-72.0526
-72.0557
-72.0586
-72.0615
-72.0644
-72.0671
-72.0697
-72.0723
-72.0748
-72.0772
-72.0795
-72.0818
-72.0839
-72.086
-72.0879
-72.0898
-72.0916
-72.0933
-72.0949
-72.0965
-72.0979
-72.0992
-72.1005
-72.1017
-72.1027
-72.1037
-72.1046
-72.1054
-72.1061
-72.1068
-72.1073
-72.1077
-72.108
-72.1083
-72.1084
-72.1085
-72.1084
-72.1083
-72.1081
-72.1077
-72.1073
-72.1068
-72.1062
-72.1055
-72.1047
-72.1037
-72.1027
-72.1016
-72.1005
-72.0992
-72.0978
-72.0963
-72.0947
-72.093
-72.0912
-72.0894
-72.0874
-72.0853
-72.0832
-72.0809
-72.0785
-72.0761
-72.0735
-72.0709
-72.0681
-72.0653
-72.0623
-72.0593
-72.0562
-72.0529
-72.0496
-72.0462
-72.0426
-72.039
-72.0353
-72.0315
-72.0276
-72.0236
-72.0195
-72.0153
-72.011
-72.0066
-72.0021
-71.9975
-71.9929
-71.9881
-71.9832
-71.9783
-71.9732
-71.9681
-71.9628
-71.9575
-71.9521
-71.9466
-71.941
-71.9353
-71.9295
-71.9236
-71.9176
-71.9115
-71.9054
-71.8991
-71.8928
-71.8864
-71.8798
-71.8732
-71.8665
-71.8597
-71.8529
-71.8459
-71.8388
-71.8317
-71.8245
-71.8171
-71.8097
-71.8023
-71.7947
-71.787
-71.7793
-71.7714
-71.7635
-71.7555
-71.7474
-71.7393
-71.731
-71.7227
-71.7142
-71.7057
-71.6972
-71.6885
-71.6798
-71.6709
-71.662
-71.653
-71.644
-71.6348
-71.6256
-71.6163
-71.6069
-71.5975
-71.5879
-71.5783
-71.5686
-71.5589
-71.549
-71.5391
-71.5291
-71.5191
-71.5089
-71.4987
-71.4885
-71.4781
-71.4677
-71.4572
-71.4466
-71.436
-71.4253
-71.4145
-71.4036
-71.3927
-71.3817
-71.3707
-71.3596
-71.3484
-71.3371
-71.3258
-71.3144
-71.303
-71.2915
-71.2799
-71.2683
-71.2566
-71.2448
-71.233
-71.2211
-71.2091
-71.1971
-71.185
-71.1729
-71.1607
-71.1484
-71.1361
-71.1238
-71.1113
-71.0989
-71.0863
-71.0737
-71.0611
-71.0484
-71.0356
-71.0228
-71.0099
-70.997
-70.984
-70.971
-70.9579
-70.9448
-70.9316
-70.9184
-70.9051
-70.8917
-70.8784
-70.8649
-70.8515
-70.8379
-70.8244
-70.8107
-70.7971
-70.7834
-70.7696
-70.7558
-70.742
-70.7281
-70.7141
-70.7002
-70.6862
-70.6721
-70.658
-70.6439
-70.6297
-70.6155
-70.6012
-70.5869
-70.5726
-70.5582
-70.5438
-70.5293
-70.5148
-70.5003
-70.4858
-70.4712
-70.4565
-70.4419
-70.4272
-70.4125
-70.3977
-70.3829
-70.3681
-70.3532
-70.3383
-70.3234
-70.3085
-70.2935
-70.2785
-70.2635
-70.2484
-70.2333
-70.2182
-70.203
-70.1879
-70.1727
-70.1574
-70.1422
-70.1269
-70.1116
-70.0963
-70.081
-70.0656
-70.0502
-70.0348
-70.0194
-70.0039
-69.9884
-69.9729
-69.9574
-69.9419
-69.9263
-69.9108
-69.8952
-69.8796
-69.72
-69.4675
-69.1473
-68.775
-68.362
-67.917
-67.4466
-66.9564
-66.4509
-65.9337
-65.4078
-64.8756
-64.3392
-63.8003
-63.2603
-62.7205
-62.1819
-61.6453
-61.1115
-60.581
-60.0545
-59.5322
-59.0146
-58.5019
-57.9943
-57.492
-56.995
-56.5033
-56.017
-55.5358
-55.0598
-54.5886
-54.1221
-53.6599
-53.2017
-52.7471
-52.2956
-51.8467
-51.3998
-50.9543
-50.5095
-50.0646
-49.6188
-49.1711
-48.7206
-48.2661
-47.8065
-47.3405
-46.8667
-46.3835
-45.8894
-45.3823
-44.8604
-44.3215
-43.763
-43.1823
-42.5764
-41.942
-41.2753
-40.5724
-39.8285
-39.0385
-38.1966
-37.2963
-36.3304
-35.2906
-34.1678
-32.9518
-31.6312
-30.1936
-28.6252
-26.9115
-25.0368
-22.9853
-20.7416
-18.2914
-15.6237
-12.7322
-9.61829
-6.29365
-2.78339
0.871765
4.61446
8.37191
12.0597
15.5882
18.8705
21.8314
24.4146
26.5875
28.3425
29.6945
30.6761
31.3302
31.7044
31.8452
31.795
31.5901
31.2603
30.8295
30.3163
29.7352
29.0973
28.4113
27.6839
26.9207
26.1261
25.3038
24.4571
23.5887
22.701
21.7963
20.8767
19.9438
18.9996
18.0454
17.0828
16.1131
15.1376
14.1574
13.1736
12.1873
11.1992
10.2103
9.22144
8.23322
7.24635
6.26143
5.27901
4.29959
3.32362
2.35151
1.38363
0.42029
-0.538211
-1.49162
-2.43973
-3.37712
-4.3037
-5.21934
-6.12401
-7.01777
-7.90071
-8.77299
-9.63478
-10.4862
-11.3276
-12.159
-12.9807
-13.7929
-14.5958
-15.3897
-16.1747
-16.9511
-17.7191
-18.479
-19.231
-19.9753
-20.7123
-21.4421
-22.1651
-22.8815
-23.5917
-24.2959
-24.9944
-25.6876
-26.3758
-27.0595
-27.7389
-28.4145
-29.0867
-29.756
-30.4228
-31.0875
-31.7508
-32.4131
-33.0751
-33.7372
-34.4
-35.0643
-35.7307
-36.3997
-37.0722
-37.7487
-38.43
-39.1167
-39.8096
-40.5092
-41.2163
-41.9314
-42.6549
-43.3873
-44.1289
-44.8797
-45.6397
-46.4086
-47.1858
-47.9703
-48.7609
-49.5559
-50.3533
-51.1503
-51.944
-52.7309
-53.5073
-54.2689
-55.0116
-55.731
-56.4228
-57.0834
-57.7091
-58.2973
-58.8457
-59.3531
-59.8188
-60.2432
-60.627
-60.9719
-61.2798
-61.553
-61.7941
-62.006
-62.1912
-62.3526
-62.4927
-62.614
-62.7189
-62.8094
-62.8873
-62.9545
-63.0123
-63.0623
-63.1054
-63.1428
-63.1753
-63.2036
-63.2286
-63.2506
-63.2702
-63.2879
-63.304
-63.3187
-63.3323
-63.3452
-63.3573
-63.369
-63.3803
-63.3914
-63.4024
-63.4132
-63.4241
-63.4351
-63.4461
-63.4573
-63.4687
-63.4803
-63.4922
-63.5043
-63.5166
-63.5293
-63.5422
-63.5554
-63.569
-63.5828
-63.5969
-63.6114
-63.6261
-63.6411
-63.6565
-63.6721
-63.6881
-63.7043
-63.7208
-63.7376
-63.7547
-63.772
-63.6732
-63.5098
-63.3059
-63.0756
-62.8281
-62.5697
-62.3051
-62.0376
-61.7695
-61.5028
-61.2386
-60.9781
-60.7219
-60.4706
-60.2245
-59.9841
-59.7494
-59.5206
-59.2978
-59.081
-58.8703
-58.6655
-58.4666
-58.2737
-58.0865
-57.9051
-57.7293
-57.559
-57.3941
-57.2345
-57.0802
-56.9309
-56.7866
-56.6471
-56.5124
-56.3824
-56.2568
-56.1357
-56.0188
-55.9062
-55.7977
-55.6932
-55.5925
-55.4957
-55.4026
-55.313
-55.2271
-55.1445
-55.0654
-54.9895
-54.9168
-54.8472
-54.7807
-54.7171
-54.6565
-54.5987
-54.5437
-54.4914
-54.4417
-54.3947
-54.3502
-54.3081
-54.2685
-54.2313
-54.1963
-54.1637
-54.1332
-54.105
-54.0789
-54.0549
-54.0329
-54.0129
-53.9949
-53.9788
-53.9647
-53.9523
-53.9418
-53.9331
-53.9261
-53.9208
-53.9172
-53.9153
-53.915
-53.9162
-53.919
-53.9234
-53.9292
-53.9366
-53.9454
-53.9555
-53.9671
-53.9801
-53.9944
-54.01
-54.0269
-54.0451
-54.0645
-54.0852
-54.107
-54.13
-54.1542
-54.1795
-54.2059
-54.2334
-54.262
-54.2916
-54.3222
-54.3538
-54.3864
-54.42
-54.4545
-54.49
-54.5263
-54.5636
-54.6017
-54.6406
-54.6804
-54.721
-54.7623
-54.8045
-54.8474
-54.891
-54.9353
-54.9804
-55.0261
-55.0725
-55.1195
-55.1672
-55.2155
-55.2644
-55.3138
-55.3638
-55.4144
-55.4655
-55.5171
-55.5692
-55.6218
-55.6749
-55.7284
-55.7823
-55.8367
-55.8914
-55.9466
-56.0021
-56.0581
-56.1143
-56.1709
-56.2278
-56.285
-56.3425
-56.4003
-56.4583
-56.5166
-56.5752
-56.6339
-56.6929
-56.7521
-56.8115
-56.871
-56.9307
-56.9906
-57.0506
-57.1108
-57.1711
-57.2315
-57.292
-57.3525
-57.4132
-57.4739
-57.5347
-57.5956
-57.6564
-57.7174
-57.7783
-57.8392
-57.9002
-57.9612
-58.0221
-58.083
-58.1439
-58.2048
-58.2656
-58.3264
-58.3871
-58.4478
-58.5084
-58.5689
-58.6293
-58.6896
-58.7499
-58.81
-58.87
-58.93
-58.9898
-59.0494
-59.109
-59.1684
-59.2276
-59.2868
-59.3457
-59.4046
-59.4632
-59.5217
-59.58
-59.6382
-59.6962
-59.754
-59.8116
-59.8691
-59.9263
-59.9834
-60.0402
-60.0969
-60.1534
-60.2096
-60.2657
-60.3215
-60.3771
-60.4325
-60.4877
-60.5427
-60.5975
-60.652
-60.7063
-60.7604
-60.8142
-60.8678
-60.9212
-60.9744
-61.0273
-61.08
-61.1324
-61.1846
-61.2365
-61.2882
-61.3397
-61.3909
-61.4419
-61.4926
-61.5431
-61.5933
-61.6433
-61.693
-61.7425
-61.7917
-61.8407
-61.8894
-61.9378
-61.986
-62.034
-62.0817
-62.1291
-62.1763
-62.2232
-62.2698
-62.3162
-62.3624
-62.4083
-62.4539
-62.4993
-62.5444
-62.5892
-62.6338
-62.6782
-62.7223
-62.7661
-62.8096
-62.8529
-62.896
-62.9388
-62.9813
-63.0236
-63.0656
-63.1073
-63.1488
-63.1901
-63.231
-63.2718
-63.3122
-63.3525
-63.3924
-63.4321
-63.4716
-63.5108
-63.5497
-63.5884
-63.6268
-63.665
-63.703
-63.7406
-63.7781
-63.8153
-63.8522
-63.8889
-63.9253
-63.9615
-63.9974
-64.0331
-64.0685
-64.1037
-64.1387
-64.1734
-64.2078
-64.2421
-64.276
-64.3098
-64.3433
-64.3765
-64.4095
-64.4423
-64.4748
-64.5071
-64.5392
-64.571
-64.6026
-64.6339
-64.665
-64.6959
-64.7265
-64.7569
-64.7871
-64.8171
-64.8468
-64.8763
-64.9055
-64.9345
-64.9633
-64.9919
-65.0203
-65.0484
-65.0763
-65.104
-65.1314
-65.1586
-65.1856
-65.2124
-65.239
-65.2653
-65.2915
-65.3174
-65.3431
-65.3685
-65.3938
-65.4189
-65.4437
-65.4683
-65.4927
-65.5169
-65.5409
-65.5647
-65.5883
-65.6116
-65.6348
-65.6578
-65.6805
-65.7031
-65.7254
-65.7475
-65.7695
-65.7912
-65.8127
-65.8341
-65.8552
-65.8761
-65.8969
-65.9174
-65.9378
-65.9579
-65.9779
-65.9976
-66.0172
-66.0366
-66.0558
-66.0748
-66.0936
-66.1122
-66.1307
-66.1489
-66.167
-66.1849
-66.2026
-66.2201
-66.2374
-66.2546
-66.2716
-66.2884
-66.305
-66.3214
-66.3377
-66.3538
-66.3697
-66.3854
-66.401
-66.4163
-66.4316
-66.4466
-66.4615
-66.4762
-66.4907
-66.5051
-66.5193
-66.5333
-66.5472
-66.5609
-66.5744
-66.5878
-66.601
-66.614
-66.6269
-66.6397
-66.6522
-66.6646
-66.6769
-66.689
-66.7009
-66.7127
-66.7244
-66.7358
-66.7472
-66.7584
-66.7694
-66.7803
-66.791
-66.8016
-66.812
-66.8223
-66.8324
-66.8424
-66.8522
-66.8619
-66.8715
-66.8809
-66.8902
-66.8993
-66.9083
-66.9172
-66.9259
-66.9345
-66.9429
-66.9512
-66.9594
-66.9674
-66.9753
-66.9831
-66.9908
-66.9983
-67.0056
-67.0129
-67.02
-67.027
-67.0338
-67.0406
-67.0472
-67.0537
-67.06
-67.0663
-67.0724
-67.0783
-67.0842
-67.09
-67.0956
-67.1011
-67.1065
-67.1117
-67.1169
-67.1219
-67.1268
-67.1316
-67.1363
-67.1409
-67.1453
-67.1497
-67.1539
-67.158
-67.162
-67.166
-67.1697
-67.1734
-67.177
-67.1805
-67.1838
-67.1871
-67.1903
-67.1933
-67.1963
-67.1991
-67.2019
-67.2045
-67.207
-67.2095
-67.2118
-67.2141
-67.2162
-67.2183
-67.2202
-67.2221
-67.2238
-67.2255
-67.2271
-67.2286
-67.23
-67.2312
-67.2325
-67.2336
-67.2346
-67.2355
-67.2364
-67.2371
-67.2378
-67.2384
-67.2389
-67.2393
-67.2396
-67.2399
-67.24
-67.2401
-67.2401
-67.24
-67.2399
-67.2396
-67.2393
-67.2389
-67.2384
-67.2378
-67.2372
-67.2365
-67.2357
-67.2348
-67.2339
-67.2328
-67.2318
-67.2306
-67.2293
-67.228
-67.2267
-67.2252
-67.2237
-67.2221
-67.2204
-67.2187
-67.2169
-67.215
-67.2131
-67.2111
-67.209
-67.2069
-67.2047
-67.2024
-67.2001
-67.1977
-67.1953
-67.1928
-67.1902
-67.1875
-67.1849
-67.1821
-67.1793
-67.1764
-67.1735
-67.1705
-67.1675
-67.1643
-67.1612
-67.158
-67.1547
-67.1514
-67.148
-67.1446
-67.1411
-67.1376
-67.134
-67.1303
-67.1267
-67.1229
-67.1191
-67.1153
-67.1114
-67.1075
-67.1035
-67.0994
-67.0954
-67.0912
-67.0871
-67.0829
-67.0786
-67.0743
-67.07
-67.0656
-67.0611
-67.0566
-67.0521
-67.0476
-67.043
-67.0383
-67.0336
-67.0289
-67.0242
-67.0194
-67.0145
-67.0096
-67.0047
-66.9998
-66.9948
-66.9898
-66.9847
-66.9796
-66.9745
-66.9693
-66.9641
-66.9589
-66.9536
-66.9483
-66.943
-66.9376
-66.9322
-66.9268
-66.9213
-66.9159
-66.9103
-66.9048
-66.8992
-66.8936
-66.888
-66.8823
-66.8766
-66.8709
-66.8652
-66.8594
-66.8536
-66.8478
-66.8419
-66.836
-66.8301
-66.8242
-66.8182
-66.8123
-66.8063
-66.8003
-66.7942
-66.7881
-66.7821
-66.7759
-66.7698
-66.7637
-66.7575
-66.7513
-66.7451
-66.7389
-66.7326
-66.7263
-66.7201
-66.7137
-66.7074
-66.7011
-66.6947
-66.6884
-66.682
-66.6756
-66.6691
-66.6627
-66.6562
-66.6498
-66.6433
-66.6368
-66.6303
-66.6238
-66.4795
-66.2458
-65.9466
-65.5967
-65.2068
-64.7851
-64.3379
-63.8706
-63.3874
-62.8916
-62.3862
-61.8733
-61.355
-60.8328
-60.3081
-59.7819
-59.2551
-58.7285
-58.2027
-57.6782
-57.1554
-56.6344
-56.1155
-55.5989
-55.0844
-54.5721
-54.0617
-53.5531
-53.0459
-52.5398
-52.0343
-51.5287
-51.0225
-50.5149
-50.005
-49.4918
-48.9744
-48.4513
-47.9213
-47.3829
-46.8344
-46.2738
-45.6991
-45.108
-44.4979
-43.8658
-43.2085
-42.5224
-41.8034
-41.0469
-40.2478
-39.4
-38.4971
-37.5316
-36.495
-35.3777
-34.1688
-32.8561
-31.4259
-29.863
-28.1503
-26.2697
-24.2015
-21.9257
-19.4225
-16.6744
-13.6678
-10.3967
-6.86664
-3.09868
0.865934
4.96311
9.10597
13.1889
17.0964
20.7154
23.9492
26.7292
29.0216
30.8275
32.1775
33.1218
33.72
34.0327
34.1152
34.015
33.7704
33.4114
32.9608
32.4357
31.849
31.2104
30.5272
29.8052
29.0489
28.2622
27.4482
26.6097
25.7492
24.8689
23.9708
23.0569
22.1288
21.1882
20.2367
19.2756
18.3064
17.3303
16.3484
15.362
14.372
13.3793
12.385
11.3898
10.3946
9.39999
8.40669
7.41529
6.42637
5.44042
4.45791
3.47925
2.50483
1.53498
0.569998
-0.38985
-1.34433
-2.29324
-3.23641
-4.17368
-5.10495
-6.03009
-6.94905
-7.86176
-8.76818
-9.66831
-10.5621
-11.4497
-12.3309
-13.206
-14.0749
-14.9377
-15.7945
-16.6455
-17.4906
-18.3302
-19.1642
-19.993
-20.8166
-21.6353
-22.4493
-23.2588
-24.0642
-24.8657
-25.6637
-26.4584
-27.2503
-28.0398
-28.8274
-29.6135
-30.3986
-31.1834
-31.9683
-32.7542
-33.5416
-34.3312
-35.1239
-35.9205
-36.7218
-37.5287
-38.3421
-39.163
-39.9924
-40.8312
-41.6806
-42.5413
-43.4145
-44.301
-45.2016
-46.1171
-47.0479
-47.9946
-48.9571
-49.9354
-50.9287
-51.9362
-52.9562
-53.9867
-55.0248
-56.0671
-57.1093
-58.1465
-59.1732
-60.183
-61.1696
-62.1262
-63.0461
-63.9233
-64.752
-65.5278
-66.2473
-66.9082
-67.5098
-68.0527
-68.5386
-68.97
-69.3505
-69.6839
-69.9745
-70.2265
-70.4443
-70.632
-70.7932
-70.9315
-71.0501
-71.1518
-71.2389
-71.3137
-71.378
-71.4334
-71.4813
-71.5228
-71.5589
-71.5904
-71.6181
-71.6426
-71.6643
-71.6836
-71.701
-71.7167
-71.731
-71.7441
-71.7562
-71.7673
-71.7777
-71.7875
-71.7967
-71.8054
-71.8137
-71.8216
-71.8292
-71.8366
-71.8436
-71.8505
-71.8572
-71.8637
-71.87
-71.8762
-71.8822
-71.8882
-71.894
-71.8997
-71.9053
-71.9108
-71.9162
-71.9216
-71.9268
-71.932
-71.9371
-71.9421
-71.947
-71.9519
-71.9567
-71.9614
-71.966
-71.9706
-71.9751
-71.9795
-71.9838
-71.9881
-71.9923
-71.9964
-72.0004
-72.0044
-72.0083
-72.0121
-72.0158
-72.0195
-72.023
-72.0265
-72.03
-72.0333
-72.0365
-72.0397
-72.0428
-72.0458
-71.9092
-71.6891
-71.4131
-71.0978
-70.7546
-70.3919
-70.0159
-69.6314
-69.242
-68.8508
-68.4597
-68.0707
-67.6851
-67.304
-66.9283
-66.5585
-66.1953
-65.839
-65.4899
-65.1483
-64.8144
-64.4881
-64.1697
-63.8591
-63.5563
-63.2614
-62.9741
-62.6945
-62.4225
-62.1579
-61.9007
-61.6508
-61.4079
-61.1721
-60.9431
-60.7208
-60.5051
-60.2958
-60.0928
-59.8959
-59.7051
-59.5201
-59.3408
-59.1671
-58.9988
-58.8359
-58.6781
-58.5254
-58.3776
-58.2346
-58.0963
-57.9625
-57.8332
-57.7082
-57.5875
-57.4708
-57.3582
-57.2494
-57.1445
-57.0433
-56.9457
-56.8517
-56.7611
-56.6739
-56.59
-56.5093
-56.4317
-56.3571
-56.2856
-56.217
-56.1512
-56.0882
-56.028
-55.9704
-55.9154
-55.863
-55.813
-55.7655
-55.7204
-55.6777
-55.6372
-55.599
-55.563
-55.5292
-55.4975
-55.4679
-55.4403
-55.4147
-55.3911
-55.3694
-55.3496
-55.3317
-55.3156
-55.3013
-55.2888
-55.278
-55.2689
-55.2615
-55.2557
-55.2515
-55.249
-55.248
-55.2486
-55.2506
-55.2542
-55.2592
-55.2657
-55.2736
-55.2829
-55.2936
-55.3056
-55.319
-55.3336
-55.3496
-55.3668
-55.3852
-55.4049
-55.4258
-55.4479
-55.4711
-55.4955
-55.521
-55.5476
-55.5753
-55.604
-55.6338
-55.6646
-55.6964
-55.7292
-55.763
-55.7977
-55.8334
-55.8699
-55.9074
-55.9457
-55.9849
-56.0249
-56.0657
-56.1074
-56.1498
-56.193
-56.2369
-56.2815
-56.3269
-56.3729
-56.4196
-56.467
-56.515
-56.5637
-56.6129
-56.6627
-56.7131
-56.764
-56.8154
-56.8674
-56.9199
-56.9728
-57.0262
-57.0801
-57.1344
-57.189
-57.2441
-57.2996
-57.3554
-57.4116
-57.4681
-57.525
-57.5821
-57.6395
-57.6972
-57.7551
-57.8133
-57.8717
-57.9304
-57.9892
-58.0482
-58.1074
-58.1667
-58.2262
-58.2858
-58.3455
-58.4053
-58.4652
-58.5252
-58.5853
-58.6454
-58.7055
-58.7657
-58.8259
-58.8862
-58.9464
-59.0066
-59.0668
-59.1269
-59.187
-59.2471
-59.3071
-59.367
-59.4269
-59.4866
-59.5463
-59.6059
-59.6654
-59.7247
-59.7839
-59.843
-59.9019
-59.9607
-60.0193
-60.0778
-60.1361
-60.1943
-60.2522
-60.31
-60.3676
-60.4249
-60.4821
-60.5391
-60.5959
-60.6524
-60.7087
-60.7649
-60.8207
-60.8764
-60.9318
-60.987
-61.0419
-61.0966
-61.151
-61.2052
-61.2591
-61.3128
-61.3662
-61.4194
-61.4723
-61.5249
-61.5772
-61.6293
-61.6811
-61.7326
-61.7839
-61.8349
-61.8856
-61.936
-61.9861
-62.036
-62.0855
-62.1348
-62.1838
-62.2325
-62.2809
-62.329
-62.3769
-62.4244
-62.4717
-62.5186
-62.5653
-62.6117
-62.6578
-62.7036
-62.7491
-62.7943
-62.8392
-62.8839
-62.9282
-62.9722
-63.016
-63.0594
-63.1026
-63.1455
-63.1881
-63.2304
-63.2724
-63.3141
-63.3555
-63.3967
-63.4375
-63.4781
-63.5183
-63.5583
-63.598
-63.6374
-63.6766
-63.7154
-63.754
-63.7923
-63.8303
-63.868
-63.9054
-63.9426
-63.9795
-64.0161
-64.0524
-64.0885
-64.1242
-64.1597
-64.195
-64.2299
-64.2646
-64.299
-64.3332
-64.3671
-64.4007
-64.434
-64.4671
-64.4999
-64.5325
-64.5648
-64.5968
-64.6286
-64.6601
-64.6913
-64.7223
-64.7531
-64.7835
-64.8138
-64.8437
-64.8735
-64.903
-64.9322
-64.9612
-64.9899
-65.0184
-65.0466
-65.0746
-65.1024
-65.1299
-65.1572
-65.1842
-65.211
-65.2375
-65.2638
-65.2899
-65.3158
-65.3414
-65.3668
-65.3919
-65.4168
-65.4415
-65.466
-65.4902
-65.5142
-65.538
-65.5616
-65.5849
-65.6081
-65.631
-65.6536
-65.6761
-65.6984
-65.7204
-65.7422
-65.7638
-65.7852
-65.8064
-65.8273
-65.8481
-65.8686
-65.889
-65.9091
-65.9291
-65.9488
-65.9683
-65.9876
-66.0068
-66.0257
-66.0444
-66.0629
-66.0813
-66.0994
-66.1173
-66.1351
-66.1526
-66.17
-66.1872
-66.2041
-66.2209
-66.2375
-66.2539
-66.2702
-66.2862
-66.3021
-66.3178
-66.3333
-66.3486
-66.3637
-66.3787
-66.3935
-66.4081
-66.4225
-66.4367
-66.4508
-66.4647
-66.4785
-66.492
-66.5054
-66.5186
-66.5317
-66.5446
-66.5573
-66.5699
-66.5823
-66.5945
-66.6066
-66.6185
-66.6302
-66.6418
-66.6532
-66.6645
-66.6756
-66.6866
-66.6974
-66.708
-66.7185
-66.7289
-66.7391
-66.7491
-66.759
-66.7688
-66.7784
-66.7878
-66.7971
-66.8063
-66.8153
-66.8242
-66.8329
-66.8415
-66.8499
-66.8582
-66.8664
-66.8744
-66.8823
-66.8901
-66.8977
-66.9052
-66.9126
-66.9198
-66.9269
-66.9338
-66.9406
-66.9473
-66.9539
-66.9604
-66.9667
-66.9729
-66.9789
-66.9849
-66.9907
-66.9964
-67.0019
-67.0074
-67.0127
-67.0179
-67.023
-67.028
-67.0328
-67.0375
-67.0422
-67.0467
-67.0511
-67.0553
-67.0595
-67.0635
-67.0675
-67.0713
-67.075
-67.0786
-67.0821
-67.0855
-67.0888
-67.092
-67.0951
-67.098
-67.1009
-67.1037
-67.1063
-67.1089
-67.1113
-67.1137
-67.116
-67.1181
-67.1202
-67.1221
-67.124
-67.1258
-67.1275
-67.129
-67.1305
-67.1319
-67.1332
-67.1344
-67.1356
-67.1366
-67.1375
-67.1384
-67.1391
-67.1398
-67.1404
-67.1409
-67.1413
-67.1416
-67.1419
-67.142
-67.1421
-67.1421
-67.142
-67.1419
-67.1416
-67.1413
-67.1409
-67.1404
-67.1398
-67.1392
-67.1385
-67.1377
-67.1368
-67.1359
-67.1349
-67.1338
-67.1326
-67.1314
-67.1301
-67.1287
-67.1272
-67.1257
-67.1241
-67.1225
-67.1207
-67.1189
-67.1171
-67.1152
-67.1132
-67.1111
-67.109
-67.1068
-67.1046
-67.1022
-67.0999
-67.0974
-67.0949
-67.0924
-67.0898
-67.0871
-67.0843
-67.0816
-67.0787
-67.0758
-67.0728
-67.0698
-67.0667
-67.0636
-67.0604
-67.0572
-67.0539
-67.0505
-67.0471
-67.0437
-67.0402
-67.0366
-67.033
-67.0294
-67.0257
-67.0219
-67.0181
-67.0142
-67.0104
-66.868
-66.6361
-66.3386
-65.9904
-65.6023
-65.1826
-64.7377
-64.2728
-63.7923
-63.2996
-62.7974
-62.2882
-61.7738
-61.2559
-60.7359
-60.2147
-59.6935
-59.1728
-58.6534
-58.1358
-57.6203
-57.1074
-56.5971
-56.0898
-55.5853
-55.0838
-54.5852
-54.0892
-53.5957
-53.1045
-52.615
-52.1269
-51.6397
-51.1528
-50.6654
-50.1769
-49.6863
-49.1928
-48.6952
-48.1923
-47.6828
-47.1652
-46.6381
-46.0995
-45.5474
-44.9798
-44.3942
-43.7878
-43.1576
-42.5004
-41.8123
-41.0892
-40.3263
-39.5184
-38.6594
-37.7426
-36.7605
-35.7043
-34.5646
-33.3304
-31.9896
-30.5286
-28.9326
-27.1851
-25.2689
-23.1658
-20.8575
-18.3271
-15.5601
-12.5475
-9.28824
-5.79339
-2.08951
1.7778
5.74226
9.71816
13.6051
17.2969
20.6923
23.6701
26.1864
28.2248
29.7976
30.941
31.7062
32.1509
32.3322
32.3016
32.1029
31.7714
31.3349
30.8148
30.2272
29.5843
28.8954
28.1676
27.4065
26.6167
25.8019
24.9653
24.1095
23.237
22.3499
21.4501
20.5394
19.6195
18.6918
17.7576
16.8184
15.8751
14.929
13.981
13.032
12.083
11.1346
10.1876
9.24274
8.3005
7.36146
6.42612
5.49493
4.56829
3.64656
2.73005
1.81905
0.913817
0.0145599
-0.878529
-1.76529
-2.64559
-3.51932
-4.38638
-5.24671
-6.10025
-6.94696
-7.78683
-8.61985
-9.44604
-10.2654
-11.078
-11.8838
-12.683
-13.4755
-14.2615
-15.0411
-15.8143
-16.5812
-17.342
-18.0967
-18.8456
-19.5887
-20.3263
-21.0585
-21.7854
-22.5073
-23.2244
-23.937
-24.6452
-25.3494
-26.0498
-26.7468
-27.4406
-28.1317
-28.8204
-29.5071
-30.1922
-30.8763
-31.5598
-32.2432
-32.9271
-33.612
-34.2986
-34.9874
-35.6791
-36.3745
-37.0741
-37.7788
-38.4892
-39.206
-39.9301
-40.662
-41.4024
-42.152
-42.9112
-43.6806
-44.4604
-45.2507
-46.0515
-46.8625
-47.683
-48.5121
-49.3484
-50.1901
-51.035
-51.8802
-52.7225
-53.5582
-54.3832
-55.1931
-55.9831
-56.7489
-57.4857
-58.1896
-58.8568
-59.4844
-60.0703
-60.613
-61.1121
-61.5679
-61.9813
-62.3541
-62.6885
-62.9869
-63.2522
-63.4872
-63.6949
-63.878
-64.0394
-64.1816
-64.3068
-64.4174
-64.5151
-64.6018
-64.679
-64.7479
-64.8098
-64.8657
-64.9164
-64.9627
-65.0053
-65.0448
-65.0815
-65.116
-65.1485
-65.1793
-65.2088
-65.2371
-65.2644
-65.2908
-65.3165
-65.3417
-65.3664
-65.3906
-65.4145
-65.4381
-65.4615
-65.4846
-65.5076
-65.5305
-65.5533
-65.576
-65.5986
-65.6211
-65.6437
-65.6662
-65.6887
-65.5912
-65.4267
-65.2204
-64.9867
-64.7352
-64.4724
-64.2031
-63.9307
-63.6577
-63.3859
-63.1167
-62.8511
-62.5899
-62.3336
-62.0826
-61.8372
-61.5976
-61.364
-61.1364
-60.9148
-60.6992
-60.4897
-60.2862
-60.0885
-59.8967
-59.7106
-59.5302
-59.3553
-59.1858
-59.0217
-58.8627
-58.7089
-58.56
-58.416
-58.2768
-58.1422
-58.0121
-57.8865
-57.7651
-57.648
-57.535
-57.426
-57.3208
-57.2195
-57.1219
-57.028
-56.9375
-56.8506
-56.7669
-56.6866
-56.6094
-56.5354
-56.4645
-56.3965
-56.3314
-56.2691
-56.2096
-56.1529
-56.0987
-56.0472
-55.9981
-55.9516
-55.9074
-55.8656
-55.8261
-55.7889
-55.7539
-55.721
-55.6902
-55.6615
-55.6348
-55.6101
-55.5873
-55.5664
-55.5473
-55.5301
-55.5146
-55.5009
-55.4889
-55.4786
-55.4699
-55.4628
-55.4573
-55.4533
-55.4508
-55.4498
-55.4502
-55.4521
-55.4554
-55.46
-55.4659
-55.4732
-55.4817
-55.4915
-55.5026
-55.5148
-55.5283
-55.5428
-55.5586
-55.5754
-55.5933
-55.6123
-55.6323
-55.6534
-55.6755
-55.6985
-55.7225
-55.7475
-55.7734
-55.8001
-55.8278
-55.8563
-55.8857
-55.9159
-55.9469
-55.9787
-56.0113
-56.0446
-56.0787
-56.1135
-56.1489
-56.1851
-56.222
-56.2595
-56.2976
-56.3363
-56.3757
-56.4156
-56.4562
-56.4972
-56.5389
-56.581
-56.6237
-56.6668
-56.7105
-56.7546
-56.7992
-56.8442
-56.8897
-56.9355
-56.9818
-57.0285
-57.0755
-57.1229
-57.1707
-57.2188
-57.2672
-57.316
-57.365
-57.4143
-57.464
-57.5138
-57.564
-57.6144
-57.665
-57.7159
-57.7669
-57.8182
-57.8696
-57.9213
-57.9731
-58.0251
-58.0772
-58.1295
-58.1819
-58.2344
-58.2871
-58.3399
-58.3927
-58.4457
-58.4987
-58.5518
-58.605
-58.6582
-58.7115
-58.7649
-58.8182
-58.8716
-58.925
-58.9785
-59.0319
-59.0854
-59.1388
-59.1922
-59.2456
-59.299
-59.3524
-59.4057
-59.4589
-59.5122
-59.5653
-59.6184
-59.6715
-59.7245
-59.7774
-59.8302
-59.8829
-59.9356
-59.9881
-60.0406
-60.093
-60.1452
-60.1974
-60.2494
-60.3013
-60.3531
-60.4047
-60.4563
-60.5076
-60.5589
-60.61
-60.661
-60.7118
-60.7625
-60.6941
-60.5531
-60.3619
-60.1342
-59.8792
-59.6041
-59.314
-59.0131
-58.7045
-58.3908
-58.074
-57.7557
-57.4371
-57.1193
-56.8032
-56.4894
-56.1786
-55.8711
-55.5674
-55.2677
-54.9723
-54.6814
-54.3951
-54.1135
-53.7343
-53.3005
-52.833
-52.3441
-51.8421
-51.3331
-50.8213
-50.3098
-49.8009
-49.2963
-48.797
-48.3039
-47.8172
-47.3374
-46.8642
-46.3977
-45.9376
-45.4835
-45.035
-44.5917
-44.1529
-43.7181
-43.2867
-42.858
-42.4312
-42.0058
-41.5809
-41.1557
-40.7295
-40.3014
-39.8706
-39.4362
-38.9973
-38.553
-38.1023
-37.6443
-37.178
-36.7022
-36.2159
-35.718
-35.2073
-34.6826
-34.1426
-33.586
-33.0115
-32.4176
-31.8029
-31.1659
-30.5049
-29.8183
-29.1046
-28.3619
-27.5886
-26.783
-25.9432
-25.0675
-24.1544
-23.2021
-22.2092
-21.1744
-20.0966
-18.9749
-17.8089
-16.5986
-15.3447
-14.0483
-12.7119
-11.3387
-9.93348
-8.50253
-7.05404
-5.59836
-4.14811
-2.71827
-1.32596
0.0100593
1.27014
2.43491
3.48651
4.40991
5.19389
5.83174
6.32141
6.66518
6.86898
6.94157
6.89351
6.73635
6.48188
6.14158
5.72624
5.24577
4.7091
4.12415
3.49788
2.8364
2.14502
1.42836
0.690446
-0.065205
-0.835531
-1.61785
-2.40981
-3.20934
-4.01462
-4.82404
-5.63618
-6.4498
-7.26378
-8.07715
-8.88905
-9.69872
-10.5055
-11.3088
-12.1081
-12.9029
-13.693
-14.4779
-15.2574
-16.0312
-16.7992
-17.5612
-18.3172
-19.0669
-19.8105
-20.5477
-21.2787
-22.0035
-22.7222
-23.4347
-24.1412
-24.8419
-25.5368
-26.2261
-26.9101
-27.5889
-28.2627
-28.9317
-29.5963
-30.2567
-30.9132
-31.5662
-32.2159
-32.8628
-33.5072
-34.1495
-34.7902
-35.4296
-36.0683
-36.7067
-37.3454
-37.9847
-38.6253
-39.2676
-39.9123
-40.5598
-41.2108
-41.8657
-42.5251
-43.1896
-43.8595
-44.5355
-45.2179
-45.907
-46.6031
-47.3064
-48.017
-48.7348
-49.4594
-50.1904
-50.927
-51.6684
-52.4132
-53.1597
-53.9061
-54.65
-55.3888
-56.1195
-56.8389
-57.5435
-58.2299
-58.7916
-59.2713
-59.6868
-60.0473
-60.3582
-60.6233
-60.8457
-61.0279
-61.1728
-61.2828
-61.361
-61.4101
-61.433
-61.4326
-61.4118
-61.3731
-61.3191
-61.2522
-61.1744
-61.0877
-60.9937
-60.8941
-60.7902
-60.6831
-60.5738
-60.4631
-60.352
-60.2408
-60.1303
-60.0207
-59.9126
-59.8061
-59.7015
-59.5991
-59.499
-59.4013
-59.3061
-59.2135
-59.1235
-59.0361
-58.9515
-58.8695
-58.7903
-58.7137
-58.6398
-58.5684
-58.4997
-58.4336
-58.37
-58.3089
-58.2502
-58.194
-58.1401
-58.0885
-58.0392
-57.9922
-57.9473
-57.9046
-57.864
-57.8255
-57.7889
-57.7544
-57.7218
-57.691
-57.6622
-57.6351
-57.6098
-57.5863
-57.5644
-57.5443
-57.5257
-57.5087
-57.4933
-57.4795
-57.4671
-57.4562
-57.4467
-57.4386
-57.4318
-57.4264
-57.4224
-57.4196
-57.418
-57.4177
-57.4186
-57.4206
-57.4238
-57.4281
-57.4335
-57.44
-57.4476
-57.4561
-57.4657
-57.4763
-57.4878
-57.5003
-57.5137
-57.528
-57.5431
-57.5592
-57.5761
-57.5938
-57.6123
-57.6315
-57.6516
-57.6724
-57.694
-57.7162
-57.7392
-57.7628
-57.7871
-57.8121
-57.8377
-57.8639
-57.8908
-57.9182
-57.9462
-57.9748
-58.0039
-58.0336
-58.0637
-58.0944
-58.1256
-58.1573
-58.1895
-58.2221
-58.2551
-58.2886
-58.3225
-58.3568
-58.3916
-58.4267
-58.4622
-58.498
-58.5342
-58.5708
-58.6077
-58.6449
-58.6825
-58.7203
-58.7585
-58.7969
-58.8356
-58.8746
-58.9138
-58.9533
-58.9931
-59.033
-59.0732
-59.0025
-58.8672
-58.6895
-58.4825
-58.2548
-58.0129
-57.7613
-57.5036
-57.2423
-56.9796
-56.7169
-56.4556
-56.1965
-55.9404
-55.6879
-55.4395
-55.1954
-54.9561
-54.7216
-54.4921
-54.2678
-54.0488
-53.835
-53.6266
-53.4234
-53.2256
-53.033
-52.8456
-52.6634
-52.4863
-52.3143
-52.1471
-51.9849
-51.8274
-51.6746
-51.5264
-51.3827
-51.2434
-51.1084
-50.9777
-50.8511
-50.7285
-50.6099
-50.4951
-50.3841
-50.2768
-50.173
-50.0729
-49.9761
-49.8827
-49.7926
-49.7057
-49.622
-49.5414
-49.4637
-49.3891
-49.3173
-49.2484
-49.1823
-49.1189
-49.0583
-49.0002
-48.9448
-48.8919
-48.8416
-48.7937
-48.7483
-48.7053
-48.6647
-48.6264
-48.5905
-48.5568
-48.5254
-48.4963
-48.4694
-48.4447
-48.4222
-48.4018
-48.3836
-48.3676
-48.3536
-48.3418
-48.332
-48.3243
-48.3187
-48.3151
-48.3136
-48.3141
-48.3166
-48.3212
-48.3277
-48.3363
-48.3469
-48.3595
-48.374
-48.3905
-48.4091
-48.4296
-48.452
-48.4764
-48.5028
-48.5312
-48.5615
-48.5937
-48.6279
-48.664
-48.702
-48.742
-48.7839
-48.8277
-48.8734
-48.921
-48.9705
-49.0219
-49.0752
-49.1304
-49.1874
-49.2463
-49.3071
-49.3696
-49.434
-49.5002
-49.5683
-49.6381
-49.7096
-49.7829
-49.858
-49.9348
-50.0133
-50.0934
-50.1753
-50.2588
-50.3438
-50.4305
-50.5188
-50.6086
-50.6999
-50.7927
-50.8869
-50.9826
-51.0797
-51.1781
-51.2778
-51.3788
-51.4811
-51.5846
-51.6892
-51.795
-51.9019
-52.0098
-52.1187
-52.2286
-52.3394
-52.4511
-52.5636
-52.6768
-52.7908
-52.9055
-53.0208
-53.1366
-53.253
-53.3699
-53.4872
-53.6048
-53.7228
-53.8411
-53.9596
-54.0782
-54.197
-54.3159
-54.4348
-54.5537
-54.6725
-54.7912
-54.9097
-55.0281
-55.1462
-55.2639
-55.3814
-55.4985
-55.6152
-55.7314
-55.8471
-55.9623
-56.077
-56.1911
-56.3045
-56.4173
-56.5294
-56.6408
-56.7515
-56.8614
-56.9706
-57.079
-57.1865
-57.2932
-57.399
-57.504
-57.6081
-57.7113
-57.8136
-57.915
-58.0155
-58.1151
-58.2137
-58.3113
-58.408
-58.5038
-58.5986
-58.6925
-58.7854
-58.8774
-58.9684
-59.0585
-59.1476
-59.2358
-59.323
-59.4093
-59.4947
-59.5792
-59.6628
-59.7454
-59.8272
-59.908
-59.988
-60.0671
-60.1453
-60.2227
-60.2992
-60.3749

