-65
-64.9994
-64.9988
-64.9982
-64.9977
-64.9971
-64.9965
-64.996
-64.9954
-64.9949
-64.9943
-64.9938
-64.9932
-64.9927
-64.9922
-64.9917
-64.9912
-64.9906
-64.9901
-64.9896
-64.9891
-64.9886
-64.9881
-64.9876
-64.9872
-64.9867
-64.9862
-64.9857
-64.9852
-64.9848
-64.9843
-64.9838
-64.9834
-64.9829
-64.9825
-64.982
-64.9816
-64.9811
-64.9807
-64.9802
-64.9798
-64.9794
-64.9789
-64.9785
-64.9781
-64.9777
-64.9772
-64.9768
-64.9764
-64.976
-64.9756
-64.9752
-64.9748
-64.9744
-64.974
-64.9736
-64.9732
-64.9728
-64.9725
-64.9721
-64.9717
-64.9713
-64.971
-64.9706
-64.9702
-64.9699
-64.9695
-64.9692
-64.9688
-64.9685
-64.9681
-64.9678
-64.9675
-64.9671
-64.9668
-64.9665
-64.9661
-64.9658
-64.9655
-64.9652
-64.9649
-64.9646
-64.9642
-64.9639
-64.9636
-64.9633
-64.963
-64.9628
-64.9625
-64.9622
-64.9619
-64.9616
-64.9613
-64.9611
-64.9608
-64.9605
-64.9603
-64.96
-64.9598
-64.9595
-64.9592
-64.959
-64.9588
-64.9585
-64.9583
-64.958
-64.9578
-64.9576
-64.9573
-64.9571
-64.9569
-64.9567
-64.9565
-64.9562
-64.956
-64.9558
-64.9556
-64.9554
-64.9552
-64.955
-64.9548
-64.9546
-64.9545
-64.9543
-64.9541
-64.9539
-64.9537
-64.9536
-64.9534
-64.9532
-64.9531
-64.9529
-64.9527
-64.9526
-64.9524
-64.9523
-64.9521
-64.952
-64.9519
-64.9517
-64.9516
-64.9514
-64.9513
-64.9512
-64.9511
-64.9509
-64.9508
-64.9507
-64.9506
-64.9505
-64.9504
-64.9503
-64.9502
-64.95
-64.9499
-64.9499
-64.9498
-64.9497
-64.9496
-64.9495
-64.9494
-64.9493
-64.9492
-64.9492
-64.9491
-64.949
-64.9489
-64.9489
-64.9488
-64.9487
-64.9487
-64.9486
-64.9486
-64.9485
-64.9485
-64.9484
-64.9484
-64.9483
-64.9483
-64.9482
-64.9482
-64.9482
-64.9481
-64.9481
-64.9481
-64.948
-64.948
-64.948
-64.948
-64.948
-64.9479
-64.9479
-64.9479
-64.9479
-64.9479
-64.9479
-64.9479
-64.9479
-64.9479
-64.9479
-64.9479
-64.9479
-64.9479
-64.9479
-64.9479
-64.9479
-64.9479
-64.9479
-64.948
-64.948
-64.948
-64.948
-64.9481
-64.9481
-64.9481
-64.9481
-64.9482
-64.9482
-64.9482
-64.9483
-64.9483
-64.9483
-64.9484
-64.9484
-64.9485
-64.9485
-64.9486
-64.9486
-64.9487
-64.9487
-64.9488
-64.9488
-64.9489
-64.9489
-64.949
-64.9491
-64.9491
-64.9492
-64.9492
-64.9493
-64.9494
-64.9494
-64.9495
-64.9496
-64.9497
-64.9497
-64.9498
-64.9499
-64.95
-64.95
-64.9501
-64.9502
-64.9503
-64.9504
-64.9504
-64.9505
-64.9506
-64.9507
-64.9508
-64.9509
-64.951
-64.951
-64.9511
-64.9512
-64.9513
-64.9514
-64.9515
-64.9516
-64.9517
-64.9518
-64.9519
-64.952
-64.9521
-64.9522
-64.9523
-64.9524
-64.9525
-64.9526
-64.9527
-64.9528
-64.9529
-64.953
-64.9532
-64.9533
-64.9534
-64.9535
-64.9536
-64.9537
-64.9538
-64.9539
-64.954
-64.9542
-64.9543
-64.9544
-64.9545
-64.9546
-64.9547
-64.9548
-64.955
-64.9551
-64.9552
-64.9553
-64.9554
-64.9556
-64.9557
-64.9558
-64.9559
-64.956
-64.9562
-64.9563
-64.9564
-64.9565
-64.9566
-64.9568
-64.9569
-64.957
-64.9571
-64.9573
-64.9574
-64.9575
-64.9576
-64.9578
-64.9579
-64.958
-64.9581
-64.9583
-64.9584
-64.9585
-64.9587
-64.9588
-64.9589
-64.959
-64.9592
-64.9593
-64.9594
-64.9595
-64.9597
-64.9598
-64.9599
-64.96
-64.9602
-64.9603
-64.9604
-64.9606
-64.9607
-64.9608
-64.9609
-64.9611
-64.9612
-64.9613
-64.9614
-64.9616
-64.9617
-64.9618
-64.962
-64.9621
-64.9622
-64.9623
-64.9625
-64.9626
-64.9627
-64.9628
-64.963
-64.9631
-64.9632
-64.9633
-64.9635
-64.9636
-64.9637
-64.9638
-64.964
-64.9641
-64.9642
-64.9643
-64.9645
-64.9646
-64.9647
-64.9648
-64.9649
-64.9651
-64.9652
-64.9653
-64.9654
-64.9655
-64.9657
-64.9658
-64.9659
-64.966
-64.9661
-64.9663
-64.9664
-64.9665
-64.9666
-64.9667
-64.9668
-64.967
-64.9671
-64.9672
-64.9673
-64.9674
-64.9675
-64.9677
-64.9678
-64.9679
-64.968
-64.9681
-64.9682
-64.9683
-64.9684
-64.9685
-64.9687
-64.9688
-64.9689
-64.969
-64.9691
-64.9692
-64.9693
-64.9694
-64.9695
-64.9696
-64.9697
-64.9698
-64.9699
-64.97
-64.9701
-64.9702
-64.9703
-64.9704
-64.9705
-64.9706
-64.9707
-64.9708
-64.9709
-64.971
-64.9711
-64.9712
-64.9713
-64.9714
-64.9715
-64.9716
-64.9717
-64.9718
-64.9719
-64.972
-64.9721
-64.9722
-64.9722
-64.9723
-64.9724
-64.9725
-64.9726
-64.9727
-64.9728
-64.9729
-64.9729
-64.973
-64.9731
-64.9732
-64.9733
-64.9734
-64.9734
-64.9735
-64.9736
-64.9737
-64.9738
-64.9738
-64.9739
-64.974
-64.9741
-64.9741
-64.9742
-64.9743
-64.9744
-64.9744
-64.9745
-64.9746
-64.9747
-64.9747
-64.9748
-64.9749
-64.9749
-64.975
-64.9751
-64.9751
-64.9752
-64.9753
-64.9753
-64.9754
-64.9755
-64.9755
-64.9756
-64.9757
-64.9757
-64.9758
-64.9758
-64.9759
-64.976
-64.976
-64.9761
-64.9761
-64.9762
-64.9762
-64.9763
-64.9764
-64.9764
-64.9765
-64.9765
-64.9766
-64.9766
-64.9767
-64.9767
-64.9768
-64.9768
-64.9769
-64.9769
-64.977
-64.977
-64.9771
-64.9771
-64.9771
-64.9772
-64.9772
-64.9773
-64.9773
-64.9774
-64.9774
-64.9774
-64.9775
-64.9775
-64.9776
-64.9776
-64.9776
-64.9777
-64.9777
-64.9778
-64.9778
-64.9778
-64.9779
-64.9779
-64.9779
-64.978
-64.978
-64.978
-64.9781
-64.9781
-64.9781
-64.9781
-64.9782
-64.9782
-64.9782
-64.9783
-64.9783
-64.9783
-64.9783
-64.9784
-64.9784
-64.9784
-64.9784
-64.9785
-64.9785
-64.9785
-64.9785
-64.9785
-64.9786
-64.9786
-64.9786
-64.9786
-64.9786
-64.9787
-64.9787
-64.9787
-64.9787
-64.9787
-64.9787
-64.9787
-64.9788
-64.9788
-64.9788
-64.9788
-64.9788
-64.9788
-64.9788
-64.9789
-64.9789
-64.9789
-64.9789
-64.9789
-64.9789
-64.9789
-64.9789
-64.9789
-64.9789
-64.9789
-64.9789
-64.9789
-64.979
-64.979
-64.979
-64.979
-64.979
-64.979
-64.979
-64.979
-64.979
-64.979
-64.979
-64.979
-64.979
-64.979
-64.979
-64.979
-64.979
-64.979
-64.979
-64.979
-64.979
-64.979
-64.979
-64.979
-64.979
-64.979
-64.979
-64.9789
-64.9789
-64.9789
-64.9789
-64.9789
-64.9789
-64.9789
-64.9789
-64.9789
-64.9789
-64.9789
-64.9789
-64.9789
-64.9789
-64.9788
-64.9788
-64.9788
-64.9788
-64.9788
-64.9788
-64.9788
-64.9788
-64.9788
-64.9787
-64.9787
-64.9787
-64.9787
-64.9787
-64.9787
-64.9787
-64.9787
-64.9786
-64.9786
-64.9786
-64.9786
-64.9786
-64.9786
-64.9786
-64.9785
-64.9785
-64.9785
-64.9785
-64.9785
-64.9785
-64.9784
-64.9784
-64.9784
-64.9784
-64.9784
-64.9783
-64.9783
-64.9783
-64.9783
-64.9783
-64.9783
-64.9782
-64.9782
-64.9782
-64.9782
-64.9782
-64.9781
-64.9781
-64.9781
-64.9781
-64.9781
-64.978
-64.978
-64.978
-64.978
-64.9779
-64.9779
-64.9779
-64.9779
-64.9779
-64.9778
-64.9778
-64.9778
-64.9778
-64.9778
-64.9777
-64.9777
-64.9777
-64.9777
-64.9776
-64.9776
-64.9776
-64.9776
-64.9775
-64.9775
-64.9775
-64.9775
-64.9774
-64.9774
-64.9774
-64.9774
-64.9774
-64.9773
-64.9773
-64.9773
-64.9773
-64.9772
-64.9772
-64.9772
-64.9772
-64.9771
-64.9771
-64.9771
-64.9771
-64.977
-64.977
-64.977
-64.977
-64.9769
-64.9769
-64.9769
-64.9769
-64.9768
-64.9768
-64.9768
-64.9768
-64.9767
-64.9767
-64.9767
-64.9767
-64.9766
-64.9766
-64.9766
-64.9766
-64.9765
-64.9765
-64.9765
-64.9765
-64.9764
-64.9764
-64.9764
-64.9764
-64.9763
-64.9763
-64.9763
-64.9763
-64.9762
-64.9762
-64.9762
-64.9762
-64.9761
-64.9761
-64.9761
-64.9761
-64.976
-64.976
-64.976
-64.976
-64.9759
-64.9759
-64.9759
-64.9759
-64.9758
-64.9758
-64.9758
-64.9758
-64.9757
-64.9757
-64.9757
-64.9757
-64.9756
-64.9756
-64.9756
-64.9756
-64.9755
-64.9755
-64.9755
-64.9755
-64.9754
-64.9754
-64.9754
-64.9754
-64.9753
-64.9753
-64.9753
-64.9753
-64.9753
-64.9752
-64.9752
-64.9752
-64.9752
-64.9751
-64.9751
-64.9751
-64.9751
-64.975
-64.975
-64.975
-64.975
-64.975
-64.9749
-64.9749
-64.9749
-64.9749
-64.9748
-64.9748
-64.9748
-64.9748
-64.9748
-64.9747
-64.9747
-64.9747
-64.9747
-64.9747
-64.9746
-64.9746
-64.9746
-64.9746
-64.9746
-64.9745
-64.9745
-64.9745
-64.9745
-64.9745
-64.9744
-64.9744
-64.9744
-64.9744
-64.9744
-64.9743
-64.9743
-64.9743
-64.9743
-64.9743
-64.9742
-64.9742
-64.9742
-64.9742
-64.9742
-64.9742
-64.9741
-64.9741
-64.9741
-64.9741
-64.9741
-64.9741
-64.974
-64.974
-64.974
-64.974
-64.974
-64.974
-64.9739
-64.9739
-64.9739
-64.9739
-64.9739
-64.9739
-64.9738
-64.9738
-64.9738
-64.9738
-64.9738
-64.9738
-64.9737
-64.9737
-64.9737
-64.9737
-64.9737
-64.9737
-64.9737
-64.9736
-64.9736
-64.9736
-64.9736
-64.9736
-64.9736
-64.9736
-64.9736
-64.9735
-64.9735
-64.9735
-64.9735
-64.9735
-64.9735
-64.9735
-64.9735
-64.9734
-64.9734
-64.9734
-64.9734
-64.9734
-64.9734
-64.9734
-64.9734
-64.9733
-64.9733
-64.9733
-64.9733
-64.9733
-64.9733
-64.9733
-64.9733
-64.9733
-64.9733
-64.9732
-64.9732
-64.9732
-64.9732
-64.9732
-64.9732
-64.9732
-64.9732
-64.9732
-64.9732
-64.9732
-64.9731
-64.9731
-64.9731
-64.9731
-64.9731
-64.9731
-64.9731
-64.9731
-64.9731
-64.9731
-64.9731
-64.9731
-64.9731
-64.973
-64.973
-64.973
-64.973
-64.973
-64.973
-64.973
-64.973
-64.973
-64.973
-64.973
-64.973
-64.973
-64.973
-64.973
-64.973
-64.973
-64.9729
-64.9729
-64.9729
-64.9729
-64.9729
-64.9729
-64.9729
-64.9729
-64.9729
-64.9729
-64.9729
-64.9729
-64.9729
-64.9729
-64.9729
-64.9729
-64.9729
-64.9729
-64.9729
-64.9729
-64.9729
-64.9729
-64.9729
-64.9729
-64.9729
-64.9729
-64.9728
-64.9728
-64.9728
-64.9728
-64.9728
-64.9728
-64.9728
-64.9728
-64.9728
-64.9728
-64.9728
-64.9728
-64.9728
-64.9728
-64.9728
-64.9728
-64.9728
-64.9728
-64.9728
-64.9728
-64.9728
-64.9728
-64.9728
-64.9728
-64.9728
-64.9728
-64.9728
-64.9728
-64.9728
-64.9728
-64.9728
-64.9728
-64.9728
-64.9728
-64.9728
-64.9728
-64.9728
-64.9728
-64.9728
-64.9728
-64.9728
-64.9728
-64.9728
-64.9728
-64.9728
-64.9728
-64.9728
-64.9728
-64.9728
-64.9728
-64.9728
-64.9728
-64.9728
-64.9728
-64.9728
-64.9728
-64.9728
-64.9728
-64.9728
-64.9729
-64.9729
-64.9729
-64.9729
-64.9729
-64.9729
-64.9729
-64.9729
-64.9729
-64.9729
-64.9729
-64.9729
-64.9729
-64.9729
-64.9729
-64.9729
-64.9729
-64.9729
-64.9729
-64.9729
-64.9729
-64.9729
-64.9729
-64.9729
-64.9729
-64.9729
-64.9729
-64.9729
-64.9729
-64.9729
-64.9729
-64.9729
-64.9729
-64.9729
-64.973
-64.973
-64.973
-64.973
-64.973
-64.973
-64.973
-64.973
-64.973
-64.973
-64.973
-64.973
-64.973
-64.973
-64.973
-64.973
-64.973
-64.973
-64.973
-64.973
-64.973
-64.973
-64.973
-64.973
-64.9731
-64.9731
-64.9731
-64.9731
-64.9731
-64.9731
-64.9731
-64.9731
-64.9731
-64.9731
-64.9731
-64.9731
-64.9731
-64.9731
-64.9731
-64.9731
-64.9731
-64.9731
-64.9731
-64.9731
-64.9731
-64.9732
-64.9732
-64.9732
-64.9732
-64.9732
-64.9732
-64.9732
-64.9732
-64.9732
-64.9732
-64.9732
-64.9732
-64.9732
-64.9732
-64.9732
-64.9732
-64.9732
-64.9732
-64.9732
-64.9732
-64.9733
-64.9733
-64.9733
-64.9733
-64.9733
-64.9733
-64.9733
-64.9733
-64.9733
-64.9733
-64.9733
-64.9733
-64.9733
-64.9733
-64.9733
-64.9733
-64.9733
-64.9733
-64.9733
-64.9733
-64.9734
-64.9734
-64.9734
-64.9734
-64.9734
-64.9734
-64.9734
-64.9734
-64.9734
-64.9734
-64.9734
-64.9734
-64.9734
-64.9734
-64.9734
-64.9734
-64.9734
-64.9734
-64.9734
-64.9734
-64.9735
-64.9735
-64.9735
-64.9735
-64.9735
-64.9735
-64.9735
-64.9735
-64.9735
-64.9735
-64.9735
-64.9735
-64.9735
-64.9735
-64.9735
-64.9735
-64.9735
-64.9735
-64.9735
-64.9735
-64.9736
-64.9736
-64.9736
-64.9736
-64.9736
-64.9736
-64.9736
-64.9736
-64.9736
-64.9736
-64.9736
-64.9736
-64.9736
-64.9736
-64.9736
-64.9736
-64.9736
-64.9736
-64.9736
-64.9736
-64.9736
-64.9736
-64.9737
-64.9737
-64.9737
-64.9737
-64.9737
-64.9737
-64.9737
-64.9737
-64.9737
-64.9737
-64.9737
-64.9737
-64.9737
-64.9737
-64.9737
-64.9737
-64.9737
-64.9737
-64.9737
-64.9737
-64.9737
-64.9737
-64.9737
-64.9737
-64.9738
-64.9738
-64.9738
-64.9738
-64.9738
-64.9738
-64.9738
-64.9738
-64.9738
-64.9738
-64.9738
-64.9738
-64.9738
-64.9738
-64.9738
-64.9738
-64.9738
-64.9738
-64.9738
-64.9738
-64.9738
-64.9738
-64.9738
-64.9738
-64.9738
-64.9738
-64.9738
-64.9739
-64.9739
-64.9739
-64.9739
-64.9739
-64.9739
-64.9739
-64.9739
-64.9739
-64.9739
-64.9739
-64.9739
-64.9739
-64.9739
-64.9739
-64.9739
-64.9739
-64.9739
-64.9739
-64.9739
-64.9739
-64.9739
-64.9739
-64.9739
-64.9739
-64.9739
-64.9739
-64.9739
-64.9739
-64.9739
-64.9739
-64.9739
-64.9739
-64.9739
-64.9739
-64.9739
-64.974
-64.974
-64.974
-64.974
-64.974
-64.974
-64.974
-64.974
-64.974
-64.974
-64.974
-64.974
-64.974
-64.974
-64.974
-64.974
-64.974
-64.974
-64.974
-64.974
-64.974
-64.974
-64.974
-64.974
-64.974
-64.974
-64.974
-64.974
-64.974
-64.974
-64.974
-64.974
-64.974
-64.974
-64.974
-64.974
-64.974
-64.974
-64.974
-64.974
-64.974
-64.974
-64.974
-64.974
-64.974
-64.974
-64.974
-64.974
-64.974
-64.974
-64.974
-64.974
-64.974
-64.974
-64.974
-64.974
-64.974
-64.974
-64.974
-64.974
-64.9741
-64.9741
-64.9741
-64.9741
-64.9741
-64.9741
-64.9741
-64.9741
-64.9741
-64.9741
-64.9741
-64.9741
-64.9741
-64.9741
-64.9741
-64.9741
-64.9741
-64.9741
-64.9741
-64.9741
-64.9741
-64.9741
-64.9741
-64.9741
-64.9741
-64.9741
-64.9741
-64.9741
-64.9741
-64.9741
-64.9741
-64.9741
-64.9741
-64.9741
-64.9741
-64.9741
-64.9741
-64.9741
-64.9741
-64.9741
-64.9741
-64.9741
-64.9741
-64.9741
-64.9741
-64.9741
-64.9741
-64.9741
-64.9741
-64.9741
-64.9741
-64.9741
-64.9741
-64.9741
-64.9741
-64.9741
-64.9741
-64.9741
-64.9741
-64.9741
-64.9741
-64.9741
-64.9741
-64.9741
-64.9741
-64.9741
-64.9741
-64.9741
-64.9741
-64.9741
-64.9741
-64.9741
-64.9741
-64.9741
-64.9741
-64.9741
-64.9741
-64.9741
-64.9741
-64.9741
-64.9741
-64.9741
-64.9741
-64.9741
-64.9741
-64.9741
-64.9741
-64.9741
-64.9741
-64.9741
-64.9741
-64.9741
-64.9741
-64.9741
-64.9741
-64.9741
-64.9741
-64.9741
-64.9741
-64.9741
-64.9741
-64.9741
-64.9741
-64.9741
-64.9741
-64.9741
-64.9741
-64.9741
-64.9741
-64.9741
-64.9741
-64.9741
-64.9741
-64.9741
-64.9741
-64.9741
-64.9741
-64.974
-64.974
-64.974
-64.974
-64.974
-64.974
-64.974
-64.974
-64.974
-64.974
-64.974
-64.974
-64.974
-64.974
-64.974
-64.974
-64.974
-64.974
-64.974
-64.974
-64.974
-64.974
-64.974
-64.974
-64.974
-64.974
-64.974
-64.974
-64.974
-64.974
-64.974
-64.974
-64.974
-64.974
-64.974
-64.974
-64.974
-64.974
-64.974
-64.974
-64.974
-64.974
-64.974
-64.974
-64.974
-64.974
-64.974
-64.974
-64.974
-64.974
-64.974
-64.974
-64.974
-64.974
-64.974
-64.974
-64.974
-64.974
-64.974
-64.974
-64.974
-64.974
-64.974
-64.974
-64.974
-64.974
-64.974
-64.974
-64.974
-64.974
-64.974
-64.974
-64.974
-64.974
-64.974
-64.974
-64.974
-64.974
-64.974
-64.974
-64.974
-64.974
-64.974
-64.974
-64.974
-64.974
-64.974
-64.974
-64.974
-64.974
-64.974
-64.974
-64.974
-64.974
-64.974
-64.974
-64.974
-64.974
-64.974
-64.974
-64.974
-64.974
-64.974
-64.974
-64.974
-64.974
-64.974
-64.9739
-64.9739
-64.9739
-64.9739
-64.9739
-64.9739
-64.9739
-64.9739
-64.9739
-64.9739
-64.9739
-64.9739
-64.9739
-64.9739
-64.9739
-64.9739
-64.9739
-64.9739
-64.9739
-64.9739
-64.9739
-64.9739
-64.9739
-64.9739
-64.9739
-64.9739
-64.9739
-64.9739
-64.9739
-64.9739
-64.9739
-64.9739
-64.9739
-64.9739
-64.9739
-64.9739
-64.9739
-64.9739
-64.9739
-64.9739
-64.9739
-64.9739
-64.9739
-64.9739
-64.9739
-64.9739
-64.9739
-64.9739
-64.9739
-64.9739
-64.9739
-64.9739
-64.9739
-64.9739
-64.9739
-64.9739
-64.9739
-64.9739
-64.9739
-64.9739
-64.9739
-64.9739
-64.9739
-64.9739
-64.9739
-64.9739
-64.9739
-64.9739
-64.9739
-64.9739
-64.9739
-64.9739
-64.9739
-64.9739
-64.9739
-64.9739
-64.9739
-64.9739
-64.9739
-64.9739
-64.9739
-64.9739
-64.9739
-64.9739
-64.9739
-64.9739
-64.9739
-64.9739
-64.9739
-64.9739
-64.9739
-64.9739
-64.9739
-64.9739
-64.9739
-64.9739
-64.9739
-64.9739
-64.9739
-64.9739
-64.9739
-64.9739
-64.9739
-64.9739
-64.9739
-64.9739
-64.9739
-64.9739
-64.9739
-64.9739
-64.9739
-64.9739
-64.9739
-64.9739
-64.9739
-64.9739
-64.9739
-64.9739
-64.9739
-64.9739
-64.9739
-64.9739
-64.9739
-64.9739
-64.9739
-64.9739
-64.9739
-64.9739
-64.9739
-64.9739
-64.9739
-64.9739
-64.9739
-64.9739
-64.9739
-64.9739
-64.9739
-64.9739
-64.9739
-64.9739
-64.9738
-64.9738
-64.9738
-64.9738
-64.9738
-64.9738
-64.9738
-64.9738
-64.9738
-64.9738
-64.9738
-64.9738
-64.9738
-64.9738
-64.9738
-64.9738
-64.9738
-64.9738
-64.9738
-64.9738
-64.9738
-64.9738
-64.9738
-64.9738
-64.9738
-64.9738
-64.9738
-64.9738
-64.9738
-64.9738
-64.9738
-64.9738
-64.8392
-64.617
-64.3304
-63.9937
-63.6174
-63.2092
-62.7756
-62.3215
-61.851
-61.3675
-60.8735
-60.3714
-59.863
-59.3497
-58.8327
-58.3131
-57.7916
-57.2688
-56.7452
-56.2212
-55.6969
-55.1725
-54.6479
-54.1229
-53.5975
-53.0711
-52.5435
-52.0139
-51.4818
-50.9464
-50.4066
-49.8615
-49.3098
-48.75
-48.1807
-47.6001
-47.006
-46.3963
-45.7684
-45.1194
-44.446
-43.7446
-43.011
-42.2406
-41.4278
-40.5667
-39.6504
-38.6708
-37.6189
-36.4845
-35.2556
-33.919
-32.4592
-30.8591
-29.0993
-27.1586
-25.0139
-22.641
-20.0155
-17.1148
-13.9211
-10.4248
-6.63025
-2.56131
1.73303
6.17522
10.66
15.0611
19.2439
23.0817
26.4723
29.3497
31.6897
33.5068
34.8455
35.7684
36.345
36.6422
36.7191
36.6245
36.3965
36.0641
35.6487
35.1658
34.627
34.0404
33.4124
32.7477
32.0501
31.3227
30.5683
29.789
28.9871
28.1643
27.3225
26.4633
25.5883
24.6989
23.7965
22.8825
21.958
21.0244
20.0828
19.1342
18.1796
17.2201
16.2565
15.2897
14.3205
13.3497
12.3779
11.4058
10.4341
9.46332
8.49393
7.52646
6.56134
5.59898
4.63976
3.684
2.73201
1.78408
0.840428
-0.0987137
-1.03316
-1.96274
-2.88731
-3.80677
-4.72101
-5.62994
-6.53351
-7.43166
-8.32438
-9.21164
-10.0935
-10.9698
-11.8408
-12.7065
-13.5668
-14.4219
-15.2718
-16.1168
-16.9568
-17.7919
-18.6225
-19.4486
-20.2703
-21.088
-21.9018
-22.7119
-23.5187
-24.3224
-25.1234
-25.922
-26.7187
-27.5138
-28.3078
-29.1012
-29.8946
-30.6886
-31.4837
-32.2808
-33.0804
-33.8835
-34.6908
-35.5033
-36.3218
-37.1473
-37.9809
-38.8237
-39.6767
-40.541
-41.4178
-42.3081
-43.213
-44.1336
-45.0708
-46.0253
-46.9977
-47.9884
-48.9975
-50.0244
-51.0684
-52.1281
-53.2014
-54.2855
-55.3768
-56.4708
-57.5621
-58.6446
-59.7115
-60.7554
-61.7687
-62.7439
-63.6736
-64.5516
-65.3725
-66.1323
-66.8286
-67.4605
-68.0286
-68.5349
-68.9825
-69.3752
-69.7175
-70.0142
-70.2702
-70.4901
-70.6784
-70.8393
-70.9766
-71.0936
-71.1933
-71.2784
-71.3511
-71.4132
-71.4665
-71.5124
-71.552
-71.5864
-71.6163
-71.6425
-71.6656
-71.6861
-71.7043
-71.7207
-71.7354
-71.7489
-71.7612
-71.7725
-71.7831
-71.7929
-71.8021
-71.8109
-71.8191
-71.827
-71.8346
-71.8419
-71.8489
-71.8557
-71.8623
-71.8688
-71.875
-71.8812
-71.8872
-71.8931
-71.8988
-71.9045
-71.9101
-71.9156
-71.921
-71.9263
-71.9316
-71.9367
-71.9418
-71.9469
-71.9518
-71.9567
-71.9615
-71.9663
-71.9709
-71.9755
-71.9801
-71.9845
-71.9889
-71.9933
-71.9975
-72.0017
-72.0058
-72.0099
-72.0138
-72.0177
-72.0216
-72.0253
-72.029
-72.0326
-72.0361
-72.0396
-72.0429
-72.0462
-72.0495
-72.0526
-72.0557
-72.0586
-72.0615
-72.0644
-72.0671
-72.0697
-72.0723
-72.0748
-72.0772
-72.0795
-72.0817
-72.0839
-72.0859
-72.0879
-72.0898
-72.0916
-72.0933
-72.0949
-72.0964
-72.0979
-72.0992
-72.1005
-72.1017
-72.1027
-72.1037
-72.1046
-72.1054
-72.1061
-72.1067
-72.1073
-72.1077
-72.108
-72.1083
-72.1084
-72.1085
-72.1084
-72.1083
-72.1081
-72.1077
-72.1073
-72.1068
-72.1062
-72.1054
-72.1046
-72.1037
-72.1027
-72.1016
-72.1004
-72.0991
-72.0978
-72.0963
-72.0947
-72.093
-72.0912
-72.0894
-72.0874
-72.0853
-72.0832
-72.0809
-72.0785
-72.0761
-72.0735
-72.0709
-72.0681
-72.0653
-72.0623
-72.0593
-72.0561
-72.0529
-72.0496
-72.0462
-72.0426
-72.039
-72.0353
-72.0315
-72.0276
-72.0236
-72.0195
-72.0153
-72.011
-72.0066
-72.0021
-71.9975
-71.9929
-71.9881
-71.9832
-71.9783
-71.9732
-71.9681
-71.9628
-71.9575
-71.9521
-71.9466
-71.941
-71.9353
-71.9295
-71.9236
-71.9176
-71.9115
-71.9054
-71.8991
-71.8928
-71.8863
-71.8798
-71.8732
-71.8665
-71.8597
-71.8528
-71.8459
-71.8388
-71.8317
-71.8245
-71.8171
-71.8097
-71.657
-71.4128
-71.1034
-70.7453
-70.3501
-69.9268
-69.482
-69.0214
-68.5492
-68.069
-67.5837
-67.0956
-66.6066
-66.1184
-65.6322
-65.1492
-64.6702
-64.1961
-63.7275
-63.265
-62.809
-62.3598
-61.9179
-61.4833
-61.0565
-60.6374
-60.2262
-59.8229
-59.4277
-59.0406
-58.6614
-58.2902
-57.9269
-57.5715
-57.2237
-56.8836
-56.5509
-56.2256
-55.9074
-55.5962
-55.2917
-54.9939
-54.7025
-54.4172
-54.1379
-53.8643
-53.5962
-53.3334
-53.0757
-52.8226
-52.5742
-52.33
-52.0898
-51.8534
-51.6205
-51.3909
-51.1643
-50.9404
-50.719
-50.4997
-50.2824
-50.0668
-49.8526
-49.6395
-49.4272
-49.2155
-49.0041
-48.7926
-48.5808
-48.3684
-48.1551
-47.9405
-47.7243
-47.5062
-47.2858
-47.0628
-46.8367
-46.6072
-46.3738
-46.1361
-45.8936
-45.6458
-45.3922
-45.1322
-44.8653
-44.5907
-44.3078
-44.0159
-43.7142
-43.4017
-43.0776
-42.7409
-42.3904
-42.0251
-41.6436
-41.2445
-40.8263
-40.3873
-39.9258
-39.4397
-38.927
-38.3851
-37.8116
-37.2037
-36.5582
-35.8719
-35.141
-34.3617
-33.5297
-32.6404
-31.6889
-30.67
-29.5782
-28.4079
-27.1532
-25.8084
-24.3677
-22.8259
-21.1786
-19.4221
-17.5546
-15.5761
-13.4894
-11.3004
-9.01918
-6.66004
-4.24227
-1.79015
0.667206
3.09645
5.46112
7.7232
9.84515
11.7923
13.5351
15.0512
16.3271
17.3581
18.1484
18.7091
19.0572
19.2125
19.1969
19.0317
18.7374
18.3326
17.8338
17.2553
16.6094
15.9064
15.1552
14.3632
13.5367
12.681
11.8006
10.8995
9.98113
9.04839
8.10389
7.14992
6.18849
5.22139
4.25022
3.27639
2.30115
1.32564
0.35084
-0.622352
-1.59315
-2.56087
-3.52489
-4.48468
-5.43976
-6.38974
-7.33426
-8.27302
-9.20579
-10.1323
-11.0525
-11.9662
-12.8732
-13.7736
-14.6672
-15.5542
-16.4344
-17.308
-18.175
-19.0355
-19.8896
-20.7374
-21.5791
-22.415
-23.2451
-24.0698
-24.8892
-25.7037
-26.5137
-27.3193
-28.1211
-28.9193
-29.7146
-30.5072
-31.2978
-32.0868
-32.8749
-33.6626
-34.4506
-35.2396
-36.0303
-36.8235
-37.6199
-38.4204
-39.2257
-40.0368
-40.8545
-41.6797
-42.5132
-43.356
-44.2088
-45.0724
-45.9475
-46.8347
-47.6517
-48.4344
-49.1988
-49.9527
-50.7006
-51.4448
-52.1863
-52.9251
-53.6605
-54.3912
-55.1156
-55.8313
-56.5358
-57.2261
-57.8988
-58.5505
-59.1776
-59.7764
-60.3434
-60.8754
-61.3695
-61.8236
-62.2359
-62.6057
-62.9327
-63.2176
-63.4616
-63.6667
-63.8351
-63.9695
-64.0729
-64.1484
-64.1988
-64.2272
-64.2365
-64.2292
-64.2077
-64.1744
-64.1312
-64.0797
-64.0216
-63.9582
-63.8907
-63.82
-63.747
-63.6724
-63.5969
-63.521
-63.4451
-63.3696
-63.2947
-63.2207
-63.1479
-63.0764
-63.0063
-62.9377
-62.8708
-62.8055
-62.742
-62.6802
-62.6202
-62.562
-62.5057
-62.4511
-62.3983
-62.3474
-62.2982
-62.2508
-62.2051
-62.1611
-62.1188
-62.0782
-62.0392
-62.0018
-61.9661
-61.9318
-61.8991
-61.8679
-61.8382
-61.81
-61.7831
-61.7576
-61.7335
-61.7107
-61.6893
-61.6691
-61.6502
-61.6325
-61.616
-61.6006
-61.5865
-61.5734
-61.5615
-61.5507
-61.5409
-61.5321
-61.5244
-61.5177
-61.5119
-61.5071
-61.5032
-61.5002
-61.4982
-61.497
-61.4966
-61.4971
-61.4984
-61.5005
-61.5034
-61.507
-61.5114
-61.5165
-61.5224
-61.5289
-61.5361
-61.544
-61.5525
-61.5617
-61.5715
-61.5819
-61.5929
-61.6044
-61.6166
-61.6293
-61.6425
-61.6563
-61.6705
-61.6853
-61.7006
-61.7163
-61.7325
-61.7492
-61.7663
-61.7839
-61.8018
-61.8202
-61.839
-61.8582
-61.8777
-61.8976
-61.9179
-61.9386
-61.9595
-61.9809
-62.0025
-62.0244
-62.0467
-62.0692
-62.0921
-62.1152
-62.1386
-62.1623
-62.1862
-62.2103
-62.2347
-62.2594
-62.2842
-62.3093
-62.3346
-62.3601
-62.3858
-62.4117
-62.4378
-62.464
-62.4904
-62.517
-62.5438
-62.5707
-62.5977
-62.6249
-62.6522
-62.6797
-62.7072
-62.7349
-62.7627
-62.7906
-62.8187
-62.8468
-62.875
-62.9033
-62.9316
-62.9601
-62.9886
-63.0172
-63.0459
-63.0746
-63.1033
-63.1322
-63.161
-63.19
-63.2189
-63.2479
-63.2769
-63.306
-63.335
-63.3641
-63.3932
-63.4223
-63.4515
-63.4806
-63.5097
-63.5389
-63.568
-63.5971
-63.6262
-63.6553
-63.6844
-63.7135
-63.7425
-63.6469
-63.4755
-63.252
-62.9909
-62.7021
-62.3931
-62.0694
-61.7354
-61.3944
-61.0491
-60.7018
-60.3539
-60.007
-59.6621
-59.3201
-58.9817
-58.6475
-58.318
-57.9936
-57.6745
-57.3611
-57.0535
-56.7518
-56.4562
-56.1668
-55.8835
-55.6064
-55.3355
-55.0707
-54.812
-54.5594
-54.3127
-54.0719
-53.8369
-53.6076
-53.3838
-53.1655
-52.9525
-52.7447
-52.5419
-52.3441
-52.1511
-51.9627
-51.7788
-51.5994
-51.4241
-51.253
-51.0858
-50.9225
-50.7629
-50.6069
-50.4544
-50.3051
-50.1591
-50.0162
-49.8762
-49.7391
-49.6048
-49.4731
-49.3439
-49.2172
-49.0928
-48.9707
-48.8507
-48.7328
-48.6168
-48.5027
-48.3905
-48.2799
-48.171
-48.0637
-47.9579
-47.8535
-47.7504
-47.6487
-47.5481
-47.4487
-47.3504
-47.2531
-47.1568
-47.0614
-46.9668
-46.873
-46.78
-46.6876
-46.5958
-46.5046
-46.4138
-46.3235
-46.2336
-46.1439
-46.0546
-45.9654
-45.8764
-45.7874
-45.6984
-45.6094
-45.5203
-45.431
-45.3414
-45.2515
-45.1612
-45.0704
-44.979
-44.887
-44.7943
-44.7007
-44.6062
-44.5108
-44.4142
-44.3164
-44.2172
-44.1166
-44.0145
-43.9106
-43.8049
-43.6972
-43.5874
-43.4753
-43.3607
-43.2434
-43.1233
-43.0001
-42.8737
-42.7438
-42.6101
-42.4724
-42.3304
-42.1838
-42.0323
-41.8755
-41.7131
-41.5447
-41.3699
-41.1882
-40.9991
-40.8021
-40.5966
-40.3821
-40.1578
-39.9231
-39.6773
-39.4195
-39.1488
-38.8642
-38.5648
-38.2495
-37.9169
-37.5659
-37.195
-36.8027
-36.3873
-35.9471
-35.4801
-34.9844
-34.4575
-33.8973
-33.3011
-32.6662
-31.9897
-31.2687
-30.5
-29.6802
-28.8062
-27.8746
-26.8822
-25.8261
-24.7035
-23.5125
-22.2518
-20.9212
-19.522
-18.0572
-16.5323
-14.9551
-13.3365
-11.6905
-10.0342
-8.38761
-6.77303
-5.21399
-3.73417
-2.35601
-1.09942
0.019327
0.988374
1.8006
2.45352
2.9489
3.29201
3.49084
3.55525
3.49622
3.32523
3.0537
2.69266
2.25251
1.74286
1.1725
0.549337
-0.119517
-0.827733
-1.56969
-2.34039
-3.13545
-3.95095
-4.78346
-5.62993
-6.48767
-7.35432
-8.22778
-9.1062
-9.98796
-10.8716
-11.7559
-12.6398
-13.5222
-14.4024
-15.2796
-16.1532
-17.0227
-17.8876
-18.7476
-19.6024
-20.4517
-21.2953
-22.1333
-22.9654
-23.7916
-24.6121
-25.4269
-26.236
-27.0398
-27.8383
-28.6318
-29.4206
-30.205
-30.9853
-31.7621
-32.5356
-33.3063
-34.0749
-34.8416
-35.6073
-36.3724
-37.1375
-37.9033
-38.6705
-39.4398
-40.212
-40.9876
-41.7675
-42.5523
-43.3429
-44.14
-44.9442
-45.7561
-46.5765
-47.4058
-48.2444
-49.0927
-49.9509
-50.819
-51.6969
-52.5842
-53.4803
-54.3842
-55.2947
-56.2101
-57.1285
-58.0474
-58.9641
-59.8753
-60.7775
-61.6666
-62.5385
-63.3887
-64.213
-65.0069
-65.7665
-66.488
-67.1684
-67.8054
-68.3972
-68.943
-69.443
-69.8978
-70.3089
-70.6782
-71.0082
-71.3017
-71.5615
-71.7906
-71.9921
-72.1686
-72.3231
-72.458
-72.5756
-72.678
-72.7672
-72.8448
-72.9124
-72.9712
-73.0224
-73.0671
-73.1061
-73.1401
-73.1699
-73.196
-73.2188
-73.2389
-73.2565
-73.2721
-73.2858
-73.2979
-73.3087
-73.3182
-73.3266
-73.3341
-73.3407
-73.3466
-73.3519
-73.3566
-73.3608
-73.3645
-73.3678
-73.3707
-73.3733
-73.3756
-73.3776
-73.3793
-73.3808
-73.3821
-73.3832
-73.3841
-73.3848
-73.3854
-73.3857
-73.386
-73.386
-73.386
-73.3858
-73.3855
-73.385
-73.3845
-73.3838
-73.383
-73.3821
-73.3811
-73.3799
-73.3787
-73.3773
-73.3759
-73.3743
-73.3726
-73.3709
-73.369
-73.367
-73.365
-73.3628
-73.3605
-73.3582
-73.3557
-73.3531
-73.3505
-73.3477
-73.3448
-73.3419
-73.3388
-73.3356
-73.3324
-73.329
-73.3256
-73.322
-73.3184
-73.3146
-73.3108
-73.3068
-73.3028
-73.2986
-73.2944
-73.2901
-73.2856
-73.2811
-73.2765
-73.2717
-73.2669
-73.262
-73.257
-73.2519
-73.2467
-73.2413
-73.2359
-73.2304
-73.2248
-73.2191
-73.2133
-73.2074
-73.2015
-73.1954
-73.1892
-73.1829
-73.1765
-73.1701
-73.1635
-73.1568
-73.1501
-73.1432
-73.1363
-73.1292
-73.1221
-73.1149
-73.1075
-73.1001
-73.0926
-73.085
-73.0773
-73.0695
-73.0616
-73.0536
-73.0455
-73.0373
-73.0291
-73.0207
-73.0123
-73.0037
-72.9951
-72.9864
-72.9775
-72.9686
-72.9596
-72.9505
-72.9414
-72.9321
-72.9227
-72.9133
-72.9038
-72.8941
-72.8844
-72.8746
-72.8647
-72.8547
-72.8447
-72.8345
-72.8243
-72.814
-72.8035
-72.7931
-72.7825
-72.7718
-72.7611
-72.7502
-72.7393
-72.7283
-72.7172
-72.706
-72.6948
-72.6835
-72.6721
-72.6606
-72.649
-72.6373
-72.6256
-72.6138
-72.6019
-72.5899
-72.5779
-72.5657
-72.5535
-72.5412
-72.5289
-72.5164
-72.5039
-72.4913
-72.4787
-72.4659
-72.4531
-72.4403
-72.4273
-72.4143
-72.4012
-72.388
-72.3747
-72.3614
-72.348
-72.3346
-72.321
-72.3075
-72.2938
-72.2801
-72.2662
-72.2524
-72.2384
-72.2244
-72.2104
-72.1962
-72.182
-72.1678
-72.1535
-72.1391
-72.1246
-72.1101
-72.0955
-72.0809
-72.0662
-72.0514
-72.0366
-72.0217
-72.0068
-71.9918
-71.9767
-71.9616
-71.9465
-71.9312
-71.9159
-71.9006
-71.8852
-71.8698
-71.8543
-71.8387
-71.8231
-71.8074
-71.7917
-71.776
-71.7602
-71.7443
-71.7284
-71.7124
-71.6964
-71.6803
-71.6642
-71.6481
-71.6319
-71.6156
-71.5993
-71.583
-71.5666
-71.5502
-71.5337
-71.5172
-71.5006
-71.484
-71.4674
-71.4507
-71.434
-71.4172
-71.4004
-71.3836
-71.3667
-71.3498
-71.3328
-71.3158
-71.2988
-71.2817
-71.2646
-71.2475
-71.2303
-71.2131
-71.1959
-71.1786
-71.1613
-71.1439
-71.1266
-71.1092
-71.0918
-71.0743
-71.0568
-71.0393
-71.0217
-71.0042
-70.9866
-70.9689
-70.9513
-70.9336
-70.9159
-70.8982
-70.8804
-70.8626
-70.8448
-70.827
-70.8092
-70.7913
-70.7734
-70.7555
-70.7376
-70.7196
-70.7016
-70.6836
-70.6656
-70.6476
-70.6296
-70.6115
-70.5934
-70.5753
-70.5572
-70.5391
-70.5209
-70.5028
-70.4846
-70.4664
-70.4482
-70.43
-70.4118
-70.3936
-70.3753
-70.3571
-70.3388
-70.3206
-70.3023
-70.284
-70.2657
-70.2474
-70.2291
-70.2107
-70.1924
-70.1741
-70.1557
-70.1374
-70.119
-70.1007
-70.0823
-70.0639
-70.0456
-70.0272
-70.0088
-69.9904
-69.9721
-69.9537
-69.9353
-69.9169
-69.8985
-69.8802
-69.8618
-69.8434
-69.825
-69.8067
-69.7883
-69.7699
-69.7515
-69.7332
-69.7148
-69.6965
-69.6781
-69.6598
-69.6414
-69.6231
-69.6048
-69.5864
-69.5681
-69.5498
-69.5315
-69.5132
-69.4949
-69.4767
-69.4584
-69.4401
-69.4219
-69.4036
-69.3854
-69.3672
-69.349
-69.3308
-69.3126
-69.2944
-69.2763
-69.2581
-69.24
-69.2219
-69.2038
-69.1857
-69.1676
-69.1495
-69.1315
-69.1134
-69.0954
-69.0774
-69.0594
-69.0414
-69.0235
-69.0055
-68.9876
-68.9697
-68.9518
-68.9339
-68.9161
-68.8983
-68.8804
-68.8626
-68.8449
-68.8271
-68.8094
-68.7917
-68.774
-68.7563
-68.7386
-68.721
-68.7034
-68.6858
-68.6682
-68.6507
-68.6332
-68.6157
-68.5982
-68.5807
-68.5633
-68.5459
-68.5285
-68.5111
-68.4938
-68.4765
-68.4592
-68.4419
-68.4247
-68.4075
-68.3903
-68.3731
-68.356
-68.3389
-68.3218
-68.3048
-68.2877
-68.2707
-68.2538
-68.2368
-68.2199
-68.203
-68.1862
-68.1693
-68.1525
-68.1357
-68.119
-68.1023
-68.0856
-68.0689
-68.0523
-68.0357
-68.0191
-68.0026
-67.9861
-67.9696
-67.9531
-67.9367
-67.9203
-67.904
-67.8877
-67.8714
-67.8551
-67.8389
-67.8227
-67.8065
-67.7904
-67.7743
-67.7582
-67.7422
-67.7262
-67.7102
-67.6943
-67.6784
-67.6625
-67.6466
-67.6308
-67.6151
-67.5993
-67.5836
-67.568
-67.5523
-67.5367
-67.5212
-67.5056
-67.4901
-67.4747
-67.4593
-67.4439
-67.4285
-67.4132
-67.3979
-67.3827
-67.3675
-67.3523
-67.3372
-67.3221
-67.307
-67.292
-67.277
-67.262
-67.2471
-67.2322
-67.2174
-67.2025
-67.1878
-67.173
-67.1583
-67.1437
-67.129
-67.1145
-67.0999
-67.0854
-66.932
-66.6883
-66.3784
-66.0171
-65.6151
-65.1809
-64.7208
-64.2402
-63.7432
-63.2335
-62.7137
-62.1864
-61.6534
-61.1163
-60.5766
-60.0352
-59.4931
-58.951
-58.4096
-57.8693
-57.3305
-56.7934
-56.2582
-55.725
-55.1936
-54.6641
-54.1362
-53.6097
-53.084
-52.5589
-52.0336
-51.5075
-50.9799
-50.4498
-49.9162
-49.378
-48.8338
-48.2822
-47.7215
-47.1499
-46.5654
-45.9657
-45.3482
-44.71
-44.0479
-43.3582
-42.637
-41.8795
-41.0805
-40.2342
-39.3337
-38.3716
-37.3391
-36.2263
-35.022
-33.7134
-32.2862
-30.7242
-29.0091
-27.1213
-25.0391
-22.7402
-20.202
-17.4034
-14.3274
-10.9646
-7.31714
-3.40459
0.731549
5.02415
9.38039
13.6864
17.8173
21.651
25.0833
28.0404
30.4857
32.4201
33.8756
34.9056
35.574
35.9454
36.0793
36.0262
35.8267
35.5122
35.1066
34.6273
34.0871
33.4957
32.8601
32.1857
31.4768
30.7371
29.9692
29.1759
28.3594
27.5217
26.6646
25.7901
24.8996
23.9948
23.0771
22.1479
21.2085
20.2603
19.3042
18.3416
17.3734
16.4006
15.4242
14.4451
13.464
12.4817
11.499
10.5166
9.53492
8.55468
7.57637
6.60047
5.62743
4.65763
3.69146
2.72923
1.77123
0.817742
-0.131015
-1.07483
-2.01353
-2.94696
-3.87499
-4.79752
-5.71445
-6.62573
-7.5313
-8.43112
-9.32519
-10.2135
-11.0961
-11.973
-12.8442
-13.7098
-14.5699
-15.4246
-16.2739
-17.1181
-17.9571
-18.7912
-19.6205
-20.4452
-21.2656
-22.0818
-22.8941
-23.7028
-24.5082
-25.3106
-26.1103
-26.9078
-27.7035
-28.4978
-29.2913
-30.0845
-30.878
-31.6724
-32.4684
-33.2668
-34.0682
-34.8736
-35.6838
-36.4998
-37.3224
-38.1527
-38.9918
-39.8406
-40.7003
-41.572
-42.4567
-43.3555
-44.2694
-45.1991
-46.1456
-47.1093
-48.0906
-49.0896
-50.1058
-51.1385
-52.1863
-53.2473
-54.3187
-55.3973
-56.4786
-57.5578
-58.6287
-59.685
-60.7196
-61.7252
-62.6943
-63.62
-64.496
-65.3169
-66.0787
-66.7787
-67.4157
-67.9901
-68.5036
-68.9588
-69.3594
-69.7097
-70.0141
-70.2774
-70.5042
-70.6989
-70.8657
-71.0083
-71.13
-71.234
-71.3228
-71.3987
-71.4638
-71.5196
-71.5676
-71.6091
-71.6451
-71.6765
-71.7039
-71.728
-71.7493
-71.7683
-71.7853
-71.8007
-71.8146
-71.8272
-71.8389
-71.8497
-71.8597
-71.8691
-71.878
-71.8864
-71.8943
-71.9019
-71.9092
-71.9163
-71.923
-71.9296
-71.936
-71.9422
-71.9483
-71.9542
-71.96
-71.9656
-71.9712
-71.9766
-71.982
-71.9873
-71.9925
-71.9976
-72.0026
-72.0075
-72.0124
-72.0172
-72.0219
-72.0265
-72.0311
-72.0356
-72.04
-72.0444
-72.0486
-72.0528
-72.057
-72.061
-72.065
-72.0689
-72.0728
-72.0765
-72.0802
-72.0838
-72.0874
-72.0908
-72.0942
-72.0975
-72.1008
-72.1039
-72.107
-72.11
-72.1129
-72.1157
-72.1185
-72.1211
-72.1237
-72.1262
-72.1286
-72.1309
-72.1332
-72.1353
-72.1374
-72.1394
-72.1413
-72.1431
-72.1448
-72.1465
-72.148
-72.1495
-72.1508
-72.1521
-72.1533
-72.1544
-72.1554
-72.1563
-72.1571
-72.1578
-72.1585
-72.159
-72.1594
-72.1598
-72.1601
-72.1602
-72.1603
-72.1603
-72.1601
-72.1599
-72.1596
-72.1592
-72.1587
-72.1581
-72.1574
-72.1566
-72.1557
-72.1547
-72.1537
-72.1525
-72.1512
-72.1498
-72.1484
-72.1468
-72.1451
-72.1434
-72.1415
-72.1396
-72.1375
-72.1354
-72.1331
-72.1308
-72.1283
-72.1258
-72.1231
-72.1204
-72.1176
-72.1147
-72.1116
-72.1085
-72.1053
-72.102
-72.0985
-72.095
-72.0914
-72.0877
-72.0839
-72.08
-72.076
-72.0719
-72.0678
-72.0635
-72.0591
-72.0546
-72.05
-72.0454
-72.0406
-72.0358
-72.0308
-72.0258
-72.0206
-72.0154
-72.0101
-72.0047
-71.9992
-71.9936
-71.9879
-71.9821
-71.9762
-71.9702
-71.9641
-71.958
-71.9517
-71.9454
-71.939
-71.9324
-71.9258
-71.9191
-71.9123
-71.9055
-71.8985
-71.8914
-71.8843
-71.8771
-71.8697
-71.8623
-71.8548
-71.8472
-71.8396
-71.8318
-71.824
-71.816
-71.808
-71.7999
-71.7918
-71.7835
-71.7752
-71.7667
-71.7582
-71.7496
-71.7409
-71.7322
-71.7233
-71.7144
-71.7054
-71.6963
-71.6872
-71.6779
-71.6686
-71.6592
-71.6497
-71.6402
-71.6306
-71.6208
-71.6111
-71.6012
-71.5913
-71.5813
-71.5712
-71.561
-71.5508
-71.5405
-71.5301
-71.5196
-71.5091
-71.4985
-71.4879
-71.4771
-71.4663
-71.4554
-71.4445
-71.4335
-71.4224
-71.4112
-71.4
-71.3887
-71.3774
-71.366
-71.3545
-71.3429
-71.3313
-71.3196
-71.3079
-71.2961
-71.2842
-71.2723
-71.2603
-71.2482
-71.2361
-71.2239
-71.2117
-71.1994
-71.187
-71.1746
-71.1622
-71.1496
-71.137
-71.1244
-71.1117
-71.0989
-71.0861
-71.0733
-71.0603
-71.0474
-71.0343
-71.0213
-71.0081
-70.9949
-70.9817
-70.9684
-70.9551
-70.9417
-70.9283
-70.9148
-70.9012
-70.8877
-70.874
-70.8603
-70.8466
-70.8329
-70.819
-70.8052
-70.7913
-70.7773
-70.7633
-70.7493
-70.7352
-70.7211
-70.7069
-70.6927
-70.6785
-70.6642
-70.6499
-70.6355
-70.6211
-70.6066
-70.5922
-70.5776
-70.5631
-70.5485
-70.5339
-70.5192
-70.5045
-70.4898
-70.475
-70.4602
-70.4454
-70.4305
-70.4156
-70.4007
-70.3857
-70.3707
-70.3557
-70.3406
-70.3255
-70.3104
-70.2953
-70.2801
-70.2649
-70.2497
-70.2344
-70.2192
-70.2039
-70.1885
-70.1732
-70.1578
-70.1424
-70.127
-70.1115
-70.096
-70.0805
-70.065
-70.0495
-70.0339
-70.0183
-70.0027
-69.9871
-69.9715
-69.9558
-69.9402
-69.9245
-69.9087
-69.893
-69.8773
-69.8615
-69.8457
-69.8299
-69.8141
-69.7983
-69.7825
-69.7666
-69.7507
-69.7349
-69.719
-69.7031
-69.6871
-69.5275
-69.2752
-68.955
-68.5829
-68.1699
-67.7246
-67.254
-66.7634
-66.2574
-65.7395
-65.2127
-64.6795
-64.1419
-63.6017
-63.0602
-62.5187
-61.9783
-61.4397
-60.9037
-60.3708
-59.8417
-59.3167
-58.7961
-58.2802
-57.7692
-57.2632
-56.7623
-56.2665
-55.7757
-55.2898
-54.8087
-54.3321
-53.8597
-53.3913
-52.9264
-52.4646
-52.0054
-51.5481
-51.0922
-50.637
-50.1817
-49.7254
-49.2672
-48.8061
-48.3409
-47.8705
-47.3935
-46.9085
-46.4139
-45.9079
-45.3887
-44.8541
-44.3018
-43.7293
-43.0499
-42.2952
-41.4786
-40.6058
-39.6791
-38.698
-37.6601
-36.5612
-35.3958
-34.1568
-32.8359
-31.4234
-29.9085
-28.2791
-26.5223
-24.6243
-22.5712
-20.3496
-17.9474
-15.3551
-12.568
-9.58779
-6.42519
-3.10229
0.345697
3.86971
7.4078
10.888
14.2332
17.3673
20.222
22.743
24.895
26.6635
28.0545
29.0914
29.8096
30.2511
30.4591
30.4742
30.3324
30.0638
29.6927
29.2384
28.7158
28.1366
27.5098
26.8424
26.14
25.4072
24.6476
23.8645
23.0606
22.2383
21.3998
20.547
19.6817
18.8054
17.9197
17.0258
16.1252
15.219
14.3082
13.3938
12.4768
11.5581
10.6385
9.71858
8.79916
7.88083
6.96415
6.04965
5.1378
4.22903
3.32373
2.42227
1.52495
0.632057
-0.256153
-1.13946
-2.01767
-2.8906
-3.75811
-4.62009
-5.47641
-6.327
-7.17178
-8.01073
-8.84378
-9.67092
-10.4921
-11.3075
-12.1169
-12.9205
-13.7182
-14.5102
-15.2965
-16.0772
-16.8523
-17.622
-18.3864
-19.1456
-19.8997
-20.6489
-21.3934
-22.1333
-22.8689
-23.6003
-24.3278
-25.0517
-25.7723
-26.4898
-27.2045
-27.9169
-28.6273
-29.3362
-30.0439
-30.751
-31.4579
-32.1652
-32.8735
-33.5833
-34.2953
-35.0102
-35.7286
-36.4513
-37.179
-37.9125
-38.6525
-39.3999
-40.1555
-40.9199
-41.694
-42.4783
-43.2736
-44.0802
-44.8986
-45.729
-46.5712
-47.4251
-48.2899
-49.1647
-50.0479
-50.9378
-51.8318
-52.727
-53.6197
-54.5059
-55.3811
-56.2404
-57.0786
-57.8907
-58.6716
-59.4167
-60.122
-60.7842
-61.401
-61.9707
-62.4931
-62.9685
-63.3981
-63.784
-64.1286
-64.4349
-64.7059
-64.945
-65.1553
-65.34
-65.5022
-65.6444
-65.7694
-65.8793
-65.9763
-66.0621
-66.1382
-66.2062
-66.2672
-66.3222
-66.3721
-66.4177
-66.4596
-66.4984
-66.5346
-66.5685
-66.6004
-66.6308
-66.6598
-66.6876
-66.7144
-66.7403
-66.7656
-66.7902
-66.8142
-66.8379
-66.8611
-66.884
-66.9066
-66.929
-66.9511
-66.9731
-66.9948
-67.0165
-66.9153
-66.7455
-66.5327
-66.2917
-66.0324
-65.7615
-65.4839
-65.203
-64.9214
-64.6411
-64.3634
-64.0893
-63.8198
-63.5552
-63.296
-63.0426
-62.7951
-62.5536
-62.3183
-62.0891
-61.8661
-61.6492
-61.4384
-61.2336
-61.0348
-60.8417
-60.6545
-60.4728
-60.2967
-60.126
-59.9606
-59.8003
-59.6452
-59.495
-59.3496
-59.2089
-59.0729
-58.9413
-58.8142
-58.6913
-58.5725
-58.4579
-58.3472
-58.2404
-58.1374
-58.038
-57.9423
-57.85
-57.7612
-57.6757
-57.5935
-57.5144
-57.4384
-57.3655
-57.2955
-57.2284
-57.1641
-57.1025
-57.0436
-56.9874
-56.9337
-56.8825
-56.8337
-56.7873
-56.7433
-56.7016
-56.662
-56.6247
-56.5895
-56.5563
-56.5252
-56.4961
-56.469
-56.4438
-56.4204
-56.3989
-56.3791
-56.3612
-56.3449
-56.3303
-56.3173
-56.306
-56.2962
-56.288
-56.2813
-56.2761
-56.2723
-56.27
-56.269
-56.2695
-56.2712
-56.2743
-56.2786
-56.2842
-56.2911
-56.2991
-56.3083
-56.3187
-56.3302
-56.3429
-56.3566
-56.3713
-56.3872
-56.404
-56.4219
-56.4407
-56.4605
-56.4812
-56.5029
-56.5254
-56.5489
-56.5731
-56.5983
-56.6242
-56.651
-56.6785
-56.7068
-56.7359
-56.7657
-56.7962
-56.8274
-56.8593
-56.8919
-56.9251
-56.959
-56.9934
-57.0285
-57.0642
-57.1004
-57.1372
-57.1746
-57.2125
-57.2509
-57.2898
-57.3292
-57.369
-57.4094
-57.4501
-57.4914
-57.533
-57.575
-57.6175
-57.6603
-57.7035
-57.7471
-57.791
-57.8352
-57.8798
-57.9246
-57.9698
-58.0153
-58.061
-58.1071
-58.1533
-58.1999
-58.2466
-58.2936
-58.3408
-58.3882
-58.4359
-58.4837
-58.5316
-58.5798
-58.6281
-58.6766
-58.7252
-58.7739
-58.8228
-58.8718
-58.9209
-58.9701
-59.0194
-59.0688
-59.1182
-59.1677
-59.2173
-59.267
-59.3167
-59.3664
-59.4162
-59.466
-59.5158
-59.4506
-59.316
-59.1342
-58.9184
-58.6778
-58.419
-58.1469
-57.8655
-57.5778
-57.286
-56.9921
-56.6974
-56.4031
-56.1103
-55.8195
-55.5315
-55.2467
-54.9655
-54.6883
-54.4153
-54.1466
-53.8824
-53.6229
-53.3681
-53.1181
-52.8728
-52.6324
-52.3967
-52.1657
-51.9394
-51.7178
-51.5007
-51.288
-51.0797
-50.8757
-50.6758
-50.48
-50.2881
-50.1
-49.9157
-49.7349
-49.5576
-49.3836
-49.2128
-49.0451
-48.8803
-48.7184
-48.5592
-48.4026
-48.2484
-48.0966
-47.9471
-47.7996
-47.6541
-47.5105
-47.3686
-47.1404
-46.8632
-46.5544
-46.224
-45.8786
-45.5227
-45.1594
-44.7909
-44.4188
-44.0441
-43.6675
-43.2894
-42.91
-42.5293
-42.1473
-41.7637
-41.3782
-40.9906
-40.6004
-40.2072
-39.8104
-39.4095
-39.004
-38.5932
-38.1765
-37.7532
-37.3226
-36.8839
-36.4363
-35.9791
-35.5112
-35.0319
-34.5402
-34.0351
-33.5156
-32.9806
-32.4289
-31.8595
-31.2711
-30.6626
-30.0325
-29.3796
-28.7026
-28.0001
-27.2706
-26.5129
-25.7254
-24.9069
-24.056
-23.1714
-22.2519
-21.2965
-20.3044
-19.2749
-18.2077
-17.103
-15.9612
-14.7837
-13.5725
-12.3306
-11.0624
-9.77361
-8.47157
-7.1656
-5.86701
-4.58907
-3.34684
-2.15669
-1.03559
-0.000172799
0.934276
1.75485
2.45182
3.01915
3.45462
3.7596
3.93857
3.99844
3.94779
3.79622
3.55373
3.23021
2.83517
2.37747
1.86523
1.30576
0.70559
0.0705147
-0.594364
-1.28456
-1.99613
-2.72562
-3.46999
-4.22656
-4.99299
-5.76721
-6.54738
-7.3319
-8.11935
-8.90846
-9.69813
-10.4874
-11.2754
-12.0613
-12.8445
-13.6245
-14.4006
-15.1726
-15.9399
-16.7024
-17.4597
-18.2116
-18.9579
-19.6985
-20.4333
-21.1623
-21.8854
-22.6025
-23.3138
-24.0192
-24.7189
-25.4129
-26.1014
-26.7846
-27.4625
-28.1354
-28.8035
-29.467
-30.1262
-30.7814
-31.4328
-32.0808
-32.7258
-33.368
-34.0079
-34.6458
-35.2822
-35.9176
-36.5523
-37.1868
-37.8217
-38.4574
-39.0944
-39.7334
-40.3747
-41.019
-41.6667
-42.3185
-42.9748
-43.6362
-44.3031
-44.9759
-45.6551
-46.3409
-47.0336
-47.7333
-48.4401
-49.1537
-49.8739
-50.6001
-51.3315
-52.0672
-52.8057
-53.5454
-54.2843
-55.0201
-55.7501
-56.4713
-57.1805
-57.8744
-58.5495
-59.2022
-59.8295
-60.4283
-60.9959
-61.5305
-62.0304
-62.4948
-62.9235
-63.3168
-63.6756
-64.0013
-64.2956
-64.5605
-64.7981
-65.0108
-65.2008
-65.3703
-65.5215
-65.6565
-65.777
-65.8848
-65.9815
-66.0684
-66.1469
-66.2179
-66.2826
-66.3417
-66.3961
-66.4462
-66.4928
-66.5363
-66.5771
-66.6155
-66.652
-66.6867
-66.7198
-66.7517
-66.7825
-66.8122
-66.8411
-66.8692
-66.8966
-66.9235
-66.9498
-66.9757
-67.0012
-67.0263
-67.0511
-67.0756
-67.0998
-67.1238
-67.1476
-67.1711
-67.1945
-67.2177
-67.2408
-67.2637
-67.2865
-67.3091
-67.3316
-67.354
-67.3762
-67.3984
-67.4204
-67.4423
-67.4641
-67.4859
-67.5075
-67.5289
-67.5503
-67.5716
-67.5928
-67.6139
-67.6349
-67.6557
-67.6765
-67.6972
-67.7178
-67.7382
-67.7586
-67.7789
-67.799
-67.8191
-67.839
-67.8588
-67.8786
-67.8982
-67.9177
-67.9371
-67.9564
-67.9756
-67.9946
-68.0136
-68.0324
-68.0512
-68.0698
-68.0883
-68.1067
-68.1249
-68.1431
-68.1611
-68.1791
-68.1969
-68.2145
-68.2321
-68.2495
-68.2669
-68.2841
-68.3011
-68.3181
-68.3349
-68.3516
-68.3682
-68.3847
-68.401
-68.4172
-68.4333
-68.4493
-68.4651
-68.4809
-68.4964
-68.5119
-68.5272
-68.5424
-68.5575
-68.5725
-68.5873
-68.602
-68.6166
-68.631
-68.6453
-68.6595
-68.6736
-68.6875
-68.7013
-68.7149
-68.7285
-68.7419
-68.7552
-68.7683
-68.7813
-68.7942
-68.807
-68.8196
-68.8321
-68.8445
-68.8567
-68.8688
-68.8808
-68.8926
-68.9043
-68.9159
-68.9274
-68.9387
-68.9499
-68.961
-68.9719
-68.9827
-68.9934
-69.004
-69.0144
-69.0247
-69.0349
-69.0449
-69.0548
-68.9274
-68.715
-68.4433
-68.1282
-67.7807
-67.4091
-67.0197
-66.6175
-66.2065
-65.7898
-65.37
-64.949
-64.5285
-64.11
-63.6944
-63.2827
-62.8757
-62.474
-62.0781
-61.6884
-61.3053
-60.929
-60.5597
-60.1977
-59.843
-59.4958
-59.156
-58.8238
-58.4991
-58.1818
-57.8721
-57.5697
-57.2747
-56.9869
-56.7063
-56.4326
-56.1659
-55.906
-55.6527
-55.4059
-55.1655
-54.9312
-54.7031
-54.4808
-54.2643
-54.0533
-53.8478
-53.6475
-53.4523
-53.2621
-53.0767
-52.8959
-52.7195
-52.5475
-52.3797
-52.216
-52.0561
-51.9
-51.7475
-51.5984
-51.4528
-51.3104
-51.171
-51.0347
-50.9012
-50.7705
-50.6424
-50.5169
-50.3938
-50.2731
-50.1546
-50.0383
-49.924
-49.8116
-49.7012
-49.5926
-49.4856
-49.3804
-49.2767
-49.1745
-49.0737
-48.9743
-48.8762
-48.7793
-48.6835
-48.5888
-48.4952
-48.4026
-48.3109
-48.22
-48.1299
-48.0406
-47.9519
-47.8639
-47.7765
-47.6895
-47.6031
-47.517
-47.4313
-47.3459
-47.2607
-47.1757
-47.0909
-47.0061
-46.9213
-46.8364
-46.7515
-46.6663
-46.5809
-46.4952
-46.4091
-46.3226
-46.2355
-46.1478
-46.0594
-45.9702
-45.8802
-45.7892
-45.6972
-45.604
-45.5096
-45.4139
-45.3166
-45.2178
-45.1172
-45.0148
-44.9104
-44.8039
-44.695
-44.5837
-44.4697
-44.3529
-44.2331
-44.11
-43.9834
-43.8532
-43.7189
-43.5805
-43.4375
-43.2896
-43.1366
-42.978
-42.8135
-42.6427
-42.4652
-42.2804
-42.0878
-41.8869
-41.6772
-41.4579
-41.2285
-40.988
-40.7359
-40.4711
-40.1928
-39.8999
-39.5914
-39.266
-38.9225
-38.5595
-38.1755
-37.7688
-37.3377
-36.8802
-36.3942
-35.8776
-35.3279
-34.7424
-34.1184
-33.4529
-32.7427
-31.9843
-31.1743
-30.3089
-29.3842
-28.3965
-27.3418
-26.2165
-25.0172
-23.7408
-22.3853
-20.9494
-19.4334
-17.8393
-16.1715
-14.4371
-12.6462
-10.8128
-8.95444
-7.09241
-5.25108
-3.45718
-1.73841
-0.121965
1.36715
2.70766
3.88324
4.88316
5.70248
6.34162
6.80567
7.10334
7.24591
7.24626
7.11794
6.87454
6.52918
6.09416
5.5808
4.99937

