-65
-64.9994
-64.9988
-64.9982
-64.9977
-64.9971
-64.9965
-64.996
-64.9954
-64.9949
-64.9943
-64.9938
-64.9932
-64.9927
-64.9922
-64.9917
-64.9912
-64.9906
-64.9901
-64.9896
-64.9891
-64.9886
-64.9881
-64.9876
-64.9872
-64.9867
-64.9862
-64.9857
-64.9852
-64.9848
-64.9843
-64.9838
-64.9834
-64.9829
-64.9825
-64.982
-64.9816
-64.9811
-64.9807
-64.9802
-64.9798
-64.9794
-64.9789
-64.9785
-64.9781
-64.9777
-64.9772
-64.9768
-64.9764
-64.976
-64.9756
-64.9752
-64.9748
-64.9744
-64.974
-64.9736
-64.9732
-64.9728
-64.9725
-64.9721
-64.9717
-64.9713
-64.971
-64.9706
-64.9702
-64.9699
-64.9695
-64.9692
-64.9688
-64.9685
-64.9681
-64.9678
-64.9675
-64.9671
-64.9668
-64.9665
-64.9661
-64.9658
-64.9655
-64.9652
-64.9649
-64.9646
-64.9642
-64.9639
-64.9636
-64.9633
-64.963
-64.9628
-64.9625
-64.9622
-64.9619
-64.9616
-64.9613
-64.9611
-64.9608
-64.9605
-64.9603
-64.96
-64.9598
-64.9595
-64.9592
-64.959
-64.9588
-64.9585
-64.9583
-64.958
-64.9578
-64.9576
-64.9573
-64.9571
-64.9569
-64.9567
-64.9565
-64.9562
-64.956
-64.9558
-64.9556
-64.9554
-64.9552
-64.955
-64.9548
-64.9546
-64.9545
-64.9543
-64.9541
-64.9539
-64.9537
-64.9536
-64.9534
-64.9532
-64.9531
-64.9529
-64.9527
-64.9526
-64.9524
-64.9523
-64.9521
-64.952
-64.9519
-64.9517
-64.9516
-64.9514
-64.9513
-64.9512
-64.9511
-64.9509
-64.9508
-64.9507
-64.9506
-64.9505
-64.9504
-64.9503
-64.9502
-64.95
-64.9499
-64.9499
-64.9498
-64.9497
-64.9496
-64.9495
-64.9494
-64.9493
-64.9492
-64.9492
-64.9491
-64.949
-64.9489
-64.9489
-64.9488
-64.9487
-64.9487
-64.9486
-64.9486
-64.9485
-64.9485
-64.9484
-64.9484
-64.9483
-64.9483
-64.9482
-64.9482
-64.9482
-64.9481
-64.9481
-64.9481
-64.948
-64.948
-64.948
-64.948
-64.948
-64.9479
-64.9479
-64.9479
-64.9479
-64.9479
-64.9479
-64.9479
-64.9479
-64.9479
-64.9479
-64.9479
-64.9479
-64.9479
-64.9479
-64.9479
-64.9479
-64.9479
-64.9479
-64.948
-64.948
-64.948
-64.948
-64.9481
-64.9481
-64.9481
-64.9481
-64.9482
-64.9482
-64.9482
-64.9483
-64.9483
-64.9483
-64.9484
-64.9484
-64.9485
-64.9485
-64.9486
-64.9486
-64.9487
-64.9487
-64.9488
-64.9488
-64.9489
-64.9489
-64.949
-64.9491
-64.9491
-64.9492
-64.9492
-64.9493
-64.9494
-64.9494
-64.9495
-64.9496
-64.9497
-64.9497
-64.9498
-64.9499
-64.95
-64.95
-64.9501
-64.9502
-64.9503
-64.9504
-64.9504
-64.9505
-64.9506
-64.9507
-64.9508
-64.9509
-64.951
-64.951
-64.9511
-64.9512
-64.9513
-64.9514
-64.9515
-64.9516
-64.9517
-64.9518
-64.9519
-64.952
-64.9521
-64.9522
-64.9523
-64.9524
-64.9525
-64.9526
-64.9527
-64.9528
-64.9529
-64.953
-64.9532
-64.9533
-64.9534
-64.9535
-64.9536
-64.9537
-64.9538
-64.9539
-64.954
-64.9542
-64.9543
-64.9544
-64.9545
-64.9546
-64.9547
-64.9548
-64.955
-64.9551
-64.9552
-64.9553
-64.9554
-64.9556
-64.9557
-64.9558
-64.9559
-64.956
-64.9562
-64.9563
-64.9564
-64.9565
-64.9566
-64.9568
-64.9569
-64.957
-64.9571
-64.9573
-64.9574
-64.9575
-64.9576
-64.9578
-64.9579
-64.958
-64.9581
-64.9583
-64.9584
-64.9585
-64.9587
-64.9588
-64.9589
-64.959
-64.9592
-64.9593
-64.9594
-64.9595
-64.9597
-64.9598
-64.9599
-64.96
-64.9602
-64.9603
-64.9604
-64.9606
-64.9607
-64.9608
-64.9609
-64.9611
-64.9612
-64.9613
-64.9614
-64.827
-64.605
-64.3185
-63.982
-63.6059
-63.198
-62.7645
-62.3107
-61.8404
-61.357
-60.8633
-60.3614
-59.8531
-59.34
-58.8232
-58.3038
-57.7825
-57.2599
-56.7365
-56.2126
-55.6884
-55.1641
-54.6396
-54.1148
-53.5894
-53.0632
-52.5356
-52.0061
-51.474
-50.9386
-50.3988
-49.8536
-49.3019
-48.742
-48.1726
-47.5918
-46.9976
-46.3876
-45.7594
-45.1101
-44.4363
-43.7345
-43.0004
-42.2293
-41.4159
-40.554
-39.6367
-38.6561
-37.6031
-36.4673
-35.2369
-33.8984
-32.4366
-30.8342
-29.0719
-27.1282
-24.9802
-22.6035
-19.9739
-17.0689
-13.8705
-10.3696
-6.57054
-2.49767
1.79964
6.24335
10.7278
15.1266
19.305
23.1365
26.5194
29.3885
31.7202
33.5294
34.8611
35.7781
36.3498
36.6432
36.7171
36.6201
36.3903
36.0564
35.6399
35.1561
34.6165
34.0293
33.4006
32.7354
32.0374
31.3096
30.5548
29.7752
28.973
28.1499
27.3079
26.4485
25.5732
24.6837
23.7811
22.867
21.9424
21.0088
20.0671
19.1184
18.1638
17.1794
16.1836
15.1841
14.1849
13.1882
12.1953
11.2071
10.2243
9.24747
8.27691
7.31297
6.35592
5.40598
4.46333
3.52812
2.60048
1.6805
0.768261
-0.136192
-1.03282
-1.9216
-2.80254
-3.67566
-4.54098
-5.39853
-6.24838
-7.09057
-7.92518
-8.75228
-9.57197
-10.3843
-11.1895
-11.9875
-12.7785
-13.5626
-14.34
-15.1108
-15.875
-16.6329
-17.3847
-18.1304
-18.8703
-19.6045
-20.3332
-21.0567
-21.7752
-22.4888
-23.1978
-23.9026
-24.6034
-25.3004
-25.9941
-26.6847
-27.3726
-28.0582
-28.742
-29.4244
-30.1058
-30.7868
-31.4678
-32.1495
-32.8325
-33.5173
-34.2046
-34.8951
-35.5895
-36.2885
-36.9929
-37.7034
-38.4207
-39.1456
-39.8788
-40.6211
-41.3729
-42.135
-42.9076
-43.6912
-44.4857
-45.2911
-46.1071
-46.9327
-47.767
-48.6085
-49.455
-50.3041
-51.1529
-51.9977
-52.8346
-53.6592
-54.4669
-55.253
-56.0127
-56.7416
-57.4356
-58.0913
-58.7058
-59.2774
-59.8048
-60.288
-60.7274
-61.1244
-61.4809
-61.7993
-62.0821
-62.3322
-62.5527
-62.6385
-62.6437
-62.5945
-62.5063
-62.3896
-62.2519
-62.099
-61.935
-61.7632
-61.5864
-61.4065
-61.2252
-61.0437
-60.863
-60.684
-60.5074
-60.3335
-60.1629
-59.9957
-59.8323
-59.6728
-59.5173
-59.3659
-59.2186
-59.0755
-58.9365
-58.8017
-58.671
-58.5443
-58.4217
-58.303
-58.1882
-58.0772
-57.9699
-57.8664
-57.7664
-57.67
-57.577
-57.4874
-57.4011
-57.318
-57.2381
-57.1613
-57.0875
-57.0166
-56.9487
-56.8835
-56.8211
-56.7614
-56.7043
-56.6497
-56.5977
-56.5481
-56.5009
-56.4561
-56.4135
-56.3732
-56.335
-56.299
-56.2651
-56.2332
-56.2033
-56.1754
-56.1493
-56.1251
-56.1028
-56.0822
-56.0634
-56.0463
-56.0308
-56.017
-56.0048
-55.8956
-55.735
-55.5438
-55.3339
-55.1127
-54.8854
-54.6554
-54.4253
-54.1967
-53.9709
-53.7489
-53.5313
-53.3185
-53.1108
-52.9086
-52.7118
-52.5205
-52.3349
-52.1549
-51.9804
-51.8113
-51.6478
-51.4895
-51.3365
-51.1887
-51.0459
-50.9081
-50.7751
-50.6468
-50.5232
-50.4041
-50.2894
-50.179
-50.0728
-49.9707
-49.8726
-49.7784
-49.688
-49.6014
-49.5184
-49.4389
-49.3629
-49.2903
-49.221
-49.155
-49.0921
-49.0323
-48.9756
-48.9218
-48.871
-48.823
-48.7778
-48.7353
-48.6955
-48.6584
-48.6239
-48.5919
-48.5625
-48.5355
-48.5109
-48.4888
-48.469
-48.4515
-48.4362
-48.4232
-48.4125
-48.4039
-48.3974
-48.3931
-48.3908
-48.3907
-48.3925
-48.3964
-48.4022
-48.41
-48.4197
-48.4314
-48.4449
-48.4603
-48.4775
-48.4965
-48.5174
-48.54
-48.5643
-48.5904
-48.6181
-48.6476
-48.6787
-48.7115
-48.7458
-48.7818
-48.8194
-48.8585
-48.8991
-48.9413
-48.9849
-49.03
-49.0766
-49.1246
-49.1741
-49.2249
-49.277
-49.3306
-49.3854
-49.4415
-49.499
-49.5577
-49.6176
-49.6787
-49.741
-49.8045
-49.8691
-49.9348
-50.0016
-50.0695
-50.1385
-50.2084
-50.2794
-50.3513
-50.4242
-50.498
-50.5727
-50.6483
-50.7247
-50.802
-50.88
-50.9588
-51.0384
-51.1187
-51.1997
-51.2814
-51.3637
-51.4466
-51.5301
-51.6142
-51.6988
-51.784
-51.8696
-51.9557
-52.0423
-52.1293
-52.2166
-52.3044
-52.3925
-52.4809
-52.5696
-52.6585
-52.7477
-52.8372
-52.9268
-53.0167
-53.1067
-53.1968
-53.287
-53.3774
-53.4678
-53.5582
-53.6487
-53.7392
-53.8297
-53.9202
-54.0106
-54.101
-54.1913
-54.2815
-54.3716
-54.4616
-54.5514
-54.641
-54.7305
-54.8198
-54.9089
-54.9978
-55.0865
-55.1749
-55.2631
-55.351
-55.4386
-55.526
-55.6131
-55.6998
-55.7863
-55.8724
-55.9582
-56.0437
-56.1288
-56.2136
-56.298
-56.382
-56.4657
-56.549
-56.6319
-56.7144
-56.7966
-56.8783
-56.9597
-57.0406
-57.1211
-57.2013
-57.281
-57.3603
-57.4391
-57.5176
-57.5956
-57.6733
-57.7505
-57.8272
-57.9036
-57.9795
-58.055
-58.13
-58.2046
-58.2788
-58.3526
-58.426
-58.4989
-58.5713
-58.6434
-58.715
-58.7862
-58.857
-58.9274
-58.9973
-59.0668
-59.1359
-59.2045
-59.2728
-59.3406
-59.408
-59.475
-59.5416
-59.6077
-59.6735
-59.7388
-59.8038
-59.8683
-59.9325
-59.9962
-60.0595
-60.1225
-60.185
-60.2471
-60.3089
-60.3702
-60.4312
-60.4918
-60.552
-60.6118
-60.6712
-60.7303
-60.789
-60.8473
-60.9052
-60.9627
-61.0199
-61.0767
-61.1332
-61.1893
-61.245
-61.3003
-61.3553
-61.41
-61.4643
-61.5182
-61.5718
-61.625
-61.6779
-61.7304
-61.7826
-61.8345
-61.886
-61.9372
-61.988
-62.0385
-62.0886
-62.1385
-62.188
-62.2371
-62.286
-62.3345
-62.3827
-62.4305
-62.4781
-62.5253
-62.5722
-62.6188
-62.6651
-62.711
-62.7567
-62.802
-62.8471
-62.8918
-62.9362
-62.9803
-63.0241
-63.0676
-63.1108
-63.1537
-63.1963
-63.2386
-63.2807
-63.3224
-63.3638
-63.4049
-63.4458
-63.4863
-63.5266
-63.5666
-63.6063
-63.6457
-63.6849
-63.7237
-63.7623
-63.8006
-63.8386
-63.8764
-63.9138
-63.951
-63.988
-64.0246
-64.061
-64.0971
-64.133
-64.1686
-64.2039
-64.2389
-64.2737
-64.3083
-64.3425
-64.3766
-64.4103
-64.4438
-64.4771
-64.51
-64.5428
-64.5753
-64.6075
-64.6395
-64.6712
-64.7027
-64.7339
-64.7649
-64.7957
-64.8262
-64.8564
-64.8865
-64.9162
-64.9458
-64.9751
-65.0042
-65.033
-65.0616
-64.9591
-64.7741
-64.5305
-64.2428
-63.9216
-63.5745
-63.2076
-62.8257
-62.4326
-62.0314
-61.6244
-61.2139
-60.8013
-60.388
-59.9753
-59.5639
-59.1548
-58.7484
-58.3455
-57.9464
-57.5515
-57.1611
-56.7755
-56.3949
-56.0193
-55.649
-55.2839
-54.9242
-54.5698
-54.2207
-53.8768
-53.538
-53.2043
-52.8755
-52.5515
-52.2321
-51.917
-51.6062
-51.2992
-50.996
-50.6963
-50.3997
-50.1059
-49.8148
-49.5258
-49.2388
-48.9532
-48.6689
-48.3852
-48.102
-47.7268
-47.2972
-46.8307
-46.3375
-45.8243
-45.2955
-44.7541
-44.2021
-43.6407
-43.0704
-42.4911
-41.9026
-41.304
-40.6944
-40.0725
-39.4367
-38.7854
-38.1165
-37.4279
-36.7172
-35.9818
-35.2188
-34.4252
-33.5976
-32.7324
-31.8258
-30.8736
-29.8715
-28.8148
-27.6988
-26.5183
-25.2683
-23.9436
-22.5392
-21.0504
-19.4728
-17.8033
-16.0396
-14.1813
-12.2303
-10.1912
-8.07268
-5.88746
-3.65354
-1.3945
0.860397
3.07668
5.21604
7.23853
9.10556
10.7832
12.2451
13.4747
14.4659
15.2224
15.7315
16.0234
16.1254
16.0636
15.8624
15.5436
15.1266
14.628
14.0619
13.4399
12.7717
12.0655
11.328
10.5647
9.78033
8.97891
8.16377
7.33782
6.50353
5.66306
4.81829
3.97086
3.12221
2.2736
1.42613
0.58078
-0.261599
-1.10026
-1.93454
-2.76388
-3.58778
-4.40582
-5.21762
-6.02287
-6.82131
-7.61273
-8.39693
-9.17378
-9.94315
-10.705
-11.4592
-12.2057
-12.9446
-13.6759
-14.3995
-15.1155
-15.8239
-16.5249
-17.2185
-17.9048
-18.5838
-19.2558
-19.9208
-20.5789
-21.2304
-21.8752
-22.5138
-23.146
-23.7723
-24.3927
-25.0075
-25.6168
-26.2209
-26.8201
-27.4146
-28.0047
-28.5905
-29.1726
-29.751
-30.3262
-30.8985
-31.4683
-32.0359
-32.6017
-33.1661
-33.7295
-34.2924
-34.8552
-35.4183
-35.9823
-36.5475
-37.1146
-37.684
-38.2561
-38.8315
-39.4107
-39.994
-40.5819
-41.1749
-41.7731
-42.3769
-42.9864
-43.6017
-44.2226
-44.849
-45.4803
-46.116
-46.755
-47.3964
-48.0386
-48.68
-49.3185
-49.9519
-50.5777
-51.1933
-51.796
-52.383
-52.9516
-53.4994
-54.024
-54.5235
-54.9965
-55.4418
-55.8589
-56.2476
-56.6081
-56.9411
-57.2475
-57.5286
-57.7857
-58.0205
-58.2346
-58.4295
-58.6071
-58.7688
-58.9163
-59.0509
-59.174
-59.2869
-59.3908
-59.4865
-59.5752
-59.5547
-59.4746
-59.3578
-59.2172
-59.0609
-58.8945
-58.722
-58.5462
-58.369
-58.1921
-58.0165
-57.8431
-57.6725
-57.5051
-57.3413
-57.1814
-57.0255
-56.8738
-56.7263
-56.5831
-56.4442
-56.3096
-56.1794
-56.0533
-55.9315
-55.8138
-55.7002
-55.5906
-55.4849
-55.3831
-55.2852
-55.1909
-55.1002
-55.0132
-54.9296
-54.8494
-54.7725
-54.6989
-54.6285
-54.5611
-54.4968
-54.4354
-54.377
-54.3213
-54.2685
-54.2183
-54.1707
-54.1257
-54.0832
-54.0432
-54.0056
-53.9703
-53.9373
-53.9065
-53.8779
-53.8515
-53.8272
-53.8048
-53.7845
-53.7662
-53.7497
-53.7351
-53.7224
-53.7114
-53.7022
-53.6947
-53.6889
-53.6848
-53.6822
-53.6812
-53.6817
-53.6838
-53.6873
-53.6923
-53.6987
-53.7065
-53.7156
-53.7261
-53.7379
-53.7509
-53.7652
-53.7807
-53.7974
-53.8153
-53.8343
-53.8545
-53.8758
-53.8981
-53.9215
-53.9459
-53.9714
-53.9978
-54.0252
-54.0536
-54.0829
-54.1131
-54.1442
-54.1761
-54.2089
-54.2425
-54.277
-54.3122
-54.3482
-54.385
-54.4225
-54.4608
-54.4997
-54.5394
-54.5797
-54.6207
-54.6623
-54.7046
-54.7474
-54.7909
-54.8349
-54.8795
-54.9247
-54.9704
-55.0166
-55.0633
-55.1105
-55.1582
-55.2064
-55.255
-55.3041
-55.3535
-55.4034
-55.4537
-55.5044
-55.5555
-55.6069
-55.6587
-55.7108
-55.7633
-55.816
-55.8691
-55.9225
-55.9761
-56.03
-56.0842
-56.1386
-56.1933
-56.2482
-56.3034
-56.3587
-56.4142
-56.4699
-56.5259
-56.5819
-56.6382
-56.6946
-56.7511
-56.8078
-56.8646
-56.9215
-56.9786
-57.0357
-57.093
-57.1503
-57.2077
-57.2652
-57.3227
-57.3803
-57.4379
-57.4956
-57.5533
-57.6111
-57.6688
-57.7266
-57.7844
-57.8422
-57.9
-57.9578
-58.0155
-58.0733
-58.131
-58.1887
-58.2463
-58.3039
-58.3615
-58.4189
-58.4764
-58.5337
-58.5911
-58.6483
-58.7054
-58.7625
-58.8195
-58.8764
-58.9332
-58.9898
-59.0464
-59.1029
-59.1593
-59.2155
-59.2717
-59.3277
-59.3836
-59.4393
-59.495
-59.5504
-59.6058
-59.661
-59.7161
-59.771
-59.8257
-59.8803
-59.9348
-59.9891
-60.0432
-60.0972
-60.151
-60.2046
-60.2581
-60.3114
-60.3645
-60.4174
-60.4701
-60.5227
-60.5751
-60.6273
-60.6793
-60.7312
-60.7828
-60.8342
-60.8855
-60.9365
-60.9874
-61.038
-61.0885
-61.1388
-61.1888
-61.2387
-61.2883
-61.3377
-61.387
-61.436
-61.4848
-61.5334
-61.5818
-61.63
-61.6779
-61.7257
-61.7732
-61.8205
-61.8676
-61.9145
-61.9612
-62.0076
-62.0539
-62.0999
-62.1457
-62.1912
-62.2366
-62.2817
-62.3266
-62.3713
-62.4157
-62.4599
-62.5039
-62.5477
-62.5913
-62.6346
-62.6777
-62.7205
-62.7632
-62.8056
-62.8478
-62.8898
-62.9315
-62.973
-63.0143
-63.0554
-63.0962
-63.1368
-63.1772
-63.2173
-63.2572
-63.2969
-63.3364
-63.3756
-63.4146
-63.4534
-63.4919
-63.5303
-63.5683
-63.6062
-63.6439
-63.6813
-63.7185
-63.7554
-63.7922
-63.8287
-63.8649
-63.901
-63.9368
-63.9724
-64.0078
-64.043
-64.0779
-64.1126
-64.1471
-64.1814
-64.2154
-64.2492
-64.2828
-64.3162
-64.3493
-64.3823
-64.415
-64.4475
-64.4797
-64.5118
-64.5436
-64.5752
-64.6066
-64.6378
-64.6687
-64.6994
-64.73
-64.7603
-64.7904
-64.8202
-64.8499
-64.8793
-64.9086
-64.9376
-64.9664
-64.995
-65.0234
-65.0516
-65.0795
-65.1073
-65.1348
-65.1621
-65.1893
-65.2162
-65.2429
-65.2694
-65.2957
-65.3218
-65.3477
-65.3733
-65.3988
-65.4241
-65.4492
-65.474
-65.4987
-65.5232
-65.5474
-65.5715
-65.5954
-65.6191
-65.6425
-65.6658
-65.6889
-65.7118
-65.7345
-65.757
-65.7793
-65.8014
-65.8233
-65.845
-65.8665
-65.8879
-65.909
-65.93
-65.9508
-65.9714
-65.9918
-66.012
-66.032
-66.0519
-66.0715
-66.091
-66.1103
-66.1294
-66.1483
-66.1671
-66.1857
-66.204
-66.2223
-66.2403
-66.2581
-66.2758
-66.2933
-66.3106
-66.3278
-66.3448
-66.3616
-66.3782
-66.3947
-66.411
-66.4271
-66.443
-66.4588
-66.4744
-66.4899
-66.5052
-66.5203
-66.5352
-66.55
-66.5646
-66.5791
-66.5934
-66.6075
-66.6215
-66.6353
-66.6489
-66.6624
-66.6758
-66.6889
-66.702
-66.7148
-66.7275
-66.7401
-66.7525
-66.7647
-66.7768
-66.7888
-66.8005
-66.8122
-66.8237
-66.835
-66.8462
-66.8572
-66.8681
-66.8789
-66.8895
-66.9
-66.9103
-66.9205
-66.9305
-66.9404
-66.9501
-66.9597
-66.9692
-66.9785
-66.9877
-66.9968
-67.0057
-67.0145
-67.0231
-67.0316
-67.04
-67.0482
-66.9192
-66.7023
-66.4216
-66.0924
-65.7253
-65.3285
-64.9086
-64.4706
-64.0186
-63.5561
-63.0859
-62.6101
-62.1306
-61.6491
-61.1668
-60.6848
-60.2039
-59.7251
-59.2489
-58.7758
-58.3063
-57.8408
-57.3796
-56.9228
-56.4707
-56.0234
-55.5809
-55.1433
-54.7104
-54.2823
-53.8589
-53.4398
-53.025
-52.6142
-52.2072
-51.8035
-51.4028
-51.0047
-50.6088
-50.2146
-49.8215
-49.429
-49.0363
-48.6429
-48.248
-47.8509
-47.4506
-47.0462
-46.6368
-46.2214
-45.7987
-45.3676
-44.9266
-44.4744
-43.9242
-43.3095
-42.6454
-41.9396
-41.1966
-40.4185
-39.6056
-38.7571
-37.8712
-36.9451
-35.975
-34.9566
-33.8846
-32.7531
-31.5557
-30.2848
-28.9328
-27.491
-25.9506
-24.3024
-22.5373
-20.6463
-18.6217
-16.4573
-14.1493
-11.6977
-9.10738
-6.38973
-3.56374
-0.657291
2.29223
5.2383
8.12667
10.8983
13.4936
15.8578
17.9461
19.7282
21.1905
22.3354
23.1796
23.7495
24.0769
24.1955
24.1377
23.9326
23.6058
23.1785
22.6683
22.0893
21.453
20.7687
20.0438
19.2844
18.4956
17.6817
16.8464
15.9927
15.1234
14.241
13.3474
12.4448
11.5348
10.6189
9.69861
8.77517
7.84975
6.92339
5.99705
5.07159
4.1478
3.22637
2.30795
1.39308
0.482298
-0.42396
-1.32529
-2.22134
-3.1118
-3.99639
-4.87489
-5.74709
-6.61283
-7.47196
-8.32438
-9.16999
-10.0087
-10.8405
-11.6654
-12.4833
-13.2943
-14.0983
-14.8955
-15.6858
-16.4694
-17.2462
-18.0165
-18.7803
-19.5377
-20.2889
-21.0339
-21.7731
-22.5064
-23.2342
-23.9567
-24.674
-25.3864
-26.0941
-26.7975
-27.4969
-28.1925
-28.8847
-29.5738
-30.2603
-30.9446
-31.6271
-32.3083
-32.9886
-33.6686
-34.3488
-35.0298
-35.7121
-36.3965
-37.0834
-37.7736
-38.4678
-39.1665
-39.8705
-40.5805
-41.2971
-42.021
-42.7527
-43.4928
-44.2417
-45
-45.7677
-46.5449
-47.3317
-48.1276
-48.932
-49.744
-50.5622
-51.3851
-52.2105
-53.0357
-53.8579
-54.6735
-55.4787
-56.2693
-57.0411
-57.7898
-58.5109
-59.2007
-59.8556
-60.4727
-61.0499
-61.5856
-62.0793
-62.5311
-62.942
-63.3135
-63.6474
-63.9464
-64.2128
-64.4496
-64.6595
-64.8452
-65.0094
-65.1545
-65.2829
-65.3967
-65.4977
-65.5876
-65.668
-65.7401
-65.8051
-65.864
-65.9176
-65.9669
-66.0122
-66.0543
-66.0936
-66.1305
-66.1653
-66.1984
-66.23
-66.2603
-66.2895
-66.3178
-66.3453
-66.372
-66.3982
-66.4239
-66.4491
-66.4739
-66.4984
-66.5226
-66.5465
-66.5702
-66.5937
-66.6171
-66.6403
-66.6634
-66.6863
-66.7092
-66.7319
-66.7545
-66.7771
-66.7996
-66.822
-66.8443
-66.8666
-66.8888
-66.9109
-66.933
-66.955
-66.977
-66.9989
-67.0207
-67.0425
-67.0642
-67.0859
-67.1075
-67.129
-67.1505
-67.1719
-67.1932
-67.2145
-67.2357
-67.2569
-67.2779
-67.2989
-67.3199
-67.3407
-67.3615
-67.3822
-67.4028
-67.4234
-67.4439
-67.4643
-67.4846
-67.5048
-67.5249
-67.545
-67.565
-67.5848
-67.6046
-67.6243
-67.6439
-67.6635
-67.6829
-67.7022
-67.7214
-67.7406
-67.7596
-67.7786
-67.7974
-67.8161
-67.8348
-67.8533
-67.8717
-67.89
-67.9083
-67.9264
-67.9444
-67.9623
-67.9801
-67.9977
-68.0153
-68.0328
-68.0501
-68.0673
-68.0845
-68.1015
-68.1184
-68.1351
-68.1518
-68.1684
-68.1848
-68.2011
-68.2173
-68.2334
-68.2493
-68.2652
-68.2809
-68.2965
-68.312
-68.3274
-68.3426
-68.3577
-68.3727
-68.3876
-68.4024
-68.417
-68.4315
-68.4459
-68.4602
-68.4743
-68.4884
-68.5023
-68.516
-68.5297
-68.5432
-68.5566
-68.5699
-68.583
-68.5961
-68.609
-68.6218
-68.6344
-68.6469
-68.6593
-68.6716
-68.6838
-68.6958
-68.7077
-68.7195
-68.7311
-68.7427
-68.7541
-68.7653
-68.7765
-68.7875
-68.7984
-68.8092
-68.8199
-68.8304
-68.8408
-68.8511
-68.8612
-68.8713
-68.8812
-68.8909
-68.9006
-68.9101
-68.9195
-68.9288
-68.938
-68.947
-68.9559
-68.9647
-68.9734
-68.9819
-68.9904
-68.9987
-69.0068
-69.0149
-69.0228
-69.0307
-69.0384
-69.0459
-69.0534
-69.0607
-69.0679
-69.075
-69.082
-69.0888
-69.0956
-69.1022
-69.1087
-69.1151
-69.1213
-69.1275
-69.1335
-69.1394
-69.1452
-69.1509
-69.1564
-69.1619
-69.1672
-69.1724
-69.1775
-69.1825
-69.1873
-69.1921
-69.1967
-69.2013
-69.2057
-69.21
-69.2142
-69.2182
-69.2222
-69.2261
-69.2298
-69.2334
-69.237
-69.2404
-69.2437
-69.2469
-69.25
-69.2529
-69.2558
-69.2586
-69.2612
-69.2638
-69.2662
-69.2685
-69.2708
-69.2729
-69.2749
-69.2768
-69.2786
-69.2803
-69.2819
-69.2834
-69.2848
-69.2861
-69.2873
-69.2884
-69.2894
-69.2903
-69.2911
-69.2918
-69.2924
-69.2929
-69.2933
-69.2936
-69.2938
-69.2939
-69.2939
-69.2938
-69.2937
-69.2934
-69.293
-69.2925
-69.292
-69.2913
-69.2906
-69.2897
-69.2888
-69.2878
-69.2867
-69.2855
-69.2842
-69.2828
-69.2813
-69.2797
-69.2781
-69.2763
-69.2745
-69.2726
-69.2706
-69.2685
-69.2663
-69.264
-69.2617
-69.2593
-69.2567
-69.2541
-69.2515
-69.2487
-69.2458
-69.2429
-69.2399
-69.2368
-69.2336
-69.2304
-69.227
-69.2236
-69.2201
-69.2166
-69.2129
-69.2092
-69.2054
-69.2015
-69.1975
-69.1935
-69.1894
-69.1852
-69.181
-69.1766
-69.1722
-69.1678
-69.1632
-69.1586
-69.1539
-69.1491
-69.1443
-69.1394
-69.1344
-69.1294
-69.1243
-69.1191
-69.1138
-69.1085
-69.1031
-69.0977
-69.0922
-69.0866
-69.0809
-69.0752
-69.0694
-69.0636
-69.0577
-69.0517
-69.0457
-69.0396
-69.0335
-69.0273
-69.021
-69.0147
-69.0083
-69.0018
-68.9953
-68.9887
-68.9821
-68.9754
-68.9687
-68.9619
-68.955
-68.9481
-68.9412
-68.9341
-68.9271
-68.9199
-68.9127
-68.9055
-68.8982
-68.8909
-68.8835
-68.876
-68.8686
-68.861
-68.8534
-68.8458
-68.8381
-68.8303
-68.8225
-68.8147
-68.8068
-68.7989
-68.7909
-68.7829
-68.7748
-68.7667
-68.7585
-68.7503
-68.7421
-68.7338
-68.7254
-68.7171
-68.7086
-68.7002
-68.6917
-68.6831
-68.6745
-68.6659
-68.6572
-68.6485
-68.6398
-68.631
-68.6222
-68.6133
-68.6044
-68.5955
-68.5865
-68.5775
-68.5685
-68.5594
-68.5503
-68.5411
-68.532
-68.5228
-68.5135
-68.5042
-68.4949
-68.4856
-68.4762
-68.4668
-68.4573
-68.4479
-68.4384
-68.4288
-68.4193
-68.4097
-68.4001
-68.3904
-68.3808
-68.3711
-68.3613
-68.3516
-68.3418
-68.332
-68.3222
-68.3123
-68.3024
-68.2925
-68.2826
-68.2726
-68.2627
-68.2527
-68.2426
-68.2326
-68.2225
-68.2124
-68.2023
-68.1922
-68.182
-68.1719
-68.1617
-68.1515
-68.1412
-68.131
-68.1207
-68.1104
-68.1001
-68.0898
-68.0795
-68.0691
-68.0587
-68.0483
-68.0379
-68.0275
-68.0171
-68.0066
-67.9962
-67.9857
-67.9752
-67.9647
-67.9542
-67.9437
-67.9331
-67.9226
-67.912
-67.9014
-67.8908
-67.8802
-67.8696
-67.859
-67.8484
-67.8377
-67.8271
-67.8164
-67.8058
-67.7951
-67.7844
-67.7737
-67.763
-67.7523
-67.7416
-67.7309
-67.7202
-67.7094
-67.6987
-67.688
-67.6772
-67.6664
-67.6557
-67.6449
-67.6342
-67.6234
-67.6126
-67.6018
-67.5911
-67.5803
-67.5695
-67.5587
-67.5479
-67.5371
-67.5263
-67.5155
-67.5047
-67.494
-67.4832
-67.4724
-67.4616
-67.4508
-67.44
-67.4292
-67.4184
-67.4076
-67.3969
-67.3861
-67.3753
-67.3645
-67.3537
-67.343
-67.3322
-67.3214
-67.3107
-67.2999
-67.2892
-67.2784
-67.2677
-67.2569
-67.2462
-67.2355
-67.2247
-67.214
-67.2033
-67.1926
-67.1819
-67.1712
-67.1605
-67.1498
-67.1392
-67.1285
-67.1178
-67.1072
-67.0965
-67.0859
-67.0753
-67.0647
-67.0541
-67.0435
-67.0329
-67.0223
-67.0117
-67.0012
-66.9906
-66.9801
-66.9696
-66.9591
-66.9486
-66.9381
-66.9276
-66.9171
-66.9067
-66.8963
-66.8858
-66.8754
-66.865
-66.8546
-66.8442
-66.8339
-66.8235
-66.8132
-66.8029
-66.7925
-66.7822
-66.772
-66.7617
-66.7514
-66.7412
-66.731
-66.7208
-66.7106
-66.7004
-66.6902
-66.6801
-66.6699
-66.6598
-66.6497
-66.6396
-66.6295
-66.6195
-66.6095
-66.5994
-66.5894
-66.5795
-66.5695
-66.5596
-66.5496
-66.5397
-66.5298
-66.52
-66.5101
-66.5003
-66.4905
-66.4807
-66.4709
-66.4611
-66.4514
-66.4417
-66.432
-66.4223
-66.4126
-66.403
-66.3934
-66.3838
-66.3742
-66.3647
-66.3551
-66.3456
-66.3361
-66.3266
-66.3172
-66.3077
-66.2983
-66.2889
-66.2796
-66.2702
-66.2609
-66.2516
-66.2423
-66.2331
-66.2238
-66.2146
-66.2054
-66.1962
-66.1871
-66.178
-66.1689
-66.1598
-66.1507
-66.1417
-66.1327
-66.1237
-66.1148
-66.1058
-66.0969
-66.088
-66.0792
-66.0703
-66.0615
-66.0527
-66.044
-66.0353
-66.0265
-66.0179
-66.0092
-66.0006
-65.992
-65.9834
-65.9748
-65.9663
-65.9578
-65.9493
-65.9409
-65.9325
-65.9241
-65.9157
-65.9073
-65.899
-65.8907
-65.8825
-65.8742
-65.866
-65.8578
-65.8497
-65.8415
-65.8334
-65.8253
-65.8173
-65.8093
-65.8013
-65.7933
-65.7853
-65.7774
-65.7695
-65.7617
-65.7538
-65.746
-65.7382
-65.7305
-65.7228
-65.7151
-65.7074
-65.6997
-65.6921
-65.6846
-65.677
-65.6695
-65.662
-65.6545
-65.6471
-65.6397
-65.6323
-65.6249
-65.6176
-65.6103
-65.6031
-65.5958
-65.5886
-65.5815
-65.5743
-65.5672
-65.5601
-65.5531
-65.546
-65.5391
-65.5321
-65.5252
-65.5183
-65.5114
-65.5046
-65.4978
-65.491
-65.4842
-65.4775
-65.4708
-65.4642
-65.4576
-65.451
-65.4444
-65.4379
-65.4314
-65.4249
-65.4185
-65.4121
-65.4057
-65.3993
-65.393
-65.3867
-65.3805
-65.3742
-65.368
-65.3619
-65.3557
-65.3496
-65.3436
-65.3375
-65.3315
-65.3255
-65.3196
-65.3137
-65.3078
-65.3019
-65.2961
-65.2903
-65.2845
-65.2788
-65.2731
-65.2674
-65.2618
-65.2562
-65.2506
-65.2451
-65.2395
-65.2341
-65.2286
-65.2232
-65.2178
-65.2125
-65.2071
-65.2018
-65.1966
-65.1914
-65.1862
-65.181
-65.1759
-65.1708
-65.1657
-65.1607
-65.1557
-65.1507
-65.1457
-65.1408
-65.136
-65.1311
-65.1263
-65.1215
-65.1168
-65.1121
-65.1074
-65.1027
-65.0981
-65.0935
-65.089
-65.0845
-65.08
-65.0755
-65.0711
-65.0667
-65.0623
-65.058
-65.0537
-65.0495
-65.0452
-65.041
-65.0369
-65.0327
-65.0286
-65.0246
-65.0205
-65.0165
-65.0126
-65.0086
-65.0047
-65.0009
-64.997
-64.9932
-64.9894
-64.9857
-64.982
-64.9783
-64.9746
-64.971
-64.9674
-64.9639
-64.9603
-64.9568
-64.9534
-64.9499
-64.9465
-64.9431
-64.9398
-64.9365
-64.9332
-64.9299
-64.9267
-64.9235
-64.9204
-64.9172
-64.9141
-64.9111
-64.908
-64.905
-64.902
-64.8991
-64.8962
-64.8933
-64.8904
-64.8876
-64.8848
-64.882
-64.8793
-64.8766
-64.8739
-64.8712
-64.8686
-64.866
-64.8634
-64.8609
-64.8584
-64.8559
-64.8535
-64.851
-64.8487
-64.8463
-64.844
-64.8417
-64.8394
-64.8371
-64.8349
-64.8327
-64.8306
-64.8284
-64.8263
-64.8243
-64.8222
-64.8202
-64.8182
-64.8162
-64.8143
-64.8124
-64.8105
-64.8086
-64.8068
-64.805
-64.8033
-64.8015
-64.7998
-64.7981
-64.7964
-64.7948
-64.7932
-64.7916
-64.7901
-64.7885
-64.787
-64.7856
-64.7841
-64.7827
-64.7813
-64.7799
-64.7786
-64.7773
-64.776
-64.7747
-64.7735
-64.7722
-64.771
-64.7699
-64.7687
-64.7676
-64.7665
-64.7655
-64.7644
-64.7634
-64.7624
-64.7614
-64.7605
-64.7596
-64.7587
-64.7578
-64.757
-64.7561
-64.7553
-64.7546
-64.7538
-64.7531
-64.7524
-64.7517
-64.751
-64.7504
-64.7497
-64.7492
-64.7486
-64.748
-64.7475
-64.747
-64.7465
-64.746
-64.7456
-64.7452
-64.7448
-64.7444
-64.744
-64.7437
-64.7434
-64.7431
-64.7428
-64.7426
-64.7423
-64.7421
-64.7419
-64.7417
-64.7416
-64.7414
-64.7413
-64.7412
-64.7412
-64.7411
-64.7411
-64.741
-64.741
-64.741
-64.7411
-64.7411
-64.7412
-64.7413
-64.7414
-64.7415
-64.7417
-64.7418
-64.742
-64.7422
-64.7424
-64.7426
-64.7429
-64.7431
-64.7434
-64.7437
-64.744
-64.7443
-64.7446
-64.745
-64.7454
-64.7457
-64.7461
-64.7466
-64.747
-64.7474
-64.7479
-64.7484
-64.7489
-64.7494
-64.7499
-64.7504
-64.6168
-64.3959
-64.1109
-63.776
-63.4015
-62.9954
-62.5639
-62.112
-61.6437
-61.1623
-60.6706
-60.1707
-59.6645
-59.1534
-58.6385
-58.121
-57.6014
-57.0806
-56.5589
-56.0366
-55.514
-54.991
-54.4678
-53.9441
-53.4198
-52.8944
-52.3675
-51.8386
-51.3069
-50.7716
-50.2318
-49.6865
-49.1343
-48.5738
-48.0034
-47.4214
-46.8257
-46.214
-45.5837
-44.9319
-44.2553
-43.5503
-42.8125
-42.0373
-41.2193
-40.3522
-39.4292
-38.4422
-37.3822
-36.2387
-34.9999
-33.6523
-32.1806
-30.5676
-28.7942
-26.839
-24.6793
-22.2913
-19.6512
-16.7374
-13.533
-10.03
-6.23437
-2.17197
2.1065
6.52222
10.9695
15.3226
19.4485
23.2232
26.5477
29.3593
31.6369
33.3974
34.6867
35.5678
36.1096
36.3782
36.4313
36.3164
36.0707
35.7223
35.292
34.795
34.2425
33.6425
33.0013
32.3236
31.6132
30.8733
30.1064
29.3151
28.5013
27.6669
26.8139
25.9437
25.0581
24.1586
23.2464
22.323
21.3896
20.4474
19.4977
18.5414
17.5796
16.6132
15.6432
14.6705
13.6957
12.7198
11.7433
10.7669
9.79124
8.81687
7.84429
6.87398
5.90637
4.94185
3.98079
3.02351
2.0703
1.12142
0.177103
-0.76245
-1.69706
-2.62657
-3.55085
-4.46978
-5.38329
-6.29131
-7.19378
-8.09067
-8.98196
-9.86764
-10.7477
-11.6223
-12.4913
-13.3548
-14.2129
-15.0657
-15.9133
-16.7558
-17.5933
-18.4259
-19.2538
-20.0773
-20.8964
-21.7114
-22.5226
-23.3302
-24.1345
-24.9357
-25.7344
-26.5308
-27.3253
-28.1184
-28.9107
-29.7025
-30.4946
-31.2874
-32.0817
-32.8783
-33.6777
-34.4809
-35.2888
-36.1021
-36.9219
-37.7492
-38.585
-39.4303
-40.2863
-41.154
-42.0346
-42.929
-43.8384
-44.7637
-45.7056
-46.6648
-47.6418
-48.6367
-49.6493
-50.679
-51.7246
-52.7843
-53.8558
-54.9358
-56.0203
-57.1044
-58.1824
-59.2479
-60.2939
-61.313
-62.2978
-63.241
-64.1358
-64.9767
-65.759
-66.4797
-67.137
-67.731
-68.2629
-68.7352
-69.1515
-69.5158
-69.8326
-70.1068
-70.343
-70.5458
-70.7195
-70.8679
-70.9945
-71.1026
-71.1948
-71.2735
-71.3409
-71.3987
-71.4484
-71.4913
-71.5284
-71.5607
-71.5889
-71.6137
-71.6356
-71.6552
-71.6726
-71.6883
-71.7026
-71.7157
-71.7276
-71.7387
-71.749
-71.7587
-71.7678
-71.7765
-71.7847
-71.7926
-71.8001
-71.8074
-71.8144
-71.8212
-71.8279
-71.8344
-71.8407
-71.8469
-71.8529
-71.8589
-71.8647
-71.8704
-71.8761
-71.8816
-71.8871
-71.8925
-71.8978
-71.9031
-71.9082
-71.9133
-71.9184
-71.9233
-71.9282
-71.933
-71.9377
-71.9424
-71.947
-71.9516
-71.956
-71.9604
-71.9647
-71.969
-71.9732
-71.9773
-71.9813
-71.9853
-71.9892
-71.993
-71.9967
-72.0004
-72.004
-72.0075
-72.0109
-72.0143
-72.0176
-72.0208
-72.0239
-72.0269
-72.0299
-72.0327
-72.0355
-72.0382
-72.0409
-71.9036
-71.6826
-71.4052
-71.0881
-70.7428
-70.3776
-69.9988
-69.6113
-69.2186
-68.8238
-68.429
-68.0361
-67.6465
-67.2612
-66.8811
-66.507
-66.1393
-65.7785
-65.4248
-65.0787
-64.7401
-64.4093
-64.0862
-63.7711
-63.4637
-63.1642
-62.8724
-62.5883
-62.3119
-62.043
-61.7815
-61.5272
-61.2802
-61.0402
-60.8072
-60.5809
-60.3612
-60.1481
-59.9413
-59.7407
-59.5462
-59.3576
-59.1748
-58.9976
-58.826
-58.6597
-58.4987
-58.3428
-58.1919
-58.0458
-57.9045
-57.7678
-57.6356
-57.5078
-57.3842
-57.2648
-57.1495
-57.0381
-56.9306
-56.8269
-56.7268
-56.6303
-56.5373
-56.4477
-56.3615
-56.2785
-56.1986
-56.1219
-56.0481
-55.9774
-55.9095
-55.8444
-55.7821
-55.7225
-55.6655
-55.6111
-55.5593
-55.5099
-55.4629
-55.4184
-55.3761
-55.3362
-55.2984
-55.2629
-55.2295
-55.1983
-55.1691
-55.142
-55.1168
-55.0936
-55.0724
-55.053
-55.0356
-55.0199
-55.0061
-54.994
-54.9837
-54.9751
-54.9681
-54.9629
-54.9593
-54.9573
-54.9568
-54.958
-54.9606
-54.9648
-54.9705
-54.9776
-54.9862
-54.9962
-55.0076
-55.0204
-55.0346
-54.9448
-54.7939
-54.6019
-54.381
-54.1393
-53.8827
-53.6156
-53.3413
-53.0622
-52.7804
-52.4972
-52.2139
-51.9313
-51.6502
-51.3711
-51.0944
-50.8204
-50.5494
-50.2814
-50.0167
-49.7552
-49.4971
-49.2423
-48.9907
-48.7423
-48.4971
-48.2548
-48.0155
-47.779
-47.5451
-47.3137
-47.0847
-46.8578
-46.6329
-46.4099
-46.1885
-45.9685
-45.7499
-45.5322
-45.3154
-45.0993
-44.8836
-44.6682
-44.4527
-44.237
-44.0209
-43.8041
-43.5863
-43.3674
-43.1471
-42.9251
-42.7012
-42.4751
-42.2465
-42.0151
-41.7806
-41.5427
-41.3011
-41.0554
-40.8053
-40.5504
-40.2903
-40.0246
-39.7529
-39.4747
-39.1896
-38.897
-38.5964
-38.2873
-37.9691
-37.6412
-37.3029
-36.9535
-36.5923
-36.2185
-35.8313
-35.4298
-35.0132
-34.5805
-34.1307
-33.6627
-33.1754
-32.6676
-32.1382
-31.5859
-31.0093
-30.4072
-29.778
-29.1205
-28.4331
-27.7144
-26.963
-26.1774
-25.3562
-24.4981
-23.602
-22.6667
-21.6915
-20.6757
-19.619
-18.5215
-17.3838
-16.2072
-14.9934
-13.7454
-12.4668
-11.1628
-9.83981
-8.50581
-7.17051
-5.84542
-4.54377
-3.28027
-2.07076
-0.931513
0.121492
1.07352
1.91197
2.62708
3.21247
3.66532
3.98625
4.17888
4.24936
4.2056
4.05671
3.81237
3.48238
3.07627
2.60304
2.07105
1.48793
0.860538
0.195009
-0.503215
-1.22931
-1.97905
-2.74868
-3.5349
-4.33483
-5.1459
-5.96587
-6.79274
-7.62478
-8.46042
-9.29832
-10.1373
-10.9762
-11.8142
-12.6505
-13.4843
-14.315
-15.1421
-15.9652
-16.7838
-17.5976
-18.4063
-19.2098
-20.0079
-20.8003
-21.5871
-22.3682
-23.1436
-23.9134
-24.6775
-25.4361
-26.1893
-26.9373
-27.6803
-28.4184
-29.1519
-29.8811
-30.6063
-31.3278
-32.0459
-32.7611
-33.4738
-34.1843
-34.8932
-35.6008
-36.3078
-37.0147
-37.7219
-38.4301
-39.1399
-39.8518
-40.5664
-41.2843
-42.0062
-42.7327
-43.4643
-44.2017
-44.9454
-45.6959
-46.4537
-47.2191
-47.9926
-48.7743
-49.5643
-50.3626
-51.1689
-51.9829
-52.8038
-53.6308
-54.4626
-55.2978
-56.1344
-56.9701
-57.8025
-58.6284
-59.4446
-60.2474
-61.033
-61.7975
-62.5369
-63.2473
-63.9252
-64.5675
-65.1717
-65.7357
-66.2586
-66.7397
-67.1794
-67.5787
-67.9391
-68.2626
-68.5516
-68.8086
-69.0364
-69.2376
-69.415
-69.5711
-69.7083
-69.8289
-69.9349
-70.0281
-70.1102
-70.1827
-70.2468
-70.3036
-70.3542
-70.3994
-70.44
-70.4765
-70.5095
-70.5396
-70.5671
-70.5923
-70.6156
-70.6373
-70.6574
-70.6763
-70.6942
-70.711
-70.727
-70.7423
-70.7569
-70.7709
-70.7844
-70.7975
-70.8101
-70.8224
-70.8344
-70.8461
-70.8575
-70.8686
-70.8796
-70.8903
-70.9008
-70.9111
-70.9213
-70.9313
-70.9412
-70.9509
-70.9604
-70.9699
-70.9792
-70.9884
-70.9974
-71.0064
-71.0152
-71.0239
-71.0325
-71.0409
-71.0493
-71.0576
-71.0657
-71.0738
-71.0817
-71.0895
-71.0973
-71.1049
-71.1124
-71.1198
-71.1271
-71.1343
-71.1414
-71.1484
-71.1552
-71.162
-71.1687
-71.1752
-71.1817
-71.188
-71.1943
-71.2004
-71.2064
-71.2123
-71.2181
-71.2238
-71.2294
-71.2349
-71.2403
-71.2455
-71.2507
-71.2558
-71.2607
-71.2655
-71.2702
-71.2748
-71.2793
-71.2837
-71.288
-71.2922
-71.2962
-71.3002
-71.304
-71.3077
-71.3113
-71.3148
-71.3182
-71.3215
-71.3247
-71.3277
-71.3307
-71.3335
-71.3362
-71.3389
-71.3413
-71.3437
-71.346
-71.3482
-71.3502
-71.3522
-71.354
-71.3557
-71.3573
-71.3588
-71.3602
-71.3615
-71.3627
-71.3637
-71.3647
-71.3655
-71.3662
-71.3668
-71.3673
-71.3677
-71.368
-71.3682
-71.3682
-71.3682
-71.368
-71.3678
-71.3674
-71.3669
-71.3663
-71.3656
-71.3648
-71.3639
-71.3629
-71.3618
-71.3606
-71.3592
-71.3578
-71.3562
-71.3546
-71.3528
-71.3509
-71.349
-71.3469
-71.3447
-71.3424
-71.34
-71.3375
-71.3349
-71.3322
-71.3294
-71.3265
-71.3235
-71.3204
-71.3172
-71.3139
-71.3105
-71.307
-71.3034
-71.2996
-71.2958
-71.2919
-71.2879
-71.2838
-71.2796
-71.2753
-71.2709
-71.2664
-71.2618
-71.2571
-71.2524
-71.2475
-71.2425
-71.2375
-71.2323
-71.227
-71.2217
-71.2163
-71.2107
-71.2051
-71.1994
-71.1936
-71.1877
-71.1817
-71.1756
-71.1695
-71.1632
-71.1569
-71.1505
-71.1439
-71.1373
-71.1307
-71.1239
-71.117
-71.1101
-71.103
-71.0959
-71.0887
-71.0814
-71.0741
-71.0666
-71.0591
-71.0515
-71.0438
-71.036
-71.0282
-71.0202
-71.0122
-71.0041
-70.996
-70.9877
-70.9794
-70.971
-70.9625
-70.954
-70.9453
-70.9366
-70.9278
-70.919
-70.9101
-70.9011
-70.892
-70.8828
-70.8736
-70.8643
-70.855
-70.8455
-70.836
-70.8265
-70.8168
-70.8071
-70.7974
-70.7875
-70.7776
-70.7676
-70.7576
-70.7475
-70.7373
-70.7271
-70.7168
-70.7064
-70.696
-70.6855
-70.675
-70.6644
-70.6537
-70.643
-70.6322
-70.6213
-70.6104
-70.5995
-70.5884
-70.5774
-70.5662
-70.555
-70.5438
-70.5325
-70.5211
-70.5097
-70.4982
-70.4867
-70.4751
-70.4635
-70.4518
-70.4401
-70.4283
-70.4164
-70.4046
-70.3926
-70.3806
-70.3686
-70.3565
-70.3444
-70.3322
-70.32
-70.3077
-70.2954
-70.2831
-70.2707
-70.2582
-70.2457
-70.2332
-70.2206
-70.208
-70.1953
-70.1826
-70.1698
-70.1571
-70.1442
-70.1314
-70.1185
-70.1055
-70.0925
-70.0795
-70.0665
-70.0534
-70.0402
-70.0271
-70.0139
-70.0006
-69.9874
-69.974
-69.9607
-69.9473
-69.9339
-69.9205
-69.907
-69.8935
-69.88
-69.8664
-69.8528
-69.8392
-69.8256
-69.8119
-69.7982
-69.7844
-69.7707
-69.7569
-69.7431
-69.7292
-69.7154
-69.7015
-69.6876
-69.6736
-69.6596
-69.6457
-69.6316
-69.6176
-69.6036
-69.5895
-69.5754
-69.5613
-69.5471
-69.533
-69.5188
-69.5046
-69.4904
-69.4761
-69.4619
-69.4476
-69.4333
-69.419
-69.4047
-69.3903
-69.376
-69.3616
-69.3472
-69.3328
-69.3184
-69.304
-69.2895
-69.2751
-69.2606
-69.2461
-69.2316
-69.2171
-69.2026
-69.1881
-69.1736
-69.159
-69.1445
-69.1299
-69.1153
-69.1008
-69.0862
-69.0716
-69.057
-69.0424
-69.0277
-69.0131
-68.9985
-68.9839
-68.9692
-68.9546
-68.9399
-68.9253
-68.9106
-68.896
-68.8813
-68.8666
-68.852
-68.8373
-68.8226
-68.8079
-68.7933
-68.7786
-68.7639
-68.7492
-68.7346
-68.7199
-68.7052
-68.6905
-68.6759
-68.6612
-68.6465
-68.6318
-68.6172
-68.6025
-68.5879
-68.5732
-68.5585
-68.5439
-68.5293
-68.5146
-68.5
-68.4854
-68.4707
-68.4561
-68.4415
-68.4269
-68.4123
-68.3977
-68.3831
-68.3686
-68.354
-68.3394
-68.3249
-68.3103
-68.2958
-68.2813
-68.2668
-68.2522
-68.2378
-68.2233
-68.2088
-68.1943
-68.1799
-68.1654
-68.151
-68.1366
-68.1222
-68.1078
-68.0934
-68.079
-68.0646
-68.0503
-68.036
-68.0216
-68.0073
-67.9931
-67.9788
-67.9645
-67.9503
-67.936
-67.9218
-67.9076
-67.8934
-67.8793
-67.8651
-67.851
-67.8369
-67.8228
-67.8087
-67.7946
-67.7806
-67.7665
-67.7525
-67.7385
-67.7245
-67.7106
-67.6966
-67.6827
-67.6688
-67.6549
-67.641
-67.6272
-67.6133
-67.5995
-67.5857
-67.572
-67.5582
-67.5445
-67.5308
-67.5171
-67.5034
-67.4898
-67.4762
-67.4626
-67.449
-67.4354
-67.4219
-67.4084
-67.3949
-67.3814
-67.368
-67.3546
-67.3412
-67.3278
-67.3144
-67.3011
-67.2878
-67.2745
-67.2613
-67.248
-67.2348
-67.2217
-67.2085
-67.1954
-67.1823
-67.1692
-67.1561
-67.1431
-67.1301
-67.1171
-67.1041
-67.0912
-67.0783
-67.0654
-67.0526
-67.0398
-67.027
-67.0142
-67.0014
-66.9887
-66.976
-66.9634
-66.9508
-66.9382
-66.9256
-66.913
-66.9005
-66.888
-66.8756
-66.8631
-66.8507
-66.8384
-66.826
-66.8137
-66.8014
-66.7891
-66.7769
-66.7647
-66.7525
-66.7404
-66.7283
-66.7162
-66.7041
-66.6921
-66.6801
-66.6681
-66.6562
-66.6443
-66.6324
-66.6205
-66.6087
-66.5969
-66.5852
-66.5735
-66.5618
-66.5501
-66.5385
-66.5269
-66.5153
-66.5038
-66.4923
-66.4808
-66.4694
-66.458
-66.4466
-66.4353
-66.424
-66.4127
-66.4015
-66.3903
-66.3791
-66.368
-66.3568
-66.3458
-66.3347
-66.3237
-66.3127
-66.3018
-66.2909
-66.28
-66.2691
-66.2583
-66.2475
-66.2368
-66.2261
-66.2154
-66.2048
-66.1941
-66.1836
-66.173
-66.1625
-66.152
-66.1416
-66.1312
-66.1208
-66.1105
-66.1002
-66.0899
-66.0797
-66.0695
-66.0593
-66.0492
-66.0391
-66.029
-66.019
-66.009
-65.9991
-65.9892
-65.9793
-65.9694
-65.9596
-65.9499
-65.9401
-65.9304
-65.9208
-65.9111
-65.9016
-65.892
-65.8825
-65.873
-65.8636
-65.8541
-65.8448
-65.8354
-65.8261
-65.8169
-65.8076
-65.7984
-65.7893
-65.7801
-65.771
-65.762
-65.753
-65.744
-65.7351
-65.7262
-65.7173
-65.7085
-65.6997
-65.6909
-65.6822
-65.6735
-65.6649
-65.6562
-65.6477
-65.6391
-65.6306
-65.6222
-65.6138
-65.6054
-65.597
-65.5887
-65.5805
-65.5722
-65.564
-65.5559
-65.5478
-65.5397
-65.5316
-65.5236
-65.5157
-65.5078
-65.4999
-65.492
-65.4842
-65.4765
-65.4687
-65.461
-65.4534
-65.4458
-65.4382
-65.4306
-65.4231
-65.4157
-65.4083
-65.4009
-65.3935
-65.3862
-65.3789
-65.3717
-65.3645
-65.3573
-65.3502
-65.3431
-65.3361
-65.3291
-65.3221
-65.3152
-65.3083
-65.3014
-65.2946
-65.2878
-65.2811
-65.2744
-65.2677
-65.2611
-65.2545
-65.248
-65.2415
-65.235
-65.2286
-65.2222
-65.2158
-65.2095
-65.2032
-65.197
-65.1908
-65.1846
-65.1785
-65.1724
-65.1664
-65.1604
-65.1544
-65.1485
-65.1426
-65.1367
-65.1309
-65.1251
-65.1194
-65.1137
-65.1081
-65.1024
-65.0969
-65.0913
-65.0858
-65.0804
-65.0749
-65.0696
-65.0642
-65.0589
-65.0537
-65.0484
-65.0432
-65.0381
-65.033
-65.0279
-65.0229
-65.0179
-65.013
-65.008
-65.0032
-64.9983
-64.9936
-64.9888
-64.9841
-64.9794
-64.9748
-64.9702
-64.9656
-64.9611
-64.9566
-64.9521
-64.9477
-64.9434
-64.939
-64.9347
-64.9305
-64.9262
-64.9221
-64.9179
-64.9138
-64.9097
-64.9057
-64.9017
-64.8977
-64.8938
-64.8899
-64.8861
-64.8822
-64.8785
-64.8747
-64.871
-64.8673
-64.8637
-64.8601
-64.8566
-64.853
-64.8496
-64.8461
-64.8427
-64.8393
-64.836
-64.8327
-64.8294
-64.8262
-64.823
-64.8198
-64.8167
-64.8136
-64.8105
-64.8075
-64.8045
-64.8016
-64.7987
-64.7958
-64.793
-64.7902
-64.7874
-64.7847
-64.782
-64.7793
-64.7767
-64.7741
-64.7715
-64.769
-64.7665
-64.7641
-64.7616
-64.7592
-64.7569
-64.7546
-64.7523
-64.75
-64.7478
-64.7456
-64.7435
-64.7414
-64.7393
-64.7373
-64.7352
-64.7333
-64.7313
-64.7294
-64.7275
-64.7257
-64.7238
-64.7221
-64.7203
-64.7186
-64.7169
-64.7152
-64.7136
-64.712
-64.7105
-64.7089
-64.7074
-64.706
-64.7045
-64.7031
-64.7018
-64.7004
-64.6991
-64.6978
-64.6966
-64.6954
-64.6942
-64.693
-64.6919
-64.6908
-64.6897
-64.6887
-64.6877
-64.6867
-64.6858
-64.6848
-64.6839
-64.6831
-64.6822
-64.6814
-64.6807
-64.6799
-64.6792
-64.6785
-64.6778
-64.6772
-64.6766
-64.676
-64.6754
-64.6749
-64.6744
-64.6739
-64.6735
-64.673
-64.6726
-64.6723
-64.6719
-64.6716
-64.6713
-64.671
-64.6708
-64.6706
-64.6704
-64.6702
-64.6701
-64.6699
-64.6698
-64.6698
-64.6697
-64.6697
-64.6697
-64.6697
-64.6698
-64.6698
-64.6699
-64.67
-64.6702
-64.6703
-64.6705
-64.6707
-64.6709
-64.6712
-64.6715
-64.6717
-64.6721
-64.6724
-64.6727
-64.6731
-64.6735
-64.6739
-64.6743
-64.6748
-64.6753
-64.6758
-64.6763
-64.6768
-64.6773
-64.6779
-64.6785
-64.6791
-64.6797
-64.6804
-64.681
-64.6817
-64.6824
-64.6831
-64.6838
-64.6846
-64.6853
-64.6861
-64.6869
-64.6877
-64.6886
-64.6894
-64.6903
-64.6911
-64.692
-64.6929
-64.6939
-64.6948
-64.6957
-64.6967
-64.6977
-64.6987
-64.6997
-64.7007
-64.7017
-64.7028
-64.7038
-64.7049
-64.706
-64.7071
-64.7082
-64.7093
-64.7105
-64.7116
-64.7128
-64.7139
-64.7151
-64.7163
-64.7175
-64.7187
-64.72
-64.7212
-64.7224
-64.7237
-64.725
-64.7262
-64.7275
-64.7288
-64.7301
-64.7314
-64.7328
-64.7341
-64.7354
-64.7368
-64.7381
-64.7395
-64.7409
-64.7422
-64.7436
-64.745
-64.7464
-64.7478
-64.7493
-64.7507
-64.7521
-64.7535
-64.755
-64.7564
-64.7579
-64.7593
-64.7608
-64.7623
-64.7638
-64.7652
-64.7667
-64.7682
-64.7697
-64.7712
-64.7727
-64.7742
-64.7757
-64.7773
-64.7788
-64.7803
-64.7818
-64.7834
-64.7849
-64.7864
-64.788
-64.7895
-64.7911
-64.7926
-64.7942
-64.7957
-64.7973
-64.7988
-64.8004
-64.8019
-64.8035
-64.8051
-64.8066
-64.8082
-64.8098
-64.8113
-64.8129
-64.8145
-64.816
-64.8176
-64.8192
-64.8207
-64.8223
-64.8239
-64.8254
-64.827
-64.8286
-64.8301
-64.8317
-64.8333
-64.8348
-64.8364
-64.838
-64.8395
-64.8411
-64.8426
-64.8442
-64.8457
-64.8473
-64.8488
-64.8504
-64.8519
-64.8535
-64.855
-64.8566
-64.8581
-64.8596
-64.8612
-64.8627
-64.8642
-64.8657
-64.8672
-64.8688
-64.8703
-64.8718
-64.8733
-64.8748
-64.8763
-64.8778
-64.8792
-64.8807
-64.8822
-64.8837
-64.8852
-64.8866
-64.8881
-64.8895
-64.891
-64.8924
-64.8939
-64.8953
-64.8968
-64.8982
-64.8996
-64.901
-64.9024
-64.9038
-64.9052
-64.9066
-64.908
-64.9094
-64.9108
-64.9122
-64.9135
-64.9149
-64.9163
-64.9176
-64.919
-64.9203
-64.9216
-64.923
-64.9243
-64.9256
-64.9269
-64.9282
-64.9295
-64.9308
-64.9321
-64.9333
-64.9346
-64.9359
-64.9371
-64.9384
-64.9396
-64.9408
-64.9421
-64.9433
-64.9445
-64.9457
-64.9469
-64.9481
-64.9493
-64.9505
-64.9516
-64.9528
-64.954
-64.9551
-64.9562
-64.9574
-64.9585
-64.9596
-64.9607
-64.9618
-64.9629
-64.964
-64.9651
-64.9662
-64.9673
-64.9683
-64.9694
-64.9704
-64.9714
-64.9725
-64.9735
-64.9745
-64.9755
-64.9765
-64.9775
-64.9785
-64.9795
-64.9804
-64.9814
-64.9823
-64.9833
-64.9842
-64.9851
-64.986
-64.987
-64.9879
-64.9888
-64.9896
-64.9905
-64.9914
-64.9923
-64.9931
-64.994
-64.9948
-64.9956
-64.9965
-64.9973
-64.9981
-64.9989
-64.9997
-65.0005
-65.0012
-65.002
-65.0028
-65.0035
-65.0043
-65.005
-65.0057
-65.0064
-65.0072
-65.0079
-65.0086
-65.0092
-65.0099
-65.0106
-65.0113
-65.0119
-65.0126
-65.0132
-65.0138
-65.0145
-65.0151
-65.0157
-65.0163
-65.0169
-65.0175
-65.018
-65.0186
-65.0192
-65.0197
-65.0203
-65.0208
-65.0213
-65.0219
-65.0224
-65.0229
-65.0234
-65.0239
-65.0243
-65.0248
-65.0253
-65.0258
-65.0262
-65.0267
-65.0271
-65.0275
-65.0279
-65.0284
-65.0288
-65.0292
-65.0296
-65.03
-65.0303
-65.0307
-65.0311
-65.0314
-65.0318
-65.0321
-65.0325
-65.0328
-65.0331
-65.0334
-65.0337
-65.0341
-65.0343
-65.0346
-65.0349
-65.0352
-65.0355
-65.0357
-65.036
-65.0362
-65.0365
-65.0367
-65.0369
-65.0372
-65.0374
-65.0376
-65.0378
-65.038
-65.0382
-65.0384
-65.0385
-65.0387
-65.0389
-65.0391
-65.0392
-65.0394
-65.0395
-64.9049
-64.6826
-64.3959
-64.059
-63.6824
-63.274
-62.8402
-62.3858
-61.9151
-61.4313
-60.9372
-60.4349
-59.9263
-59.4129
-58.8959
-58.3763
-57.8549
-57.3323
-56.809
-56.2853
-55.7614
-55.2375
-54.7136
-54.1894
-53.6649
-53.1398
-52.6134
-52.0855
-51.5552
-51.0218
-50.4844
-49.9421
-49.3935
-48.8373
-48.272
-47.6959
-47.107
-46.5031
-45.8818
-45.2403
-44.5754
-43.8836
-43.1609
-42.4028
-41.6041
-40.7589
-39.8607
-38.9019
-37.8737
-36.7664
-35.5686
-34.2675
-32.8485
-31.2952
-29.5889
-27.7092
-25.6338
-23.3391
-20.8007
-17.9959
-14.9051
-11.5162
-7.82885
-3.86011
0.349656
4.73275
9.19337
13.6123
17.8574
21.799
25.3263
28.3613
30.8661
32.8428
34.3266
35.3747
36.0547
36.4346
36.576
36.5309
36.3406
36.0369
35.6435
35.1778
34.6525
34.0767
33.4574
32.7998
32.1082
31.3857
30.6353
29.8594
29.0601
28.2395
27.3994
26.5414
25.6671
24.7781
23.8758
22.9616
22.0367
21.1024
20.1598
19.21
18.2542
17.2932
16.328
15.3595
14.3885
13.4157
12.442
11.4679
10.4941
9.52121
8.54969
7.58008
6.60301
5.62738
4.65701
3.69377
2.73867
1.79226
0.854836
-0.0734459
-0.992514
-1.90236
-2.803
-3.69449
-4.57691
-5.45033
-6.31486
-7.1706
-8.01767
-8.85619
-9.68629
-10.5081
-11.3218
-12.1275
-12.9254
-13.7155
-14.4982
-15.2735
-16.0416
-16.8027
-17.557
-18.3047
-19.0459
-19.7809
-20.51
-21.2332
-21.951
-22.6634
-23.3709
-24.0737
-24.772
-25.4662
-26.1567
-26.8437
-27.5278
-28.2092
-28.8884
-29.5659
-30.2421
-30.9176
-31.5929
-32.2685
-32.9451
-33.6232
-34.3036
-34.9868
-35.6737
-36.3648
-37.0609
-37.7628
-38.4712
-39.1868
-39.9104
-40.6425
-41.3839
-42.135
-42.8963
-43.6681
-44.4504
-45.2431
-46.0458
-46.8579
-47.6782
-48.5053
-49.3372
-50.1714
-51.0051
-51.8347
-52.6565
-53.4662
-54.2592
-55.031
-55.7769
-56.4925
-57.174
-57.8178
-58.4212
-58.9824
-59.5003
-59.9746
-60.4059
-60.7953
-61.1447
-61.4565
-61.7331
-61.9774
-62.1922
-62.3806
-62.5451
-62.6887
-62.8136
-62.9223
-63.0169
-63.0992
-63.1709
-63.2335
-63.2883
-63.3364
-63.3789
-63.4166
-63.4503
-63.4805
-63.5079
-63.5329
-63.5559
-63.5772
-63.5972
-63.6161
-63.634
-63.6513

