-65
-64.9994
-64.9988
-64.9982
-64.9977
-64.9971
-64.9965
-64.996
-64.9954
-64.9949
-64.9943
-64.9938
-64.9932
-64.9927
-64.9922
-64.9917
-64.9912
-64.9906
-64.9901
-64.9896
-64.9891
-64.9886
-64.9881
-64.9876
-64.9872
-64.9867
-64.9862
-64.9857
-64.9852
-64.9848
-64.9843
-64.9838
-64.9834
-64.9829
-64.9825
-64.982
-64.9816
-64.9811
-64.9807
-64.9802
-64.9798
-64.9794
-64.9789
-64.9785
-64.9781
-64.9777
-64.9772
-64.9768
-64.9764
-64.976
-64.9756
-64.9752
-64.9748
-64.9744
-64.974
-64.9736
-64.9732
-64.9728
-64.9725
-64.9721
-64.9717
-64.9713
-64.971
-64.9706
-64.9702
-64.9699
-64.9695
-64.9692
-64.9688
-64.9685
-64.9681
-64.9678
-64.9675
-64.9671
-64.9668
-64.9665
-64.9661
-64.9658
-64.9655
-64.9652
-64.9649
-64.9646
-64.9642
-64.9639
-64.9636
-64.9633
-64.963
-64.9628
-64.9625
-64.9622
-64.9619
-64.9616
-64.9613
-64.9611
-64.9608
-64.9605
-64.9603
-64.96
-64.9598
-64.9595
-64.9592
-64.959
-64.9588
-64.9585
-64.9583
-64.958
-64.9578
-64.9576
-64.9573
-64.9571
-64.9569
-64.9567
-64.9565
-64.9562
-64.956
-64.9558
-64.9556
-64.9554
-64.9552
-64.955
-64.9548
-64.9546
-64.9545
-64.9543
-64.9541
-64.9539
-64.9537
-64.9536
-64.9534
-64.9532
-64.9531
-64.9529
-64.9527
-64.9526
-64.9524
-64.9523
-64.9521
-64.952
-64.9519
-64.9517
-64.9516
-64.9514
-64.9513
-64.9512
-64.9511
-64.9509
-64.9508
-64.9507
-64.9506
-64.9505
-64.9504
-64.9503
-64.9502
-64.95
-64.9499
-64.9499
-64.9498
-64.9497
-64.9496
-64.9495
-64.9494
-64.9493
-64.9492
-64.9492
-64.9491
-64.949
-64.9489
-64.9489
-64.9488
-64.9487
-64.9487
-64.9486
-64.9486
-64.9485
-64.9485
-64.9484
-64.9484
-64.9483
-64.9483
-64.9482
-64.9482
-64.9482
-64.9481
-64.9481
-64.9481
-64.948
-64.948
-64.948
-64.948
-64.948
-64.9479
-64.9479
-64.9479
-64.9479
-64.9479
-64.9479
-64.9479
-64.9479
-64.9479
-64.9479
-64.9479
-64.9479
-64.9479
-64.9479
-64.9479
-64.9479
-64.9479
-64.9479
-64.948
-64.948
-64.948
-64.948
-64.9481
-64.9481
-64.9481
-64.9481
-64.9482
-64.9482
-64.9482
-64.9483
-64.9483
-64.9483
-64.9484
-64.9484
-64.9485
-64.9485
-64.9486
-64.9486
-64.9487
-64.9487
-64.9488
-64.9488
-64.9489
-64.9489
-64.949
-64.9491
-64.9491
-64.9492
-64.9492
-64.9493
-64.9494
-64.9494
-64.9495
-64.9496
-64.9497
-64.9497
-64.9498
-64.9499
-64.95
-64.95
-64.9501
-64.9502
-64.9503
-64.9504
-64.9504
-64.9505
-64.9506
-64.9507
-64.9508
-64.9509
-64.951
-64.951
-64.9511
-64.9512
-64.9513
-64.9514
-64.9515
-64.9516
-64.9517
-64.9518
-64.9519
-64.952
-64.9521
-64.9522
-64.9523
-64.9524
-64.9525
-64.9526
-64.9527
-64.9528
-64.9529
-64.953
-64.9532
-64.9533
-64.9534
-64.9535
-64.9536
-64.9537
-64.9538
-64.9539
-64.954
-64.9542
-64.9543
-64.9544
-64.9545
-64.9546
-64.9547
-64.9548
-64.955
-64.9551
-64.9552
-64.9553
-64.9554
-64.9556
-64.9557
-64.9558
-64.9559
-64.956
-64.9562
-64.9563
-64.9564
-64.9565
-64.9566
-64.9568
-64.9569
-64.957
-64.9571
-64.9573
-64.9574
-64.9575
-64.9576
-64.9578
-64.9579
-64.958
-64.9581
-64.9583
-64.9584
-64.9585
-64.9587
-64.9588
-64.9589
-64.959
-64.9592
-64.9593
-64.9594
-64.9595
-64.9597
-64.9598
-64.9599
-64.96
-64.9602
-64.9603
-64.9604
-64.9606
-64.9607
-64.9608
-64.9609
-64.9611
-64.9612
-64.9613
-64.9614
-64.9616
-64.9617
-64.9618
-64.962
-64.9621
-64.9622
-64.9623
-64.9625
-64.9626
-64.9627
-64.9628
-64.963
-64.9631
-64.9632
-64.9633
-64.9635
-64.9636
-64.9637
-64.9638
-64.8294
-64.6073
-64.3209
-63.9844
-63.6082
-63.2003
-62.7668
-62.3129
-61.8426
-61.3592
-60.8655
-60.3636
-59.8553
-59.3422
-58.8254
-58.3059
-57.7846
-57.262
-56.7386
-56.2147
-55.6905
-55.1662
-54.6417
-54.1169
-53.5915
-53.0653
-52.5377
-52.0082
-51.4762
-50.9408
-50.4011
-49.8559
-49.3042
-48.7445
-48.1751
-47.5944
-47.0002
-46.3904
-45.7623
-45.1131
-44.4395
-43.7379
-43.004
-42.2331
-41.4199
-40.5584
-39.6414
-38.6612
-37.6086
-36.4733
-35.2435
-33.9057
-32.4446
-30.843
-29.0816
-27.139
-24.9922
-22.6169
-19.9889
-17.0855
-13.8888
-10.3896
-6.59233
-2.521
1.77509
6.2181
10.7025
15.102
19.2818
23.1155
26.5011
29.3731
31.7078
33.5198
34.8541
35.7732
36.3467
36.6415
36.7165
36.6203
36.3912
36.0579
35.6417
35.1583
34.619
34.032
33.4036
32.7385
32.0406
31.313
30.5583
29.7789
28.9767
28.1538
27.3118
26.4525
25.5773
24.6878
23.7853
22.8712
21.9467
21.0131
20.0714
19.1228
18.1682
17.2087
16.2451
15.2783
14.3092
13.3384
12.3666
11.3946
10.423
9.45223
8.48291
7.51551
6.55047
5.58819
4.62905
3.67338
2.72148
1.77363
0.830078
-0.108971
-1.04332
-1.97281
-2.89729
-3.81087
-4.71397
-5.60673
-6.48926
-7.36169
-8.22417
-9.07687
-9.91997
-10.7537
-11.5781
-12.3936
-13.2002
-13.9983
-14.7879
-15.5694
-16.3429
-17.1087
-17.867
-18.6179
-19.3619
-20.099
-20.8296
-21.5539
-22.2722
-22.9848
-23.6919
-24.394
-25.0912
-25.7841
-26.4729
-27.158
-27.8398
-28.5188
-29.1954
-29.87
-30.5433
-31.2157
-31.8877
-32.56
-33.2332
-33.9078
-34.5846
-35.2642
-35.9474
-36.6348
-37.3273
-38.0254
-38.73
-39.4419
-40.1615
-40.8898
-41.6271
-42.3741
-43.1311
-43.8983
-44.6757
-45.4633
-46.2605
-47.0665
-47.8801
-48.6998
-49.5235
-50.3485
-51.172
-51.9903
-52.7996
-53.5954
-54.3734
-55.1288
-55.8571
-56.5541
-57.2159
-57.8394
-58.422
-58.962
-59.4586
-59.9118
-60.3223
-60.6915
-61.0214
-61.3143
-61.5729
-61.8001
-61.9987
-62.1716
-62.3217
-62.4515
-62.5635
-62.6599
-62.7428
-62.8141
-62.8753
-62.928
-62.9733
-63.0123
-63.0461
-63.0755
-63.1011
-63.1236
-63.1435
-63.1613
-63.1773
-63.1919
-63.2054
-63.2179
-63.2297
-63.241
-63.2519
-63.2626
-63.273
-63.2834
-63.2938
-63.3043
-63.3149
-63.3256
-63.3365
-63.3476
-63.359
-63.3706
-63.3825
-63.3947
-63.4072
-63.4201
-63.4332
-63.4466
-63.4604
-63.4745
-63.4889
-63.5036
-63.5186
-63.534
-63.5496
-63.5656
-63.5819
-63.5984
-63.6153
-63.6324
-63.6498
-63.6675
-63.6854
-63.7036
-63.7221
-63.7408
-63.7598
-63.779
-63.7984
-63.8181
-63.8379
-63.858
-63.8783
-63.8988
-63.9195
-63.9404
-63.9615
-63.9827
-64.0041
-64.0257
-64.0475
-64.0694
-64.0914
-64.1136
-64.136
-64.1585
-64.1811
-64.2038
-64.2267
-64.2496
-64.2727
-64.2959
-64.3192
-64.3425
-64.366
-64.3896
-64.4132
-64.4369
-64.4607
-64.4846
-64.5085
-64.5325
-64.5565
-64.5806
-64.6048
-64.629
-64.6532
-64.6775
-64.7018
-64.7262
-64.7505
-64.7749
-64.7993
-64.8238
-64.8482
-64.8727
-64.8972
-64.9217
-64.9461
-64.9706
-64.9951
-65.0196
-65.044
-65.0685
-65.0929
-65.1173
-65.1417
-65.1661
-65.1905
-65.2148
-65.2391
-65.2634
-65.2876
-65.3118
-65.3359
-65.36
-65.3841
-65.2823
-65.1056
-64.8784
-64.6157
-64.3276
-64.0215
-63.7028
-63.3759
-63.044
-62.7095
-62.3745
-62.0406
-61.7089
-61.3805
-61.0561
-60.7363
-60.4217
-60.1126
-59.8093
-59.5121
-59.2212
-58.9366
-58.6585
-58.3869
-58.1219
-57.8634
-57.5031
-57.0876
-56.6389
-56.1703
-55.6906
-55.2062
-54.7214
-54.2397
-53.7633
-53.294
-52.8331
-52.3814
-51.9395
-51.5078
-51.0863
-50.6751
-50.2742
-49.8835
-49.5027
-49.1315
-48.7698
-48.417
-48.073
-47.7374
-47.4097
-47.0897
-46.7768
-46.4707
-46.1711
-45.8776
-45.5897
-45.307
-45.0293
-44.7561
-44.4871
-44.222
-43.9603
-43.7017
-43.446
-43.1928
-42.9417
-42.6926
-42.445
-42.1987
-41.9533
-41.7087
-41.4645
-41.2205
-40.9764
-40.7319
-40.4868
-40.2408
-39.9936
-39.745
-39.4947
-39.2425
-38.9881
-38.7312
-38.4716
-38.2091
-37.9432
-37.6738
-37.4006
-37.1232
-36.8415
-36.555
-36.2635
-35.9667
-35.6641
-35.3556
-35.0407
-34.7191
-34.3904
-34.0543
-33.7103
-33.3581
-32.9972
-32.6273
-32.2478
-31.8584
-31.4586
-31.0478
-30.6257
-30.1918
-29.7455
-29.2863
-28.8137
-28.3273
-27.8263
-27.3104
-26.7789
-26.2314
-25.6672
-25.0859
-24.4869
-23.8696
-23.2335
-22.5783
-21.9033
-21.2082
-20.4926
-19.7563
-18.999
-18.2209
-17.422
-16.6029
-15.7643
-14.9074
-14.0341
-13.1467
-12.2485
-11.3437
-10.4376
-9.53658
-8.64841
-7.78184
-6.94666
-6.15328
-5.41242
-4.7345
-4.12912
-3.60456
-3.16728
-2.82169
-2.57002
-2.41233
-2.34679
-2.36991
-2.47696
-2.6623
-2.91974
-3.24287
-3.62526
-4.06068
-4.54317
-5.06722
-5.6277
-6.21994
-6.83973
-7.48325
-8.14708
-8.82818
-9.52381
-10.2316
-10.9492
-11.6749
-12.407
-13.1438
-13.8841
-14.6266
-15.3704
-16.1144
-16.8579
-17.6001
-18.3405
-19.0784
-19.8135
-20.5453
-21.2734
-21.9977
-22.7178
-23.4336
-24.1052
-24.7506
-25.3777
-25.9906
-26.592
-27.1833
-27.7657
-28.3401
-28.9071
-29.4672
-30.0208
-30.5684
-31.1103
-31.6469
-32.1784
-32.7054
-33.228
-33.7468
-34.2619
-34.7739
-35.283
-35.7897
-36.2944
-36.7973
-37.2991
-37.7999
-38.3004
-38.8009
-39.3017
-39.8035
-40.3065
-40.8113
-41.3182
-41.8276
-42.3401
-42.8558
-43.3752
-43.8986
-44.4263
-44.9583
-45.4949
-46.0361
-46.5818
-47.1317
-47.6854
-48.2425
-48.8021
-49.3633
-49.9249
-50.4854
-51.0431
-51.5962
-52.1425
-52.6796
-53.2052
-53.7168
-54.2119
-54.6883
-55.1437
-55.5764
-55.9847
-56.3676
-56.7243
-57.0545
-57.3584
-57.6364
-57.8893
-58.1184
-58.3247
-58.5099
-58.6755
-58.8232
-58.9544
-59.0708
-59.1739
-59.2652
-59.3459
-59.4174
-59.4807
-59.5369
-59.5868
-59.6314
-59.6714
-59.7074
-59.74
-59.7696
-59.7969
-59.822
-59.8455
-59.8675
-59.8884
-59.9083
-59.9275
-59.9461
-59.9642
-59.9821
-59.9998
-60.0174
-60.0349
-60.0525
-60.0702
-60.0881
-60.1062
-60.1244
-60.143
-60.1618
-60.0737
-59.9274
-59.7457
-59.5415
-59.3231
-59.0961
-58.8647
-58.6316
-58.399
-58.1683
-57.9406
-57.7167
-57.4973
-57.2827
-57.0732
-56.869
-56.6704
-56.4772
-56.2897
-56.1077
-55.9313
-55.7604
-55.5949
-55.4348
-55.2801
-55.1305
-54.986
-54.8465
-54.7119
-54.5821
-54.457
-54.3365
-54.2205
-54.1088
-54.0014
-53.8981
-53.7989
-53.7037
-53.6123
-53.5247
-53.4407
-53.3604
-53.2835
-53.2101
-53.14
-53.0731
-53.0094
-52.9488
-52.8912
-52.8366
-52.7848
-52.7359
-52.6897
-52.6462
-52.6053
-52.5669
-52.5311
-52.4977
-52.4668
-52.4381
-52.4118
-52.3877
-52.3658
-52.3461
-52.3285
-52.3129
-52.2994
-52.2878
-52.2782
-52.2705
-52.2646
-52.2606
-52.2583
-52.2579
-52.2591
-52.262
-52.2666
-52.2729
-52.2807
-52.2901
-52.301
-52.3134
-52.3273
-52.3426
-52.3594
-52.3776
-52.3971
-52.418
-52.4402
-52.4637
-52.4885
-52.5145
-52.5417
-52.5702
-52.5998
-52.6305
-52.6624
-52.6954
-52.7294
-52.7646
-52.8007
-52.8379
-52.8761
-52.9153
-52.9554
-52.9964
-53.0384
-53.0813
-53.125
-53.1696
-53.2151
-53.2613
-53.3084
-53.3562
-53.4048
-53.4542
-53.5042
-53.555
-53.6065
-53.6586
-53.7114
-53.7648
-53.8189
-53.8735
-53.9287
-53.9845
-54.0409
-54.0977
-54.1551
-54.213
-54.2714
-54.3302
-54.3895
-54.4493
-54.5094
-54.57
-54.6309
-54.6923
-54.754
-54.816
-54.8784
-54.941
-55.004
-55.0673
-55.1309
-55.1947
-55.2588
-55.3231
-55.3876
-55.4523
-55.5173
-55.5824
-55.6477
-55.7131
-55.7787
-55.8445
-55.9103
-55.9763
-56.0424
-56.1086
-56.1748
-56.2412
-56.3076
-56.374
-56.4405
-56.507
-56.5736
-56.6401
-56.7067
-56.7732
-56.8398
-56.9063
-56.9728
-57.0393
-57.1057
-57.172
-57.2383
-57.3046
-57.3707
-57.4368
-57.5027
-57.5686
-57.6344
-57.7001
-57.7656
-57.8311
-57.8964
-57.9616
-58.0266
-58.0915
-58.1562
-58.2208
-58.2853
-58.3495
-58.4136
-58.4776
-58.5413
-58.6049
-58.6683
-58.7315
-58.7945
-58.8573
-58.9199
-58.9823
-59.0445
-59.1065
-59.1683
-59.2298
-59.2912
-59.3523
-59.4132
-59.4739
-59.5343
-59.5945
-59.6545
-59.7143
-59.7738
-59.833
-59.892
-59.9508
-60.0093
-60.0676
-60.1257
-60.1834
-60.241
-60.2983
-60.3553
-60.412
-60.4685
-60.5248
-60.5808
-60.6365
-60.692
-60.7472
-60.8021
-60.8568
-60.9112
-60.9654
-61.0192
-61.0728
-61.1262
-61.1793
-61.2321
-61.2846
-61.3369
-61.3889
-61.4406
-61.492
-61.5432
-61.5941
-61.6448
-61.6951
-61.7452
-61.7951
-61.8446
-61.8939
-61.9429
-61.9916
-62.0401
-62.0883
-62.1362
-62.1839
-62.2313
-62.2784
-62.3252
-62.3718
-62.418
-62.4641
-62.5098
-62.5553
-62.6005
-62.6455
-62.6901
-62.7345
-62.7787
-62.8225
-62.7416
-62.5833
-62.3709
-62.1183
-61.8357
-61.5302
-61.2075
-60.8721
-60.5275
-60.1764
-59.8211
-59.4633
-59.1045
-58.7459
-58.3885
-58.0331
-57.6804
-57.3309
-56.985
-56.6432
-56.3058
-55.9729
-55.6449
-55.3218
-55.0038
-54.691
-54.3833
-54.0809
-53.7837
-53.4917
-53.2048
-52.9231
-52.6463
-52.3745
-52.1074
-51.8451
-51.5872
-51.3338
-51.0846
-50.8395
-50.5983
-50.3608
-50.1268
-49.8962
-49.6687
-49.4442
-49.2224
-49.0031
-48.7861
-48.5712
-48.3582
-48.1469
-47.9369
-47.7281
-47.5202
-47.313
-47.1062
-46.8996
-46.6929
-46.4859
-46.2782
-46.0696
-45.8598
-45.6485
-45.4353
-45.22
-45.0022
-44.7816
-44.5577
-44.3302
-44.0987
-43.8627
-43.6218
-43.3755
-43.1233
-42.8647
-42.5989
-42.3255
-42.0438
-41.7529
-41.4523
-41.1409
-40.818
-40.4825
-40.1334
-39.7696
-39.3898
-38.9927
-38.5768
-38.1406
-37.6823
-37.2
-36.6918
-36.1554
-35.5883
-34.9881
-34.3517
-33.6762
-32.9582
-32.1941
-31.3801
-30.512
-29.5856
-28.5962
-27.5392
-26.4097
-25.203
-23.9145
-22.54
-21.0761
-19.5204
-17.872
-16.1322
-14.3051
-12.3982
-10.4234
-8.39712
-6.34127
-4.28267
-2.25252
-0.285044
1.58461
3.32275
4.89964
6.29167
7.48272
8.46471
9.23721
9.80636
10.1834
10.383
10.4217
10.317
10.0857
9.74396
9.30649
8.78655
8.19587
7.54473
6.84206
6.09562
5.31213
4.49739
3.65645
2.79368
1.91291
1.01746
0.110263
-0.80613
-1.72947
-2.65777
-3.58928
-4.52248
-5.45601
-6.38868
-7.31945
-8.2474
-9.17175
-10.0918
-11.0069
-11.9166
-12.8205
-13.7182
-14.6093
-15.4936
-16.371
-17.2413
-18.1043
-18.9601
-19.8085
-20.6497
-21.4836
-22.3103
-23.13
-23.9428
-24.7488
-25.5482
-26.3414
-27.1285
-27.9098
-28.6856
-29.4563
-30.2223
-30.9838
-31.7415
-32.4957
-33.2469
-33.9957
-34.7425
-35.4879
-36.2326
-36.9772
-37.7222
-38.4684
-39.2164
-39.967
-40.7208
-41.4785
-42.2409
-43.0088
-43.7826
-44.5633
-45.3513
-46.1474
-46.9519
-47.7653
-48.5881
-49.4203
-50.2621
-51.1132
-51.9735
-52.8421
-53.7184
-54.6009
-55.4883
-56.3784
-57.269
-58.1573
-59.04
-59.9135
-60.774
-61.6171
-62.4387
-63.2342
-63.9995
-64.7304
-65.4236
-66.0759
-66.6853
-67.2501
-67.7699
-68.2449
-68.6758
-69.0644
-69.4127
-69.7233
-69.999
-70.2426
-70.4572
-70.6457
-70.8109
-70.9554
-71.0817
-71.192
-71.2883
-71.3725
-71.4461
-71.5105
-71.5671
-71.6167
-71.6605
-71.6992
-71.7335
-71.764
-71.7912
-71.8156
-71.8376
-71.8574
-71.8755
-71.8919
-71.9069
-71.9208
-71.9336
-71.9455
-71.9565
-71.9669
-71.9766
-71.9858
-71.9945
-72.0028
-72.0107
-72.0182
-72.0254
-72.0324
-72.039
-72.0455
-72.0517
-72.0577
-72.0635
-72.0692
-72.0747
-72.08
-72.0852
-72.0902
-72.0952
-72.0999
-72.1046
-72.1091
-72.1136
-72.1179
-72.1221
-72.1262
-72.1302
-72.1341
-72.1378
-72.1415
-72.1451
-72.1485
-72.1519
-72.1552
-72.1584
-72.1614
-72.1644
-72.1673
-72.1701
-72.1727
-72.1753
-72.1778
-72.1802
-72.1824
-72.1846
-72.1867
-72.1887
-72.1906
-72.1924
-72.1941
-72.1956
-72.1971
-72.1985
-72.1998
-72.201
-72.2021
-72.2031
-72.204
-72.2047
-72.2054
-72.206
-72.2065
-72.2069
-72.2071
-72.2073
-72.2074
-72.2074
-72.2072
-72.207
-72.2067
-72.2062
-72.2057
-72.2051
-72.2043
-72.2035
-72.2025
-72.2015
-72.2003
-72.1991
-72.1977
-72.1963
-72.1947
-72.193
-72.1913
-72.1894
-72.1874
-72.1853
-72.0395
-71.8047
-71.5081
-71.0255
-70.425
-69.7438
-69.0062
-68.2303
-67.4293
-66.6138
-65.7918
-64.9698
-64.1526
-63.3441
-62.5473
-61.7645
-60.9975
-60.2475
-59.5156
-58.8025
-58.1084
-57.4338
-56.7787
-56.1429
-55.5264
-54.9289
-54.3501
-53.7894
-53.2466
-52.7209
-52.212
-51.7192
-51.2419
-50.7795
-50.3313
-49.8966
-49.4749
-49.0653
-48.6673
-48.2802
-47.9032
-47.5357
-47.1771
-46.8268
-46.4839
-46.148
-45.8184
-45.4945
-45.1757
-44.8614
-44.551
-44.2441
-43.9399
-43.6382
-43.3381
-43.0394
-42.7414
-42.4437
-42.1458
-41.8472
-41.5474
-41.2459
-40.9423
-40.6361
-40.3267
-40.0138
-39.6968
-39.3753
-39.0486
-38.7164
-38.3781
-38.0332
-37.6811
-37.3212
-36.9531
-36.576
-36.1895
-35.7928
-35.3853
-34.9664
-34.5354
-34.0915
-33.6341
-33.1625
-32.6759
-32.1735
-31.6546
-31.1184
-30.5642
-29.9913
-29.3988
-28.7861
-28.1525
-27.4974
-26.8202
-26.1205
-25.3976
-24.6515
-23.8818
-23.0884
-22.2714
-21.4311
-20.5677
-19.682
-18.7746
-17.8465
-16.899
-15.9334
-14.9514
-13.9549
-12.9461
-11.9274
-10.9013
-9.87111
-8.84003
-7.81192
-6.79107
-5.78239
-4.79144
-3.82452
-2.88875
-1.99201
-1.14287
-0.350354
0.376328
1.02825
1.59724
2.07633
2.46023
2.74561
2.93121
3.01788
3.00835
2.90694
2.71919
2.45148
2.11069
1.70384
1.23789
0.719507
0.154973
-0.449898
-1.0898
-1.75994
-2.45599
-3.17412
-3.91089
-4.66326
-5.42855
-6.20436
-6.98859
-7.77938
-8.57506
-9.3742
-10.1755
-10.9778
-11.7802
-12.5816
-13.3815
-14.1791
-14.9738
-15.765
-16.5525
-17.3357
-18.1144
-18.8884
-19.6573
-20.4211
-21.1796
-21.9327
-22.6804
-23.4227
-24.1596
-24.8912
-25.6175
-26.3386
-27.0547
-27.766
-28.4727
-29.1749
-29.873
-30.5671
-31.2577
-31.945
-32.6294
-33.3112
-33.9909
-34.6688
-35.3455
-36.0213
-36.6968
-37.3724
-38.0488
-38.7263
-39.4057
-40.0873
-40.7719
-41.4599
-42.152
-42.8486
-43.5505
-44.2579
-44.9716
-45.6919
-46.4191
-47.1536
-47.8957
-48.6454
-49.4027
-50.1674
-50.9391
-51.7172
-52.5009
-53.289
-54.08
-54.8722
-55.6633
-56.451
-57.2324
-58.0042
-58.7631
-59.5055
-60.2276
-60.9257
-61.5964
-62.2362
-62.8425
-63.4129
-63.9458
-64.4401
-64.8957
-65.3128
-65.6923
-66.0359
-66.3452
-66.6227
-66.7498
-66.7829
-66.7498
-66.6676
-66.5483
-66.4006
-66.2314
-66.0459
-65.8483
-65.6421
-65.4298
-65.2137
-64.9955
-64.7767
-64.5585
-64.3417
-64.1271
-63.9154
-63.707
-63.5023
-63.3016
-63.1051
-62.9131
-62.7255
-62.5426
-62.3643
-62.1907
-62.0217
-61.8574
-61.6977
-61.5426
-61.392
-61.2459
-61.1041
-60.9667
-60.8334
-60.7044
-60.5794
-60.4583
-60.3412
-60.2279
-60.1183
-60.0124
-59.91
-59.8112
-59.7157
-59.6236
-59.5347
-59.449
-59.3664
-59.2868
-59.2102
-59.1364
-59.0655
-58.9974
-58.9319
-58.8691
-58.8089
-58.7511
-58.6958
-58.6429
-58.5924
-58.5441
-58.498
-58.4542
-58.4125
-58.3728
-58.3352
-58.2996
-58.266
-58.2342
-58.2043
-58.1762
-58.1499
-58.1254
-58.1025
-58.0813
-58.0618
-58.0438
-58.0274
-58.0125
-57.9991
-57.9871
-57.9766
-57.9675
-57.9597
-57.9533
-57.9482
-57.9444
-57.9418
-57.9404
-57.9402
-57.9412
-57.9434
-57.9467
-57.951
-57.9565
-57.963
-57.9705
-57.979
-57.9885
-57.999
-58.0104
-58.0227
-58.0359
-58.05
-58.065
-58.0808
-58.0974
-58.1149
-58.1331
-58.1521
-58.1718
-58.1923
-58.2134
-58.2353
-58.2579
-58.2811
-58.305
-58.3295
-58.3547
-58.3804
-58.4067
-58.4337
-58.4611
-58.4892
-58.5177
-58.5468
-58.5764
-58.6065
-58.6371
-58.6681
-58.6996
-58.7316
-58.7639
-58.7967
-58.8299
-58.8635
-58.8975
-58.9319
-58.9666
-59.0017
-59.0372
-59.0729
-59.109
-59.1454
-59.1821
-59.2191
-59.2564
-59.294
-59.3318
-59.3698
-59.4082
-59.4467
-59.4855
-59.5245
-59.5637
-59.6031
-59.6428
-59.6826
-59.7225
-59.7627
-59.803
-59.8435
-59.8841
-59.9249
-59.9658
-60.0068
-60.048
-60.0892
-60.1306
-60.1721
-60.2136
-60.2553
-60.297
-60.3388
-60.3807
-60.4227
-60.4647
-60.5067
-60.5488
-60.591
-60.6332
-60.6754
-60.7176
-60.7599
-60.8022
-60.8445
-60.8867
-60.929
-60.9713
-61.0136
-61.0559
-61.0982
-61.1404
-61.1826
-61.2248
-61.2669
-61.309
-61.3511
-61.3931
-61.4351
-61.477
-61.5189
-61.5607
-61.6025
-61.6441
-61.6857
-61.7273
-61.7687
-61.8101
-61.8514
-61.8927
-61.9338
-61.9748
-62.0158
-62.0566
-62.0974
-62.138
-62.1786
-62.219
-62.2593
-62.2996
-62.3397
-62.3797
-62.4195
-62.4593
-62.4989
-62.5384
-62.5778
-62.6171
-62.6562
-62.6952
-62.7341
-62.7728
-62.8114
-62.8498
-62.8881
-62.9263
-62.9643
-63.0022
-63.0399
-63.0775
-63.1149
-63.1522
-63.1893
-63.2263
-63.2631
-63.2998
-63.3363
-63.3727
-63.4088
-63.4449
-63.4807
-63.5165
-63.552
-63.5874
-63.6226
-63.6576
-63.6925
-63.7272
-63.7618
-63.7961
-63.8304
-63.8644
-63.8982
-63.9319
-63.9654
-63.9988
-64.032
-64.0649
-64.0978
-64.1304
-64.1629
-64.1952
-64.2273
-64.2592
-64.2909
-64.3225
-64.3539
-64.3851
-64.4162
-64.447
-64.4777
-64.5082
-64.5385
-64.5686
-64.5986
-64.6284
-64.658
-64.6874
-64.7166
-64.7456
-64.7745
-64.8032
-64.8317
-64.86
-64.8881
-64.9161
-64.9438
-64.9714
-64.9988
-65.026
-65.0531
-65.0799
-65.1066
-65.1331
-65.1594
-65.1855
-65.2115
-65.2372
-65.2628
-65.2882
-65.3134
-65.3384
-65.3633
-65.388
-65.4125
-65.4368
-65.4609
-65.4849
-65.5086
-65.5322
-65.5556
-65.5789
-65.6019
-65.6248
-65.6475
-65.67
-65.6923
-65.7145
-65.7365
-65.7583
-65.7799
-65.8014
-65.8227
-65.8438
-65.8647
-65.8855
-65.906
-65.9264
-65.9467
-65.9667
-65.9866
-66.0064
-66.0259
-66.0453
-66.0645
-66.0835
-66.1024
-66.1211
-66.1396
-66.158
-66.1762
-66.1942
-66.212
-66.2297
-66.2472
-66.2646
-66.2818
-66.2988
-66.3157
-66.3324
-66.3489
-66.3653
-66.3815
-66.3975
-66.4134
-66.4291
-66.4447
-66.4601
-66.4753
-66.4904
-66.5054
-66.5201
-66.5348
-66.5492
-66.5635
-66.5777
-66.5917
-66.6055
-66.6192
-66.6327
-66.6461
-66.5235
-66.314
-66.0419
-65.7221
-65.3653
-64.9797
-64.5717
-64.1463
-63.7075
-63.2589
-62.8029
-62.3419
-61.8777
-61.4118
-60.9455
-60.4799
-60.0157
-59.5539
-59.095
-58.6396
-58.188
-57.7406
-57.2978
-56.8596
-56.4264
-55.9983
-55.5752
-55.1572
-54.7443
-54.3364
-53.9334
-53.5353
-53.1417
-52.7526
-52.3676
-51.9865
-51.609
-51.2347
-50.8633
-50.4943
-50.1273
-49.7618
-49.3973
-49.0332
-48.6691
-48.3041
-47.9377
-47.5692
-47.1977
-46.8225
-46.4427
-46.0574
-45.6655
-45.266
-44.8577
-44.4394
-44.0097
-43.5672
-43.1103
-42.6372
-42.1461
-41.6349
-41.1013
-40.543
-39.9571
-39.3407
-38.6904
-38.0026
-37.2732
-36.4979
-35.6716
-34.789
-33.844
-32.8302
-31.7402
-30.5665
-29.3004
-27.9331
-26.4553
-24.8571
-23.1289
-21.2615
-19.2465
-17.0774
-14.7505
-12.2659
-9.62944
-6.8538
-3.96032
-0.980087
2.04549
5.06527
8.02041
10.848
13.4858
15.8784
17.9819
19.7681
21.2258
22.3599
23.1884
23.7383
24.0416
24.1317
24.0404
23.7968
23.4263
22.9502
22.3864
21.7494
21.0513
20.3017
19.5086
18.6787
17.8174
16.9293
16.0186
15.0885
14.1422
13.1822
12.211
11.2306
10.2429
9.24957
8.25221
7.25217
6.2507
5.24891
4.24781
3.24833
2.25128
1.25737
0.267277
-0.718435
-1.69925
-2.67472
-3.64446
-4.60812
-5.5654
-6.51607
-7.45991
-8.39676
-9.32648
-10.249
-11.1641
-12.072
-12.9724
-13.8654
-14.7512
-15.6296
-16.5007
-17.3647
-18.2216
-19.0716
-19.9148
-20.7514
-21.5816
-22.4054
-23.2233
-24.0354
-24.842
-25.6433
-26.4398
-27.2317
-28.0194
-28.8034
-29.584
-30.3617
-31.137
-31.9104
-32.6826
-33.454
-34.2253
-34.9972
-35.7704
-36.5455
-37.3234
-38.1048
-38.8906
-39.6815
-40.4785
-41.2822
-42.0937
-42.9138
-43.7432
-44.5827
-45.433
-46.2948
-47.1685
-48.0546
-48.9532
-49.8644
-50.7877
-51.7226
-52.6682
-53.623
-54.5852
-55.5525
-56.5219
-57.49
-58.4527
-59.4056
-60.3437
-61.2617
-62.1542
-63.0157
-63.841
-64.6253
-65.3647
-66.0557
-66.6962
-67.2849
-67.8216
-68.3072
-68.7432
-69.1323
-69.4772
-69.7813
-70.0482
-70.2815
-70.4847
-70.6613
-70.8144
-70.947
-71.0617
-71.1609
-71.2468
-71.3212
-71.3857
-71.4419
-71.4908
-71.5335
-71.571
-71.604
-71.6332
-71.6591
-71.6821
-71.7028
-71.7215
-71.7384
-71.7538
-71.7679
-71.7809
-71.7929
-71.8041
-71.8146
-71.8244
-71.8337
-71.8425
-71.8509
-71.8589
-71.8666
-71.874
-71.8811
-71.888
-71.8947
-71.9012
-71.9075
-71.9137
-71.9197
-71.9256
-71.9313
-71.9369
-71.9424
-71.9478
-71.9531
-71.9582
-71.9633
-71.9683
-71.9732
-71.978
-71.9827
-71.9873
-71.9918
-71.9962
-72.0006
-72.0048
-72.009
-72.0131
-72.0171
-72.021
-72.0249
-72.0286
-72.0323
-72.0358
-72.0393
-72.0427
-72.046
-72.0493
-72.0524
-72.0554
-72.0584
-72.0613
-72.0641
-72.0668
-72.0694
-72.0719
-72.0743
-72.0766
-72.0789
-72.081
-72.0831
-72.085
-72.0869
-72.0887
-72.0904
-72.0919
-72.0934
-72.0948
-72.0961
-72.0974
-72.0985
-72.0995
-72.1004
-72.1012
-72.102
-72.1026
-72.1031
-72.1036
-72.1039
-72.1041
-72.1043
-72.1043
-72.1043
-72.1041
-72.1039
-72.1035
-72.1031
-72.1025
-72.1019
-72.1011
-72.1003
-72.0994
-72.0983
-72.0972
-72.0959
-72.0946
-72.0931
-72.0916
-72.09
-72.0882
-72.0864
-72.0844
-72.0824
-72.0803
-72.078
-72.0757
-72.0732
-72.0707
-72.0681
-72.0653
-72.0625
-72.0596
-72.0565
-72.0534
-72.0502
-72.0468
-72.0434
-72.0399
-72.0362
-72.0325
-72.0287
-72.0248
-72.0207
-72.0166
-72.0124
-72.0081
-72.0037
-71.9992
-71.9946
-71.9899
-71.9851
-71.9802
-71.9752
-71.9701
-71.965
-71.9597
-71.9543
-71.9489
-71.9433
-71.9377
-71.9319
-71.9261
-71.9202
-71.9141
-71.908
-71.9018
-71.8955
-71.8891
-71.8827
-71.8761
-71.8694
-71.8627
-71.8558
-71.8489
-71.8419
-71.8348
-71.8276
-71.8203
-71.8129
-71.8054
-71.7979
-71.7902
-71.7825
-71.7747
-71.7668
-71.7588
-71.7508
-71.7426
-71.7344
-71.7261
-71.7177
-71.7092
-71.7006
-71.6919
-71.6832
-71.6744
-71.6655
-71.6565
-71.6475
-71.6383
-71.6291
-71.6198
-71.6104
-71.601
-71.5915
-71.5818
-71.5722
-71.5624
-71.5526
-71.5426
-71.5327
-71.5226
-71.5125
-71.5022
-71.492
-71.4816
-71.4712
-71.4607
-71.4501
-71.4394
-71.4287
-71.4179
-71.4071
-71.3962
-71.3852
-71.3741
-71.363
-71.3518
-71.3405
-71.3292
-71.3178
-71.3063
-71.2948
-71.2832
-71.2715
-71.2598
-71.248
-71.2362
-71.2243
-71.2123
-71.2003
-71.1882
-71.176
-71.1638
-71.1516
-71.1392
-71.1268
-71.1144
-71.1019
-71.0893
-71.0767
-71.064
-71.0513
-71.0385
-71.0257
-71.0128
-70.9998
-70.9868
-70.9738
-70.9607
-70.9475
-70.9343
-70.9211
-70.9078
-70.8944
-70.881
-70.8675
-70.854
-70.8405
-70.8269
-70.8132
-70.7995
-70.7858
-70.772
-70.7582
-70.7443
-70.7304
-70.7165
-70.7025
-70.6884
-70.6743
-70.6602
-70.646
-70.6318
-70.6176
-70.6033
-70.589
-70.5746
-70.5602
-70.5458
-70.5313
-70.5168
-70.5022
-70.4876
-70.473
-70.4584
-70.4437
-70.4289
-70.4142
-70.3994
-70.3846
-70.3697
-70.3548
-70.3399
-70.325
-70.31
-70.295
-70.28
-70.2649
-70.2498
-70.2347
-70.2195
-70.2044
-70.1892
-70.174
-70.1587
-70.1434
-70.1281
-70.1128
-70.0975
-70.0821
-70.0667
-70.0513
-70.0358
-70.0204
-70.0049
-69.9894
-69.9739
-69.9583
-69.9428
-69.9272
-69.9116
-69.896
-69.8804
-69.8647
-69.849
-69.8334
-69.8177
-69.8019
-69.7862
-69.7705
-69.7547
-69.7389
-69.7232
-69.7074
-69.6916
-69.6757
-69.6599
-69.644
-69.6282
-69.6123
-69.5964
-69.5806
-69.5647
-69.5488
-69.5328
-69.5169
-69.501
-69.4851
-69.4691
-69.4532
-69.4372
-69.4212
-69.4053
-69.3893
-69.3733
-69.3573
-69.3414
-69.3254
-69.3094
-69.2934
-69.2774
-69.2614
-69.2454
-69.2294
-69.2134
-69.1973
-69.1813
-69.1653
-69.1493
-69.1333
-69.1173
-69.1013
-69.0853
-69.0693
-69.0533
-69.0373
-69.0213
-69.0053
-68.9893
-68.9733
-68.9574
-68.9414
-68.9254
-68.9094
-68.8935
-68.8775
-68.8616
-68.8456
-68.8297
-68.8138
-68.7979
-68.7819
-68.766
-68.7501
-68.7343
-68.7184
-68.7025
-68.6866
-68.6708
-68.6549
-68.6391
-68.6233
-68.6075
-68.5917
-68.5759
-68.5601
-68.5443
-68.5286
-68.5128
-68.4971
-68.4814
-68.4657
-68.45
-68.4343
-68.4187
-68.403
-68.3874
-68.3718
-68.3562
-68.3406
-68.325
-68.3095
-68.2939
-68.2784
-68.2629
-68.2474
-68.2319
-68.2165
-68.201
-68.1856
-68.1702
-68.1548
-68.1394
-68.1241
-68.1088
-68.0934
-68.0781
-68.0629
-68.0476
-68.0324
-68.0172
-68.002
-67.9868
-67.9716
-67.9565
-67.9414
-67.9263
-67.9112
-67.8962
-67.8812
-67.8662
-67.8512
-67.8362
-67.8213
-67.8064
-67.7915
-67.7766
-67.7618
-67.7469
-67.7322
-67.7174
-67.7026
-67.6879
-67.6732
-67.6585
-67.6439
-67.6292
-67.6146
-67.6001
-67.5855
-67.571
-67.5565
-67.542
-67.5275
-67.5131
-67.4987
-67.4844
-67.47
-67.4557
-67.4414
-67.4272
-67.4129
-67.3987
-67.3845
-67.3704
-67.3563
-67.3422
-67.3281
-67.3141
-67.3001
-67.2861
-67.2721
-67.2582
-67.2443
-67.2304
-67.2166
-67.2028
-67.189
-67.1753
-67.1615
-67.1479
-67.1342
-67.1206
-67.107
-67.0934
-67.0799
-67.0663
-67.0529
-67.0394
-67.026
-67.0126
-66.9993
-66.986
-66.9727
-66.9594
-66.9462
-66.933
-66.9198
-66.9067
-66.8936
-66.8806
-66.8675
-66.8545
-66.8416
-66.8286
-66.8157
-66.8029
-66.79
-66.7772
-66.7645
-66.7517
-66.739
-66.7263
-66.7137
-66.7011
-66.6885
-66.676
-66.6635
-66.651
-66.6386
-66.6262
-66.6138
-66.6015
-66.5892
-66.5769
-66.5647
-66.5525
-66.5403
-66.5282
-66.5161
-66.5041
-66.4921
-66.4801
-66.4682
-66.4562
-66.4444
-66.4325
-66.4207
-66.409
-66.3972
-66.3856
-66.3739
-66.3623
-66.3507
-66.3391
-66.3276
-66.3161
-66.3047
-66.2933
-66.2819
-66.2706
-66.2593
-66.248
-66.2368
-66.2256
-66.2145
-66.2034
-66.1923
-66.1812
-66.1702
-66.1593
-66.1483
-66.1374
-66.1266
-66.1158
-66.105
-66.0943
-66.0836
-66.0729
-66.0623
-66.0517
-66.0411
-66.0306
-66.0201
-66.0097
-65.9993
-65.989
-65.9786
-65.9684
-65.9581
-65.9479
-65.9378
-65.9276
-65.9176
-65.9075
-65.8975
-65.8875
-65.8776
-65.8677
-65.8579
-65.848
-65.8383
-65.8285
-65.8188
-65.8092
-65.7995
-65.79
-65.7804
-65.7709
-65.7614
-65.752
-65.7426
-65.7333
-65.724
-65.7147
-65.7055
-65.6963
-65.6871
-65.678
-65.6689
-65.6599
-65.6509
-65.6419
-65.633
-65.6242
-65.6153
-65.6065
-65.5978
-65.5891
-65.5804
-65.5718
-65.5632
-65.5546
-65.5461
-65.5377
-65.5292
-65.5208
-65.5125
-65.5042
-65.4959
-65.4877
-65.4795
-65.4714
-65.4633
-65.4552
-65.4472
-65.4393
-65.4313
-65.4234
-65.4156
-65.4078
-65.4
-65.3923
-65.3846
-65.3769
-65.3693
-65.3617
-65.3542
-65.3467
-65.3393
-65.3318
-65.3245
-65.3171
-65.3099
-65.3026
-65.2954
-65.2882
-65.2811
-65.274
-65.267
-65.26
-65.253
-65.2461
-65.2392
-65.2324
-65.2256
-65.2188
-65.2121
-65.2054
-65.1988
-65.1922
-65.1856
-65.1791
-65.1726
-65.1662
-65.1598
-65.1535
-65.1472
-65.1409
-65.1347
-65.1285
-65.1223
-65.1162
-65.1102
-65.1042
-65.0982
-65.0923
-65.0864
-65.0805
-65.0747
-65.0689
-65.0632
-65.0575
-65.0519
-65.0463
-65.0407
-65.0352
-65.0297
-65.0243
-65.0189
-65.0136
-65.0083
-65.003
-64.9978
-64.9926
-64.9874
-64.9823
-64.9773
-64.9722
-64.9673
-64.9623
-64.9574
-64.9526
-64.9478
-64.943
-64.9382
-64.9335
-64.9289
-64.9243
-64.9197
-64.9151
-64.9106
-64.9062
-64.9018
-64.8974
-64.8931
-64.8888
-64.8845
-64.8803
-64.8761
-64.8719
-64.8678
-64.8638
-64.8598
-64.8558
-64.8518
-64.8479
-64.844
-64.8402
-64.8364
-64.8327
-64.829
-64.8253
-64.6873
-64.462
-64.1724
-63.8329
-63.4538
-63.043
-62.6068
-62.1502
-61.6771
-61.1911
-60.6946
-60.19
-59.6789
-59.163
-58.6434
-58.121
-57.5967
-57.0709
-56.5443
-56.0171
-55.4894
-54.9614
-54.4329
-53.9039
-53.3741
-52.8431
-52.3104
-51.7754
-51.2375
-50.6956
-50.1489
-49.5962
-49.0361
-48.4673
-47.8879
-47.2962
-46.69
-46.0667
-45.4238
-44.7582
-44.0662
-43.3441
-42.5874
-41.7909
-40.949
-40.055
-39.1015
-38.08
-36.9806
-35.7923
-34.5022
-33.096
-31.5571
-29.8672
-28.0058
-25.9503
-23.6768
-21.1607
-18.3783
-15.3087
-11.9382
-8.26389
-4.30033
-0.0848927
4.31724
8.81172
13.2791
17.5847
21.5948
25.193
28.296
30.8614
32.889
34.4132
35.4921
36.1949
36.5914
36.745
36.709
36.526
36.2283
35.8402
35.3792
34.8583
34.2867
33.6714
33.0176
32.3295
31.6104
30.8631
30.0901
29.2935
28.4753
27.6373
26.7812
25.9087
25.0211
24.12
23.2068
22.2826
21.3488
20.4066
19.457
18.5011
17.5399
16.5743
15.6052
14.6335
13.66
12.6853
11.7101
10.7352
9.76104
8.7882
7.81719
6.84847
5.88246
4.91955
3.9601
3.00441
2.05278
1.10545
0.162667
-0.775386
-1.70853
-2.63661
-3.55951
-4.4771
-5.38931
-6.29608
-7.19734
-8.09308
-8.98327
-9.8679
-10.747
-11.6206
-12.4887
-13.3514
-14.2088
-15.0609
-15.9078
-16.7496
-17.5866
-18.4187
-19.2462
-20.0693
-20.8881
-21.7029
-22.5138
-23.3213
-24.1255
-24.9267
-25.7254
-26.5219
-27.3166
-28.11
-28.9025
-29.6947
-30.4872
-31.2806
-32.0756
-32.8728
-33.673
-34.4772
-35.286
-36.1004
-36.9214
-37.75
-38.5873
-39.4342
-40.2919
-41.1615
-42.0441
-42.9408
-43.8526
-44.7803
-45.725
-46.6871
-47.6672
-48.6653
-49.6812
-50.7144
-51.7635
-52.8269
-53.9019
-54.9853
-56.0731
-57.1602
-58.2408
-59.3085
-60.3562
-61.3763
-62.3615
-63.3042
-64.1981
-65.0372
-65.8172
-66.535
-67.1892
-67.7797
-68.3079
-68.7766
-69.1892
-69.55
-69.8636
-70.1348
-70.3682
-70.5685
-70.7399
-70.8862
-71.0111
-71.1176
-71.2085
-71.2861
-71.3524
-71.4093
-71.4583
-71.5005
-71.537
-71.5688
-71.5966
-71.6211
-71.6427
-71.662
-71.6792
-71.6947
-71.7088
-71.7217
-71.7335
-71.7445
-71.7547
-71.7643
-71.7734
-71.7819
-71.7901
-71.7979
-71.8054
-71.8126
-71.8196
-71.8264
-71.833
-71.8394
-71.8457
-71.8519
-71.8579
-71.8638
-71.8696
-71.8753
-71.881
-71.8865
-71.892
-71.8973
-71.9026
-71.9079
-71.913
-71.9181
-71.9231
-71.928
-71.9329
-71.9377
-71.9424
-71.8101
-71.5979
-71.3332
-71.0327
-70.7076
-70.3658
-70.0133
-69.6545
-69.2928
-68.9307
-68.5701
-68.2127
-67.8595
-67.5115
-67.1692
-66.8333
-66.504
-66.1818
-65.8667
-65.559
-65.2587
-64.9658
-64.6803
-64.4022
-64.1315
-63.8681
-63.6118
-63.3627
-63.1205
-62.8851
-62.6565
-62.4345
-62.219
-62.0097
-61.8067
-61.6098
-61.4187
-61.2334
-61.0538
-60.8797
-60.7109
-60.5474
-60.3891
-60.2357
-60.0871
-59.9433
-59.8042
-59.6695
-59.5393
-59.4133
-59.2915
-59.1738
-59.0601
-58.9502
-58.8441
-58.7417
-58.6428
-58.5475
-58.4556
-58.3671
-58.2817
-58.1996
-58.1206
-58.0445
-57.9715
-57.9013
-57.8339
-57.7693
-57.7074
-57.6481
-57.5913
-57.5371
-57.4853
-57.4359
-57.3889
-57.3442
-57.3017
-57.2614
-57.2232
-57.1871
-57.1531
-57.1211
-57.0911
-57.063
-57.0368
-57.0125
-56.9899
-56.9692
-56.9501
-56.9328
-56.9172
-56.9032
-56.8908
-56.88
-56.8707
-56.8629
-56.8566
-56.8518
-56.8484
-56.8464
-56.8457
-56.8465
-56.8485
-56.8518
-56.8564
-56.8622
-56.8693
-56.8775
-56.8869
-56.8975
-56.9092
-56.922
-56.9359
-56.9508
-56.9668
-56.9838
-57.0018
-57.0208
-57.0408
-57.0616
-57.0834
-57.1061
-57.1297
-57.1542
-57.1794
-57.2056
-57.2325
-57.2602
-57.2887
-57.3179
-57.3479
-57.3785
-57.4099
-57.442
-57.4748
-57.5082
-57.5423
-57.5769
-57.6122
-57.6481
-57.6846
-57.7216
-57.7591
-57.7972
-57.8358
-57.8749
-57.9145
-57.9546
-57.9952
-58.0361
-58.0776
-58.1194
-58.1616
-58.2043
-58.2473
-58.2907
-58.3344
-58.3785
-58.4229
-58.4676
-58.5126
-58.5579
-58.6035
-58.6494
-58.6955
-58.7419
-58.7885
-58.8354
-58.8824
-58.9297
-58.9771
-59.0248
-59.0726
-59.1206
-59.1687
-59.217
-59.2654
-59.3139
-59.3626
-59.4113
-59.4602
-59.5091
-59.5581
-59.6072
-59.6564
-59.7056
-59.7549
-59.8042
-59.8536
-59.9029
-59.9523
-60.0017
-60.0512
-60.1006
-60.15
-60.1994
-60.2487
-60.2981
-60.3474
-60.3966
-60.4458
-60.495
-60.5441
-60.5932
-60.6422
-60.6911
-60.7399
-60.7886
-60.8373
-60.8859
-60.9343
-60.9827
-61.031
-61.0791
-61.1271
-61.1751
-61.2228
-61.2705
-61.318
-61.3654
-61.4127
-61.4598
-61.5068
-61.5537
-61.6003
-61.6469
-61.6932
-61.7394
-61.7855
-61.8314
-61.8771
-61.9226
-61.968
-62.0132
-62.0582
-62.1031
-62.1477
-62.1922
-62.2365
-62.2806
-62.3245
-62.3682
-62.4117
-62.4551
-62.4982
-62.5411
-62.5839
-62.6264
-62.6688
-62.7109
-62.7528
-62.7945
-62.836
-62.8773
-62.9184
-62.9593
-63
-63.0404
-63.0807
-63.1207
-63.1605
-63.2001
-63.2395
-63.2786
-63.3176
-63.3563
-63.3948
-63.4331
-63.4711
-63.509
-63.5466
-63.584
-63.6212
-63.6581
-63.6949
-63.7314
-63.7677
-63.8037
-63.8396
-63.8752
-63.9106
-63.9458
-63.9807
-64.0154
-64.0499
-64.0842
-64.1183
-64.1521
-64.1857
-64.2191
-64.2522
-64.2851
-64.3179
-64.3503
-64.3826
-64.4146
-64.4465
-64.4781
-64.5094
-64.5406
-64.5715
-64.6022
-64.6327
-64.663
-64.6931
-64.7229
-64.7525
-64.7819
-64.8111
-64.84
-64.8688
-64.8973
-64.9256
-64.9537
-64.9815
-65.0092
-65.0366
-65.0639
-65.0909
-65.1177
-65.1443
-65.1707
-65.1968
-65.2228
-65.2485
-65.2741
-65.2994
-65.3245
-65.3494
-65.3741
-65.3986
-65.4229
-65.447
-65.4708
-65.4945
-65.518
-65.5413
-65.5643
-65.5872
-65.6099
-65.6323
-65.6546
-65.6767
-65.6985
-65.7202
-65.7417
-65.7629
-65.784
-65.8049
-65.8256
-65.8461
-65.8664
-65.8865
-65.9065
-65.9262
-65.9457
-65.9651
-65.9843
-66.0032
-66.022
-66.0406
-66.0591
-66.0773
-66.0954
-66.1132
-66.1309
-66.1484
-66.1658
-66.1829
-66.1999
-66.2167
-66.2333
-66.2497
-66.266
-66.2821
-66.298
-66.3137
-66.3293
-66.3447
-66.3599
-66.375
-66.3899
-66.4046
-66.4191
-66.4335
-66.4477
-66.4618
-66.4757
-66.4894
-66.5029
-66.5163
-66.5296
-66.5426
-66.5555
-66.5683
-66.5809
-66.5933
-66.6056
-66.6177
-66.6297
-66.6415
-66.6532
-66.6647
-66.676
-66.6872
-66.6983
-66.7092
-66.7199
-66.7305
-66.741
-66.7513
-66.7615
-66.7715
-66.7813
-66.7911
-66.8007
-66.8101
-66.8194
-66.8286
-66.8376
-66.8465
-66.8552
-66.8638
-66.8723
-66.8807
-66.8889
-66.8969
-66.9049
-66.9127
-66.9203
-66.9279
-66.9353
-66.9425
-66.9497
-66.9567
-66.9636
-66.9704
-66.977
-66.9835
-66.9899
-66.9962
-67.0023
-67.0083
-67.0142
-67.02
-67.0257
-67.0312
-67.0366
-67.0419
-67.0471
-67.0522
-67.0571
-67.0619
-66.9289
-66.7071
-66.4206
-66.0845
-65.7097
-65.3042
-64.8746
-64.426
-63.9628
-63.4882
-63.0052
-62.5159
-62.0223
-61.5261
-61.0284
-60.5305
-60.0332
-59.5374
-59.0436
-58.5525
-58.0644
-57.5797
-57.0986
-56.6215
-56.1483
-55.6792
-55.2143
-54.7534
-54.2964
-53.8432
-53.3937
-52.9474
-52.5042
-52.0637
-51.6254
-51.1889
-50.7536
-50.3189
-49.8842
-49.4487
-49.0117
-48.5723
-48.1295
-47.6823
-47.2297
-46.7703
-46.3028
-45.8258
-45.3377
-44.8367
-44.321
-43.7884
-43.2366
-42.6631
-42.065
-41.4393
-40.7824
-40.0905
-39.3593
-38.584
-37.7593
-36.879
-35.9365
-34.9244
-33.8343
-32.6568
-31.3818
-29.998
-28.4931
-26.8539
-25.0668
-23.1173
-20.9917
-18.6771
-16.1631
-13.4433
-10.5173
-7.39362
-4.09184
-0.64536
2.89722
6.47214
10.0028
13.4048
16.5931
19.4906
22.0367
24.1929
25.9458
27.3046
28.297
28.9624
29.3456
29.4914
29.4411
29.2308
28.8903
28.4441
27.9112
27.3069
26.643
25.9289
25.1719
24.3781
23.5524
22.6989
21.8212
20.9223
20.0049
19.0715
18.1242
17.1649
16.1956
15.2178
14.2331
13.2428
12.2483
11.2507
10.2512
9.25061
8.24997
7.25008
6.25171
5.25554
4.2622
3.27225
2.2862
1.3045
0.327568
-0.64425
-1.61063
-2.57131
-3.52604
-4.47462
-5.41687
-6.35267
-7.28189
-8.20445
-9.12028
-10.0293
-10.9316
-11.8271
-12.7157
-13.5977
-14.473
-15.3416
-16.2037
-17.0593
-17.9087
-18.7518
-19.589
-20.4202
-21.2458
-22.0659
-22.8808
-23.6907
-24.4958
-25.2966
-26.0932
-26.8861
-27.6756
-28.4621
-29.2462
-30.0282
-30.8086
-31.5881
-32.3672
-33.1465
-33.9266
-34.7084
-35.4925
-36.2796
-37.0707
-37.8665
-38.6679
-39.4758
-40.2912
-41.1149
-41.9478
-42.7909
-43.645
-44.5111
-45.3898
-46.2818
-47.1876
-48.1075
-49.0418
-49.9903
-50.9524
-51.9275
-52.9141
-53.9104
-54.9142
-55.9223
-56.9313
-57.9367
-58.9339
-59.9173
-60.8812
-61.8194
-62.7259
-63.5949
-64.4208
-65.199
-65.9257
-66.5984
-67.2154
-67.7767
-68.283
-68.7362
-69.139
-69.4946
-69.8069
-70.0796
-70.3168
-70.5225
-70.7002
-70.8535
-70.9855
-71.0992
-71.197
-71.2812
-71.3538
-71.4165
-71.4707
-71.5178
-71.5587
-71.5945
-71.6259
-71.6535
-71.678
-71.6998
-71.7193
-71.7369
-71.7528
-71.7673
-71.7805
-71.7928
-71.8041
-71.8147
-71.8246
-71.8339
-71.8427
-71.8511
-71.8591
-71.8668
-71.8742
-71.8813
-71.8882
-71.8949
-71.9014
-71.9077
-71.9138
-71.9199
-71.9257
-71.9315
-71.9372
-71.9427
-71.9481
-71.9535
-71.9587
-71.9639
-71.9689
-71.9739
-71.9788
-71.9836
-71.9883
-71.9929
-71.9975
-72.002
-72.0064
-72.0107
-72.0149
-72.0191
-72.0232
-72.0272
-72.0311
-72.035
-72.0387
-72.0424
-72.046
-72.0495
-72.0529
-72.0563
-72.0596
-72.0627
-72.0658
-72.0689
-72.0718
-72.0746
-72.0774
-72.0801
-72.0826
-72.0851
-72.0876
-72.0899
-72.0921
-72.0942
-72.0963
-72.0983
-72.1001
-72.1019
-72.1036
-72.1052
-72.1067
-72.1081
-72.1094
-72.1107
-72.1118
-72.1128
-72.1138
-72.1146
-72.1154
-72.116
-72.1166
-72.1171
-72.1174
-72.1177
-72.1179
-72.118
-72.1179
-72.1178
-72.1176
-72.1173
-72.1169
-72.1164
-72.1158
-72.1151
-72.1143
-72.1134
-72.1124
-72.1113
-72.1102
-72.1089
-72.1075
-72.106
-72.1044
-72.1027
-72.1009
-72.0991
-72.0971
-72.095
-72.0928
-72.0906
-72.0882
-72.0857
-72.0831
-72.0805
-72.0777
-72.0748
-72.0719
-72.0688
-72.0656
-72.0624
-72.059
-72.0556
-72.052
-72.0484
-72.0446
-72.0408
-72.0368
-71.8885
-71.6503
-71.3489
-71.0009
-70.6181
-70.2091
-69.7808
-69.3385
-68.8864
-68.4281
-67.9661
-67.5027
-67.0398
-66.5789
-66.1211
-65.6675
-65.2189
-64.7761
-64.3395
-63.9097
-63.487
-63.0717
-62.6642
-62.2645
-61.8729
-61.4894
-61.1142
-60.7472
-60.3884
-60.0379
-59.6956
-59.3615
-59.0354
-58.7174
-58.4071
-58.1047
-57.8099
-57.5226
-57.2427
-56.9699
-56.7042
-56.4454
-56.1934
-55.9478
-55.7087
-55.4758
-55.2489
-55.0278
-54.8125
-54.6026
-54.3981
-54.1988
-54.0044
-53.8149
-53.63
-53.4496
-53.2736
-53.1017
-52.9339
-52.7699
-52.6096
-52.4529
-52.2997
-52.1497
-52.0029
-51.8591
-51.7183
-51.5802
-51.4448
-51.3119
-51.1815
-51.0533
-50.9274
-50.8036
-50.6818
-50.5619
-50.4438
-50.3275
-50.2127
-50.0995
-49.9878
-49.8775
-49.7684
-49.6605
-49.5538
-49.4481
-49.3434
-49.1453
-48.8918
-48.6009
-48.2832
-47.9455
-47.5926
-47.2281
-46.8545
-46.4735
-46.0864
-45.6939
-45.2966
-44.8948
-44.4884
-44.0774
-43.6615
-43.2403
-42.8134
-42.3802
-41.94
-41.4921
-41.0356
-40.5697
-40.0934
-39.6055
-39.105
-38.5906
-38.0611
-37.5149
-36.9505
-36.3664
-35.7609
-35.1321
-34.4781
-33.7968
-33.0862
-32.344
-31.5679
-30.7554
-29.9041
-29.0114
-28.0749
-27.092
-26.0603
-24.9774
-23.8414
-22.6503
-21.4028
-20.0979
-18.7354
-17.3157
-15.8401
-14.3112
-12.7324
-11.1088
-9.44653
-7.75362
-6.03947
-4.31517
-2.59347
-0.888703
0.783244
2.40513
3.95869
5.42509
6.78562
8.02269
9.12081
10.0676
10.8549
11.4788
11.94
12.2436
12.3981
12.4143
12.3048
12.0827
11.7612
11.3527
10.8689
10.3201
9.71559
9.06356
8.37104
7.64417
6.88823
6.10779
5.30681
4.48871
3.65649
2.81275
1.95977
1.09956
0.233878
-0.635716
-1.50784
-2.38129
-3.25497
-4.12794
-4.99936
-5.86848
-6.73465
-7.5973
-8.45593
-9.31008
-10.1594
-11.0035
-11.8423
-12.6753
-13.5025
-14.3236
-15.1386
-15.9474
-16.7498
-17.546
-18.3358
-19.1192
-19.8964
-20.6674
-21.4322
-22.1911
-22.944
-23.6911
-24.4326
-25.1688
-25.8997
-26.6257
-27.347
-28.0638
-28.7766
-29.4855
-30.1909
-30.8933
-31.5929
-32.2903
-32.9859
-33.68
-34.3733
-35.0663
-35.7595
-36.4534
-37.1486
-37.8458
-38.5455
-39.2484
-39.9552
-40.6664
-41.3828
-42.1049
-42.8335
-43.569
-44.312
-45.063
-45.8225
-46.5908
-47.368
-48.1543
-48.9494
-49.7531
-50.5648
-51.3836
-52.2082
-53.0372
-53.8685
-54.6998
-55.5283
-56.3507
-57.1635
-57.9628
-58.7444
-59.5041
-60.2378
-60.9414
-61.6113
-62.2444
-62.8382
-63.391
-63.9017
-64.3704
-64.7974
-65.1841
-65.5323
-65.8441
-66.1222
-66.3692
-66.5879
-66.7812
-66.9517
-67.1019
-67.2344
-67.3512
-67.4543
-67.5456
-67.6267
-67.6988
-67.7633
-67.8212
-67.8734
-67.9208
-67.964
-68.0036
-68.0402
-68.0741
-68.1058
-68.1355
-68.1635
-68.1902
-68.2155
-68.2399
-68.2633
-68.2858
-68.3077
-68.329
-68.3498
-68.3701
-68.39
-68.4096
-68.4288
-68.4477
-68.3393
-68.1583
-67.9311
-67.673
-67.3944
-67.1024
-66.8022
-66.4976
-66.1916
-65.8863
-65.5831
-65.2834
-64.9881
-64.6978
-64.413
-64.1342
-63.8615
-63.5952
-63.3354
-63.0821
-62.8353
-62.5952
-62.3615
-62.1344
-61.9136
-61.6991
-61.4909
-61.2888
-61.0926
-60.9024
-60.7179
-60.5391
-60.3658
-60.1979
-60.0353
-59.8778
-59.7253
-59.5778
-59.4351
-59.297
-59.1635
-59.0344
-58.9097
-58.7892
-58.6729
-58.5605
-58.4521
-58.3475
-58.2467
-58.1495
-58.0558
-57.9656
-57.8788
-57.7952
-57.7149
-57.6377
-57.5636
-57.4924
-57.4242
-57.3588
-57.2962
-57.2363
-57.1791
-57.1244
-57.0723
-57.0227
-56.9754
-56.9305
-56.888
-56.8476
-56.8095
-56.7735
-56.7397
-56.7079
-56.6781
-56.6503
-56.6244
-56.6004
-56.5783
-56.5579
-56.5394
-56.5225
-56.5074
-56.4939
-56.4821
-56.4719
-56.4632
-56.456
-56.4504
-56.4462
-56.4434
-56.442
-56.4421
-56.4434
-56.4461
-56.4501
-56.4554
-56.4619
-56.4696
-56.4785
-56.4886
-56.4998
-56.5122
-56.5256
-56.5402
-56.5557
-56.5723
-56.5899
-56.6085
-56.6281
-56.6486
-56.6701
-56.6924
-56.7156
-56.7397
-56.7647
-56.7905
-56.817
-56.8444
-56.8726
-56.9015
-56.9312
-56.9615
-56.9926
-57.0244
-57.0568
-57.0899
-57.1237
-57.158
-57.193
-57.2286
-57.2647
-57.3014
-57.3387
-57.3765
-57.4148
-57.4536
-57.4929
-57.5327
-57.573
-57.6137
-57.6548
-57.6964
-57.7383
-57.7807
-57.8235
-57.8666
-57.9101
-57.9539
-57.9981
-58.0426
-58.0874
-58.1325
-58.1779
-58.2235
-58.2695
-58.3157
-58.3621
-58.4088
-58.4557
-58.5028
-58.5502
-58.5977
-58.6454
-58.6933
-58.7414
-58.7896
-58.7245
-58.5914
-58.4122
-58.1998
-57.9633
-57.7092
-57.4423
-57.1665
-56.8847
-56.5991
-56.3116
-56.0235
-55.736
-55.45
-55.1661
-54.8851
-54.6074
-54.3333
-54.0631
-53.7971
-53.5355
-53.2784
-53.0258
-52.778
-52.5348
-52.2963
-52.0626
-51.8335
-51.6091
-51.3893
-51.174
-50.9631
-50.7566
-50.5544
-50.3563
-50.1623
-49.9723
-49.7861
-49.6036
-49.4248
-49.2494
-49.0774
-48.9087
-48.7431
-48.5805
-48.4208
-48.2639
-48.1096
-47.9579
-47.8086
-47.6616
-47.5169
-47.3742
-47.2335
-47.0947
-46.9577
-46.8223
-46.6886
-46.5562
-46.4253
-46.2957
-46.1672
-46.0398
-45.9134
-45.7878
-45.6631
-45.5391
-45.4157
-45.2929
-45.1705
-45.0484
-44.9265
-44.8048
-44.6832
-44.5615
-44.4397
-44.3176
-44.1952
-44.0723
-43.9489
-43.8248
-43.7
-43.5742
-43.4474
-43.3195
-43.1903
-43.0596
-42.9274
-42.7935
-42.6578
-42.52
-42.38
-42.2376
-42.0927
-41.9449
-41.7942
-41.6403
-41.4829
-41.3218
-41.1567
-40.9874
-40.8135
-40.6347
-40.4507
-40.2611
-40.0656
-39.8636
-39.6547
-39.4385
-39.2145
-38.9821
-38.7407
-38.4897
-38.2284
-37.9561
-37.672
-37.3752
-37.0649
-36.74
-36.3996
-36.0424
-35.6674
-35.2731
-34.8582
-34.4212
-33.9604
-33.4741
-32.9606
-32.4177
-31.8435
-31.2357
-30.5921
-29.9101
-29.1873
-28.4212
-27.6091
-26.7485
-25.8369
-24.8722
-23.8523
-22.7759
-21.6422
-20.4512
-19.2043
-17.9042
-16.5554
-15.1644
-13.7402
-12.2942
-10.8407
-9.39583
-7.97817
-6.60736
-5.3034
-4.08562
-2.97151
-1.97583
-1.10985
-0.380945
0.207426
0.655502
0.966713
1.14706
1.20441
1.14789
0.98727
0.732495
0.393345
-0.0208269
-0.501261
-1.03988
-1.62931
-2.2629
-2.93468
-3.63929
-4.37199
-5.12856
-5.90523
-6.69868
-7.50598
-8.32451
-9.15197
-9.98632
-10.8258
-11.6687
-12.5137
-13.3596
-14.2053
-15.0498
-15.8923
-16.7322
-17.5687
-18.4014
-19.2298
-20.0536
-20.8725
-21.6862
-22.4945
-23.2974
-24.0948
-24.8867
-25.673
-26.4539
-27.2295

