-65
-64.9994
-64.9988
-64.9982
-64.9977
-64.9971
-64.9965
-64.996
-64.9954
-64.9949
-64.9943
-64.9938
-64.9932
-64.9927
-64.9922
-64.9917
-64.9912
-64.9906
-64.9901
-64.9896
-64.9891
-64.9886
-64.9881
-64.9876
-64.9872
-64.9867
-64.9862
-64.9857
-64.9852
-64.9848
-64.9843
-64.9838
-64.9834
-64.9829
-64.9825
-64.982
-64.9816
-64.9811
-64.9807
-64.9802
-64.9798
-64.9794
-64.9789
-64.9785
-64.9781
-64.9777
-64.9772
-64.9768
-64.9764
-64.976
-64.9756
-64.9752
-64.9748
-64.9744
-64.974
-64.9736
-64.9732
-64.9728
-64.9725
-64.9721
-64.9717
-64.9713
-64.971
-64.9706
-64.9702
-64.9699
-64.9695
-64.9692
-64.9688
-64.9685
-64.9681
-64.9678
-64.9675
-64.9671
-64.9668
-64.9665
-64.9661
-64.9658
-64.9655
-64.9652
-64.9649
-64.9646
-64.9642
-64.9639
-64.9636
-64.9633
-64.963
-64.9628
-64.9625
-64.9622
-64.9619
-64.9616
-64.9613
-64.9611
-64.9608
-64.9605
-64.9603
-64.96
-64.9598
-64.9595
-64.9592
-64.959
-64.9588
-64.9585
-64.9583
-64.958
-64.9578
-64.9576
-64.9573
-64.9571
-64.9569
-64.9567
-64.9565
-64.9562
-64.956
-64.9558
-64.9556
-64.9554
-64.9552
-64.955
-64.9548
-64.9546
-64.9545
-64.9543
-64.9541
-64.9539
-64.9537
-64.9536
-64.9534
-64.9532
-64.9531
-64.9529
-64.9527
-64.9526
-64.9524
-64.9523
-64.9521
-64.952
-64.9519
-64.9517
-64.9516
-64.9514
-64.9513
-64.9512
-64.9511
-64.9509
-64.9508
-64.9507
-64.9506
-64.9505
-64.9504
-64.9503
-64.9502
-64.95
-64.9499
-64.9499
-64.9498
-64.9497
-64.9496
-64.9495
-64.9494
-64.9493
-64.9492
-64.9492
-64.9491
-64.949
-64.9489
-64.9489
-64.9488
-64.9487
-64.9487
-64.9486
-64.9486
-64.9485
-64.9485
-64.9484
-64.9484
-64.9483
-64.9483
-64.9482
-64.9482
-64.9482
-64.9481
-64.9481
-64.9481
-64.948
-64.948
-64.948
-64.948
-64.948
-64.9479
-64.9479
-64.9479
-64.9479
-64.9479
-64.9479
-64.9479
-64.9479
-64.9479
-64.9479
-64.9479
-64.9479
-64.9479
-64.9479
-64.9479
-64.9479
-64.9479
-64.9479
-64.948
-64.948
-64.948
-64.948
-64.9481
-64.9481
-64.9481
-64.9481
-64.9482
-64.9482
-64.9482
-64.9483
-64.9483
-64.9483
-64.9484
-64.9484
-64.9485
-64.9485
-64.9486
-64.9486
-64.9487
-64.9487
-64.9488
-64.9488
-64.9489
-64.9489
-64.949
-64.9491
-64.9491
-64.9492
-64.9492
-64.9493
-64.9494
-64.9494
-64.9495
-64.9496
-64.9497
-64.9497
-64.9498
-64.9499
-64.95
-64.95
-64.9501
-64.9502
-64.9503
-64.9504
-64.9504
-64.9505
-64.9506
-64.9507
-64.9508
-64.9509
-64.951
-64.951
-64.9511
-64.9512
-64.9513
-64.9514
-64.9515
-64.9516
-64.9517
-64.9518
-64.9519
-64.952
-64.9521
-64.9522
-64.9523
-64.9524
-64.9525
-64.9526
-64.9527
-64.9528
-64.9529
-64.953
-64.9532
-64.9533
-64.9534
-64.9535
-64.9536
-64.9537
-64.9538
-64.9539
-64.954
-64.9542
-64.9543
-64.9544
-64.9545
-64.9546
-64.9547
-64.9548
-64.955
-64.9551
-64.9552
-64.9553
-64.9554
-64.9556
-64.9557
-64.9558
-64.9559
-64.956
-64.9562
-64.9563
-64.9564
-64.9565
-64.9566
-64.9568
-64.9569
-64.957
-64.9571
-64.9573
-64.9574
-64.9575
-64.9576
-64.9578
-64.9579
-64.958
-64.9581
-64.9583
-64.9584
-64.9585
-64.9587
-64.9588
-64.9589
-64.959
-64.9592
-64.9593
-64.9594
-64.9595
-64.9597
-64.9598
-64.9599
-64.96
-64.9602
-64.9603
-64.9604
-64.9606
-64.9607
-64.9608
-64.9609
-64.9611
-64.9612
-64.9613
-64.9614
-64.9616
-64.9617
-64.9618
-64.962
-64.9621
-64.9622
-64.9623
-64.9625
-64.9626
-64.9627
-64.9628
-64.963
-64.9631
-64.9632
-64.9633
-64.9635
-64.9636
-64.9637
-64.9638
-64.964
-64.9641
-64.9642
-64.9643
-64.9645
-64.9646
-64.9647
-64.9648
-64.9649
-64.9651
-64.9652
-64.9653
-64.9654
-64.9655
-64.9657
-64.9658
-64.9659
-64.966
-64.9661
-64.9663
-64.9664
-64.9665
-64.9666
-64.9667
-64.9668
-64.967
-64.9671
-64.9672
-64.9673
-64.9674
-64.9675
-64.9677
-64.9678
-64.9679
-64.968
-64.9681
-64.9682
-64.9683
-64.9684
-64.9685
-64.9687
-64.9688
-64.9689
-64.969
-64.9691
-64.9692
-64.9693
-64.9694
-64.9695
-64.9696
-64.9697
-64.9698
-64.9699
-64.97
-64.9701
-64.9702
-64.9703
-64.9704
-64.9705
-64.9706
-64.9707
-64.9708
-64.9709
-64.971
-64.9711
-64.9712
-64.9713
-64.9714
-64.9715
-64.9716
-64.9717
-64.9718
-64.9719
-64.972
-64.9721
-64.9722
-64.9722
-64.9723
-64.9724
-64.9725
-64.9726
-64.9727
-64.9728
-64.9729
-64.9729
-64.973
-64.9731
-64.9732
-64.9733
-64.9734
-64.9734
-64.9735
-64.9736
-64.9737
-64.9738
-64.9738
-64.9739
-64.974
-64.9741
-64.9741
-64.9742
-64.9743
-64.9744
-64.9744
-64.9745
-64.9746
-64.84
-64.6179
-64.3314
-63.9948
-63.6185
-63.2104
-62.7768
-62.3228
-61.8524
-61.3689
-60.875
-60.373
-59.8646
-59.3514
-58.8345
-58.3149
-57.7935
-57.2708
-56.7473
-56.2234
-55.6992
-55.1748
-54.6502
-54.1254
-53.6
-53.0738
-52.5462
-52.0168
-51.4848
-50.9495
-50.4098
-49.8649
-49.3133
-48.7537
-48.1846
-47.6041
-47.0103
-46.4008
-45.7731
-45.1244
-44.4513
-43.7503
-43.0171
-42.247
-41.4348
-40.5742
-39.6584
-38.6795
-37.6284
-36.4949
-35.267
-33.9315
-32.473
-30.8744
-29.1163
-27.1775
-25.0349
-22.6644
-20.0415
-17.1437
-13.9531
-10.4599
-6.66843
-2.60228
1.68982
6.13062
10.6151
15.0173
19.2024
23.0438
26.4388
29.3212
31.6663
33.4883
34.8313
35.758
36.3377
36.6374
36.7162
36.6231
36.3962
36.0648
35.6501
35.1678
34.6295
34.0433
33.4157
32.7513
32.054
31.3269
30.5727
29.7937
28.9919
28.1693
27.3277
26.4687
25.5938
24.7045
23.8022
22.8883
21.964
21.0305
20.0889
19.1404
18.1859
17.2264
16.2629
15.2961
14.327
13.3562
12.3845
11.4124
10.4407
9.46995
8.50057
7.53311
6.568
5.60564
4.64642
3.69066
2.73867
1.79072
0.847062
-0.0920913
-1.02655
-1.95615
-2.88074
-3.80022
-4.71447
-5.62343
-6.52702
-7.42519
-8.31793
-9.20522
-10.0871
-10.9635
-11.8345
-12.7001
-13.5605
-14.4156
-15.2656
-16.1105
-16.9506
-17.7858
-18.6164
-19.4424
-20.2642
-21.0819
-21.8957
-22.7059
-23.5127
-24.3164
-25.1174
-25.916
-26.7127
-27.5078
-28.3018
-29.0952
-29.8886
-30.6826
-31.4777
-32.2747
-33.0744
-33.8774
-34.6847
-35.4971
-36.3155
-37.141
-37.9746
-38.8172
-39.6701
-40.5343
-41.411
-42.3012
-43.2061
-44.1265
-45.0636
-46.0179
-46.9902
-47.9808
-48.9896
-50.0164
-51.0603
-52.1199
-53.1932
-54.2772
-55.3684
-56.4624
-57.5537
-58.6364
-59.7035
-60.7476
-61.7612
-62.7366
-63.6668
-64.5452
-65.3665
-66.1269
-66.8237
-67.4561
-68.0247
-68.5315
-68.9796
-69.3727
-69.7154
-70.0125
-70.2687
-70.4889
-70.6774
-70.8385
-70.976
-71.0931
-71.193
-71.2782
-71.3509
-71.4132
-71.4666
-71.5125
-71.5521
-71.5865
-71.6165
-71.6427
-71.6658
-71.6863
-71.7045
-71.7209
-71.7357
-71.7492
-71.7615
-71.7728
-71.7834
-71.7932
-71.8024
-71.8112
-71.8195
-71.8274
-71.8349
-71.8422
-71.8492
-71.856
-71.8627
-71.8691
-71.8754
-71.8815
-71.8875
-71.8934
-71.8992
-71.9048
-71.9104
-71.9159
-71.9213
-71.9267
-71.9319
-71.9371
-71.9422
-71.9472
-71.9521
-71.957
-71.9618
-71.9666
-71.9712
-71.9759
-71.9804
-71.9849
-71.9893
-71.9936
-71.9978
-72.002
-72.0061
-72.0102
-72.0142
-72.0181
-72.0219
-72.0256
-72.0293
-72.0329
-72.0364
-72.0399
-72.0433
-72.0466
-72.0498
-72.0529
-72.056
-72.059
-72.0618
-72.0647
-72.0674
-72.0701
-72.0726
-72.0751
-72.0775
-72.0798
-72.0821
-72.0842
-72.0863
-72.0882
-72.0901
-72.0919
-72.0936
-72.0952
-72.0968
-72.0982
-72.0995
-72.1008
-72.102
-72.103
-72.104
-72.1049
-72.1057
-72.1064
-72.107
-72.1076
-72.108
-72.1083
-72.1086
-72.1087
-72.1088
-72.1087
-72.1086
-72.1084
-72.108
-72.1076
-72.1071
-72.1065
-72.1058
-72.1049
-72.104
-72.103
-72.1019
-72.1007
-72.0995
-72.0981
-72.0966
-72.095
-72.0933
-72.0915
-72.0897
-72.0877
-72.0856
-72.0835
-72.0812
-72.0788
-72.0764
-72.0738
-72.0712
-72.0684
-72.0656
-72.0626
-72.0596
-72.0565
-72.0532
-72.0499
-72.0465
-72.0429
-72.0393
-72.0356
-72.0318
-72.0279
-72.0239
-72.0198
-72.0156
-72.0113
-72.0069
-72.0024
-71.9978
-71.9932
-71.9884
-71.9835
-71.9786
-71.9735
-71.9684
-71.9631
-71.9578
-71.9524
-71.9469
-71.9413
-71.9356
-71.9298
-71.9239
-71.9179
-71.9118
-71.9057
-71.8994
-71.8931
-71.8866
-71.8801
-71.8735
-71.8668
-71.86
-71.8531
-71.8462
-71.8391
-71.832
-71.8247
-71.8174
-71.81
-71.8025
-71.795
-71.7873
-71.7795
-71.7717
-71.7638
-71.7558
-71.7477
-71.7395
-71.7313
-71.7229
-71.7145
-71.706
-71.6974
-71.6888
-71.68
-71.6712
-71.6623
-71.6533
-71.6443
-71.6351
-71.6259
-71.6166
-71.6072
-71.5977
-71.5882
-71.5786
-71.5689
-71.5592
-71.5493
-71.5394
-71.5294
-71.5194
-71.5092
-71.499
-71.4887
-71.4784
-71.468
-71.4575
-71.4469
-71.4363
-71.4255
-71.4148
-71.4039
-71.393
-71.382
-71.371
-71.3599
-71.3487
-71.3374
-71.3261
-71.3147
-71.3033
-71.2918
-71.2802
-71.2685
-71.2568
-71.2451
-71.2332
-71.2213
-71.2094
-71.1974
-71.1853
-71.1732
-71.161
-71.1487
-71.1364
-71.124
-71.1116
-71.0991
-71.0866
-71.074
-71.0613
-71.0486
-71.0359
-71.023
-71.0102
-70.9973
-70.9843
-70.9713
-70.9582
-70.945
-70.9319
-70.9186
-70.9053
-70.892
-70.8786
-70.8652
-70.8517
-70.8382
-70.8246
-70.811
-70.7973
-70.7836
-70.7699
-70.7561
-70.7422
-70.7283
-70.7144
-70.7004
-70.6864
-70.6724
-70.6583
-70.6441
-70.6299
-70.6157
-70.6015
-70.5872
-70.5728
-70.5584
-70.544
-70.5296
-70.5151
-70.5006
-70.486
-70.4714
-70.4568
-70.4421
-70.4274
-70.4127
-70.398
-70.3832
-70.3683
-70.3535
-70.3386
-70.3237
-70.3087
-70.2937
-70.2787
-70.2637
-70.2486
-70.2335
-70.2184
-70.2033
-70.1881
-70.1729
-70.1577
-70.1424
-70.1272
-70.1119
-70.0965
-70.0812
-70.0658
-70.0504
-70.035
-70.0196
-70.0041
-69.9887
-69.9732
-69.9576
-69.9421
-69.9266
-69.911
-69.8954
-69.8798
-69.8642
-69.8485
-69.8329
-69.8172
-69.8015
-69.7858
-69.7701
-69.7543
-69.7386
-69.7228
-69.707
-69.6913
-69.6755
-69.6596
-69.6438
-69.628
-69.6121
-69.5963
-69.5804
-69.5645
-69.5487
-69.5328
-69.5169
-69.5009
-69.485
-69.4691
-69.4532
-69.4372
-69.4213
-69.4053
-69.3894
-69.3734
-69.3575
-69.3415
-69.3255
-69.3095
-69.2936
-69.2776
-69.2616
-69.2456
-69.2296
-69.2136
-69.1976
-69.1816
-69.1656
-69.1496
-69.1336
-69.1177
-69.1017
-69.0857
-69.0697
-69.0537
-69.0377
-69.0217
-69.0057
-68.9898
-68.9738
-68.9578
-68.9419
-68.9259
-68.9099
-68.894
-68.8781
-68.8621
-68.8462
-68.8303
-68.8143
-68.7984
-68.7825
-68.7666
-68.7507
-68.7349
-68.719
-68.7031
-68.6873
-68.6714
-68.6556
-68.6397
-68.6239
-68.6081
-68.5923
-68.5765
-68.5608
-68.545
-68.5293
-68.5135
-68.4978
-68.4821
-68.4664
-68.4507
-68.435
-68.4194
-68.4037
-68.3881
-68.3725
-68.3569
-68.3413
-68.3257
-68.3102
-68.2946
-68.2791
-68.2636
-68.2481
-68.2326
-68.2171
-68.2017
-68.1863
-68.1709
-68.1555
-68.1401
-68.1247
-68.1094
-68.0941
-68.0788
-68.0635
-68.0483
-68.033
-68.0178
-68.0026
-67.9874
-67.9723
-67.9571
-67.942
-67.9269
-67.9118
-67.8968
-67.8817
-67.8667
-67.8517
-67.8368
-67.8218
-67.8069
-67.792
-67.7771
-67.7623
-67.7474
-67.7326
-67.7178
-67.7031
-67.6883
-67.6736
-67.6589
-67.6443
-67.6296
-67.615
-67.6004
-67.5859
-67.5713
-67.5568
-67.5423
-67.5279
-67.5134
-67.499
-67.4846
-67.4703
-67.4559
-67.4416
-67.4274
-67.4131
-67.3989
-67.3847
-67.3705
-67.3564
-67.3423
-67.3282
-67.3141
-67.3001
-67.2861
-67.2721
-67.2582
-67.2443
-67.2304
-67.2165
-67.2027
-67.1889
-67.1752
-67.1614
-67.1477
-67.134
-67.1204
-67.1067
-67.0932
-67.0796
-67.0661
-67.0526
-67.0391
-67.0257
-67.0123
-66.9989
-66.9856
-66.9722
-66.959
-66.9457
-66.9325
-66.9193
-66.9062
-66.8931
-66.88
-66.8669
-66.8539
-66.8409
-66.8279
-66.815
-66.8021
-66.7893
-66.7764
-66.7636
-66.7509
-66.7381
-66.7255
-66.7128
-66.7002
-66.6876
-66.675
-66.6625
-66.65
-66.6375
-66.6251
-66.6127
-66.6003
-66.588
-66.5757
-66.5635
-66.5512
-66.5391
-66.5269
-66.5148
-66.5027
-66.4907
-66.4787
-66.4667
-66.4548
-66.4429
-66.431
-66.4192
-66.4074
-66.3956
-66.3839
-66.3722
-66.3606
-66.3489
-66.3374
-66.3258
-66.3143
-66.3028
-66.2914
-66.28
-66.2686
-66.2573
-66.246
-66.2348
-66.2235
-66.2123
-66.2012
-66.1901
-66.179
-66.168
-66.157
-66.146
-66.1351
-66.1242
-66.1134
-66.1026
-66.0918
-66.0811
-66.0704
-66.0597
-66.0491
-66.0385
-66.028
-66.0175
-66.007
-65.9966
-65.9862
-65.9758
-65.9655
-65.9552
-65.945
-65.9348
-65.9247
-65.9145
-65.9045
-65.8944
-65.8844
-65.8745
-65.8645
-65.8547
-65.8448
-65.835
-65.8252
-65.8155
-65.8058
-65.7961
-65.7865
-65.7769
-65.7674
-65.7579
-65.7484
-65.739
-65.7296
-65.7203
-65.711
-65.7017
-65.6925
-65.6833
-65.6742
-65.6651
-65.656
-65.647
-65.638
-65.629
-65.6201
-65.6113
-65.6024
-65.5937
-65.5849
-65.5762
-65.5675
-65.5589
-65.5503
-65.5418
-65.3975
-65.1649
-64.8674
-64.5195
-64.1317
-63.712
-63.2667
-62.8009
-62.3188
-61.8237
-61.3183
-60.805
-60.2854
-59.7613
-59.2337
-58.7038
-58.1723
-57.6399
-57.107
-56.574
-56.0413
-55.5088
-54.9766
-54.4446
-53.9126
-53.3804
-52.8474
-52.3133
-51.7774
-51.2388
-50.6968
-50.1504
-49.5983
-49.0393
-48.4718
-47.8943
-47.3047
-46.7009
-46.0805
-45.4408
-44.7787
-44.0908
-43.3731
-42.6212
-41.8301
-40.994
-40.1065
-39.1602
-38.1465
-37.0558
-35.877
-34.5976
-33.2032
-31.6774
-30.0021
-28.1567
-26.1189
-23.8648
-21.3698
-18.6096
-15.5632
-12.2158
-8.5634
-4.61868
-0.416925
3.97902
8.47699
12.9588
17.2902
21.3359
24.977
28.1265
30.7384
32.8092
34.3712
35.4817
36.2098
36.626
36.7948
36.7704
36.5965
36.3062
35.9241
35.4684
34.9521
34.3848
33.7734
33.1233
32.4387
31.723
30.9789
30.209
29.4153
28.5998
27.7644
26.9108
26.0405
25.1551
24.2561
23.3447
22.4222
21.49
20.5492
19.6009
18.6462
17.686
16.7213
15.7531
14.7821
13.8091
12.8349
11.8601
10.8854
9.91147
8.93873
7.96774
6.99896
6.03283
5.06973
4.11003
3.15403
2.20204
1.25431
0.311073
-0.627465
-1.56113
-2.48975
-3.41322
-4.33142
-5.24426
-6.15167
-7.05359
-7.94999
-8.84085
-9.72616
-10.6059
-11.4802
-12.349
-13.2124
-14.0704
-14.9231
-15.7707
-16.6132
-17.4507
-18.2834
-19.1115
-19.9351
-20.7544
-21.5696
-22.3809
-23.1887
-23.9932
-24.7947
-25.5935
-26.3901
-27.1848
-27.978
-28.7704
-29.5623
-30.3543
-31.1471
-31.9413
-32.7377
-33.5369
-34.3397
-35.1471
-35.9599
-36.7791
-37.6056
-38.4405
-39.2848
-40.1397
-41.0062
-41.8854
-42.7784
-43.6863
-44.6099
-45.5502
-46.5079
-47.4833
-48.4768
-49.4881
-50.5169
-51.5619
-52.6215
-53.6935
-54.7747
-55.8613
-56.9484
-58.0306
-59.1015
-60.1541
-61.1811
-62.1749
-63.1282
-64.0341
-64.8867
-65.6812
-66.4142
-67.0838
-67.6897
-68.2329
-68.7159
-69.1418
-69.5149
-69.8396
-70.1207
-70.363
-70.571
-70.749
-70.9012
-71.031
-71.1417
-71.2361
-71.3167
-71.3856
-71.4446
-71.4953
-71.539
-71.5768
-71.6096
-71.6382
-71.6634
-71.6856
-71.7053
-71.7229
-71.7387
-71.7531
-71.7661
-71.7781
-71.7892
-71.7995
-71.8092
-71.8182
-71.8268
-71.835
-71.8428
-71.8503
-71.8575
-71.8644
-71.8712
-71.8777
-71.8841
-71.8903
-71.8964
-71.9024
-71.9082
-71.9139
-71.9196
-71.9251
-71.9306
-71.936
-71.9412
-71.9465
-71.9516
-71.9566
-71.9616
-71.9666
-71.9714
-71.9762
-71.9809
-71.9855
-71.9901
-71.9946
-71.999
-72.0033
-72.0076
-72.0118
-72.016
-72.0201
-72.0241
-72.028
-72.0318
-72.0356
-72.0393
-72.0429
-72.0465
-72.05
-72.0534
-72.0567
-72.0599
-72.0631
-72.0662
-72.0692
-72.0721
-72.0749
-72.0777
-72.0804
-72.083
-72.0855
-72.0879
-72.0902
-72.0925
-72.0947
-72.0967
-72.0987
-72.1006
-72.1025
-72.1042
-72.1058
-72.1074
-72.1088
-72.1102
-72.1115
-72.1127
-72.1138
-72.1148
-72.1157
-72.1165
-72.1173
-72.1179
-72.1185
-72.1189
-72.1193
-72.1195
-72.1197
-72.1198
-72.1197
-72.1196
-72.1194
-72.1191
-72.1187
-71.9759
-71.746
-71.4561
-71.1229
-70.7581
-70.3702
-69.9659
-69.5501
-69.1271
-68.6998
-68.2709
-67.8423
-67.4157
-66.9923
-66.5734
-66.1596
-65.7517
-65.3503
-64.9558
-64.5685
-64.1888
-63.8168
-63.4528
-63.0967
-62.7487
-62.4089
-62.0772
-61.7536
-61.4381
-61.1306
-60.8311
-60.5394
-60.2555
-59.9792
-59.7104
-59.449
-59.1949
-58.9479
-58.7079
-58.4747
-58.2482
-58.0282
-57.8146
-57.6073
-57.406
-57.2107
-57.0211
-56.8372
-56.6588
-56.4857
-56.3179
-56.1551
-55.9973
-55.8443
-55.6959
-55.5521
-55.4127
-55.2777
-55.1468
-55.02
-54.8972
-54.7782
-54.663
-54.5515
-54.4435
-54.339
-54.2379
-54.1401
-54.0455
-53.954
-53.8656
-53.7802
-53.6977
-53.6181
-53.5412
-53.4671
-53.3956
-53.3268
-53.2605
-53.1967
-53.1353
-53.0764
-53.0198
-52.9655
-52.9135
-52.8638
-52.8163
-52.7709
-52.7277
-52.6866
-52.6475
-52.6105
-52.5756
-52.5426
-52.5116
-52.4825
-52.4554
-52.4302
-52.4069
-52.3855
-52.3659
-52.3481
-52.3322
-52.3181
-52.3058
-52.2953
-52.2865
-52.2795
-52.2743
-52.2708
-52.269
-52.269
-52.2707
-52.274
-52.2791
-52.2859
-52.2944
-52.3045
-52.3164
-52.3299
-52.345
-52.3619
-52.3803
-52.4004
-52.3214
-52.1833
-52.0053
-51.7985
-51.5706
-51.3268
-51.0713
-50.8071
-50.5365
-50.2611
-49.9824
-49.7013
-49.4187
-49.1352
-48.8512
-48.567
-48.2828
-47.9989
-47.7154
-47.4321
-47.1492
-46.8665
-46.5841
-46.3016
-46.0191
-45.7362
-45.4529
-45.1687
-44.8836
-44.5972
-44.3091
-44.0192
-43.7269
-43.432
-43.134
-42.8326
-42.5272
-42.2175
-41.9029
-41.5828
-41.2568
-40.9243
-40.5846
-40.2371
-39.881
-39.5158
-39.1404
-38.7543
-38.3564
-37.9458
-37.5215
-37.0826
-36.6278
-36.1561
-35.666
-35.1565
-34.6259
-34.0728
-33.4958
-32.893
-32.2629
-31.6036
-30.9133
-30.19
-29.4318
-28.6367
-27.8025
-26.9274
-26.0094
-25.0465
-24.037
-22.9793
-21.8722
-20.7146
-19.5061
-18.2465
-16.9366
-15.5778
-14.1724
-12.7239
-11.2371
-9.71827
-8.17519
-6.6176
-5.0572
-3.5077
-1.9848
-0.505963
0.910081
2.24404
3.47702
4.59167
5.57324
6.41059
7.0968
7.62942
8.01022
8.24468
8.34114
8.30999
8.16276
7.91142
7.56776
7.14302
6.64761
6.09099
5.4816
4.82693
4.13357
3.40725
2.65302
1.87524
1.07774
0.263852
-0.563494
-1.40174
-2.24863
-3.1022
-3.96069
-4.82258
-5.6865
-6.55126
-7.4158
-8.2792
-9.14065
-9.99942
-10.8549
-11.7065
-12.5539
-13.3965
-14.234
-15.0662
-15.8929
-16.7137
-17.5286
-18.3375
-19.1402
-19.9368
-20.7272
-21.5114
-22.2896
-23.0617
-23.8279
-24.5882
-25.343
-26.0923
-26.8363
-27.5753
-28.3096
-29.0393
-29.7649
-30.4867
-31.2049
-31.9201
-32.6326
-33.3428
-34.0513
-34.7584
-35.4647
-36.1708
-36.8771
-37.5843
-38.293
-39.0037
-39.7171
-40.4338
-41.1544
-41.8796
-42.6101
-43.3463
-44.089
-44.8387
-45.5959
-46.3611
-47.1345
-47.9166
-48.7075
-49.5071
-50.3152
-51.1316
-51.9556
-52.7863
-53.6225
-54.4626
-55.3046
-56.1464
-56.9851
-57.8176
-58.6405
-59.45
-60.2421
-61.0125
-61.7573
-62.4723
-63.154
-63.7991
-64.4051
-64.9701
-65.4928
-65.9731
-66.4112
-66.8083
-67.1661
-67.4867
-67.7725
-68.0263
-68.2509
-68.4491
-68.6236
-68.777
-68.9119
-69.0303
-69.1344
-69.2261
-69.3069
-69.3784
-69.4417
-69.4981
-69.5485
-69.5936
-69.6343
-69.6712
-69.7048
-69.7356
-69.7639
-69.7901
-69.8145
-69.8373
-69.8588
-69.8791
-69.8984
-69.9168
-69.9345
-69.9514
-69.9678
-69.9836
-69.999
-70.014
-70.0286
-70.0429
-70.0569
-70.0706
-70.0841
-70.0974
-70.1104
-70.1233
-70.136
-70.1486
-70.161
-70.1733
-70.1854
-70.1974
-70.2093
-70.2211
-70.2327
-70.2443
-70.2557
-70.267
-70.2783
-70.2894
-70.3004
-70.3113
-70.3221
-70.3329
-70.3435
-70.354
-70.3644
-70.3748
-70.385
-70.3951
-70.4052
-70.4151
-70.425
-70.4347
-70.4443
-70.4539
-70.4633
-70.4727
-70.4819
-70.4911
-70.5001
-70.509
-70.5179
-70.5266
-70.5352
-70.5438
-70.5522
-70.5605
-70.5687
-70.5768
-70.5848
-70.5927
-70.6005
-70.6082
-70.6158
-70.6233
-70.6307
-70.6379
-70.6451
-70.6521
-70.659
-70.6659
-70.6726
-70.6792
-70.6857
-70.6921
-70.6983
-70.7045
-70.7106
-70.7165
-70.7223
-70.7281
-70.7337
-70.7392
-70.7446
-70.7498
-70.755
-70.76
-70.765
-70.7698
-70.7745
-70.7791
-70.7836
-70.788
-70.7923
-70.7964
-70.8005
-70.8044
-70.8082
-70.8119
-70.8155
-70.819
-70.8223
-70.8256
-70.8287
-70.8318
-70.8347
-70.8375
-70.8402
-70.8428
-70.8453
-70.8476
-70.8499
-70.852
-70.854
-70.856
-70.8578
-70.8595
-70.861
-70.8625
-70.8639
-70.8651
-70.8663
-70.8673
-70.8682
-70.869
-70.8698
-70.8704
-70.8708
-70.8712
-70.8715
-70.8717
-70.8717
-70.8717
-70.8715
-70.8713
-70.8709
-70.8704
-70.8698
-70.8692
-70.8684
-70.8675
-70.8665
-70.8654
-70.8642
-70.8629
-70.8614
-70.8599
-70.8583
-70.8566
-70.8548
-70.8528
-70.8508
-70.8487
-70.8464
-70.7012
-70.4661
-70.1671
-69.8206
-69.4379
-69.0277
-68.5967
-68.1504
-67.6929
-67.2277
-66.7576
-66.2849
-65.8115
-65.3389
-64.8684
-64.401
-63.9378
-63.4793
-63.0263
-62.5793
-62.1387
-61.7048
-61.278
-60.8585
-60.4465
-60.0421
-59.6454
-59.2566
-58.8756
-58.5024
-58.1371
-57.7796
-57.4298
-57.0877
-56.7531
-56.4259
-56.1061
-55.7934
-55.4877
-55.1888
-54.8966
-54.6108
-54.3314
-54.058
-53.7905
-53.5286
-53.2722
-53.021
-52.7748
-52.5333
-52.2964
-52.0639
-51.8354
-51.6107
-51.3897
-51.1721
-50.9576
-50.746
-50.5372
-50.3307
-50.1265
-49.9243
-49.7238
-49.5248
-49.3271
-49.1304
-48.9345
-48.7391
-48.5441
-48.3491
-48.1539
-47.9582
-47.7618
-47.5644
-47.3657
-47.1654
-46.9633
-46.759
-46.5523
-46.3427
-46.1299
-45.9137
-45.6935
-45.469
-45.2398
-45.0054
-44.7653
-44.5191
-44.2661
-44.0059
-43.7377
-43.461
-43.175
-42.8789
-42.572
-42.2533
-41.9219
-41.5767
-41.2166
-40.8403
-40.4466
-40.034
-39.6009
-39.1457
-38.6664
-38.1611
-37.6275
-37.0632
-36.4657
-35.8322
-35.1596
-34.4447
-33.6838
-32.8732
-32.0089
-31.0865
-30.1015
-29.0492
-27.9248
-26.7234
-25.4402
-24.0705
-22.6101
-21.0555
-19.404
-17.6546
-15.8075
-13.8658
-11.8348
-9.7234
-7.54434
-5.3144
-3.05478
-0.790987
1.44758
3.62853
5.71779
7.68141
9.48764
11.1091
12.5245
13.7203
14.6909
15.4382
15.9709
16.3028
16.4509
16.4341
16.2716
15.9819
15.5824
15.0885
14.5141
13.8712
13.1701
12.4197
11.6276
10.8002
9.94306
9.061
8.15811
7.23796
6.30365
5.35791
4.40311
3.44137
2.47453
1.50424
0.531938
-0.441084
-1.41369
-2.38489
-3.35378
-4.3196
-5.28166
-6.23936
-7.19219
-8.13971
-9.08153
-10.0173
-10.9468
-11.8698
-12.7861
-13.6956
-14.5982
-15.4938
-16.3823
-17.2639
-18.1385
-19.0062
-19.867
-20.7211
-21.5687
-22.4098
-23.2446
-24.0735
-24.8966
-25.7143
-26.5267
-27.3343
-28.1373
-28.9363
-29.7315
-30.5236
-31.3129
-32.1
-32.8854
-33.6697
-34.4537
-35.2378
-36.0228
-36.8095
-37.5985
-38.3908
-39.187
-39.9879
-40.7945
-41.6076
-42.4279
-43.2564
-44.0938
-44.9409
-45.7984
-46.6669
-47.5469
-48.4388
-49.3428
-50.2589
-51.1869
-52.1262
-53.0759
-54.0349
-55.0014
-55.9734
-56.9481
-57.9224
-58.8927
-59.8547
-60.804
-61.7354
-62.644
-63.5244
-64.3715
-65.1806
-65.9473
-66.6682
-67.3403
-67.9621
-68.5326
-69.0521
-69.5216
-69.9432
-70.3191
-70.6526
-70.9467
-71.2051
-71.4311
-71.6281
-71.7995
-71.9482
-72.077
-72.1885
-72.285
-72.3684
-72.4406
-72.5031
-72.5572
-72.6042
-72.645
-72.6806
-72.7116
-72.7388
-72.7626
-72.7836
-72.8021
-72.8185
-72.833
-72.846
-72.8576
-72.868
-72.8774
-72.8859
-72.8937
-72.9007
-72.9072
-72.9131
-72.9185
-72.9236
-72.9282
-72.9326
-72.9366
-72.9404
-72.9439
-72.9472
-72.9503
-72.9532
-72.956
-72.9585
-72.9609
-72.9632
-72.9653
-72.9673
-72.9692
-72.971
-72.9726
-72.9742
-72.9756
-72.9769
-72.9781
-72.9792
-72.9802
-72.9811
-72.9819
-72.9826
-72.9833
-72.9838
-72.9842
-72.9845
-72.8432
-72.6172
-72.3342
-72.0114
-71.6602
-71.2892
-70.9047
-70.5115
-70.1136
-69.7137
-69.3141
-68.9167
-68.5228
-68.1336
-67.7498
-67.3723
-67.0014
-66.6377
-66.2815
-65.9329
-65.5921
-65.2592
-64.9343
-64.6175
-64.3086
-64.0077
-63.7147
-63.4296
-63.1521
-62.8823
-62.62
-62.3651
-62.1174
-61.8769
-61.6434
-61.4167
-61.1966
-60.9832
-60.7761
-60.5753
-60.3806
-60.1919
-60.009
-59.8318
-59.6601
-59.4938
-59.3328
-59.177
-59.0261
-58.8802
-58.739
-58.6024
-58.4704
-58.3428
-58.2195
-58.1004
-57.9853
-57.8743
-57.7671
-57.6637
-57.564
-57.4679
-57.3753
-57.2861
-57.2003
-57.1177
-57.0383
-56.9621
-56.8888
-56.8185
-56.7511
-56.6866
-56.6248
-56.5657
-56.5093
-56.4554
-56.404
-56.3552
-56.3087
-56.2646
-56.2229
-56.1833
-56.1461
-56.111
-56.078
-56.0471
-56.0183
-55.9914
-55.9666
-55.9436
-55.9226
-55.9034
-55.8861
-55.8705
-55.8567
-55.8446
-55.8342
-55.8254
-55.8183
-55.8128
-55.8089
-55.8065
-55.8056
-55.8062
-55.8083
-55.8118
-55.8167
-55.8231
-55.8307
-55.8398
-55.8501
-55.8617
-55.8746
-55.8888
-55.9042
-55.9207
-55.9385
-55.9574
-55.9775
-55.9987
-56.0209
-56.0443
-56.0687
-56.0942
-56.1206
-56.1481
-56.1765
-56.2059
-56.2362
-56.2675
-56.2996
-56.3327
-56.3666
-56.4013
-56.4369
-56.4733
-56.5104
-56.5484
-56.5871
-56.6265
-56.6666
-56.7075
-56.749
-56.7912
-56.8341
-56.8775
-56.9216
-56.9663
-57.0116
-57.0574
-57.1038
-57.1507
-57.1982
-57.2461
-57.2945
-57.3434
-57.3927
-57.4425
-57.4927
-57.5433
-57.5943
-57.6456
-57.6974
-57.7494
-57.8018
-57.8545
-57.9075
-57.9609
-58.0144
-58.0683
-58.1224
-58.1767
-58.2312
-58.286
-58.3409
-58.396
-58.4513
-58.5068
-58.5624
-58.6181
-58.674
-58.7299
-58.786
-58.8421
-58.8984
-58.9547
-59.011
-59.0674
-59.1239
-59.1803
-59.2368
-59.2933
-59.3498
-59.4062
-59.4627
-59.5191
-59.5755
-59.6318
-59.6881
-59.7443
-59.8005
-59.8566
-59.9126
-59.9685
-60.0243
-60.08
-60.1356
-60.191
-60.2464
-60.3016
-60.3567
-60.4116
-60.4664
-60.521
-60.5755
-60.6298
-60.684
-60.7379
-60.7917
-60.8454
-60.8988
-60.952
-61.0051
-61.0579
-61.1106
-61.163
-61.2153
-61.2673
-61.3191
-61.3707
-61.422
-61.4732
-61.5241
-61.5748
-61.6253
-61.6755
-61.7255
-61.7752
-61.8247
-61.874
-61.923
-61.9718
-62.0203
-62.0686
-62.1166
-62.1644
-62.2119
-62.2591
-62.3062
-62.3529
-62.3994
-62.4456
-62.4916
-62.5373
-62.5827
-62.6279
-62.6728
-62.7175
-62.7619
-62.806
-62.8498
-62.8934
-62.9367
-62.9798
-63.0226
-63.0651
-63.1073
-63.1493
-63.191
-63.2325
-63.2736
-63.3145
-63.3552
-63.3956
-63.4357
-63.4755
-63.5151
-63.5544
-63.5934
-63.6322
-63.6707
-63.7089
-63.7469
-63.7846
-63.822
-63.8592
-63.8961
-63.9328
-63.9691
-64.0053
-64.0411
-64.0767
-64.1121
-64.1472
-64.182
-64.2165
-64.2508
-64.2849
-64.3187
-64.3522
-64.3855
-64.4185
-64.4513
-64.4838
-64.5161
-64.5481
-64.5798
-64.6114
-64.6426
-64.6736
-64.7044
-64.7349
-64.7652
-64.7952
-64.825
-64.8546
-64.8839
-64.9129
-64.9418
-64.9704
-64.9987
-65.0268
-65.0547
-65.0823
-65.1097
-65.1369
-65.1638
-65.1905
-65.217
-65.2432
-65.2692
-65.295
-65.3206
-65.3459
-65.371
-65.3959
-65.4205
-65.4449
-65.4691
-65.4931
-65.5169
-65.5405
-65.5638
-65.5869
-65.6098
-65.6325
-65.655
-65.6772
-65.6993
-65.7211
-65.7427
-65.7641
-65.7853
-65.8063
-65.8271
-65.8477
-65.8681
-65.8883
-65.9083
-65.928
-65.9476
-65.967
-65.9862
-66.0051
-66.0239
-66.0425
-66.0609
-66.0791
-66.0971
-66.1149
-66.1326
-66.15
-66.1673
-66.1843
-66.2012
-66.2179
-66.2344
-66.2507
-66.2668
-66.2828
-66.2986
-66.3142
-66.3296
-66.3448
-66.3599
-66.3747
-66.3894
-66.404
-66.4183
-66.4325
-66.4465
-66.4604
-66.474
-66.4875
-66.5009
-66.514
-66.527
-66.5399
-66.5525
-66.565
-66.5774
-66.5896
-66.6016
-66.6135
-66.6252
-66.6367
-66.6481
-66.6593
-66.6704
-66.6813
-66.6921
-66.7027
-66.7132
-66.7235
-66.7336
-66.7437
-66.7535
-66.7632
-66.7728
-66.7822
-66.7915
-66.8006
-66.8096
-66.8185
-66.8272
-66.8358
-66.8442
-66.8525
-66.8606
-66.8687
-66.8765
-66.8843
-66.8919
-66.8994
-66.9067
-66.9139
-66.921
-66.9279
-66.9348
-66.9414
-66.948
-66.9544
-66.9608
-66.9669
-66.973
-66.9789
-66.9847
-66.9904
-66.996
-67.0014
-67.0068
-67.012
-67.017
-67.022
-67.0269
-67.0316
-67.0362
-67.0407
-67.0451
-67.0494
-67.0536
-67.0576
-67.0616
-67.0654
-67.0691
-67.0727
-67.0762
-67.0796
-67.0829
-67.0861
-67.0892
-67.0922
-67.095
-67.0978
-67.1005
-67.1031
-67.1055
-67.1079
-67.1102
-67.1123
-67.1144
-67.1164
-67.1182
-67.12
-67.1217
-67.1233
-67.1248
-66.988
-66.762
-66.4708
-66.1294
-65.7488
-65.337
-64.9007
-64.445
-63.9741
-63.4915
-63.0001
-62.5021
-61.9995
-61.4938
-60.8639
-60.1588
-59.4032
-58.6128
-57.7987
-56.9693
-56.1312
-55.2891
-54.447
-53.6077
-52.7731
-51.9448
-51.1237
-50.3101
-49.5041
-48.7053
-47.913
-47.1263
-46.3439
-45.5642
-44.7854
-44.0052
-43.2213
-42.4309
-41.631
-40.8182
-39.9886
-39.1383
-38.2626
-37.3564
-36.4145
-35.4305
-34.3981
-33.3098
-32.1579
-30.9336
-29.6277
-28.2301
-26.7302
-25.1168
-23.3784
-21.5038
-19.4822
-17.304
-14.9621
-12.4528
-9.77734
-6.94353
-3.96736
-0.874334
2.29973
5.50883
8.69805
11.806
14.7685
17.5232
20.0146
22.199
24.0485
25.5531
26.72
27.5707
28.1372
28.4563
28.566
28.5016
28.2946
27.9712
27.5532
27.0575
26.4977
25.8843
25.2258
24.5286
23.7982
23.0388
22.2541
21.4473
20.621
19.7776
18.9193
18.048
17.1653
16.273
15.3725
14.4651
13.5521
12.6347
11.7139
10.7907
9.86594
8.94056
8.01529
7.09083
6.16783
5.24689
4.32854
3.41326
2.50151
1.59367
0.690121
-0.208832
-1.1029
-1.99183
-2.8754
-3.75341
-4.62571
-5.49215
-6.3526
-7.20697
-8.05519
-8.89719
-9.73293
-10.5624
-11.3856
-12.2024
-13.0131
-13.8174
-14.6156
-15.4076
-16.1935
-16.9735
-17.7475
-18.5158
-19.2784
-20.0354
-20.787
-21.5334
-22.2747
-23.0111
-23.7428
-24.4701
-25.1932
-25.9124
-26.6279
-27.3401
-28.0493
-28.7558
-29.4601
-30.1626
-30.8636
-31.5637
-32.2634
-32.9632
-33.6636
-34.3652
-35.0687
-35.7746
-36.4838
-37.1967
-37.9142
-38.637
-39.3659
-40.1014
-40.8445
-41.5957
-42.3558
-43.1254
-43.9051
-44.6952
-45.4962
-46.3081
-47.131
-47.9645
-48.8081
-49.6607
-50.5212
-51.3877
-52.258
-53.1292
-53.9983
-54.8613
-55.7141
-56.5521
-57.3706
-58.1647
-58.9297
-59.661
-60.3549
-61.0079
-61.6176
-62.1825
-62.7019
-63.1759
-63.6056
-63.9927
-64.3395
-64.6486
-64.923
-65.1657
-65.3799
-65.5685
-65.7346
-65.8806
-66.0093
-66.1227
-66.223
-66.3119
-66.3911
-66.4619
-66.5254
-66.5829
-66.6351
-66.6828
-66.7267
-66.7674
-66.8052
-66.8408
-66.8743
-66.9061
-66.9364
-66.9654
-66.9934
-67.0205
-67.0468
-67.0724
-67.0974
-67.1219
-67.1459
-67.1696
-67.193
-67.216
-67.2388
-67.2614
-67.2837
-67.3059
-67.3279
-67.3498
-67.3715
-67.3932
-67.4147
-67.4361
-67.4574
-67.4786
-67.4997
-67.5207
-67.5416
-67.5625
-67.5833
-67.604
-67.6246
-67.6452
-67.6657
-67.6861
-67.7064
-67.7267
-67.7469
-67.767
-67.787
-67.8069
-67.8268
-67.8466
-67.8663
-67.886
-67.9055
-67.925
-67.9444
-67.9637
-67.9829
-68.002
-68.0211
-68.04
-68.0589
-68.0777
-68.0964
-68.1149
-68.1334
-68.1518
-68.1701
-68.1884
-68.2065
-68.2245
-68.2424
-68.2602
-68.2779
-68.2955
-68.313
-68.3304
-68.3477
-68.3649
-68.382
-68.399
-68.4158
-68.4326
-68.4492
-68.4658
-68.4822
-68.4985
-68.5147
-68.5308
-68.5468
-68.5627
-68.5784
-68.5941
-68.6096
-68.625
-68.6403
-68.6554
-68.6705
-68.6854
-68.7002
-68.7149
-68.7295
-68.744
-68.7583
-68.7725
-68.7866
-68.8006
-68.8144
-68.8282
-68.8418
-68.8553
-68.8686
-68.8819
-68.895
-68.908
-68.9209
-68.9336
-68.9462
-68.9587
-68.9711
-68.9834
-68.9955
-69.0075
-69.0194
-69.0311
-69.0427
-69.0542
-69.0656
-69.0769
-69.088
-69.099
-69.1099
-69.1207
-69.1313
-69.1418
-69.1522
-69.1624
-69.1725
-69.1826
-69.1924
-69.2022
-69.2118
-69.2213
-69.2307
-69.24
-69.2491
-69.2581
-69.267
-69.2758
-69.2844
-69.2929
-69.3013
-69.3096
-69.3177
-69.3257
-69.3336
-69.3414
-69.349
-69.3566
-69.364
-69.3713
-69.3784
-69.3855
-69.3924
-69.3992
-69.4059
-69.4124
-69.4189
-69.4252
-69.4314
-69.4375
-69.4434
-69.4493
-69.455
-69.4606
-69.4661
-69.4715
-69.4767
-69.4819
-69.4869
-69.4918
-69.4966
-69.5012
-69.5058
-69.5102
-69.5146
-69.5188
-69.5229
-69.5268
-69.5307
-69.5345
-69.5381
-69.5416
-69.545
-69.5483
-69.5515
-69.5546
-69.5576
-69.5605
-69.5632
-69.5658
-69.428
-69.2018
-68.9127
-68.5766
-68.2048
-67.8056
-67.3858
-66.9505
-66.5039
-66.0494
-65.5897
-65.1271
-64.6634
-64.2001
-63.7384
-63.2796
-62.8243
-62.3733
-61.9274
-61.4869
-61.0523
-60.624
-60.2022
-59.7873
-59.3793
-58.9784
-58.5848
-58.1984
-57.8194
-57.4477
-57.0833
-56.7262
-56.3762
-56.0333
-55.6974
-55.3683
-55.046
-54.7302
-54.4207
-54.1174
-53.8202
-53.5286
-53.2427
-52.9621
-52.6865
-52.4158
-52.1497
-51.888
-51.6303
-51.3765
-51.1262
-50.8791
-50.6351
-50.3938
-50.1548
-49.918
-49.6831
-49.4496
-49.2174
-48.9861
-48.7553
-48.5249
-48.2943
-48.0633
-47.8316
-47.5987
-47.3644
-47.1281
-46.8896
-46.6484
-46.404
-46.1561
-45.9041
-45.6475
-45.3858
-45.1185
-44.8449
-44.5645
-44.2765
-43.9802
-43.6748
-43.3596
-43.0336
-42.6958
-42.3452
-41.9808
-41.6012
-41.2051
-40.7911
-40.3576
-39.9029
-39.4251
-38.9222
-38.392
-37.8319
-37.2395
-36.6118
-35.9455
-35.2374
-34.4836
-33.6802
-32.8228
-31.9067
-30.9269
-29.8782
-28.7551
-27.5519
-26.2628
-24.8821
-23.4043
-21.8244
-20.1384
-18.3433
-16.4379
-14.4234
-12.304
-10.0874
-7.78569
-5.41598
-3.0006
-0.567277
1.8512
4.21798
6.49374
8.6388
10.6158
12.3924
13.9438
15.2541
16.3174
17.1368
17.7232
18.0931
18.267
18.2667
18.1139
17.8296
17.4326
16.9397
16.3655
15.7225
15.0215
14.2712
13.4795
12.6526
11.7962
10.9148
10.0125
9.0928
8.15876
7.21303
6.25794
5.29557
4.32775
3.3561
2.38207
1.40694
0.431856
-0.542179
-1.51426
-2.4836
-3.4495
-4.41134
-5.36858
-6.32076
-7.26748
-8.20838
-9.14318
-10.0716
-10.9935
-11.9087
-12.817
-13.7185
-14.6129
-15.5004
-16.3808
-17.2543
-18.1208
-18.9805
-19.8334
-20.6798
-21.5196
-22.3532
-23.1807
-24.0023
-24.8182
-25.6288
-26.4344
-27.2352
-28.0317
-28.8242
-29.6131
-30.3989
-31.1821
-31.9631
-32.7426
-33.5212
-34.2993
-35.0777
-35.8571
-36.6381
-37.4216
-38.2082
-38.9988
-39.7943
-40.5953
-41.4028
-42.2175
-43.0404
-43.8722
-44.7137
-45.5656
-46.4284
-47.3028
-48.1892
-49.0877
-49.9985
-50.9212
-51.8555
-52.8005
-53.755
-54.7174
-55.6856
-56.657
-57.6285
-58.5964
-59.5567
-60.5047
-61.4355
-62.3438
-63.2245
-64.0722
-64.8821
-65.6498
-66.3717
-67.0449
-67.6675
-68.2388
-68.7587
-69.2286
-69.6501
-70.0258
-70.3587
-70.6522
-70.9098
-71.1349
-71.331
-71.5014
-71.6491
-71.777
-71.8877
-71.9833
-72.0661
-72.1377
-72.1996
-72.2534
-72.3001
-72.3408
-72.3763
-72.4073
-72.4346
-72.4586
-72.4799
-72.4987
-72.5155
-72.5306
-72.5441
-72.5563
-72.5673
-72.5774
-72.5866
-72.5951
-72.6029
-72.6102
-72.6169
-72.6232
-72.6291
-72.6347
-72.64
-72.6449
-72.6496
-72.6541
-72.6584
-72.6625
-72.6664
-72.6701
-72.6737
-72.6771
-72.6804
-72.6836
-72.6867
-72.6896
-72.6924
-72.6951
-72.6977
-72.7002
-72.7026
-72.7049
-72.707
-72.7091
-72.7111
-72.713
-72.7148
-72.7165
-72.7181
-72.7197
-72.7211
-72.7224
-72.7237
-72.7248
-72.7259
-72.7269
-72.7277
-72.7285
-72.7292
-72.7298
-72.7303
-72.7307
-72.731
-72.7313
-72.7314
-72.7315
-72.7314
-72.7313
-72.731
-72.7307
-72.7302
-72.7297
-72.7291
-72.7284
-72.7276
-72.7267
-72.7257
-72.7246
-72.7234
-72.7221
-72.7207
-72.7192
-72.7176
-72.716
-72.7142
-72.7123
-72.7103
-72.7083
-72.7061
-72.7039
-72.7015
-72.699
-72.6965
-72.6938
-72.6911
-72.6882
-72.6853
-72.6822
-72.6791
-72.6759
-72.6725
-72.6691
-72.6656
-72.6619
-72.6582
-72.6544
-72.6504
-72.6464
-72.6423
-72.6381
-72.6337
-72.6293
-72.6248
-72.6202
-72.6155
-72.6107
-72.6058
-72.6008
-72.5957
-72.5905
-72.5852
-72.5798
-72.5743
-72.5688
-72.5631
-72.5573
-72.5514
-72.5455
-72.5394
-72.5333
-72.527
-72.5207
-72.5142
-72.5077
-72.5011
-72.4944
-72.4876
-72.4806
-72.4736
-72.4666
-72.4594
-72.4521
-72.4447
-72.4373
-72.4297
-72.4221
-72.4143
-72.4065
-72.3986
-72.3906
-72.3825
-72.3743
-72.366
-72.3577
-72.3492
-72.3407
-72.332
-72.3233
-72.3145
-72.3056
-72.2967
-72.2876
-72.2785
-72.2692
-72.2599
-72.2505
-72.241
-72.2314
-72.2218
-72.212
-72.2022
-72.1923
-72.1823
-72.1723
-72.1621
-72.1519
-72.1416
-72.1312
-72.1207
-72.1102
-72.0995
-72.0888
-72.0781
-72.0672
-72.0563
-72.0452
-72.0341
-72.023
-72.0117
-72.0004
-71.989
-71.9776
-71.966
-71.9544
-71.9427
-71.931
-71.9191
-71.9072
-71.8952
-71.8832
-71.8711
-71.8589
-71.8467
-71.8343
-71.8219
-71.8095
-71.797
-71.7844
-71.7717
-71.759
-71.7462
-71.7333
-71.7204
-71.7074
-71.6944
-71.6813
-71.6681
-71.6549
-71.6416
-71.6282
-71.6148
-71.6013
-71.5878
-71.5742
-71.5606
-71.5468
-71.5331
-71.5192
-71.5054
-71.4914
-71.4774
-71.4634
-71.4493
-71.4351
-71.4209
-71.4066
-71.3923
-71.3779
-71.3635
-71.349
-71.3345
-71.3199
-71.3053
-71.2906
-71.2759
-71.2612
-71.2463
-71.2315
-71.2166
-71.2016
-71.1866
-71.1716
-71.1565
-71.1413
-71.1261
-71.1109
-71.0956
-71.0803
-71.065
-70.9037
-70.6488
-70.326
-69.9512
-69.536
-69.0893
-68.6179
-68.1275
-67.6225
-67.1065
-66.5827
-66.0535
-65.5209
-64.9867
-64.4524
-63.9192
-63.3881
-62.86
-62.3356
-61.8156
-61.3005
-60.7908
-60.2868
-59.7888
-59.2971
-58.8118
-58.3332
-57.8612
-57.3959
-56.9374
-56.4856
-56.0404
-55.6016
-55.1692
-54.7429
-54.3224
-53.9076
-53.4982
-53.0937
-52.6939
-52.2983
-51.9064
-51.5179
-51.1322
-50.7487
-50.3668
-49.9861
-49.6056
-49.2249
-48.8431
-48.4593
-48.0729
-47.6827
-47.2879
-46.8874
-46.4801
-46.0648
-45.6401
-45.2046
-44.7569
-44.2953
-43.8178
-43.3227
-42.8077
-42.2704
-41.7082
-41.1182
-40.4973
-39.8418
-39.148
-38.4113
-37.6269
-36.7896
-35.8932
-34.8646
-33.727
-32.487
-31.1447
-29.6967
-28.1373
-26.4592
-24.6542
-22.7139
-20.6299
-18.3952
-16.0052
-13.4585
-10.7587
-7.91583
-4.94776
-1.88134
1.24715
4.39242
7.50171
10.5174
13.3808
16.0359
18.4342
20.5383
22.3249
23.7856
24.9268
25.767
26.3337
26.659
26.7765
26.7188
26.515
26.1906
25.7668
25.2612
24.6878
24.0581
23.3809
22.6637
21.9125
21.1321
20.3267
19.4997
18.6541
17.7926
16.9175
16.0307
15.1343
14.2297
13.3186
12.4023
11.482
10.5589
9.63403
8.70829
7.78256
6.85762
5.93417
5.01284
4.09423
3.17885
2.26715
1.35958
0.456479
-0.441803
-1.33498
-2.22281
-3.10505
-3.98153
-4.85208
-5.71656
-6.57486
-7.4269
-8.2726
-9.11193
-9.94483
-10.7713
-11.5914
-12.405
-13.2122
-14.0131
-14.8078
-15.5961
-16.3784
-17.1546
-17.9248
-18.6892
-19.4479
-20.2011
-20.9488
-21.6913
-22.4288
-23.1615
-23.8895
-24.6132
-25.3327
-26.0485
-26.7607
-27.4697
-28.176
-28.8797
-29.5814
-30.2815
-30.9805
-31.6788
-32.377
-33.0756
-33.7752
-34.4765
-35.18
-35.8864
-36.5964
-37.3107
-38.0301
-38.7553
-39.4871
-40.2261
-40.9731
-41.7287
-42.4937
-43.2686
-44.0538
-44.8497
-45.6564
-46.474
-47.3022
-48.1404
-48.9877
-49.8429
-50.7041
-51.5692
-52.4355
-53.2997
-54.1581
-55.0067
-55.8408
-56.6559
-57.447
-58.2096
-58.9392
-59.6319
-60.2845
-60.8945
-61.4602
-61.981
-62.4569
-62.8889
-63.2786
-63.6282
-63.9401
-64.2173
-64.4628
-64.6796
-64.8707
-65.0389
-65.1869
-65.3172
-65.4321
-65.5335
-65.6234
-65.7032
-65.7745
-65.8384
-65.896
-65.9481
-65.9957
-66.0394
-66.0798
-66.1172
-66.1523
-66.1853
-66.2166
-66.2464
-66.2749
-66.3023
-66.3288
-66.3545
-66.3796
-66.4041
-66.4281
-66.4517
-66.4749
-66.4978
-66.5205
-66.543
-66.5652
-66.5873
-66.6093
-66.6311
-66.6528
-66.6745
-66.696
-66.7175
-66.7389
-66.7603
-66.7816
-66.8028
-66.824
-66.8452
-66.8663
-66.8874
-66.9084
-66.9295
-66.9504
-66.9714
-66.9923
-67.0131
-67.0339
-67.0547
-67.0755
-67.0962
-67.1168
-67.1374
-67.158
-67.1785
-67.199
-67.2194
-67.2398
-67.2601
-67.2804
-67.3006
-67.3208
-67.3409
-67.3609
-67.3809
-67.4008
-67.4206
-67.4404
-67.4601
-67.4798
-67.4993
-67.5188
-67.5383
-67.5576
-67.5769
-67.5961
-67.6152
-67.6342
-67.6532
-67.6721
-67.6909
-67.7096
-67.7282
-67.7467
-67.7651
-67.7835
-67.8017
-67.8199
-67.838
-67.856
-67.8738
-67.8916
-67.9093
-67.9269
-67.9444
-67.9618
-67.9791
-67.9963
-68.0134
-68.0304
-68.0472
-68.064
-68.0807
-68.0973
-68.1137
-68.1301
-68.1463
-68.1624
-68.1785
-68.1944
-68.2102
-68.2259
-68.2415
-68.2569
-68.2723
-68.2875
-68.3027
-68.3177
-68.3326
-68.3474
-68.362
-68.3766
-68.391
-68.4054
-68.4196
-68.4337
-68.4476
-68.4615
-68.4752
-68.4888
-68.5023
-68.5157
-68.529
-68.5421
-68.5551
-68.568
-68.5808
-68.5935
-68.606
-68.6184
-68.6307
-68.6429
-68.655
-68.6669
-68.6788
-68.6904
-68.702
-68.7135
-68.7248
-68.736
-68.7471
-68.7581
-68.7689
-68.7797
-68.7903
-68.6642
-68.4538
-68.1846
-67.8723
-67.5281
-67.1599
-66.7743
-66.3762
-65.9693
-65.557
-65.1415
-64.725
-64.3091
-63.8951
-63.4841
-63.077
-62.6745
-62.2772
-61.8857
-61.5004
-61.1215
-60.7494
-60.3842
-60.0262
-59.6753
-59.3318
-58.9957
-58.667
-58.3457
-58.0317
-57.725
-57.4257
-57.1335
-56.8484
-56.5703
-56.2991
-56.0346
-55.7768
-55.5255
-55.2805
-55.0417
-54.8089
-54.5821
-54.361
-54.1455
-53.9354
-53.7305
-53.5308
-53.336
-53.146
-52.9606
-52.7797
-52.6031
-52.4306
-52.2622
-52.0976
-51.9368
-51.7795
-51.6257
-51.4752
-51.3279
-51.1837
-51.0423
-50.9038
-50.768
-50.6347
-50.5039
-50.3754
-50.2492
-50.1251
-50.0031
-49.883
-49.7647
-49.6482
-49.5334
-49.4201
-49.3084
-49.198
-49.089
-48.9812
-48.8746
-48.7691
-48.6646
-48.5611
-48.4584
-48.3565
-48.2553
-48.1548
-48.0548
-47.9554
-47.8564
-47.7578
-47.6594
-47.5613
-47.4633
-47.3654
-47.2675
-47.1696
-47.0714
-46.9731
-46.8744
-46.7753
-46.6758
-46.5757
-46.4749
-46.3734
-46.271
-46.1676
-46.0632
-45.9576
-45.8508
-45.7425
-45.6327
-45.5212
-45.4079
-45.2927
-45.1753
-45.0557
-44.9336
-44.8089
-44.6814
-44.5508
-44.417
-44.2797
-44.1387
-43.9937
-43.8445
-43.6907
-43.532
-43.368
-43.1985
-43.023
-42.8411
-42.6524
-42.4563
-42.2524
-42.04
-41.8186
-41.5876
-41.3462
-41.0937
-40.8292
-40.5519
-40.2609
-39.955
-39.6331
-39.2941
-38.9366
-38.5592
-38.1604
-37.7384
-37.2914
-36.8175
-36.3145
-35.78
-35.2117
-34.6068
-33.9623
-33.2753
-32.5424
-31.76
-30.9245
-30.032
-29.0785
-28.0599
-26.9722
-25.8116
-24.5742
-23.257
-21.8575
-20.3742
-18.8072
-17.1581
-15.4311
-13.6332
-11.7747
-9.86959
-7.92202
-5.96741
-4.03788
-2.16505
-0.379935
1.2882
2.81334
4.17414
5.35512
6.34723
7.14779
7.75991
8.19153
8.45415
8.56163
8.52902
8.37165
8.10447
7.74149
7.29561
6.77841
6.20021
5.57005
4.89585
4.18449
3.44194
2.67339
1.88333
1.07567
0.253783
-0.579366
-1.4212
-2.26948
-3.12223
-3.97775
-4.83453
-5.69127
-6.54682
-7.40019
-8.25051
-9.09704
-9.93912
-10.7762
-11.6078
-12.4336
-13.2531
-14.0662
-14.8725
-15.672
-16.4645
-17.2498
-18.028
-18.799
-19.5628
-20.3195
-21.0691
-21.8117
-22.5473
-23.2763
-23.9986
-24.7145
-25.4241
-26.1278
-26.8256
-27.518
-28.2051
-28.8874
-29.565
-30.2384
-30.9079
-31.5739
-32.2368
-32.8972
-33.5553
-34.2117
-34.867
-35.5215
-36.1759
-36.8307
-37.4865
-38.1439
-38.8034
-39.4658
-40.1315
-40.8012
-41.4755
-42.1549
-42.8401
-43.5315
-44.2296
-44.9347
-45.6473
-46.3674
-47.0951
-47.8303
-48.5726
-49.3215
-50.0762
-50.8356
-51.5982
-52.3621
-53.1253
-53.8852
-54.6387
-55.3829
-56.114
-56.8286
-57.5228
-58.1931
-58.836
-59.4483
-60.0274
-60.5713
-61.0783
-61.5478
-61.9796
-62.3741
-62.7325
-63.0562
-63.347
-63.6073
-63.8392
-64.0453
-64.2278
-64.3893
-64.5318
-64.6577
-64.7687
-64.8668
-64.9536
-65.0305
-65.0989
-65.1598
-65.2143
-65.2634
-65.3077
-65.3479
-65.3847
-65.4185
-65.4497
-65.4788
-65.5061
-65.5318
-65.5562
-65.5794
-65.6017
-65.6233
-65.6441
-65.6644
-65.6843
-65.7037
-65.7229
-65.7418
-65.7605
-65.779
-65.7975
-65.8158
-65.834
-65.8523
-65.8705
-65.8886
-65.9068
-65.925
-65.9433
-65.9615
-65.9798
-65.9981
-66.0165
-66.035
-66.0534
-66.072
-66.0905
-66.1092
-66.1279
-66.1466
-66.1654
-66.1842
-66.0792
-65.9029
-65.6807
-65.4273
-65.1528
-64.8642
-64.5668
-64.2643
-63.9596
-63.655
-63.352
-63.0521
-62.756
-62.4646
-62.1785
-61.898
-61.6235
-61.3551
-61.0932
-60.8377
-60.5887
-60.3463
-60.1105
-59.8811
-59.6582
-59.4417
-59.2315
-59.0275
-58.8297
-58.6379
-58.3445
-57.997
-57.6177
-57.2199
-56.812
-56.4002
-55.9886
-55.5802
-55.1774
-54.7816
-54.394
-54.0154
-53.6462
-53.2868
-52.9373
-52.5979
-52.2684
-51.9489
-51.6391
-51.339
-51.0482
-50.7666
-50.494
-50.23
-49.9745
-49.7271
-49.4877
-49.2559
-49.0316
-48.8144
-48.604
-48.4004
-48.2031
-48.0121
-47.827
-47.6477
-47.474
-47.3056
-47.1424
-46.9842
-46.8308
-46.682
-46.5378
-46.3979
-46.2622
-46.1306
-46.0029
-45.8791
-45.7589
-45.6424
-45.5294
-45.4198
-45.3136
-45.2106
-45.1108
-45.0141
-44.9204
-44.8297
-44.7419
-44.6569
-44.5748
-44.4954
-44.4188
-44.3448
-44.2735
-44.2048
-44.1386
-44.0751
-44.014
-43.9555
-43.8994
-43.8459
-43.7947
-43.7461
-43.6998
-43.656
-43.6145
-43.5755
-43.5389
-43.5046
-43.4728
-43.4433
-43.4163
-43.3916
-43.3693
-43.3494
-43.3319
-43.3168
-43.3041
-43.2938
-43.286
-43.2805
-43.2775
-43.2769
-43.2788
-43.2832
-43.29
-43.2993
-43.311
-43.3253
-43.3421
-43.3614
-43.3833
-43.4077
-43.4347
-43.4642
-43.4963
-43.5311
-43.5684
-43.6083
-43.6509
-43.696
-43.7439
-43.7944
-43.8475
-43.9034
-43.9619
-44.0231
-44.087
-44.1536
-44.2229
-44.295
-44.3697
-44.4472
-44.5274
-44.6103
-44.696
-44.7843
-44.8754
-44.9692
-45.0657
-45.1648
-45.2667
-45.3712
-45.4784
-45.5883
-45.7007
-45.8158
-45.9334
-46.0536
-46.1763
-46.3016
-46.4292
-46.5593
-46.6918
-46.8266
-46.9638
-47.1031
-47.2447
-47.3885
-47.5343
-47.6821
-47.8319
-47.9837
-48.1372
-48.2925
-48.4495
-48.6081
-48.7682
-48.9298
-49.0927
-49.2568
-49.4222
-49.5886
-49.7559
-49.9242
-50.0932
-50.263
-50.4333
-50.604
-50.7752
-50.9466
-51.1181
-51.2897
-51.4613
-51.6327
-51.8039
-51.9746
-52.145
-52.3147
-52.4839
-52.6522
-52.8198
-52.9864
-53.152
-53.3165
-53.4799
-53.642
-53.8028
-53.9622
-54.1202
-54.2767
-54.4316
-54.5849
-54.7366
-54.8866
-55.0349
-55.1814
-55.3261
-55.469
-55.6101
-55.7494
-55.8867
-56.0223
-56.1559
-56.2876
-56.4175
-56.5455
-56.6717
-56.7959
-56.9184
-57.0389
-57.1577
-57.2747
-57.3899
-57.5033
-57.615
-57.725
-57.8332
-57.9398
-58.0448
-58.1482
-58.25
-58.3502
-58.4489
-58.5461
-58.6418
-58.7361
-58.829
-58.9205
-59.0107
-59.0995
-59.1871
-59.2734
-59.3584
-59.4423
-59.5249
-59.6064
-59.6868
-59.7661
-59.8443
-59.9215
-59.9976
-60.0728
-60.147
-60.2202
-60.2925
-60.3639
-60.4344
-60.504
-60.5728
-60.6407
-60.7079
-60.7742
-60.8398
-60.9047
-60.9688
-61.0322
-61.0949
-61.1569
-61.2182
-61.2789
-61.3389
-61.3983
-61.4571
-61.5152
-61.5728
-61.6298
-61.6863
-61.7422
-61.7975
-61.8523
-61.7856
-61.6447
-61.4525
-61.2228
-60.9654
-60.6872
-60.3938
-60.0891
-59.7765
-59.4587
-59.1375
-58.8147
-58.4915
-58.1691
-57.8483
-57.5299
-57.2144
-56.9023
-56.594
-56.2898
-55.9901
-55.695
-55.4047
-55.1193
-54.839
-54.5638
-54.2938
-54.0289
-53.7692
-53.5147
-53.2654
-53.0211
-52.7819
-52.5476
-52.3183
-52.0937
-51.8739
-51.6586
-51.4478

