-65
-64.9994
-64.9988
-64.9982
-64.9977
-64.9971
-64.9965
-64.996
-64.9954
-64.9949
-64.9943
-64.9938
-64.9932
-64.9927
-64.9922
-64.9917
-64.9912
-64.9906
-64.9901
-64.9896
-64.9891
-64.9886
-64.9881
-64.9876
-64.9872
-64.9867
-64.9862
-64.9857
-64.9852
-64.9848
-64.9843
-64.9838
-64.9834
-64.9829
-64.9825
-64.982
-64.9816
-64.9811
-64.9807
-64.9802
-64.9798
-64.9794
-64.9789
-64.9785
-64.9781
-64.9777
-64.9772
-64.9768
-64.9764
-64.976
-64.9756
-64.9752
-64.9748
-64.9744
-64.974
-64.9736
-64.9732
-64.9728
-64.9725
-64.9721
-64.9717
-64.9713
-64.971
-64.9706
-64.9702
-64.9699
-64.9695
-64.9692
-64.9688
-64.9685
-64.9681
-64.9678
-64.9675
-64.9671
-64.9668
-64.9665
-64.9661
-64.9658
-64.9655
-64.9652
-64.9649
-64.9646
-64.9642
-64.9639
-64.9636
-64.9633
-64.963
-64.9628
-64.9625
-64.9622
-64.9619
-64.9616
-64.9613
-64.9611
-64.9608
-64.9605
-64.9603
-64.96
-64.9598
-64.9595
-64.9592
-64.959
-64.9588
-64.9585
-64.9583
-64.958
-64.9578
-64.9576
-64.9573
-64.9571
-64.9569
-64.9567
-64.9565
-64.9562
-64.956
-64.9558
-64.9556
-64.9554
-64.9552
-64.955
-64.9548
-64.9546
-64.9545
-64.9543
-64.9541
-64.9539
-64.9537
-64.9536
-64.9534
-64.9532
-64.9531
-64.9529
-64.9527
-64.9526
-64.9524
-64.9523
-64.9521
-64.952
-64.9519
-64.9517
-64.9516
-64.9514
-64.9513
-64.9512
-64.9511
-64.9509
-64.9508
-64.9507
-64.9506
-64.9505
-64.9504
-64.9503
-64.9502
-64.95
-64.9499
-64.9499
-64.9498
-64.9497
-64.9496
-64.9495
-64.9494
-64.9493
-64.9492
-64.9492
-64.9491
-64.949
-64.9489
-64.9489
-64.9488
-64.9487
-64.9487
-64.9486
-64.9486
-64.9485
-64.9485
-64.9484
-64.9484
-64.9483
-64.9483
-64.9482
-64.9482
-64.9482
-64.9481
-64.9481
-64.9481
-64.948
-64.948
-64.948
-64.948
-64.948
-64.9479
-64.9479
-64.9479
-64.9479
-64.9479
-64.9479
-64.9479
-64.9479
-64.9479
-64.9479
-64.9479
-64.9479
-64.9479
-64.9479
-64.9479
-64.9479
-64.9479
-64.9479
-64.948
-64.948
-64.948
-64.948
-64.9481
-64.9481
-64.9481
-64.9481
-64.9482
-64.9482
-64.9482
-64.9483
-64.9483
-64.9483
-64.9484
-64.9484
-64.9485
-64.9485
-64.9486
-64.9486
-64.9487
-64.9487
-64.9488
-64.9488
-64.9489
-64.9489
-64.949
-64.9491
-64.9491
-64.9492
-64.9492
-64.9493
-64.9494
-64.9494
-64.9495
-64.9496
-64.9497
-64.9497
-64.9498
-64.9499
-64.95
-64.95
-64.9501
-64.9502
-64.9503
-64.9504
-64.9504
-64.9505
-64.9506
-64.9507
-64.9508
-64.9509
-64.951
-64.951
-64.9511
-64.9512
-64.9513
-64.9514
-64.9515
-64.9516
-64.9517
-64.9518
-64.9519
-64.952
-64.9521
-64.9522
-64.9523
-64.9524
-64.9525
-64.9526
-64.9527
-64.9528
-64.9529
-64.953
-64.9532
-64.9533
-64.9534
-64.9535
-64.9536
-64.9537
-64.9538
-64.9539
-64.954
-64.9542
-64.9543
-64.9544
-64.9545
-64.9546
-64.9547
-64.9548
-64.955
-64.9551
-64.9552
-64.9553
-64.9554
-64.9556
-64.9557
-64.9558
-64.9559
-64.956
-64.9562
-64.9563
-64.9564
-64.9565
-64.9566
-64.9568
-64.9569
-64.957
-64.9571
-64.9573
-64.9574
-64.9575
-64.9576
-64.9578
-64.9579
-64.958
-64.9581
-64.9583
-64.9584
-64.9585
-64.9587
-64.9588
-64.9589
-64.959
-64.9592
-64.9593
-64.9594
-64.9595
-64.9597
-64.9598
-64.9599
-64.96
-64.9602
-64.9603
-64.9604
-64.9606
-64.9607
-64.9608
-64.9609
-64.9611
-64.9612
-64.9613
-64.9614
-64.9616
-64.9617
-64.9618
-64.962
-64.9621
-64.9622
-64.9623
-64.9625
-64.9626
-64.9627
-64.9628
-64.963
-64.9631
-64.9632
-64.9633
-64.9635
-64.9636
-64.9637
-64.9638
-64.964
-64.9641
-64.9642
-64.9643
-64.9645
-64.9646
-64.9647
-64.9648
-64.9649
-64.9651
-64.9652
-64.9653
-64.9654
-64.9655
-64.9657
-64.9658
-64.9659
-64.966
-64.9661
-64.9663
-64.9664
-64.9665
-64.9666
-64.9667
-64.9668
-64.967
-64.9671
-64.9672
-64.9673
-64.9674
-64.9675
-64.9677
-64.9678
-64.9679
-64.968
-64.9681
-64.9682
-64.9683
-64.9684
-64.9685
-64.9687
-64.9688
-64.9689
-64.969
-64.9691
-64.9692
-64.9693
-64.9694
-64.9695
-64.9696
-64.9697
-64.9698
-64.9699
-64.97
-64.9701
-64.9702
-64.9703
-64.9704
-64.9705
-64.9706
-64.9707
-64.9708
-64.9709
-64.971
-64.9711
-64.9712
-64.9713
-64.9714
-64.9715
-64.9716
-64.9717
-64.9718
-64.9719
-64.972
-64.9721
-64.9722
-64.9722
-64.9723
-64.9724
-64.9725
-64.9726
-64.9727
-64.9728
-64.9729
-64.9729
-64.973
-64.9731
-64.9732
-64.9733
-64.9734
-64.9734
-64.9735
-64.9736
-64.9737
-64.9738
-64.9738
-64.9739
-64.974
-64.9741
-64.9741
-64.9742
-64.9743
-64.9744
-64.9744
-64.9745
-64.9746
-64.9747
-64.9747
-64.9748
-64.9749
-64.9749
-64.975
-64.9751
-64.9751
-64.9752
-64.9753
-64.9753
-64.9754
-64.9755
-64.9755
-64.9756
-64.9757
-64.9757
-64.9758
-64.9758
-64.9759
-64.976
-64.976
-64.9761
-64.9761
-64.9762
-64.9762
-64.9763
-64.9764
-64.9764
-64.9765
-64.9765
-64.9766
-64.9766
-64.9767
-64.9767
-64.9768
-64.9768
-64.9769
-64.9769
-64.977
-64.977
-64.9771
-64.9771
-64.9771
-64.9772
-64.9772
-64.9773
-64.9773
-64.9774
-64.9774
-64.9774
-64.9775
-64.9775
-64.9776
-64.9776
-64.9776
-64.9777
-64.9777
-64.8431
-64.621
-64.3344
-63.9977
-63.6214
-63.2132
-62.7796
-62.3255
-61.8551
-61.3715
-60.8776
-60.3755
-59.8671
-59.3538
-58.8368
-58.3172
-57.7957
-57.273
-56.7495
-56.2255
-55.7012
-55.1768
-54.6522
-54.1274
-53.602
-53.0757
-52.5481
-52.0186
-51.4866
-50.9513
-50.4117
-49.8667
-49.3151
-48.7556
-48.1865
-47.606
-47.0122
-46.4027
-45.7751
-45.1264
-44.4534
-43.7525
-43.0194
-42.2494
-41.4373
-40.5769
-39.6613
-38.6825
-37.6317
-36.4984
-35.2708
-33.9356
-32.4775
-30.8792
-29.1216
-27.1834
-25.0414
-22.6715
-20.0494
-17.1524
-13.9625
-10.4701
-6.67938
-2.61385
1.67783
6.11848
10.6032
15.0059
19.192
23.0346
26.431
29.315
31.6616
33.485
34.8294
35.7571
36.3377
36.638
36.7174
36.6247
36.3982
36.0669
35.6525
35.1704
34.6322
34.0462
33.4186
32.7544
32.0572
31.3302
30.576
29.7971
28.9954
28.1729
27.3314
26.4724
25.5975
24.7083
23.8061
22.8922
21.9679
21.0344
20.0929
19.1444
18.1899
17.2304
16.2669
15.3002
14.331
13.3602
12.3885
11.4165
10.4448
9.47396
8.50457
7.5371
6.57197
5.6096
4.65035
3.69458
2.74257
1.7946
0.850921
-0.0882544
-1.02273
-1.95235
-2.87697
-3.79647
-4.71075
-5.61973
-6.52335
-7.42155
-8.31431
-9.20163
-10.0835
-10.9599
-11.831
-12.6966
-13.557
-14.4122
-15.2622
-16.1071
-16.9472
-17.7824
-18.613
-19.4391
-20.2609
-21.0786
-21.8924
-22.7026
-23.5094
-24.3132
-25.1142
-25.9129
-26.7095
-27.5046
-28.2986
-29.0921
-29.8854
-30.6794
-31.4745
-32.2715
-33.0712
-33.8742
-34.6814
-35.4938
-36.3122
-37.1377
-37.9712
-38.8139
-39.6667
-40.5309
-41.4075
-42.2977
-43.2024
-44.1229
-45.0598
-46.0141
-46.9863
-47.9768
-48.9856
-50.0123
-51.0562
-52.1157
-53.1889
-54.2729
-55.3641
-56.4581
-57.5495
-58.6322
-59.6993
-60.7435
-61.7573
-62.7329
-63.6632
-64.5419
-65.3635
-66.1241
-66.8211
-67.4538
-68.0227
-68.5297
-68.978
-69.3713
-69.7143
-70.0115
-70.2679
-70.4882
-70.6769
-70.8381
-70.9756
-71.0929
-71.1928
-71.278
-71.3508
-71.4131
-71.4665
-71.5124
-71.5521
-71.5865
-71.6165
-71.6428
-71.6659
-71.6864
-71.7046
-71.721
-71.7358
-71.7493
-71.7616
-71.7729
-71.7835
-71.7933
-71.8026
-71.8113
-71.8196
-71.8275
-71.835
-71.8423
-71.8493
-71.8562
-71.8628
-71.8692
-71.8755
-71.8816
-71.8876
-71.8935
-71.8993
-71.905
-71.9105
-71.916
-71.9214
-71.9268
-71.932
-71.9372
-71.9423
-71.9473
-71.9523
-71.9571
-71.9619
-71.9667
-71.9714
-71.976
-71.9805
-71.985
-71.9894
-71.9937
-71.9979
-72.0021
-72.0062
-72.0103
-72.0143
-72.0182
-72.022
-72.0257
-72.0294
-72.033
-72.0365
-72.04
-72.0434
-72.0467
-72.0499
-72.053
-72.0561
-72.0591
-72.062
-72.0648
-72.0675
-72.0702
-72.0727
-72.0752
-72.0776
-72.0799
-72.0822
-72.0843
-72.0864
-72.0883
-72.0902
-72.092
-72.0937
-72.0953
-72.0969
-72.0983
-72.0997
-72.1009
-72.1021
-72.1032
-72.1041
-72.105
-72.1058
-72.1065
-72.1072
-72.1077
-72.1081
-72.1084
-72.1087
-72.1088
-72.1089
-72.1088
-72.1087
-72.1085
-72.1081
-72.1077
-72.1072
-72.1066
-72.1059
-72.1051
-72.1041
-72.1031
-72.102
-72.1009
-72.0996
-72.0982
-72.0967
-72.0951
-72.0934
-72.0916
-72.0898
-72.0878
-72.0857
-72.0836
-72.0813
-72.0789
-72.0765
-72.0739
-72.0713
-72.0685
-72.0657
-72.0627
-72.0597
-72.0566
-72.0533
-72.05
-72.0466
-72.043
-72.0394
-72.0357
-72.0319
-72.028
-72.024
-72.0199
-72.0157
-72.0114
-72.007
-72.0025
-71.9979
-71.9933
-71.9885
-71.9836
-71.9787
-71.9736
-71.9685
-71.9632
-71.9579
-71.9525
-71.947
-71.9414
-71.9357
-71.9299
-71.924
-71.918
-71.9119
-71.9058
-71.8995
-71.8932
-71.8868
-71.8802
-71.8736
-71.8669
-71.8601
-71.8532
-71.8463
-71.8392
-71.8321
-71.8249
-71.8175
-71.8101
-71.8026
-71.7951
-71.7874
-71.7797
-71.7718
-71.7639
-71.6106
-71.3655
-71.055
-70.6956
-70.2987
-69.8734
-69.4264
-68.9632
-68.4883
-68.005
-67.5165
-67.0249
-66.5323
-66.0402
-65.55
-65.0627
-64.5795
-64.1009
-63.6278
-63.1605
-62.6997
-62.2457
-61.7987
-61.3591
-60.9271
-60.5028
-60.0863
-59.6778
-59.2772
-58.8845
-58.4999
-58.1231
-57.7542
-57.3931
-57.0396
-56.6937
-56.3552
-56.024
-55.6998
-55.3825
-55.072
-54.7679
-54.4701
-54.1784
-53.8925
-53.6123
-53.3373
-53.0675
-52.8025
-52.5421
-52.286
-52.034
-51.7857
-51.5409
-51.2994
-51.0608
-50.8248
-50.5912
-50.3596
-50.1298
-49.9015
-49.6744
-49.4481
-49.2223
-48.9967
-48.7711
-48.545
-48.3181
-48.09
-47.8605
-47.629
-47.3953
-47.1589
-46.9193
-46.6762
-46.4291
-46.1775
-45.9208
-45.6585
-45.39
-45.1147
-44.832
-44.541
-44.2412
-43.9315
-43.6112
-43.2793
-42.9347
-42.5763
-42.203
-41.8134
-41.4059
-40.9792
-40.5314
-40.0607
-39.565
-39.0422
-38.4896
-37.9047
-37.2845
-36.6258
-35.9252
-35.1787
-34.3823
-33.5315
-32.6215
-31.6471
-30.6027
-29.4827
-28.281
-26.9914
-25.6077
-24.124
-22.5348
-20.8353
-19.0218
-17.0926
-15.0479
-12.8911
-10.6291
-8.27312
-5.83916
-3.34857
-0.827981
1.691
4.17255
6.57796
8.86749
11.0026
12.9484
14.6763
16.1657
17.4052
18.3932
19.1365
19.649
19.9497
20.0603
20.0034
19.8011
19.4741
19.0408
18.5174
17.9179
17.2541
16.5359
15.7718
14.9688
14.1329
13.2692
12.3819
11.4749
10.5513
9.61399
8.66547
7.70792
6.74326
5.77324
4.79937
3.82303
2.84544
1.8677
0.890762
-0.0844975
-1.05731
-2.02701
-2.99299
-3.95471
-4.91173
-5.86365
-6.81011
-7.75083
-8.68556
-9.61409
-10.5363
-11.4519
-12.361
-13.2634
-14.1591
-15.0481
-15.9305
-16.8061
-17.6751
-18.5377
-19.3938
-20.2436
-21.0874
-21.9251
-22.7571
-23.5836
-24.4048
-25.221
-26.0325
-26.8395
-27.6426
-28.4421
-29.2383
-30.0318
-30.823
-31.6124
-32.4007
-33.1884
-33.9761
-34.7646
-35.5544
-36.3464
-37.1414
-37.94
-38.7433
-39.5519
-40.3668
-41.1888
-42.0189
-42.858
-43.7067
-44.5661
-45.4367
-46.3194
-47.2146
-48.1229
-49.0443
-49.979
-50.9267
-51.8869
-52.8586
-53.8406
-54.831
-55.8276
-56.8274
-57.827
-58.8224
-59.8092
-60.7823
-61.7363
-62.6657
-63.5648
-64.4282
-65.2507
-66.028
-66.7564
-67.4331
-68.0567
-68.6264
-69.1429
-69.6077
-70.0228
-70.3914
-70.7166
-71.0022
-71.2517
-71.469
-71.6576
-71.8209
-71.9619
-72.0836
-72.1885
-72.2789
-72.3569
-72.4241
-72.4821
-72.5322
-72.5756
-72.6132
-72.646
-72.6745
-72.6995
-72.7214
-72.7407
-72.7577
-72.7728
-72.7862
-72.7983
-72.8091
-72.8188
-72.8276
-72.8356
-72.843
-72.8497
-72.8559
-72.8616
-72.8669
-72.8718
-72.8765
-72.8808
-72.8848
-72.8887
-72.8923
-72.8957
-72.8989
-72.902
-72.9049
-72.9076
-72.9102
-72.9127
-72.9151
-72.9173
-72.9194
-72.9215
-72.9234
-72.9252
-72.9269
-72.9285
-72.93
-72.9314
-72.9327
-72.9339
-72.9351
-72.9361
-72.937
-72.9379
-72.9387
-72.9393
-72.9399
-72.9404
-72.9408
-72.9411
-72.9413
-72.9415
-72.9415
-72.9415
-72.9413
-72.9411
-72.9408
-72.9403
-72.9398
-72.9392
-72.9385
-72.9378
-72.9369
-72.9359
-72.9348
-72.9337
-72.9324
-72.9311
-72.9297
-72.9281
-72.9265
-72.9248
-72.923
-72.9211
-72.9191
-72.917
-72.9148
-72.9125
-72.9101
-72.9076
-72.9051
-72.9024
-72.8996
-72.8968
-72.8938
-72.8907
-72.8876
-72.8844
-72.881
-72.8776
-72.874
-72.8704
-72.8667
-72.8628
-72.8589
-72.8549
-72.8508
-72.8466
-72.8423
-72.8379
-72.8334
-72.8288
-72.8241
-72.8193
-72.8144
-72.8094
-72.8043
-72.7991
-72.7939
-72.7885
-72.783
-72.7775
-72.7718
-72.7661
-72.7602
-72.7543
-72.7482
-72.7421
-72.7359
-72.7296
-72.7232
-72.7166
-72.71
-72.7033
-72.6966
-72.6897
-72.6827
-72.6756
-72.6685
-72.6612
-72.6538
-72.6464
-72.6389
-72.6312
-72.6235
-72.6157
-72.6078
-72.5998
-72.5917
-72.5836
-72.5753
-72.567
-72.5585
-72.55
-72.5414
-72.5327
-72.5239
-72.515
-72.506
-72.497
-72.4878
-72.4786
-72.4693
-72.4599
-72.4504
-72.4408
-72.4312
-72.4214
-72.4116
-72.4017
-72.3917
-72.3816
-72.3714
-72.3612
-72.3509
-72.3405
-72.33
-72.3194
-72.3088
-72.298
-72.2872
-72.2763
-72.2654
-72.2543
-72.2432
-72.232
-72.2207
-72.2094
-72.1979
-72.1864
-72.1748
-72.1632
-72.1514
-72.1396
-72.1277
-72.1158
-72.1038
-72.0917
-72.0795
-72.0672
-72.0549
-72.0425
-72.0301
-72.0176
-72.005
-71.9923
-71.9796
-71.9668
-71.9539
-71.941
-71.928
-71.9149
-71.9017
-71.8885
-71.8753
-71.862
-71.8486
-71.8351
-71.8216
-71.808
-71.7944
-71.7807
-71.7669
-71.7531
-71.7392
-71.7252
-71.7112
-71.6972
-71.683
-71.6689
-71.6546
-71.6403
-71.626
-71.6116
-71.5971
-71.5826
-71.5681
-71.5534
-71.5388
-71.524
-71.5093
-71.4944
-71.4795
-71.4646
-71.4496
-71.4346
-71.4195
-71.4044
-71.3892
-71.374
-71.3587
-71.3434
-71.328
-71.3126
-71.2972
-71.2817
-71.2661
-71.2506
-71.2349
-71.2193
-71.2035
-71.1878
-71.172
-71.1562
-71.1403
-71.1244
-71.1084
-71.0924
-71.0764
-71.0603
-71.0442
-71.0281
-71.0119
-70.9957
-70.9794
-70.9631
-70.9468
-70.9305
-70.9141
-70.8977
-70.8812
-70.8647
-70.8482
-70.8317
-70.8151
-70.7985
-70.7819
-70.7652
-70.7485
-70.7318
-70.7151
-70.6983
-70.6815
-70.6647
-70.6479
-70.631
-70.6141
-70.5972
-70.5802
-70.5633
-70.5463
-70.5293
-70.5122
-70.4952
-70.4781
-70.461
-70.4439
-70.4268
-70.4096
-70.3925
-70.3753
-70.3581
-70.3409
-70.3236
-70.3064
-70.2891
-70.2718
-70.2545
-70.2372
-70.2199
-70.2025
-70.1852
-70.1678
-70.1505
-70.1331
-70.1157
-70.0983
-70.0808
-70.0634
-70.046
-70.0285
-70.0111
-69.9936
-69.9761
-69.9586
-69.9412
-69.9237
-69.9062
-69.8887
-69.8712
-69.8536
-69.8361
-69.8186
-69.8011
-69.7835
-69.766
-69.7485
-69.7309
-69.7134
-69.6958
-69.6783
-69.6608
-69.6432
-69.6257
-69.6081
-69.5906
-69.573
-69.5555
-69.538
-69.5204
-69.5029
-69.4854
-69.4679
-69.4503
-69.4328
-69.4153
-69.3978
-69.3803
-69.3628
-69.3453
-69.3278
-69.3103
-69.2929
-69.2754
-69.258
-69.2405
-69.2231
-69.2056
-69.1882
-69.1708
-69.1534
-69.136
-69.1186
-69.1012
-69.0839
-69.0665
-69.0492
-69.0319
-69.0145
-68.9972
-68.98
-68.9627
-68.9454
-68.9282
-68.9109
-68.8937
-68.8765
-68.8593
-68.8421
-68.825
-68.8078
-68.7907
-68.7736
-68.7565
-68.7394
-68.7223
-68.7053
-68.6882
-68.6712
-68.6542
-68.6372
-68.6203
-68.6033
-68.5864
-68.5695
-68.5526
-68.5358
-68.5189
-68.5021
-68.4853
-68.4685
-68.4518
-68.435
-68.4183
-68.4016
-68.3849
-68.3683
-68.3517
-68.335
-68.3185
-68.3019
-68.2854
-68.2688
-68.2524
-68.2359
-68.2194
-68.203
-68.1866
-68.1703
-68.1539
-68.1376
-68.1213
-68.105
-68.0888
-68.0725
-68.0564
-68.0402
-68.024
-68.0079
-67.9918
-67.9758
-67.9598
-67.9437
-67.9278
-67.9118
-67.8959
-67.88
-67.8641
-67.8483
-67.8325
-67.8167
-67.801
-67.7852
-67.7696
-67.7539
-67.7383
-67.7226
-67.7071
-67.6915
-67.676
-67.6605
-67.6451
-67.6296
-67.6142
-67.5989
-67.5836
-67.5682
-67.553
-67.5377
-67.5225
-67.5074
-67.4922
-67.4771
-67.462
-67.447
-67.432
-67.417
-67.4021
-67.3871
-67.3723
-67.3574
-67.3426
-67.3278
-67.3131
-67.2984
-67.2837
-67.269
-67.2544
-67.2398
-67.2253
-67.2108
-67.1963
-67.1819
-67.1674
-67.1531
-67.1387
-67.1244
-67.1102
-67.0959
-67.0817
-67.0676
-67.0534
-67.0393
-67.0253
-67.0113
-66.9973
-66.9833
-66.9694
-66.9555
-66.9417
-66.9279
-66.9141
-66.9004
-66.8867
-66.8731
-66.8594
-66.8459
-66.8323
-66.8188
-66.8053
-66.7919
-66.7785
-66.7651
-66.7518
-66.7385
-66.7253
-66.7121
-66.6989
-66.6857
-66.6726
-66.6596
-66.6466
-66.6336
-66.6206
-66.6077
-66.5948
-66.582
-66.5692
-66.5565
-66.5438
-66.5311
-66.5184
-66.5058
-66.4933
-66.4808
-66.4683
-66.4559
-66.4435
-66.4311
-66.4188
-66.4065
-66.3943
-66.3821
-66.3699
-66.3578
-66.3457
-66.3336
-66.3216
-66.3097
-66.2977
-66.2859
-66.274
-66.2622
-66.2504
-66.2387
-66.227
-66.2154
-66.2038
-66.1922
-66.1807
-66.1692
-66.1577
-66.1463
-66.135
-66.1237
-66.1124
-66.1011
-66.0899
-66.0788
-66.0677
-66.0566
-66.0455
-66.0346
-66.0236
-66.0127
-66.0018
-65.991
-65.9802
-65.9695
-65.9588
-65.9481
-65.9375
-65.927
-65.9164
-65.9059
-65.8955
-65.8851
-65.8747
-65.8644
-65.8541
-65.8439
-65.8337
-65.8235
-65.8134
-65.8033
-65.7933
-65.7833
-65.7733
-65.7634
-65.7536
-65.7437
-65.734
-65.7242
-65.7145
-65.7049
-65.6953
-65.6857
-65.6762
-65.6667
-65.6572
-65.6478
-65.6385
-65.6292
-65.6199
-65.6107
-65.6015
-65.5923
-65.5832
-65.5742
-65.5652
-65.5562
-65.5473
-65.5384
-65.5296
-65.5208
-65.512
-65.5033
-65.4947
-65.486
-65.4775
-65.4689
-65.4605
-65.452
-65.4436
-65.4353
-65.4269
-65.4187
-65.4105
-65.4023
-65.3941
-65.386
-65.378
-65.37
-65.362
-65.3541
-65.3462
-65.3383
-65.3305
-65.3228
-65.3151
-65.3074
-65.2998
-65.2922
-65.2847
-65.2772
-65.2697
-65.2623
-65.2549
-65.2476
-65.2403
-65.2331
-65.2259
-65.2188
-65.2116
-65.2046
-65.1976
-65.1906
-65.1837
-65.1768
-65.1699
-65.1631
-65.1564
-65.1497
-65.143
-65.1364
-65.1298
-65.1232
-65.1167
-65.1103
-65.1039
-65.0975
-65.0912
-65.0849
-65.0787
-65.0725
-65.0664
-65.0603
-65.0542
-65.0482
-65.0423
-65.0363
-65.0305
-65.0246
-65.0188
-65.0131
-65.0074
-65.0017
-64.9961
-64.9906
-64.985
-64.9796
-64.9741
-64.9687
-64.9634
-64.9581
-64.9528
-64.9476
-64.9424
-64.9373
-64.9322
-64.9271
-64.9221
-64.9172
-64.9122
-64.9074
-64.9025
-64.8977
-64.893
-64.8883
-64.8836
-64.879
-64.8744
-64.8698
-64.8653
-64.8609
-64.8565
-64.8521
-64.8478
-64.8435
-64.8392
-64.835
-64.8308
-64.8267
-64.8226
-64.8186
-64.8146
-64.8106
-64.8067
-64.8028
-64.799
-64.7952
-64.7915
-64.7877
-64.7841
-64.7804
-64.7769
-64.7733
-64.7698
-64.7663
-64.7629
-64.7595
-64.7562
-64.7529
-64.7496
-64.7464
-64.7432
-64.7401
-64.737
-64.7339
-64.7309
-64.7279
-64.7249
-64.722
-64.7192
-64.7164
-64.7136
-64.7108
-64.7081
-64.7055
-64.7028
-64.7002
-64.6977
-64.6952
-64.6927
-64.6903
-64.6879
-64.6855
-64.6832
-64.6809
-64.6787
-64.6765
-64.6743
-64.6722
-64.6701
-64.668
-64.666
-64.6641
-64.6621
-64.6602
-64.6583
-64.6565
-64.6547
-64.653
-64.6512
-64.6496
-64.6479
-64.6463
-64.6447
-64.6432
-64.6417
-64.6402
-64.6388
-64.6374
-64.636
-64.6347
-64.6334
-64.6322
-64.6309
-64.6297
-64.6286
-64.6275
-64.6264
-64.6253
-64.6243
-64.6233
-64.6224
-64.6214
-64.6206
-64.6197
-64.6189
-64.6181
-64.6173
-64.6166
-64.6159
-64.6153
-64.6146
-64.614
-64.6135
-64.6129
-64.6124
-64.6119
-64.6115
-64.6111
-64.6107
-64.6104
-64.61
-64.6097
-64.6095
-64.6092
-64.609
-64.6089
-64.6087
-64.6086
-64.6085
-64.6084
-64.6084
-64.6084
-64.6084
-64.6085
-64.6085
-64.6086
-64.6088
-64.6089
-64.6091
-64.6093
-64.6095
-64.6098
-64.6101
-64.6104
-64.6107
-64.6111
-64.6115
-64.6119
-64.6123
-64.6128
-64.6133
-64.6138
-64.6143
-64.6149
-64.6154
-64.616
-64.6167
-64.6173
-64.618
-64.6187
-64.6194
-64.6201
-64.6209
-64.6216
-64.6224
-64.6232
-64.6241
-64.6249
-64.6258
-64.6267
-64.6276
-64.6286
-64.6295
-64.6305
-64.6315
-64.6325
-64.6336
-64.6346
-64.6357
-64.6368
-64.6379
-64.639
-64.6401
-64.6413
-64.6425
-64.6437
-64.6449
-64.6461
-64.6473
-64.6486
-64.6499
-64.6511
-64.6524
-64.6538
-64.6551
-64.6564
-64.6578
-64.6592
-64.6606
-64.662
-64.6634
-64.6648
-64.6662
-64.6677
-64.6692
-64.6706
-64.6721
-64.6736
-64.6752
-64.6767
-64.6782
-64.6798
-64.6813
-64.6829
-64.6845
-64.6861
-64.6877
-64.6893
-64.6909
-64.6925
-64.6942
-64.6958
-64.6975
-64.6992
-64.7008
-64.7025
-64.7042
-64.7059
-64.7076
-64.7093
-64.7111
-64.7128
-64.7145
-64.7163
-64.718
-64.7198
-64.7215
-64.7233
-64.7251
-64.7269
-64.7287
-64.7305
-64.7323
-64.7341
-64.7359
-64.7377
-64.7395
-64.7413
-64.7431
-64.745
-64.7468
-64.6145
-64.3949
-64.1112
-63.7775
-63.4043
-62.9994
-62.5691
-62.1184
-61.6512
-61.171
-60.6804
-60.1816
-59.6764
-59.1663
-58.6525
-58.1359
-57.6174
-57.0975
-56.5767
-56.0553
-55.5335
-55.0114
-54.4889
-53.966
-53.4424
-52.9177
-52.3914
-51.8631
-51.3319
-50.7972
-50.2578
-49.7128
-49.1609
-48.6007
-48.0305
-47.4486
-46.8528
-46.2409
-45.6104
-44.9582
-44.281
-43.5752
-42.8365
-42.0601
-41.2405
-40.3717
-39.4465
-38.4569
-37.3937
-36.2465
-35.0032
-33.6503
-32.1724
-30.5521
-28.7699
-26.8045
-24.633
-22.2312
-19.5753
-16.6437
-13.4197
-9.89572
-6.07858
-1.99523
2.302
6.73247
11.1888
15.5444
19.6659
23.4304
26.7403
29.5355
31.7966
33.5421
34.8188
35.69
36.2246
36.4883
36.5384
36.4222
36.1763
35.8288
35.4001
34.9053
34.3554
33.7584
33.1205
32.4463
31.7396
31.0034
30.2405
29.4531
28.6433
27.813
26.9639
26.0978
25.2162
24.3205
23.4122
22.4926
21.563
20.6244
19.6782
18.7253
17.7669
16.8037
15.8368
14.867
13.8951
12.9218
11.9478
10.9739
10.0005
9.02828
8.05771
7.08928
6.12341
5.16051
4.20093
3.245
2.29302
1.34524
0.401914
-0.536764
-1.47061
-2.39947
-3.3232
-4.24171
-5.15489
-6.06267
-6.965
-7.86183
-8.75315
-9.63895
-10.5193
-11.3941
-12.2634
-13.1274
-13.986
-14.8394
-15.6876
-16.5307
-17.369
-18.2024
-19.0312
-19.8555
-20.6755
-21.4915
-22.3037
-23.1122
-23.9175
-24.7199
-25.5195
-26.317
-27.1125
-27.9067
-28.6999
-29.4928
-30.2858
-31.0796
-31.8748
-32.6722
-33.4724
-34.2764
-35.0849
-35.8989
-36.7193
-37.5471
-38.3833
-39.2291
-40.0855
-40.9535
-41.8345
-42.7293
-43.639
-44.5647
-45.5072
-46.4671
-47.4449
-48.4409
-49.455
-50.4864
-51.5343
-52.5969
-53.6718
-54.7559
-55.8452
-56.935
-58.0196
-59.0926
-60.147
-61.1753
-62.1699
-63.1235
-64.0292
-64.8812
-65.6745
-66.4059
-67.0737
-67.6775
-68.2185
-68.6992
-69.1229
-69.4939
-69.8165
-70.0958
-70.3363
-70.5428
-70.7195
-70.8705
-70.9992
-71.1091
-71.2027
-71.2827
-71.3511
-71.4096
-71.46
-71.5033
-71.5409
-71.5735
-71.602
-71.627
-71.6491
-71.6687
-71.6863
-71.7021
-71.7164
-71.7295
-71.7415
-71.7526
-71.7629
-71.7725
-71.7816
-71.7903
-71.7985
-71.8063
-71.8138
-71.8211
-71.8281
-71.8348
-71.8414
-71.8479
-71.8542
-71.8603
-71.8663
-71.8722
-71.878
-71.8837
-71.8893
-71.8949
-71.9003
-71.9057
-71.9109
-71.9161
-71.9213
-71.9263
-71.9313
-71.9362
-71.9411
-71.9458
-71.9505
-71.9552
-71.9597
-71.9642
-71.9687
-71.973
-71.9773
-71.9815
-71.9857
-71.9898
-71.9938
-71.9977
-72.0016
-72.0053
-72.009
-72.0127
-72.0162
-72.0197
-72.0231
-72.0264
-72.0297
-72.0329
-72.0359
-72.0389
-72.0419
-72.0447
-72.0475
-72.0502
-72.0528
-72.0553
-72.0577
-72.06
-72.0623
-72.0645
-72.0665
-72.0685
-72.0704
-72.0723
-72.074
-72.0756
-72.0772
-72.0786
-72.08
-72.0813
-72.0825
-72.0836
-72.0846
-72.0855
-72.0863
-72.0871
-72.0877
-72.0882
-72.0887
-72.089
-72.0893
-72.0895
-72.0895
-72.0895
-72.0894
-72.0892
-72.0889
-72.0885
-72.088
-72.0874
-72.0867
-72.0859
-72.085
-72.084
-72.0829
-72.0818
-72.0805
-72.0791
-72.0776
-72.0761
-72.0744
-72.0726
-72.0708
-72.0688
-72.0668
-72.0646
-72.0624
-72.06
-72.0576
-72.0551
-72.0524
-72.0497
-72.0469
-71.9003
-71.6646
-71.3668
-71.0234
-70.646
-70.2435
-69.8226
-69.3884
-68.9452
-68.4963
-68.0445
-67.5917
-67.1399
-66.6905
-66.2446
-65.8032
-65.3671
-64.9369
-64.5132
-64.0964
-63.6868
-63.2848
-62.8906
-62.5043
-62.1261
-61.756
-61.3941
-61.0404
-60.6949
-60.3576
-60.0285
-59.7074
-59.3943
-59.0891
-58.7916
-58.5018
-58.2196
-57.9448
-57.6772
-57.4167
-57.1632
-56.9164
-56.6763
-56.4427
-56.2154
-55.9943
-55.7791
-55.5697
-55.366
-55.1678
-54.9749
-54.7872
-54.6045
-54.4267
-54.2536
-54.085
-53.9209
-53.761
-53.6052
-53.4535
-53.3056
-53.1614
-53.0208
-52.8838
-52.7501
-52.6196
-52.4923
-52.368
-52.2467
-52.1282
-52.0124
-51.8993
-51.7888
-51.6807
-51.575
-51.4716
-51.3705
-51.2715
-51.1746
-51.0797
-50.9868
-50.8958
-50.8066
-50.7192
-50.6335
-50.5495
-50.4672
-50.3864
-50.3071
-50.2293
-50.1529
-50.078
-50.0044
-49.9321
-49.8611
-49.7914
-49.7229
-49.6556
-49.5894
-49.5243
-49.4604
-49.3975
-49.3357
-49.2749
-49.2151
-49.1562
-49.0983
-49.0413
-48.9853
-48.9301
-48.8758
-48.8223
-48.7696
-48.7178
-48.6667
-48.6165
-48.5669
-48.5181
-48.4701
-48.4228
-48.3761
-48.3301
-48.2848
-48.2401
-48.1961
-48.1527
-48.1099
-48.0676
-48.026
-47.9849
-47.9444
-47.9045
-47.865
-47.8261
-47.7876
-47.7497
-47.7122
-47.6752
-47.6386
-47.6024
-47.5667
-47.5314
-47.4964
-47.4619
-47.4277
-47.3938
-47.3603
-47.3271
-47.2942
-47.2616
-47.2292
-47.197
-47.1651
-47.1334
-47.1018
-47.0705
-47.0393
-47.0082
-46.9772
-46.9463
-46.9155
-46.8846
-46.8538
-46.8229
-46.792
-46.761
-46.7298
-46.6985
-46.6671
-46.6353
-46.6034
-46.5711
-46.5384
-46.5054
-46.4719
-46.4379
-46.4034
-46.3683
-46.3325
-46.296
-46.2587
-46.2205
-46.1814
-46.1413
-46.1001
-46.0577
-46.0141
-45.9691
-45.9226
-45.8746
-45.8248
-45.7733
-45.7198
-45.6642
-45.6063
-45.5461
-45.4833
-45.4178
-45.3494
-45.2778
-45.2028
-45.1243
-45.0419
-44.9555
-44.8646
-44.769
-44.6685
-44.5625
-44.4507
-44.3328
-44.2083
-44.0767
-43.9374
-43.79
-43.6339
-43.4683
-43.2925
-43.1059
-42.9076
-42.6966
-42.4721
-42.2328
-41.9778
-41.7056
-41.4149
-41.1043
-40.772
-40.4162
-40.0351
-39.6263
-39.1877
-38.7166
-38.2103
-37.6657
-37.0794
-36.448
-35.7676
-35.0339
-34.2427
-33.3892
-32.4686
-31.4758
-30.4057
-29.2534
-28.0141
-26.6836
-25.2586
-23.7372
-22.119
-20.4061
-18.6034
-16.7196
-14.7673
-12.7635
-10.7298
-8.69196
-6.67894
-4.72172
-2.85155
-1.09807
0.512536
1.95899
3.22596
4.30441
5.19141
5.88947
6.40551
6.74977
6.93469
6.97394
6.88158
6.67149
6.35692
5.95022
5.46274
4.90472
4.28537
3.61288
2.89452
2.13671
1.34514
0.524815
-0.319847
-1.18495
-2.06705
-2.9631
-3.87044
-4.78668
-5.70974
-6.63778
-7.56917
-8.50249
-9.43647
-10.37
-11.3022
-12.2322
-13.1592
-14.0827
-15.0021
-15.9171
-16.8272
-17.7321
-18.6316
-19.5257
-20.4141
-21.2968
-22.1738
-23.0452
-23.911
-24.7715
-25.6267
-26.477
-27.3225
-28.1637
-29.0009
-29.8344
-30.6649
-31.4927
-32.3184
-33.1426
-33.966
-34.7892
-35.6129
-36.438
-37.2652
-38.0954
-38.9295
-39.7683
-40.6128
-41.4639
-42.3226
-43.1899
-44.0666
-44.9537
-45.8519
-46.7621
-47.6848
-48.6207
-49.57
-50.5329
-51.5093
-52.4986
-53.5002
-54.5128
-55.5347
-56.5638
-57.5974
-58.6322
-59.6643
-60.6894
-61.7026
-62.6987
-63.6722
-64.6174
-65.529
-66.4016
-67.2306
-68.0121
-68.7428
-69.4208
-70.0448
-70.6149
-71.1319
-71.5976
-72.0144
-72.3852
-72.7134
-73.0025
-73.256
-73.4776
-73.6705
-73.8381
-73.9833
-74.1088
-74.2172
-74.3105
-74.3908
-74.4598
-74.519
-74.5697
-74.613
-74.6501
-74.6816
-74.7084
-74.7312
-74.7504
-74.7665
-74.7799
-74.7911
-74.8003
-74.8077
-74.8136
-74.8182
-74.8216
-74.824
-74.8255
-74.8263
-74.8263
-74.8257
-74.8246
-74.823
-74.8209
-74.8185
-74.8157
-74.8126
-74.8092
-74.8055
-74.8016
-74.7975
-74.7932
-74.7886
-74.7839
-74.7791
-74.774
-74.7689
-74.7636
-74.7581
-74.7525
-74.7468
-74.741
-74.7351
-74.7291
-74.7229
-74.7167
-74.7103
-74.7038
-74.6973
-74.6906
-74.6839
-74.677
-74.6701
-74.6631
-74.6559
-74.6487
-74.6414
-74.634
-74.6265
-74.6189
-74.6113
-74.6035
-74.5957
-74.5877
-74.5797
-74.5716
-74.5634
-74.5551
-74.5468
-74.5383
-74.5298
-74.5211
-74.5124
-74.5036
-74.4947
-74.4857
-74.4767
-74.4675
-74.4583
-74.449
-74.4396
-74.4301
-74.4205
-74.4108
-74.4011
-74.3912
-74.3813
-74.3713
-74.3612
-74.351
-74.3407
-74.3304
-74.3199
-74.3094
-74.2988
-74.2881
-74.2773
-74.2664
-74.2555
-74.2444
-74.2333
-74.2221
-74.2108
-74.1994
-74.188
-74.1764
-74.1648
-74.1531
-74.1413
-74.1294
-74.1174
-74.1054
-74.0933
-74.081
-74.0687
-74.0564
-74.0439
-74.0314
-74.0187
-74.006
-73.9932
-73.9804
-73.9674
-73.9544
-73.9413
-73.9281
-73.9148
-73.9014
-73.888
-73.8745
-73.8609
-73.8472
-73.8334
-73.8196
-73.8057
-73.7917
-73.7776
-73.7635
-73.7493
-73.735
-73.7206
-73.7061
-73.6916
-73.677
-73.6623
-73.6476
-73.6327
-73.6178
-73.6029
-73.5878
-73.5727
-73.5575
-73.5422
-73.5269
-73.5115
-73.496
-73.4804
-73.4648
-73.4491
-73.4333
-73.4175
-73.4015
-73.3856
-73.3695
-73.3534
-73.3372
-73.321
-73.3046
-73.2883
-73.2718
-73.2553
-73.2387
-73.222
-73.2053
-73.1886
-73.1717
-73.1548
-73.1378
-73.1208
-73.1037
-73.0866
-73.0693
-73.0521
-73.0347
-73.0173
-72.9999
-72.9824
-72.9648
-72.9471
-72.9295
-72.9117
-72.8939
-72.876
-72.8581
-72.8402
-72.8221
-72.8041
-72.7859
-72.7677
-72.7495
-72.7312
-72.7129
-72.6945
-72.676
-72.6575
-72.639
-72.6204
-72.6017
-72.583
-72.5643
-72.5455
-72.5267
-72.5078
-72.4889
-72.4699
-72.4509
-72.4318
-72.4127
-72.3936
-72.3744
-72.3551
-72.3359
-72.3165
-72.2972
-72.2778
-72.2584
-72.2389
-72.2194
-72.1998
-72.1802
-72.1606
-72.1409
-72.1212
-72.1015
-72.0817
-72.0619
-72.0421
-72.0222
-72.0023
-71.9824
-71.9624
-71.9424
-71.9224
-71.9023
-71.8822
-71.8621
-71.842
-71.8218
-71.8016
-71.7813
-71.7611
-71.7408
-71.7205
-71.7002
-71.6798
-71.6594
-71.639
-71.6186
-71.5981
-71.5777
-71.5572
-71.5367
-71.5161
-71.4956
-71.475
-71.4544
-71.4338
-71.4132
-71.3925
-71.3719
-71.3512
-71.3305
-71.3098
-71.2891
-71.2683
-71.2476
-71.2268
-71.206
-71.1852
-71.1644
-71.1436
-71.1228
-71.102
-71.0811
-71.0603
-71.0394
-71.0186
-70.9977
-70.9768
-70.9559
-70.935
-70.9141
-70.8932
-70.8723
-70.8514
-70.8305
-70.8095
-70.7886
-70.7677
-70.7467
-70.7258
-70.7049
-70.5381
-70.2771
-69.9473
-69.5647
-69.1406
-68.6838
-68.2013
-67.6986
-67.1802
-66.6499
-66.1107
-65.5651
-65.0152
-64.4628
-63.9093
-63.3561
-62.8041
-62.2542
-61.7072
-61.1638
-60.6245
-60.0897
-59.5597
-59.035
-58.5156
-58.0018
-57.4937
-56.9913
-56.4947
-56.0036
-55.5181
-55.038
-54.563
-54.0928
-53.6273
-53.1659
-52.7083
-52.2539
-51.8023
-51.3528
-50.9047
-50.4575
-50.0101
-49.5619
-49.1118
-48.6589
-48.202
-47.7398
-47.2712
-46.7946
-46.3085
-45.8112
-45.3009
-44.7754
-44.2325
-43.6698
-43.0845
-42.4735
-41.8335
-41.1608
-40.4511
-39.6998
-38.9015
-38.0506
-37.1402
-36.1632
-35.111
-33.9746
-32.7436
-31.4066
-29.9508
-28.3627
-26.6276
-24.7301
-22.6544
-20.3855
-17.91
-15.2174
-12.3028
-9.16908
-5.82974
-2.31172
1.34253
5.07454
8.81137
12.4697
15.9624
19.2061
22.1292
24.6791
26.8255
28.5617
29.9025
30.8788
31.5322
31.9083
32.0523
32.0055
31.8036
31.4761
31.0469
30.5344
29.9533
29.3147
28.6274
27.8984
27.1332
26.3362
25.5112
24.6616
23.79
22.8989
21.9907
21.0673
20.1306
19.1823
18.2239
17.257
16.2829
15.3029
14.3182
13.3298
12.3387
11.3459
10.3523
9.35858
8.36556
7.37389
6.38417
5.39696
4.41277
3.43206
2.45524
1.48267
0.514686
-0.448419
-1.40639
-2.35902
-3.3061
-4.24747
-5.183
-6.11257
-7.03611
-7.95354
-8.86482
-9.76992
-10.6689
-11.5616
-12.4482
-13.3287
-14.2032
-15.0717
-15.9344
-16.7912
-17.6425
-18.4882
-19.3286
-20.1638
-20.994
-21.8195
-22.6404
-23.4571
-24.2698
-25.0789
-25.8846
-26.6874
-27.4876
-28.2858
-29.0823
-29.8778
-30.6727
-31.4677
-32.2633
-33.0604
-33.8596
-34.6617
-35.4675
-36.2779
-37.0938
-37.9162
-38.746
-39.5842
-40.4319
-41.2901
-42.1598
-43.0421
-43.9379
-44.8481
-45.7735
-46.7148
-47.6724
-48.6466
-49.6371
-50.6437
-51.6654
-52.7008
-53.7478
-54.8038
-55.8653
-56.9282
-57.9876
-58.9341
-59.8057
-60.6158
-61.3686
-62.0647
-62.7031
-63.2824
-63.8013
-64.2594
-64.6569
-64.9951
-65.2761
-65.5029
-65.6793
-65.8092
-65.8972
-65.9478
-65.9655
-65.9545
-65.919
-65.8628
-65.7892
-65.7013
-65.6018
-65.493
-65.377
-65.2556
-65.1302
-65.0021
-64.8724
-64.7418
-64.6113
-64.4813
-64.3524
-64.225
-64.0993
-63.9758
-63.8545
-63.7357
-63.6195
-63.5059
-63.395
-63.2869
-63.1816
-63.0791
-62.9795
-62.8826
-62.7885
-62.6972
-62.6085
-62.5226
-62.4393
-62.3587
-62.2806
-62.205
-62.1319
-62.0612
-61.993
-61.927
-61.8634
-61.802
-61.7428
-61.6858
-61.6309
-61.5781
-61.5272
-61.4784
-61.4315
-61.3865
-61.3434
-61.3021
-61.2626
-61.2248
-61.1887
-61.1543
-61.1216
-61.0904
-61.0608
-61.0327
-61.0061
-60.981
-60.9574
-60.9351
-60.9142
-60.8946
-60.8764
-60.8594
-60.8438
-60.8293
-60.816
-60.804
-60.793
-60.7833
-60.7746
-60.767
-60.7604
-60.7549
-60.7504
-60.7469
-60.7444
-60.7428
-60.7421
-60.7424
-60.7435
-60.7455
-60.7483
-60.752
-60.7565
-60.7618
-60.7679
-60.7747
-60.7823
-60.7905
-60.7995
-60.8092
-60.8196
-60.8306
-60.8423
-60.8546
-60.8676
-60.8811
-60.8952
-60.9099
-60.9252
-60.941
-60.9573
-60.9742
-60.9916
-61.0095
-61.0278
-61.0467
-61.066
-61.0857
-61.1059
-61.1265
-61.1475
-61.169
-61.1908
-61.213
-61.2356
-61.2586
-61.2819
-61.3056
-61.3296
-61.3539
-61.3785
-61.4035
-61.4287
-61.4543
-61.4801
-61.5062
-61.5326
-61.5592
-61.5861
-61.6132
-61.6406
-61.6681
-61.6959
-61.724
-61.7522
-61.7806
-61.8092
-61.838
-61.867
-61.8961
-61.9254
-61.9549
-61.9845
-62.0142
-62.0441
-62.0742
-62.1043
-62.1346
-62.165
-62.1955
-62.2261
-62.2569
-62.2877
-62.3186
-62.3495
-62.3806
-62.4117
-62.4429
-62.4742
-62.5055
-62.5369
-62.5684
-62.5999
-62.6314
-62.663
-62.6946
-62.7262
-62.7578
-62.7895
-62.8212
-62.8529
-62.8847
-62.9164
-62.9481
-62.9799
-63.0116
-63.0433
-63.075
-63.1067
-63.1384
-63.1701
-63.2017
-63.2333
-63.2649
-63.2965
-63.328
-63.3595
-63.3909
-63.4223
-63.4536
-63.4849
-63.5162
-63.5474
-63.5785
-63.6096
-63.6406
-63.6716
-63.7025
-63.7333
-63.7641
-63.7947
-63.8254
-63.8559
-63.8863
-63.9167
-63.947
-63.9772
-64.0073
-64.0374
-64.0673
-64.0972
-64.1269
-64.1566
-64.1862
-64.2156
-64.245
-64.2743
-64.3035
-64.3325
-64.3615
-64.3903
-64.4191
-64.4477
-64.4763
-64.5047
-64.533
-64.5612
-64.5892
-64.6172
-64.645
-64.6728
-64.7004
-64.7278
-64.7552
-64.7824
-64.8095
-64.8365
-64.8634
-64.8901
-64.9167
-64.9432
-64.9696
-64.9958
-65.0219
-65.0478
-65.0737
-65.0993
-65.1249
-65.1503
-65.1756
-65.2008
-65.2258
-65.2507
-65.2754
-65.3
-65.3245
-65.3489
-65.373
-65.3971
-65.421
-65.4448
-65.4684
-65.4919
-65.5153
-65.5385
-65.5615
-65.5845
-65.6072
-65.6299
-65.6524
-65.6747
-65.6969
-65.719
-65.7409
-65.7627
-65.7843
-65.8058
-65.8271
-65.8483
-65.8694
-65.8903
-65.911
-65.9316
-65.9521
-65.9724
-65.9926
-66.0126
-66.0325
-66.0522
-66.0718
-66.0913
-66.1106
-66.1297
-66.1487
-66.1676
-66.1863
-66.2048
-66.2233
-66.2415
-66.2597
-66.2776
-66.2955
-66.3131
-66.3307
-66.3481
-66.3653
-66.3824
-66.3994
-66.4162
-66.4329
-66.4494
-66.4658
-66.482
-66.4981
-66.5141
-66.5299
-66.5456
-66.5611
-66.5765
-66.5917
-66.6068
-66.6217
-66.6365
-66.6512
-66.6657
-66.6801
-66.6944
-66.7085
-66.7224
-66.7362
-66.7499
-66.7635
-66.7769
-66.7901
-66.8033
-66.8162
-66.8291
-66.8418
-66.8544
-66.8668
-66.8791
-66.8913
-66.9033
-66.9152
-66.927
-66.9386
-66.9501
-66.9615
-66.9727
-66.9838
-66.9947
-67.0056
-67.0163
-67.0268
-67.0373
-67.0476
-67.0578
-67.0678
-67.0777
-67.0875
-67.0972
-67.1067
-67.1161
-67.1254
-67.1345
-67.1436
-67.1525
-67.1612
-67.1699
-67.1784
-67.1868
-67.1951
-67.2032
-67.2113
-67.2192
-67.227
-67.2346
-67.2422
-67.2496
-67.2569
-67.2641
-67.2712
-67.2781
-67.285
-67.2917
-67.2983
-67.3048
-67.3112
-67.3174
-67.3235
-67.3296
-67.3355
-67.3413
-67.347
-67.3526
-67.358
-67.3634
-67.3686
-67.3737
-67.3788
-67.3837
-67.3885
-67.3932
-67.3978
-67.4023
-67.4066
-67.4109
-67.4151
-67.4191
-67.4231
-67.427
-67.4307
-67.4343
-67.4379
-67.4413
-67.4447
-67.4479
-67.4511
-67.4541
-67.4571
-67.4599
-67.4626
-67.4653
-67.4679
-67.4703
-67.4727
-67.4749
-67.4771
-67.4792
-67.4812
-67.4831
-67.4849
-67.4866
-67.4882
-67.4897
-67.4911
-67.4925
-67.4937
-67.4949
-67.496
-67.4969
-67.4978
-67.4987
-67.4994
-67.5
-67.5006
-67.5011
-67.5014
-67.5017
-67.502
-67.5021
-67.5022
-67.5021
-67.502
-67.5018
-67.5016
-67.5012
-67.5008
-67.5003
-67.4997
-67.499
-67.4983
-67.4975
-67.4966
-67.4956
-67.4946
-67.4935
-67.4923
-67.491
-67.4897
-67.4883
-67.4868
-67.4853
-67.4837
-67.482
-67.4802
-67.4784
-67.4765
-67.4745
-67.4725
-67.4704
-67.4682
-67.466
-67.4637
-67.4613
-67.4589
-67.4564
-67.4539
-67.4513
-67.4486
-67.4458
-67.443
-67.4402
-67.4372
-67.4343
-67.4312
-67.4281
-67.425
-67.4217
-67.4185
-67.4151
-67.4117
-67.4083
-67.4048
-67.4012
-67.3976
-67.3939
-67.3902
-67.3864
-67.3826
-67.3787
-67.3748
-67.3708
-67.3668
-67.3627
-67.3586
-67.3544
-67.3502
-67.3459
-67.3415
-67.3372
-67.3327
-67.3283
-67.3237
-67.3192
-67.3146
-67.3099
-67.3052
-67.3005
-67.2957
-67.2908
-67.286
-67.281
-67.2761
-67.2711
-67.266
-67.2609
-67.2558
-67.2507
-67.2454
-67.2402
-67.2349
-67.2296
-67.2242
-67.2188
-67.2134
-67.2079
-67.2024
-67.1969
-67.1913
-67.1857
-67.18
-67.1743
-67.1686
-67.1629
-67.1571
-67.1513
-67.1454
-67.1395
-67.1336
-67.1277
-67.1217
-67.1157
-67.1097
-67.1036
-67.0975
-67.0914
-67.0852
-67.0791
-67.0728
-67.0666
-67.0604
-67.0541
-67.0478
-67.0414
-67.0351
-67.0287
-67.0223
-67.0158
-67.0094
-67.0029
-66.9964
-66.9898
-66.9833
-66.9767
-66.9701
-66.9635
-66.9569
-66.9502
-66.9435
-66.9368
-66.9301
-66.9234
-66.9166
-66.9099
-66.9031
-66.8963
-66.8894
-66.8826
-66.8757
-66.8688
-66.8619
-66.855
-66.8481
-66.8412
-66.8342
-66.8272
-66.8202
-66.8132
-66.8062
-66.7992
-66.7921
-66.7851
-66.778
-66.7709
-66.7638
-66.7567
-66.7496
-66.7424
-66.7353
-66.7281
-66.721
-66.7138
-66.7066
-66.6994
-66.6922
-66.685
-66.6778
-66.6706
-66.6633
-66.6561
-66.6488
-66.6416
-66.6343
-66.627
-66.6197
-66.6124
-66.6052
-66.5979
-66.5906
-66.5832
-66.5759
-66.5686
-66.5613
-66.554
-66.5467
-66.5393
-66.532
-66.5247
-66.5173
-66.51
-66.5026
-66.4953
-66.4879
-66.4806
-66.4733
-66.4659
-66.4586
-66.4512
-66.4439
-66.4365
-66.4292
-66.4218
-66.4145
-66.4071
-66.3998
-66.3924
-66.3851
-66.3778
-66.3704
-66.3631
-66.3557
-66.3484
-66.3411
-66.3337
-66.3264
-66.3191
-66.3118
-66.3044
-66.2971
-66.2898
-66.2825
-66.2752
-66.2679
-66.2606
-66.2533
-66.2461
-66.2388
-66.2315
-66.2243
-66.217
-66.2097
-66.2025
-66.1953
-66.188
-66.1808
-66.1736
-66.1664
-66.1592
-66.152
-66.1448
-66.1376
-66.1305
-66.1233
-66.1162
-66.109
-66.1019
-66.0948
-66.0877
-66.0806
-66.0735
-66.0664
-66.0593
-66.0523
-66.0452
-66.0382
-66.0312
-66.0242
-66.0172
-66.0102
-65.8665
-65.6341
-65.3365
-64.9883
-64.6002
-64.1801
-63.7345
-63.2686
-62.7865
-62.2916
-61.7867
-61.2741
-60.7556
-60.2329
-59.7071
-59.1794
-58.6506
-58.1214
-57.5924
-57.0639
-56.5364
-56.0099
-55.4846
-54.9606
-54.4376
-53.9156
-53.3943
-52.8733
-52.3521
-51.8302
-51.307
-50.7816
-50.2531
-49.7206
-49.1829
-48.6387
-48.0865
-47.5248
-46.9516
-46.3648
-45.7623
-45.1414
-44.4992
-43.8325
-43.1376
-42.4104
-41.6462
-40.8397
-39.985
-39.0754
-38.1031
-37.0593
-35.9341
-34.7162
-33.3928
-31.9493
-30.3696
-28.6355
-26.7272
-24.6235
-22.3021
-19.7409
-16.9198
-13.8228
-10.4418
-6.78123
-2.86284
1.26909
5.54464
9.86843
14.1247
18.1877
21.9361
25.2685
28.1155
30.4467
32.2692
33.5706
34.4356
34.9426
35.1633
35.1596
34.9823
34.6709
34.2555
33.7585
33.1961
32.5803
31.92
31.2218
30.4908
29.7311
28.946
28.1383
27.3105
26.4648
25.603
24.7271
23.8386
22.9391
22.0301
21.1128
20.1885
19.2585
18.3237
17.3853
16.4442
15.5012
14.5572
13.6131
12.6694
11.7269
10.7861
9.84771
8.91212
7.97983
7.05127
6.12683
5.20684
4.29163
3.38148
2.47662
1.57729
0.683665
-0.204082
-1.08581
-1.9614
-2.83075
-3.69379
-4.55044
-5.40066
-6.24443
-7.08172
-7.91253
-8.73687
-9.55476
-10.3662
-11.1713
-11.9701
-12.7626
-13.5489
-14.3291
-15.1032
-15.8715
-16.6339
-17.3906
-18.1417
-18.8874
-19.6277
-20.363
-21.0933
-21.8188
-22.5398
-23.2564
-23.969
-24.6777
-25.3828
-26.0847
-26.7837
-27.4801
-28.1742
-28.8666
-29.5576
-30.2476
-30.9372
-31.6269
-32.3172
-33.0087
-33.702
-34.3978
-35.0966
-35.7993
-36.5065
-37.219
-37.9375
-38.6627
-39.3955
-40.1365
-40.8865
-41.6461
-42.416
-43.1965
-43.9881
-44.791
-45.6051
-46.4301
-47.2656
-48.1106
-48.9637
-49.8231
-50.6866
-51.5513
-52.4138
-53.2705
-54.1169
-54.9485
-55.7605
-56.548
-57.3062
-58.0309
-58.7182
-59.3648
-59.9684
-60.5276
-61.0416
-61.5109
-61.9363
-62.3196
-62.6631
-62.9693
-63.2412
-63.4817
-63.6939
-63.8807
-64.0451
-64.1895
-64.3166
-64.4285
-64.5272
-64.6146
-64.6921
-64.7613
-64.8233
-64.8791
-64.9297
-64.9758
-65.0181
-65.0572
-65.0935
-65.1276
-65.1597
-65.1901
-65.2192
-65.2471
-65.2739
-65.3
-65.3253
-65.3501
-65.3743
-65.3982
-65.4217
-65.4449
-65.4679
-65.4907
-65.5134
-65.536
-65.5584
-65.5808
-65.6031
-65.6253
-65.6476
-65.6698
-65.692
-65.7142
-65.7364
-65.7586
-65.7808
-65.8031
-65.8253
-65.8476
-65.8698
-65.8921
-65.9144
-65.9367
-65.959
-65.9814
-66.0037
-66.0261
-66.0484
-66.0708
-66.0932
-66.1156
-66.1379
-66.1603
-66.1827
-66.205
-66.2274
-66.2497
-66.272
-66.2943
-66.3166
-66.3389
-66.3611
-66.3834
-66.4056
-66.4277
-66.4498
-66.4719
-66.494
-66.516
-66.538
-66.56
-66.5819
-66.6037
-66.6255
-66.6473
-66.669
-66.6906
-66.7122
-66.7338
-66.7553
-66.7767
-66.798
-66.8193
-66.8405
-66.8617
-66.8828
-66.9038
-66.9247
-66.9456
-66.9664
-66.9871
-67.0078
-67.0283
-67.0488
-67.0692
-67.0895
-67.1098
-67.1299
-67.1499
-67.1699
-67.1898
-67.2096
-67.2293
-67.2489
-67.2684
-67.2878
-67.3071
-67.3263
-67.3454
-67.3645
-67.3834
-67.4022
-67.4209
-67.4396
-67.4581
-67.4765
-67.4948
-67.513
-67.5311
-67.5491
-67.5669
-67.5847
-67.6024
-67.6199
-67.6374
-67.6547
-67.6719
-67.689
-67.706
-67.7229
-67.7397
-67.7563
-67.7729
-67.7893
-67.8056
-67.8218
-67.8379
-67.8538
-67.8697
-67.8854
-67.901
-67.9165
-67.9319
-67.9471
-67.9623
-67.9773
-67.9922
-68.007
-68.0216
-68.0362
-68.0506
-68.0649
-68.0791
-68.0931
-68.1071
-68.1209
-68.1346
-68.1482
-68.1616
-68.1749
-68.1881
-68.2012
-68.2142
-68.0918
-67.8859
-67.6219
-67.3153
-66.9771
-66.6153
-66.2363
-65.8449
-65.4449
-65.0394
-64.6309
-64.2213
-63.8122
-63.405
-63.0007
-62.6002
-62.2042
-61.8134
-61.4281
-61.0488
-60.6759
-60.3096
-59.95
-59.5975
-59.252
-58.9136
-58.5825
-58.2585
-57.9418
-57.6323
-57.3299
-57.0347
-56.7464
-56.4651
-56.1905
-55.9227
-55.6614
-55.4067
-55.1582
-54.9158
-54.6796
-54.4491
-54.2244
-54.0053
-53.7915
-53.583
-53.3796
-53.1811
-52.9873
-52.7982
-52.6135
-52.4331
-52.2568
-52.0845
-51.916
-51.7512
-51.5899
-51.4321
-51.2775
-51.126
-50.9775
-50.8319
-50.689
-50.5487
-50.411
-50.2755
-50.1424
-50.0113
-49.8824
-49.7553
-49.63
-49.5065
-49.3846
-49.2643
-49.1453
-49.0277
-48.9113
-48.7961
-48.682
-48.5688
-48.4565
-48.345
-48.2342
-48.1241
-48.0145
-47.9054
-47.7966
-47.6881
-47.5799
-47.4717
-47.3636
-47.2554
-47.1471
-47.0385
-46.9296
-46.8203
-46.7104
-46.5999
-46.4887
-46.3766
-46.2635
-46.1494
-46.0341
-45.9174
-45.7993
-45.6796
-45.5582
-45.4348
-45.3094
-45.1818
-45.0517
-44.9191
-44.7837
-44.6453
-44.5036
-44.3585
-44.2097
-44.0569
-43.8998
-43.7382
-43.5717
-43.3999
-43.2225
-43.0391
-42.8492
-42.6525
-42.4484
-42.2363
-42.0158
-41.7861
-41.5467
-41.2968
-40.9581
-40.5622
-40.1234
-39.6495
-39.1448
-38.6121
-38.0529
-37.4676
-36.8562
-36.218
-35.552
-34.8569
-34.1309
-33.3722
-32.5786
-31.7479
-30.8774
-29.9646
-29.0068
-28.0011
-26.9447
-25.8348
-24.6687
-23.4441
-22.1588
-20.8114
-19.4008
-17.9273
-16.3922
-14.7981
-13.1497
-11.4538
-9.71973
-7.95964
-6.18863
-4.42485
-2.68918
-1.00467
0.604419
2.11386
3.50097
4.74608
5.83382
6.75404
7.50209
8.07862
8.48893
8.74198
8.84929
8.8239
8.67946
8.42949
8.08688
7.66358
7.17043
6.6171
6.01215
5.36306
4.67638
3.95779
3.21225
2.44407
1.65701
0.854331
0.0389191
-0.786713
-1.62036
-2.46007
-3.30414
-4.15105
-4.99949
-5.84827
-6.69637
-7.54288
-8.387
-9.22804
-10.0654
-10.8985
-11.727
-12.5504
-13.3684
-14.1808
-14.9872
-15.7876
-16.5817
-17.3695
-18.1509
-18.9258
-19.6943
-20.4563
-21.2118
-21.961
-22.704
-23.4408
-24.1716
-24.8965
-25.6158
-26.3296
-27.0382
-27.7417
-28.4406
-29.135
-29.8253
-30.5119
-31.195
-31.8752
-32.5527
-33.228
-33.9017
-34.5741
-35.2457
-35.9172
-36.589
-37.2617
-37.9359
-38.6121
-39.2911
-39.9733
-40.6594
-41.3501
-42.046
-42.7475
-43.4554
-44.17
-44.892
-45.6216
-46.3592
-47.105
-47.859
-48.6211
-49.3908
-50.1678
-50.9511
-51.7395
-52.5316
-53.3255
-54.1188
-54.9091
-55.6932
-56.4677
-57.229
-57.9734
-58.6967
-59.3953
-60.0653
-60.7035
-61.3071
-61.8737
-62.4018
-62.8906
-63.3399
-63.7502
-64.1226
-64.4589
-64.7609
-65.0311
-65.2719
-65.4858
-65.6755
-65.8434
-65.9919
-66.1233
-66.2395
-66.3425
-66.434
-66.5154
-66.5881
-66.6532
-66.7119
-66.7649
-66.8132
-66.8573
-66.8978
-66.9353
-66.9701
-67.0027
-67.0333
-67.0623
-67.0899
-67.1162
-67.1415
-67.1659
-67.1895
-67.2124
-67.2348
-67.2566
-67.278
-67.299
-67.3197
-67.3401
-67.3603
-67.3803
-67.4
-67.4196
-67.439
-67.4584
-67.4775
-67.4966
-67.5156
-67.5345
-67.5533
-67.5721
-67.5908
-67.6094
-67.6279
-67.6464
-67.6648
-67.6832
-67.7015
-67.7198
-67.738
-67.7562
-67.7743
-67.7923
-67.8103
-67.8282
-67.8461
-67.864
-67.8817
-67.8994
-67.9171
-67.9347
-67.9522
-67.9697
-67.9871
-68.0045
-68.0217
-68.0389
-68.0561
-68.0732
-68.0902
-68.1071
-68.1239
-68.1407
-68.1574
-68.174
-68.1906
-68.2071
-68.2234
-68.2398
-68.256
-68.2721
-68.2882
-68.3041
-68.32
-68.3358
-68.3515
-68.3671
-68.3827
-68.3981
-68.4134
-68.4287
-68.4438
-68.4589
-68.4738
-68.4887
-68.5034
-68.5181
-68.5327
-68.5471
-68.5615
-68.5757
-68.5899
-68.604
-68.6179
-68.6318
-68.6455
-68.6591
-68.6727
-68.6861
-68.6994
-68.7126
-68.7257
-68.7387
-68.7516
-68.7643
-68.777
-68.7896
-68.802
-68.8143
-68.8265
-68.8387
-68.8507
-68.8625
-68.8743
-68.886
-68.8975
-68.9089
-68.9202
-68.9314
-68.9425
-68.9535
-68.9644
-68.9751
-68.9857
-68.9962
-69.0066
-69.0169
-69.0271
-69.0371
-69.0471
-69.0569
-69.0666
-69.0762
-69.0856
-69.095
-69.1042
-69.1134
-69.1224
-69.1313
-69.14
-69.1487
-69.1572
-69.1656
-69.1739
-69.1821
-69.1902
-69.1982
-69.206
-69.2137
-69.2214
-69.2288
-69.2362
-69.2435
-69.2506
-69.2577
-69.2646
-69.2714
-69.2781
-69.2847
-69.2911
-69.2975
-69.3037
-69.3098

