-65
-64.9994
-64.9988
-64.9982
-64.9977
-64.9971
-64.9965
-64.996
-64.9954
-64.9949
-64.9943
-64.9938
-64.9932
-64.9927
-64.9922
-64.9917
-64.9912
-64.9906
-64.9901
-64.9896
-64.9891
-64.9886
-64.9881
-64.9876
-64.9872
-64.9867
-64.9862
-64.9857
-64.9852
-64.9848
-64.9843
-64.9838
-64.9834
-64.9829
-64.9825
-64.982
-64.9816
-64.9811
-64.9807
-64.9802
-64.9798
-64.9794
-64.9789
-64.9785
-64.9781
-64.9777
-64.9772
-64.9768
-64.9764
-64.976
-64.9756
-64.9752
-64.9748
-64.9744
-64.974
-64.9736
-64.9732
-64.9728
-64.9725
-64.9721
-64.9717
-64.9713
-64.971
-64.9706
-64.9702
-64.9699
-64.9695
-64.9692
-64.9688
-64.9685
-64.9681
-64.9678
-64.9675
-64.9671
-64.9668
-64.9665
-64.9661
-64.9658
-64.9655
-64.9652
-64.9649
-64.9646
-64.9642
-64.9639
-64.9636
-64.9633
-64.963
-64.9628
-64.9625
-64.9622
-64.9619
-64.9616
-64.9613
-64.9611
-64.9608
-64.9605
-64.9603
-64.96
-64.9598
-64.9595
-64.9592
-64.959
-64.9588
-64.9585
-64.9583
-64.958
-64.9578
-64.9576
-64.9573
-64.9571
-64.9569
-64.9567
-64.9565
-64.9562
-64.956
-64.9558
-64.9556
-64.9554
-64.9552
-64.955
-64.9548
-64.9546
-64.9545
-64.9543
-64.9541
-64.9539
-64.9537
-64.9536
-64.9534
-64.9532
-64.9531
-64.9529
-64.9527
-64.9526
-64.9524
-64.9523
-64.9521
-64.952
-64.9519
-64.9517
-64.9516
-64.9514
-64.9513
-64.9512
-64.9511
-64.9509
-64.9508
-64.9507
-64.9506
-64.9505
-64.9504
-64.9503
-64.9502
-64.95
-64.9499
-64.9499
-64.9498
-64.9497
-64.9496
-64.9495
-64.9494
-64.9493
-64.9492
-64.9492
-64.9491
-64.949
-64.9489
-64.9489
-64.9488
-64.9487
-64.9487
-64.9486
-64.9486
-64.9485
-64.9485
-64.9484
-64.9484
-64.9483
-64.9483
-64.9482
-64.9482
-64.9482
-64.9481
-64.9481
-64.9481
-64.948
-64.948
-64.948
-64.948
-64.948
-64.9479
-64.9479
-64.9479
-64.9479
-64.9479
-64.9479
-64.9479
-64.9479
-64.9479
-64.9479
-64.9479
-64.9479
-64.9479
-64.9479
-64.9479
-64.9479
-64.9479
-64.9479
-64.948
-64.948
-64.948
-64.948
-64.9481
-64.9481
-64.9481
-64.9481
-64.9482
-64.9482
-64.9482
-64.9483
-64.9483
-64.9483
-64.9484
-64.9484
-64.9485
-64.9485
-64.9486
-64.9486
-64.9487
-64.9487
-64.9488
-64.9488
-64.9489
-64.9489
-64.949
-64.9491
-64.9491
-64.9492
-64.9492
-64.9493
-64.9494
-64.9494
-64.9495
-64.9496
-64.9497
-64.9497
-64.9498
-64.9499
-64.95
-64.95
-64.9501
-64.9502
-64.9503
-64.9504
-64.9504
-64.9505
-64.9506
-64.9507
-64.9508
-64.9509
-64.951
-64.951
-64.9511
-64.9512
-64.9513
-64.9514
-64.9515
-64.9516
-64.9517
-64.9518
-64.9519
-64.952
-64.9521
-64.9522
-64.9523
-64.9524
-64.9525
-64.9526
-64.9527
-64.9528
-64.9529
-64.953
-64.9532
-64.9533
-64.9534
-64.9535
-64.9536
-64.9537
-64.9538
-64.9539
-64.954
-64.9542
-64.9543
-64.9544
-64.9545
-64.9546
-64.9547
-64.9548
-64.955
-64.9551
-64.9552
-64.9553
-64.9554
-64.9556
-64.9557
-64.9558
-64.9559
-64.956
-64.9562
-64.9563
-64.9564
-64.9565
-64.9566
-64.9568
-64.9569
-64.957
-64.9571
-64.9573
-64.9574
-64.9575
-64.9576
-64.9578
-64.9579
-64.958
-64.9581
-64.9583
-64.9584
-64.9585
-64.9587
-64.9588
-64.9589
-64.959
-64.9592
-64.9593
-64.9594
-64.9595
-64.9597
-64.9598
-64.9599
-64.96
-64.9602
-64.9603
-64.9604
-64.9606
-64.9607
-64.9608
-64.9609
-64.9611
-64.9612
-64.9613
-64.9614
-64.9616
-64.9617
-64.9618
-64.962
-64.9621
-64.9622
-64.9623
-64.9625
-64.9626
-64.9627
-64.9628
-64.963
-64.9631
-64.9632
-64.9633
-64.9635
-64.9636
-64.9637
-64.9638
-64.964
-64.9641
-64.9642
-64.9643
-64.9645
-64.9646
-64.9647
-64.9648
-64.9649
-64.9651
-64.9652
-64.9653
-64.9654
-64.9655
-64.9657
-64.9658
-64.9659
-64.966
-64.9661
-64.9663
-64.9664
-64.9665
-64.9666
-64.9667
-64.9668
-64.967
-64.9671
-64.9672
-64.9673
-64.9674
-64.9675
-64.9677
-64.9678
-64.9679
-64.968
-64.9681
-64.9682
-64.9683
-64.9684
-64.9685
-64.9687
-64.9688
-64.9689
-64.969
-64.9691
-64.9692
-64.9693
-64.9694
-64.9695
-64.9696
-64.9697
-64.9698
-64.9699
-64.97
-64.9701
-64.9702
-64.9703
-64.9704
-64.9705
-64.9706
-64.9707
-64.9708
-64.9709
-64.971
-64.9711
-64.9712
-64.9713
-64.9714
-64.9715
-64.9716
-64.9717
-64.9718
-64.9719
-64.972
-64.9721
-64.9722
-64.9722
-64.9723
-64.9724
-64.9725
-64.9726
-64.9727
-64.9728
-64.9729
-64.9729
-64.8384
-64.6163
-64.3298
-63.9932
-63.6169
-63.2089
-62.7753
-62.3213
-61.851
-61.3675
-60.8736
-60.3716
-59.8633
-59.35
-58.8332
-58.3136
-57.7922
-57.2695
-56.7461
-56.2221
-55.6979
-55.1736
-54.6491
-54.1242
-53.5989
-53.0726
-52.5451
-52.0156
-51.4836
-50.9483
-50.4087
-49.8637
-49.3121
-48.7525
-48.1834
-47.6029
-47.009
-46.3995
-45.7718
-45.123
-44.4499
-43.7487
-43.0154
-42.2453
-41.4329
-40.5722
-39.6563
-38.6773
-37.626
-36.4922
-35.2642
-33.9284
-32.4696
-30.8706
-29.1121
-27.1729
-25.0298
-22.6587
-20.0353
-17.1369
-13.9455
-10.4517
-6.65954
-2.59282
1.69971
6.14074
10.6252
15.027
19.2115
23.0519
26.4458
29.3269
31.6708
33.4916
34.8337
35.7595
36.3384
36.6375
36.716
36.6225
36.3954
36.0637
35.6488
35.1664
34.6279
34.0417
33.4139
32.7495
32.0521
31.3249
30.5707
29.7916
28.9898
28.1672
27.3255
26.4664
25.5915
24.7022
23.7999
22.8859
21.9616
21.0281
20.0865
19.1379
18.1835
17.224
16.2604
15.2937
14.3245
13.3537
12.382
11.41
10.4383
9.46751
8.49814
7.53068
6.56558
5.60324
4.64402
3.68827
2.73629
1.78836
0.844717
-0.0944232
-1.02887
-1.95845
-2.88303
-3.80249
-4.71673
-5.62567
-6.52924
-7.42741
-8.32013
-9.2074
-10.0892
-10.9656
-11.8366
-12.7023
-13.5626
-14.4177
-15.2677
-16.1126
-16.9526
-17.7878
-18.6184
-19.4444
-20.2343
-21.0027
-21.7561
-22.4978
-23.2297
-23.953
-24.6688
-25.3777
-26.0804
-26.7774
-27.4693
-28.1565
-28.8396
-29.5191
-30.1956
-30.8696
-31.5417
-32.2124
-32.8825
-33.5525
-34.2231
-34.895
-35.5689
-36.2455
-36.9255
-37.6098
-38.299
-38.9939
-39.6951
-40.4036
-41.1198
-41.8444
-42.5779
-43.3208
-44.0733
-44.8355
-45.6073
-46.3884
-47.1781
-47.9753
-48.7787
-49.5862
-50.3956
-51.2041
-52.0082
-52.8042
-53.588
-54.3549
-55.1005
-55.8201
-56.5092
-57.1639
-57.7807
-58.3568
-58.8901
-59.3795
-59.8248
-60.2264
-60.5857
-60.9044
-61.185
-61.43
-61.6425
-61.8253
-61.9815
-62.1141
-62.2256
-62.3188
-62.3961
-62.4595
-62.511
-62.5524
-62.5852
-62.6106
-62.63
-62.6442
-62.6542
-62.6607
-62.6644
-62.6657
-62.6653
-62.6634
-62.6604
-62.6566
-62.6522
-62.6475
-62.6426
-62.6376
-62.6328
-62.6281
-62.6237
-62.6197
-62.616
-62.6128
-62.6101
-62.6078
-62.6062
-62.605
-62.6045
-62.6045
-62.6052
-62.6064
-62.6083
-62.6107
-62.6137
-62.6174
-62.6216
-62.6264
-62.6318
-62.6377
-62.6442
-62.6513
-62.6589
-62.6671
-62.6758
-62.685
-62.6947
-62.705
-62.7157
-62.7269
-62.7386
-62.7507
-62.7633
-62.7763
-62.7898
-62.8037
-62.818
-62.8327
-62.8478
-62.8633
-62.8792
-62.8955
-62.9121
-62.929
-62.9463
-62.964
-62.9819
-63.0002
-63.0188
-63.0377
-63.0569
-63.0763
-63.0961
-63.1161
-63.1364
-63.1569
-63.1777
-63.1987
-63.2199
-63.2414
-63.2631
-63.285
-63.3071
-63.3294
-63.3519
-63.3746
-63.3975
-63.4206
-63.4438
-63.4671
-63.4907
-63.5144
-63.5382
-63.5622
-63.5863
-63.6105
-63.6349
-63.6594
-63.6839
-63.7086
-63.7334
-63.7583
-63.7833
-63.8084
-63.8336
-63.8588
-63.8842
-63.9096
-63.935
-63.9606
-63.9861
-64.0118
-64.0375
-64.0632
-64.089
-64.1148
-64.1407
-64.1666
-64.1925
-64.2185
-64.2444
-64.2704
-64.2964
-64.3224
-64.3484
-64.3745
-64.4005
-64.4265
-64.4525
-64.4786
-64.5046
-64.5306
-64.5566
-64.5825
-64.6085
-64.6344
-64.6603
-64.6862
-64.712
-64.7378
-64.7636
-64.7893
-64.815
-64.8407
-64.8663
-64.8918
-64.9173
-64.9428
-64.9682
-64.9936
-65.0189
-65.0441
-65.0693
-65.0944
-65.1195
-65.1445
-65.1694
-65.1943
-65.2191
-65.2438
-65.2684
-65.293
-65.3175
-65.3419
-65.3662
-65.3905
-65.4146
-65.4387
-65.4627
-65.4866
-65.5105
-65.5342
-65.5579
-65.5814
-65.6049
-65.6283
-65.6515
-65.6747
-65.6978
-65.7208
-65.7437
-65.7665
-65.7892
-65.8118
-65.8342
-65.8566
-65.8789
-65.9011
-65.9231
-65.9451
-65.967
-65.9887
-66.0103
-66.0319
-66.0533
-66.0746
-66.0958
-66.1169
-66.1378
-66.1587
-66.1794
-66.2
-66.2205
-66.2409
-66.2612
-66.2814
-66.3014
-66.3213
-66.3411
-66.3608
-66.3804
-66.3998
-66.4192
-66.4384
-66.4574
-66.4764
-66.4952
-66.514
-66.5326
-66.551
-66.5694
-66.5876
-66.6057
-66.6237
-66.6416
-66.6593
-66.6769
-66.6944
-66.7118
-66.729
-66.7461
-66.7631
-66.7799
-66.7967
-66.8133
-66.8298
-66.8461
-66.8623
-66.8785
-66.8944
-66.9103
-66.926
-66.9416
-66.9571
-66.9724
-66.9876
-67.0027
-67.0177
-67.0325
-67.0472
-67.0618
-67.0763
-67.0906
-67.1048
-67.1189
-67.1329
-67.1467
-67.1604
-67.174
-67.1874
-67.2007
-67.2139
-67.227
-67.2399
-67.2528
-67.2655
-67.278
-67.2905
-67.3028
-67.315
-67.327
-67.339
-67.3508
-67.3625
-67.3741
-67.3855
-67.3969
-67.4081
-67.4191
-67.4301
-67.4409
-67.4516
-67.4622
-67.4727
-67.483
-67.4932
-67.5033
-67.5133
-67.5232
-67.5329
-67.5425
-67.552
-67.5614
-67.5707
-67.5798
-67.5888
-67.5977
-67.6065
-67.6152
-67.6237
-67.6321
-67.6405
-67.6487
-67.6567
-67.6647
-67.6725
-67.6803
-67.6879
-67.6954
-67.7028
-67.71
-67.7172
-67.7242
-67.7311
-67.738
-67.7447
-67.7513
-67.7577
-67.7641
-67.7703
-67.7765
-67.7825
-67.7884
-67.7943
-67.8
-67.8056
-67.811
-67.8164
-67.8217
-67.8269
-67.8319
-67.8369
-67.7033
-67.4813
-67.1955
-66.8612
-66.4893
-66.0881
-65.6641
-65.2226
-64.7676
-64.3027
-63.8305
-63.3534
-62.8733
-62.3916
-61.9098
-61.4289
-60.9499
-60.4734
-60.0002
-59.5309
-59.0658
-58.6053
-58.1497
-57.6994
-57.2543
-56.8148
-56.3809
-55.9525
-55.5298
-55.1126
-54.7008
-54.2944
-53.8932
-53.4969
-53.1054
-52.7184
-52.3356
-51.9566
-51.5811
-51.2087
-50.839
-50.4715
-50.1057
-49.7411
-49.3772
-49.0132
-48.6486
-48.2827
-47.9147
-47.544
-47.1695
-46.7906
-46.4061
-46.0151
-45.6165
-45.2092
-44.7918
-44.363
-43.9213
-43.4651
-42.9926
-42.502
-41.991
-41.4575
-40.8988
-40.3122
-39.6946
-39.0426
-38.3524
-37.6198
-36.8403
-36.0088
-35.1195
-34.1662
-33.1421
-32.0397
-30.8507
-29.5663
-28.1769
-26.6727
-25.0432
-23.2781
-21.3675
-19.3023
-17.0755
-14.6828
-12.1244
-9.40615
-6.5414
-3.55264
-0.472651
2.65508
5.77699
8.83169
11.7537
14.4787
16.9491
19.1198
20.9618
22.4641
23.6325
24.4866
25.0553
25.3726
25.4737
25.3919
25.1575
24.7965
24.3307
23.7782
23.1535
22.4684
21.7326
20.9538
20.1384
19.2917
18.4182
17.5218
16.6058
15.673
14.726
13.7671
12.7983
11.8216
10.8384
9.85045
8.85897
7.86523
6.87035
5.87535
4.88115
3.88857
2.89835
1.91117
0.92762
-0.051765
-1.02651
-1.99621
-2.96049
-3.91903
-4.87157
-5.81787
-6.75772
-7.69098
-8.61751
-9.53721
-10.45
-11.3558
-12.2547
-13.1466
-14.0315
-14.9095
-15.7806
-16.6449
-17.5025
-18.3536
-19.1981
-20.0364
-20.8685
-21.6947
-22.5151
-23.33
-24.1396
-24.9442
-25.7442
-26.5398
-27.3313
-28.1192
-28.9039
-29.6858
-30.4654
-31.2432
-32.0198
-32.7957
-33.5715
-34.3479
-35.1256
-35.9052
-36.6877
-37.4736
-38.2639
-39.0594
-39.8609
-40.6694
-41.4856
-42.3106
-43.145
-43.9899
-44.8458
-45.7137
-46.5939
-47.4871
-48.3936
-49.3134
-50.2464
-51.1922
-52.1499
-53.1184
-54.0959
-55.0803
-56.0688
-57.058
-58.044
-59.0224
-59.9881
-60.9356
-61.8594
-62.7536
-63.6127
-64.4314
-65.2051
-65.9302
-66.6036
-67.2239
-67.7902
-68.3033
-68.7644
-69.176
-69.541
-69.8627
-70.1448
-70.3911
-70.6053
-70.7911
-70.9519
-71.0908
-71.2106
-71.3139
-71.4031
-71.4801
-71.5467
-71.6043
-71.6543
-71.6979
-71.7359
-71.7693
-71.7986
-71.8245
-71.8475
-71.8681
-71.8865
-71.9031
-71.9182
-71.932
-71.9446
-71.9562
-71.967
-71.977
-71.9865
-71.9953
-72.0037
-72.0117
-72.0193
-72.0265
-72.0335
-72.0402
-72.0467
-72.053
-72.0591
-72.065
-72.0707
-72.0763
-72.0818
-72.0871
-72.0923
-72.0974
-72.1024
-72.1073
-72.112
-72.1167
-72.1213
-72.1258
-72.1302
-72.1345
-72.1388
-72.1429
-72.147
-72.1509
-72.1548
-72.1586
-72.1623
-72.1659
-72.1695
-72.173
-72.1763
-72.1796
-72.1828
-72.1859
-72.189
-72.1919
-72.1948
-72.1976
-72.2003
-72.2029
-72.2054
-72.2078
-72.2101
-72.2124
-72.2145
-72.2166
-72.2186
-72.2205
-72.2223
-72.224
-72.2256
-72.2271
-72.2285
-72.2299
-72.2311
-72.2323
-72.2333
-72.2343
-72.2351
-72.2359
-72.2366
-72.2372
-72.2377
-72.2381
-72.2383
-72.2385
-72.2386
-72.2387
-72.2386
-72.2384
-72.0957
-71.866
-71.5766
-71.2441
-70.8801
-70.4933
-70.0903
-69.6762
-69.2549
-68.8296
-68.4029
-67.9767
-67.5527
-67.1321
-66.7161
-66.3053
-65.9007
-65.5026
-65.1115
-64.7278
-64.3517
-63.9834
-63.6231
-63.2709
-62.9269
-62.591
-62.2633
-61.9438
-61.6324
-61.329
-61.0335
-60.746
-60.4662
-60.194
-59.9294
-59.6721
-59.4221
-59.1792
-58.9433
-58.7142
-58.4918
-58.276
-58.0665
-57.8632
-57.666
-57.4748
-57.2893
-57.1094
-56.9351
-56.7661
-56.6024
-56.4437
-56.2899
-56.141
-55.9968
-55.8571
-55.7219
-55.591
-55.4644
-55.3418
-55.2232
-55.1085
-54.9976
-54.8904
-54.7868
-54.6868
-54.5901
-54.4967
-54.4067
-54.3198
-54.236
-54.1552
-54.0774
-54.0024
-53.9303
-53.861
-53.7944
-53.7304
-53.669
-53.6102
-53.5539
-53.5
-53.4485
-53.3994
-53.3526
-53.3081
-53.2658
-53.2257
-53.1878
-53.1521
-53.1184
-53.0868
-53.0573
-53.0298
-53.0043
-52.9807
-52.9592
-52.9395
-52.9217
-52.9058
-52.8918
-52.8796
-52.8693
-52.8607
-52.854
-52.849
-52.8458
-52.8443
-52.8446
-52.8465
-52.8502
-52.8556
-52.8626
-52.8713
-52.8817
-52.8937
-52.9073
-52.9225
-52.9394
-52.9578
-52.9778
-52.9994
-53.0226
-53.0473
-53.0736
-53.1013
-53.1306
-53.1614
-53.1937
-53.2274
-53.2627
-53.2993
-53.3375
-53.377
-53.4179
-53.4603
-53.504
-53.5491
-53.5956
-53.6434
-53.6925
-53.743
-53.7947
-53.8477
-53.9019
-53.9574
-54.0141
-54.072
-54.1311
-54.1913
-54.2527
-54.3151
-54.3787
-54.4434
-54.509
-54.5758
-54.6435
-54.7122
-54.7819
-54.8524
-54.9239
-54.9963
-55.0695
-55.1435
-55.2183
-55.2939
-55.3702
-55.4473
-55.525
-55.6033
-55.6823
-55.7619
-55.8421
-55.9228
-56.0039
-56.0856
-56.1677
-56.2503
-56.3332
-56.4165
-56.5001
-56.584
-56.6682
-56.7526
-56.8372
-56.922
-57.007
-57.0921
-57.1773
-57.2626
-57.348
-57.4333
-57.5187
-57.604
-57.6892
-57.7744
-57.8595
-57.9445
-58.0293
-58.1139
-58.1984
-58.2826
-58.3667
-58.4504
-58.5339
-58.6171
-58.7
-58.7826
-58.8648
-58.9467
-59.0282
-59.1094
-59.1901
-59.2704
-59.3503
-59.4298
-59.5088
-59.5873
-59.6654
-59.743
-59.8202
-59.8968
-59.973
-60.0486
-60.1237
-60.1983
-60.2724
-60.3459
-60.4189
-60.4913
-60.5633
-60.6346
-60.7054
-60.7757
-60.8454
-60.9145
-60.9831
-61.0511
-61.1186
-61.1855
-61.2519
-61.3176
-61.3829
-61.4475
-61.5116
-61.5752
-61.6382
-61.7006
-61.7625
-61.8238
-61.8846
-61.9448
-62.0045
-62.0636
-62.1223
-62.1803
-62.2379
-62.2949
-62.3513
-62.4073
-62.4627
-62.5176
-62.572
-62.6259
-62.6793
-62.7322
-62.7846
-62.8365
-62.8879
-62.9388
-62.9892
-63.0391
-63.0886
-63.1376
-63.1861
-63.2342
-63.2818
-63.3289
-63.3756
-63.4219
-63.4677
-63.513
-63.558
-63.6025
-63.6465
-63.6901
-63.7334
-63.7761
-63.8185
-63.8605
-63.902
-63.9432
-63.984
-64.0243
-64.0643
-64.1039
-64.1431
-64.1819
-64.2203
-64.2584
-64.296
-64.3334
-64.3703
-64.4069
-64.4431
-64.479
-64.5145
-64.5497
-64.5845
-64.619
-64.6532
-64.687
-64.7204
-64.7536
-64.7864
-64.8189
-64.851
-64.8829
-64.9144
-64.9456
-64.9765
-65.0071
-65.0374
-65.0674
-65.0971
-65.1264
-65.1555
-65.1843
-65.2128
-65.241
-65.2689
-65.2966
-65.3239
-65.351
-65.3778
-65.4043
-65.4306
-65.4565
-65.4822
-65.5077
-65.5329
-65.5578
-65.5824
-65.6068
-65.631
-65.6548
-65.6785
-65.7019
-65.725
-65.7479
-65.7705
-65.7929
-65.8151
-65.837
-65.8587
-65.8801
-65.9013
-65.9223
-65.943
-65.9635
-65.9838
-66.0039
-66.0237
-66.0433
-66.0627
-66.0819
-66.1009
-66.1196
-66.1381
-66.1565
-66.1746
-66.1925
-66.2101
-66.2276
-66.2449
-66.262
-66.2788
-66.2955
-66.3119
-66.3282
-66.3443
-66.3601
-66.3758
-66.3913
-66.4066
-66.4217
-66.4366
-66.4513
-66.4659
-66.4802
-66.4944
-66.5084
-66.5222
-66.5358
-66.5492
-66.5625
-66.5756
-66.5885
-66.6013
-66.6138
-66.6262
-66.6384
-66.6505
-66.6624
-66.6741
-66.6857
-66.697
-66.7083
-66.7193
-66.7302
-66.741
-66.7515
-66.762
-66.7722
-66.7823
-66.7923
-66.8021
-66.8117
-66.8212
-66.8306
-66.8398
-66.8488
-66.8577
-66.8665
-66.8751
-66.8835
-66.8918
-66.9
-66.908
-66.9159
-66.9237
-66.9313
-66.9388
-66.9461
-66.9533
-66.9604
-66.9673
-66.9741
-66.9807
-66.9873
-66.9937
-66.9999
-67.0061
-67.0121
-67.018
-67.0237
-66.8917
-66.671
-66.3858
-66.0511
-65.6776
-65.2735
-64.8455
-64.3985
-63.9369
-63.4641
-62.9828
-62.4953
-62.0036
-61.5092
-61.0134
-60.5175
-60.0222
-59.5284
-59.0367
-58.5476
-58.0617
-57.5792
-57.1004
-56.6255
-56.1547
-55.6881
-55.2256
-54.7673
-54.313
-53.8626
-53.4159
-52.9727
-52.5327
-52.0955
-51.6607
-51.2278
-50.7964
-50.3659
-49.9356
-49.5049
-49.073
-48.639
-48.2022
-47.7614
-47.3156
-46.8637
-46.4044
-45.9363
-45.4579
-44.9676
-44.4636
-43.9439
-43.4063
-42.8485
-42.2678
-41.6613
-41.0257
-40.3576
-39.6529
-38.9072
-38.1155
-37.2723
-36.3714
-35.4059
-34.3682
-33.2497
-32.041
-30.7316
-29.3102
-27.7646
-26.0817
-24.2478
-22.2494
-20.0733
-17.7081
-15.1451
-12.3803
-9.41657
-6.26621
-2.9532
0.484574
3.99436
7.50931
10.9516
14.238
17.2874
20.0295
22.4118
24.4047
26.0022
27.2195
28.0877
28.6472
28.9418
29.0145
28.9041
28.6441
28.2622
27.7808
27.2177
26.5868
25.8993
25.1639
24.3875
23.576
22.734
21.8654
20.9738
20.0621
19.133
18.1888
17.2316
16.2635
15.2861
14.3011
13.31
12.3141
11.3146
10.3129
9.30977
8.30633
7.30341
6.30183
5.3023
4.30548
3.31198
2.32232
1.33699
0.356411
-0.61904
-1.58903
-2.55326
-3.51149
-4.4635
-5.40911
-6.34817
-7.28056
-8.20618
-9.12497
-10.0369
-10.9419
-11.8399
-12.7311
-13.6154
-14.4929
-15.3637
-16.2277
-17.0853
-17.9363
-18.7811
-19.6197
-20.4523
-21.2791
-22.1003
-22.9162
-23.7269
-24.5328
-25.3341
-26.1312
-26.9245
-27.7142
-28.5009
-29.2849
-30.0668
-30.847
-31.6261
-32.4046
-33.1833
-33.9627
-34.7435
-35.5266
-36.3125
-37.1023
-37.8966
-38.6963
-39.5024
-40.3157
-41.1372
-41.9677
-42.8082
-43.6595
-44.5225
-45.3979
-46.2864
-47.1884
-48.1044
-49.0344
-49.9784
-50.9359
-51.9061
-52.8877
-53.8789
-54.8775
-55.8805
-56.8843
-57.8849
-58.8775
-59.8567
-60.8168
-61.7519
-62.656
-63.5232
-64.3481
-65.1261
-65.8534
-66.5272
-67.1461
-67.7096
-68.2186
-68.6747
-69.0806
-69.4394
-69.7548
-70.0306
-70.2708
-70.4791
-70.6594
-70.8151
-70.9493
-71.0649
-71.1645
-71.2503
-71.3243
-71.3882
-71.4435
-71.4916
-71.5334
-71.57
-71.6021
-71.6303
-71.6554
-71.6776
-71.6976
-71.7155
-71.7317
-71.7465
-71.76
-71.7725
-71.784
-71.7948
-71.8049
-71.8144
-71.8233
-71.8318
-71.84
-71.8478
-71.8553
-71.8625
-71.8694
-71.8762
-71.8828
-71.8892
-71.8954
-71.9015
-71.9074
-71.9133
-71.919
-71.9246
-71.93
-71.9354
-71.9407
-71.9459
-71.951
-71.956
-71.961
-71.9658
-71.9706
-71.9753
-71.9799
-71.9844
-71.9888
-71.9932
-71.9974
-72.0016
-72.0058
-72.0098
-72.0137
-72.0176
-72.0214
-72.0251
-72.0288
-72.0323
-72.0358
-72.0391
-72.0424
-72.0457
-72.0488
-72.0518
-72.0548
-72.0577
-72.0604
-72.0631
-72.0658
-72.0683
-72.0707
-72.0731
-72.0753
-72.0775
-72.0796
-72.0816
-72.0835
-72.0853
-72.087
-72.0886
-72.0901
-72.0916
-72.0929
-72.0942
-72.0953
-72.0964
-72.0973
-72.0982
-72.099
-72.0997
-72.1003
-72.1007
-72.1011
-72.1014
-72.1016
-72.1017
-72.1017
-72.1017
-72.1015
-72.1012
-72.1008
-72.1003
-72.0997
-72.0991
-72.0983
-72.0974
-72.0964
-72.0954
-72.0942
-72.0929
-72.0916
-72.0901
-72.0885
-72.0869
-72.0851
-72.0832
-72.0813
-72.0792
-72.0771
-72.0748
-72.0725
-72.07
-72.0675
-72.0648
-72.062
-72.0592
-72.0563
-72.0532
-72.0501
-72.0468
-72.0435
-72.04
-72.0365
-72.0329
-72.0291
-72.0253
-72.0214
-72.0174
-72.0133
-72.009
-72.0047
-72.0003
-71.9958
-71.9912
-71.9865
-71.9817
-71.9768
-71.9718
-71.9668
-71.9616
-71.9563
-71.951
-71.9455
-71.94
-71.9343
-71.9286
-71.9228
-71.9168
-71.9108
-71.9047
-71.8985
-71.8922
-71.8858
-71.8794
-71.8728
-71.8662
-71.8594
-71.8526
-71.8457
-71.8387
-71.8316
-71.8244
-71.8171
-71.8097
-71.8023
-71.7947
-71.7871
-71.7794
-71.7716
-71.7637
-71.7558
-71.7477
-71.7396
-71.7314
-71.723
-71.7147
-71.7062
-71.6976
-71.689
-71.6803
-71.6715
-71.6626
-71.6536
-71.6446
-71.6355
-71.4808
-71.2337
-70.9206
-70.5578
-70.1568
-69.7266
-69.2739
-68.8045
-68.3225
-67.8317
-67.335
-66.8347
-66.3329
-65.8312
-65.3309
-64.8332
-64.3391
-63.8494
-63.3648
-62.8858
-62.413
-61.9467
-61.4873
-61.0351
-60.5902
-60.1529
-59.7233
-59.3014
-58.8874
-58.4812
-58.0828
-57.6923
-57.3094
-56.9343
-56.5666
-56.2064
-55.8534
-55.5075
-55.1685
-54.8362
-54.5105
-54.1909
-53.8774
-53.5697
-53.2675
-52.9706
-52.6786
-52.3912
-52.1083
-51.8294
-51.5542
-51.2824
-51.0138
-50.7479
-50.4844
-50.223
-49.9633
-49.7049
-49.4474
-49.1905
-48.9338
-48.6768
-48.4192
-48.1605
-47.9002
-47.6378
-47.373
-47.1052
-46.8338
-46.5583
-46.2781
-45.9926
-45.7012
-45.403
-45.0975
-44.7837
-44.4609
-44.1281
-43.7843
-43.4286
-43.0596
-42.6762
-42.2771
-41.8606
-41.4254
-40.9695
-40.4911
-39.9881
-39.4582
-38.8989
-38.3073
-37.6806
-37.0153
-36.3079
-35.5544
-34.7504
-33.8913
-32.972
-31.9869
-30.9303
-29.7959
-28.5771
-27.2673
-25.8595
-24.3472
-22.7239
-20.9841
-19.1233
-17.1388
-15.0303
-12.8006
-10.4564
-8.00916
-5.47567
-2.87855
-0.246339
2.38692
4.98253
7.49874
9.89272
12.1232
14.1529
15.9519
17.4988
18.7825
19.8022
20.5665
21.091
21.3967
21.5072
21.4466
21.2385
20.9045
20.4636
19.9326
19.3256
18.6546
17.9296
17.159
16.3498
15.5079
14.6382
13.745
12.8321
11.9026
10.9593
10.0046
9.04071
8.06956
7.09285
6.11212
5.12875
4.14394
3.15882
2.17435
1.19141
0.21079
-0.766825
-1.74082
-2.71065
-3.67584
-4.63597
-5.5907
-6.53969
-7.48271
-8.41951
-9.34994
-10.2738
-11.1911
-12.1016
-13.0054
-13.9023
-14.7925
-15.6759
-16.5526
-17.4225
-18.286
-19.1429
-19.9936
-20.8381
-21.6766
-22.5092
-23.3364
-24.1582
-24.9749
-25.7869
-26.5945
-27.398
-28.1979
-28.9945
-29.7882
-30.5797
-31.3694
-32.1578
-32.9456
-33.7334
-34.5218
-35.3116
-36.1035
-36.8982
-37.6967
-38.4996
-39.308
-40.1225
-40.9443
-41.774
-42.6127
-43.4612
-44.3203
-45.1909
-46.0735
-46.9688
-47.8773
-48.7993
-49.7347
-50.6834
-51.6449
-52.6183
-53.6023
-54.5951
-55.5944
-56.5974
-57.6005
-58.5997
-59.5905
-60.5677
-61.5259
-62.4594
-63.3624
-64.2295
-65.0553
-65.8355
-66.5662
-67.2449
-67.8698
-68.4404
-68.9573
-69.4221
-69.8371
-70.2051
-70.5297
-70.8145
-71.0632
-71.2797
-71.4674
-71.6299
-71.7703
-71.8914
-71.9958
-72.0857
-72.1633
-72.2302
-72.288
-72.3381
-72.3814
-72.4191
-72.4519
-72.4806
-72.5057
-72.5279
-72.5474
-72.5647
-72.5801
-72.5939
-72.6063
-72.6175
-72.6277
-72.6369
-72.6454
-72.6532
-72.6604
-72.6671
-72.6733
-72.6791
-72.6846
-72.6897
-72.6945
-72.6991
-72.7035
-72.7077
-72.7116
-72.7154
-72.719
-72.7225
-72.7258
-72.729
-72.732
-72.735
-72.7378
-72.7405
-72.7431
-72.7456
-72.748
-72.7503
-72.7525
-72.7546
-72.7566
-72.7585
-72.7603
-72.762
-72.7637
-72.7652
-72.7667
-72.7681
-72.7693
-72.7705
-72.7716
-72.7726
-72.7736
-72.7744
-72.7751
-72.7758
-72.7763
-72.7768
-72.7772
-72.7775
-72.7777
-72.7778
-72.7778
-72.7777
-72.7776
-72.7773
-72.777
-72.7765
-72.776
-72.7753
-72.7746
-72.7738
-72.7729
-72.7719
-72.7708
-72.7696
-72.7683
-72.7669
-72.7655
-72.7639
-72.7622
-72.7604
-72.7586
-72.7566
-72.7546
-72.7524
-72.7502
-72.7478
-72.7454
-72.7429
-72.7402
-72.7375
-72.7347
-72.7318
-72.7288
-72.7256
-72.7224
-72.7191
-72.7157
-72.7122
-72.7086
-72.7049
-72.7011
-72.6972
-72.6932
-72.6892
-72.685
-72.6807
-72.6763
-72.6719
-72.6673
-72.6626
-72.6579
-72.653
-72.648
-72.643
-72.6378
-72.6326
-72.6273
-72.6218
-72.6163
-72.6107
-72.6049
-72.5991
-72.5932
-72.5872
-72.5811
-72.5749
-72.5686
-72.5622
-72.5557
-72.5492
-72.5425
-72.5357
-72.5289
-72.5219
-72.5149
-72.5078
-72.5005
-72.4932
-72.4858
-72.4783
-72.4707
-72.463
-72.4553
-72.4474
-72.4394
-72.4314
-72.4233
-72.415
-72.4067
-72.3983
-72.3899
-72.3813
-72.3726
-72.3639
-72.355
-72.3461
-72.3371
-72.328
-72.3188
-72.3095
-72.3002
-72.2908
-72.2812
-72.2716
-72.2619
-72.2522
-72.2423
-72.2324
-72.2224
-72.2123
-72.2021
-72.1918
-72.1815
-72.1711
-72.1605
-72.15
-72.1393
-72.1286
-72.1177
-72.1069
-72.0959
-72.0848
-72.0737
-72.0625
-72.0512
-72.0399
-72.0285
-72.017
-72.0054
-71.9937
-71.982
-71.9702
-71.9584
-71.9464
-71.9344
-71.9223
-71.9102
-71.898
-71.8857
-71.8733
-71.8609
-71.8484
-71.8358
-71.8232
-71.8105
-71.7978
-71.7849
-71.772
-71.7591
-71.7461
-71.733
-71.7198
-71.7066
-71.6934
-71.68
-71.6666
-71.6532
-71.6397
-71.6261
-71.6125
-71.5988
-71.585
-71.5712
-71.5573
-71.5434
-71.5294
-71.5154
-71.5013
-71.4872
-71.473
-71.4587
-71.4444
-71.43
-71.4156
-71.4012
-71.3866
-71.3721
-71.3575
-71.3428
-71.3281
-71.3133
-71.2985
-71.2836
-71.2687
-71.2538
-71.2388
-71.2237
-71.2086
-71.1935
-71.1783
-71.1631
-71.1478
-71.1325
-71.1171
-71.1017
-71.0863
-71.0708
-71.0553
-71.0397
-71.0241
-71.0085
-70.9928
-70.9771
-70.9613
-70.9455
-70.9297
-70.9139
-70.898
-70.882
-70.8661
-70.8501
-70.834
-70.8179
-70.8018
-70.7857
-70.7695
-70.7534
-70.7371
-70.7209
-70.7046
-70.6883
-70.6719
-70.6555
-70.6391
-70.6227
-70.6063
-70.5898
-70.5733
-70.5567
-70.5402
-70.5236
-70.507
-70.4904
-70.4737
-70.4571
-70.4404
-70.4236
-70.4069
-70.3901
-70.3734
-70.3566
-70.3397
-70.3229
-70.306
-70.2892
-70.2723
-70.2554
-70.2384
-70.2215
-70.2045
-70.1876
-70.1706
-70.1536
-70.1366
-70.1195
-70.1025
-70.0854
-70.0684
-70.0513
-70.0342
-70.0171
-70
-69.9829
-69.9657
-69.9486
-69.9314
-69.9143
-69.8971
-69.8799
-69.8628
-69.8456
-69.8284
-69.8112
-69.794
-69.7768
-69.7595
-69.7423
-69.7251
-69.7079
-69.6906
-69.6734
-69.6562
-69.6389
-69.6217
-69.6044
-69.5872
-69.5699
-69.5527
-69.5355
-69.5182
-69.501
-69.4837
-69.4665
-69.4492
-69.432
-69.4148
-69.3976
-69.3803
-69.3631
-69.3459
-69.3287
-69.3115
-69.2943
-69.2771
-69.2599
-69.2427
-69.2255
-69.2083
-69.1912
-69.174
-69.1568
-69.1397
-69.1226
-69.1054
-69.0883
-69.0712
-69.0541
-69.037
-69.0199
-69.0029
-68.9858
-68.9688
-68.9517
-68.9347
-68.9177
-68.9007
-68.8837
-68.8668
-68.8498
-68.8329
-68.8159
-68.799
-68.7821
-68.7652
-68.7484
-68.7315
-68.7147
-68.6978
-68.681
-68.6642
-68.6474
-68.6307
-68.6139
-68.5972
-68.5805
-68.5638
-68.5471
-68.5305
-68.5138
-68.4972
-68.4806
-68.4641
-68.4475
-68.431
-68.4144
-68.3979
-68.3815
-68.365
-68.3486
-68.3322
-68.3158
-68.2994
-68.2831
-68.2667
-68.2504
-68.2341
-68.2179
-68.2016
-68.1854
-68.1692
-68.1531
-68.1369
-68.1208
-68.1047
-68.0886
-68.0726
-68.0566
-68.0406
-68.0246
-68.0086
-67.9927
-67.9768
-67.961
-67.9451
-67.9293
-67.9135
-67.8978
-67.882
-67.8663
-67.8506
-67.835
-67.8194
-67.8038
-67.7882
-67.7726
-67.7571
-67.7416
-67.7262
-67.7108
-67.6954
-67.68
-67.6646
-67.6493
-67.634
-67.6188
-67.6036
-67.5884
-67.5732
-67.5581
-67.543
-67.5279
-67.5128
-67.4978
-67.4829
-67.4679
-67.453
-67.4381
-67.4233
-67.4084
-67.3936
-67.3789
-67.3642
-67.3495
-67.3348
-67.3202
-67.3056
-67.291
-67.2765
-67.262
-67.2475
-67.2331
-67.2187
-67.2043
-67.19
-67.1757
-67.1614
-67.1472
-67.133
-67.1188
-67.1047
-67.0906
-67.0765
-67.0625
-67.0485
-67.0345
-67.0206
-67.0067
-66.9929
-66.979
-66.9653
-66.9515
-66.9378
-66.9241
-66.9105
-66.8969
-66.8833
-66.8698
-66.8563
-66.8428
-66.8294
-66.816
-66.8027
-66.7894
-66.7761
-66.7628
-66.7496
-66.7364
-66.5851
-66.3439
-66.0368
-65.6785
-65.2798
-64.8489
-64.3922
-63.915
-63.4215
-62.9151
-62.3987
-61.8746
-61.3448
-60.8108
-60.2739
-59.7352
-59.1957
-58.6559
-58.1166
-57.5782
-56.9265
-56.2067
-55.441
-54.6433
-53.823
-52.987
-52.1406
-51.2871
-50.4291
-49.568
-48.7044
-47.8383
-46.9688
-46.0947
-45.2139
-44.324
-43.4218
-42.5038
-41.5656
-40.6024
-39.6084
-38.5773
-37.5018
-36.3736
-35.1835
-33.9211
-32.5748
-31.1315
-29.577
-27.8953
-26.0695
-24.0814
-21.9123
-19.5438
-16.959
-14.1446
-11.093
-7.80567
-4.29698
-0.597204
3.24488
7.16162
11.0691
14.8727
18.4759
21.7892
24.7394
27.2763
29.3764
31.0427
32.3011
33.194
33.7728
34.0906
34.1971
34.1356
33.9415
33.6424
33.2597
32.8091
32.3025
31.7485
31.1539
30.5236
29.8618
29.1716
28.4558
27.7169
26.9569
26.1776
25.3809
24.5683
23.7413
22.9014
22.0498
21.1878
20.3165
19.4372
18.5508
17.6583
16.7607
15.8589
14.9536
14.0458
13.136
12.225
11.3135
10.402
9.49115
8.58138
7.67319
6.76703
5.8633
4.96238
4.06461
3.17029
2.2797
1.3931
0.510716
-0.36725
-1.24062
-2.10924
-2.97296
-3.83167
-4.68527
-5.53367
-6.37681
-7.21462
-8.04709
-8.87416
-9.69585
-10.5121
-11.323
-12.1286
-12.9288
-13.7237
-14.5133
-15.2978
-16.0772
-16.8516
-17.6211
-18.3858
-19.1458
-19.9013
-20.6524
-21.3993
-22.1421
-22.8812
-23.6166
-24.3488
-25.0778
-25.804
-26.5278
-27.2495
-27.9694
-28.688
-29.4057
-30.1229
-30.8402
-31.5581
-32.2772
-32.998
-33.7213
-34.4476
-35.1778
-35.9125
-36.6526
-37.3988
-38.1519
-38.9128
-39.6824
-40.4614
-41.2507
-42.051
-42.863
-43.6873
-44.5244
-45.3746
-46.2379
-47.1142
-48.003
-48.9033
-49.8138
-50.7327
-51.6575
-52.5853
-53.5123
-54.4345
-55.347
-56.2447
-57.1222
-57.9737
-58.7939
-59.5776
-60.3204
-61.0183
-61.6687
-62.2696
-62.8204
-63.3213
-63.7736
-64.1792
-64.5408
-64.8616
-65.1447
-65.3938
-65.6124
-65.8037
-65.9711
-66.1176
-66.2457
-66.3581
-66.4569
-66.544
-66.6211
-66.6897
-66.751
-66.8062
-66.8562
-66.9017
-66.9435
-66.9821
-67.018
-67.0516
-67.0833
-67.1133
-67.1419
-67.1693
-67.1958
-67.2213
-67.2461
-67.2703
-67.294
-67.3172
-67.34
-67.3624
-67.3846
-67.4065
-67.4281
-67.4496
-67.4709
-67.492
-67.513
-67.5339
-67.5546
-67.5753
-67.5958
-67.6163
-67.6366
-67.6569
-67.6771
-67.6973
-67.7174
-67.7374
-67.7573
-67.7772
-67.797
-67.8167
-67.8364
-67.856
-67.8756
-67.895
-67.9145
-67.9338
-67.9531
-67.9723
-67.9914
-68.0105
-68.0295
-68.0484
-68.0673
-68.086
-68.1047
-68.1233
-68.1419
-68.1603
-68.1787
-68.197
-68.2152
-68.2334
-68.2514
-68.2694
-68.2872
-68.305
-68.3227
-68.3403
-68.3578
-68.3752
-68.3925
-68.4098
-68.4269
-68.4439
-68.4609
-68.4777
-68.4944
-68.5111
-68.5276
-68.544
-68.5604
-68.5766
-68.5927
-68.6087
-68.6246
-68.6404
-68.6561
-68.6717
-68.6872
-68.7025
-68.7178
-68.7329
-68.748
-68.7629
-68.7777
-68.7924
-68.807
-68.8214
-68.8358
-68.85
-68.8641
-68.8781
-68.892
-68.9058
-68.9195
-68.933
-68.9464
-68.9597
-68.9729
-68.986
-68.9989
-69.0117
-69.0244
-69.037
-69.0495
-69.0618
-69.074
-69.0861
-69.0981
-69.11
-69.1217
-69.1333
-69.1448
-69.1562
-69.1674
-69.1786
-69.1896
-69.2005
-69.2112
-69.2218
-69.2324
-69.2428
-69.253
-69.2632
-69.2732
-69.2831
-69.2929
-69.3025
-69.3121
-69.3215
-69.3308
-69.3399
-69.349
-69.3579
-69.3667
-69.3754
-69.3839
-69.3923
-69.4007
-69.4088
-69.4169
-69.4249
-69.4327
-69.4404
-69.448
-69.4554
-69.4628
-69.47
-69.4771
-69.4841
-69.4909
-69.4977
-69.5043
-69.5108
-69.5172
-69.5234
-69.5296
-69.5356
-69.5415
-69.5473
-69.553
-69.5585
-69.5639
-69.5693
-69.5745
-69.5795
-69.5845
-69.5894
-69.5941
-69.5987
-69.6032
-69.6076
-69.6119
-69.6161
-69.4803
-69.257
-68.9719
-68.6409
-68.2751
-67.883
-67.4712
-67.0448
-66.608
-66.164
-65.7156
-65.2649
-64.8136
-64.3634
-63.9153
-63.4704
-63.0295
-62.5934
-62.1626
-61.7375
-61.3187
-60.9064
-60.5009
-60.1023
-59.711
-59.327
-58.9503
-58.5811
-58.2193
-57.865
-57.5181
-57.1786
-56.8464
-56.5214
-56.2036
-55.8927
-55.5887
-55.2914
-55.0007
-54.7163
-54.4382
-54.1661
-53.8998
-53.6392
-53.384
-53.1341
-52.8892
-52.6491
-52.4136
-52.1824
-51.9555
-51.7325
-51.5132
-51.2974
-51.0849
-50.8754
-50.6688
-50.4647
-50.2631
-50.0636
-49.866
-49.6702
-49.4758
-49.2827
-49.0906
-48.8993
-48.7086
-48.5182
-48.3279
-48.1374
-47.9466
-47.7551
-47.5627
-47.3691
-47.1741
-46.9774
-46.7786
-46.5775
-46.3739
-46.1672
-45.9572
-45.7436
-45.5259
-45.3038
-45.0768
-44.8445
-44.6064
-44.362
-44.1107
-43.852
-43.5852
-43.3097
-43.0247
-42.7295
-42.4232
-42.1049
-41.7737
-41.4285
-41.068
-40.6912
-40.2966
-39.8828
-39.448
-38.9907
-38.5089
-38.0006
-37.4634
-36.895
-36.2926
-35.6534
-34.9743
-34.2519
-33.4825
-32.6622
-31.7868
-30.852
-29.853
-28.785
-27.6429
-26.4219
-25.1168
-23.723
-22.2362
-20.6528
-18.9704
-17.1879
-15.3063
-13.329
-11.2625
-9.11707
-6.90701
-4.65134
-2.37385
-0.102917
2.12912
4.28717
6.33517
8.23825
9.9652
11.4907
12.7972
13.8754
14.7246
15.3517
15.7694
15.9944
16.0458
15.9435
15.7069
15.354
14.9014
14.3637
13.7534
13.0816
12.3577
11.5896
10.7841
9.94699
9.08338
8.19751
7.29312
6.37343
5.44129
4.49918
3.54927
2.59349
1.63355
0.670954
-0.292961
-1.25702
-2.22016
-3.18148
-4.14016
-5.09548
-6.04681
-6.99362
-7.93543
-8.87183
-9.80249
-10.7271
-11.6454
-12.5573
-13.4625
-14.361
-15.2527
-16.1374
-17.0153
-17.8864
-18.7506
-19.608
-20.4588
-21.303
-22.1409
-22.9725
-23.7981
-24.618
-25.4323
-26.2413
-27.0454
-27.8449
-28.6402
-29.4317
-30.2197
-31.0048
-31.7874
-32.5682
-33.3475
-34.1261
-34.9046
-35.6836
-36.4639
-37.246
-38.0309
-38.8192
-39.6118
-40.4094
-41.2129
-42.0231
-42.8408
-43.6668
-44.5019
-45.3468
-46.2021
-47.0684
-47.9461
-48.8357
-49.7371
-50.6503
-51.575
-52.5106
-53.456
-54.41
-55.3707
-56.3358
-57.3028
-58.2683
-59.2285
-60.1793
-61.1161
-62.0339
-62.9277
-63.7922
-64.6226
-65.4142
-66.163
-66.8655
-67.5194
-68.1231
-68.676
-69.1786
-69.6321
-70.0386
-70.4005
-70.7211
-71.0036
-71.2513
-71.4679
-71.6565
-71.8204
-71.9625
-72.0856
-72.1921
-72.2841
-72.3638
-72.4326
-72.4923
-72.544
-72.5888
-72.6279
-72.6619
-72.6916
-72.7176
-72.7405
-72.7606
-72.7784
-72.7942
-72.8083
-72.8209
-72.8322
-72.8423
-72.8515
-72.8599
-72.8675
-72.8745
-72.8809
-72.8868
-72.8922
-72.8973
-72.902
-72.9064
-72.9105
-72.9143
-72.9179
-72.9213
-72.9246
-72.9276
-72.9304
-72.9331
-72.9357
-72.9381
-72.9404
-72.9425
-72.9445
-72.9464
-72.9482
-72.9499
-72.9515
-72.953
-72.9543
-72.9556
-72.9568
-72.9578
-72.9588
-72.9597
-72.9604
-72.9611
-72.9617
-72.9622
-72.9626
-72.9629
-72.9631
-72.9632
-72.9633
-72.9632
-72.963
-72.9628
-72.9624
-72.962
-72.9614
-72.9608
-72.9601
-72.9593
-72.9583
-72.9573
-72.9562
-72.955
-72.9537
-72.9524
-72.9509
-72.9493
-72.9476
-72.9459
-72.944
-72.942
-72.94
-72.9378
-72.9356
-72.9332
-72.9308
-72.9282
-72.9256
-72.9229
-72.92
-72.9171
-72.9141
-72.911
-72.9078
-72.9044
-72.901
-72.8975
-72.8939
-72.8902
-72.8864
-72.8825
-72.8785
-72.8744
-72.8702
-72.8659
-72.8615
-72.8571
-72.8525
-72.8478
-72.843
-72.8382
-72.8332
-72.8281
-72.823
-72.8177
-72.8123
-72.8069
-72.8013
-72.7957
-72.79
-72.7841
-72.7782
-72.7722
-72.766
-72.7598
-72.7535
-72.7471
-72.7406
-72.734
-72.7273
-72.7205
-72.7136
-72.7066
-72.6996
-72.6924
-72.6851
-72.6778
-72.6704
-72.6628
-72.6552
-72.6475
-72.6397
-72.6318
-72.6238
-72.6157
-72.6075
-72.5992
-72.5909
-72.5824
-72.5739
-72.5653
-72.5565
-72.5477
-72.5389
-72.5299
-72.5208
-72.5116
-72.5024
-72.4931
-72.4837
-72.4742
-72.4646
-72.4549
-72.4451
-72.4353
-72.4254
-72.4154
-72.4053
-72.3951
-72.3848
-72.3745
-72.3641
-72.3536
-72.343
-72.3323
-72.3215
-72.3107
-72.2998
-72.2888
-72.2778
-72.2666
-72.2554
-72.2441
-72.2327
-72.2212
-72.2097
-72.1981
-72.1864
-72.1747
-72.1628
-72.1509
-72.1389
-72.1269
-72.1148
-72.1026
-72.0903
-72.0779
-72.0655
-72.053
-72.0405
-72.0279
-72.0152
-72.0024
-71.9896
-71.9767
-71.9637
-71.9507
-71.9376
-71.9244
-71.9112
-71.8979
-71.8845
-71.8711
-71.8576
-71.844
-71.8304
-71.8167
-71.803
-71.7892
-71.7753
-71.7614
-71.7474
-71.7334
-71.7193
-71.7051
-71.6909
-71.6767
-71.6623
-71.6479
-71.6335
-71.619
-71.6044
-71.5898
-71.5752
-71.5605
-71.5457
-71.5309
-71.516
-71.5011
-71.4861
-71.4711
-71.456
-71.4409
-71.4257
-71.4105
-71.3952
-71.3799
-71.3646
-71.3492
-71.3337
-71.3182
-71.3027
-71.2871
-71.2715
-71.2558
-71.2401
-71.2243
-71.2085
-71.1927
-71.1768
-71.1609
-71.1449
-71.1289
-71.1129
-71.0968
-71.0807
-71.0645
-71.0483
-71.0321
-71.0159
-70.9996
-70.9832
-70.9669
-70.9505
-70.934
-70.9176
-70.9011
-70.8845
-70.868
-70.8514
-70.8348
-70.8181
-70.8014
-70.7847
-70.768
-70.7512
-70.5889
-70.3329
-70.0087
-69.6323
-69.2151
-68.7659
-68.2916
-67.7977
-67.2889
-66.7686
-66.24
-65.7056
-65.1674
-64.6272
-64.0864
-63.5463
-63.0079
-62.472
-61.9395
-61.411
-60.887
-60.3679
-59.8542
-59.346
-58.8437
-58.3475
-57.8573
-57.3735
-56.8958
-56.4244
-55.9591
-55.4998
-55.0464
-54.5986
-54.1563
-53.7191
-53.2866
-52.8586
-52.4346
-52.0141
-51.5967
-51.1817
-50.7686
-50.3567
-49.9453
-49.5338
-49.1211
-48.7066
-48.2892
-47.8679
-47.4416
-47.0092
-46.5694
-46.1208
-45.6618
-45.191
-44.7065
-44.2064
-43.6885
-43.1505
-42.59
-42.0039
-41.3894
-40.7427
-40.0601
-39.3374
-38.5696
-37.7516
-36.8772
-35.9399
-34.8655
-33.6765
-32.3786
-30.971
-29.4488
-27.8053
-26.0315
-24.1179
-22.0544
-19.8315
-17.4414
-14.8791
-12.1441
-9.24203
-6.187
-3.00282
0.275666
3.60241
6.92138
10.1692
13.279
16.1858
18.8315
21.1696
23.1698
24.8188
26.1208
27.0946
27.7696
28.1814
28.3678
28.365
28.2058
27.9183
27.5259
27.0478
26.4991
25.8918
25.2354
24.5375
23.8042
23.0404
22.2503
21.4374
20.6046
19.7547
18.8898
18.0121
17.1235
16.2255
15.3198
14.4076
13.4904
12.5693
11.6454
10.7195
9.79275
8.86584
7.93956
7.01458
6.09153
5.17099
4.25346
3.33941
2.42925
1.52336
0.622062
-0.274345
-1.1656
-2.05149
-2.93179
-3.80636
-4.67504
-5.53771
-6.39428
-7.24467
-8.08883
-8.92671
-9.75828
-10.5835
-11.4025
-12.2152
-13.0216
-13.8218
-14.6159
-15.4038
-16.1858
-16.9618
-17.7321
-18.4966
-19.2556
-20.0091
-20.7574
-21.5006
-22.2389
-22.9725
-23.7016
-24.4264
-25.1473
-25.8645
-26.5783
-27.2891
-27.9971
-28.7028
-29.4066
-30.1089
-30.8103
-31.5111
-32.2119
-32.9132
-33.6158
-34.3201
-35.0268
-35.7366
-36.4502
-37.1684
-37.8918
-38.6212
-39.3574
-40.1011
-40.8531
-41.614
-42.3846
-43.1653
-43.9567
-44.7591
-45.5727
-46.3975
-47.2332
-48.0791
-48.9344
-49.7978
-50.6673
-51.5408
-52.4154
-53.2878
-54.1542
-55.0103
-55.8515
-56.673
-57.4698
-58.2373
-58.971
-59.6669
-60.3218
-60.9332
-61.4997
-62.0205
-62.4959
-62.9269
-63.3152
-63.6631
-63.9733
-64.2486
-64.4921
-64.707
-64.8962
-65.0627
-65.2091
-65.3378
-65.4513
-65.5515
-65.6402
-65.7191
-65.7895
-65.8526
-65.9094
-65.961
-66.0081
-66.0513
-66.0913
-66.1284
-66.1632
-66.196
-66.227
-66.2566
-66.285
-66.3123
-66.3387
-66.3644
-66.3894
-66.4138
-66.4378
-66.4614
-66.4846
-66.5075
-66.5302
-66.5527
-66.5749
-66.5971
-66.619
-66.6409
-66.6626
-66.6843
-66.7059
-66.7274
-66.7489
-66.7702
-66.7916
-66.8129
-66.8341
-66.8553
-66.8765
-66.8976
-66.9187
-66.9398
-66.9608
-66.9817
-67.0027
-67.0236
-67.0445
-67.0653
-67.0861
-67.1068
-67.1275
-67.1481
-67.1687
-67.1893
-67.2098
-67.2303
-67.2507
-67.271
-67.2913
-67.3116
-67.3318
-67.3519
-67.372
-67.392
-67.4119
-67.4318
-67.4516
-67.4713
-67.491
-67.5106
-67.5301
-67.5496
-67.569
-67.5883
-67.6075
-67.6266
-67.6457
-67.6647
-67.6836
-67.7024
-67.7211
-67.7397
-67.7583
-67.7768
-67.7951
-67.8134
-67.8316
-67.8497
-67.8677
-67.8856
-67.9034
-67.9211
-67.9387
-67.9562
-67.9736
-67.9909
-68.0082
-68.0253
-68.0423
-68.0592
-68.076
-68.0926
-68.1092
-68.1257
-68.1421
-68.1583
-68.1745
-68.1905
-68.2064
-68.2222
-68.2379
-68.2535
-68.269
-68.2844
-68.2996
-68.3148
-68.3298
-68.3447
-68.3595
-68.3742
-68.3888
-68.4032
-68.4175
-68.4317
-68.4458
-68.4598
-68.4737
-68.4874
-68.5011
-68.5146
-68.5279
-68.5412
-68.5544
-68.5674
-68.5803
-68.5931
-68.6057
-68.6183
-68.6307
-68.643
-68.6552
-68.6673
-68.6792
-68.691
-68.7027
-68.7143
-68.7258
-68.7371
-68.7483
-68.7594
-68.7704
-68.7812
-68.792
-68.8026
-68.8131
-68.8234
-68.8337
-68.7071
-68.4958
-68.2256
-67.9122
-67.5665
-67.1969
-66.8095
-66.4095
-66.0007
-65.5862
-65.1685
-64.7497
-64.3314
-63.9149
-63.5014
-63.0917
-62.6866
-62.2867
-61.8925
-61.5044
-61.1228
-60.7478
-60.3799
-60.019
-59.6654
-59.3191
-58.9802
-58.6486
-58.3245
-58.0077
-57.6983
-57.3961
-57.1011
-56.8133
-56.5324
-56.2584
-55.9912
-55.7306
-55.4765
-55.2288
-54.9873
-54.7518
-54.5222
-54.2984
-54.0801
-53.8673
-53.6596
-53.4571
-53.2595
-53.0667
-52.8784
-52.6946
-52.5151
-52.3397
-52.1683
-52.0007
-51.8368
-51.6764
-51.5194
-51.3657
-51.2151
-51.0674
-50.9227
-50.7806
-50.6412
-50.5042
-50.3696
-50.2372
-50.107
-49.9788
-49.8526
-49.7282
-49.6055
-49.4844
-49.3648
-49.2467
-49.1299
-49.0144
-48.9
-48.7867
-48.6743
-48.5629
-48.4523
-48.3424
-48.2331
-48.1244
-48.0162
-47.9084
-47.8009
-47.6937
-47.5865
-47.4794
-47.3723
-47.2651
-47.1577
-47.0499
-46.9418
-46.8332
-46.724
-46.6141
-46.5034
-46.3917
-46.2791
-46.1653
-46.0503
-45.9339
-45.816
-45.6964
-45.5749
-45.4516
-45.326
-45.1982
-45.0679
-44.935
-44.7992
-44.6603
-44.518
-44.3722
-44.2227
-44.069
-43.9109
-43.7482
-43.5805
-43.4073
-43.2285
-43.0435
-42.8519
-42.6532
-42.447
-42.2327
-42.0097
-41.7774
-41.5352
-41.2822
-41.0177
-40.7409
-40.4509
-40.1466
-39.8269
-39.4908
-39.1369
-38.7639
-38.3703
-37.9544
-37.5146
-37.0489
-36.5553
-36.0316
-35.4753
-34.884
-34.2547
-33.5846
-32.8704
-32.1087
-31.296
-30.4285
-29.5021
-28.513
-27.457
-26.3301
-25.1285
-23.8487
-22.4876
-21.0432
-19.5143
-17.9015
-16.2073
-14.4366
-12.5974
-10.7011
-8.763
-6.80256
-4.84308
-2.90625
-1.03013
0.75129
2.40733
3.91161
5.24325
6.38782
7.33772
8.09192
8.65525
9.03718
9.25056
9.31031
9.23224
9.03222
8.72544
8.32605
7.84691
7.29948
6.69389
6.039
5.34249
4.61103
3.85039
3.06554
2.2608
1.4399
0.606095
-0.237803
-1.08934
-1.94637
-2.80703
-3.66969
-4.53293
-5.39551
-6.25633
-7.11447
-7.96911
-8.81954
-9.66515
-10.5054
-11.3399
-12.1683
-12.9902
-13.8054
-14.6137
-15.4149
-16.2089
-16.9956
-17.775
-18.5471
-19.3119
-20.0694
-20.8197
-21.5629
-22.2991
-23.0285
-23.7511
-24.4672
-25.1769
-25.8806
-26.5784
-27.2705
-27.9574
-28.6392
-29.3163
-29.989
-30.6577
-31.3228
-31.9847
-32.6437
-33.3005
-33.9554
-34.6089
-35.2615
-35.9138
-36.5664
-37.2197
-37.8743
-38.5309
-39.1901
-39.8524
-40.5185
-41.1889
-41.8643
-42.5452
-43.2321
-43.9255
-44.6259
-45.3335
-46.0486
-46.7712
-47.5014
-48.2388
-48.9831
-49.7334
-50.4888
-51.248
-52.0092
-52.7705
-53.5294
-54.2831
-55.0286
-55.7624
-56.4809
-57.1805
-57.8575
-58.5083
-59.1297
-59.7188
-60.2734
-60.7918
-61.2728
-61.7162
-62.1223
-62.4918
-62.8261
-63.1271
-63.3966
-63.6372
-63.8511
-64.0407
-64.2084
-64.3565
-64.4873
-64.6027
-64.7045
-64.7945
-64.8742
-64.945
-65.008
-65.0642
-65.1148
-65.1603
-65.2016
-65.2393
-65.2738
-65.3057
-65.3354
-65.3631
-65.3892
-65.4139
-65.4374
-65.4599
-65.4817
-65.5027
-65.5231
-65.5431
-65.5627
-65.582
-65.601
-65.6198
-65.6384
-65.6569
-65.6753
-65.6937
-65.712
-65.7303
-65.7486
-65.7669
-65.7852
-65.8036
-65.8219
-65.8404
-65.8588
-65.8774
-65.896
-65.9146
-65.9333
-65.952
-65.9708
-65.9897
-66.0086
-66.0276
-66.0467
-66.0657
-66.0849
-66.1041
-66.1233
-66.1426
-66.1619
-66.057
-65.8804
-65.6572
-65.4024
-65.1259
-64.8349
-64.5347
-64.2291
-63.921
-63.6127
-63.3059
-63.0019
-62.7017
-62.406
-62.1155
-61.8306
-61.5516
-61.2788
-61.0123
-60.7523
-60.4989
-60.252
-60.0117
-59.778
-59.5508
-59.33
-59.1156
-58.9074
-58.7055
-58.5097
-58.3198
-58.1358
-57.9576
-57.785
-57.6179
-57.4562
-57.2998
-57.1485
-57.0022
-56.8609
-56.7243
-56.5924
-56.4651
-56.3423
-56.2237
-56.1094
-55.9993
-55.8932
-55.791
-55.6926
-55.598
-55.507
-55.4196
-55.3357
-55.2551
-55.1779
-55.1039
-55.033
-54.9652
-54.9005
-54.8386
-54.6785
-54.4638
-54.2151
-53.9444
-53.6596
-53.3663
-53.0684
-52.769
-52.4701
-52.1734
-51.8801
-51.591
-51.3067
-51.0277
-50.7543
-50.4868
-50.2253
-49.9697
-49.7203
-49.4769
-49.2395
-49.008
-48.7823
-48.5623
-48.348
-48.1391
-47.9356
-47.7373
-47.544
-47.3557
-47.1721
-46.9931
-46.8187
-46.6486
-46.4827
-46.3209
-46.163
-46.009
-45.8586
-45.7119
-45.5686
-45.4287
-45.2921
-45.1586
-45.0282
-44.9007
-44.7762
-44.6544
-44.5354
-44.419
-44.3052
-44.1939
-44.0851
-43.9787
-43.8746
-43.7729
-43.6733
-43.576
-43.4808
-43.3878
-43.2968
-43.2079
-43.121
-43.0361
-42.9532
-42.8722
-42.7931
-42.7159
-42.6406
-42.5672
-42.4956
-42.4259
-42.358
-42.2919
-42.2277
-42.1652
-42.1046
-42.0457
-41.9887
-41.9335
-41.88
-41.8284
-41.7786
-41.7306
-41.6844
-41.64
-41.5975
-41.5568
-41.5179
-41.4809
-41.4458
-41.4126
-41.3812
-41.3517
-41.3242
-41.2986
-41.2749
-41.2532
-41.2334
-41.2157
-41.2
-41.1863
-41.1746
-41.1651
-41.1576
-41.1522
-41.149
-41.1479
-41.149
-41.1523
-41.1578
-41.1656
-41.1756
-41.188
-41.2027
-41.2197
-41.2391
-41.261
-41.2852
-41.312
-41.3412
-41.373
-41.4073
-41.4442
-41.4838
-41.526
-41.571
-41.6186
-41.669
-41.7223
-41.7783
-41.8373
-41.8991
-41.964
-42.0318
-42.1026
-42.1766
-42.2537
-42.3339
-42.4173
-42.504
-42.594
-42.6873
-42.7841
-42.8842
-42.9879
-43.0951
-43.2058
-43.3202
-43.4382
-43.56
-43.6855
-43.8149
-43.9481
-44.0852
-44.2262
-44.3713
-44.5203
-44.6734
-44.8306
-44.992
-45.1575
-45.3272
-45.5011
-45.6793
-45.8617
-46.0483
-46.2392
-46.4343
-46.6337
-46.8373
-47.0451
-47.257
-47.4731
-47.6932
-47.9173
-48.1453
-48.3771
-48.6126
-48.8518
-49.0943
-49.3403
-49.5894
-49.8414
-50.0963
-50.3539
-50.6138
-50.8759
-51.1399
-51.4056
-51.6727
-51.9409
-52.21
-52.4796
-52.7496
-53.0194
-53.2889
-53.5577
-53.8255
-54.0919
-54.3568
-54.6197
-54.8804
-55.1386
-55.394
-55.6463
-55.8953
-56.1408
-56.3824
-56.6201
-56.8537
-57.0829
-57.3076
-57.5277
-57.7431
-57.9538
-58.1595
-58.3604
-58.5563
-58.7472
-58.9332
-59.1143
-59.2904
-59.4618
-59.6283
-59.79
-59.9472
-60.0997
-60.2478
-60.3915
-60.531
-60.6662
-60.7975
-60.9248
-61.0483
-61.1681
-61.2843
-61.3971
-61.5065
-61.6127
-61.7157
-61.6966
-61.603
-61.458
-61.2754
-61.0648
-60.8332
-60.5859
-60.3271
-60.0598
-59.7867
-59.5096
-59.2303
-58.9501
-58.67
-58.3908
-58.1134
-57.8383
-57.566
-57.297
-57.0316
-56.7701
-56.5127
-56.2597
-56.0112
-55.7673
-55.5282

