-65
-64.9994
-64.9988
-64.9982
-64.9977
-64.9971
-64.9965
-64.996
-64.9954
-64.9949
-64.9943
-64.9938
-64.9932
-64.9927
-64.9922
-64.9917
-64.9912
-64.9906
-64.9901
-64.9896
-64.9891
-64.9886
-64.9881
-64.9876
-64.9872
-64.9867
-64.9862
-64.9857
-64.9852
-64.9848
-64.9843
-64.9838
-64.9834
-64.9829
-64.9825
-64.982
-64.9816
-64.9811
-64.9807
-64.9802
-64.9798
-64.9794
-64.9789
-64.9785
-64.9781
-64.9777
-64.9772
-64.9768
-64.9764
-64.976
-64.9756
-64.9752
-64.9748
-64.9744
-64.974
-64.9736
-64.9732
-64.9728
-64.9725
-64.9721
-64.9717
-64.9713
-64.971
-64.9706
-64.9702
-64.9699
-64.9695
-64.9692
-64.9688
-64.9685
-64.9681
-64.9678
-64.9675
-64.9671
-64.9668
-64.9665
-64.9661
-64.9658
-64.9655
-64.9652
-64.9649
-64.9646
-64.9642
-64.9639
-64.9636
-64.9633
-64.963
-64.9628
-64.9625
-64.9622
-64.9619
-64.9616
-64.9613
-64.9611
-64.9608
-64.9605
-64.9603
-64.96
-64.9598
-64.9595
-64.9592
-64.959
-64.9588
-64.9585
-64.9583
-64.958
-64.9578
-64.9576
-64.9573
-64.9571
-64.9569
-64.9567
-64.9565
-64.9562
-64.956
-64.9558
-64.9556
-64.9554
-64.9552
-64.955
-64.9548
-64.9546
-64.9545
-64.9543
-64.9541
-64.9539
-64.9537
-64.9536
-64.9534
-64.9532
-64.9531
-64.9529
-64.9527
-64.9526
-64.9524
-64.9523
-64.9521
-64.952
-64.9519
-64.9517
-64.9516
-64.9514
-64.9513
-64.9512
-64.9511
-64.9509
-64.9508
-64.9507
-64.9506
-64.9505
-64.9504
-64.9503
-64.9502
-64.95
-64.9499
-64.9499
-64.9498
-64.9497
-64.9496
-64.9495
-64.9494
-64.9493
-64.9492
-64.9492
-64.9491
-64.949
-64.9489
-64.9489
-64.9488
-64.9487
-64.9487
-64.9486
-64.9486
-64.9485
-64.9485
-64.9484
-64.9484
-64.9483
-64.9483
-64.9482
-64.9482
-64.9482
-64.9481
-64.9481
-64.9481
-64.948
-64.948
-64.948
-64.948
-64.948
-64.9479
-64.9479
-64.9479
-64.9479
-64.9479
-64.9479
-64.9479
-64.9479
-64.9479
-64.9479
-64.9479
-64.9479
-64.9479
-64.9479
-64.9479
-64.9479
-64.9479
-64.9479
-64.948
-64.948
-64.948
-64.948
-64.9481
-64.9481
-64.9481
-64.9481
-64.9482
-64.9482
-64.9482
-64.9483
-64.9483
-64.9483
-64.9484
-64.9484
-64.9485
-64.9485
-64.9486
-64.9486
-64.9487
-64.9487
-64.9488
-64.9488
-64.9489
-64.9489
-64.949
-64.9491
-64.9491
-64.9492
-64.9492
-64.9493
-64.9494
-64.9494
-64.9495
-64.9496
-64.9497
-64.9497
-64.9498
-64.9499
-64.95
-64.95
-64.9501
-64.9502
-64.9503
-64.9504
-64.9504
-64.9505
-64.9506
-64.9507
-64.9508
-64.9509
-64.951
-64.951
-64.9511
-64.9512
-64.9513
-64.9514
-64.9515
-64.9516
-64.9517
-64.9518
-64.9519
-64.952
-64.9521
-64.9522
-64.9523
-64.9524
-64.9525
-64.9526
-64.9527
-64.9528
-64.9529
-64.953
-64.9532
-64.9533
-64.9534
-64.9535
-64.9536
-64.9537
-64.9538
-64.9539
-64.954
-64.9542
-64.9543
-64.9544
-64.9545
-64.9546
-64.9547
-64.9548
-64.955
-64.9551
-64.9552
-64.9553
-64.9554
-64.9556
-64.9557
-64.9558
-64.9559
-64.956
-64.9562
-64.9563
-64.9564
-64.9565
-64.9566
-64.9568
-64.9569
-64.957
-64.9571
-64.9573
-64.9574
-64.9575
-64.9576
-64.9578
-64.9579
-64.958
-64.9581
-64.9583
-64.9584
-64.9585
-64.9587
-64.9588
-64.9589
-64.959
-64.9592
-64.9593
-64.9594
-64.9595
-64.9597
-64.9598
-64.9599
-64.96
-64.9602
-64.9603
-64.9604
-64.9606
-64.9607
-64.9608
-64.9609
-64.9611
-64.9612
-64.9613
-64.9614
-64.9616
-64.9617
-64.9618
-64.962
-64.9621
-64.9622
-64.9623
-64.9625
-64.9626
-64.9627
-64.9628
-64.963
-64.9631
-64.9632
-64.9633
-64.9635
-64.9636
-64.9637
-64.9638
-64.964
-64.9641
-64.9642
-64.9643
-64.9645
-64.9646
-64.9647
-64.9648
-64.9649
-64.9651
-64.9652
-64.9653
-64.9654
-64.9655
-64.9657
-64.9658
-64.9659
-64.966
-64.9661
-64.9663
-64.9664
-64.9665
-64.9666
-64.9667
-64.9668
-64.967
-64.9671
-64.9672
-64.9673
-64.9674
-64.9675
-64.9677
-64.9678
-64.9679
-64.968
-64.9681
-64.9682
-64.9683
-64.9684
-64.9685
-64.9687
-64.9688
-64.9689
-64.969
-64.9691
-64.9692
-64.9693
-64.9694
-64.9695
-64.9696
-64.9697
-64.9698
-64.9699
-64.97
-64.9701
-64.9702
-64.9703
-64.9704
-64.9705
-64.9706
-64.9707
-64.9708
-64.9709
-64.971
-64.9711
-64.9712
-64.9713
-64.9714
-64.9715
-64.9716
-64.9717
-64.9718
-64.9719
-64.972
-64.9721
-64.9722
-64.9722
-64.9723
-64.9724
-64.9725
-64.9726
-64.9727
-64.9728
-64.9729
-64.9729
-64.973
-64.9731
-64.9732
-64.9733
-64.9734
-64.9734
-64.9735
-64.9736
-64.9737
-64.9738
-64.9738
-64.9739
-64.974
-64.9741
-64.9741
-64.9742
-64.9743
-64.9744
-64.9744
-64.9745
-64.9746
-64.9747
-64.9747
-64.9748
-64.9749
-64.9749
-64.975
-64.9751
-64.9751
-64.9752
-64.9753
-64.9753
-64.9754
-64.9755
-64.9755
-64.9756
-64.9757
-64.9757
-64.9758
-64.9758
-64.9759
-64.976
-64.976
-64.9761
-64.9761
-64.9762
-64.9762
-64.9763
-64.9764
-64.9764
-64.9765
-64.9765
-64.9766
-64.9766
-64.9767
-64.9767
-64.9768
-64.9768
-64.9769
-64.9769
-64.977
-64.977
-64.9771
-64.9771
-64.9771
-64.9772
-64.9772
-64.9773
-64.9773
-64.9774
-64.9774
-64.9774
-64.9775
-64.9775
-64.9776
-64.9776
-64.9776
-64.9777
-64.9777
-64.9778
-64.9778
-64.9778
-64.9779
-64.9779
-64.9779
-64.978
-64.978
-64.978
-64.9781
-64.9781
-64.9781
-64.9781
-64.9782
-64.9782
-64.9782
-64.9783
-64.9783
-64.8437
-64.6215
-64.3349
-63.9982
-63.6219
-63.2137
-62.7801
-62.326
-61.8555
-61.372
-60.878
-60.3759
-59.8675
-59.3542
-58.8372
-58.3176
-57.7961
-57.2733
-56.7498
-56.2258
-55.7015
-55.1771
-54.6525
-54.1276
-53.6022
-53.0759
-52.5483
-52.0189
-51.4869
-50.9515
-50.4119
-49.8669
-49.3153
-48.7557
-48.1866
-47.6062
-47.0123
-46.4029
-45.7753
-45.1266
-44.4536
-43.7526
-43.0195
-42.2496
-41.4374
-40.577
-39.6614
-38.6827
-37.6318
-36.4985
-35.2709
-33.9357
-32.4776
-30.8794
-29.1218
-27.1835
-25.0415
-22.6716
-20.0495
-17.1525
-13.9626
-10.4702
-6.67939
-2.61381
1.67792
6.11863
10.6034
15.0062
19.1923
23.0349
26.4314
29.3154
31.6621
33.4855
34.8298
35.7576
36.3381
36.6384
36.7178
36.6251
36.3986
36.0674
35.6529
35.1708
34.6326
34.0466
33.4191
32.7548
32.0576
31.3306
30.5765
29.7976
28.9959
28.1734
27.3318
26.4729
25.598
24.7088
23.8066
22.8927
21.9684
21.0349
20.0934
19.1449
18.1904
17.2309
16.2674
15.3007
14.3315
13.3607
12.389
11.417
10.4453
9.47447
8.50508
7.5376
6.57247
5.6101
4.65086
3.69507
2.74306
1.79509
0.851412
-0.0877657
-1.02225
-1.95187
-2.87649
-3.79599
-4.71028
-5.61926
-6.52288
-7.42108
-8.31385
-9.20117
-10.083
-10.9595
-11.8305
-12.6962
-13.5566
-14.4117
-15.2617
-16.1067
-16.9467
-17.782
-18.6126
-19.4387
-20.2605
-21.0782
-21.892
-22.7022
-23.509
-24.3128
-25.1138
-25.9124
-26.7091
-27.5042
-28.2982
-29.0916
-29.885
-30.679
-31.4741
-32.2711
-33.0708
-33.8738
-34.681
-35.4934
-36.3118
-37.1373
-37.9708
-38.8134
-39.6663
-40.5305
-41.4071
-42.2972
-43.202
-44.1224
-45.0594
-46.0136
-46.9859
-47.9763
-48.9851
-50.0118
-51.0557
-52.1152
-53.1884
-54.2724
-55.3636
-56.4575
-57.5489
-58.6316
-59.6988
-60.7431
-61.7568
-62.7324
-63.6628
-64.5415
-65.3631
-66.1237
-66.8208
-67.4535
-68.0225
-68.5295
-68.9778
-69.3712
-69.7141
-70.0114
-70.2678
-70.4881
-70.6768
-70.838
-70.9756
-71.0928
-71.1928
-71.278
-71.3508
-71.4131
-71.4665
-71.5124
-71.5521
-71.5865
-71.6165
-71.6428
-71.6659
-71.6864
-71.7046
-71.721
-71.7358
-71.7493
-71.7616
-71.7729
-71.7835
-71.7933
-71.8026
-71.8113
-71.8196
-71.8275
-71.8351
-71.8423
-71.8494
-71.8562
-71.8628
-71.8692
-71.8755
-71.8816
-71.8876
-71.8935
-71.8993
-71.905
-71.9106
-71.916
-71.9215
-71.9268
-71.932
-71.9372
-71.9423
-71.9473
-71.9523
-71.9571
-71.962
-71.9667
-71.9714
-71.976
-71.9805
-71.985
-71.9894
-71.9937
-71.998
-72.0021
-72.0063
-72.0103
-72.0143
-72.0182
-72.022
-72.0258
-72.0294
-72.033
-72.0366
-72.04
-72.0434
-72.0467
-72.0499
-72.053
-72.0561
-72.0591
-72.062
-72.0648
-72.0675
-72.0702
-72.0727
-72.0752
-72.0776
-72.0799
-72.0822
-72.0843
-72.0864
-72.0883
-72.0902
-72.092
-72.0937
-72.0954
-72.0969
-72.0983
-72.0997
-72.1009
-72.1021
-72.1032
-72.1042
-72.105
-72.1058
-72.1066
-72.1072
-72.1077
-72.1081
-72.1085
-72.1087
-72.1088
-72.1089
-72.1089
-72.1087
-72.1085
-72.1082
-72.1077
-72.1072
-72.1066
-72.1059
-72.1051
-72.1042
-72.1032
-72.1021
-72.1009
-72.0996
-72.0982
-72.0967
-72.0951
-72.0934
-72.0917
-72.0898
-72.0878
-72.0857
-72.0836
-72.0813
-72.079
-72.0765
-72.0739
-72.0713
-72.0685
-72.0657
-72.0628
-72.0597
-72.0566
-72.0533
-72.05
-72.0466
-72.0431
-72.0394
-72.0357
-72.0319
-72.028
-72.024
-72.0199
-72.0157
-72.0114
-72.007
-72.0025
-71.9979
-71.9933
-71.9885
-71.9836
-71.9787
-71.9736
-71.9685
-71.9633
-71.9579
-71.9525
-71.947
-71.9414
-71.9357
-71.9299
-71.924
-71.918
-71.9119
-71.9058
-71.8995
-71.8932
-71.8868
-71.8802
-71.8736
-71.8669
-71.8601
-71.8533
-71.8463
-71.8392
-71.8321
-71.8249
-71.8176
-71.8101
-71.8027
-71.7951
-71.7874
-71.7797
-71.7718
-71.7639
-71.7559
-71.7478
-71.7397
-71.7314
-71.7231
-71.7146
-71.7061
-71.6976
-71.6889
-71.6802
-71.6713
-71.6624
-71.6534
-71.6444
-71.6352
-71.626
-71.6167
-71.6073
-71.5979
-71.5883
-71.5787
-71.569
-71.5593
-71.5494
-71.5395
-71.5295
-71.5195
-71.5093
-71.4991
-71.4888
-71.4785
-71.4681
-71.4576
-71.447
-71.4364
-71.4257
-71.4149
-71.404
-71.3931
-71.3821
-71.3711
-71.36
-71.3488
-71.3375
-71.3262
-71.3148
-71.3034
-71.2919
-71.2803
-71.2686
-71.2569
-71.2452
-71.2333
-71.2215
-71.2095
-71.1975
-71.1854
-71.1733
-71.1611
-71.1488
-71.1365
-71.1241
-71.1117
-71.0992
-71.0867
-71.0741
-71.0614
-71.0487
-71.036
-71.0232
-71.0103
-70.9974
-70.9844
-70.9714
-70.9583
-70.9451
-70.932
-70.9187
-70.9054
-70.8921
-70.8787
-70.8653
-70.8518
-70.8383
-70.8247
-70.8111
-70.7974
-70.7837
-70.77
-70.7562
-70.7423
-70.7284
-70.7145
-70.7005
-70.6865
-70.6725
-70.6584
-70.6442
-70.63
-70.6158
-70.6016
-70.5873
-70.5729
-70.5586
-70.5441
-70.5297
-70.5152
-70.5007
-70.4861
-70.4715
-70.4569
-70.4422
-70.4275
-70.4128
-70.3981
-70.3833
-70.3684
-70.3536
-70.3387
-70.3238
-70.3088
-70.2938
-70.2788
-70.2638
-70.2487
-70.2336
-70.2185
-70.2034
-70.1882
-70.173
-70.1578
-70.1425
-70.1273
-70.112
-70.0966
-70.0813
-70.0659
-70.0505
-70.0351
-70.0197
-70.0042
-69.9888
-69.9733
-69.9577
-69.9422
-69.9267
-69.9111
-69.8955
-69.8799
-69.8643
-69.8486
-69.833
-69.8173
-69.8016
-69.7859
-69.7702
-69.7544
-69.7387
-69.7229
-69.7071
-69.6914
-69.6756
-69.6597
-69.6439
-69.6281
-69.6122
-69.5964
-69.5805
-69.5646
-69.5487
-69.5329
-69.5169
-69.501
-69.4851
-69.4692
-69.4533
-69.4373
-69.4214
-69.4054
-69.3895
-69.3735
-69.3575
-69.3416
-69.3256
-69.3096
-69.2936
-69.2777
-69.2617
-69.2457
-69.2297
-69.2137
-69.1977
-69.1817
-69.1657
-69.1497
-69.1337
-69.1177
-69.1017
-69.0858
-69.0698
-69.0538
-69.0378
-69.0218
-69.0058
-68.9899
-68.9739
-68.9579
-68.9419
-68.926
-68.91
-68.8941
-68.8781
-68.8622
-68.8463
-68.8303
-68.8144
-68.7985
-68.7826
-68.7667
-68.7508
-68.7349
-68.7191
-68.7032
-68.6873
-68.6715
-68.6557
-68.6398
-68.624
-68.6082
-68.5924
-68.5766
-68.5608
-68.5451
-68.5293
-68.5136
-68.4979
-68.4822
-68.4665
-68.4508
-68.4351
-68.4194
-68.4038
-68.3882
-68.3725
-68.3569
-68.3414
-68.3258
-68.3102
-68.2947
-68.2792
-68.2637
-68.2482
-68.2327
-68.2172
-68.2018
-68.1863
-68.1709
-68.1555
-68.1402
-68.1248
-68.1095
-68.0942
-68.0789
-68.0636
-68.0483
-68.0331
-68.0179
-68.0027
-67.9875
-67.9723
-67.9572
-67.9421
-67.927
-67.9119
-67.8968
-67.8818
-67.8668
-67.8518
-67.8368
-67.8219
-67.807
-67.7921
-67.7772
-67.7623
-67.7475
-67.7327
-67.7179
-67.7031
-67.6884
-67.6737
-67.659
-67.6443
-67.6297
-67.6151
-67.6005
-67.5859
-67.5714
-67.5569
-67.5424
-67.5279
-67.5135
-67.4991
-67.4847
-67.4703
-67.456
-67.4417
-67.4274
-67.4132
-67.399
-67.3848
-67.3706
-67.3565
-67.3423
-67.3283
-67.3142
-67.3002
-67.2862
-67.2722
-67.2583
-67.2443
-67.2305
-67.2166
-67.2028
-67.189
-67.1752
-67.1615
-67.1478
-67.1341
-67.1204
-67.1068
-67.0932
-67.0797
-67.0661
-67.0526
-67.0392
-67.0257
-67.0123
-66.9989
-66.9856
-66.9723
-66.959
-66.9458
-66.9326
-66.9194
-66.9062
-66.8931
-66.88
-66.867
-66.8539
-66.841
-66.828
-66.8151
-66.8022
-66.7893
-66.7765
-66.7637
-66.7509
-66.7382
-66.7255
-66.7128
-66.7002
-66.6876
-66.675
-66.6625
-66.65
-66.6376
-66.6251
-66.6127
-66.6004
-66.588
-66.5758
-66.5635
-66.5513
-66.5391
-66.5269
-66.5148
-66.5028
-66.4907
-66.4787
-66.4667
-66.4548
-66.4429
-66.431
-66.4192
-66.4074
-66.3957
-66.3839
-66.3722
-66.3606
-66.349
-66.3374
-66.3259
-66.3143
-66.3029
-66.2914
-66.28
-66.2687
-66.2573
-66.246
-66.2348
-66.2236
-66.2124
-66.2012
-66.1901
-66.1791
-66.168
-66.157
-66.1461
-66.1351
-66.1243
-66.1134
-66.1026
-66.0918
-66.0811
-66.0704
-66.0597
-66.0491
-66.0385
-66.028
-66.0175
-66.007
-65.9966
-65.9862
-65.9759
-65.9656
-65.9553
-65.945
-65.9349
-65.9247
-65.9146
-65.9045
-65.8945
-65.8845
-65.8745
-65.8646
-65.8547
-65.8448
-65.835
-65.8253
-65.8155
-65.8058
-65.7962
-65.7866
-65.777
-65.7674
-65.7579
-65.7485
-65.739
-65.7297
-65.7203
-65.711
-65.7018
-65.6925
-65.6833
-65.6742
-65.6651
-65.656
-65.647
-65.638
-65.6291
-65.6202
-65.6113
-65.6025
-65.5937
-65.5849
-65.5762
-65.5676
-65.559
-65.5504
-65.5418
-65.3975
-65.1649
-64.8674
-64.5195
-64.1317
-63.712
-63.2667
-62.8009
-62.3188
-61.8237
-61.3183
-60.805
-60.2855
-59.7613
-59.2338
-58.7038
-58.1723
-57.6399
-57.107
-56.5741
-56.0413
-55.5088
-54.9766
-54.4446
-53.9126
-53.3804
-52.8475
-52.3133
-51.7774
-51.2388
-50.6968
-50.1504
-49.5983
-49.0393
-48.4719
-47.8943
-47.3047
-46.7009
-46.0805
-45.4408
-44.7787
-44.0908
-43.3731
-42.6212
-41.8301
-40.994
-40.1065
-39.1602
-38.1465
-37.0558
-35.8771
-34.5977
-33.2032
-31.6775
-30.0021
-28.1567
-26.119
-23.8649
-21.3698
-18.6097
-15.5633
-12.2159
-8.56351
-4.6188
-0.417051
3.9789
8.47686
12.9587
17.2901
21.3358
24.9769
28.1264
30.7383
32.8091
34.3712
35.4817
36.2098
36.626
36.7948
36.7705
36.5965
36.3062
35.9242
35.4684
34.9522
34.3848
33.7734
33.1234
32.4388
31.723
30.979
30.209
29.4153
28.5999
27.7645
26.9108
26.0406
25.1552
24.2561
23.3447
22.4223
21.4901
20.5493
19.601
18.6462
17.6861
16.7214
15.7531
14.7821
13.8091
12.8349
11.8602
10.8855
9.91151
8.93877
7.96778
6.99901
6.03287
5.06978
4.11007
3.15408
2.20208
1.25435
0.311117
-0.627421
-1.56108
-2.48971
-3.41318
-4.33137
-5.24421
-6.15162
-7.05355
-7.94995
-8.8408
-9.72612
-10.6059
-11.4802
-12.349
-13.2123
-14.0703
-14.9231
-15.7706
-16.6131
-17.4507
-18.2834
-19.1115
-19.935
-20.7543
-21.5695
-22.3809
-23.1518
-23.8997
-24.632
-25.3526
-26.0639
-26.7674
-27.4642
-28.1553
-28.8413
-29.5229
-30.2008
-30.8756
-31.5479
-32.2183
-32.8874
-33.556
-34.2246
-34.894
-35.5648
-36.2378
-36.9138
-37.5934
-38.2774
-38.9666
-39.6617
-40.3634
-41.0723
-41.7892
-42.5145
-43.2488
-43.9924
-44.7454
-45.5078
-46.2795
-47.0598
-47.8479
-48.6425
-49.4421
-50.2444
-51.0469
-51.8464
-52.6395
-53.4221
-54.1898
-54.9382
-55.6625
-56.3584
-57.0216
-57.6482
-58.2353
-58.7803
-59.2819
-59.7392
-60.1526
-60.5229
-60.8518
-61.1414
-61.3943
-61.6133
-61.8015
-61.9618
-62.0972
-62.2106
-62.3047
-62.3819
-62.4445
-62.4945
-62.5339
-62.5641
-62.5866
-62.6027
-62.6134
-62.6196
-62.6222
-62.6218
-62.619
-62.6143
-62.6082
-62.601
-62.5929
-62.5843
-62.5754
-62.5664
-62.5574
-62.5485
-62.5398
-62.5315
-62.5236
-62.5162
-62.5093
-62.5029
-62.4972
-62.492
-62.4875
-62.4837
-62.4805
-62.4779
-62.4761
-62.4749
-62.4744
-62.4745
-62.4753
-62.4768
-62.4789
-62.4817
-62.4851
-62.4892
-62.4939
-62.4991
-62.505
-62.5115
-62.5185
-62.5262
-62.5343
-62.5431
-62.5523
-62.5621
-62.5725
-62.5833
-62.5946
-62.6064
-62.6187
-62.6314
-62.6446
-62.6582
-62.6723
-62.6868
-62.7017
-62.717
-62.7327
-62.7488
-62.7653
-62.7821
-62.7993
-62.8168
-62.8347
-62.8529
-62.8714
-62.8903
-62.9094
-62.9289
-62.9486
-62.9686
-62.9889
-63.0095
-63.0303
-63.0513
-63.0726
-63.0942
-63.116
-63.138
-63.1602
-63.1826
-63.2052
-63.228
-63.251
-63.2742
-63.2976
-63.3211
-63.3448
-63.3687
-63.3927
-63.4168
-63.4411
-63.4656
-63.4901
-63.5148
-63.5397
-63.5646
-63.5896
-63.6148
-63.64
-63.6653
-63.6908
-63.7163
-63.7419
-63.7676
-63.7933
-63.8191
-63.845
-63.8709
-63.8969
-63.923
-63.9491
-63.9752
-64.0014
-64.0276
-64.0538
-64.0801
-64.1064
-64.1328
-64.1591
-64.1855
-64.2118
-64.2382
-64.2646
-64.291
-64.3174
-64.3438
-64.3702
-64.3965
-64.4229
-64.4492
-64.4756
-64.5019
-64.5281
-64.5544
-64.5806
-64.6068
-64.633
-64.6591
-64.6852
-64.7113
-64.7373
-64.7633
-64.7892
-64.8151
-64.8409
-64.8667
-64.8924
-64.9181
-64.9437
-64.9692
-64.9947
-65.0201
-65.0455
-65.0707
-65.096
-65.1211
-65.1462
-65.1712
-65.1961
-65.221
-65.2457
-65.2704
-65.295
-65.3195
-65.344
-65.3683
-65.3926
-65.4168
-65.4409
-65.4649
-65.4888
-65.5126
-65.5363
-65.5599
-65.5835
-65.6069
-65.6302
-65.6535
-65.6766
-65.6996
-65.7226
-65.7454
-65.7681
-65.7907
-65.8132
-65.8356
-65.8579
-65.8801
-65.9022
-65.9242
-65.946
-65.9678
-65.9894
-66.0109
-66.0324
-66.0537
-66.0748
-66.0959
-66.1169
-66.1377
-66.1584
-66.179
-66.1995
-66.2198
-66.2401
-66.2602
-66.2802
-66.3001
-66.3199
-66.3395
-66.359
-66.3784
-66.3977
-66.4168
-66.4359
-66.4548
-66.4736
-66.4922
-66.5108
-66.5292
-66.5475
-66.5656
-66.5837
-66.4684
-66.27
-66.013
-65.7125
-65.3791
-65.0208
-64.6439
-64.2531
-63.8522
-63.4445
-63.0324
-62.6178
-62.2026
-61.7879
-61.375
-60.9647
-60.5579
-60.1551
-59.7569
-59.3638
-58.9761
-58.5941
-58.218
-57.848
-57.4843
-57.1269
-56.776
-56.4315
-56.0935
-55.762
-55.4368
-55.118
-54.8055
-54.4991
-54.1987
-53.9042
-53.6154
-53.3323
-53.0545
-52.782
-52.5145
-52.2519
-51.9938
-51.7403
-51.4909
-51.2455
-51.0038
-50.7656
-50.5307
-50.2989
-50.0698
-49.8433
-49.6191
-49.3968
-49.1764
-48.9575
-48.7398
-48.523
-48.307
-48.0914
-47.8759
-47.6602
-47.4441
-47.2272
-47.0093
-46.7899
-46.5688
-46.3455
-46.1199
-45.8914
-45.6596
-45.4242
-45.1848
-44.9408
-44.6918
-44.4373
-44.1767
-43.9095
-43.635
-43.3526
-43.0616
-42.7612
-42.4506
-42.129
-41.7953
-41.4486
-41.0878
-40.7116
-40.3188
-39.9079
-39.4775
-39.0259
-38.5512
-38.0515
-37.5246
-36.9682
-36.3797
-35.7564
-35.0953
-34.3931
-33.6463
-32.8511
-32.0034
-31.099
-30.1331
-29.1011
-27.9978
-26.8182
-25.557
-24.2093
-22.7703
-21.236
-19.603
-17.8694
-16.035
-14.102
-12.0753
-9.964
-7.78103
-5.54449
-3.27761
-1.00888
1.22863
3.39843
5.46258
7.38416
9.12999
10.6732
11.995
13.0858
13.945
14.5795
15.0026
15.2318
15.2865
15.187
14.953
14.6028
14.1529
13.6181
13.011
12.3425
11.6221
10.8576
10.056
9.22295
8.36355
7.48207
6.58225
5.66733
4.74014
3.80317
2.85861
1.90839
0.954213
-0.00240438
-0.960128
-1.91778
-2.87431
-3.82879
-4.78043
-5.72849
-6.67237
-7.61152
-8.54546
-9.4738
-10.3962
-11.3124
-12.2221
-13.1251
-14.0213
-14.9106
-15.7929
-16.6682
-17.5364
-18.3976
-19.2518
-20.0991
-20.9396
-21.7734
-22.6007
-23.4216
-24.2364
-25.0452
-25.8484
-26.6462
-27.439
-28.227
-29.0107
-29.7903
-30.5665
-31.3395
-32.11
-32.8783
-33.6452
-34.4111
-35.1766
-35.9424
-36.7092
-37.4777
-38.2485
-39.0225
-39.8004
-40.5829
-41.3708
-42.1649
-42.9661
-43.775
-44.5923
-45.4188
-46.2551
-47.1016
-47.9589
-48.8271
-49.7065
-50.597
-51.4982
-52.4095
-53.3301
-54.2587
-55.1936
-56.1327
-57.0735
-58.0129
-58.9474
-59.873
-60.7854
-61.6799
-62.5517
-63.3958
-64.2074
-64.9821
-65.7159
-66.4056
-67.0485
-67.6431
-68.1887
-68.6857
-69.135
-69.5385
-69.8986
-70.2183
-70.5005
-70.7486
-70.966
-71.1557
-71.321
-71.4647
-71.5895
-71.6978
-71.7917
-71.8731
-71.9439
-72.0053
-72.0589
-72.1055
-72.1464
-72.1821
-72.2136
-72.2413
-72.2659
-72.2877
-72.3072
-72.3246
-72.3403
-72.3545
-72.3674
-72.3792
-72.39
-72.3999
-72.4091
-72.4176
-72.4255
-72.433
-72.44
-72.4466
-72.4528
-72.4587
-72.4644
-72.4698
-72.4749
-72.4798
-72.4846
-72.4891
-72.4935
-72.4977
-72.5018
-72.5057
-72.5095
-72.5132
-72.5167
-72.5202
-72.5235
-72.5267
-72.5298
-72.5328
-72.5357
-72.5384
-72.5411
-72.5437
-72.5462
-72.5486
-72.5509
-72.5531
-72.5552
-72.5572
-72.5591
-72.5609
-72.5626
-72.5642
-72.5658
-72.5672
-72.5686
-72.5698
-72.571
-72.572
-72.573
-72.5739
-72.5746
-72.5753
-72.5759
-72.5764
-72.5768
-72.5771
-72.5773
-72.5774
-72.5774
-72.5773
-72.5771
-72.5768
-72.5764
-72.5759
-72.5753
-72.5747
-72.5739
-72.573
-72.572
-72.571
-72.5698
-72.5685
-72.5672
-72.5657
-72.5641
-72.5625
-72.5607
-72.5588
-72.5569
-72.5548
-72.5526
-72.5504
-72.548
-72.5455
-72.543
-72.5403
-72.5375
-72.5347
-72.5317
-72.5287
-72.5255
-72.5222
-72.5189
-72.5154
-72.5119
-72.5082
-72.5044
-72.5006
-72.4966
-72.4926
-72.4884
-72.4842
-72.4798
-72.4754
-72.4708
-72.4662
-72.4614
-72.4566
-72.4516
-72.4466
-72.4414
-72.4362
-72.4309
-72.4255
-72.4199
-72.4143
-72.4086
-72.4028
-72.3969
-72.3909
-72.3848
-72.3786
-72.3723
-72.3659
-72.3594
-72.3528
-72.3462
-72.3394
-72.3325
-72.3256
-72.3185
-72.3114
-72.3042
-72.2969
-72.2895
-72.282
-72.2744
-72.2667
-72.2589
-72.251
-72.2431
-72.235
-72.2269
-72.2187
-72.2104
-72.202
-72.1935
-72.1849
-72.1762
-72.1675
-72.1587
-72.1497
-72.1407
-72.1316
-72.1225
-72.1132
-72.1039
-72.0944
-72.0849
-72.0753
-72.0657
-72.0559
-72.0461
-72.0361
-72.0261
-72.016
-72.0059
-71.9956
-71.9853
-71.9749
-71.9644
-71.9539
-71.9432
-71.9325
-71.9217
-71.9109
-71.8999
-71.8889
-71.8778
-71.8667
-71.8554
-71.8441
-71.8327
-71.8213
-71.8097
-71.7981
-71.7865
-71.7747
-71.7629
-71.751
-71.7391
-71.727
-71.715
-71.7028
-71.6906
-71.6783
-71.6659
-71.6535
-71.641
-71.6284
-71.6158
-71.6031
-71.5904
-71.5776
-71.5647
-71.5518
-71.5388
-71.5257
-71.5126
-71.4994
-71.4862
-71.4729
-71.4595
-71.4461
-71.4326
-71.4191
-71.4055
-71.3919
-71.3782
-71.3644
-71.3506
-71.3367
-71.3228
-71.3088
-71.2948
-71.2807
-71.2666
-71.2524
-71.2382
-71.2239
-71.2096
-71.1952
-71.1808
-71.1663
-71.1518
-71.1372
-71.1226
-71.1079
-71.0932
-71.0785
-70.9178
-70.6637
-70.3416
-69.9678
-69.5537
-69.1082
-68.6382
-68.1491
-67.6457
-67.1314
-66.6093
-66.0819
-65.5513
-65.0192
-64.4871
-63.9561
-63.4273
-62.9016
-62.3797
-61.8622
-61.3498
-60.8428
-60.3415
-59.7276
-59.0486
-58.3279
-57.5801
-56.8153
-56.0411
-55.263
-54.4853
-53.711
-52.9426
-52.1815
-51.4288
-50.6851
-49.9505
-49.2248
-48.5075
-47.798
-47.0952
-46.3979
-45.7047
-45.0141
-44.3241
-43.6327
-42.9377
-42.2367
-41.527
-40.8057
-40.0698
-39.3157
-38.5398
-37.7381
-36.9064
-36.0399
-35.1336
-34.1819
-33.179
-32.1184
-30.9932
-29.7962
-28.5196
-27.1552
-25.6947
-24.1295
-22.4514
-20.6527
-18.7267
-16.6683
-14.475
-12.1475
-9.69063
-7.11464
-4.43565
-1.67628
1.13433
3.9611
6.76412
9.50034
12.1256
14.5968
16.8743
18.9238
20.719
22.2428
23.4886
24.4606
25.1722
25.6443
25.9024
25.9738
25.8858
25.6633
25.3286
24.9007
24.3954
23.8254
23.2014
22.5318
21.8235
21.082
20.3121
19.5176
18.7019
17.8677
17.0177
16.1541
15.2787
14.3933
13.4997
12.5992
11.6931
10.7827
9.86906
8.95319
8.03602
7.1184
6.20109
5.28478
4.37013
3.4577
2.54803
1.64157
0.738752
-0.160041
-1.05447
-1.94425
-2.82909
-3.70878
-4.58312
-5.45192
-6.31504
-7.17236
-8.02377
-8.8692
-9.70859
-10.5419
-11.3691
-12.1901
-13.0051
-13.814
-14.6168
-15.4135
-16.2044
-16.9893
-17.7685
-18.5419
-19.3098
-20.0722
-20.8294
-21.5814
-22.3284
-23.0706
-23.8083
-24.5416
-25.2708
-25.9963
-26.7182
-27.4369
-28.1527
-28.8661
-29.5773
-30.2869
-30.9953
-31.7029
-32.4104
-33.1181
-33.8268
-34.5369
-35.2492
-35.9643
-36.6828
-37.4056
-38.1333
-38.8666
-39.6064
-40.3534
-41.1082
-41.8717
-42.6445
-43.4272
-44.2204
-45.0245
-45.8397
-46.6662
-47.5038
-48.3522
-49.2106
-50.078
-50.9529
-51.8334
-52.7168
-53.6004
-54.4805
-55.3533
-56.2142
-57.0585
-57.8814
-58.6778
-59.443
-60.1726
-60.8628
-61.5106
-62.1135
-62.6705
-63.181
-63.6456
-64.0656
-64.4429
-64.78
-65.0798
-65.3453
-65.5797
-65.7862
-65.9678
-66.1273
-66.2676
-66.3909
-66.4997
-66.5957
-66.6808
-66.7566
-66.8242
-66.8851
-66.94
-66.9899
-67.0356
-67.0776
-67.1165
-67.1528
-67.1868
-67.2189
-67.2494
-67.2784
-67.3062
-67.3331
-67.359
-67.3842
-67.4087
-67.4326
-67.4561
-67.4791
-67.5017
-67.5241
-67.5461
-67.5679
-67.5895
-67.6109
-67.632
-67.6531
-67.6739
-67.6947
-67.7153
-67.7358
-67.7562
-67.7765
-67.7967
-67.8168
-67.8368
-67.8568
-67.8766
-67.8964
-67.916
-67.9357
-67.9552
-67.9746
-67.994
-68.0133
-68.0325
-68.0516
-68.0707
-68.0897
-68.1086
-68.1274
-68.1461
-68.1647
-68.1833
-68.2018
-68.2202
-68.2385
-68.2567
-68.2749
-68.2929
-68.3109
-68.3287
-68.3465
-68.3642
-68.3818
-68.3993
-68.4167
-68.434
-68.4512
-68.4683
-68.4853
-68.5022
-68.519
-68.5357
-68.5523
-68.5688
-68.5852
-68.6015
-68.6176
-68.6337
-68.6497
-68.6655
-68.6813
-68.6969
-68.7125
-68.7279
-68.7432
-68.7584
-68.7735
-68.7885
-68.8033
-68.8181
-68.8327
-68.8472
-68.8616
-68.8759
-68.8901
-68.9041
-68.918
-68.9318
-68.9455
-68.9591
-68.9726
-68.9859
-68.9991
-69.0122
-69.0252
-69.0381
-69.0508
-69.0634
-69.0759
-69.0883
-69.1006
-69.1127
-69.1247
-69.1366
-69.1484
-69.16
-69.1715
-69.1829
-69.1942
-69.2054
-69.2164
-69.2273
-69.2381
-69.2487
-69.2593
-69.2697
-69.28
-69.2901
-69.3002
-69.3101
-69.3199
-69.3296
-69.3391
-69.3485
-69.3578
-69.367
-69.3761
-69.385
-69.3938
-69.4025
-69.4111
-69.4195
-69.4278
-69.436
-69.4441
-69.452
-69.4599
-69.4676
-69.4752
-69.4826
-69.49
-69.4972
-69.5043
-69.5113
-69.5181
-69.5249
-69.5315
-69.538
-69.5443
-69.5506
-69.5567
-69.5628
-69.5687
-69.5744
-69.5801
-69.5857
-69.5911
-69.5964
-69.6016
-69.6067
-69.6116
-69.6165
-69.6212
-69.6258
-69.6303
-69.6347
-69.6389
-69.6431
-69.6471
-69.651
-69.6548
-69.6585
-69.6621
-69.6656
-69.6689
-69.6722
-69.6753
-69.6783
-69.6812
-69.684
-69.6867
-69.6893
-69.6917
-69.6941
-69.6963
-69.6985
-69.7005
-69.7024
-69.7042
-69.706
-69.7076
-69.7091
-69.7104
-69.7117
-69.7129
-69.714
-69.7149
-69.7158
-69.7166
-69.7172
-69.7178
-69.7182
-69.7186
-69.7188
-69.719
-69.719
-69.719
-69.7188
-69.7186
-69.7182
-69.7178
-69.7172
-69.7166
-69.7158
-69.715
-69.7141
-69.713
-69.7119
-69.7107
-69.7093
-69.7079
-69.7064
-69.7048
-69.7031
-69.7013
-69.6995
-69.6975
-69.6954
-69.6933
-69.691
-69.6887
-69.6863
-69.6838
-69.6812
-69.6785
-69.6757
-69.6728
-69.6699
-69.6668
-69.6637
-69.6605
-69.6572
-69.6538
-69.6504
-69.6468
-69.6432
-69.6395
-69.6357
-69.6318
-69.6278
-69.6238
-69.6197
-69.6155
-69.6112
-69.6068
-69.6024
-69.5979
-69.5933
-69.5886
-69.5839
-69.579
-69.5741
-69.5692
-69.5641
-69.559
-69.5538
-69.5485
-69.5432
-69.5378
-69.5323
-69.5267
-69.5211
-69.5154
-69.5096
-69.5037
-69.4978
-69.4918
-69.4858
-69.4797
-69.4735
-69.4672
-69.4609
-69.4545
-69.4481
-69.4415
-69.4349
-69.4283
-69.4216
-69.4148
-69.408
-69.4011
-69.3941
-69.3871
-69.38
-69.3728
-69.3656
-69.3584
-69.351
-69.3437
-69.3362
-69.3287
-69.3212
-69.3135
-69.3059
-69.2981
-69.2903
-69.2825
-69.2746
-69.2667
-69.2586
-69.2506
-69.2425
-69.2343
-69.2261
-69.2178
-69.2095
-69.2011
-69.1927
-69.1842
-69.1757
-69.1672
-69.1585
-69.1499
-69.1412
-69.1324
-69.1236
-69.1147
-69.1058
-69.0969
-69.0879
-69.0789
-69.0698
-69.0607
-69.0515
-69.0423
-69.033
-69.0238
-69.0144
-69.005
-68.9956
-68.9862
-68.9767
-68.9671
-68.9576
-68.9479
-68.9383
-68.9286
-68.9189
-68.9091
-68.8993
-68.8895
-68.8796
-68.8697
-68.8597
-68.8497
-68.8397
-68.8297
-68.8196
-68.8095
-68.7993
-68.7892
-68.779
-68.7687
-68.7584
-68.7481
-68.7378
-68.7274
-68.7171
-68.7066
-68.6962
-68.6857
-68.6752
-68.6647
-68.6541
-68.6435
-68.6329
-68.6223
-68.6116
-68.6009
-68.5902
-68.5795
-68.5687
-68.5579
-68.5471
-68.5363
-68.5254
-68.5145
-68.5036
-68.4927
-68.4818
-68.4708
-68.4598
-68.4488
-68.4378
-68.4268
-68.4157
-68.4046
-68.3936
-68.3824
-68.3713
-68.3602
-68.349
-68.3378
-68.3266
-68.3154
-68.3042
-68.2929
-68.2817
-68.2704
-68.2591
-68.2478
-68.2365
-68.2252
-68.2138
-68.2025
-68.1911
-68.1798
-68.1684
-68.157
-68.1456
-68.1341
-68.1227
-68.1113
-68.0998
-68.0884
-68.0769
-68.0654
-68.0539
-68.0425
-68.031
-68.0195
-68.0079
-67.9964
-67.9849
-67.9734
-67.9618
-67.9503
-67.9387
-67.9272
-67.9156
-67.9041
-67.8925
-67.881
-67.8694
-67.8578
-67.8462
-67.8347
-67.8231
-67.8115
-67.7999
-67.7883
-67.7767
-67.7651
-67.7535
-67.742
-67.7304
-67.7188
-67.7072
-67.6956
-67.684
-67.5325
-67.2903
-66.9817
-66.6217
-66.2212
-65.7886
-65.3304
-64.852
-64.3577
-63.8509
-63.3346
-62.8111
-62.2825
-61.7502
-61.2158
-60.6803
-60.1448
-59.6099
-59.0763
-58.5446
-58.0152
-57.4883
-56.9643
-56.4433
-55.9254
-55.4105
-54.8985
-54.3894
-53.8828
-53.3785
-52.8761
-52.3751
-51.875
-51.3751
-50.8748
-50.3731
-49.8693
-49.3622
-48.8507
-48.3336
-47.8094
-47.2766
-46.7333
-46.1777
-45.6077
-45.0208
-44.4144
-43.7856
-43.131
-42.4469
-41.7291
-40.9731
-40.1735
-39.3244
-38.4191
-37.45
-36.4085
-35.2849
-34.0681
-32.7459
-31.3044
-29.7281
-28.0002
-26.1022
-24.0147
-21.7179
-19.1924
-16.4214
-13.3925
-10.1013
-6.555
-2.77698
1.18943
5.27869
9.40363
13.4601
17.3359
20.9225
24.1277
26.8865
29.1669
30.9699
32.3243
33.278
33.8885
34.2148
34.3111
34.2242
33.9924
33.6455
33.2066
32.6928
32.1173
31.4897
30.8174
30.1062
29.3607
28.5847
27.7814
26.9535
26.1035
25.2335
24.3457
23.4417
22.5234
21.5924
20.6502
19.6981
18.7376
17.7438
16.7358
15.7221
14.7072
13.6934
12.6827
11.676
10.6742
9.67798
8.68789
7.70434
6.72772
5.75832
4.7964
3.84219
2.89586
1.95757
1.02744
0.10555
-0.808024
-1.71324
-2.61007
-3.49852
-4.37858
-5.2503
-6.1137
-6.96884
-7.81578
-8.6546
-9.48538
-10.3082
-11.1232
-11.9304
-12.7301
-13.5222
-14.3069
-15.0844
-15.8549
-16.6183
-17.375
-18.1251
-18.8687
-19.6061
-20.3374
-21.0628
-21.7826
-22.4969
-23.2061
-23.9104
-24.61
-25.3053
-25.9965
-26.684
-27.3681
-28.0492
-28.7278
-29.4041
-30.0787
-30.752
-31.4246
-32.0969
-32.7695
-33.4429
-34.1179
-34.7949
-35.4747
-36.158
-36.8454
-37.5375
-38.2353
-38.9393
-39.6502
-40.3688
-41.0956
-41.8314
-42.5764
-43.3313
-44.0962
-44.8712
-45.6562
-46.4509
-47.2546
-48.0662
-48.8844
-49.7072
-50.5324
-51.3572
-52.1783
-52.9919
-53.794
-54.5803
-55.3463
-56.0873
-56.7993
-57.4783
-58.1207
-58.7241
-59.2862
-59.806
-60.2832
-60.7181
-61.1119
-61.4662
-61.7834
-62.0657
-62.316
-62.5371
-62.7317
-62.9027
-63.0527
-63.1841
-63.2992
-63.4001
-63.4886
-63.5665
-63.6352
-63.696
-63.75
-63.7983
-63.8416
-63.8808
-63.9165
-63.9491
-63.9793
-64.0073
-64.0336
-64.0584
-64.082
-64.1046
-64.1263
-64.1474
-64.1679
-64.188
-64.2077
-64.2272
-64.2465
-64.2656
-64.2847
-64.3037
-64.3227
-64.3417
-64.3608
-64.3799
-64.3991
-64.4184
-64.4378
-64.4573
-64.477
-64.4967
-64.5166
-64.5366
-64.5568
-64.577
-64.5974
-64.618
-64.6386
-64.6594
-64.6803
-64.7014
-64.7226
-64.7439
-64.7653
-64.7868
-64.8084
-64.8301
-64.852
-64.8739
-64.896
-64.9181
-64.9403
-64.9626
-64.985
-65.0075
-65.03
-65.0526
-65.0753
-65.098
-65.1208
-65.1437
-65.1666
-65.1895
-65.2125
-65.2356
-65.2586
-65.2817
-65.3049
-65.328
-65.3512
-65.3745
-65.3977
-65.4209
-65.4442
-65.4675
-65.4907
-65.514
-65.5373
-65.5606
-65.5838
-65.6071
-65.6303
-65.6536
-65.6768
-65.7
-65.7232
-65.7463
-65.7695
-65.7926
-65.8156
-65.8387
-65.8617
-65.8846
-65.9075
-65.9304
-65.9533
-65.976
-65.9988
-66.0215
-66.0441
-66.0667
-66.0892
-66.1117
-66.1341
-66.1564
-66.1787
-66.2009
-66.2231
-66.2452
-66.2672
-66.2891
-66.311
-66.3328
-66.3545
-66.3762
-66.3977
-66.4192
-66.4406
-66.462
-66.4832
-66.5043
-66.5254
-66.5464
-66.5673
-66.5881
-66.6088
-66.6294
-66.65
-66.6704
-66.6907
-66.711
-66.7311
-66.7512
-66.7711
-66.791
-66.8107
-66.8304
-66.8499
-66.8694
-66.8887
-66.908
-66.9271
-66.9461
-66.965
-66.9838
-67.0026
-67.0212
-67.0396
-67.058
-67.0763
-67.0945
-67.1125
-67.1304
-67.1483
-67.166
-67.1836
-67.2011
-67.2184
-67.2357
-67.2528
-67.2699
-67.2868
-67.3036
-67.3203
-67.3368
-67.3533
-67.3696
-67.3858
-67.4019
-67.4179
-67.4337
-67.4495
-67.4651
-67.4806
-67.496
-67.3773
-67.1757
-66.9163
-66.6145
-66.2811
-65.924
-65.5495
-65.1624
-64.7665
-64.3649
-63.9599
-63.5537
-63.1476
-62.7432
-62.3413
-61.943
-61.549
-61.1598
-60.7759
-60.3978
-60.0257
-59.66
-59.3008
-58.9483
-58.6027
-58.264
-57.9323
-57.6076
-57.2898
-56.9791
-56.6753
-56.3783
-56.0882
-55.8047
-55.5278
-55.2575
-54.9935
-54.7357
-54.484
-54.2382
-53.9983
-53.7639
-53.5351
-53.3115
-53.0931
-52.8796
-52.671
-52.467
-52.2674
-52.0722
-51.8811
-51.6939
-51.5105
-51.3308
-51.1546
-50.9817
-50.8119
-50.6451
-50.4812
-50.3199
-50.1612
-50.005
-49.8509
-49.699
-49.5491
-49.4009
-49.2545
-49.1097
-48.9663
-48.8242
-48.6833
-48.5434
-48.4044
-48.2662
-48.1287
-47.9917
-47.8551
-47.7188
-47.5827
-47.4466
-47.3103
-47.1738
-47.0369
-46.8995
-46.7614
-46.6226
-46.4827
-46.3417
-46.1995
-46.0558
-45.9105
-45.7634
-45.6143
-45.463
-45.3093
-45.153
-44.9939
-44.8317
-44.6662
-44.4971
-44.3241
-44.1469
-43.9652
-43.7787
-43.5869
-43.3896
-43.1862
-42.9764
-42.7597
-42.5355
-42.3033
-42.0625
-41.8125
-41.5526
-41.282
-41
-40.7057
-40.3982
-40.0764
-39.7394
-39.3857
-39.0144
-38.6238
-38.2126
-37.779
-37.3214
-36.8379
-36.3262
-35.7843
-35.2097
-34.5998
-33.9517
-33.2624
-32.5288
-31.7474
-30.9146
-30.0265
-29.0792
-28.0687
-26.9907
-25.8414
-24.6166
-23.313
-21.9275
-20.4579
-18.9031
-17.2635
-15.5416
-13.7423
-11.8736
-9.94691
-7.97771
-5.98564
-3.99445
-2.03152
-0.126818
1.68857
3.38434
4.93304
6.31185
7.50412
8.50006
9.29676
9.89759
10.311
10.5493
10.6271
10.5603
10.3649
10.0563
9.64905
9.15625
8.58972
7.9599
7.27592
6.54575
5.7763
4.97358
4.1428
3.2885
2.41462
1.52462
0.621511
-0.292054
-1.21375
-2.14154
-3.07361
-4.00837
-4.94444
-5.88057
-6.8157
-7.74888
-8.67928
-9.60617
-10.5289
-11.4471
-12.36
-13.2675
-14.1692
-15.0647
-15.9539
-16.8367
-17.7128
-18.5823
-19.4451
-20.3011
-21.1505
-21.9933
-22.8296
-23.6596
-24.4833
-25.3011
-26.1131
-26.9196
-27.7209
-28.5174
-29.3093
-30.0971
-30.8811
-31.662
-32.44
-33.2158
-33.9899
-34.7628
-35.5352
-36.3078
-37.0812
-37.856
-38.6331
-39.4131
-40.1969
-40.9851
-41.7785
-42.578
-43.3843
-44.1982
-45.0202
-45.8512
-46.6916
-47.5421
-48.403
-49.2745
-50.1568
-51.0499
-51.9533
-52.8665
-53.7887
-54.7185
-55.6544
-56.5943
-57.5358
-58.476
-59.4114
-60.3384
-61.2528
-62.15
-63.0255
-63.8745
-64.6923
-65.4745
-66.2172
-66.9171
-67.5715
-68.1787
-68.7377
-69.2486
-69.7121
-70.1298
-70.5039
-70.837
-71.1321
-71.3923
-71.6209
-71.821
-71.9956
-72.1477
-72.2799
-72.3946
-72.4942
-72.5805
-72.6554
-72.7203
-72.7767
-72.8256
-72.8682
-72.9053
-72.9376
-72.9659
-72.9906
-73.0124
-73.0315
-73.0484
-73.0633
-73.0765
-73.0882
-73.0987
-73.1081
-73.1165
-73.1241
-73.1309
-73.137
-73.1426
-73.1477
-73.1523
-73.1565
-73.1603
-73.1638
-73.167
-73.17
-73.1727
-73.1751
-73.1774
-73.1795
-73.1814
-73.1831
-73.1847
-73.1861
-73.1873
-73.1885
-73.1895
-73.1904
-73.1911
-73.1918
-73.1923
-73.1927
-73.193
-73.1932
-73.1933
-73.1933
-73.1932
-73.193
-73.1927
-73.1922
-73.1917
-73.1911
-73.1904
-73.1896
-73.1887
-73.1877
-73.1866
-73.1854
-73.1841
-73.1827
-73.1812
-73.1796
-73.178
-73.1762
-73.1743
-73.1724
-73.1703
-73.1681
-73.1659
-73.1635
-73.1611
-73.1586
-73.1559
-73.1532
-73.1503
-73.1474
-73.1444
-73.1413
-73.138
-73.1347
-73.1313
-73.1278
-73.1242
-73.1205
-73.1167
-73.1128
-73.1088
-73.1047
-73.1005
-73.0962
-73.0918
-73.0873
-73.0828
-73.0781
-73.0733
-73.0684
-73.0635
-73.0584
-73.0532
-73.048
-73.0426
-73.0372
-73.0316
-73.026
-73.0202
-73.0144
-73.0084
-73.0024
-72.9963
-72.9901
-72.9837
-72.9773
-72.9708
-72.9642
-72.9575
-72.9507
-72.9438
-72.9368
-72.9297
-72.9226
-72.9153
-72.9079
-72.9005
-72.8929
-72.8853
-72.8775
-72.8697
-72.8618
-72.8538
-72.8457
-72.8375
-72.8292
-72.8208
-72.8123
-72.8037
-72.7951
-72.7863
-72.7775
-72.7686
-72.7596
-72.7505
-72.7413
-72.732
-72.7226
-72.7131
-72.7036
-72.694
-72.6843
-72.6744
-72.6646
-72.6546
-72.6445
-72.6344
-72.6241
-72.6138
-72.6034
-72.5929
-72.5823
-72.5717
-72.5609
-72.5501
-72.5392
-72.5282
-72.5172
-72.506
-72.4948
-72.4835
-72.4721
-72.4606
-72.4491
-72.4375
-72.4258
-72.414
-72.4021
-72.3902
-72.3782
-72.3661
-72.354
-72.3417
-72.3294
-72.1699
-71.9169
-71.5969
-71.2265
-70.8173
-70.3783
-69.9166
-69.4376
-68.946
-68.4453
-67.9385
-67.4281
-66.9161
-66.4042
-65.8937
-65.3859
-64.8818
-64.3821
-63.8877
-63.399
-62.9166
-62.441
-61.9723
-61.5111
-61.0574
-60.6114
-60.1734
-59.7433
-59.3213
-58.9074
-58.5016
-58.1038
-57.7141
-57.3322
-56.9582
-56.5918
-56.233
-55.8816
-55.5375
-55.2003
-54.8699
-54.5462
-54.2288
-53.9175
-53.6121
-53.3123
-53.0178
-52.7284
-52.4437
-52.1635
-51.8874
-51.6152
-51.3465
-51.081
-50.8183
-50.5582
-50.3002
-50.0441
-49.7894
-49.5358
-49.283
-49.0305
-48.778
-48.5249
-48.2711
-48.0159
-47.7589
-47.4997
-47.2379
-46.9728
-46.704
-46.4308
-46.1529
-45.8694
-45.5798
-45.2833
-44.9792
-44.6668
-44.3452
-44.0134
-43.6705
-43.3155
-42.9471
-42.5641
-42.1653
-41.749
-41.3138
-40.8579
-40.3793
-39.876
-39.3458
-38.786
-38.194
-37.5668
-36.9011
-36.1932
-35.4394
-34.6354
-33.7764
-32.8576
-31.8736
-30.8185
-29.6865
-28.471
-27.1657
-25.7639
-24.2592
-22.6457
-20.9181
-19.0722
-17.1058
-15.0188
-12.8142
-10.4989
-8.08417
-5.58636
-3.02742
-0.434777
2.15893
4.71679
7.19892
9.56447
11.7738
13.791
15.5864
17.1384
18.4349
19.4734
20.2605
20.81
21.141
21.2756
21.2372
21.0486
20.7311
20.3039
19.7838
19.1853
18.5207
17.8001
17.0323
16.2246
15.3831
14.5129
13.6186
12.7038
11.772
10.826
9.86828
8.90114
7.92655
6.94627
5.96187
4.97476
3.98619
2.99729
2.00905
1.02237
0.0380515
-0.943207
-1.92078
-2.89412
-3.86274
-4.82622
-5.7842
-6.73637
-7.68246
-8.62225
-9.55556
-10.4823
-11.4022
-12.3154
-13.2217
-14.1211
-15.0136
-15.8735
-16.7116
-17.5325
-18.3388
-19.132
-19.9133
-20.6834
-21.4429
-22.1923
-22.9322
-23.663
-24.385
-25.0988
-25.8046
-26.503
-27.1944
-27.8791
-28.5576
-29.2304
-29.8978
-30.5605
-31.2189
-31.8734
-32.5246
-33.173
-33.8192
-34.4638
-35.1072
-35.7502
-36.3933
-37.0371
-37.6823
-38.3295
-38.9793
-39.6324
-40.2894
-40.9509
-41.6175
-42.2898
-42.9682
-43.6532
-44.3451
-45.0443
-45.7507
-46.4644
-47.1851
-47.9124
-48.6455
-49.3835
-50.1249
-50.868
-51.6108
-52.3507
-53.085
-53.8104
-54.5233
-55.2202
-55.8972
-56.5505
-57.1765
-57.7719
-58.3339
-58.8601
-59.349
-59.7995
-60.2114
-60.5851
-60.9215
-61.2223
-61.4893
-61.7247
-61.931
-62.1107
-62.2662
-62.4002
-62.5149
-62.6127
-62.6955
-62.7654
-62.8241
-62.873
-62.9137
-62.9472
-62.9747
-62.9971
-63.0153
-63.0298
-63.0414
-63.0506
-63.0578
-63.0633
-63.0676
-63.0709
-63.0735
-63.0755
-63.0771
-63.0785
-63.0798
-63.0811
-63.0825
-63.0841
-63.0859
-63.088
-63.0904
-63.0932
-63.0963
-63.0999
-63.1039
-63.1083
-63.1132
-63.1186
-63.1244
-63.1307
-63.1375
-63.1447
-63.1524
-63.1606
-63.1692
-63.1783
-63.1879
-63.1979
-63.2083
-63.2192
-63.2305
-63.2423
-63.2544
-63.267
-63.2799
-63.2933
-63.307
-63.3211
-63.3355
-63.3504
-63.3655
-63.381
-63.3969
-63.4131
-63.4295
-63.4463
-63.4634
-63.4808
-63.4985
-63.5165
-63.5347
-63.5532
-63.572
-63.591
-63.6102
-63.6297
-63.6494
-63.6694
-63.6895
-63.7099
-63.7304
-63.7512
-63.7722
-63.7933
-63.8146
-63.8361
-63.8577
-63.8796
-63.9015
-63.9236
-63.9459
-63.9683
-63.9908
-64.0135
-64.0363
-64.0592
-64.0822
-64.1053
-64.1285
-64.1519
-64.1753
-64.1988
-64.2224
-64.246
-64.2698
-64.2936
-64.3175
-64.3414
-64.3654
-64.3895
-64.4136
-64.4377
-64.4619
-64.4862
-64.5105
-64.5348
-64.5591
-64.5835
-64.6079
-64.6323
-64.6567
-64.6811
-64.7056
-64.73
-64.7545
-64.7789
-64.8034
-64.8278
-64.8522
-64.8767
-64.9011
-64.9255
-64.9498
-64.9742
-64.9985
-65.0228
-65.0471
-65.0713
-65.0955
-65.1197
-65.1438
-65.1679
-65.192
-65.216
-65.24
-65.2639
-65.2877
-65.3115
-65.3353
-65.359
-65.3826
-65.4062
-65.4297
-65.4532
-65.4766
-65.4999
-65.5232
-65.5463
-65.5695
-65.5925
-65.6155
-65.6384
-65.6612
-65.6839
-65.7066
-65.7291
-65.7516
-65.774
-65.7964
-65.8186
-65.8408
-65.8628
-65.8848
-65.9067
-65.9285
-65.9502
-65.9718
-65.9933
-66.0147
-66.036
-66.0572
-66.0783
-66.0993
-66.1203
-66.1411
-66.1618
-66.1824
-66.2029
-66.2233
-66.2436
-66.2638
-66.2839
-66.3038
-66.3237
-66.3435
-66.3631
-66.3827
-66.4021
-66.4214
-66.4406
-66.4597
-66.4787
-66.4975
-66.5163
-66.5349
-66.5535
-66.5719
-66.5902
-66.6084
-66.6264
-66.6444
-66.6622
-66.6799
-66.6975
-66.715
-66.7323
-66.7496
-66.7667
-66.7837
-66.8006
-66.8173
-66.834
-66.8505
-66.8669
-66.8831
-66.8993
-66.9153
-66.9312
-66.947
-66.9627
-66.9783
-66.9937
-67.009
-67.0242
-67.0392
-67.0542
-67.069
-67.0837
-67.0982
-67.1127
-67.127
-67.1412
-67.1553
-67.1692
-67.1831
-67.1968
-67.0751
-66.8682
-66.6009
-66.2884
-65.9413
-65.568
-65.1746
-64.7662
-64.3468
-63.9195
-63.487
-63.0514
-62.6145
-62.1776
-61.742
-61.3086
-60.8784
-60.4519
-60.0297
-59.6124
-59.2003
-58.7938
-58.3932
-57.9985
-57.6101
-57.228
-56.8523
-56.4831
-56.1203
-55.764
-55.4142
-55.0706
-54.7334
-54.4023
-54.0772
-53.758
-53.4445
-53.1365
-52.8338
-52.5363
-52.2437
-51.9557
-51.6722
-51.3928
-51.1173
-50.8454
-50.5769
-50.3114
-50.0487
-49.7884
-49.5302
-49.2738
-49.0189
-48.7651
-48.5121
-48.2595
-48.0069
-47.754
-47.5003
-47.2455
-46.9891
-46.7307
-46.4699
-46.2061
-45.9388
-45.6676
-45.3918
-45.111
-44.8244
-44.5314
-44.2314
-43.9235
-43.5239
-43.0663
-42.5661
-42.0318
-41.4685
-40.8793
-40.2659
-39.629
-38.9685
-38.2837
-37.5733
-36.8357
-36.0688
-35.2702
-34.4371
-33.5665
-32.655
-31.6991
-30.6949
-29.6383
-28.525
-27.3507
-26.1109
-24.8012
-23.4174
-21.9556
-20.4125
-18.7854
-17.0731
-15.2754
-13.3943
-11.434
-9.40137
-7.30665
-5.16361
-2.98993
-0.807349
1.35849
3.47854
5.52126
7.45405
9.24519
10.866
12.2932
13.5104
14.5094
15.2899
15.8593
16.2303
16.4198
16.4469
16.3311
16.0913
15.745
15.308
14.7941
14.215
13.581
12.9005
12.1809
11.4282
10.6477
9.84381
9.02031
8.18053
7.32732
6.46318
5.59031
4.71064
3.82589
2.93758
2.04705
1.1555
0.263996
-0.626509
-1.51517
-2.40125
-3.28409
-4.16309
-5.03776
-5.90763
-6.77232
-7.6315
-8.48487
-9.33218
-10.1732
-11.0078
-11.8359
-12.6572
-13.4507
-14.2252
-14.9845
-15.7305
-16.4644
-17.187
-17.8989
-18.6005
-19.2922
-19.9743
-20.6472
-21.3112
-21.9665
-22.6135
-23.2524
-23.8836
-24.5073
-25.1237
-25.7334
-26.3364
-26.9332
-27.5241
-28.1094
-28.6895
-29.2647
-29.8354
-30.4019
-30.9647
-31.5241
-32.0806
-32.6346
-33.1865
-33.7367
-34.2858
-34.8342
-35.3823
-35.9308
-36.4799
-37.0303
-37.5825
-38.137
-38.6941
-39.2545
-39.8185
-40.3867
-40.9592
-41.5365
-42.1188
-42.7062
-43.2987
-43.8964
-44.4988
-45.1055
-45.7159
-46.3291
-46.944
-47.559
-48.1726
-48.7828
-49.3873
-49.9839
-50.5699
-51.1426
-51.6995
-52.2379
-52.7555
-53.2501
-53.7199
-54.1635
-54.5798
-54.9684
-55.3291
-55.6622
-55.9684
-56.2486
-56.5041
-56.7363
-56.9467
-57.1369
-57.3086
-57.4634
-57.6028
-57.7285
-57.8417
-57.944
-58.0364
-58.1201
-58.1962
-58.2655
-58.3289
-58.3872
-58.441
-58.4909
-58.5374
-58.581
-58.6221
-58.6611
-58.6982
-58.7337
-58.7679
-58.8011
-58.8332
-58.8647
-58.8955
-58.9258
-58.9557
-58.9853
-59.0147
-59.0439
-59.073
-59.1021
-59.1313
-59.1604
-59.1897
-59.219
-59.2485
-59.2781
-59.308
-59.338
-59.3682
-59.3986
-59.4292
-59.46
-59.4911
-59.5224
-59.554
-59.5858
-59.6178
-59.65
-59.6825
-59.7152
-59.7482
-59.7813
-59.8147
-59.8483
-59.8822
-59.9162
-59.9505
-59.9849
-60.0196
-60.0545
-60.0895
-60.1247
-60.1602
-60.1957
-60.2315
-60.2674
-60.3035
-60.3397
-60.3761
-60.4127
-60.4493
-60.4861
-60.5231
-60.5601
-60.5973
-60.6346
-60.672
-60.7095
-60.7471
-60.7848
-60.8226
-60.8605
-60.8984
-60.9364
-60.9745
-61.0127
-61.0509
-61.0892
-61.1275
-61.1659
-61.2043
-61.2428
-61.2813
-61.3198
-61.3584
-61.397
-61.4356
-61.4742
-61.5129
-61.5515
-61.5901
-61.6288
-61.6674
-61.7061
-61.7447
-61.7833
-61.8219
-61.8605
-61.8991
-61.9376
-61.9761
-62.0146
-62.053
-62.0914
-62.1298
-62.1681
-62.2064
-62.2446
-62.2828
-62.3209
-62.3589
-62.3969
-62.4349
-62.4727
-62.5106
-62.5483
-62.586
-62.6235
-62.6611
-62.6985
-62.7358
-62.7731
-62.8103
-62.8474
-62.8844
-62.9213
-62.9581
-62.9949
-63.0315
-63.0681
-63.1045
-63.1408
-63.1771
-63.2132
-63.2492
-63.2851
-63.3209
-63.3566
-63.3922
-63.4276
-63.463
-63.4982
-63.5333
-63.5683
-63.6032
-63.6379
-63.6726
-63.7071
-63.7414
-63.7757
-63.8098
-63.8438
-63.8777
-63.9114
-63.945
-63.9784
-64.0118
-64.045
-64.078
-64.1109
-64.1437
-64.1764
-64.2089
-64.2412
-64.2734
-64.3055
-64.3374
-64.3692
-64.4009
-64.4324
-64.4637
-64.4949
-64.526
-64.5569
-64.4612
-64.2884
-64.0624
-63.7978
-63.5049
-63.191
-62.862
-62.5221
-62.1749
-61.823
-61.4686
-61.1136
-60.7592
-60.4066
-60.0567
-59.7103
-59.368
-59.0302
-58.6975
-58.3701
-58.0482
-57.7322
-57.4221
-57.1182
-56.8204
-56.5288
-56.2435
-55.9645
-55.6917
-55.4252
-55.1648
-54.9105
-54.6623
-54.4201
-54.1837
-53.9531
-53.7281
-53.5086
-53.2946
-53.0858
-52.8822
-52.6836
-52.4899
-52.301
-52.1167
-51.9369
-51.7614
-51.5901
-51.4229
-51.2597
-51.1003
-50.9446
-50.7925
-50.6438
-50.4984
-50.3562
-50.2171
-50.081
-49.9478
-49.8173
-49.6895
-49.5642
-49.4413
-49.3208
-49.2026
-49.0865
-48.9726
-48.8606
-48.7505
-48.6422
-48.5357
-48.4309
-48.3277
-48.226
-48.1258
-48.0269
-47.9294
-47.8331
-47.738
-47.644
-47.5511
-47.4592
-47.3683
-47.2782
-47.189
-47.1005
-47.0128
-46.9257
-46.8392
-46.7532
-46.6678
-46.5827
-46.498
-46.4137
-46.3295
-46.2456
-46.1618
-46.0781
-45.9944
-45.9106
-45.8267
-45.7426
-45.6583
-45.5736
-45.4885
-45.4029
-45.3167
-45.2299
-45.1423
-45.0539
-44.9646
-44.8743
-44.7828
-44.6901
-44.596
-44.5004
-44.4032
-44.3043
-44.2035
-44.1007
-43.9957
-43.8883
-43.7783
-43.6656
-43.55
-43.4312
-43.3091
-43.1833
-43.0536
-42.9198
-42.7814
-42.6383
-42.4901
-42.3364
-42.1767
-42.0108
-41.8381
-41.6581
-41.4704
-41.2743
-41.0692
-40.8545

