-65
-64.9994
-64.9988
-64.9982
-64.9977
-64.9971
-64.9965
-64.996
-64.9954
-64.9949
-64.9943
-64.9938
-64.9932
-64.9927
-64.9922
-64.9917
-64.9912
-64.9906
-64.9901
-64.9896
-64.9891
-64.9886
-64.9881
-64.9876
-64.9872
-64.9867
-64.9862
-64.9857
-64.9852
-64.9848
-64.9843
-64.9838
-64.9834
-64.9829
-64.9825
-64.982
-64.9816
-64.9811
-64.9807
-64.9802
-64.9798
-64.9794
-64.9789
-64.9785
-64.9781
-64.9777
-64.9772
-64.9768
-64.9764
-64.976
-64.9756
-64.9752
-64.9748
-64.9744
-64.974
-64.9736
-64.9732
-64.9728
-64.9725
-64.9721
-64.9717
-64.9713
-64.971
-64.9706
-64.9702
-64.9699
-64.9695
-64.9692
-64.9688
-64.9685
-64.9681
-64.9678
-64.9675
-64.9671
-64.9668
-64.9665
-64.9661
-64.9658
-64.9655
-64.9652
-64.9649
-64.9646
-64.9642
-64.9639
-64.9636
-64.9633
-64.963
-64.9628
-64.9625
-64.9622
-64.9619
-64.9616
-64.9613
-64.9611
-64.9608
-64.9605
-64.9603
-64.96
-64.9598
-64.9595
-64.9592
-64.959
-64.9588
-64.9585
-64.9583
-64.958
-64.9578
-64.9576
-64.9573
-64.9571
-64.9569
-64.9567
-64.9565
-64.9562
-64.956
-64.9558
-64.9556
-64.9554
-64.9552
-64.955
-64.9548
-64.9546
-64.9545
-64.9543
-64.9541
-64.9539
-64.9537
-64.9536
-64.9534
-64.9532
-64.9531
-64.9529
-64.9527
-64.9526
-64.9524
-64.9523
-64.9521
-64.952
-64.9519
-64.9517
-64.9516
-64.9514
-64.9513
-64.9512
-64.9511
-64.9509
-64.9508
-64.9507
-64.9506
-64.9505
-64.9504
-64.9503
-64.9502
-64.95
-64.9499
-64.9499
-64.9498
-64.9497
-64.9496
-64.9495
-64.9494
-64.9493
-64.9492
-64.9492
-64.9491
-64.949
-64.9489
-64.9489
-64.9488
-64.9487
-64.9487
-64.9486
-64.9486
-64.9485
-64.9485
-64.9484
-64.9484
-64.9483
-64.9483
-64.9482
-64.9482
-64.9482
-64.9481
-64.9481
-64.9481
-64.948
-64.948
-64.948
-64.948
-64.948
-64.9479
-64.9479
-64.9479
-64.9479
-64.9479
-64.9479
-64.9479
-64.9479
-64.9479
-64.9479
-64.9479
-64.9479
-64.9479
-64.9479
-64.9479
-64.9479
-64.9479
-64.9479
-64.948
-64.948
-64.948
-64.948
-64.9481
-64.9481
-64.9481
-64.9481
-64.9482
-64.9482
-64.9482
-64.9483
-64.9483
-64.9483
-64.9484
-64.9484
-64.9485
-64.9485
-64.9486
-64.9486
-64.9487
-64.9487
-64.9488
-64.9488
-64.9489
-64.9489
-64.949
-64.9491
-64.9491
-64.9492
-64.9492
-64.9493
-64.9494
-64.9494
-64.9495
-64.9496
-64.9497
-64.9497
-64.9498
-64.9499
-64.95
-64.95
-64.9501
-64.9502
-64.9503
-64.9504
-64.9504
-64.9505
-64.9506
-64.9507
-64.9508
-64.9509
-64.951
-64.951
-64.9511
-64.9512
-64.9513
-64.9514
-64.9515
-64.9516
-64.9517
-64.9518
-64.9519
-64.952
-64.9521
-64.9522
-64.9523
-64.9524
-64.9525
-64.9526
-64.9527
-64.9528
-64.9529
-64.953
-64.9532
-64.9533
-64.9534
-64.9535
-64.9536
-64.9537
-64.9538
-64.9539
-64.954
-64.9542
-64.9543
-64.9544
-64.9545
-64.9546
-64.9547
-64.9548
-64.955
-64.9551
-64.9552
-64.9553
-64.9554
-64.9556
-64.9557
-64.9558
-64.9559
-64.956
-64.9562
-64.9563
-64.9564
-64.9565
-64.9566
-64.9568
-64.9569
-64.957
-64.9571
-64.9573
-64.9574
-64.9575
-64.9576
-64.9578
-64.9579
-64.958
-64.9581
-64.9583
-64.9584
-64.9585
-64.9587
-64.9588
-64.9589
-64.959
-64.9592
-64.9593
-64.9594
-64.9595
-64.9597
-64.9598
-64.9599
-64.96
-64.9602
-64.9603
-64.9604
-64.9606
-64.9607
-64.9608
-64.9609
-64.9611
-64.9612
-64.9613
-64.9614
-64.9616
-64.9617
-64.9618
-64.962
-64.9621
-64.9622
-64.9623
-64.9625
-64.9626
-64.9627
-64.9628
-64.963
-64.9631
-64.9632
-64.9633
-64.9635
-64.9636
-64.9637
-64.9638
-64.964
-64.9641
-64.9642
-64.9643
-64.9645
-64.9646
-64.9647
-64.9648
-64.9649
-64.9651
-64.9652
-64.9653
-64.9654
-64.9655
-64.9657
-64.9658
-64.9659
-64.966
-64.9661
-64.9663
-64.9664
-64.9665
-64.9666
-64.9667
-64.9668
-64.8324
-64.6103
-64.3238
-63.9873
-63.6111
-63.2031
-62.7697
-62.3157
-61.8454
-61.362
-60.8682
-60.3663
-59.858
-59.3448
-58.828
-58.3086
-57.7872
-57.2646
-56.7411
-56.2173
-55.6931
-55.1688
-54.6443
-54.1195
-53.5941
-53.0679
-52.5403
-52.0108
-51.4788
-50.9434
-50.4038
-49.8587
-49.307
-48.7473
-48.1781
-47.5974
-47.0034
-46.3937
-45.7657
-45.1167
-44.4433
-43.7418
-43.0081
-42.2376
-41.4247
-40.5634
-39.6469
-38.6671
-37.615
-36.4803
-35.2511
-33.914
-32.4538
-30.8532
-29.0929
-27.1516
-25.0062
-22.6325
-20.0061
-17.1046
-13.9099
-10.4128
-6.61739
-2.54781
1.74692
6.18915
10.6735
15.0738
19.2554
23.0915
26.4802
29.3556
31.6937
33.509
34.8461
35.7678
36.3433
36.6397
36.716
36.6208
36.3924
36.0597
35.6441
35.1611
34.622
34.0353
33.4071
32.7423
32.0446
31.3171
30.5626
29.7833
28.9813
28.1584
27.2782
26.3678
25.4389
24.4972
23.5463
22.5884
21.6253
20.6583
19.6886
18.7171
17.7449
16.7727
15.8012
14.8312
13.8435
12.8532
11.8665
10.8865
9.91472
8.95196
7.99873
7.05532
6.12189
5.19851
4.28523
3.38204
2.48889
1.60576
0.732553
-0.130801
-0.984398
-1.82834
-2.66275
-3.48774
-4.30344
-5.10998
-5.9075
-6.69613
-7.47604
-8.24734
-9.01021
-9.76478
-10.5112
-11.2497
-11.9803
-12.7032
-13.4187
-14.1267
-14.8276
-15.5215
-16.2085
-16.8888
-17.5627
-18.2301
-18.8915
-19.5469
-20.1965
-20.8406
-21.4793
-22.113
-22.7417
-23.3658
-23.9856
-24.6012
-25.213
-25.8213
-26.4263
-27.0285
-27.6282
-28.2257
-28.8214
-29.4158
-30.0092
-30.6022
-31.1951
-31.7885
-32.3829
-32.9787
-33.5766
-34.1771
-34.7807
-35.3879
-35.9994
-36.6157
-37.2372
-37.8644
-38.4978
-39.1377
-39.7843
-40.4377
-41.098
-41.765
-42.4381
-43.1169
-43.8003
-44.4872
-45.176
-45.8649
-46.5518
-47.2342
-47.9095
-48.5747
-49.2269
-49.863
-50.4802
-51.0757
-51.6471
-52.1921
-52.7092
-53.1971
-53.655
-54.0827
-54.4803
-54.8483
-55.1876
-55.4994
-55.7851
-56.0463
-56.2845
-56.5014
-56.6988
-56.8783
-57.0415
-57.19
-57.3253
-57.4486
-57.5613
-57.6645
-57.7592
-57.8465
-57.9271
-58.0019
-58.0715
-58.1365
-58.1976
-58.2552
-58.3097
-58.3615
-58.411
-58.4585
-58.5042
-58.5484
-58.5913
-58.6331
-58.6738
-58.7137
-58.753
-58.7916
-58.8297
-58.8674
-58.9048
-58.9418
-58.9787
-59.0154
-59.0519
-59.0884
-59.1248
-59.1611
-59.1975
-59.2339
-59.2703
-59.3067
-59.3433
-59.3799
-59.4166
-59.4533
-59.4902
-59.5272
-59.5643
-59.6016
-59.6389
-59.6764
-59.7139
-59.7516
-59.7895
-59.8274
-59.8655
-59.9036
-59.9419
-59.9803
-60.0188
-60.0575
-60.0962
-60.135
-60.174
-60.213
-60.2521
-60.2913
-60.3306
-60.37
-60.4094
-60.449
-60.4886
-60.5282
-60.568
-60.6078
-60.6476
-60.6875
-60.7275
-60.7675
-60.8075
-60.8476
-60.8877
-60.9279
-60.968
-61.0082
-61.0485
-61.0887
-61.1289
-61.1692
-61.2094
-61.2497
-61.29
-61.3302
-61.3705
-61.4107
-61.4509
-61.4911
-61.5313
-61.5714
-61.6116
-61.6517
-61.6917
-61.7318
-61.7718
-61.8117
-61.8516
-61.8915
-61.9313
-61.9711
-62.0108
-62.0504
-62.09
-62.1295
-62.169
-62.2084
-62.2477
-62.2869
-62.3261
-62.3652
-62.4042
-62.4432
-62.482
-62.5208
-62.5595
-62.5981
-62.6366
-62.675
-62.7133
-62.7515
-62.7896
-62.8277
-62.8656
-62.9034
-62.9411
-62.9787
-63.0162
-63.0536
-63.0909
-63.128
-63.1651
-63.202
-63.2388
-63.2755
-63.3121
-63.3485
-63.3849
-63.4211
-63.4571
-63.4931
-63.5289
-63.5646
-63.6002
-63.6356
-63.6709
-63.7061
-63.7411
-63.776
-63.8108
-63.8454
-63.8799
-63.9143
-63.9485
-63.9826
-64.0165
-64.0503
-64.0839
-64.1174
-64.1508
-64.184
-64.2171
-64.25
-64.2828
-64.3154
-64.3479
-64.3802
-64.4124
-64.4444
-64.4763
-64.508
-64.5396
-64.571
-64.6023
-64.6334
-64.6644
-64.6952
-64.7258
-64.7563
-64.6602
-64.4873
-64.2616
-63.9979
-63.7062
-63.3941
-63.0672
-62.7299
-62.3856
-62.0369
-61.6861
-61.3348
-60.9843
-60.6359
-60.2903
-59.9483
-59.6106
-59.2775
-58.9494
-58.6268
-58.3098
-57.9986
-57.6934
-57.3944
-57.1015
-56.8148
-56.5344
-56.2603
-55.9924
-55.7307
-55.4751
-55.2257
-54.9823
-54.7448
-54.5131
-54.2872
-54.0669
-53.8521
-53.6427
-53.4385
-53.2395
-53.0455
-52.8564
-52.6721
-52.4924
-52.3171
-52.1462
-51.9796
-51.817
-51.6585
-51.5038
-51.3528
-51.2054
-51.0615
-50.921
-50.7837
-50.6496
-50.5186
-50.3904
-50.2651
-50.1426
-50.0227
-49.9053
-49.7904
-49.6779
-49.5676
-49.4596
-49.3537
-49.2498
-49.1479
-49.0479
-48.9498
-48.8534
-48.7587
-48.6656
-48.5742
-48.4842
-48.3957
-48.3086
-48.2229
-48.1385
-48.0553
-47.9733
-47.8924
-47.8127
-47.734
-47.6563
-47.5796
-47.5039
-47.429
-47.3549
-47.2816
-47.2091
-47.1373
-47.0662
-46.9957
-46.9258
-46.8564
-46.7876
-46.7192
-46.6512
-46.5837
-46.5164
-46.4495
-46.3828
-46.3163
-46.2499
-46.1837
-46.1175
-46.0514
-45.9852
-45.9189
-45.8525
-45.7858
-45.7189
-45.6517
-45.584
-45.5159
-45.4473
-45.3781
-45.3082
-45.2375
-45.166
-45.0936
-45.0202
-44.9456
-44.8698
-44.7926
-44.714
-44.6339
-44.552
-44.4683
-44.3826
-44.2948
-44.2047
-44.1121
-44.0169
-43.9188
-43.8177
-43.7132
-43.6053
-43.4935
-43.3778
-43.2577
-43.1329
-43.0031
-42.868
-42.7271
-42.5801
-42.4265
-42.2658
-42.0975
-41.921
-41.7358
-41.5411
-41.3362
-41.1205
-40.8929
-40.6527
-40.3989
-40.1303
-39.8458
-39.5441
-39.2239
-38.8837
-38.5217
-38.1363
-37.7254
-37.287
-36.8187
-36.3181
-35.7824
-35.2088
-34.594
-33.9347
-33.2273
-32.4679
-31.6525
-30.7771
-29.8373
-28.8291
-27.7483
-26.5913
-25.3549
-24.0371
-22.6368
-21.1548
-19.594
-17.9602
-16.2621
-14.5124
-12.7274
-10.9272
-9.13536
-7.37774
-5.68151
-4.07354
-2.57873
-1.21862
-0.0101633
1.03493
1.91037
2.615
3.1521
3.52855
3.75387
3.83927
3.79687
3.63906
3.37796
3.02518
2.59149
2.08683
1.52017
0.899601
0.232345
-0.475171
-1.21725
-1.98883
-2.78546
-3.60318
-4.4385
-5.28833
-6.14995
-7.02093
-7.89915
-8.78272
-9.66999
-10.5595
-11.4499
-12.3402
-13.2293
-14.1163
-15.0006
-15.8815
-16.7585
-17.631
-18.4988
-19.3614
-20.2188
-21.0706
-21.9167
-22.7572
-23.592
-24.421
-25.2445
-26.0624
-26.875
-27.6825
-28.4851
-29.2831
-30.0768
-30.8667
-31.653
-32.4362
-33.2169
-33.9955
-34.7726
-35.5487
-36.3246
-37.1007
-37.8779
-38.6568
-39.4381
-40.2227
-41.0111
-41.8044
-42.6031
-43.4081
-44.2201
-45.0398
-45.868
-46.7052
-47.552
-48.4089
-49.2762
-50.154
-51.0425
-51.9413
-52.8501
-53.768
-54.6941
-55.627
-56.5648
-57.5054
-58.4461
-59.3838
-60.315
-61.2358
-62.142
-63.0291
-63.8924
-64.7275
-65.5298
-66.2953
-67.0204
-67.702
-68.3381
-68.9271
-69.4686
-69.9629
-70.411
-70.8148
-71.1764
-71.4986
-71.7842
-72.0364
-72.2582
-72.4526
-72.6226
-72.7709
-72.9001
-73.0125
-73.1101
-73.1948
-73.2683
-73.3321
-73.3874
-73.4354
-73.477
-73.5132
-73.5446
-73.5719
-73.5956
-73.6163
-73.6342
-73.6499
-73.6635
-73.6753
-73.6856
-73.6946
-73.7024
-73.7092
-73.715
-73.7201
-73.7244
-73.7281
-73.7313
-73.7339
-73.7361
-73.738
-73.5978
-73.3738
-73.0942
-72.7763
-72.4316
-72.0687
-71.6937
-71.3115
-70.9256
-70.5388
-70.1533
-69.7707
-69.3924
-69.0192
-68.6521
-68.2915
-67.9379
-67.5916
-67.253
-66.922
-66.599
-66.2838
-65.9765
-65.677
-65.3855
-65.1016
-64.8255
-64.5569
-64.2958
-64.042
-63.7953
-63.5558
-63.3231
-63.0973
-62.878
-62.6653
-62.4588
-62.2586
-62.0644
-61.8761
-61.6935
-61.5166
-61.3451
-61.179
-61.018
-60.8622
-60.7113
-60.5652
-60.4238
-60.287
-60.1546
-60.0266
-59.9029
-59.7832
-59.6676
-59.556
-59.4481
-59.344
-59.2436
-59.1466
-59.0532
-58.9631
-58.8763
-58.7927
-58.7123
-58.6349
-58.5605
-58.4891
-58.4204
-58.3546
-58.2915
-58.231
-58.1731
-58.1177
-58.0648
-58.0143
-57.9662
-57.9204
-57.8768
-57.8355
-57.7963
-57.7592
-57.7241
-57.6911
-57.6601
-57.631
-57.6038
-57.5784
-57.5548
-57.5331
-57.513
-57.4947
-57.478
-57.463
-57.4495
-57.4376
-57.4273
-57.4184
-57.4111
-57.4051
-57.4006
-57.3974
-57.3956
-57.3952
-57.396
-57.3981
-57.4014
-57.406
-57.4118
-57.4187
-57.4268
-57.436
-57.4463
-57.4577
-57.4702
-57.4837
-57.4982
-57.5137
-57.5302
-57.5476
-57.566
-57.5852
-57.6054
-57.6264
-57.6483
-57.6711
-57.6946
-57.7189
-57.744
-57.7699
-57.7965
-57.8239
-57.852
-57.8807
-57.9101
-57.9402
-57.971
-58.0024
-58.0344
-58.0669
-58.1001
-58.1339
-58.1681
-58.203
-58.2383
-58.2742
-58.3106
-58.3474
-58.3847
-58.4225
-58.4607
-58.4993
-58.5384
-58.5778
-58.6177
-58.6579
-58.6985
-58.7394
-58.7807
-58.8222
-58.8642
-58.9064
-58.9489
-58.9917
-59.0347
-59.0781
-59.1217
-59.1655
-59.2095
-59.2538
-59.2982
-59.3429
-59.3878
-59.4328
-59.478
-59.5234
-59.5689
-59.6145
-59.6603
-59.7062
-59.7522
-59.7984
-59.8446
-59.8909
-59.9373
-59.9838
-60.0304
-60.077
-60.1236
-60.1703
-60.2171
-60.2639
-60.3107
-60.3575
-60.4043
-60.4511
-60.498
-60.5448
-60.5916
-60.6384
-60.6851
-60.7319
-60.7786
-60.8252
-60.8718
-60.9184
-60.9649
-61.0113
-61.0576
-61.1039
-61.1501
-61.1963
-61.2423
-61.2883
-61.3341
-61.3799
-61.4255
-61.4711
-61.5165
-61.5618
-61.6071
-61.6521
-61.6971
-61.6194
-61.4657
-61.2586
-61.0119
-60.7353
-60.4361
-60.1199
-59.7909
-59.4527
-59.108
-58.7589
-58.4073
-58.0545
-57.7019
-57.3503
-57.0005
-56.6532
-56.3089
-55.968
-55.631
-55.2981
-54.9695
-54.6453
-54.3258
-54.011
-53.701
-53.3957
-53.0952
-52.7995
-52.5084
-52.2219
-51.9399
-51.6622
-51.3889
-51.1196
-50.8542
-50.5927
-50.3347
-50.0801
-49.8286
-49.5802
-49.3345
-49.0913
-48.8504
-48.6115
-48.3745
-48.139
-47.9048
-47.6715
-47.4391
-47.207
-46.9752
-46.7431
-46.5107
-46.2775
-46.0432
-45.8075
-45.57
-45.3303
-45.0882
-44.8431
-44.5948
-44.3426
-44.0863
-43.8253
-43.5592
-43.2873
-43.0092
-42.7242
-42.4317
-42.131
-41.8215
-41.5023
-41.1726
-40.8316
-40.4783
-40.1116
-39.7304
-39.3337
-38.92
-38.488
-38.0363
-37.5631
-37.0668
-36.5455
-35.997
-35.4193
-34.81
-34.1665
-33.486
-32.7657
-32.0025
-31.1929
-30.3336
-29.4209
-28.4509
-27.4198
-26.3236
-25.1584
-23.9206
-22.6066
-21.2136
-19.7392
-18.1823
-16.543
-14.823
-13.0264
-11.1599
-9.23333
-7.26012
-5.25765
-3.2473
-1.25431
0.692955
2.56411
4.32838
5.95656
7.42306
8.70766
9.79673
10.6838
11.3693
11.8595
12.1656
12.3017
12.284
12.1291
11.8536
11.4728
11.001
10.451
9.83405
9.15993
8.43721
7.67329
6.87454
6.04647
5.19383
4.32077
3.43087
2.52726
1.61271
0.689595
-0.239954
-1.17408
-2.11114
-3.04968
-3.98844
-4.92629
-5.86224
-6.79543
-7.72511
-8.6506
-9.57136
-10.4869
-11.3967
-12.3005
-13.1981
-14.089
-14.9732
-15.8506
-16.7209
-17.5841
-18.4402
-19.2892
-20.1311
-20.966
-21.794
-22.6151
-23.4297
-24.2377
-25.0394
-25.8351
-26.625
-27.4094
-28.1886
-28.963
-29.7328
-30.4986
-31.2607
-32.0197
-32.7759
-33.5299
-34.2823
-35.0336
-35.7844
-36.5354
-37.2872
-38.0405
-38.796
-39.5544
-40.3164
-41.0828
-41.8543
-42.6316
-43.4154
-44.2066
-45.0056
-45.8132
-46.6298
-47.456
-48.292
-49.1381
-49.9943
-50.8604
-51.7361
-52.6206
-53.513
-54.412
-55.3159
-56.2224
-57.129
-58.0328
-58.9302
-59.8174
-60.6902
-61.5442
-62.3748
-63.1774
-63.9477
-64.6816
-65.3755
-66.0267
-66.6331
-67.1934
-67.7072
-68.1752
-68.5984
-68.9788
-69.3187
-69.6208
-69.8882
-70.1239
-70.331
-70.5124
-70.6711
-70.8097
-70.9306
-71.0361
-71.1281
-71.2085
-71.2787
-71.3402
-71.3942
-71.4417
-71.4836
-71.5207
-71.5536
-71.583
-71.6093
-71.633
-71.6544
-71.6738
-71.6914
-71.7077
-71.7226
-71.7364
-71.7492
-71.7612
-71.7725
-71.7831
-71.7931
-71.8026
-71.8117
-71.8203
-71.8286
-71.8366
-71.8443
-71.8517
-71.8589
-71.8658
-71.8726
-71.8792
-71.8855
-71.8918
-71.8979
-71.9038
-71.9096
-71.9152
-71.9208
-71.9262
-71.9315
-71.9367
-71.9417
-71.9467
-71.9515
-71.9563
-71.9609
-71.9655
-71.9699
-71.9743
-71.9785
-71.9827
-71.9867
-71.9906
-71.9945
-71.9982
-72.0019
-72.0055
-72.0089
-72.0123
-72.0156
-72.0187
-72.0218
-72.0248
-72.0276
-72.0304
-72.0331
-72.0357
-72.0382
-72.0406
-72.0428
-72.045
-72.0471
-72.0491
-71.9099
-71.6851
-71.4021
-71.0775
-70.7227
-70.3464
-69.955
-69.5535
-69.1457
-68.7347
-68.323
-67.9123
-67.5043
-67.1002
-66.701
-66.3074
-65.92
-65.5394
-65.166
-64.7999
-64.4416
-64.091
-63.7484
-63.4139
-63.0874
-62.7689
-62.4585
-62.1561
-61.8616
-61.575
-61.2961
-61.0249
-60.7612
-60.505
-60.256
-60.0142
-59.7794
-59.5514
-59.3302
-59.1156
-58.9074
-58.7056
-58.5098
-58.3201
-58.1363
-57.9581
-57.7855
-57.6184
-57.4566
-57.2999
-57.1483
-57.0016
-56.8597
-56.7224
-56.5897
-56.4614
-56.3374
-56.2176
-56.1019
-55.9902
-55.8824
-55.7784
-55.678
-55.5813
-55.4881
-55.3984
-55.3119
-55.2288
-55.1488
-55.072
-54.9982
-54.9274
-54.8595
-54.7944
-54.7322
-54.6726
-54.6157
-54.5615
-54.5097
-54.4605
-54.4138
-54.3695
-54.3275
-54.2878
-54.2504
-54.2153
-54.1823
-54.1516
-54.1229
-54.0963
-54.0718
-54.0493
-54.0288
-54.0102
-53.8906
-53.712
-53.4942
-53.2491
-52.9847
-52.7067
-52.4193
-52.1258
-51.8285
-51.5294
-51.2297
-50.9305
-50.6327
-50.3368
-50.0435
-49.7528
-49.4652
-49.1808
-48.8996
-48.6218
-48.3473
-48.0761
-47.8081
-47.5432
-47.2814
-47.0224
-46.7661
-46.5125
-46.2612
-46.0121
-45.7651
-45.5198
-45.2762
-45.0339
-44.7928
-44.5526
-44.3131
-43.9931
-43.6281
-43.2342
-42.8206
-42.393
-41.9552
-41.5099
-41.0586
-40.6024
-40.1418
-39.6773
-39.2086
-38.7358
-38.2583
-37.7759
-37.288
-36.7939
-36.2931
-35.7848
-35.2684
-34.7431
-34.208
-33.6624
-33.1054
-32.5362
-31.9541
-31.358
-30.7473
-30.121
-29.4784
-28.8187
-28.141
-27.4448
-26.7294
-25.9941
-25.2384
-24.4619
-23.6643
-22.8453
-22.0049
-21.143
-20.26
-19.3561
-18.4319
-17.4881
-16.5257
-15.5458
-14.5497
-13.5392
-12.516
-11.4825
-10.4412
-9.39501
-8.34758
-7.30297
-6.26602
-5.24239
-4.23868
-3.26248
-2.32235
-1.42772
-0.588592
0.18479
0.882497
1.49548
2.01613
2.4388
2.76008
2.97893
3.09665
3.11654
3.04358
2.88396
2.64466
2.33304
1.95652
1.52229
1.0372
0.50759
-0.0607385
-0.662539
-1.29311
-1.94827
-2.62429
-3.3179
-4.02619
-4.74659
-5.47685
-6.21497
-6.95918
-7.70793
-8.45984
-9.21369
-9.96841
-10.7231
-11.4768
-12.2289
-12.9787
-13.7256
-14.4692
-15.209
-15.9446
-16.6758
-17.4023
-18.1238
-18.8402
-19.5514
-20.2571
-20.9575
-21.6523
-22.3416
-23.0254
-23.7038
-24.3768
-25.0444
-25.7069
-26.3642
-27.0167
-27.6643
-28.3074
-28.9462
-29.5808
-30.2115
-30.8386
-31.4623
-32.0831
-32.7012
-33.3169
-33.9307
-34.5429
-35.154
-35.7642
-36.3742
-36.9843
-37.595
-38.2068
-38.8202
-39.4357
-40.0538
-40.675
-41.2999
-41.9288
-42.5623
-43.2009
-43.8449
-44.4948
-45.1507
-45.8131
-46.4819
-47.1572
-47.8388
-48.5264
-49.2196
-49.9175
-50.6192
-51.3234
-52.0285
-52.7326
-53.4334
-54.1286
-54.8152
-55.4904
-56.151
-56.7938
-57.4156
-58.0136
-58.585
-59.1276
-59.6394
-60.1192
-60.5662
-60.9803
-61.3616
-61.7111
-62.03
-62.3197
-62.5821
-62.819
-63.0326
-63.2248
-63.3977
-63.5532
-63.6932
-63.8193
-63.9333
-64.0364
-64.1301
-64.2155
-64.2936
-64.3654
-64.4317
-64.4932
-64.5505
-64.6042
-64.6547
-64.7025
-64.7479
-64.7913
-64.8329
-64.8729
-64.9115
-64.949
-64.9854
-65.0209
-65.0556
-65.0896
-65.1229
-65.1558
-65.1881
-65.22
-65.2515
-65.2827
-65.3136
-65.3442
-65.3745
-65.4046
-65.4345
-65.4642
-65.4937
-65.523
-65.5522
-65.5812
-65.6101
-65.6389
-65.6675
-65.696
-65.7244
-65.7526
-65.7808
-65.8088
-65.8367
-65.8645
-65.8922
-65.9198
-65.9473
-65.9747
-66.002
-66.0291
-66.0562
-66.0831
-66.11
-66.1368
-66.1634
-66.1899
-66.2164
-66.2427
-66.2689
-66.295
-66.321
-66.3469
-66.3726
-66.3983
-66.4238
-66.4492
-66.4746
-66.4997
-66.5248
-66.5498
-66.5746
-66.5994
-66.624
-66.6485
-66.6728
-66.6971
-66.7212
-66.7452
-66.769
-66.7928
-66.8164
-66.8399
-66.8633
-66.8865
-66.9096
-66.9326
-66.9555
-66.9782
-67.0008
-67.0233
-67.0456
-67.0678
-67.0899
-67.1118
-67.1336
-67.1553
-67.1768
-67.1982
-67.2195
-67.2406
-67.2616
-67.2825
-67.3032
-67.3238
-67.3443
-67.3646
-67.3847
-67.4048
-67.4247
-67.4444
-67.4641
-67.4836
-67.5029
-67.5221
-67.5412
-67.5601
-67.5789
-67.5975
-67.6161
-67.6344
-67.6527
-67.6707
-67.6887
-67.7065
-67.7242
-67.7417
-67.7591
-67.7763
-67.7935
-67.8104
-67.8273
-67.8439
-67.8605
-67.8769
-67.8932
-67.9093
-67.9253
-67.9411
-67.9568
-67.9724
-67.9878
-68.0031
-68.0183
-68.0333
-68.0481
-68.0629
-68.0775
-68.0919
-68.1062
-68.1204
-68.1344
-68.1483
-68.1621
-68.1757
-68.1892
-68.2026
-68.2158
-68.2288
-68.2418
-68.2546
-68.2672
-68.2798
-68.2922
-68.3044
-68.3165
-68.3285
-68.3404
-68.3521
-68.3637
-68.3751
-68.3864
-68.3976
-68.4087
-68.4196
-68.4303
-68.441
-68.4515
-68.4619
-68.4722
-68.4823
-68.4923
-68.5021
-68.5119
-68.5215
-68.5309
-68.5403
-68.5495
-68.5586
-68.5675
-68.5764
-68.5851
-68.5936
-68.6021
-68.6104
-68.6186
-68.6267
-68.6346
-68.6424
-68.6501
-68.6577
-68.6651
-68.6725
-68.6797
-68.6867
-68.6937
-68.7005
-68.7072
-68.7138
-68.7203
-68.7267
-68.7329
-68.739
-68.745
-68.7509
-68.7566
-68.7623
-68.7678
-68.7732
-68.7785
-68.7836
-68.7887
-68.7936
-68.7984
-68.8032
-68.8077
-68.8122
-68.8166
-68.8209
-68.825
-68.829
-68.8329
-68.8368
-68.8405
-68.844
-68.8475
-68.8509
-68.8541
-68.8573
-68.8603
-68.8633
-68.8661
-68.8688
-68.8714
-68.874
-68.8764
-68.8787
-68.8809
-68.8829
-68.8849
-68.8868
-68.8886
-68.8903
-68.8919
-68.8933
-68.8947
-68.896
-68.8972
-68.8983
-68.8992
-68.9001
-68.9009
-68.9016
-68.9022
-68.9027
-68.9031
-68.9034
-68.9036
-68.9037
-68.9037
-68.9036
-68.9034
-68.9032
-68.9028
-68.9024
-68.9018
-68.9012
-68.9005
-68.8997
-68.8988
-68.8978
-68.8967
-68.8955
-68.8943
-68.8929
-68.8915
-68.89
-68.8884
-68.8867
-68.8849
-68.883
-68.8811
-68.8791
-68.877
-68.8748
-68.8725
-68.8702
-68.8677
-68.8652
-68.8626
-68.8599
-68.8572
-68.8544
-68.8514
-68.8485
-68.8454
-68.8422
-68.839
-68.8357
-68.8324
-68.8289
-68.8254
-68.8218
-68.8181
-68.8144
-68.8106
-68.8067
-68.8027
-68.7987
-68.7946
-68.7904
-68.7862
-68.7819
-68.7775
-68.7731
-68.7685
-68.764
-68.7593
-68.7546
-68.7498
-68.745
-68.7401
-68.7351
-68.73
-68.7249
-68.7198
-68.7145
-68.7092
-68.7039
-68.6984
-68.693
-68.6874
-68.6818
-68.6762
-68.6704
-68.6647
-68.6588
-68.6529
-68.647
-68.641
-68.6349
-68.6288
-68.6226
-68.6164
-68.6101
-68.6038
-68.5974
-68.5909
-68.5844
-68.5779
-68.5713
-68.5646
-68.5579
-68.5511
-68.5443
-68.5375
-68.5306
-68.5236
-68.5166
-68.5095
-68.5024
-68.4953
-68.4881
-68.4809
-68.4736
-68.4662
-68.4589
-68.4514
-68.444
-68.4364
-68.4289
-68.4213
-68.4137
-68.406
-68.3982
-68.3905
-68.3827
-68.3748
-68.3669
-68.359
-68.351
-68.343
-68.335
-68.3269
-68.3188
-68.3106
-68.3024
-68.2942
-68.286
-68.2777
-68.2693
-68.2609
-68.2525
-68.2441
-68.2356
-68.2271
-68.2186
-68.21
-68.2014
-68.1928
-68.1841
-68.1754
-68.1667
-68.1579
-68.1492
-68.1403
-68.1315
-68.1226
-68.1137
-68.1048
-68.0958
-68.0869
-68.0778
-68.0688
-68.0597
-68.0507
-68.0415
-68.0324
-68.0232
-68.0141
-68.0048
-67.9956
-67.9864
-67.9771
-67.9678
-67.9585
-67.9491
-67.9397
-67.9304
-67.921
-67.9115
-67.9021
-67.8926
-67.8831
-67.8736
-67.8641
-67.8546
-67.845
-67.8354
-67.8258
-67.8162
-67.8066
-67.797
-67.7873
-67.7776
-67.768
-67.7583
-67.7485
-67.7388
-67.7291
-67.7193
-67.7095
-67.6997
-67.6899
-67.6801
-67.6703
-67.6605
-67.6506
-67.6408
-67.6309
-67.621
-67.6111
-67.6012
-67.5913
-67.5814
-67.5715
-67.5616
-67.5516
-67.5417
-67.5317
-67.5218
-67.5118
-67.5018
-67.4918
-67.4818
-67.4718
-67.4618
-67.4518
-67.4418
-67.4318
-67.4218
-67.4118
-67.4017
-67.3917
-67.3817
-67.3716
-67.3616
-67.3516
-67.3415
-67.3315
-67.3214
-67.3114
-67.3013
-67.2913
-67.2812
-67.2711
-67.2611
-67.251
-67.241
-67.0919
-66.8526
-66.5472
-66.1907
-65.7938
-65.3649
-64.9105
-64.4358
-63.9451
-63.442
-62.9292
-62.409
-61.8836
-61.3544
-60.8229
-60.2901
-59.757
-59.2244
-58.6929
-58.1629
-57.6349
-57.1093
-56.5861
-56.0656
-55.5477
-55.0325
-54.5198
-54.0095
-53.5012
-52.9947
-52.4894
-51.985
-51.4807
-50.9759
-50.4699
-49.9617
-49.4502
-48.9345
-48.4132
-47.885
-47.3484
-46.8015
-46.2425
-45.6692
-45.0794
-44.4704
-43.8392
-43.1826
-42.4969
-41.778
-41.0213
-40.2215
-39.3727
-38.4683
-37.5008
-36.4616
-35.341
-34.1283
-32.811
-31.3755
-29.8063
-28.0868
-26.1984
-24.1219
-21.8372
-19.3251
-16.5682
-13.5537
-10.2764
-6.74275
-2.97473
0.985689
5.07422
9.20459
13.2729
17.1664
20.7751
24.005
26.7889
29.0931
30.9173
32.2895
33.2576
33.8792
34.2136
34.3156
34.2325
34.0028
33.6569
33.2179
32.7034
32.1264
31.4969
30.8223
30.1085
29.3601
28.581
27.7743
26.9429
26.0892
25.2154
24.3236
23.4157
22.4933
21.5581
20.6117
19.6554
18.6907
17.7188
16.7408
15.758
14.7712
13.7816
12.79
11.7972
10.8041
9.81139
8.81969
7.82963
6.84179
5.85668
4.87476
3.89648
2.9222
1.95227
0.987009
0.026682
-0.928469
-1.87824
-2.82244
-3.76092
-4.69355
-5.62022
-6.54086
-7.4554
-8.36379
-9.26601
-10.1621
-11.0519
-11.9357
-12.8133
-13.6849
-14.5505
-15.4102
-16.2641
-17.1123
-17.955
-18.7923
-19.6243
-20.4513
-21.2734
-22.0908
-22.9039
-23.7128
-24.5179
-25.3195
-26.1178
-26.9134
-27.7066
-28.4978
-29.2876
-30.0764
-30.8649
-31.6535
-32.443
-33.2341
-34.0274
-34.8238
-35.6241
-36.429
-37.2397
-38.0569
-38.8816
-39.7149
-40.5578
-41.4113
-42.2763
-43.154
-44.0452
-44.9508
-45.8716
-46.8082
-47.761
-48.7301
-49.7155
-50.7166
-51.7325
-52.7616
-53.8019
-54.8505
-55.904
-56.9581
-58.0079
-59.0476
-60.071
-61.0714
-62.0418
-62.9756
-63.8662
-64.7079
-65.4959
-66.2268
-66.8982
-67.5093
-68.0606
-68.5538
-68.9916
-69.3775
-69.7154
-70.0098
-70.265
-70.4853
-70.675
-70.8379
-70.9775
-71.0971
-71.1995
-71.2872
-71.3625
-71.4271
-71.4827
-71.5308
-71.5724
-71.6085
-71.6401
-71.6678
-71.6922
-71.7138
-71.7331
-71.7504
-71.766
-71.7802
-71.7932
-71.8051
-71.8162
-71.8265
-71.8361
-71.8452
-71.8537
-71.8619
-71.8697
-71.8772
-71.8843
-71.8913
-71.898
-71.9045
-71.9109
-71.9171
-71.9231
-71.929
-71.9348
-71.9405
-71.9461
-71.9515
-71.9569
-71.9622
-71.9674
-71.9725
-71.9775
-71.9824
-71.9873
-71.9921
-71.9968
-72.0015
-72.006
-72.0105
-72.0149
-72.0193
-72.0235
-72.0277
-72.0318
-72.0359
-72.0398
-72.0437
-72.0475
-72.0513
-72.0549
-72.0585
-72.062
-72.0654
-72.0688
-72.072
-72.0752
-72.0783
-72.0814
-72.0843
-72.0872
-72.0899
-72.0926
-72.0952
-72.0977
-72.1002
-72.1025
-72.1048
-72.107
-72.1091
-72.1111
-72.113
-72.1148
-72.1165
-72.1182
-72.1197
-72.1212
-72.1226
-72.1238
-72.125
-72.1261
-72.1271
-72.128
-72.1289
-72.1296
-72.1302
-72.1307
-72.1312
-72.1315
-72.1318
-72.1319
-72.132
-72.132
-72.1319
-72.1316
-72.1313
-72.1309
-72.1304
-72.1298
-72.1291
-72.1283
-72.1274
-72.1264
-72.1253
-72.1241
-72.1228
-72.1214
-72.1199
-72.1183
-72.1166
-72.1149
-72.113
-72.111
-72.1089
-72.1068
-72.1045
-72.1021
-72.0997
-72.0971
-72.0944
-72.0917
-72.0888
-72.0859
-72.0828
-72.0797
-72.0764
-72.0731
-72.0697
-72.0661
-72.0625
-72.0588
-72.0549
-72.051
-72.047
-72.0429
-72.0386
-72.0343
-72.0299
-72.0254
-72.0208
-72.0161
-72.0114
-72.0065
-72.0015
-71.9964
-71.9913
-71.986
-71.9806
-71.9752
-71.9697
-71.964
-71.9583
-71.9525
-71.9466
-71.9406
-71.9345
-71.9283
-71.922
-71.9156
-71.9092
-71.9026
-71.896
-71.8893
-71.8824
-71.8755
-71.8685
-71.8614
-71.8543
-71.847
-71.8397
-71.8322
-71.8247
-71.8171
-71.8094
-71.8016
-71.7937
-71.7858
-71.7777
-71.7696
-71.7614
-71.7531
-71.7448
-71.7363
-71.7278
-71.7191
-71.7104
-71.7017
-71.6928
-71.6838
-71.6748
-71.6657
-71.6565
-71.6473
-71.6379
-71.6285
-71.619
-71.6094
-71.5998
-71.59
-71.5802
-71.5704
-71.5604
-71.5504
-71.5403
-71.5301
-71.5198
-71.5095
-71.4991
-71.4886
-71.4781
-71.4675
-71.4568
-71.4461
-71.4352
-71.4243
-71.4134
-71.4023
-71.3912
-71.3801
-71.3688
-71.3575
-71.3462
-71.3347
-71.3232
-71.3117
-71.3001
-71.2884
-71.2766
-71.2648
-71.2529
-71.241
-71.229
-71.2169
-71.2048
-71.1926
-71.1803
-71.168
-71.1557
-71.1433
-71.1308
-71.1182
-71.1057
-71.093
-71.0803
-71.0675
-71.0547
-71.0419
-71.0289
-71.016
-71.0029
-70.9898
-70.9767
-70.9635
-70.9503
-70.937
-70.9237
-70.9103
-70.8968
-70.8834
-70.8698
-70.8562
-70.8426
-70.8289
-70.8152
-70.8015
-70.7876
-70.7738
-70.7599
-70.7459
-70.732
-70.7179
-70.7039
-70.6897
-70.6756
-70.6614
-70.6472
-70.6329
-70.6186
-70.6042
-70.5898
-70.5754
-70.5609
-70.4015
-70.1488
-69.8285
-69.4563
-69.0438
-68.5997
-68.1308
-67.6427
-67.1399
-66.6259
-66.1039
-65.5762
-65.0449
-64.5117
-63.9782
-63.4454
-62.9145
-62.3862
-61.8614
-61.3406
-60.8245
-60.3133
-59.8075
-59.3074
-58.8131
-58.325
-57.843
-57.3673
-56.8978
-56.4347
-55.9777
-55.5267
-55.0817
-54.6424
-54.2085
-53.7799
-53.3562
-52.9369
-52.5218
-52.1104
-51.7022
-51.2966
-50.8932
-50.4912
-50.0901
-49.6891
-49.2875
-48.8844
-48.479
-48.0703
-47.6574
-47.239
-46.8141
-46.3814
-45.9395
-45.4869
-45.022
-44.5431
-44.0483
-43.5353
-43.002
-42.4457
-41.8637
-41.2529
-40.6098
-39.9306
-39.211
-38.4463
-37.6312
-36.7598
-35.8255
-34.821
-33.7383
-32.5682
-31.301
-29.9258
-28.4311
-26.8043
-25.0327
-23.1033
-21.0034
-18.7219
-16.25
-13.5831
-10.7224
-7.67694
-4.46629
-1.12172
2.31247
5.77954
9.21236
12.5374
15.6803
18.572
21.1551
23.3889
25.2521
26.7432
27.8782
28.6859
29.2034
29.4707
29.5273
29.409
29.1472
28.7678
28.2921
27.7372
27.1163
26.4402
25.7173
24.9543
24.1569
23.3294
22.4759
21.5996
20.7033
19.7896
18.8608
17.9189
16.9658
16.0032
15.0327
14.0556
13.0734
12.0871
11.0979
10.1069
9.11496
8.12293
7.13159
6.14167
5.15381
4.1686
3.18657
2.20818
1.23388
0.264028
-0.701027
-1.66099
-2.61561
-3.56465
-4.50794
-5.4453
-6.3766
-7.30175
-8.22066
-9.13327
-10.0395
-10.9395
-11.833
-12.7203
-13.6012
-14.4759
-15.3444
-16.2068
-17.0633
-17.9138
-18.7587
-19.598
-20.4319
-21.2605
-22.0842
-22.9031
-23.7175
-24.5277
-25.334
-26.1367
-26.9363
-27.733
-28.5273
-29.3198
-30.1108
-30.901
-31.6909
-32.4812
-33.2725
-34.0655
-34.861
-35.6597
-36.4626
-37.2704
-38.0841
-38.9046
-39.7328
-40.5698
-41.4165
-42.274
-43.1431
-44.0248
-44.92
-45.8294
-46.7536
-47.6931
-48.6482
-49.6188
-50.6046
-51.6048
-52.6182
-53.643
-54.6769
-55.7168
-56.7591
-57.7993
-58.8323
-59.8524
-60.8534
-61.8289
-62.7723
-63.6772
-64.5377
-65.3488
-66.1061
-66.8069
-67.4494
-68.0333
-68.5594
-69.0296
-69.4469
-69.8147
-70.1369
-70.4177
-70.6614
-70.872
-71.0536
-71.2098
-71.344
-71.4591
-71.5579
-71.6426
-71.7154
-71.778
-71.832
-71.8787
-71.9191
-71.9542
-71.9849
-72.0118
-72.0355
-72.0564
-72.0751
-72.0917
-72.1067
-72.1203
-72.1326
-72.1439
-72.1543
-72.1639
-72.1729
-72.1813
-72.1891
-72.1966
-72.2037
-72.2104
-72.2168
-72.223
-72.2289
-72.2346
-72.2402
-72.2455
-72.2507
-72.2558
-72.2607
-72.2655
-72.2702
-72.2747
-72.2792
-72.2835
-72.2878
-72.292
-72.296
-72.3
-72.3039
-72.3077
-72.3115
-72.3151
-72.3187
-72.3222
-72.3256
-72.3289
-72.3321
-72.3353
-72.3384
-72.3414
-72.3443
-72.3471
-72.3499
-72.3525
-72.3551
-72.3576
-72.3601
-72.3624
-72.3646
-72.3668
-72.3689
-72.3709
-72.3728
-72.3746
-72.3764
-72.378
-72.3796
-72.3811
-72.3825
-72.3838
-72.385
-72.3861
-72.3871
-72.3881
-72.3889
-72.3897
-72.3904
-72.3909
-72.3914
-72.3918
-72.3921
-72.3923
-72.3924
-72.3925
-72.3924
-72.3922
-72.392
-72.3916
-72.3912
-72.3906
-72.39
-72.3892
-72.3884
-72.3875
-72.3864
-72.3853
-72.3841
-72.3828
-72.3814
-72.3799
-72.3783
-72.3766
-72.3748
-72.3729
-72.3709
-72.3688
-72.3666
-72.3643
-72.3619
-72.3594
-72.3569
-72.3542
-72.3514
-72.3485
-72.3456
-72.3425
-72.3393
-72.3361
-72.3327
-72.3293
-72.3257
-72.3221
-72.3183
-72.3145
-72.3105
-72.3065
-72.3023
-72.2981
-72.2938
-72.2894
-72.2848
-72.2802
-72.2755
-72.2707
-72.2658
-72.2608
-72.2557
-72.2505
-72.2452
-72.2398
-72.2343
-72.2288
-72.2231
-72.2173
-72.2115
-72.2055
-72.1995
-72.1934
-72.1871
-72.1808
-72.1744
-72.1679
-72.1613
-72.1546
-72.1478
-72.141
-72.134
-72.127
-72.1198
-72.1126
-72.1053
-72.0979
-72.0904
-72.0828
-72.0751
-72.0673
-72.0595
-72.0515
-71.8979
-71.6524
-71.3417
-70.9822
-70.5856
-70.1609
-69.7148
-69.2529
-68.7796
-68.2984
-67.8121
-67.3231
-66.8334
-66.3446
-65.8579
-65.3745
-64.8953
-64.4211
-63.9525
-63.4901
-63.0344
-62.5856
-62.1442
-61.7103
-61.2841
-60.8659
-60.4557
-60.0536
-59.6596
-59.2738
-58.8961
-58.5265
-58.1649
-57.8113
-57.4655
-57.1274
-56.797
-56.474
-56.1583
-55.8497
-55.548
-55.2532
-54.9648
-54.6829
-54.407
-54.1372
-53.873
-53.6143
-53.3608
-53.1124
-52.8687
-52.6296
-52.3948
-52.1641
-51.9372
-51.7139
-51.4939
-51.2771
-51.0631
-50.8517
-50.6427
-50.4359
-50.2309
-50.0276
-49.8256
-49.6248
-49.4249
-49.2257
-49.0268
-48.8281
-48.6292
-48.4299
-48.23
-48.029
-47.8269
-47.6231
-47.4176
-47.2098
-46.9995
-46.7864
-46.5701
-46.3502
-46.1263
-45.8979
-45.6647
-45.4262
-45.1819
-44.9312
-44.6735
-44.4083
-44.135
-43.8527
-43.5608
-43.2584
-42.9446
-42.6186
-42.2793
-41.9255
-41.5561
-41.1697
-40.7649
-40.3401
-39.8937
-39.4238
-38.9284
-38.4052
-37.8519
-37.2658
-36.6441
-35.9837
-35.2811
-34.5329
-33.7349
-32.883
-31.9727
-30.9992
-29.9573
-28.8419
-27.6475
-26.3688
-25.0003
-23.5371
-21.9747
-20.3095
-18.5392
-16.6629
-14.6823
-12.6015
-10.4283
-8.17415
-5.85487
-3.49092
-1.10736
1.26642
3.59751
5.85061
7.98968
9.97998
11.7902
13.3947
14.775
15.9212
16.8316
17.5123
17.9758
18.2391
18.3215
18.2438
18.0261
17.6875
17.2453
16.7148
16.1094
15.4403
14.7174
13.949
13.142
12.3025
11.4354
10.5452
9.63565
8.71002
7.77118
6.82163
5.86356
4.89894
3.92949
2.95674
1.98205
1.00664
0.0315684
-0.942201
-1.91383
-2.88257
-3.84778
-4.80887
-5.76534
-6.71677
-7.66277
-8.60303
-9.53727
-10.4653
-11.3869
-12.3019
-13.2103
-14.112
-15.0068
-15.8949
-16.7762
-17.6508
-18.5187
-19.3801
-20.235
-21.0836
-21.926
-22.7625
-23.5932
-24.4184
-25.2384
-26.0534
-26.8639
-27.67
-28.4723
-29.2711
-30.0669
-30.8602
-31.6515
-32.4413
-33.2303
-34.019
-34.8082
-35.5984
-36.3905
-37.1852
-37.9834
-38.7857
-39.5931
-40.4064
-41.2265
-42.0543
-42.8906
-43.7362
-44.592
-45.4587
-46.3369
-47.2273
-48.1303
-49.0461
-49.9748
-50.9162
-51.8698
-52.8348
-53.8099
-54.7935
-55.7834
-56.777
-57.7709
-58.7615
-59.7443
-60.7147
-61.6675
-62.5972
-63.4985
-64.3658
-65.1942
-65.9791
-66.7168
-67.4043
-68.0397
-68.6222
-69.152
-69.6302
-70.0588
-70.4405
-70.7783
-71.0757
-71.3363
-71.5638
-71.7617
-71.9333
-72.0818
-72.2102
-72.321
-72.4166
-72.499
-72.5701
-72.6315
-72.6845
-72.7304
-72.7702
-72.8047
-72.8347
-72.8609
-72.8838
-72.9039
-72.9216
-72.9372
-72.951
-72.9633
-72.9742
-72.984
-72.9928
-73.0008
-73.0079
-73.0145
-73.0204
-73.0259
-73.0309
-73.0355
-73.0397
-73.0436
-73.0473
-73.0507
-73.0538
-73.0568
-73.0595
-73.0621
-73.0645
-73.0667
-73.0688
-73.0708
-73.0726
-73.0743
-73.0759
-73.0773
-73.0787
-73.0799
-73.081
-73.0821
-73.083
-73.0838
-73.0846
-73.0852
-73.0858
-73.0862
-73.0866
-73.0868
-73.087
-73.0871
-73.087
-73.0869
-73.0867
-73.0864
-73.0861
-73.0856
-73.085
-73.0843
-73.0836
-73.0828
-73.0818
-73.0808
-73.0797
-73.0785
-73.0772
-73.0758
-73.0743
-73.0727
-73.071
-73.0692
-73.0674
-73.0654
-73.0634
-73.0612
-73.059
-73.0566
-73.0542
-73.0517
-73.0491
-73.0464
-73.0435
-73.0406
-73.0376
-73.0345
-73.0314
-73.0281
-73.0247
-73.0212
-73.0176
-73.014
-73.0102
-73.0063
-73.0024
-72.9983
-72.9942
-72.9899
-72.9856
-72.9812
-72.9766
-72.972
-72.9673
-72.9625
-72.9575
-72.9525
-72.9474
-72.9422
-72.9369
-72.9315
-72.926
-72.9204
-72.9147
-72.909
-72.9031
-72.8971
-72.891
-72.8849
-72.8786
-72.8723
-72.8658
-72.8593
-72.8527
-72.8459
-72.8391
-72.8322
-72.8252
-72.8181
-72.8109
-72.8036
-72.7962
-72.7888
-72.7812
-72.7735
-72.7658
-72.7579
-72.75
-72.742
-72.7339
-72.7257
-72.7174
-72.709
-72.7005
-72.6919
-72.6833
-72.6745
-72.6657
-72.6568
-72.6478
-72.6387
-72.6295
-72.6202
-72.6109
-72.6014
-72.5919
-72.5823
-72.5726
-72.5628
-72.5529
-72.5429
-72.5329
-72.5228
-72.5126
-72.5023
-72.4919
-72.4814
-72.4709
-72.4602
-72.4495
-72.4388
-72.4279
-72.4169
-72.4059
-72.3948
-72.3836
-72.3723
-72.361
-72.3496
-72.3381
-72.3265
-72.3148
-72.3031
-72.2913
-72.2794
-72.2675
-72.2554
-72.2433
-72.2312
-72.2189
-72.2066
-72.1942
-72.1817
-72.1692
-72.1566
-72.1439
-72.1311
-72.1183
-72.1054
-72.0924
-72.0794
-72.0663
-72.0531
-72.0399
-72.0266
-72.0132
-71.9998
-71.9863
-71.9728
-71.9591
-71.9454
-71.9317
-71.9179
-71.904
-71.8901
-71.8761
-71.862
-71.8479
-71.8337
-71.8195
-71.8052
-71.7908
-71.7764
-71.7619
-71.7474
-71.7328
-71.7182
-71.7035
-71.6887
-71.6739
-71.659
-71.6441
-71.6292
-71.6141
-71.5991
-71.5839
-71.5688
-71.5535
-71.5383
-71.5229
-71.5076
-71.4921
-71.4767
-71.4612
-71.4456
-71.43
-71.4143
-71.3986
-71.3829
-71.3671
-71.3513
-71.3354
-71.3195
-71.3035
-71.2875
-71.2715
-71.2554
-71.2392
-71.2231
-71.2069
-71.1906
-71.1743
-71.158
-71.1417
-71.1253
-71.1088
-71.0924
-71.0759
-71.0593
-71.0427
-71.0261
-71.0095
-70.9928
-70.9761
-70.9594
-70.9426
-70.9258
-70.909
-70.8921
-70.8753
-70.8583
-70.8414
-70.8244
-70.8074
-70.7904
-70.7733
-70.7563
-70.7392
-70.722
-70.7049
-70.6877
-70.6705
-70.6533
-70.636
-70.6187
-70.6015
-70.5841
-70.5668
-70.5495
-70.5321
-70.5147
-70.4973
-70.4798
-70.4624
-70.4449
-70.4274
-70.41
-70.3924
-70.3749
-70.3574
-70.3398
-70.3222
-70.3046
-70.287
-70.2694
-70.2518
-70.2342
-70.2165
-70.1988
-70.1812
-70.1635
-70.1458
-70.1281
-70.1104
-70.0927
-70.0749
-70.0572
-70.0394
-70.0217
-70.0039
-69.9862
-69.9684
-69.9506
-69.9329
-69.9151
-69.8973
-69.8795
-69.8617
-69.8439
-69.8261
-69.8083
-69.7905
-69.7727
-69.7549
-69.7371
-69.7193
-69.7015
-69.6837
-69.6659
-69.6481
-69.6303
-69.6125
-69.5947
-69.5769
-69.5591
-69.5413
-69.5235
-69.5057
-69.488
-69.4702
-69.4524
-69.4347
-69.4169
-69.3992
-69.3815
-69.3637
-69.346
-69.3283
-69.3106
-69.2929
-69.2752
-69.2575
-69.2398
-69.2222
-69.2045
-69.1869
-69.1693
-69.1516
-69.134
-69.1164
-69.0989
-69.0813
-69.0637
-69.0462
-69.0287
-69.0111
-68.9936
-68.9761
-68.9587
-68.9412
-68.9238
-68.9063
-68.8889
-68.8715
-68.8541
-68.8368
-68.8194
-68.8021
-68.7848
-68.7675
-68.7502
-68.7329
-68.7157
-68.6985
-68.6813
-68.6641
-68.6469
-68.6297
-68.6126
-68.5955
-68.5784
-68.5614
-68.5443
-68.5273
-68.5103
-68.4933
-68.4763
-68.4594
-68.4425
-68.4256
-68.4087
-68.3919
-68.375
-68.3582
-68.3415
-68.3247
-68.308
-68.2913
-68.2746
-68.2579
-68.2413
-68.2247
-68.2081
-68.1916
-68.175
-68.1585
-68.142
-68.1256
-68.1092
-68.0928
-68.0764
-68.0601
-68.0437
-68.0274
-68.0112
-67.9949
-67.9787
-67.9626
-67.9464
-67.9303
-67.9142
-67.8981
-67.8821
-67.8661
-67.8501
-67.8342
-67.8183
-67.8024
-67.7865
-67.7707
-67.7549
-67.7391
-67.7234
-67.7077
-67.692
-67.6764
-67.6607
-67.6452
-67.6296
-67.6141
-67.5986
-67.5832
-67.5677
-67.5523
-67.537
-67.5217
-67.5064
-67.4911
-67.4759
-67.4607
-67.4455
-67.4304
-67.4153
-67.4003
-67.3852
-67.3703
-67.3553
-67.3404
-67.3255
-67.3106
-67.2958
-67.281
-67.2663
-67.2516
-67.2369
-67.2222
-67.2076
-67.193
-67.1785
-67.164
-67.1495
-67.1351
-67.1207
-67.1063
-67.092
-67.0777
-67.0634
-67.0492
-67.035
-67.0209
-67.0068
-66.9927
-66.9787
-66.9647
-66.9507
-66.9368
-66.9229
-66.9091
-66.8952
-66.8815
-66.8677
-66.854
-66.8404
-66.8267
-66.8132
-66.7996
-66.7861
-66.7726
-66.7592
-66.7458
-66.7324
-66.7191
-66.7058
-66.6926
-66.6794
-66.6662
-66.6531
-66.64
-66.6269
-66.6139
-66.6009
-66.588
-66.5751
-66.5622
-66.5494
-66.5366
-66.5239
-66.5112
-66.4986
-66.4859
-66.4734
-66.4608
-66.4483
-66.4359
-66.4235
-66.4111
-66.3987
-66.3864
-66.3742
-66.362
-66.3498
-66.3377
-66.3256
-66.3135
-66.3015
-66.2895
-66.2776
-66.2657
-66.2538
-66.242
-66.2302
-66.2185
-66.2068
-66.1952
-66.1836
-66.172
-66.1605
-66.149
-66.1375
-66.1261
-66.1147
-66.1034
-66.0921
-66.0809
-66.0697
-66.0586
-66.0474
-66.0364
-66.0254
-66.0144
-66.0034
-65.9925
-65.9817
-65.9709
-65.9601
-65.9494
-65.9387
-65.928
-65.9174
-65.9069
-65.8963
-65.8859
-65.8754
-65.865
-65.8547
-65.8444
-65.8341
-65.8239
-65.8137
-65.8036
-65.7935
-65.7834
-65.7734
-65.7634
-65.7535
-65.7436
-65.7338
-65.724
-65.7142
-65.7045
-65.6948
-65.6852
-65.6756
-65.666
-65.6565
-65.6471
-65.6377
-65.6283
-65.619
-65.6097
-65.6004
-65.5912
-65.5821
-65.573
-65.5639
-65.5549
-65.5459
-65.537
-65.5281
-65.5192
-65.5104
-65.5017
-65.493
-65.4843
-65.4757
-65.4671
-65.4586
-65.4501
-65.4416
-65.4332
-65.4249
-65.4165
-65.4083
-65.4
-65.3918
-65.3837
-65.3756
-65.3675
-65.3595
-65.3516
-65.3436
-65.3358
-65.3279
-65.3201
-65.3124
-65.3047
-65.297
-65.2894
-65.2818
-65.2742
-65.2668
-65.2593
-65.2519
-65.2445
-65.2372
-65.2299
-65.2227
-65.2155
-65.2084
-65.2013
-65.1942
-65.1872
-65.1803
-65.1733
-65.1665
-65.1596
-65.1528
-65.1461
-65.1394
-65.1327
-65.1261
-65.1195
-65.113
-65.1065
-65.1001
-65.0937
-65.0874
-65.0811
-65.0748
-65.0686
-65.0624
-65.0563
-65.0502
-65.0442
-65.0382
-65.0323
-65.0264
-65.0205
-65.0147
-65.0089
-65.0032
-64.9975
-64.9919
-64.9863
-64.9807
-64.9752
-64.9698
-64.9644
-64.959
-64.9537
-64.9484
-64.9432
-64.938
-64.9328
-64.9277
-64.9226
-64.9176
-64.9126
-64.9077
-64.9028
-64.8979
-64.8931
-64.8883
-64.8836
-64.8789
-64.8743
-64.8697
-64.8651
-64.8606
-64.8561
-64.8517
-64.8473
-64.843
-64.8387
-64.8344
-64.8302
-64.826
-64.8219
-64.8178
-64.8137
-64.8097
-64.8057
-64.8018
-64.7979
-64.7941
-64.7903
-64.7865
-64.7828
-64.7791
-64.7755
-64.7719
-64.7683
-64.7648
-64.7614
-64.7579
-64.7545
-64.7512
-64.7479
-64.7446
-64.7414
-64.7382
-64.7351
-64.7319
-64.7289
-64.7259
-64.7229
-64.7199
-64.717
-64.7142
-64.7113
-64.7086
-64.7058
-64.7031
-64.7004
-64.6978
-64.6952
-64.6927
-64.6902
-64.6877
-64.6853
-64.6829
-64.6805
-64.6782
-64.6759
-64.6737
-64.6715
-64.6693
-64.6672
-64.6651
-64.6631
-64.6611
-64.6591
-64.6572
-64.6553
-64.6534
-64.6516
-64.6498
-64.6481
-64.6463
-64.6447
-64.643
-64.6414
-64.6399
-64.6383
-64.6368
-64.6354
-64.634
-64.6326
-64.6312
-64.6299
-64.6286
-64.6274
-64.6262
-64.625
-64.6238
-64.6227
-64.6217
-64.6206
-64.6196
-64.6186
-64.6177
-64.6168
-64.6159
-64.6151
-64.6143
-64.6135
-64.6128
-64.6121
-64.6114
-64.6107
-64.6101
-64.6095
-64.609
-64.6085
-64.608
-64.6075
-64.6071
-64.6067
-64.6063
-64.4721
-64.2509
-63.9655
-63.6304
-63.2559
-62.8496
-62.418
-61.966
-61.4976
-61.0162
-60.5242
-60.0241
-59.5175
-59.006
-58.4906
-57.9724
-57.4521
-56.9303
-56.4075
-55.8839
-55.3597
-54.8349
-54.3096
-53.7836
-53.2565
-52.728
-52.1975
-51.6645
-51.1282
-50.5878
-50.0422
-49.4902
-48.9306
-48.3618
-47.782
-47.1894
-46.5818
-45.9567
-45.3113
-44.6425
-43.9467
-43.22
-42.4577
-41.6548
-40.8052
-39.9025
-38.9388
-37.9055
-36.7927
-35.5889
-34.2811
-32.8547
-31.293
-29.5771
-27.6863
-25.5981
-23.2883
-20.7325
-17.9075
-14.7935
-11.3784
-7.66195
-3.66216
0.579356
4.99286
9.48001
13.9188
18.1747
22.1165
25.6333
28.6485
31.1266
33.073
34.526
35.5452
36.2
36.5587
36.6832
36.6249
36.4246
36.1134
35.7145
35.2446
34.7162
34.1381
33.5171
32.8583
32.1656
31.4424
30.6914
29.9151
29.1155
28.2947
27.4543
26.5962
25.7219
24.8328
23.9305
23.0162
22.0914
21.157
20.2145
19.2647
18.3089
17.3479
16.3827
15.4142
14.4432
13.4705
12.4967
11.5227
10.5489
9.57591
8.60437
7.63473
6.66743
5.70289
4.74149
3.78358
2.82946
1.87942
0.933708
-0.00746216
-0.943891
-1.87541
-2.80188
-3.72318
-4.63919
-5.54984
-6.45506
-7.3548
-8.24904
-9.13776
-10.021
-10.8987
-11.7709
-12.6377
-13.4991
-14.3553
-15.2062
-16.052
-16.8928
-17.7287
-18.5599
-19.3865
-20.2088
-21.0268
-21.8409
-22.6513
-23.4582
-24.262
-25.0629
-25.8614
-26.6577
-27.4525
-28.246
-29.0388
-29.8314
-30.6245
-31.4186
-32.2145
-33.0128
-33.8144
-34.62
-35.4306
-36.2471
-37.0704
-37.9015
-38.6774
-39.4284
-40.1678
-40.9029
-41.638
-42.3757
-43.1182
-43.8667
-44.6221
-45.3852
-46.1564
-46.9356
-47.7227
-48.5171
-49.318
-50.1239
-50.9332
-51.7436
-52.5523
-53.356
-54.151
-54.9329
-55.6973
-56.4393
-57.154
-57.8366
-58.4825
-59.0879
-59.6495
-60.1649
-60.6325
-61.052
-61.4237
-61.7489
-62.0298
-62.2688
-62.4692
-62.6341
-62.7671
-62.8717
-62.9511
-63.0086
-63.0472
-63.0694
-63.0779
-63.0748
-63.062
-63.0412
-63.0139
-62.9813
-62.9446
-62.9046
-62.8621
-62.8178
-62.7724
-62.7261
-62.6795
-62.6328
-62.5864
-62.5405
-62.4952
-62.4507
-62.4071
-62.3646
-62.3231
-62.2829
-62.2438
-62.2061
-62.1696
-62.1344
-62.1005
-62.0679
-62.0367
-62.0068
-61.9781
-61.9508
-61.9248
-61.9001
-61.8766
-61.8543
-61.8333
-61.8135
-61.7949
-61.7774
-61.7611
-61.7459
-61.7318
-61.7188
-61.7069
-61.696
-61.6862
-61.6774
-61.6695
-61.6626
-61.6567
-61.6517
-61.6476
-61.6444
-61.6421
-61.6406
-61.64
-61.6402
-61.6412
-61.6429
-61.6455
-61.6488
-61.6528
-61.6576
-61.663
-61.6692
-61.676
-61.6835
-61.6916
-61.7004
-61.7098
-61.7197
-61.7303
-61.7414
-61.7531
-61.7654
-61.7782
-61.7915
-61.8053
-61.8196
-61.8345
-61.8497
-61.8655
-61.8817
-61.8984
-61.9154
-61.9329
-61.9508
-61.9692
-61.9879
-62.0069
-62.0264
-62.0462
-62.0664
-62.0869
-62.1077
-62.1288
-62.1503
-62.1721
-62.1942
-62.2165
-62.2392
-62.2621
-62.2853
-62.3087
-62.3324
-62.3563
-62.3805
-62.4049
-62.4295
-62.4543
-62.4794
-62.5046
-62.53
-62.5556
-62.5814
-62.6074
-62.6335
-62.6598
-62.6863
-62.7128
-62.7396
-62.7665
-62.7935
-62.8206
-62.8479
-62.8752
-62.9027
-62.9303
-62.958
-62.9858
-63.0136
-63.0416
-63.0696
-63.0977
-63.1259
-63.1542
-63.1825
-63.2109
-63.2393
-63.2678
-63.2963
-63.3249
-63.3535
-63.3821
-63.4108
-63.4395
-63.4682
-63.4969
-63.5257
-63.5545
-63.5832
-63.612
-63.6408
-63.6696
-63.6984
-63.7272
-63.7559
-63.7847
-63.6898
-63.5206
-63.3009
-63.0451
-62.7632
-62.4624
-62.1482
-61.8248
-61.4955
-61.1628
-60.8288
-60.495
-60.1628
-59.8331
-59.5067
-59.1844
-58.8666
-58.5538
-58.2463
-57.9444
-57.6483
-57.3582
-57.0741
-56.7961
-56.5244
-56.2588
-55.9995
-55.7463
-55.4993
-55.2584
-55.0235
-54.6913
-54.3056
-53.8873
-53.4489
-52.9987
-52.5424
-52.0843
-51.6274
-51.1741
-50.7258
-50.2837
-49.8486
-49.4209
-49.0009
-48.5888
-48.1845
-47.7879
-47.3988
-47.0169
-46.642
-46.2737
-45.9117
-45.5554
-45.2046
-44.8588
-44.5175
-44.1803
-43.8468
-43.5164
-43.1887
-42.8633
-42.5396
-42.2172
-41.8956
-41.5744
-41.253
-40.931
-40.6079
-40.2833
-39.9566
-39.6273
-39.295
-38.9591
-38.6191
-38.2746
-37.9249
-37.5696
-37.208
-36.8397
-36.464
-36.0803
-35.6881
-35.2866
-34.8754
-34.4535
-34.0205
-33.5755
-33.1179
-32.6469
-32.1618
-31.6616
-31.1457
-30.6132
-30.0634
-29.4952
-28.9079
-28.3007
-27.6727
-27.023
-26.3508
-25.6554

