-65
-64.9994
-64.9988
-64.9982
-64.9977
-64.9971
-64.9965
-64.996
-64.9954
-64.9949
-64.9943
-64.9938
-64.9932
-64.9927
-64.9922
-64.9917
-64.9912
-64.9906
-64.9901
-64.9896
-64.9891
-64.9886
-64.9881
-64.9876
-64.9872
-64.9867
-64.9862
-64.9857
-64.9852
-64.9848
-64.9843
-64.9838
-64.9834
-64.9829
-64.9825
-64.982
-64.9816
-64.9811
-64.9807
-64.9802
-64.9798
-64.9794
-64.9789
-64.9785
-64.9781
-64.9777
-64.9772
-64.9768
-64.9764
-64.976
-64.9756
-64.9752
-64.9748
-64.9744
-64.974
-64.9736
-64.9732
-64.9728
-64.9725
-64.9721
-64.9717
-64.9713
-64.971
-64.9706
-64.9702
-64.9699
-64.9695
-64.9692
-64.9688
-64.9685
-64.9681
-64.9678
-64.9675
-64.9671
-64.9668
-64.9665
-64.9661
-64.9658
-64.9655
-64.9652
-64.9649
-64.9646
-64.9642
-64.9639
-64.9636
-64.9633
-64.963
-64.9628
-64.9625
-64.9622
-64.9619
-64.9616
-64.9613
-64.9611
-64.9608
-64.9605
-64.9603
-64.96
-64.9598
-64.9595
-64.9592
-64.959
-64.9588
-64.9585
-64.9583
-64.958
-64.9578
-64.9576
-64.9573
-64.9571
-64.9569
-64.9567
-64.9565
-64.9562
-64.956
-64.9558
-64.9556
-64.9554
-64.9552
-64.955
-64.9548
-64.9546
-64.9545
-64.9543
-64.9541
-64.9539
-64.9537
-64.9536
-64.9534
-64.9532
-64.9531
-64.9529
-64.9527
-64.9526
-64.9524
-64.9523
-64.9521
-64.952
-64.9519
-64.9517
-64.9516
-64.9514
-64.9513
-64.9512
-64.9511
-64.9509
-64.9508
-64.9507
-64.9506
-64.9505
-64.9504
-64.9503
-64.9502
-64.95
-64.9499
-64.9499
-64.9498
-64.9497
-64.9496
-64.9495
-64.9494
-64.9493
-64.9492
-64.9492
-64.9491
-64.949
-64.9489
-64.9489
-64.9488
-64.9487
-64.9487
-64.9486
-64.9486
-64.9485
-64.9485
-64.9484
-64.9484
-64.9483
-64.9483
-64.9482
-64.9482
-64.9482
-64.9481
-64.9481
-64.9481
-64.948
-64.948
-64.948
-64.948
-64.948
-64.9479
-64.9479
-64.9479
-64.9479
-64.9479
-64.9479
-64.9479
-64.9479
-64.9479
-64.9479
-64.9479
-64.9479
-64.9479
-64.9479
-64.9479
-64.9479
-64.9479
-64.9479
-64.948
-64.948
-64.948
-64.948
-64.9481
-64.9481
-64.9481
-64.9481
-64.9482
-64.9482
-64.9482
-64.9483
-64.9483
-64.9483
-64.9484
-64.9484
-64.9485
-64.9485
-64.9486
-64.9486
-64.9487
-64.9487
-64.9488
-64.9488
-64.9489
-64.9489
-64.949
-64.9491
-64.9491
-64.9492
-64.9492
-64.9493
-64.9494
-64.9494
-64.9495
-64.9496
-64.9497
-64.9497
-64.9498
-64.9499
-64.95
-64.95
-64.9501
-64.9502
-64.9503
-64.9504
-64.9504
-64.9505
-64.9506
-64.9507
-64.9508
-64.9509
-64.951
-64.951
-64.9511
-64.9512
-64.9513
-64.9514
-64.9515
-64.9516
-64.9517
-64.9518
-64.9519
-64.952
-64.9521
-64.9522
-64.9523
-64.9524
-64.9525
-64.9526
-64.9527
-64.9528
-64.9529
-64.953
-64.9532
-64.9533
-64.9534
-64.9535
-64.9536
-64.9537
-64.9538
-64.9539
-64.954
-64.9542
-64.9543
-64.9544
-64.9545
-64.9546
-64.9547
-64.9548
-64.955
-64.9551
-64.9552
-64.9553
-64.9554
-64.9556
-64.9557
-64.9558
-64.9559
-64.956
-64.9562
-64.9563
-64.9564
-64.9565
-64.9566
-64.9568
-64.9569
-64.957
-64.9571
-64.9573
-64.9574
-64.9575
-64.9576
-64.9578
-64.9579
-64.958
-64.9581
-64.9583
-64.9584
-64.9585
-64.9587
-64.9588
-64.9589
-64.959
-64.9592
-64.9593
-64.9594
-64.9595
-64.9597
-64.9598
-64.9599
-64.96
-64.9602
-64.9603
-64.9604
-64.9606
-64.9607
-64.9608
-64.9609
-64.9611
-64.9612
-64.9613
-64.9614
-64.9616
-64.9617
-64.9618
-64.962
-64.9621
-64.9622
-64.9623
-64.9625
-64.9626
-64.9627
-64.9628
-64.963
-64.9631
-64.9632
-64.9633
-64.9635
-64.9636
-64.9637
-64.9638
-64.964
-64.9641
-64.9642
-64.9643
-64.9645
-64.9646
-64.9647
-64.8302
-64.6082
-64.3217
-63.9852
-63.609
-63.2011
-62.7676
-62.3137
-61.8434
-61.36
-60.8663
-60.3644
-59.8561
-59.3429
-58.8262
-58.3067
-57.7853
-57.2627
-56.7393
-56.2154
-55.6913
-55.167
-54.6425
-54.1176
-53.5923
-53.066
-52.5385
-52.009
-51.477
-50.9416
-50.4018
-49.8567
-49.305
-48.7453
-48.176
-47.5953
-47.0012
-46.3914
-45.7633
-45.1142
-44.4406
-43.739
-43.0052
-42.2344
-41.4213
-40.5599
-39.643
-38.6629
-37.6105
-36.4753
-35.2457
-33.9082
-32.4473
-30.846
-29.085
-27.1428
-24.9964
-22.6216
-19.994
-17.0911
-13.8951
-10.3965
-6.59978
-2.52897
1.76671
6.20949
10.6939
15.0936
19.2739
23.1083
26.4948
29.3679
31.7036
33.5166
34.8517
35.7716
36.3457
36.6409
36.7163
36.6205
36.3915
36.0584
35.6424
35.1591
34.6198
34.0329
33.4046
32.7396
32.0418
31.3142
30.5596
29.7801
28.978
28.1551
27.3132
26.4539
25.5788
24.6893
23.7868
22.8727
21.9482
21.0146
20.0729
19.1243
18.1698
17.2102
16.2467
15.2799
14.3107
13.3399
12.3682
11.3962
10.4245
9.45378
8.48446
7.51705
6.552
5.58972
4.63057
3.67489
2.72298
1.77513
0.831561
-0.107498
-1.04186
-1.97135
-2.89585
-3.81522
-4.72937
-5.63822
-6.5417
-7.43978
-8.33241
-9.21959
-10.1013
-10.9776
-11.8485
-12.7141
-13.5743
-14.4294
-15.2793
-16.1241
-16.964
-17.7992
-18.6297
-19.4557
-20.2774
-21.095
-21.9087
-22.7188
-23.5255
-24.3292
-25.1302
-25.9288
-26.7254
-27.5205
-28.3144
-29.1079
-29.9012
-30.6952
-31.4904
-32.2874
-33.0871
-33.8902
-34.6975
-35.51
-36.3286
-37.1542
-37.9879
-38.8307
-39.6838
-40.5482
-41.4251
-42.3155
-43.2206
-44.1413
-45.0786
-46.0333
-47.0059
-47.9968
-49.0059
-50.033
-51.0772
-52.137
-53.2105
-54.2946
-55.386
-56.4799
-57.5712
-58.6537
-59.7205
-60.7642
-61.7772
-62.7519
-63.6813
-64.5588
-65.3792
-66.1385
-66.8342
-67.4656
-68.0332
-68.539
-68.986
-69.3783
-69.7202
-70.0166
-70.2722
-70.4917
-70.6798
-70.8405
-70.9776
-71.0944
-71.194
-71.279
-71.3515
-71.4136
-71.4668
-71.5127
-71.5522
-71.5865
-71.6164
-71.6426
-71.6657
-71.6861
-71.7043
-71.7206
-71.7354
-71.7488
-71.7611
-71.7725
-71.783
-71.7928
-71.8021
-71.8108
-71.8191
-71.827
-71.8345
-71.8418
-71.8488
-71.8556
-71.8622
-71.8687
-71.8749
-71.8811
-71.8871
-71.893
-71.8987
-71.9044
-71.91
-71.9155
-71.9209
-71.9262
-71.9315
-71.9366
-71.9417
-71.9468
-71.9517
-71.9566
-71.9614
-71.9662
-71.9708
-71.9754
-71.98
-71.9844
-71.9888
-71.9932
-71.9974
-72.0016
-72.0057
-72.0098
-72.0137
-72.0176
-72.0215
-72.0252
-72.0289
-72.0325
-72.036
-72.0395
-72.0428
-72.0461
-72.0494
-72.0525
-72.0556
-72.0585
-72.0614
-72.0643
-72.067
-72.0696
-72.0722
-72.0747
-72.0771
-72.0794
-72.0816
-72.0838
-72.0858
-72.0878
-72.0897
-72.0915
-72.0932
-72.0948
-72.0963
-72.0978
-72.0991
-72.1004
-72.1016
-72.1026
-72.1036
-72.1045
-72.1053
-72.106
-72.1066
-72.1072
-72.1076
-72.1079
-72.1082
-72.1083
-72.1084
-72.1083
-72.1082
-72.108
-72.1076
-72.1072
-72.1067
-72.1061
-72.1054
-72.1045
-72.1036
-72.1026
-72.1015
-72.1003
-72.0991
-72.0977
-72.0962
-72.0946
-72.0929
-72.0911
-72.0893
-72.0873
-72.0852
-72.0831
-72.0808
-72.0784
-72.076
-72.0734
-72.0708
-72.068
-72.0652
-72.0622
-72.0592
-72.0561
-72.0528
-72.0495
-72.0461
-72.0425
-72.0389
-72.0352
-72.0314
-72.0275
-72.0235
-72.0194
-72.0152
-72.0109
-72.0065
-72.002
-71.9974
-71.9928
-71.988
-71.9831
-71.9782
-71.9731
-71.968
-71.9627
-71.9574
-71.952
-71.9465
-71.9409
-71.9352
-71.9294
-71.9235
-71.9175
-71.9114
-71.9053
-71.899
-71.8927
-71.8863
-71.8797
-71.8731
-71.8664
-71.8596
-71.8528
-71.8458
-71.8387
-71.8316
-71.8244
-71.817
-71.8096
-71.8021
-71.7946
-71.7869
-71.7792
-71.7713
-71.7634
-71.7554
-71.7473
-71.7391
-71.7309
-71.7226
-71.7141
-71.7056
-71.6971
-71.6884
-71.6796
-71.6708
-71.6619
-71.6529
-71.6439
-71.6347
-71.6255
-71.6162
-71.6068
-71.5974
-71.5878
-71.5782
-71.5685
-71.5588
-71.5489
-71.539
-71.529
-71.519
-71.5088
-71.4986
-71.4884
-71.478
-71.4676
-71.4571
-71.4465
-71.4359
-71.4252
-71.4144
-71.4035
-71.3926
-71.3816
-71.3706
-71.3595
-71.3483
-71.337
-71.3257
-71.3143
-71.3029
-71.2914
-71.2798
-71.2682
-71.2565
-71.2447
-71.2329
-71.221
-71.209
-71.197
-71.1849
-71.1728
-71.1606
-71.1483
-71.136
-71.1237
-71.1112
-71.0988
-71.0862
-71.0736
-71.061
-71.0483
-71.0355
-71.0227
-71.0098
-70.9969
-70.9839
-70.9709
-70.9578
-70.9447
-70.9315
-70.9183
-70.905
-70.8916
-70.8783
-70.8648
-70.8514
-70.8378
-70.8243
-70.8106
-70.797
-70.7833
-70.7695
-70.7557
-70.7419
-70.728
-70.7141
-70.7001
-70.6861
-70.672
-70.6579
-70.6438
-70.6296
-70.6154
-70.6011
-70.5868
-70.5725
-70.5581
-70.5437
-70.5292
-70.5148
-70.5002
-70.4857
-70.4711
-70.4565
-70.4418
-70.4271
-70.4124
-70.3976
-70.3828
-70.368
-70.3531
-70.3382
-70.3233
-70.3084
-70.2934
-70.2784
-70.2634
-70.2483
-70.2332
-70.2181
-70.2029
-70.1878
-70.1726
-70.1573
-70.1421
-70.1268
-70.1115
-70.0962
-70.0809
-70.0655
-70.0501
-70.0347
-70.0193
-70.0038
-69.9883
-69.9728
-69.9573
-69.9418
-69.9262
-69.9107
-69.8951
-69.8795
-69.8638
-69.8482
-69.8325
-69.8169
-69.8012
-69.7855
-69.7698
-69.754
-69.7383
-69.7225
-69.7067
-69.6909
-69.6751
-69.6593
-69.6435
-69.6277
-69.6118
-69.596
-69.5801
-69.5642
-69.5484
-69.5325
-69.5166
-69.5006
-69.4847
-69.4688
-69.4529
-69.4369
-69.421
-69.405
-69.3891
-69.3731
-69.3572
-69.3412
-69.3252
-69.3092
-69.2933
-69.2773
-69.2613
-69.2453
-69.2293
-69.2133
-69.1973
-69.1813
-69.1653
-69.1494
-69.1334
-69.1174
-69.1014
-69.0854
-69.0694
-69.0534
-69.0374
-69.0214
-69.0055
-68.9895
-68.9735
-68.9575
-68.9416
-68.9256
-68.9097
-68.8937
-68.8778
-68.8618
-68.8459
-68.83
-68.8141
-68.7982
-68.7823
-68.7664
-68.7505
-68.7346
-68.7187
-68.7028
-68.687
-68.6711
-68.6553
-68.6395
-68.6237
-68.6079
-68.5921
-68.5763
-68.5605
-68.5447
-68.529
-68.5133
-68.4975
-68.4818
-68.4661
-68.4504
-68.4348
-68.4191
-68.4035
-68.3878
-68.3722
-68.3566
-68.341
-68.3255
-68.3099
-68.2944
-68.2788
-68.2633
-68.2478
-68.2324
-68.2169
-68.2015
-68.186
-68.1706
-68.1552
-68.1399
-68.1245
-68.1092
-68.0939
-68.0786
-68.0633
-68.048
-68.0328
-68.0176
-68.0024
-67.9872
-67.972
-67.9569
-67.9418
-67.9267
-67.9116
-67.8965
-67.8815
-67.8665
-67.8515
-67.8366
-67.8216
-67.8067
-67.7918
-67.7769
-67.7621
-67.7472
-67.7324
-67.7176
-67.7029
-67.6881
-67.6734
-67.6587
-67.6441
-67.6294
-67.6148
-67.6002
-67.5857
-67.5711
-67.5566
-67.5421
-67.5276
-67.5132
-67.4988
-67.4844
-67.4701
-67.4557
-67.4414
-67.4272
-67.4129
-67.3987
-67.3845
-67.3703
-67.3562
-67.3421
-67.328
-67.314
-67.2999
-67.2859
-67.272
-67.258
-67.2441
-67.2302
-67.2164
-67.2025
-67.1887
-67.175
-67.1612
-67.1475
-67.1338
-67.1202
-67.1066
-67.093
-67.0794
-67.0659
-67.0524
-67.0389
-67.0255
-67.0121
-66.9987
-66.9854
-66.9721
-66.9588
-66.9455
-66.9323
-66.9192
-66.906
-66.8929
-66.8798
-66.8667
-66.8537
-66.8407
-66.8278
-66.8149
-66.802
-66.7891
-66.7763
-66.7635
-66.7507
-66.738
-66.7253
-66.7126
-66.7
-66.6874
-66.6748
-66.6623
-66.6498
-66.6374
-66.6249
-66.6125
-66.6002
-66.5878
-66.5756
-66.5633
-66.5511
-66.5389
-66.5268
-66.5146
-66.5026
-66.4905
-66.4785
-66.4665
-66.4546
-66.4427
-66.4308
-66.419
-66.4072
-66.3955
-66.3837
-66.3721
-66.3604
-66.3488
-66.3372
-66.3257
-66.3142
-66.3027
-66.2913
-66.2799
-66.2685
-66.2572
-66.2459
-66.2346
-66.2234
-66.2122
-66.2011
-66.19
-66.1789
-66.1679
-66.1569
-66.1459
-66.135
-66.1241
-66.1132
-66.1024
-66.0917
-66.0809
-66.0702
-66.0596
-66.049
-66.0384
-66.0278
-66.0173
-66.0069
-65.9964
-65.9861
-65.9757
-65.9654
-65.9551
-65.9449
-65.9347
-65.9246
-65.9144
-65.9044
-65.8943
-65.8843
-65.8744
-65.8644
-65.8545
-65.8447
-65.8349
-65.8251
-65.8154
-65.8057
-65.796
-65.7864
-65.7768
-65.7673
-65.7578
-65.7483
-65.7389
-65.7295
-65.7202
-65.7109
-65.7016
-65.6924
-65.6832
-65.6741
-65.665
-65.6559
-65.6469
-65.6379
-65.6289
-65.62
-65.6112
-65.6023
-65.5936
-65.5848
-65.5761
-65.5675
-65.5588
-65.5503
-65.5417
-65.3974
-65.1648
-64.8673
-64.5194
-64.1316
-63.7119
-63.2666
-62.8008
-62.3187
-61.8236
-61.3182
-60.8049
-60.2854
-59.7612
-59.2337
-58.7037
-58.1722
-57.6398
-57.1069
-56.574
-56.0412
-55.5087
-54.9765
-54.4445
-53.9126
-53.3803
-52.8474
-52.3133
-51.7773
-51.2388
-50.6968
-50.1503
-49.5982
-49.0392
-48.4718
-47.8942
-47.3046
-46.7008
-46.0804
-45.4407
-44.7786
-44.0907
-43.373
-42.6211
-41.83
-40.9939
-40.1064
-39.16
-38.1463
-37.0556
-35.8769
-34.5975
-33.203
-31.6772
-30.0018
-28.1564
-26.1186
-23.8645
-21.3694
-18.6092
-15.5628
-12.2153
-8.56291
-4.61816
-0.416374
3.9796
8.47757
12.9594
17.2908
21.3364
24.9775
28.1268
30.7387
32.8094
34.3714
35.4818
36.2099
36.626
36.7948
36.7704
36.5965
36.3061
35.9241
35.4683
34.952
34.3847
33.7733
33.1232
32.4386
31.7229
30.9788
30.2088
29.4151
28.5997
27.7643
26.9107
26.0404
25.155
24.2559
23.3445
22.4221
21.4899
20.5491
19.6008
18.646
17.6859
16.7212
15.7529
14.7819
13.8089
12.8347
11.86
10.8853
9.91132
8.93858
7.96759
6.99882
6.03268
5.06959
4.10988
3.15389
2.2019
1.25417
0.310932
-0.627604
-1.56126
-2.48989
-3.41336
-4.33155
-5.24439
-6.1518
-7.05372
-7.95012
-8.84098
-9.72629
-10.6061
-11.4803
-12.3491
-13.2125
-14.0705
-14.9233
-15.7708
-16.6133
-17.4508
-18.2835
-19.1116
-19.9352
-20.7545
-21.5697
-22.3811
-23.1888
-23.9933
-24.7948
-25.5936
-26.3902
-27.1849
-27.9781
-28.7705
-29.5624
-30.3544
-31.1472
-31.9415
-32.7378
-33.537
-34.3399
-35.1472
-35.96
-36.7792
-37.6057
-38.4406
-39.2849
-40.1398
-41.0063
-41.8855
-42.7785
-43.6864
-44.6101
-45.5504
-46.508
-47.4834
-48.4769
-49.4883
-50.517
-51.562
-52.6217
-53.6936
-54.7749
-55.8614
-56.9485
-58.0307
-59.1016
-60.1542
-61.1812
-62.175
-63.1283
-64.0342
-64.8868
-65.6813
-66.4143
-67.0839
-67.6898
-68.233
-68.7159
-69.1419
-69.5149
-69.8397
-70.1208
-70.363
-70.571
-70.749
-70.9012
-71.031
-71.1417
-71.2361
-71.3167
-71.3856
-71.4446
-71.4953
-71.539
-71.5768
-71.6096
-71.6382
-71.6634
-71.6856
-71.7053
-71.7229
-71.7387
-71.7531
-71.7661
-71.7781
-71.7892
-71.7995
-71.8092
-71.8182
-71.8268
-71.835
-71.8428
-71.8503
-71.8575
-71.8644
-71.8711
-71.8777
-71.8841
-71.8903
-71.8964
-71.9024
-71.9082
-71.9139
-71.9196
-71.9251
-71.9306
-71.936
-71.9412
-71.9465
-71.9516
-71.9566
-71.9616
-71.9665
-71.9714
-71.9762
-71.9809
-71.9855
-71.9901
-71.9946
-71.999
-72.0033
-72.0076
-72.0118
-72.016
-72.0201
-72.024
-72.028
-72.0318
-72.0356
-72.0393
-72.0429
-72.0465
-72.05
-72.0534
-72.0567
-72.0599
-72.0631
-72.0662
-72.0692
-72.0721
-72.0749
-72.0777
-72.0804
-72.083
-72.0855
-72.0879
-72.0902
-72.0925
-72.0947
-72.0967
-72.0987
-72.1006
-72.1025
-72.1042
-72.1058
-72.1074
-72.1088
-72.1102
-72.1115
-72.1127
-72.1138
-72.1148
-72.1157
-72.1165
-72.1173
-72.1179
-72.1185
-72.1189
-72.1193
-72.1195
-72.1197
-72.1198
-72.1197
-72.1196
-72.1194
-72.1191
-72.1187
-72.1182
-72.1176
-72.1169
-72.1161
-72.1152
-72.1143
-72.1132
-72.112
-72.1107
-72.1094
-72.1079
-72.1063
-72.1047
-72.1029
-72.1011
-72.0991
-72.0971
-72.0949
-72.0927
-72.0903
-72.0879
-72.0854
-72.0827
-72.08
-72.0772
-72.0742
-72.0712
-72.0681
-72.0649
-72.0616
-72.0581
-72.0546
-72.051
-72.0473
-72.0435
-72.0396
-72.0357
-72.0316
-72.0274
-72.0231
-72.0187
-72.0143
-72.0097
-72.005
-72.0003
-71.9954
-71.9905
-71.9855
-71.9803
-71.9751
-71.9698
-71.9644
-71.9589
-71.9533
-71.9476
-71.9418
-71.9359
-71.93
-71.9239
-71.9178
-71.9115
-71.9052
-71.8988
-71.8923
-71.8857
-71.879
-71.8722
-71.8653
-71.8584
-71.8513
-71.8442
-71.837
-71.8296
-71.8223
-71.8148
-71.8072
-71.7995
-71.7918
-71.784
-71.7761
-71.7681
-71.76
-71.7518
-71.7436
-71.7352
-71.7268
-71.7183
-71.7098
-71.7011
-71.6924
-71.6835
-71.6746
-71.6657
-71.6566
-71.6475
-71.6382
-71.6289
-71.6196
-71.6101
-71.6006
-71.591
-71.5813
-71.5715
-71.5617
-71.5518
-71.5418
-71.5317
-71.5216
-71.5114
-71.5011
-71.4908
-71.4803
-71.4698
-71.4593
-71.4486
-71.4379
-71.4271
-71.4163
-71.4054
-71.3944
-71.3833
-71.3722
-71.361
-71.3498
-71.1929
-70.9431
-70.6266
-70.2594
-69.8531
-69.4166
-68.9568
-68.4791
-67.9882
-67.4874
-66.98
-66.4682
-65.954
-65.4393
-64.9253
-64.4133
-63.9042
-63.399
-62.8982
-62.4025
-61.9125
-61.4285
-60.9509
-60.4799
-60.0159
-59.5591
-59.1094
-58.6671
-58.2321
-57.8046
-57.3844
-56.9716
-56.566
-56.1676
-55.7762
-55.3916
-55.0137
-54.6423
-54.277
-53.9178
-53.5642
-53.216
-52.8728
-52.5344
-52.2004
-51.8704
-51.544
-51.2208
-50.9004
-50.5823
-50.2661
-49.9513
-49.6374
-49.3238
-49.01
-48.6954
-48.3794
-48.0614
-47.7408
-47.4167
-47.0886
-46.7555
-46.4167
-46.0713
-45.7183
-45.3567
-44.9855
-44.6035
-44.2094
-43.8019
-43.3795
-42.9406
-42.4833
-42.0059
-41.5062
-40.9819
-40.4305
-39.8491
-39.2347
-38.5839
-37.8929
-37.1576
-36.3735
-35.5354
-34.6378
-33.6747
-32.6395
-31.5249
-30.3232
-28.972
-27.49
-25.8823
-24.1484
-22.2858
-20.2916
-18.1634
-15.9004
-13.5049
-10.9828
-8.34537
-5.60983
-2.80018
0.0525899
2.91083
5.73132
8.4671
11.07
13.4936
15.6965
17.6452
19.3168
20.7004
21.7971
22.6185
23.1848
23.5214
23.6563
23.6176
23.4316
23.1222
22.7099
22.212
21.6429
21.0144
20.3363
19.6165
18.8614
18.0766
17.2664
16.4349
15.5851
14.7201
13.8422
12.9537
12.0565
11.1523
10.2427
9.32909
8.41269
7.49465
6.57598
5.65758
4.74028
3.82482
2.91185
2.00198
1.09572
0.193552
-0.704117
-1.59692
-2.48454
-3.36668
-4.24313
-5.11366
-5.9781
-6.8363
-7.68816
-8.53356
-9.37245
-10.2048
-11.0305
-11.8496
-12.6621
-13.468
-14.2674
-15.0602
-15.8466
-16.6266
-17.4004
-18.1679
-18.9294
-19.685
-20.4347
-21.1788
-21.9174
-22.6507
-23.379
-24.1024
-24.8211
-25.5355
-26.2458
-26.9523
-27.6554
-28.3553
-29.0525
-29.7473
-30.4402
-31.1316
-31.822
-32.5118
-33.2017
-33.8922
-34.5838
-35.2772
-35.973
-36.6719
-37.3745
-38.0816
-38.7938
-39.5119
-40.2366
-40.9685
-41.7083
-42.4567
-43.2142
-43.9813
-44.7584
-45.5456
-46.3431
-47.1507
-47.9679
-48.7941
-49.6281
-50.4685
-51.3134
-52.1604
-53.0066
-53.8486
-54.6829
-55.5051
-56.3108
-57.0956
-57.8548
-58.584
-59.2793
-59.9371
-60.5548
-61.1302
-61.6622
-62.1506
-62.5957
-62.9989
-63.3618
-63.6868
-63.9764
-64.2336
-64.4612
-64.6621
-64.8392
-64.9952
-65.1325
-65.2536
-65.3604
-65.4548
-65.5386
-65.6132
-65.68
-65.7399
-65.7941
-65.8433
-65.8883
-65.9296
-65.968
-66.0037
-66.0371
-66.0687
-66.0987
-66.1273
-66.1548
-66.1813
-66.2069
-66.2318
-66.2561
-66.2799
-66.3033
-66.3262
-66.3489
-66.3713
-66.3935
-66.4155
-66.4373
-66.4589
-66.4805
-66.5019
-66.5233
-66.5446
-66.5658
-66.587
-66.6081
-66.6292
-66.6502
-66.6712
-66.6922
-66.7132
-66.7341
-66.755
-66.7758
-66.7967
-66.8175
-66.8383
-66.859
-66.8798
-66.9005
-66.9212
-66.9418
-66.9624
-66.983
-67.0036
-67.0241
-67.0446
-67.065
-67.0854
-67.1057
-67.126
-67.1463
-67.1665
-67.1867
-67.2068
-67.2269
-67.2469
-67.2668
-67.2867
-67.3066
-67.3264
-67.3461
-67.3657
-67.3853
-67.4048
-67.4243
-67.4437
-67.463
-67.4822
-67.5014
-67.5204
-67.5395
-67.5584
-67.5772
-67.596
-67.6147
-67.6333
-67.6518
-67.6702
-67.6886
-67.7068
-67.725
-67.7431
-67.7611
-67.779
-67.7968
-67.8145
-67.8321
-67.8496
-67.867
-67.8843
-67.9015
-67.9187
-67.9357
-67.9526
-67.9694
-67.9861
-68.0027
-68.0192
-68.0356
-68.0519
-68.0681
-68.0842
-68.1002
-68.116
-68.1318
-68.1474
-68.1629
-68.1784
-68.1937
-68.2089
-68.2239
-68.2389
-68.2538
-68.2685
-68.2832
-68.2977
-68.3121
-68.3264
-68.3405
-68.3546
-68.3685
-68.3824
-68.3961
-68.4096
-68.4231
-68.4365
-68.4497
-68.4628
-68.4758
-68.4887
-68.5015
-68.5141
-68.5267
-68.5391
-68.5514
-68.5635
-68.5756
-68.5875
-68.5993
-68.611
-68.6226
-68.634
-68.6454
-68.6566
-68.6677
-68.6786
-68.6895
-68.7002
-68.7108
-68.7213
-68.7317
-68.7419
-68.7521
-68.7621
-68.772
-68.7818
-68.7914
-68.8009
-68.8104
-68.8196
-68.8288
-68.8379
-68.8468
-68.8556
-68.8643
-68.8729
-68.8814
-68.8897
-68.8979
-68.9061
-68.914
-68.9219
-68.9297
-68.9373
-68.9448
-68.9522
-68.9595
-68.9667
-68.9737
-68.9807
-68.9875
-68.9942
-69.0008
-69.0073
-69.0136
-69.0199
-69.026
-69.032
-69.0379
-69.0437
-69.0494
-69.055
-69.0604
-69.0657
-69.071
-69.0761
-69.0811
-69.086
-69.0907
-69.0954
-69.1
-69.1044
-69.1087
-69.113
-69.1171
-69.1211
-69.125
-69.1288
-69.1325
-69.136
-69.1395
-69.1429
-69.1461
-69.1493
-69.1523
-69.1553
-69.1581
-69.1608
-69.1634
-69.1659
-69.1684
-69.1707
-69.1729
-69.175
-69.177
-69.1789
-69.1807
-69.1824
-69.184
-69.1855
-69.1869
-69.1882
-69.1894
-69.1905
-69.1915
-69.1924
-69.1932
-69.1939
-69.1945
-69.195
-69.1954
-69.1957
-69.196
-69.1961
-69.1961
-69.1961
-69.1959
-69.1957
-69.1953
-69.1949
-69.1944
-69.1938
-69.1931
-69.1923
-69.1914
-69.1904
-69.1893
-69.1882
-69.1869
-69.1856
-69.1842
-69.1827
-69.1811
-69.1794
-69.1776
-69.1758
-69.1738
-69.1718
-69.1697
-69.1675
-69.1652
-69.1629
-69.1604
-69.1579
-69.1553
-69.1526
-69.1498
-69.147
-69.144
-69.141
-69.1379
-69.1348
-69.1315
-69.1282
-69.1248
-69.1213
-69.1178
-69.1141
-69.1104
-69.1067
-69.1028
-69.0989
-69.0949
-69.0908
-69.0866
-69.0824
-69.0781
-69.0737
-69.0693
-69.0648
-69.0602
-69.0556
-69.0508
-69.046
-69.0412
-69.0363
-69.0313
-69.0262
-69.0211
-69.0159
-69.0106
-69.0053
-68.9999
-68.9944
-68.9889
-68.9833
-68.9777
-68.972
-68.9662
-68.9604
-68.9545
-68.9485
-68.9425
-68.7949
-68.5564
-68.2518
-67.8967
-67.5021
-67.0766
-66.6269
-66.1583
-65.6751
-65.181
-64.6787
-64.1707
-63.659
-63.1452
-62.6307
-62.1167
-61.6041
-61.0938
-60.5864
-60.0826
-59.5829
-59.0875
-58.597
-58.1115
-57.6312
-57.1563
-56.6869
-56.2229
-55.7644
-55.3113
-54.8635
-54.4209
-53.9832
-53.5501
-53.1215
-52.697
-52.2761
-51.8585
-51.4438
-51.0313
-50.6206
-50.211
-49.8019
-49.3926
-48.9822
-48.5701
-48.1552
-47.7366
-47.3133
-46.8841
-46.4479
-46.0032
-45.5488
-45.0831
-44.6043
-44.1106
-43.6
-43.0703
-42.5191
-41.9437
-41.3412
-40.7082
-40.0411
-39.336
-38.5882
-37.7928
-36.9442
-36.0363
-35.062
-34.0137
-32.8829
-31.6602
-30.3354
-28.8973
-27.334
-25.6329
-23.7813
-21.7663
-19.5763
-17.2012
-14.6345
-11.8743
-8.92596
-5.80391
-2.53391
0.845545
4.28265
7.71358
11.0655
14.2618
17.2285
19.9011
22.2312
24.1906
25.772
26.9875
27.8642
28.4386
28.7515
28.8432
28.7514
28.5085
28.1422
27.6747
27.124
26.5045
25.8272
25.1013
24.3338
23.5307
22.6968
21.836
20.952
20.0477
19.1258
18.1887
17.2385
16.2771
15.3064
14.3278
13.343
12.3533
11.3599
10.3639
9.36637
8.36831
7.37057
6.37394
5.37914
4.38682
3.39758
2.41195
1.43039
0.453345
-0.518821
-1.48577
-2.44722
-3.40292
-4.35265
-5.29623
-6.2335
-7.16435
-8.08868
-9.00641
-9.91749
-10.8219
-11.7196
-12.6107
-13.4951
-14.373
-15.2443
-16.1091
-16.9677
-17.82
-18.6662
-19.5064
-20.3409
-21.1698
-21.9933
-22.8116
-23.625
-24.4338
-25.2382
-26.0387
-26.8354
-27.6289
-28.4196
-29.2078
-29.9941
-30.779
-31.563
-32.3468
-33.1309
-33.9161
-34.703
-35.4924
-36.2851
-37.0819
-37.8837
-38.6914
-39.5058
-40.328
-41.1587
-41.9991
-42.85
-43.7123
-44.5868
-45.4744
-46.3757
-47.2912
-48.2212
-49.1658
-50.125
-51.0981
-52.0843
-53.0822
-54.0898
-55.1048
-56.1238
-57.1432
-58.1586
-59.1648
-60.1564
-61.1272
-62.0711
-62.9819
-63.8537
-64.6811
-65.4593
-66.1849
-66.8552
-67.4691
-68.0264
-68.5282
-68.9766
-69.3745
-69.7253
-70.0329
-70.3012
-70.5342
-70.736
-70.9102
-71.0603
-71.1895
-71.3006
-71.3962
-71.4784
-71.5492
-71.6103
-71.6631
-71.7089
-71.7487
-71.7835
-71.8139
-71.8407
-71.8644
-71.8855
-71.9043
-71.9212
-71.9365
-71.9503
-71.963
-71.9747
-71.9855
-71.9955
-72.0049
-72.0137
-72.022
-72.0299
-72.0374
-72.0446
-72.0515
-72.0581
-72.0645
-72.0706
-72.0766
-72.0825
-72.0881
-72.0936
-72.099
-72.1043
-72.1094
-72.1144
-72.1194
-72.1242
-72.1289
-72.1335
-72.1381
-72.1425
-72.1469
-72.1512
-72.1554
-72.1595
-72.1635
-72.1675
-72.1713
-72.1751
-72.1788
-72.1824
-72.186
-72.1894
-72.1928
-72.1961
-72.1993
-72.2024
-72.2055
-72.2084
-72.2113
-72.2141
-72.2168
-72.2194
-72.222
-72.2244
-72.2268
-72.2291
-72.2313
-72.2334
-72.2354
-72.2373
-72.2392
-72.2409
-72.2426
-72.2442
-72.2457
-72.2471
-72.2484
-72.2496
-72.2507
-72.2517
-72.2526
-72.2535
-72.2542
-72.2549
-72.2554
-72.2559
-72.2563
-72.2565
-72.2567
-72.2568
-72.2568
-72.2567
-72.2565
-72.2562
-72.2558
-72.2553
-72.2547
-72.254
-72.2532
-72.2523
-72.2514
-72.2503
-72.2491
-72.2478
-72.2465
-72.245
-72.2434
-72.2418
-72.24
-72.2382
-72.0929
-71.8592
-71.5644
-71.225
-70.8527
-70.4562
-70.0422
-69.6159
-69.1815
-68.7421
-68.3005
-67.8586
-67.4183
-66.9809
-66.5474
-66.119
-65.6962
-65.2796
-64.8699
-64.4673
-64.0722
-63.6849
-63.3055
-62.9342
-62.571
-62.216
-61.8693
-61.5309
-61.2006
-60.8786
-60.5647
-60.2588
-59.9608
-59.6707
-59.3883
-59.1136
-58.8463
-58.5863
-58.3335
-58.0877
-57.8489
-57.6168
-57.3913
-57.1722
-56.9594
-56.7527
-56.5519
-56.357
-56.1677
-55.984
-55.8056
-55.6324
-55.4643
-55.3011
-55.1428
-54.989
-54.8398
-54.695
-54.5545
-54.4181
-54.2857
-54.1573
-54.0326
-53.9117
-53.7943
-53.6805
-53.57
-53.4629
-53.359
-53.2582
-53.1605
-53.0657
-52.9738
-52.8848
-52.7985
-52.7149
-52.6339
-52.5555
-52.4796
-52.4061
-52.3351
-52.2664
-52.2
-52.1358
-52.0739
-52.0141
-51.9565
-51.901
-51.8476
-51.7962
-51.7468
-51.6993
-51.6539
-51.6103
-51.5687
-51.5289
-51.4911
-51.455
-51.4208
-51.3884
-51.3578
-51.329
-51.3019
-51.2767
-51.2531
-51.2313
-51.2113
-51.1929
-51.1763
-51.1614
-51.1483
-51.1368
-51.127
-51.119
-51.1126
-51.108
-51.1051
-51.1039
-51.1044
-51.1066
-51.1105
-51.1162
-51.1235
-51.1326
-51.1435
-51.156
-51.1703
-51.1863
-51.2041
-51.2236
-51.2449
-51.268
-51.2928
-51.3194
-51.3478
-51.3779
-51.4099
-51.4436
-51.4792
-51.5165
-51.5557
-51.5966
-51.6394
-51.684
-51.7304
-51.7787
-51.8287
-51.8806
-51.9343
-51.9898
-52.0472
-52.1063
-52.1673
-52.2301
-52.2946
-52.361
-52.4291
-52.499
-52.5707
-52.6441
-52.7193
-52.7962
-52.8748
-52.9551
-53.037
-53.1206
-53.2059
-53.2927
-53.3811
-53.471
-53.5625
-53.6554
-53.7498
-53.8457
-53.9429
-54.0414
-54.1413
-54.2424
-54.3447
-54.4482
-54.5529
-54.6586
-54.7654
-54.8731
-54.9818
-55.0914
-55.2019
-55.3131
-55.425
-55.5376
-55.6509
-55.7647
-55.879
-55.9937
-56.1089
-56.2243
-56.3401
-56.4561
-56.5722
-56.6885
-56.8048
-56.921
-57.0373
-57.1534
-57.2694
-57.3851
-57.5006
-57.6158
-57.7305
-57.8449
-57.9589
-58.0723
-58.1852
-58.2975
-58.4091
-58.5202
-58.6305
-58.7401
-58.8489
-58.9569
-59.0641
-59.1705
-59.276
-59.3805
-59.4842
-59.5869
-59.6887
-59.7895
-59.8892
-59.988
-60.0858
-60.1825
-60.2782
-60.3728
-60.4664
-60.559
-60.6504
-60.7408
-60.8302
-60.9184
-61.0056
-61.0918
-61.1768
-61.2608
-61.3438
-61.4257
-61.5065
-61.5863
-61.6651
-61.7429
-61.8196
-61.8953
-61.97
-62.0437
-62.1165
-62.1882
-62.259
-62.3289
-62.3978
-62.4658
-62.5328
-62.599
-62.6642
-62.7286
-62.7921
-62.8547
-62.9165
-62.9775
-63.0376
-63.0969
-63.1554
-63.2131
-63.2701
-63.3262
-63.3816
-63.4363
-63.4902
-63.5434
-63.5959
-63.6477
-63.6988
-63.7492
-63.799
-63.8481
-63.8965
-63.9444
-63.9915
-64.0381
-63.9551
-63.7904
-63.5673
-63.3003
-62.9995
-62.6726
-62.3256
-61.9632
-61.5893
-61.2067
-60.818
-60.4253
-60.03
-59.6336
-59.2373
-58.8419
-58.4483
-58.057
-57.6687
-57.2837
-56.9025
-56.5253
-56.1524
-55.784
-55.4203
-55.0612
-54.7069
-54.3574
-54.0127
-53.6727
-53.3374
-53.0066
-52.6803
-52.3583
-52.0405
-51.7266
-51.4164
-51.1097
-50.8063
-50.5059
-50.2082
-49.9129
-49.6197
-49.3282
-49.0382
-48.7492
-48.4608
-48.1727
-47.8844
-47.5955
-47.3055
-47.0139
-46.7203
-46.424
-46.1246
-45.8215
-45.5139
-45.2013
-44.8829
-44.558
-44.2259
-43.8855
-43.5361
-43.1766
-42.8061
-42.4232
-42.0269
-41.6158
-41.1885
-40.7433
-40.2786
-39.7925
-39.283
-38.7478
-38.1846
-37.5907
-36.9631
-36.2987
-35.5941
-34.8454
-34.0485
-33.1989
-32.2917
-31.3219
-30.2836
-29.171
-27.9778
-26.6975
-25.3237
-23.8496
-22.2693
-20.5771
-18.7687
-16.8413
-14.7945
-12.6311
-10.358
-7.98702
-5.53618
-3.03001
-0.499972
2.01598
4.47468
6.83005
9.03624
11.0513
12.8407
14.3799
15.6562
16.6682
17.4245
17.9413
18.2401
18.3448
18.2797
18.0682
17.7316
17.2888
16.7563
16.1482
15.4763
14.7505
13.9793
13.1698
12.3279
11.4587
10.5667
9.65552
8.72852
7.78853
6.83808
5.87939
4.91443
3.94495
2.97249
1.99844
1.02402
0.0503383
-0.921648
-1.89108
-2.85718
-3.81931
-4.77685
-5.72931
-6.67623
-7.61724
-8.552
-9.48024
-10.4017
-11.3163
-12.2238
-13.1241
-14.0171
-14.9028
-15.7812
-16.6522
-17.516
-18.3725
-19.2219
-20.0643
-20.8997
-21.7284
-22.5505
-23.3662
-24.1758
-24.9795
-25.7775
-26.5701
-27.3577
-28.1406
-28.9192
-29.6939
-30.4652
-31.2334
-31.9991
-32.7628
-33.5251
-34.2865
-34.9885
-35.6584
-36.3084
-36.9454
-37.5735
-38.1955
-38.8135
-39.4289
-40.0431
-40.6569
-41.2714
-41.8871
-42.5049
-43.1254
-43.7491
-44.3765
-45.0081
-45.6441
-46.2849
-46.9306
-47.5812
-48.2366
-48.8963
-49.56
-50.2267
-50.8954
-51.5649
-52.2333
-52.8989
-53.5591
-54.2115
-54.853
-55.4804
-56.0906
-56.6801
-57.2456
-57.7839
-58.2923
-58.7683
-59.21
-59.6162
-59.9862
-60.32
-60.6183
-60.8821
-61.113
-61.3131
-61.4843
-61.6292
-61.7502
-61.8496
-61.9299
-61.9932
-62.0417
-62.0774
-62.1021
-62.1172
-62.1243
-62.1247
-62.1194
-62.1094
-62.0957
-62.0789
-62.0596
-62.0385
-62.0159
-61.9924
-61.9682
-61.9436
-61.9188
-61.8942
-61.8697
-61.8457
-61.8222
-61.7993
-61.7771
-61.7557
-61.7351
-61.7154
-61.6965
-61.6786
-61.6617
-61.6457
-61.6306
-61.6165
-61.6035
-61.5913
-61.5802
-61.57
-61.5608
-61.5525
-61.5452
-61.5387
-61.5332
-61.5286
-61.5249
-61.522
-61.52
-61.5188
-61.5185
-61.519
-61.5202
-61.5223
-61.5251
-61.5287
-61.533
-61.538
-61.5437
-61.5501
-61.5572
-61.565
-61.5734
-61.5824
-61.592
-61.6023
-61.6132
-61.6246
-61.6366
-61.6492
-61.6623
-61.6759
-61.69
-61.7047
-61.7198
-61.7355
-61.7516
-61.7681
-61.7851
-61.8026
-61.8204
-61.8387
-61.8574
-61.8765
-61.8959
-61.9158
-61.936
-61.9565
-61.9774
-61.9987
-62.0202
-62.0421
-62.0643
-62.0868
-62.1096
-62.1327
-62.1561
-62.1797
-62.2036
-62.2277
-62.2521
-62.2767
-62.3016
-62.3266
-62.3519
-62.3774
-62.4031
-62.429
-62.4551
-62.4813
-62.5078
-62.5344
-62.5611
-62.5881
-62.6151
-62.6424
-62.6697
-62.6972
-62.7248
-62.7526
-62.7804
-62.8084
-62.8365
-62.8647
-62.8929
-62.9213
-62.9498
-62.9783
-63.0069
-63.0356
-63.0643
-63.0932
-63.122
-63.151
-63.1799
-63.209
-63.238
-63.2671
-63.2963
-63.3254
-63.3546
-63.3839
-63.4131
-63.4423
-63.4716
-63.5009
-63.5302
-63.5595
-63.5887
-63.618
-63.6473
-63.6765
-63.7058
-63.735
-63.7642
-63.7934
-63.8226
-63.8517
-63.8808
-63.9099
-63.9389
-63.9679
-63.9969
-64.0258
-64.0546
-64.0835
-64.1122
-64.1409
-64.1696
-64.1982
-64.2268
-64.2552
-64.2837
-64.312
-64.3403
-64.2425
-64.0679
-63.8405
-63.5748
-63.2809
-62.9664
-62.6368
-62.2967
-61.9494
-61.5977
-61.2437
-60.8891
-60.5354
-60.1837
-59.8349
-59.4897
-59.1488
-58.8125
-58.4815
-58.1558
-57.8359
-57.5219
-57.214
-56.9123
-56.6168
-56.3276
-56.0448
-55.7683
-55.4981
-55.2342
-54.9764
-54.7248
-54.4793
-54.2397
-54.006
-53.778
-53.5556
-53.3388
-53.1273
-52.9211
-52.72
-52.5239
-52.3326
-52.1461
-51.9641
-51.7866
-51.6134
-51.4443
-51.2792
-51.1181
-50.9607
-50.807
-50.6568
-50.51
-50.3664
-50.226
-50.0887
-49.9542
-49.8227
-49.6938
-49.5675
-49.4437
-49.3224
-49.2034
-49.0866
-48.972
-48.8594
-48.7488
-48.6401
-48.5333
-48.4281
-48.3247
-48.2228
-48.1225
-48.0237
-47.9262
-47.8301
-47.7353
-47.6417
-47.5492
-47.4579
-47.3676
-47.2783
-47.1899
-47.1024
-47.0158
-46.9299
-46.8448
-46.7603
-46.6765
-46.5932
-46.5105
-46.4283
-46.3464
-46.265
-46.1838
-46.103
-46.0223
-45.9418
-45.8615
-45.7812
-45.7008
-45.6204
-45.5399
-45.4592
-45.3783
-45.297
-45.2154
-45.1333
-45.0506
-44.9674
-44.8835
-44.7988
-44.7133
-44.6268
-44.5392
-44.4505
-44.3606
-44.2693
-44.1766
-44.0822
-43.9861
-43.8881
-43.7882
-43.686
-43.5815
-43.4746
-43.3649
-43.2524
-43.1367
-43.0178
-42.8953
-42.7691
-42.6388
-42.5041
-42.3648
-42.2205
-42.0708
-41.9155
-41.7541
-41.5861
-41.4111
-41.2287
-41.0381
-40.839
-40.6307
-40.4124
-40.1835
-39.9432
-39.6906
-39.4248
-39.1448
-38.8496
-38.538
-38.2087
-37.8604
-37.4915
-37.1006
-36.6857
-36.2452
-35.7769
-35.2787
-34.7482
-34.1828
-33.58
-32.9368
-32.2501
-31.5167
-30.7333
-29.8965
-29.0028
-28.0487
-27.0309
-25.9463
-24.7924
-23.5673
-22.27
-20.9007
-19.4616
-17.9566
-16.3924
-14.7782
-13.1268
-11.4539
-9.77848
-8.1221
-6.5082
-4.96095
-3.50394
-2.15885
-0.944159
0.125746
1.04114
1.79707
2.39309
2.83265
3.12237
3.27117
3.28949
3.18859
2.97996
2.67489
2.28415
1.81783
1.2852
0.694695
0.0539182
-0.630327
-1.35198
-2.10565
-2.88656
-3.69049
-4.5137
-5.35287
-6.20509
-7.06777
-7.93863
-8.81565
-9.69707
-10.5813
-11.467
-12.353
-13.2381
-14.1215
-15.0024
-15.8801
-16.7539
-17.6235
-18.4884
-19.3482
-20.2027
-21.0517
-21.895
-22.7326
-23.5644
-24.3904
-25.2106
-26.0253
-26.8344
-27.6383
-28.4371
-29.2312
-30.0208
-30.8062
-31.5879
-32.3663
-33.1419
-33.9151
-34.6865
-35.4566
-36.226
-36.9954
-37.7655
-38.5368
-39.3102
-40.0862
-40.8658
-41.6495
-42.4382
-43.2327
-44.0335
-44.8416
-45.6574
-46.4817
-47.315
-48.1578
-49.0103
-49.873
-50.7457
-51.6284
-52.5208
-53.4222
-54.3316
-55.248
-56.1696
-57.0945
-58.0203
-58.9441
-59.8629
-60.7728
-61.67
-62.5501
-63.4089
-64.2418
-65.0444
-65.8126
-66.5428
-67.2317
-67.877
-68.4768
-69.0303
-69.5376
-69.9992
-70.4167
-70.7919
-71.1273
-71.4257
-71.69
-71.9231
-72.128
-72.3077
-72.4649
-72.6022
-72.7219
-72.8261
-72.9168
-72.9957
-73.0643
-73.124
-73.1759
-73.2212
-73.2606
-73.2949
-73.3249
-73.3511
-73.374
-73.394
-73.4115
-73.4269
-73.4404
-73.4523
-73.4627
-73.4719
-73.4799
-73.487
-73.4933
-73.4988
-73.5036
-73.5078
-73.5115
-73.5147
-73.5175
-73.5199
-73.522
-73.5237
-73.5252
-73.5264
-73.5274
-73.5281
-73.5286
-73.5289
-73.5291
-73.529
-73.5288
-73.5285
-73.528
-73.5274
-73.5266
-73.5257
-73.5247
-73.5235
-73.5222
-73.5209
-73.5194
-73.5177
-73.516
-73.5142
-73.5122
-73.5102
-73.5081
-73.5058
-73.5035
-73.501
-73.4984
-73.4958
-73.493
-73.4902
-73.4872
-73.4842
-73.481
-73.4778
-73.4744
-73.471
-73.4674
-73.4638
-73.46
-73.4562
-73.4523
-73.4482
-73.4441
-73.4399
-73.4355
-73.4311
-73.4266
-73.422
-73.4173
-73.4125
-73.4076
-73.4026
-73.3975
-73.3923
-73.387
-73.3816
-73.3761
-73.3705
-73.3649
-73.3591
-73.3532
-73.3472
-73.3412
-73.335
-73.3288
-73.3224
-73.316
-73.3094
-73.3028
-73.2961
-73.2892
-73.2823
-73.2753
-73.2682
-73.261
-73.2537
-73.2463
-73.2388
-73.2312
-73.2235
-73.2158
-73.2079
-73.1999
-73.1919
-73.1837
-73.1755
-73.1672
-73.1587
-73.1502
-73.1416
-73.1329
-73.1241
-73.1153
-73.1063
-73.0972
-73.0881
-73.0788
-73.0695
-73.0601
-73.0505
-73.0409
-73.0313
-73.0215
-73.0116
-73.0016
-72.9916
-72.9815
-72.9712
-72.9609
-72.9505
-72.9401
-72.9295
-72.9188
-72.9081
-72.8973
-72.8864
-72.8754
-72.8643
-72.8532
-72.8419
-72.8306
-72.8192
-72.8077
-72.7961
-72.7845
-72.7727
-72.7609
-72.749
-72.7371
-72.725
-72.7129
-72.7007
-72.6884
-72.676
-72.6636
-72.651
-72.6384
-72.6258
-72.613
-72.6002
-72.5873
-72.5743
-72.5613
-72.5481
-72.5349
-72.5217
-72.5083
-72.4949
-72.4814
-72.4679
-72.4542
-72.4405
-72.4268
-72.4129
-72.399
-72.3851
-72.371
-72.3569
-72.3427
-72.3285
-72.3142
-72.2998
-72.2854
-72.2709
-72.2563
-72.2417
-72.227
-72.2122
-72.1974
-72.1825
-72.1676
-72.1526
-72.1375
-72.1224
-72.1072
-72.092
-72.0767
-72.0613
-72.0459
-72.0304
-72.0149
-71.9993
-71.9837
-71.968
-71.9522
-71.9364
-71.9206
-71.9047
-71.8887
-71.8727
-71.8567
-71.8406
-71.8244
-71.8082
-71.7919
-71.7756
-71.7593
-71.7429
-71.7264
-71.7099
-71.6934
-71.6768
-71.6601
-71.6435
-71.6267
-71.61
-71.5932
-71.5763
-71.5594
-71.5425
-71.5255
-71.5085
-71.4914
-71.4743
-71.4572
-71.44
-71.4228
-71.4056
-71.3883
-71.371
-71.3536
-71.3362
-71.3188
-71.3014
-71.2839
-71.2663
-71.2488
-71.2312
-71.2136
-71.1959
-71.1782
-71.0142
-70.756
-70.4293
-70.0503
-69.6304
-69.1784
-68.7014
-68.2049
-67.6934
-67.1707
-66.6398
-66.1032
-65.563
-65.021
-64.4786
-63.937
-63.3974
-62.8606
-62.3273
-61.7983
-61.274
-60.7549
-60.2414
-59.7338
-59.2324
-58.7373
-58.2487
-57.7667
-57.2913
-56.8225
-56.3602
-55.9044
-55.455
-55.0117
-54.5744
-54.1427
-53.7165
-53.2954
-52.8791
-52.467
-52.0589
-51.6541
-51.2522
-50.8527
-50.4549
-50.0581
-49.6617
-49.265
-48.8671
-48.4671
-48.0643
-47.6575
-47.2458
-46.828
-46.4029
-45.9691
-45.5254
-45.0701
-44.6016
-44.118
-43.6174
-43.0977
-42.5563
-41.9907
-41.3981
-40.7751
-40.1182
-39.4236
-38.6867
-37.9028
-37.0665
-36.1716
-35.2114
-34.1786
-33.065
-31.8614
-30.558
-29.1441
-27.6082
-25.9385
-24.1226
-22.1485
-20.0048
-17.6823
-15.1743
-12.4791
-9.60111
-6.55321
-3.35841
-0.05125
3.32193
6.70386
10.029
13.2276
16.231
18.977
21.4155
23.5125
25.2516
26.6347
27.6784
28.4112
28.8681
29.0867
29.1038
28.9529
28.6633
28.2596
27.7621
27.1868
26.5467
25.8523
25.1117
24.3317
23.5177
22.6743
21.8053
20.914
20.0034
19.0759
18.1339
17.1794
16.2143
15.2403
14.2589
13.2716
12.2797
11.2844
10.2868
9.28781
8.28847
7.28959
6.29192
5.29617
4.30297
3.31288
2.32641
1.34403
0.366128
-0.60598
-1.56955
-2.52326
-3.46645
-4.39879
-5.32013
-6.23046
-7.12982
-8.01831
-8.89605
-9.7632
-10.6199
-11.4664
-12.3028
-13.1293
-13.9462
-14.7536
-15.5518
-16.3409
-17.1213
-17.893
-18.6565
-19.4118
-20.1593
-20.8992
-21.6317
-22.3572
-23.076
-23.7882
-24.4943
-25.1945
-25.8892
-26.5787
-27.2635
-27.9438
-28.6201
-29.2929
-29.9625
-30.6294
-31.2942
-31.9572
-32.6192
-33.2805
-33.9418
-34.6037
-35.2669
-35.9318
-36.5993
-37.2699
-37.9444
-38.6234
-39.3076
-39.9977
-40.6943
-41.3979
-42.1092
-42.8287
-43.5566
-44.2932
-45.0387
-45.7929
-46.5555
-47.326
-48.1033
-48.8862
-49.6732
-50.4619
-51.2501
-52.0347
-52.8124
-53.5794
-54.3319
-55.0656
-55.7764
-56.4603
-57.1136
-57.7329
-58.3155
-58.8594
-59.3633
-59.8265
-60.2494
-60.6327
-60.9778
-61.2867
-61.5615
-61.8048
-62.0192
-62.2073
-62.3718
-62.5152
-62.6399
-62.7482
-62.8421
-62.9235
-62.994
-63.0552
-63.1083
-63.1545
-63.1949
-63.2303
-63.2614
-63.289
-63.3136
-63.3357
-63.3557
-63.3741
-63.391
-63.4067
-63.4216
-63.4357
-63.4493
-63.4624
-63.4753
-63.4879
-63.5004
-63.5129
-63.5253
-63.5379
-63.5505
-63.5633
-63.5762
-63.5893
-63.6027
-63.6162
-63.63
-63.6441
-63.6584
-63.673
-63.6879
-63.703
-63.7184
-63.7341
-63.75
-63.7662
-63.7827
-63.7995
-63.8165
-63.8337
-63.8513
-63.869
-63.887
-63.9053
-63.9238
-63.9425
-63.9615
-63.9806
-64
-64.0196
-64.0394
-64.0594
-64.0795
-64.0999
-64.1205
-64.1412
-64.1621
-64.1831
-64.2043
-64.2257
-64.2472
-64.2689
-64.2907
-64.3126
-64.3347
-64.3569
-64.3792
-64.4016
-64.4241
-64.4468
-64.4695
-64.4923
-64.5152
-64.5383
-64.5613
-64.5845
-64.6077
-64.6311
-64.6544
-64.6779
-64.7014
-64.7249
-64.7485
-64.7721
-64.7958
-64.8195
-64.8433
-64.8671
-64.8909
-64.9147
-64.9386
-64.9625
-64.9864
-65.0103
-65.0342
-65.0581
-65.0821
-65.106
-65.1299
-65.1538
-65.1777
-65.2016
-65.2255
-65.2494
-65.2732
-65.297
-65.3208
-65.3446
-65.3683
-65.392
-65.4157
-65.4394
-65.463
-65.4865
-65.51
-65.5335
-65.5569
-65.5803
-65.6037
-65.6269
-65.6502
-65.6733
-65.6964
-65.7195
-65.7425
-65.7654
-65.7882
-65.811
-65.8337
-65.8564
-65.879
-65.9015
-65.9239
-65.9463
-65.9686
-65.9908
-66.0129
-66.0349
-66.0569
-66.0788
-66.1006
-66.1223
-66.1439
-66.1654
-66.1868
-66.2082
-66.2295
-66.2506
-66.2717
-66.2927
-66.3136
-66.3343
-66.355
-66.3756
-66.3961
-66.4165
-66.4368
-66.457
-66.4771
-66.497
-66.5169
-66.5367
-66.5564
-66.5759
-66.5954
-66.6147
-66.634
-66.6531
-66.6721
-66.691
-66.7098
-66.7285
-66.7471
-66.7656
-66.7839
-66.8022
-66.8203
-66.8383
-66.8562
-66.874
-66.8917
-66.9092
-66.9267
-66.944
-66.9612
-66.9783
-66.9953
-67.0121
-67.0289
-67.0455
-67.062
-67.0784
-67.0946
-67.1108
-67.1268
-67.1427
-67.1585
-67.1742
-67.1897
-67.2051
-67.2204
-67.2356
-67.2507
-67.2656
-67.2805
-67.2952
-67.3097
-67.3242
-67.3385
-67.3528
-67.3669
-67.3808
-67.3947
-67.4084
-67.422
-67.4355
-67.4489
-67.4621
-67.4752
-67.4882
-67.5011
-67.5139
-67.5265
-67.539
-67.5514
-67.5637
-67.5759
-67.5879
-67.5998
-67.6116
-67.6233
-67.6348
-67.6462
-67.6576
-67.6687
-67.6798
-67.6908
-67.7016
-67.7123
-67.7229
-67.7333
-67.7437
-67.7539
-67.764
-67.774
-67.7839
-67.7937
-67.8033
-67.8128
-67.8222
-67.8315
-67.8407
-67.8497
-67.8587
-67.8675
-67.8762
-67.7474
-67.5316
-67.2538
-66.9291
-66.5687
-66.1806
-65.7714
-65.3462
-64.9091
-64.4633
-64.0117
-63.5563
-63.099
-62.6413
-62.1845
-61.7295
-61.2774
-60.8287
-60.3841
-59.9441
-59.5093
-59.0798
-58.656
-58.2381
-57.8264
-57.4209
-57.0218
-56.629
-56.2427
-55.8628
-55.4892
-55.1219
-54.7608
-54.4057
-54.0566
-53.7132
-53.2716
-52.7737
-52.2398
-51.6821
-51.1085
-50.5251
-49.9358
-49.3438
-48.7509
-48.1587
-47.5679
-46.9789
-46.3917
-45.8059
-45.2211
-44.6364
-44.051
-43.4637
-42.8732
-42.2781
-41.6768
-41.0676
-40.4486
-39.8179
-39.1733
-38.5125
-37.8328
-37.1318
-36.4065
-35.6538
-34.8705
-34.0529
-33.1975
-32.3001
-31.3566
-30.3625
-29.313
-28.2033
-27.0283
-25.7831
-24.4626
-23.0618
-21.5763
-20.0021
-18.3362
-16.5767
-14.7233
-12.7777
-10.744
-8.62939
-6.44425
-4.20273
-1.92288
0.373288
2.6599
4.9077
7.08476
9.15764
11.093
12.8598
14.4311
15.7868
16.9149
17.8121
18.4836
18.9417
19.2035
19.2896
19.2213
19.0196
18.7039
18.2916
17.798
17.2358
16.6161
15.9478
15.2385
14.4946
13.7214
12.9234
12.1044
11.2678
10.4164
9.5527
8.67888
7.7969
6.90849
6.01519
5.11838
4.21929
3.31904
2.41861
1.5189
0.620706
-0.275262
-1.16837
-2.05804
-2.94377
-3.82513
-4.70172
-5.57319
-6.43925
-7.29964
-8.15414
-9.00256
-9.84475
-10.6806
-11.51
-12.3328
-13.1491
-13.9587
-14.7617
-15.5581
-16.3479
-17.1311
-17.9079
-18.6782
-19.4422
-20.2
-20.9517
-21.6974
-22.4372
-23.1715
-23.9002
-24.6237
-25.3422
-26.0559
-26.765
-27.4699
-28.1708
-28.8681
-29.5621
-30.2531
-30.9417
-31.6281
-32.3129
-32.9965
-33.6793
-34.362
-35.045
-35.7289
-36.4143
-37.1018
-37.792
-38.4856
-39.1832
-39.8855
-40.5931
-41.3068
-42.027
-42.7545
-43.4898
-44.2335
-44.9859
-45.7474
-46.5182
-47.2984
-48.0878
-48.886
-49.6924
-50.506
-51.3256
-52.1494
-52.9753
-53.8007
-54.6227
-55.4379
-56.2424
-57.0321
-57.8029
-58.5504
-59.2704
-59.9589
-60.6126
-61.2285
-61.8044
-62.3389
-62.8314
-63.2821
-63.6919
-64.0622
-64.3951
-64.693
-64.9584
-65.1942
-65.4031
-65.5879
-65.7513
-65.8956
-66.0233
-66.1364
-66.2367
-66.326
-66.4058
-66.4774
-66.5418
-66.6002
-66.6534
-66.7022
-66.7471
-66.7887
-66.8275
-66.8639
-66.8982
-66.9308
-66.9618
-66.9916
-67.0202
-67.0478
-67.0746
-67.1007
-67.1262
-67.1511
-67.1756
-67.1996
-67.2233
-67.2466
-67.2697
-67.2925
-67.3151
-67.3375
-67.3597
-67.3817
-67.4036
-67.4254
-67.447
-67.4685
-67.4899
-67.5112
-67.5323
-67.5534
-67.5744
-67.5953
-67.6161
-67.6368
-67.6575
-67.678
-67.6985
-67.7189
-67.7392
-67.7594
-67.7795
-67.7995
-67.8195
-67.8394
-67.8592
-67.8789
-67.8985
-67.918
-67.9375
-67.9568
-67.9761
-67.9953
-68.0144
-68.0334
-68.0523
-68.0711
-68.0898
-68.1084
-68.1269
-68.1454
-68.1637
-68.1819
-68.2
-68.2181
-68.236
-68.2538
-68.2715
-68.2891
-68.3066
-68.324
-68.3413
-68.3585
-68.3756
-68.3925
-68.4094
-68.4261
-68.4428
-68.4593
-68.4757
-68.492
-68.5082
-68.5242
-68.5402
-68.556
-68.5717
-68.5873
-68.6028
-68.6182
-68.6334
-68.6486
-68.6636
-68.6785
-68.6932
-68.7079
-68.7224
-68.7368
-68.7511
-68.7653
-68.7793
-68.7932
-68.807
-68.8207
-68.8343
-68.8477
-68.861
-68.8742
-68.8873
-68.9002
-68.913
-68.9257
-68.9382
-68.9507
-68.963
-68.9752
-68.9872
-68.9992
-69.011
-69.0227
-69.0342
-69.0457
-69.057
-69.0682
-69.0792
-69.0902
-69.101
-69.1117
-69.1222
-69.1326
-69.1429
-69.1531
-69.1632
-69.1731
-69.1829
-69.1926
-69.2021
-69.2116
-69.2209
-69.23
-69.2391
-69.248
-69.2568
-69.2655
-69.2741
-69.2825
-69.2908
-69.299
-69.3071
-69.315
-69.3228
-69.3305
-69.3381
-69.3455
-69.3528
-69.2216
-69.0042
-68.7265
-68.4041
-68.0484
-67.6676
-67.2682
-66.8553
-66.4329
-66.0042
-65.5718
-65.1379
-64.704
-64.2717
-63.8421
-63.4161
-62.9945
-62.578
-62.1672
-61.7624
-61.3641
-60.9725
-60.5879
-60.2105
-59.8404
-59.4777
-59.1225
-58.7748
-58.4347
-58.1021
-57.7769
-57.4592
-57.1489
-56.8459
-56.55
-56.2612
-55.9793
-55.7042
-55.4358
-55.1739
-54.9183
-54.669
-54.4257
-54.1882
-53.9564
-53.7302
-53.5092
-53.2935
-53.0827
-52.8768
-52.6754
-52.378
-52.0255
-51.6377
-51.2262
-50.7989
-50.3611
-49.9171
-49.4695
-49.0207
-48.572
-48.1244
-47.6787
-47.2352
-46.794
-46.3551
-45.9183
-45.4834
-45.0499
-44.6175
-44.1854
-43.7532
-43.3202
-42.8856
-42.4487
-42.0086
-41.5645
-41.1155
-40.6606
-40.1988
-39.729
-39.2501
-38.7609
-38.2602
-37.7467
-37.219
-36.6756
-36.1151
-35.5359
-34.9362
-34.3143
-33.6684
-32.9966
-32.2968
-31.567
-30.8049
-30.0084
-29.1753
-28.3032
-27.3899
-26.4331
-25.4308
-24.3808
-23.2815
-22.1311
-20.9286
-19.6732
-18.3647
-17.0035
-15.591
-14.1293
-12.6214
-11.0718
-9.48598
-7.87082
-6.23468
-4.58743
-2.94053
-1.30708
0.298178
1.85897
3.35775
4.77614
6.09559
7.2984
8.3687
9.29367
10.0644
10.6763
11.1296
11.4285
11.5811
11.5976
11.4903
11.2718
10.9551
10.5524
10.075
9.53335
8.93648
8.29249
7.60837
6.8902
6.14323
5.37201
4.58045
3.77198
2.94957
2.11579
1.27293
0.422968
-0.432327
-1.29141
-2.15292
-3.01563
-3.87848
-4.74052
-5.60092
-6.45894
-7.31392
-8.1653
-9.01258
-9.85531
-10.6931
-11.5257
-12.3528
-13.1741
-13.9895
-14.7989
-15.602
-16.3988
-17.1893
-17.9733
-18.751
-19.5223
-20.2873
-21.046
-21.7985
-22.5449
-23.2853
-24.02
-24.7489
-25.4725
-26.1907
-26.9039
-27.6124
-28.3163
-29.016
-29.7119
-30.4041
-31.0932
-31.7794
-32.4633
-33.1451
-33.8254
-34.5047
-35.1834
-35.8621
-36.5414
-37.2216
-37.9036
-38.5878
-39.2748
-39.9653
-40.6599
-41.3592
-42.0638
-42.7744
-43.4914
-44.2155
-44.947
-45.6865
-46.4341
-47.1902
-47.9548
-48.7278
-49.509
-50.2976
-51.0931
-51.8942
-52.6995
-53.5072
-54.315
-55.1204
-55.9203
-56.7114
-57.4899
-58.2519
-58.9935
-59.7107
-60.3995
-61.0564
-61.6785
-62.2632
-62.8088
-63.3142
-63.7791
-64.204
-64.5899
-64.9384
-65.2516
-65.5317
-65.7815
-66.0034
-66.2002
-66.3744
-66.5286
-66.665

