-65
-64.9994
-64.9988
-64.9982
-64.9977
-64.9971
-64.9965
-64.996
-64.9954
-64.9949
-64.9943
-64.9938
-64.9932
-64.9927
-64.9922
-64.9917
-64.9912
-64.9906
-64.9901
-64.9896
-64.9891
-64.9886
-64.9881
-64.9876
-64.9872
-64.9867
-64.9862
-64.9857
-64.9852
-64.9848
-64.9843
-64.9838
-64.9834
-64.9829
-64.9825
-64.982
-64.9816
-64.9811
-64.9807
-64.9802
-64.9798
-64.9794
-64.9789
-64.9785
-64.9781
-64.9777
-64.9772
-64.9768
-64.9764
-64.976
-64.9756
-64.9752
-64.9748
-64.9744
-64.974
-64.9736
-64.9732
-64.9728
-64.9725
-64.9721
-64.9717
-64.9713
-64.971
-64.9706
-64.9702
-64.9699
-64.9695
-64.9692
-64.9688
-64.9685
-64.9681
-64.9678
-64.9675
-64.9671
-64.9668
-64.9665
-64.9661
-64.9658
-64.9655
-64.9652
-64.9649
-64.9646
-64.9642
-64.9639
-64.9636
-64.9633
-64.963
-64.9628
-64.9625
-64.9622
-64.9619
-64.9616
-64.9613
-64.9611
-64.9608
-64.9605
-64.9603
-64.96
-64.9598
-64.9595
-64.9592
-64.959
-64.9588
-64.9585
-64.9583
-64.958
-64.9578
-64.9576
-64.9573
-64.9571
-64.9569
-64.9567
-64.9565
-64.9562
-64.956
-64.9558
-64.9556
-64.9554
-64.9552
-64.955
-64.9548
-64.9546
-64.9545
-64.9543
-64.9541
-64.9539
-64.9537
-64.9536
-64.9534
-64.9532
-64.9531
-64.9529
-64.9527
-64.9526
-64.9524
-64.9523
-64.9521
-64.952
-64.9519
-64.9517
-64.9516
-64.9514
-64.9513
-64.9512
-64.9511
-64.9509
-64.9508
-64.9507
-64.9506
-64.9505
-64.9504
-64.9503
-64.9502
-64.95
-64.9499
-64.9499
-64.9498
-64.9497
-64.9496
-64.9495
-64.9494
-64.9493
-64.9492
-64.9492
-64.9491
-64.949
-64.9489
-64.9489
-64.9488
-64.9487
-64.9487
-64.9486
-64.9486
-64.9485
-64.9485
-64.9484
-64.9484
-64.9483
-64.9483
-64.9482
-64.9482
-64.9482
-64.9481
-64.9481
-64.9481
-64.948
-64.948
-64.948
-64.948
-64.948
-64.9479
-64.9479
-64.9479
-64.9479
-64.9479
-64.9479
-64.9479
-64.9479
-64.9479
-64.9479
-64.9479
-64.9479
-64.9479
-64.9479
-64.9479
-64.9479
-64.9479
-64.9479
-64.948
-64.948
-64.948
-64.948
-64.9481
-64.9481
-64.9481
-64.9481
-64.9482
-64.9482
-64.9482
-64.9483
-64.9483
-64.9483
-64.9484
-64.9484
-64.9485
-64.9485
-64.9486
-64.9486
-64.9487
-64.9487
-64.9488
-64.9488
-64.9489
-64.9489
-64.949
-64.9491
-64.9491
-64.9492
-64.9492
-64.9493
-64.9494
-64.9494
-64.9495
-64.9496
-64.9497
-64.9497
-64.9498
-64.9499
-64.95
-64.95
-64.9501
-64.9502
-64.9503
-64.9504
-64.9504
-64.9505
-64.9506
-64.9507
-64.9508
-64.9509
-64.951
-64.951
-64.9511
-64.9512
-64.9513
-64.9514
-64.9515
-64.9516
-64.9517
-64.9518
-64.9519
-64.952
-64.9521
-64.9522
-64.9523
-64.9524
-64.9525
-64.9526
-64.9527
-64.9528
-64.9529
-64.953
-64.9532
-64.9533
-64.9534
-64.9535
-64.9536
-64.9537
-64.9538
-64.9539
-64.954
-64.9542
-64.9543
-64.9544
-64.9545
-64.9546
-64.9547
-64.9548
-64.955
-64.9551
-64.9552
-64.9553
-64.9554
-64.9556
-64.9557
-64.9558
-64.9559
-64.956
-64.9562
-64.9563
-64.9564
-64.9565
-64.9566
-64.9568
-64.9569
-64.957
-64.9571
-64.9573
-64.9574
-64.9575
-64.9576
-64.9578
-64.9579
-64.958
-64.9581
-64.9583
-64.9584
-64.9585
-64.9587
-64.9588
-64.9589
-64.959
-64.9592
-64.9593
-64.9594
-64.9595
-64.9597
-64.9598
-64.9599
-64.96
-64.9602
-64.9603
-64.9604
-64.9606
-64.9607
-64.9608
-64.9609
-64.9611
-64.9612
-64.9613
-64.9614
-64.9616
-64.9617
-64.9618
-64.962
-64.9621
-64.9622
-64.9623
-64.9625
-64.9626
-64.9627
-64.9628
-64.963
-64.9631
-64.9632
-64.9633
-64.9635
-64.9636
-64.9637
-64.9638
-64.964
-64.9641
-64.9642
-64.9643
-64.9645
-64.9646
-64.9647
-64.9648
-64.9649
-64.9651
-64.9652
-64.9653
-64.9654
-64.9655
-64.9657
-64.9658
-64.9659
-64.966
-64.9661
-64.9663
-64.9664
-64.9665
-64.9666
-64.9667
-64.9668
-64.967
-64.9671
-64.9672
-64.9673
-64.9674
-64.9675
-64.9677
-64.9678
-64.9679
-64.968
-64.9681
-64.9682
-64.9683
-64.9684
-64.9685
-64.9687
-64.9688
-64.9689
-64.969
-64.9691
-64.9692
-64.9693
-64.9694
-64.9695
-64.9696
-64.9697
-64.9698
-64.9699
-64.97
-64.9701
-64.9702
-64.9703
-64.9704
-64.9705
-64.9706
-64.9707
-64.9708
-64.9709
-64.971
-64.9711
-64.9712
-64.9713
-64.9714
-64.9715
-64.9716
-64.9717
-64.9718
-64.9719
-64.972
-64.9721
-64.9722
-64.9722
-64.9723
-64.8378
-64.6157
-64.3292
-63.9926
-63.6163
-63.2083
-62.7748
-62.3208
-61.8504
-61.3669
-60.8731
-60.3711
-59.8627
-59.3495
-58.8327
-58.3131
-57.7917
-57.2691
-56.7456
-56.2217
-55.6975
-55.1731
-54.6486
-54.1238
-53.5984
-53.0722
-52.5446
-52.0152
-51.4832
-50.9478
-50.4082
-49.8632
-49.3116
-48.752
-48.1829
-47.6024
-47.0085
-46.399
-45.7712
-45.1224
-44.4493
-43.7481
-43.0148
-42.2446
-41.4322
-40.5715
-39.6555
-38.6764
-37.625
-36.4912
-35.263
-33.9271
-32.4682
-30.8691
-29.1105
-27.171
-24.9805
-22.5428
-19.8487
-16.8863
-13.646
-10.1256
-6.33529
-2.30383
1.91701
6.24978
10.5928
14.8272
18.8286
22.482
25.6962
28.414
30.6163
32.3195
33.5671
34.4192
34.9418
35.1985
35.2454
35.1287
34.885
34.542
34.12
33.5888
32.9896
32.3418
31.6563
30.9402
30.1981
29.4337
28.6496
27.8484
27.032
26.2021
25.3604
24.5084
23.6474
22.7787
21.9035
21.0229
20.1378
19.2493
18.3583
17.4655
16.5718
15.6778
14.7842
13.8917
13.0009
12.1121
11.226
10.3429
9.46323
8.58741
7.71572
6.84848
5.98594
5.12836
4.27593
3.42886
2.58729
1.75138
0.921242
0.0969894
-0.721297
-1.53355
-2.3397
-3.13973
-3.93359
-4.72127
-5.50276
-6.27807
-7.04721
-7.8102
-8.56707
-9.31787
-10.0626
-10.8014
-11.5342
-12.2612
-12.9824
-13.6979
-14.4077
-15.112
-15.8109
-16.5044
-17.1927
-17.8758
-18.554
-19.2273
-19.8959
-20.56
-21.2197
-21.8752
-22.5267
-23.1745
-23.8187
-24.4595
-25.0973
-25.7324
-26.3649
-26.9953
-27.6239
-28.2511
-28.8772
-29.5027
-30.128
-30.7535
-31.3798
-32.0073
-32.6366
-33.2683
-33.9029
-34.541
-35.1832
-35.8301
-36.4823
-37.1404
-37.805
-38.4765
-39.1554
-39.8422
-40.5371
-41.2403
-41.9518
-42.6712
-43.3984
-44.1324
-44.8723
-45.6168
-46.3642
-47.1124
-47.859
-48.6011
-49.3359
-50.0599
-50.7697
-51.462
-52.1333
-52.7805
-53.4008
-53.9917
-54.5513
-55.0782
-55.5715
-56.031
-56.4569
-56.8498
-57.2108
-57.5414
-57.8431
-58.1178
-58.3675
-58.5941
-58.7995
-58.9857
-59.1546
-59.3078
-59.4471
-59.5739
-59.6896
-59.7955
-59.8927
-59.9823
-60.0652
-60.1422
-60.2139
-60.2812
-60.3445
-60.4043
-60.4611
-60.5153
-60.5671
-60.617
-60.6651
-60.7117
-60.7569
-60.801
-60.8442
-60.8864
-60.9279
-60.9687
-61.009
-61.0488
-61.0882
-61.1272
-61.1659
-61.2044
-61.2426
-61.2806
-61.3184
-61.3561
-61.3937
-61.4312
-61.4686
-61.5059
-61.5431
-61.5803
-61.6175
-61.6547
-61.6918
-61.7289
-61.7659
-61.803
-61.84
-61.8771
-61.9141
-61.9511
-61.9881
-62.0251
-62.0621
-62.0991
-62.1361
-62.1731
-62.2101
-62.247
-62.284
-62.3209
-62.3578
-62.3947
-62.4316
-62.4684
-62.5053
-62.5421
-62.5789
-62.6156
-62.6523
-62.689
-62.7256
-62.7623
-62.7988
-62.8353
-62.8718
-62.9082
-62.9446
-62.981
-63.0172
-63.0534
-63.0896
-63.1257
-63.1617
-63.1977
-63.2336
-63.2694
-63.3052
-63.3409
-63.3765
-63.412
-63.4475
-63.4828
-63.5181
-63.5533
-63.5885
-63.6235
-63.6584
-63.6933
-63.728
-63.7627
-63.7973
-63.8317
-63.8661
-63.9003
-63.9345
-63.9686
-64.0025
-64.0363
-64.0701
-64.1037
-64.1372
-64.1706
-64.2039
-64.2371
-64.2701
-64.303
-64.3359
-64.3685
-64.4011
-64.4336
-64.4659
-64.4981
-64.5302
-64.5621
-64.5939
-64.6256
-64.6572
-64.6886
-64.7199
-64.7511
-64.7822
-64.8131
-64.8438
-64.8745
-64.905
-64.9353
-64.9655
-64.9956
-65.0256
-65.0554
-65.0851
-65.1146
-65.144
-65.1732
-65.2023
-65.2313
-65.2601
-65.2888
-65.3173
-65.3457
-65.3739
-65.402
-65.43
-65.4577
-65.4854
-65.5129
-65.5403
-65.5675
-65.5945
-65.6215
-65.6482
-65.6748
-65.7013
-65.7276
-65.7538
-65.7798
-65.8057
-65.8314
-65.8569
-65.8823
-65.9076
-65.9327
-65.9577
-65.9825
-66.0071
-66.0316
-66.056
-66.0802
-66.1042
-66.1281
-66.1519
-66.1755
-66.1989
-66.2222
-66.2453
-66.2683
-66.2911
-66.3138
-66.3363
-66.3587
-66.3809
-66.403
-66.4249
-66.4467
-66.4683
-66.4897
-66.511
-66.5322
-66.5532
-66.574
-66.5947
-66.6153
-66.6357
-66.6559
-66.676
-66.696
-66.5833
-66.3887
-66.1368
-65.8428
-65.5172
-65.1681
-64.8014
-64.422
-64.0336
-63.6392
-63.2412
-62.8416
-62.4419
-62.0434
-61.6472
-61.2542
-60.865
-60.4803
-60.1006
-59.7263
-59.3576
-58.9949
-58.6384
-58.2883
-57.9446
-57.6075
-57.277
-56.9532
-56.6361
-56.3255
-56.0216
-55.7243
-55.4334
-55.1488
-54.8706
-54.5985
-54.3325
-54.0723
-53.8179
-53.5692
-53.3259
-53.0878
-52.8549
-52.627
-52.4039
-52.1853
-51.9712
-51.7614
-51.5557
-51.3538
-51.1557
-50.9611
-50.7698
-50.5818
-50.3967
-50.2145
-50.035
-49.8579
-49.6831
-49.5104
-49.3397
-49.1708
-49.0035
-48.8377
-48.6731
-48.5097
-48.3472
-48.1854
-48.0243
-47.8636
-47.7031
-47.5427
-47.3823
-47.2215
-47.0603
-46.8985
-46.7358
-46.572
-46.4071
-46.2406
-46.0726
-45.9026
-45.7305
-45.556
-45.3789
-45.1989
-45.0157
-44.8291
-44.6386
-44.4441
-44.2451
-44.0412
-43.8321
-43.6173
-43.3964
-43.169
-42.9343
-42.6921
-42.4415
-42.1821
-41.913
-41.6336
-41.3431
-41.0405
-40.725
-40.3955
-40.0509
-39.6901
-39.3117
-38.9143
-38.4965
-38.0564
-37.5924
-37.1025
-36.5845
-36.0362
-35.4549
-34.8381
-34.1828
-33.4858
-32.7437
-31.953
-31.1097
-30.2097
-29.2489
-28.2227
-27.1266
-25.9562
-24.7069
-23.3749
-21.9563
-20.4485
-18.8499
-17.1604
-15.3821
-13.5198
-11.5816
-9.57951
-7.53014
-5.45467
-3.37899
-1.33308
0.650232
2.53699
4.29436
5.89293
7.30885
8.52537
9.53347
10.3317
10.9255
11.3253
11.5454
11.6023
11.5133
11.2956
10.9655
10.5379
10.0263
9.4426
8.79732
8.09951
7.357
6.57659
5.76413
4.92471
4.06271
3.18197
2.28584
1.37722
0.458701
-0.467477
-1.39933
-2.3351
-3.27326
-4.21244
-5.15145
-6.08923
-7.02486
-7.95753
-8.88653
-9.81126
-10.7312
-11.6458
-12.5549
-13.4579
-14.3548
-15.2452
-16.129
-17.006
-17.8763
-18.7397
-19.5963
-20.446
-21.289
-22.1253
-22.955
-23.7783
-24.5955
-25.4066
-26.2119
-27.0118
-27.8064
-28.5962
-29.3814
-30.1626
-30.94
-31.7142
-32.4856
-33.2548
-34.0223
-34.7886
-35.5544
-36.3203
-37.087
-37.8552
-38.6255
-39.3987
-40.1756
-40.9569
-41.7433
-42.5356
-43.3347
-44.1411
-44.9556
-45.7789
-46.6115
-47.454
-48.3067
-49.17
-50.0438
-50.9283
-51.823
-52.7273
-53.6405
-54.5613
-55.4881
-56.419
-57.3515
-58.2828
-59.2095
-60.1278
-61.0337
-61.9228
-62.7904
-63.6317
-64.4422
-65.2175
-65.9536
-66.6472
-67.2957
-67.8973
-68.4512
-68.9572
-69.4162
-69.8299
-70.2002
-70.53
-70.822
-71.0796
-71.3057
-71.5037
-71.6765
-71.827
-71.9579
-72.0716
-72.1703
-72.256
-72.3304
-72.395
-72.4512
-72.5001
-72.5427
-72.58
-72.6126
-72.6413
-72.6665
-72.6887
-72.7084
-72.7259
-72.7415
-72.7555
-72.768
-72.7793
-72.7895
-72.7988
-72.8073
-72.815
-72.8221
-72.8286
-72.8347
-72.8403
-72.8455
-72.8503
-72.7161
-72.5006
-72.2318
-71.9266
-71.5963
-71.2492
-70.8912
-70.5268
-70.1596
-69.792
-69.4261
-69.0634
-68.7052
-68.3522
-68.0052
-67.6648
-67.3312
-67.0048
-66.6857
-66.3741
-66.0701
-65.7737
-65.4849
-65.2036
-64.9298
-64.6634
-64.4043
-64.1524
-63.9075
-63.6696
-63.4386
-63.2142
-62.9963
-62.7849
-62.5797
-62.3807
-62.1876
-62.0003
-61.8188
-61.6428
-61.4722
-61.3069
-61.1468
-60.9917
-60.8415
-60.6961
-60.5553
-60.4191
-60.2874
-60.1599
-60.0366
-59.9175
-59.8023
-59.6911
-59.5836
-59.4798
-59.3797
-59.2831
-59.1899
-59.1
-59.0135
-58.9301
-58.8499
-58.7726
-58.6984
-58.627
-58.5585
-58.4927
-58.4296
-58.3691
-58.3112
-58.2559
-58.2029
-58.1524
-58.1042
-58.0583
-58.0146
-57.9732
-57.9338
-57.8966
-57.8614
-57.8282
-57.797
-57.7677
-57.7402
-57.7146
-57.6908
-57.6687
-57.6484
-57.6297
-57.6127
-57.5973
-57.5835
-57.5712
-57.5605
-57.5512
-57.5434
-57.5371
-57.5321
-57.5285
-57.5262
-57.5252
-57.5255
-57.5271
-57.5299
-57.5339
-57.5391
-57.5454
-57.5529
-57.5615
-57.5712
-57.582
-57.5937
-57.6065
-57.6204
-57.6351
-57.6509
-57.6676
-57.6852
-57.7037
-57.723
-57.7433
-57.7644
-57.7863
-57.809
-57.8324
-57.8567
-57.8817
-57.9075
-57.9339
-57.9611
-57.9889
-58.0174
-58.0466
-58.0764
-58.1068
-58.1378
-58.1694
-58.2016
-58.2344
-58.2677
-58.3015
-58.3358
-58.3707
-58.406
-58.4418
-58.4781
-58.5148
-58.5519
-58.5895
-58.6275
-58.6659
-58.7046
-58.7437
-58.7832
-58.8231
-58.8632
-58.9037
-58.9446
-58.9857
-59.0271
-59.0688
-59.1107
-59.153
-59.1954
-59.2381
-59.2811
-59.3242
-59.3676
-59.4111
-59.4549
-59.4988
-59.5429
-59.5872
-59.6316
-59.6762
-59.7209
-59.7657
-59.8107
-59.8557
-59.9009
-59.9461
-59.9915
-60.0369
-60.0824
-60.128
-60.1736
-60.2193
-60.265
-60.3108
-60.3565
-60.4024
-60.4482
-60.494
-60.5399
-60.5857
-60.6316
-60.6774
-60.7232
-60.769
-60.8148
-60.8605
-60.9062
-60.9518
-60.9974
-61.043
-61.0885
-61.1339
-61.1792
-61.2245
-61.1488
-60.9985
-60.7962
-60.5555
-60.2861
-59.9951
-59.688
-59.3689
-59.0412
-58.7077
-58.3703
-58.0309
-57.6907
-57.351
-57.0127
-56.6764
-56.3428
-56.0125
-55.6858
-55.363
-55.0444
-54.7303
-54.4207
-54.1158
-53.8157
-53.5204
-53.2299
-52.9443
-52.6634
-52.3872
-52.1156
-51.8486
-51.5861
-51.3278
-51.0737
-50.8237
-50.5775
-50.335
-50.0961
-49.8605
-49.6281
-49.3987
-49.172
-48.9479
-48.7261
-48.5065
-48.2889
-48.0729
-47.8584
-47.6452
-47.433
-47.2216
-47.0107
-46.8002
-46.5897
-46.3789
-46.1677
-45.9558
-45.7428
-45.5285
-45.3126
-45.0949
-44.8749
-44.6523
-44.4268
-44.1981
-43.9658
-43.7294
-43.4886
-43.243
-42.992
-42.7352
-42.472
-42.202
-41.9245
-41.639
-41.3446
-41.0408
-40.7268
-40.4017
-40.0647
-39.7149
-39.3512
-38.9725
-38.5776
-38.1653
-37.7343
-37.283
-36.8098
-36.3131
-35.7909
-35.2414
-34.6623
-34.0514
-33.4061
-32.724
-32.0021
-31.2376
-30.4272
-29.5678
-28.6559
-27.688
-26.6607
-25.5704
-24.4138
-23.1877
-21.8893
-20.5164
-19.0676
-17.5427
-15.9427
-14.2705
-12.5314
-10.7331
-8.88652
-7.00619
-5.11014
-3.22012
-1.36106
0.439712
2.15374
3.75313
5.21233
6.50992
7.63
8.56292
9.30551
9.86049
10.2355
10.4421
10.4939
10.406
10.1938
9.87222
9.45512
8.95531
8.38423
7.75204
7.06761
6.3387
5.57204
4.77347
3.94806
3.10022
2.23378
1.35209
0.458071
-0.445698
-1.35697
-2.27376
-3.19432
-4.11711
-5.04079
-5.96415
-6.88616
-7.8059
-8.72256
-9.63545
-10.544
-11.4476
-12.3458
-13.2383
-14.1248
-15.005
-15.8786
-16.7456
-17.6058
-18.4591
-19.3056
-20.1451
-20.9777
-21.8035
-22.6225
-23.435
-24.241
-25.0407
-25.8344
-26.6223
-27.4046
-28.1816
-28.9537
-29.7213
-30.4846
-31.2441
-32.0003
-32.7537
-33.5046
-34.2537
-35.0015
-35.7486
-36.4956
-37.2431
-37.9918
-38.7424
-39.4956
-40.252
-41.0124
-41.7775
-42.548
-43.3247
-44.1081
-44.8991
-45.6982
-46.5058
-47.3226
-48.1489
-48.9848
-49.8306
-50.6861
-51.551
-52.4248
-53.3066
-54.1953
-55.0893
-55.9867
-56.8853
-57.7822
-58.6742
-59.5579
-60.4292
-61.2839
-62.1176
-62.9259
-63.7042
-64.4486
-65.1552
-65.8211
-66.4436
-67.0213
-67.5534
-68.0399
-68.4816
-68.8801
-69.2374
-69.5561
-69.8389
-70.0888
-70.309
-70.5022
-70.6715
-70.8196
-70.9489
-71.0618
-71.1603
-71.2464
-71.3216
-71.3874
-71.4452
-71.4959
-71.5406
-71.5801
-71.6152
-71.6463
-71.6742
-71.6992
-71.7217
-71.7421
-71.7606
-71.7775
-71.793
-71.8073
-71.8206
-71.8329
-71.8445
-71.8553
-71.8655
-71.8752
-71.8843
-71.8931
-71.9014
-71.9094
-71.9171
-71.9245
-71.9317
-71.9386
-71.9453
-71.9518
-71.9581
-71.9642
-71.9702
-71.976
-71.9817
-71.9872
-71.9926
-71.9979
-72.0031
-72.0081
-72.013
-72.0178
-72.0225
-72.0271
-72.0316
-72.036
-72.0403
-72.0444
-72.0485
-72.0525
-72.0563
-72.0601
-72.0638
-72.0673
-72.0708
-72.0742
-72.0775
-72.0806
-72.0837
-72.0867
-72.0895
-72.0923
-72.095
-72.0976
-72.1001
-72.1024
-72.1047
-72.1069
-72.109
-72.111
-72.1128
-72.1146
-72.1163
-72.1179
-72.1193
-72.1207
-72.122
-72.1232
-72.1242
-72.1252
-72.1261
-72.1268
-72.1275
-72.1281
-72.1285
-72.1289
-72.1291
-72.1293
-72.1293
-72.1293
-72.1291
-72.1288
-72.1285
-72.128
-72.1274
-72.1267
-72.126
-72.1251
-72.1241
-72.123
-72.1218
-72.1205
-72.1191
-72.1176
-72.116
-72.1143
-72.1125
-72.1106
-72.1085
-72.1064
-72.1042
-72.1019
-72.0994
-72.0969
-72.0943
-72.0915
-72.0887
-72.0858
-72.0827
-72.0796
-72.0763
-72.073
-72.0695
-72.066
-72.0623
-72.0586
-72.0547
-72.0508
-72.0467
-72.0426
-72.0383
-72.034
-72.0295
-72.025
-72.0203
-72.0156
-72.0107
-72.0058
-72.0008
-71.9956
-71.9904
-71.9851
-71.9796
-71.9741
-71.9685
-71.9628
-71.957
-71.9511
-71.9451
-71.939
-71.9328
-71.9265
-71.9201
-71.9137
-71.9071
-71.9004
-71.8937
-71.8869
-71.8799
-71.8729
-71.8658
-71.8586
-71.8513
-71.8439
-71.8365
-71.8289
-71.8213
-71.8135
-71.8057
-71.7978
-71.7898
-71.7817
-71.7736
-71.7653
-71.757
-71.603
-71.3569
-71.0451
-70.6838
-70.2848
-69.8568
-69.4069
-68.9404
-68.4618
-67.9747
-67.4819
-66.9859
-66.4887
-65.9918
-65.4966
-65.0043
-64.5158
-64.0319
-63.5534
-63.0807
-62.6143
-62.1547
-61.7022
-61.257
-60.6998
-60.0791
-59.4187
-58.7332
-58.0329
-57.3251
-56.6155
-55.9083
-55.2067
-54.513
-53.829
-53.1558
-52.4942
-51.8447
-51.2074
-50.5824
-49.9694
-49.3679
-48.7776
-48.1976
-47.6272
-47.0656
-46.5118
-45.9648
-45.4234
-44.8866
-44.3529
-43.8211
-43.2899
-42.7577
-42.2231
-41.6844
-41.14
-40.5881
-40.027
-39.4547
-38.8693
-38.2685
-37.6502
-37.012
-36.3514
-35.6658
-34.9525
-34.2085
-33.4307
-32.6159
-31.7605
-30.8612
-29.9141
-28.9154
-27.8613
-26.7478
-25.5711
-24.3275
-23.0135
-21.6263
-20.1635
-18.6235
-17.0059
-15.3116
-13.5431
-11.7048
-9.80294
-7.84637
-5.84607
-3.81538
-1.76985
0.273
2.29396
4.27251
6.1872
8.0161
9.73737
11.3299
12.7741
14.0533
15.1542
16.0687
16.7936
17.3316
17.69
17.8804
17.9171
17.8159
17.593
17.2643
16.8443
16.3461
15.7815
15.1605
14.4916
13.7822
13.0385
12.2658
11.4685
10.6505
9.81517
8.96533
8.10351
7.2319
6.35245
5.46686
4.57667
3.68323
2.78776
1.89133
0.994916
0.0993775
-0.794516
-1.68608
-2.5747
-3.45984
-4.34101
-5.2178
-6.08984
-6.95682
-7.81844
-8.67447
-9.52472
-10.369
-11.2072
-12.0392
-12.8649
-13.6842
-14.4972
-15.3038
-16.1039
-16.8978
-17.6852
-18.4664
-19.2415
-20.0104
-20.7733
-21.5304
-22.2817
-23.0275
-23.768
-24.5033
-25.2336
-25.9592
-26.6804
-27.3974
-28.1106
-28.8203
-29.5268
-30.2305
-30.9318
-31.6312
-32.329
-33.0259
-33.7223
-34.4186
-35.1156
-35.8138
-36.5137
-37.216
-37.9215
-38.6306
-39.3442
-40.0628
-40.7873
-41.5181
-42.2561
-43.0018
-43.7559
-44.5187
-45.2908
-46.0724
-46.8638
-47.6648
-48.4754
-49.295
-50.1229
-50.9581
-51.7989
-52.6437
-53.4899
-54.335
-55.1755
-56.008
-56.8284
-57.6324
-58.4155
-59.1734
-59.9018
-60.5967
-61.2548
-61.8732
-62.4498
-62.9836
-63.4741
-63.9217
-64.3275
-64.6934
-65.0214
-65.3142
-65.5745
-65.8052
-66.0092
-66.1893
-66.3482
-66.4884
-66.6122
-66.7217
-66.8187
-66.905
-66.9819
-67.0509
-67.1129
-67.169
-67.2201
-67.2668
-67.3098
-67.3496
-67.3867
-67.4214
-67.4541
-67.4851
-67.5147
-67.5429
-67.5701
-67.5963
-67.6216
-67.6463
-67.6703
-67.6939
-67.7169
-67.7395
-67.7618
-67.7837
-67.8053
-67.8267
-67.8479
-67.8688
-67.8896
-67.9101
-67.9306
-67.9508
-67.971
-67.991
-68.0109
-68.0306
-68.0503
-68.0699
-68.0893
-68.1087
-68.1279
-68.1471
-68.1662
-68.1851
-68.204
-68.2228
-68.2415
-68.2601
-68.2786
-68.2971
-68.3154
-68.3336
-68.3518
-68.3699
-68.3878
-68.4057
-68.4235
-68.4412
-68.4588
-68.4763
-68.4937
-68.511
-68.5282
-68.5453
-68.5623
-68.5792
-68.596
-68.6127
-68.6293
-68.6458
-68.6622
-68.6785
-68.6947
-68.7108
-68.7267
-68.7426
-68.7583
-68.774
-68.7895
-68.8049
-68.8203
-68.8355
-68.8505
-68.8655
-68.8804
-68.8951
-68.9098
-68.9243
-68.9387
-68.953
-68.9671
-68.9812
-68.9951
-69.009
-69.0227
-69.0362
-69.0497
-69.0631
-69.0763
-69.0894
-69.1024
-69.1152
-69.128
-69.1406
-69.1531
-69.1655
-69.1777
-69.1899
-69.2019
-69.2138
-69.2256
-69.2372
-69.2487
-69.2601
-69.2714
-69.2826
-69.2936
-69.3045
-69.3153
-69.3259
-69.3365
-69.3469
-69.3572
-69.3673
-69.3774
-69.3873
-69.3971
-69.4068
-69.4163
-69.4257
-69.435
-69.4442
-69.4533
-69.4622
-69.471
-69.4797
-69.4882
-69.4967
-69.505
-69.5132
-69.5212
-69.5292
-69.537
-69.5447
-69.5522
-69.4214
-69.2049
-68.9287
-68.6087
-68.256
-67.8791
-67.4842
-67.0765
-66.66
-66.2377
-65.8123
-65.3859
-64.9599
-64.536
-64.1151
-63.6982
-63.2861
-62.8793
-62.4784
-62.0838
-61.6959
-61.3149
-60.941
-60.5745
-60.2154
-59.8639
-59.5199
-59.1835
-58.8548
-58.5336
-58.22
-57.9139
-57.6152
-57.3238
-57.0397
-56.7626
-56.4926
-56.2294
-55.9729
-55.723
-55.4795
-55.2424
-55.0113
-54.7862
-54.5669
-54.3532
-54.145
-53.9422
-53.7445
-53.5518
-53.3639
-53.1807
-53.0021
-52.8278
-52.6578
-52.4918
-52.3298
-52.1715
-52.017
-51.8659
-51.7182
-51.5738
-51.4325
-51.2942
-51.1588
-51.0262
-50.8962
-50.7688
-50.6438
-50.5212
-50.4009
-50.2826
-50.1665
-50.0523
-49.94
-49.8295
-49.7207
-49.6136
-49.508
-49.4039
-49.3012
-49.1998
-49.0997
-49.0008
-48.903
-48.8063
-48.7106
-48.6158
-48.522
-48.4289
-48.3366
-48.2449
-48.154
-48.0635
-47.9736
-47.8842
-47.7952
-47.7065
-47.6181
-47.5299
-47.4418
-47.3539
-47.266
-47.1781
-47.09
-47.0019
-46.9135
-46.8248
-46.7357
-46.6462
-46.5561
-46.4655
-46.3742
-46.2821
-46.1892
-46.0953
-46.0004
-45.9043
-45.807
-45.7083
-45.6081
-45.5063
-45.4029
-45.2975
-45.1901
-45.0806
-44.9687
-44.8544
-44.7374
-44.6175
-44.4946
-44.3684
-44.2387
-44.1052
-43.9678
-43.826
-43.6797
-43.5285
-43.3721
-43.21
-43.042
-42.8676
-42.6864
-42.4978
-42.3014
-42.0966
-41.8828
-41.6594
-41.4257
-41.1809
-40.9242
-40.6547
-40.3715
-40.0735
-39.7597
-39.4288
-39.0796
-38.7105
-38.3201
-37.9067
-37.4684
-37.0033
-36.5094
-35.9842
-35.4253
-34.83
-34.1954
-33.5185
-32.7959
-32.0242
-31.1997
-30.3184
-29.3766
-28.3699
-27.2946
-26.1465
-24.9222
-23.6183
-22.2325
-20.7631
-19.2103
-17.5756
-15.8631
-14.0797
-12.2355
-10.3442
-8.42376
-6.49579
-4.58548
-2.72065
-0.930454
0.756292
2.31286
3.71632
4.94896
5.99905
6.86108
7.53539
8.02737
8.34632
8.50436
8.51522
8.39337
8.15321
7.80858
7.3724
6.8565
6.27151
5.62693
4.93112
4.19147
3.41443
2.60567
1.77013
0.912167
0.0355666
-0.85633
-1.7606
-2.67466
-3.59626
-4.52339
-5.45431
-6.38747
-7.32152
-8.25528
-9.18769
-10.1179
-11.045
-11.9684
-12.8875
-13.8018
-14.7109
-15.6145
-16.5122
-17.4038
-18.2891
-19.1681
-20.0407
-20.9068
-21.7665
-22.6198
-23.4669
-24.3077
-25.1426
-25.9718
-26.7954
-27.6138
-28.4272
-29.2361
-30.0408
-30.8418
-31.6394
-32.4343
-33.227
-34.0179
-34.8078
-35.5972
-36.3869
-37.1775
-37.9698
-38.7645
-39.5625
-40.3644
-41.1711
-41.9835
-42.8023
-43.6284
-44.4625
-45.3054
-46.1576
-47.02
-47.8929
-48.7768
-49.672
-50.5784
-51.4959
-52.4242
-53.3626
-54.31
-55.265
-56.2259
-57.1903
-58.1557
-59.1188
-60.076
-61.0234
-61.9564
-62.8704
-63.7606
-64.6221
-65.4504
-66.2409
-66.9898
-67.694
-68.3511
-68.9595
-69.5186
-70.0286
-70.4906
-70.9064
-71.2784
-71.6092
-71.9021
-72.1601
-72.3866
-72.5847
-72.7576
-72.9079
-73.0386
-73.1518
-73.2499
-73.3348
-73.4082
-73.4717
-73.5266
-73.574
-73.615
-73.6504
-73.6811
-73.7076
-73.7306
-73.7504
-73.7676
-73.7825
-73.7953
-73.8064
-73.816
-73.8243
-73.8314
-73.8375
-73.8427
-73.8472
-73.8509
-73.8541
-73.8567
-73.8588
-73.8605
-73.8618
-73.8628
-73.8634
-73.8638
-73.8639
-73.8637
-73.8634
-73.8628
-73.8621
-73.8611
-73.86
-73.8588
-73.8574
-73.8558
-73.8542
-73.8524
-73.8504
-73.8484
-73.8462
-73.8439
-73.8415
-73.839
-73.8364
-73.8337
-73.8309
-73.8279
-73.8249
-73.8218
-73.8186
-73.8153
-73.8118
-73.8083
-73.8047
-73.801
-73.7972
-73.7933
-73.7893
-73.7853
-73.7811
-73.7768
-73.7724
-73.768
-73.7634
-73.7588
-73.754
-73.7492
-73.7443
-73.7392
-73.7341
-73.7289
-73.7236
-73.7182
-73.7127
-73.7071
-73.7015
-73.6957
-73.6898
-73.6839
-73.6778
-73.6717
-73.6655
-73.6591
-73.6527
-73.6462
-73.6396
-73.6329
-73.6261
-73.6192
-73.6122
-73.6051
-73.598
-73.5907
-73.5833
-73.5759
-73.5684
-73.5607
-73.553
-73.5452
-73.5373
-73.5293
-73.5212
-73.513
-73.5047
-73.4964
-73.4879
-73.4793
-73.4707
-73.462
-73.4531
-73.4442
-73.4352
-73.4261
-73.4169
-73.4077
-73.3983
-73.3888
-73.3793
-73.3697
-73.3599
-73.3501
-73.3402
-73.3302
-73.3202
-73.31
-73.2998
-73.2894
-73.279
-73.2685
-73.2579
-73.2472
-73.2364
-73.2256
-73.2146
-73.2036
-73.1925
-73.1813
-73.17
-73.1586
-73.1472
-73.1356
-73.124
-73.1123
-73.1005
-73.0887
-73.0767
-73.0647
-73.0526
-73.0404
-73.0281
-73.0158
-73.0033
-72.9908
-72.9782
-72.9656
-72.9528
-72.94
-72.9271
-72.9141
-72.9011
-72.8879
-72.8747
-72.8614
-72.8481
-72.8346
-72.8211
-72.8076
-72.7939
-72.7802
-72.7664
-72.7525
-72.7386
-72.7245
-72.7104
-72.6963
-72.6821
-72.6678
-72.6534
-72.639
-72.6245
-72.6099
-72.5952
-72.5805
-72.5658
-72.5509
-72.536
-72.521
-72.506
-72.4909
-72.4757
-72.4605
-72.4452
-72.4299
-72.4145
-72.399
-72.3834
-72.3679
-72.3522
-72.3365
-72.3207
-72.3049
-72.289
-72.273
-72.257
-72.241
-72.2248
-72.2087
-72.1924
-72.1761
-72.1598
-72.1434
-72.127
-72.1105
-72.0939
-72.0773
-72.0607
-72.044
-72.0272
-72.0104
-71.9936
-71.9767
-71.9597
-71.9427
-71.9257
-71.9086
-71.8914
-71.8743
-71.857
-71.8398
-71.8224
-71.8051
-71.7877
-71.7702
-71.7528
-71.7352
-71.7177
-71.7001
-71.6824
-71.6647
-71.647
-71.6292
-71.6114
-71.5936
-71.5757
-71.5578
-71.5399
-71.5219
-71.5039
-71.4858
-71.4678
-71.4496
-71.4315
-71.4133
-71.3951
-71.3769
-71.3586
-71.3403
-71.3219
-71.3036
-71.2852
-71.2668
-71.2483
-71.2299
-71.2114
-71.1928
-71.1743
-71.1557
-71.1371
-71.1185
-71.0998
-71.0812
-71.0625
-71.0438
-71.025
-71.0063
-70.9875
-70.9687
-70.9499
-70.9311
-70.9122
-70.8933
-70.8745
-70.8556
-70.8366
-70.8177
-70.7987
-70.7798
-70.7608
-70.7418
-70.7228
-70.7038
-70.6847
-70.6657
-70.6466
-70.6276
-70.6085
-70.5894
-70.5703
-70.5512
-70.5321
-70.5129
-70.4938
-70.4747
-70.4555
-70.4363
-70.4172
-70.398
-70.3788
-70.3597
-70.3405
-70.3213
-70.3021
-70.2829
-70.2637
-70.2445
-70.2253
-70.2061
-70.1869
-70.1677
-70.1485
-70.1293
-70.1101
-70.0909
-70.0717
-70.0525
-70.0333
-70.0141
-69.9949
-69.9757
-69.9565
-69.9374
-69.9182
-69.899
-69.8799
-69.8607
-69.8415
-69.8224
-69.8033
-69.7841
-69.765
-69.7459
-69.7268
-69.7077
-69.6886
-69.6695
-69.6504
-69.6314
-69.6123
-69.5933
-69.5743
-69.5553
-69.5363
-69.5173
-69.4983
-69.4793
-69.4604
-69.4414
-69.4225
-69.4036
-69.3847
-69.3658
-69.347
-69.3281
-69.3093
-69.2905
-69.2717
-69.2529
-69.2341
-69.2154
-69.1967
-69.178
-69.1593
-69.1406
-69.1219
-69.1033
-69.0847
-69.0661
-69.0475
-69.0289
-69.0104
-68.9919
-68.9734
-68.9549
-68.9365
-68.9181
-68.8997
-68.8813
-68.8629
-68.8446
-68.8263
-68.808
-68.7897
-68.7715
-68.7533
-68.7351
-68.7169
-68.6988
-68.6806
-68.6625
-68.6445
-68.6264
-68.6084
-68.5904
-68.5725
-68.5546
-68.5366
-68.5188
-68.5009
-68.4831
-68.4653
-68.4475
-68.4298
-68.4121
-68.3944
-68.3768
-68.3592
-68.3416
-68.324
-68.3065
-68.289
-68.2715
-68.2541
-68.2366
-68.2193
-68.2019
-68.1846
-68.1673
-68.1501
-68.1328
-68.1156
-68.0985
-68.0814
-68.0643
-68.0472
-68.0302
-68.0132
-67.9962
-67.9793
-67.9624
-67.9455
-67.9287
-67.9119
-67.8952
-67.8784
-67.8618
-67.8451
-67.8285
-67.8119
-67.7953
-67.7788
-67.7623
-67.7459
-67.7295
-67.7131
-67.6968
-67.6805
-67.6642
-67.648
-67.6318
-67.6156
-67.5995
-67.5834
-67.5674
-67.5513
-67.5354
-67.5194
-67.5035
-67.4877
-67.4718
-67.4561
-67.4403
-67.4246
-67.4089
-67.3933
-67.3777
-67.3621
-67.3466
-67.3311
-67.3157
-67.3003
-67.2849
-67.2696
-67.2543
-67.2391
-67.2239
-67.2087
-67.1936
-67.1785
-67.1634
-67.0093
-66.7648
-66.454
-66.0917
-65.6888
-65.2536
-64.7925
-64.3108
-63.8128
-63.3019
-62.7812
-62.2528
-61.7187
-61.1806
-60.6398
-60.0974
-59.5544
-59.0114
-58.469
-57.9278
-57.3881
-56.8502
-56.3142
-55.7802
-55.2481
-54.7179
-54.1894
-53.6622
-53.136
-52.6104
-52.0846
-51.5582
-51.0302
-50.4998
-49.966
-49.4276
-48.8833
-48.3317
-47.7711
-47.1997
-46.6154
-46.016
-45.3989
-44.7611
-44.0996
-43.4107
-42.6902
-41.9336
-41.0554
-40.0836
-39.0282
-37.8913
-36.6706
-35.361
-33.9545
-32.4406
-30.8067
-29.0381
-27.118
-25.0282
-22.7494
-20.2622
-17.5486
-14.5939
-11.3897
-7.93779
-4.25378
-0.371727
3.65319
7.74412
11.7866
15.6722
19.2949
22.5623
25.4053
27.7846
29.6926
31.1497
32.1981
32.8923
33.2911
33.4508
33.421
33.2425
32.9481
32.5625
32.1044
31.5876
31.0225
30.4167
29.7761
29.1053
28.4079
27.687
26.9452
26.1846
25.4073
24.6152
23.8097
22.9924
22.1648
21.3281
20.4834
19.6321
18.775
17.9132
17.0476
16.1791
15.3084
14.4363
13.5636
12.6908
11.8185
10.9474
10.0778
9.2104
8.34547
7.48345
6.62471
5.76958
4.91834
4.07128
3.22863
2.3906
1.5574
0.729191
-0.0938785
-0.911676
-1.72409
-2.53103
-3.33242
-4.12818
-4.91828
-5.70266
-6.48131
-7.25421
-8.02136
-8.78276
-9.53842
-10.2884
-11.0326
-11.7713
-12.5043
-13.2318
-13.9537
-14.6703
-15.3816
-16.0875
-16.7884
-17.4841
-18.1749
-18.8609
-19.5422
-20.2189
-20.8912
-21.5592
-22.2232
-22.8834
-23.5398
-24.1929
-24.8428
-25.4897
-26.134
-26.776
-27.416
-28.0544
-28.6915
-29.3277
-29.9635
-30.5992
-31.2355
-31.8727
-32.5115
-33.1523
-33.7957
-34.4424
-35.0929
-35.7478
-36.4078
-37.0735
-37.7455
-38.4243
-39.1106
-39.8047
-40.507
-41.218
-41.9376
-42.6658
-43.4026
-44.1473
-44.8992
-45.6572
-46.4199
-47.1855
-47.9518
-48.7163
-49.4759
-50.2275
-50.9677
-51.6927
-52.399
-53.0831
-53.7416
-54.3716
-54.9707
-55.5368
-56.0685
-56.5652
-57.0265
-57.4528
-57.845
-58.2042
-58.5322
-58.8305
-59.1014
-59.3468
-59.5689
-59.7696
-59.9512
-60.1155
-60.2643
-60.3992
-60.522
-60.6339
-60.7363
-60.8303
-60.9169
-60.997
-61.0715
-61.1411
-61.2063
-61.2678
-61.326
-61.3814
-61.4343
-61.485
-61.5339
-61.5811
-61.6269
-61.6714
-61.7149
-61.7574
-61.7991
-61.8401
-61.8805
-61.9204
-61.9597
-61.9987
-62.0373
-62.0756
-62.1136
-62.1514
-62.1889
-62.2263
-62.2635
-62.3006
-62.3375
-62.3744
-62.4111
-62.4477
-62.4843
-62.5208
-62.5572
-62.5935
-62.6298
-62.6661
-62.7023
-62.7384
-62.7745
-62.8106
-62.8466
-62.8825
-62.9185
-62.9543
-62.9902
-63.026
-63.0617
-63.0974
-63.1331
-63.1687
-63.2042
-63.2397
-63.2752
-63.3106
-63.3459
-63.3812
-63.4164
-63.4516
-63.4867
-63.5217
-63.5567
-63.5916
-63.6264
-63.6612
-63.6959
-63.7305
-63.7651
-63.7995
-63.8339
-63.8682
-63.9024
-63.9366
-63.9706
-64.0046
-64.0385
-64.0722
-64.1059
-64.1395
-64.173
-64.2064
-64.2397
-64.2729
-64.306
-64.339
-64.3719
-64.4047
-64.4373
-64.4699
-64.5024
-64.5347
-64.5669
-64.599
-64.631
-64.6629
-64.6947
-64.7263
-64.7578
-64.7892
-64.8205
-64.8517
-64.8827
-64.9136
-64.9444
-64.9751
-65.0056
-65.036
-65.0663
-65.0964
-65.1264
-65.1563
-65.186
-65.2156
-65.2451
-65.2744
-65.3036
-65.3327
-65.3616
-65.3904
-65.419
-65.4476
-65.4759
-65.5042
-65.5322
-65.5602
-65.588
-65.6157
-65.6432
-65.6705
-65.6978
-65.7249
-65.7518
-65.7786
-65.8053
-65.8318
-65.8581
-65.8843
-65.9104
-65.9363
-65.9621
-65.9877
-66.0132
-66.0385
-66.0637
-66.0887
-66.1136
-66.1383
-66.1629
-66.1874
-66.2116
-66.2358
-66.2598
-66.2836
-66.3073
-66.3308
-66.3542
-66.3774
-66.4005
-66.4234
-66.4462
-66.4688
-66.4913
-66.5137
-66.5358
-66.5579
-66.5797
-66.6015
-66.623
-66.6445
-66.6657
-66.6869
-66.7078
-66.7286
-66.7493
-66.7698
-66.7902
-66.8104
-66.8305
-66.8504
-66.8702
-66.8898
-66.9093
-66.9286
-66.9478
-66.9668
-66.9857
-67.0044
-67.023
-67.0414
-67.0597
-67.0778
-67.0958
-67.1136
-67.1313
-67.1489
-67.1662
-67.1835
-67.2006
-67.2175
-67.2344
-67.251
-67.2675
-67.2839
-67.3001
-67.3162
-67.3321
-67.3479
-67.3636
-67.3791
-67.3944
-67.4096
-67.4247
-67.4396
-67.4544
-67.4691
-67.4836
-67.4979
-67.5121
-67.5262
-67.5402
-67.554
-67.4322
-67.2256
-66.9591
-66.6479
-66.3031
-65.9326
-65.5428
-65.1386
-64.724
-64.3022
-63.8757
-63.4466
-63.0166
-62.5871
-62.1593
-61.7342
-61.3124
-60.8948
-60.4819
-60.0741
-59.6718
-59.2753
-58.885
-58.5009
-58.1232
-57.7522
-57.3877
-57.03
-56.679
-56.3346
-55.997
-55.6659
-55.3414
-55.0233
-54.7116
-54.406
-54.1065
-53.8128
-53.5249
-53.2426
-52.9655
-52.6937
-52.4268
-52.1646
-51.9069
-51.6535
-51.4041
-51.1586
-50.9166
-50.6779
-50.4423
-50.2095
-49.9792
-49.7512
-49.5253
-49.3011
-49.0784
-48.8568
-48.6362
-48.4162
-48.1965
-47.9769
-47.7569
-47.5364
-47.315
-47.0923
-46.868
-46.6417
-46.4131
-46.1818
-45.9473
-45.7094
-45.4674
-45.221
-44.9696
-44.7127
-44.4499
-44.1804
-43.9037
-43.619
-43.3257
-43.023
-42.7101
-42.386
-42.0499
-41.7005
-41.3369
-40.9578
-40.5618
-40.1475
-39.7133
-39.2575
-38.7782
-38.2734
-37.7408
-37.1781
-36.5824
-35.9511
-35.2809
-34.5683
-33.8098
-33.0013
-32.1385
-31.2168
-30.2313
-29.1768
-28.0481
-26.8396
-25.5457
-24.1611
-22.6806
-21.0998
-19.4152
-17.6246
-15.7278
-13.7274
-11.629
-9.44242
-7.18214
-4.8681
-2.5259
-0.186645
2.11376
4.3362
6.44051
8.38835
10.1461
11.6876
12.9955
14.0626
14.8909
15.49
15.8755
16.0668
16.0848
15.9508
15.6849
15.3058
14.83
14.2719
13.6441
12.9571
12.2202
11.441
10.6261
9.78104
8.91069
8.01918
7.11011
6.1866
5.25139
4.30688
3.3552
2.39822
1.43759
0.474791
-0.488886
-1.45229
-2.41439
-3.3743
-4.33122
-5.28445
-6.23339
-7.1775
-8.11633
-9.04948
-9.97661
-10.8975
-11.8118
-12.7194
-13.6201
-14.5139
-15.4007
-16.2803
-17.1529
-18.0184
-18.8769
-19.7284
-20.5731
-21.411
-22.2424
-23.0674
-23.8861
-24.6989
-25.5059
-26.3075
-27.1039
-27.8956
-28.6827
-29.4658
-30.2453
-31.0215
-31.7951
-32.5664
-33.3361
-34.1047
-34.8728
-35.6411
-36.4102
-37.1808
-37.9537
-38.7295
-39.5091
-40.2932
-41.0827
-41.8782
-42.6807
-43.4908
-44.3093
-45.1369
-45.9743
-46.822
-47.6806
-48.5502
-49.4312
-50.3234
-51.2268
-52.1407
-53.0643
-53.9965
-54.9356
-55.8798
-56.8264
-57.7726
-58.7148
-59.6493
-60.5716
-61.4771
-62.3609
-63.2181
-64.0436
-64.833
-65.582
-66.287
-66.9455
-67.5554
-68.116
-68.6273
-69.0902
-69.5063
-69.8781
-70.2082
-70.5
-70.7566
-70.9814
-71.1777
-71.3486
-71.4972
-71.6261
-71.7379
-71.8348
-71.9188
-71.9917
-72.0549
-72.1099
-72.1578
-72.1996
-72.2362
-72.2683
-72.2966
-72.3215
-72.3436
-72.3633
-72.381
-72.3968
-72.411
-72.4239
-72.4357
-72.4464
-72.4563
-72.4654
-72.4738
-72.4816
-72.4889
-72.4958
-72.5023
-72.5084
-72.5141
-72.5196
-72.5248
-72.5298
-72.5346
-72.5391
-72.5435
-72.5477
-72.5518
-72.5556
-72.5594
-72.563
-72.5665
-72.5699
-72.5731
-72.5763
-72.5793
-72.5822
-72.585
-72.5877
-72.5903
-72.5929
-72.5953
-72.5976
-72.5998
-72.6019
-72.6039
-72.6059
-72.6077
-72.6094
-72.6111
-72.6126
-72.6141
-72.6155
-72.6167
-72.6179
-72.619
-72.62
-72.6209
-72.6217
-72.6224
-72.623
-72.6235
-72.624
-72.6243
-72.6245
-72.6247
-72.6247
-72.6246
-72.6245
-72.6243
-72.6239
-72.6235
-72.6229
-72.6223
-72.6216
-72.6207
-72.6198
-72.6188
-72.6177
-72.6164
-72.6151
-72.6137
-72.6122
-72.6106
-72.6089
-72.607
-72.6051
-72.6031
-72.601
-72.5988
-72.5965
-72.5941
-72.5916
-72.589
-72.5863
-72.5835
-72.5806
-72.5776
-72.5745
-72.5713
-72.568
-72.5646
-72.5611
-72.5575
-72.5538
-72.55
-72.5461
-72.5421
-72.538
-72.5338
-72.5296
-72.5252
-72.5207
-72.5161
-72.5114
-72.5067
-72.5018
-72.4968
-72.4917
-72.4866
-72.4813
-72.4759
-72.4705
-72.4649
-72.4593
-72.4535
-72.4477
-72.4417
-72.4357
-72.4296
-72.4233
-72.417
-72.4106
-72.4041
-72.3975
-72.3908
-72.384
-72.3771
-72.3701
-72.3631
-72.3559
-72.3486
-72.3413
-72.3339
-72.3263
-72.3187
-72.311
-72.3032
-72.2953
-72.2873
-72.2792
-72.2711
-72.2628
-72.2545
-72.246
-72.2375
-72.2289
-72.2202
-72.2115
-72.2026
-72.1936
-72.1846
-72.1755
-72.1663
-72.157
-72.1476
-72.1381
-72.1286
-72.119
-72.1093
-72.0995
-72.0896
-72.0797
-72.0696
-72.0595
-72.0493
-72.039
-72.0287
-72.0182
-72.0077
-71.9971
-71.9865
-71.9757
-71.9649
-71.954
-71.943
-71.932
-71.9208
-71.9096
-71.8984
-71.887
-71.8756
-71.8641
-71.8525
-71.8409
-71.8292
-71.8174
-71.8055
-71.7936
-71.7816
-71.7696
-71.7574
-71.7452
-71.733
-71.7206
-71.7082
-71.6958
-71.6832
-71.6706
-71.658
-71.6452
-71.6324
-71.6196
-71.6067
-71.5937
-71.5806
-71.5675
-71.5544
-71.5411
-71.5279
-71.5145
-71.5011
-71.4876
-71.3279
-71.0747
-70.7539
-70.3818
-69.97
-69.5273
-69.0607
-68.5758
-68.077
-67.568
-67.0519
-66.531
-66.0075
-65.483
-64.9591
-64.4368
-63.9172
-63.4013
-62.8896
-62.3829
-61.8817
-61.3864
-60.8973
-60.4149
-59.9392
-59.4706
-59.0092
-58.555
-58.1081
-57.6686
-57.2365
-56.8116
-56.3939
-55.9833
-55.5796
-55.1827
-54.7924
-54.4084
-54.0306
-53.6585
-53.292
-52.9307
-52.5743
-52.2224
-51.8745
-51.5304
-51.1896
-50.8515
-50.5158
-50.182
-49.8494
-49.5176
-49.1859
-48.8539
-48.5207
-48.1859
-47.8486
-47.5081
-47.1636
-46.8144
-46.4594
-46.0978
-45.7286
-45.3506
-44.9628
-44.5638
-44.1524
-43.7271
-43.2862
-42.828
-42.3507
-41.8523
-41.3303
-40.7824
-40.2058
-39.5975
-38.9542
-38.2721
-37.5472
-36.7751
-35.9507
-35.0687
-34.123
-33.1071
-32.0137
-30.8353
-29.5633
-28.1891
-26.7035
-25.0971
-23.3606
-21.4853
-19.4636
-17.2898
-14.961
-12.4782
-9.84767
-7.08213
-4.20191
-1.23576
1.77909
4.79752
7.76825
10.6364
13.3469
15.8483
18.097
20.0599
21.7174
23.0635
24.1055
24.8609
25.355
25.6173
25.6784
25.5677
25.3124
24.9359
24.4585
23.897
23.2653
22.5745
21.8341
21.0514
20.2329
19.3836
18.508
17.61
16.6926
15.7588
14.8112
13.8518
12.8827
11.9058
10.9226
9.93461
8.94316
7.94945
6.95457
5.9595
4.96515
3.97231
2.98171
1.994
1.00975
0.0294966
-0.946317
-1.91728
-2.88305
-3.8433
-4.79779
-5.74627
-6.68856
-7.62451
-8.55399
-9.4769
-10.3932
-11.3028
-12.2057
-13.1019
-13.9914
-14.8743
-15.7506
-16.6204
-17.4838
-18.3409
-19.1919
-20.037
-20.8761
-21.7097
-22.5379
-23.3609
-24.1791
-24.9926
-25.8018
-26.6071
-27.4089
-28.2074
-29.0033
-29.7969
-30.5888
-31.3796
-32.1697
-32.9599
-33.7507
-34.543
-35.3374
-36.1347
-36.9358
-37.7415
-38.5527
-39.3702
-40.1951
-41.0283
-41.8707
-42.7232
-43.5867
-44.4622
-45.3504
-46.252
-47.1675
-48.0974
-49.0419
-50.0008
-50.9737
-51.9599
-52.9582
-53.9667
-54.9833
-56.005
-57.0283
-58.0489
-59.0622
-60.0626
-61.0445
-62.0017
-62.928
-63.8176
-64.6647
-65.4646
-66.2132
-66.9076
-67.546
-68.128
-68.6542
-69.1262
-69.5466
-69.9185
-70.2456
-70.5318
-70.7811
-70.9975
-71.1846
-71.3462
-71.4855
-71.6053
-71.7084
-71.7972
-71.8735
-71.9394
-71.9962
-72.0454
-72.088
-72.1251
-72.1574
-72.1857
-72.2106
-72.2326
-72.2521
-72.2694
-72.285
-72.2989
-72.3116
-72.3231
-72.3337
-72.3433
-72.3523
-72.3606
-72.3683
-72.3756
-72.3825
-72.3889
-72.3951
-72.4009
-72.4065
-72.4118
-72.4169
-72.4219
-72.4266
-72.4312
-72.4356
-72.4399
-72.4441
-72.4481
-72.4521
-72.4559
-72.4596
-72.4632
-72.4667
-72.4701
-72.4734
-72.4766
-72.4798
-72.4828
-72.4858
-72.4886
-72.4914
-72.4941
-72.4967
-72.4992
-72.5016
-72.504
-72.5062
-72.5084
-72.5105
-72.5125
-72.5144
-72.5162
-72.518
-72.5196
-72.5212
-72.5227
-72.5241
-72.5254
-72.5266
-72.5277
-72.5288
-72.5297
-72.5306
-72.5314
-72.532
-72.5326
-72.5331
-72.5335
-72.5338
-72.5341
-72.5342
-72.5342
-72.5342
-72.534
-72.5338
-72.5335
-72.533
-72.5325
-72.5319
-72.5312
-72.5304
-72.5295
-72.5285
-72.5274
-72.5262
-72.5249
-72.5235
-72.522
-72.5204
-72.5188
-72.517
-72.5151
-72.5132
-72.5111
-72.509
-72.5067
-72.5044
-72.5019
-72.4994
-72.4967
-72.494
-72.4911
-72.4882
-72.4852
-72.482
-72.4788
-72.4755
-72.4721
-72.4686
-72.4649
-72.4612
-72.4574
-72.4535
-72.4495
-72.4454
-72.4412
-72.4369
-72.4325
-72.428
-72.4234
-72.4187
-72.414
-72.4091
-72.4041
-72.399
-72.3939
-72.3886
-72.3833
-72.3778
-72.3723
-72.3666
-72.3609
-72.3551
-72.3491
-72.3431
-72.337
-72.3308
-72.3245
-72.3181
-72.3116
-72.3051
-72.2984
-72.2916
-72.2848
-72.2778
-72.1252
-71.8813
-71.5728
-71.2164
-70.8236
-70.4035
-69.9629
-69.5072
-69.0408
-68.5671
-68.0891
-67.609
-67.1287
-66.6498
-66.1736
-65.7011
-65.2332
-64.7707
-64.3142
-63.8642
-63.4211
-62.9853
-62.5571
-62.1367
-61.7242
-61.3198
-60.9237
-60.5358
-60.1561
-59.7848
-59.4217
-59.0669
-58.7202
-58.3815
-58.0509
-57.7281
-57.413
-57.1055
-56.8055
-56.5127
-56.227
-55.9483
-55.6764
-55.4111
-55.1521
-54.8994
-54.6526
-54.4117
-54.1764
-53.9465
-53.7219
-53.5022
-53.2874
-53.0772
-52.8714
-52.6699
-52.4724
-52.2787
-52.0887
-51.9022
-51.719
-51.5388
-51.3616
-51.1871
-51.0152
-50.8457
-50.6784
-50.5132
-50.3498
-50.1882
-50.0281
-49.8695
-49.712
-49.5557
-49.4002
-49.2455
-49.0914
-48.9377
-48.7843
-48.631
-48.4777
-48.3241
-48.1702
-48.0156
-47.8604
-47.7042
-47.5469
-47.3883
-47.2283
-47.0665
-46.9028
-46.737
-46.5688
-46.398
-46.2244
-46.0477
-45.8675
-45.6836
-45.4957
-45.3035
-45.1066
-44.9046
-44.6971
-44.4837
-44.2639
-44.0373
-43.8033
-43.5613
-43.3108
-43.0511
-42.7815
-42.5012
-42.2094
-41.9053
-41.5877
-41.2559
-40.9085
-40.5443
-40.1621
-39.7604
-39.3376
-38.8921
-38.4219
-37.925
-37.3994
-36.8425
-36.2519
-35.6247
-34.958
-34.2485
-33.4928
-32.6871
-31.8276
-30.91
-29.9301
-28.8834
-27.7653
-26.5712
-25.2967
-23.9375
-22.4901
-20.9513
-19.3191
-17.5931
-15.7743
-13.8662
-11.8747
-9.80934
-7.68288
-5.51214
-3.31799
-1.12525
1.03784
3.14039
5.15023
7.0355
8.76665
10.3183
11.6711
12.8124
13.7373
14.4478
14.9521
15.263
15.3966
15.3705
15.2029
14.9112
14.5121
14.0203
13.4492
12.8104
12.1139
11.3685
10.5816
9.75949
8.9078
8.03123
7.13388
6.2193
5.2906
4.35048
3.40132
2.44523
1.48405
0.519413
-0.447249
-1.41466
-2.38169
-3.34736
-4.31079
-5.27122
-6.22797
-7.18046
-8.12819
-9.07073
-10.0077
-10.9388
-11.8637
-12.7823
-13.6944
-14.5999
-15.4986
-16.3906
-17.2758
-18.1542
-19.0259
-19.8909
-20.7494
-21.6014
-22.4472
-23.2869
-24.1208
-24.949
-25.7718
-26.5896
-27.4027
-28.2114
-29.0162
-29.8174
-30.6155
-31.4111
-32.2046
-32.9966
-33.7877
-34.5786
-35.3699
-36.1624
-36.9567
-37.7536
-38.554
-39.3586
-40.1682
-40.9838
-41.8062
-42.6362
-43.4746
-44.3224
-45.1801
-46.0485
-46.9283
-47.8199
-48.7237
-49.6398
-50.5683
-51.5088
-52.4607
-53.4232
-54.3949
-55.374
-56.3583
-57.345
-58.331
-59.3123
-60.2848
-61.2439
-62.1843
-63.1011
-63.9888
-64.8425
-65.6572
-66.4287
-67.1536
-67.829
-68.4534
-69.026
-69.5471
-70.0178
-70.4401
-70.8165
-71.1501
-71.4442
-71.7023
-71.928
-72.1245
-72.2952
-72.4432
-72.5713
-72.6819
-72.7774
-72.8598
-72.931
-72.9923
-73.0453
-73.0911
-73.1308
-73.1651
-73.1948
-73.2207
-73.2432
-73.2628
-73.28
-73.295
-73.3081
-73.3197
-73.3299
-73.3389
-73.3469
-73.3539
-73.3602
-73.3658
-73.3707
-73.3752
-73.3791
-73.3827
-73.3859
-73.3887
-73.3912
-73.3935
-73.3955
-73.3973
-73.3988
-73.4002
-73.4014
-73.4024
-73.4033
-73.4041
-73.4047
-73.4051
-73.4054
-73.4057
-73.4058
-73.4057
-73.4056
-73.4054
-73.405
-73.4046
-73.404
-73.4034
-73.4026
-73.4018
-73.4009
-73.3998
-73.3987
-73.3975
-73.3961
-73.3947
-73.3932
-73.3916
-73.3899
-73.3881
-73.3863
-73.3843
-73.3822
-73.3801
-73.3778
-73.3755
-73.373
-73.3705
-73.3679
-73.3652
-73.3624
-73.3595
-73.3565
-73.2093
-72.9746
-72.6802
-72.343
-71.9749
-71.5846
-71.1787
-70.7624
-70.3396
-69.9136
-69.4867
-69.061
-68.638
-68.219
-67.805
-67.3969
-66.9952
-66.6005
-66.2131
-65.8334
-65.4617
-65.098
-64.7425
-64.3953
-64.0564
-63.7258
-63.4035
-63.0895
-62.7836
-62.4859
-62.1961
-61.9143
-61.6402
-61.3737
-61.1148
-60.8632
-60.6189
-60.3817
-60.1514
-59.9279
-59.711
-59.5006
-59.2966
-59.0987
-58.9069
-58.721
-58.5409
-58.3663
-58.1972
-58.0335
-57.8749
-57.7214
-57.5729
-57.4291
-57.29
-57.1555
-57.0254
-56.8997
-56.7781
-56.6607
-56.5473
-56.4378
-56.3321
-56.2301
-56.1317
-56.0369
-55.9455
-55.8574
-55.7726
-55.6911
-55.6126
-55.5372
-55.4648
-55.3953
-55.3287
-55.2649
-55.2037
-55.1453
-55.0894
-55.0361
-54.9854
-54.937
-54.8911
-54.8476
-54.8063
-54.7674
-54.7306
-54.6961
-54.6637
-54.6334
-54.6052
-54.579
-54.5549
-54.5327
-54.5124
-54.4941
-54.4777
-54.4631
-54.4504
-54.4394
-54.4302
-54.4228
-54.4171
-54.4131
-54.4107
-54.41
-54.411
-54.4135
-54.4177
-54.4234
-54.4306
-54.4394
-54.4496
-54.4614
-54.4746
-54.4893
-54.5053
-54.5228
-54.5417
-54.562
-54.5835
-54.6065
-54.6307
-54.6562
-54.683
-54.7111
-54.7404
-54.7709
-54.8026
-54.8355
-54.8696
-54.9048
-54.9411
-54.9786
-55.0171
-55.0567
-55.0974
-55.1391
-55.1819
-55.2256
-55.2703
-55.3159
-55.3625
-55.41
-55.4585
-55.5078
-55.5579
-55.609
-55.6608
-55.7134
-55.7668
-55.821
-55.8759
-55.9316
-55.9879
-56.0449
-56.1026
-56.161
-56.2199
-56.2795
-56.3396
-56.4003
-56.4615
-56.5232
-56.5854
-56.6482
-56.7113
-56.7749
-56.839
-56.9034
-56.9682
-57.0333
-57.0988
-57.1647
-57.2308
-57.2971
-57.3638
-57.4307
-57.4978
-57.5651
-57.6326
-57.7003
-57.7681
-57.8361
-57.9042
-57.9724
-58.0406
-58.109
-58.1773
-58.2458
-58.3142
-58.3826
-58.4511
-58.5195
-58.5878
-58.6562
-58.7244
-58.7926
-58.8607
-58.9287
-58.9965
-59.0643
-59.1319
-59.1993
-59.2666
-59.3337
-59.4007
-59.4674
-59.5339
-59.6003
-59.6664
-59.7323
-59.7979
-59.8633
-59.9285
-59.9934
-60.058
-60.1223
-60.1864
-60.2502
-60.3137
-60.3769
-60.4398
-60.5024
-60.5647
-60.6266
-60.6883
-60.7496
-60.8106
-60.8712
-60.9316
-60.9915
-61.0512
-61.1105
-61.1694
-61.228
-61.2862
-61.3441
-61.4016
-61.4588
-61.5156
-61.5721
-61.6282
-61.6839
-61.7392
-61.7942
-61.8488
-61.9031
-61.957
-62.0105
-62.0637
-62.1165
-62.1689
-62.2209
-62.2726
-62.3239
-62.3749
-62.4254
-62.4756
-62.5255
-62.575
-62.6241
-62.6728
-62.7212
-62.7693
-62.8169
-62.8642
-62.9112
-62.9578
-63.004
-63.0499
-63.0954
-63.1406
-63.1854
-63.2298
-63.274
-63.3177
-63.3612
-63.4042
-63.447
-63.4894
-63.5314
-63.5731
-63.6145
-63.6556
-63.6963
-63.7366
-63.7767
-63.8164
-63.8558
-63.8949
-63.9336
-63.972
-64.0101
-64.0479
-64.0854
-64.1225
-64.1593
-64.1959
-64.2321
-64.268
-64.3036
-64.2088
-64.0316
-63.6672
-63.1793
-62.6034
-61.9627
-61.2748
-60.5529
-59.8075
-59.0468
-58.2774
-57.5043
-56.7317
-55.9628
-55.2
-54.4452
-53.6999
-52.9651
-52.2415
-51.5296
-50.8294
-50.1411
-49.4643
-48.7986
-48.1436
-47.4985
-46.8625
-46.2347
-45.614
-44.9992
-44.3891
-43.7822
-43.1771
-42.5722
-41.9658
-41.356
-40.7411
-40.1188
-39.4872
-38.8439
-38.1864
-37.5123
-36.8188
-36.1031
-35.362

