-65
-64.9994
-64.9988
-64.9982
-64.9977
-64.9971
-64.9965
-64.996
-64.9954
-64.9949
-64.9943
-64.9938
-64.9932
-64.9927
-64.9922
-64.9917
-64.9912
-64.9906
-64.9901
-64.9896
-64.9891
-64.9886
-64.9881
-64.9876
-64.9872
-64.9867
-64.9862
-64.9857
-64.9852
-64.9848
-64.9843
-64.9838
-64.9834
-64.9829
-64.9825
-64.982
-64.9816
-64.9811
-64.9807
-64.9802
-64.9798
-64.9794
-64.9789
-64.9785
-64.9781
-64.9777
-64.9772
-64.9768
-64.9764
-64.976
-64.9756
-64.9752
-64.9748
-64.9744
-64.974
-64.9736
-64.9732
-64.9728
-64.9725
-64.9721
-64.9717
-64.9713
-64.971
-64.9706
-64.9702
-64.9699
-64.9695
-64.9692
-64.9688
-64.9685
-64.9681
-64.9678
-64.9675
-64.9671
-64.9668
-64.9665
-64.9661
-64.9658
-64.9655
-64.9652
-64.9649
-64.9646
-64.9642
-64.9639
-64.9636
-64.9633
-64.963
-64.9628
-64.9625
-64.9622
-64.9619
-64.9616
-64.9613
-64.9611
-64.9608
-64.9605
-64.9603
-64.96
-64.9598
-64.9595
-64.9592
-64.959
-64.9588
-64.9585
-64.9583
-64.958
-64.9578
-64.9576
-64.9573
-64.9571
-64.9569
-64.9567
-64.9565
-64.9562
-64.956
-64.9558
-64.9556
-64.9554
-64.9552
-64.955
-64.9548
-64.9546
-64.9545
-64.9543
-64.9541
-64.9539
-64.9537
-64.9536
-64.9534
-64.9532
-64.9531
-64.9529
-64.9527
-64.9526
-64.9524
-64.9523
-64.9521
-64.952
-64.9519
-64.9517
-64.9516
-64.9514
-64.9513
-64.9512
-64.9511
-64.9509
-64.9508
-64.9507
-64.9506
-64.9505
-64.9504
-64.9503
-64.9502
-64.95
-64.9499
-64.9499
-64.9498
-64.9497
-64.9496
-64.9495
-64.9494
-64.9493
-64.9492
-64.9492
-64.9491
-64.949
-64.9489
-64.9489
-64.9488
-64.9487
-64.9487
-64.9486
-64.9486
-64.9485
-64.9485
-64.9484
-64.9484
-64.9483
-64.9483
-64.9482
-64.9482
-64.9482
-64.9481
-64.9481
-64.9481
-64.948
-64.948
-64.948
-64.948
-64.948
-64.9479
-64.9479
-64.9479
-64.9479
-64.9479
-64.9479
-64.9479
-64.9479
-64.9479
-64.9479
-64.9479
-64.9479
-64.9479
-64.9479
-64.9479
-64.9479
-64.9479
-64.9479
-64.948
-64.948
-64.948
-64.948
-64.9481
-64.9481
-64.9481
-64.9481
-64.9482
-64.9482
-64.9482
-64.9483
-64.9483
-64.9483
-64.9484
-64.9484
-64.9485
-64.9485
-64.9486
-64.9486
-64.9487
-64.9487
-64.9488
-64.9488
-64.9489
-64.9489
-64.949
-64.9491
-64.9491
-64.9492
-64.9492
-64.9493
-64.9494
-64.9494
-64.9495
-64.9496
-64.9497
-64.9497
-64.9498
-64.9499
-64.95
-64.95
-64.9501
-64.9502
-64.9503
-64.9504
-64.9504
-64.9505
-64.9506
-64.9507
-64.9508
-64.9509
-64.951
-64.951
-64.9511
-64.9512
-64.9513
-64.9514
-64.9515
-64.9516
-64.9517
-64.9518
-64.9519
-64.952
-64.9521
-64.9522
-64.9523
-64.9524
-64.9525
-64.9526
-64.9527
-64.9528
-64.9529
-64.953
-64.9532
-64.9533
-64.9534
-64.9535
-64.9536
-64.9537
-64.9538
-64.9539
-64.954
-64.9542
-64.9543
-64.9544
-64.9545
-64.9546
-64.9547
-64.9548
-64.955
-64.9551
-64.9552
-64.9553
-64.9554
-64.9556
-64.9557
-64.9558
-64.9559
-64.956
-64.9562
-64.9563
-64.9564
-64.9565
-64.9566
-64.9568
-64.9569
-64.957
-64.9571
-64.9573
-64.9574
-64.9575
-64.9576
-64.9578
-64.9579
-64.958
-64.9581
-64.9583
-64.9584
-64.9585
-64.9587
-64.9588
-64.9589
-64.959
-64.9592
-64.9593
-64.9594
-64.9595
-64.9597
-64.9598
-64.9599
-64.96
-64.9602
-64.9603
-64.9604
-64.9606
-64.9607
-64.9608
-64.9609
-64.9611
-64.9612
-64.9613
-64.9614
-64.9616
-64.9617
-64.9618
-64.962
-64.9621
-64.9622
-64.9623
-64.9625
-64.9626
-64.9627
-64.9628
-64.963
-64.9631
-64.9632
-64.9633
-64.9635
-64.9636
-64.9637
-64.9638
-64.964
-64.9641
-64.9642
-64.9643
-64.9645
-64.9646
-64.9647
-64.9648
-64.9649
-64.9651
-64.9652
-64.9653
-64.9654
-64.9655
-64.9657
-64.9658
-64.9659
-64.966
-64.9661
-64.9663
-64.9664
-64.9665
-64.9666
-64.9667
-64.9668
-64.967
-64.9671
-64.9672
-64.9673
-64.9674
-64.9675
-64.9677
-64.9678
-64.9679
-64.968
-64.9681
-64.9682
-64.9683
-64.9684
-64.9685
-64.9687
-64.9688
-64.9689
-64.969
-64.8345
-64.6124
-64.3259
-63.9894
-63.6132
-63.2052
-62.7717
-62.3177
-61.8474
-61.364
-60.8701
-60.3682
-59.8599
-59.3467
-58.8299
-58.3104
-57.789
-57.2664
-56.7429
-56.219
-55.6948
-55.1705
-54.646
-54.1212
-53.5958
-53.0696
-52.542
-52.0126
-51.4806
-50.9452
-50.4056
-49.8605
-49.3089
-48.7493
-48.18
-47.5994
-47.0055
-46.3958
-45.768
-45.119
-44.4457
-43.7444
-43.0109
-42.2405
-41.4278
-40.5668
-39.6504
-38.6709
-37.6191
-36.4848
-35.256
-33.9195
-32.4598
-30.8598
-29.1002
-27.1597
-25.0152
-22.6425
-20.0172
-17.1169
-13.9235
-10.4276
-6.63351
-2.56503
1.72884
6.17059
10.655
15.0558
19.2385
23.0762
26.4669
29.3445
31.6848
33.5022
34.8412
35.7645
36.3413
36.6387
36.7158
36.6213
36.3934
36.0611
35.6457
35.163
34.6241
34.0376
33.4096
32.7449
32.0473
31.32
30.5655
29.7863
28.9843
28.1616
27.3198
26.4606
25.5856
24.6962
23.7938
22.8798
21.9554
21.0219
20.0802
19.1316
18.1771
17.2176
16.2541
15.2873
14.3182
13.3474
12.3756
11.4036
10.4319
9.46117
8.49182
7.52438
6.55931
5.59699
4.6378
3.68209
2.73014
1.78224
0.838633
-0.10047
-1.03488
-1.96442
-2.88896
-3.80838
-4.72258
-5.63148
-6.53501
-7.43313
-8.32581
-9.21305
-10.0948
-10.9712
-11.8421
-12.7077
-13.568
-14.4231
-15.273
-16.1179
-16.9579
-17.7931
-18.6236
-19.4496
-20.2714
-21.089
-21.9028
-22.7129
-23.5197
-24.3234
-25.1244
-25.923
-26.7196
-27.5147
-28.3087
-29.1021
-29.8955
-30.6894
-31.4846
-32.2816
-33.0813
-33.8844
-34.6917
-35.5041
-36.3226
-37.1482
-37.9818
-38.8246
-39.6775
-40.5419
-41.4187
-42.309
-43.214
-44.1346
-45.0718
-46.0263
-46.9987
-47.9895
-48.9985
-50.0255
-51.0695
-52.1292
-53.2026
-54.2867
-55.3779
-56.4719
-57.5632
-58.6458
-59.7127
-60.7566
-61.7698
-62.7449
-63.6746
-64.5526
-65.3734
-66.1332
-66.8294
-67.4612
-68.0293
-68.5356
-68.9831
-69.3757
-69.718
-70.0147
-70.2706
-70.4904
-70.6787
-70.8396
-70.9768
-71.0938
-71.1936
-71.2786
-71.3513
-71.4134
-71.4667
-71.5126
-71.4217
-71.2532
-71.0356
-70.7856
-70.5143
-70.2292
-69.9359
-69.6383
-69.3394
-69.0411
-68.7453
-68.4529
-68.165
-67.882
-67.6046
-67.3329
-67.0673
-66.8079
-66.5547
-66.3079
-66.0673
-65.833
-65.6049
-65.3829
-65.1669
-64.957
-64.7528
-64.5544
-64.3616
-64.1743
-63.9923
-63.8157
-63.6441
-63.4776
-63.316
-63.1592
-63.0071
-62.8595
-62.7163
-62.5775
-62.443
-62.3126
-62.1862
-62.0637
-61.9451
-61.8302
-61.719
-61.6113
-61.5071
-61.4063
-61.3088
-61.2146
-61.1235
-61.0354
-60.9504
-60.8683
-60.7891
-60.7126
-60.6389
-60.5679
-60.4994
-60.4335
-60.3701
-60.3091
-60.2505
-60.1942
-60.1402
-60.0884
-60.0387
-59.9912
-59.9457
-59.9022
-59.8607
-59.8212
-59.7835
-59.7477
-59.7137
-59.6814
-59.6509
-59.622
-59.5948
-59.5693
-59.5453
-59.5228
-59.5019
-59.4825
-59.4645
-59.4479
-59.4327
-59.4188
-59.4063
-59.3951
-59.3852
-59.3765
-59.369
-59.3627
-59.3576
-59.3536
-59.3508
-59.349
-59.3483
-59.3487
-59.35
-59.3524
-59.3558
-59.3601
-59.3653
-59.3715
-59.3786
-59.3865
-59.3953
-59.405
-59.4155
-59.4267
-59.4388
-59.4516
-59.4652
-59.4795
-59.4946
-59.5103
-59.5267
-59.5438
-59.5616
-59.58
-59.599
-59.6186
-59.6389
-59.6597
-59.681
-59.703
-59.7254
-59.7484
-59.7719
-59.7959
-59.8204
-59.8454
-59.8708
-59.8967
-59.923
-59.9498
-59.977
-60.0046
-60.0326
-60.0609
-60.0897
-60.1188
-60.1482
-60.178
-60.2082
-60.2386
-60.2694
-60.3004
-60.3318
-60.3635
-60.3954
-60.4276
-60.46
-60.4928
-60.5257
-60.5589
-60.5923
-60.6259
-60.6597
-60.6938
-60.728
-60.7624
-60.797
-60.8318
-60.8667
-60.9018
-60.937
-60.9724
-61.0079
-61.0435
-61.0793
-61.1152
-61.1512
-61.1873
-61.2235
-61.2598
-61.2962
-61.3326
-61.3692
-61.4058
-61.4425
-61.4792
-61.516
-61.5528
-61.5897
-61.6266
-61.6636
-61.7005
-61.7375
-61.7746
-61.8116
-61.8487
-61.8857
-61.9228
-61.9598
-61.9969
-62.034
-62.071
-62.108
-62.145
-62.182
-62.2189
-62.2558
-62.2927
-62.3295
-62.3663
-62.403
-62.4397
-62.4763
-62.5129
-62.5495
-62.5859
-62.6223
-62.6586
-62.6949
-62.7311
-62.7672
-62.8032
-62.8392
-62.875
-62.9108
-62.9465
-62.9821
-63.0176
-63.053
-63.0883
-63.1236
-63.1587
-63.1937
-63.2286
-63.2634
-63.2981
-63.3326
-63.3671
-63.4014
-63.4356
-63.4698
-63.5037
-63.5376
-63.5713
-63.6049
-63.6384
-63.6718
-63.705
-63.7381
-63.7711
-63.8039
-63.8366
-63.8691
-63.9016
-63.9338
-63.966
-63.998
-64.0298
-64.0615
-64.0931
-64.1245
-64.1558
-64.1869
-64.2179
-64.2487
-64.2794
-64.3099
-64.3403
-64.3705
-64.4006
-64.4305
-64.4602
-64.4898
-64.5193
-64.5486
-64.5777
-64.6067
-64.6355
-64.6641
-64.6926
-64.721
-64.7491
-64.7771
-64.805
-64.8327
-64.8602
-64.8876
-64.9148
-64.9418
-64.9687
-64.9954
-65.0219
-65.0483
-65.0745
-65.1006
-65.1265
-65.1522
-65.1777
-65.2031
-65.2283
-65.2534
-65.2783
-65.303
-65.3276
-65.3519
-65.3762
-65.4002
-65.4241
-65.4478
-65.4714
-65.4948
-65.518
-65.5411
-65.564
-65.5867
-65.6092
-65.6316
-65.6539
-65.6759
-65.6978
-65.7195
-65.7411
-65.7625
-65.7837
-65.8048
-65.8257
-65.8464
-65.867
-65.8874
-65.9076
-65.9277
-65.9476
-65.9674
-65.9869
-66.0064
-65.8918
-65.6923
-65.4318
-65.1253
-64.7833
-64.4137
-64.023
-63.616
-63.1967
-62.7684
-62.3336
-61.8944
-61.4528
-61.01
-60.5673
-60.1258
-59.6862
-59.2493
-58.8157
-58.3858
-57.96
-57.5388
-57.1222
-56.7106
-56.3041
-55.9028
-55.5068
-55.116
-54.7305
-54.3501
-53.9749
-53.6047
-53.2392
-52.8785
-52.5221
-52.17
-51.8217
-51.4771
-51.1359
-50.7976
-50.4619
-50.1285
-49.7968
-49.4666
-49.1372
-48.8082
-48.4791
-48.1493
-47.8183
-47.4854
-47.15
-46.8113
-46.4687
-46.1213
-45.7684
-45.4091
-45.0423
-44.6672
-44.2826
-43.8872
-43.48
-43.0594
-42.6241
-42.1724
-41.7025
-41.2125
-40.7003
-40.087
-39.4029
-38.6608
-37.8668
-37.0233
-36.131
-35.1886
-34.1938
-33.1434
-32.0331
-30.858
-29.6125
-28.2906
-26.8859
-25.3917
-23.8013
-22.1083
-20.3068
-18.392
-16.3609
-14.2126
-11.9495
-9.57781
-7.10892
-4.55991
-1.95434
0.677461
3.29867
5.86697
8.33643
10.6603
12.7946
14.7016
16.3536
17.7344
18.8405
19.6798
20.2693
20.6318
20.7936
20.7815
20.6209
20.335
19.9442
19.4656
18.9137
18.3006
17.6362
16.9285
16.1844
15.4095
14.6086
13.7856
12.9441
12.087
11.2169
10.3361
9.44673
8.55052
7.6491
6.74392
5.83628
4.92732
4.0181
3.10954
2.20249
1.2977
0.395818
-0.502542
-1.39686
-2.28666
-3.17155
-4.05115
-4.92516
-5.79331
-6.65535
-7.5111
-8.3604
-9.20311
-10.0391
-10.8684
-11.6908
-12.5063
-13.3149
-14.1167
-14.9116
-15.6996
-16.4809
-17.2554
-18.0233
-18.7847
-19.5396
-20.2882
-21.0307
-21.7671
-22.4976
-23.2225
-23.9419
-24.656
-25.3652
-26.0695
-26.7693
-27.4649
-28.1567
-28.8448
-29.5297
-30.2118
-30.8915
-31.5691
-32.2452
-32.9202
-33.5946
-34.2689
-34.9438
-35.6196
-36.2972
-36.977
-37.6597
-38.3459
-39.0363
-39.7316
-40.4324
-41.1394
-41.8531
-42.5742
-43.3033
-44.0407
-44.787
-45.5423
-46.3068
-47.0805
-47.863
-48.654
-49.4525
-50.2574
-51.0672
-51.88
-52.6935
-53.5048
-54.3107
-55.1077
-55.8917
-56.6588
-57.4046
-58.125
-58.816
-59.474
-60.0961
-60.6798
-61.2234
-61.7261
-62.1877
-62.6088
-62.9907
-63.335
-63.6441
-63.9202
-64.1662
-64.3846
-64.5782
-64.7496
-64.9013
-65.0355
-65.1545
-65.2601
-65.3541
-65.4381
-65.5133
-65.5811
-65.6424
-65.6981
-65.7491
-65.7961
-65.8395
-65.88
-65.9179
-65.9536
-65.9874
-66.0197
-66.0506
-66.0803
-66.109
-66.1369
-66.164
-66.1905
-66.2164
-66.2418
-66.2669
-66.2916
-66.316
-66.3402
-66.3641
-66.3878
-66.4113
-66.4347
-66.458
-66.4811
-66.5041
-66.527
-66.5499
-66.5726
-66.5953
-66.6179
-66.6405
-66.663
-66.6854
-66.7078
-66.7301
-66.7524
-66.7746
-66.7967
-66.8188
-66.8409
-66.8629
-66.8848
-66.9067
-66.9286
-66.9504
-66.9721
-66.9938
-67.0154
-67.0369
-67.0584
-67.0798
-67.1012
-67.1225
-67.1437
-67.1649
-67.186
-67.207
-67.228
-67.2488
-67.2696
-67.2904
-67.311
-67.3316
-67.3521
-67.3725
-67.3928
-67.413
-67.4332
-67.4533
-67.4732
-67.4931
-67.5129
-67.5326
-67.5523
-67.5718
-67.5912
-67.6105
-67.6298
-67.6489
-67.5379
-67.3497
-67.1098
-66.8336
-66.5318
-66.2119
-65.8796
-65.5394
-65.1946
-64.8477
-64.5009
-64.1556
-63.8132
-63.4746
-63.1406
-62.8118
-62.4887
-62.1717
-61.8611
-61.5571
-61.2598
-60.9694
-60.686
-60.4095
-60.14
-59.8774
-59.6218
-59.3731
-59.1311
-58.8959
-58.6674
-58.4453
-58.2297
-58.0204
-57.8173
-57.6203
-57.4293
-57.244
-57.0645
-56.8906
-56.7221
-56.5589
-56.401
-56.2481
-56.1002
-55.9571
-55.8187
-55.685
-55.5557
-55.4308
-55.3102
-55.1938
-55.0814
-54.973
-54.8684
-54.7677
-54.6706
-54.5771
-54.4871
-54.4005
-54.3172
-54.2372
-54.1605
-54.0868
-54.0162
-53.9485
-53.8838
-53.8219
-53.7628
-53.7064
-53.6527
-53.6016
-53.5531
-53.5071
-53.4636
-53.4225
-53.3837
-53.3473
-53.3132
-53.2814
-53.2518
-53.2243
-53.199
-53.1757
-53.1546
-53.1354
-53.1183
-53.1032
-53.09
-53.0787
-53.0693
-53.0618
-53.0561
-53.0523
-53.0502
-53.0499
-53.0513
-53.0544
-53.0593
-53.0658
-53.0739
-53.0837
-53.0951
-53.1081
-53.1226
-53.1387
-53.1563
-53.1754
-53.196
-53.2181
-53.2416
-53.2666
-53.2929
-53.3207
-53.3498
-53.3803
-53.4121
-53.4453
-53.4797
-53.5155
-53.5525
-53.5907
-53.6301
-53.6708
-53.7126
-53.7557
-53.7998
-53.8451
-53.8915
-53.9389
-53.9875
-54.0371
-54.0877
-54.1393
-54.192
-54.2455
-54.3001
-54.3555
-54.4119
-54.4691
-54.5272
-54.5861
-54.6459
-54.7065
-54.7678
-54.8299
-54.8927
-54.9562
-55.0204
-55.0853
-55.1508
-55.2169
-55.2836
-55.3509
-55.4188
-55.4871
-55.556
-55.6254
-55.6953
-55.7656
-55.8363
-55.9074
-55.9789
-56.0507
-56.1229
-56.1954
-56.2682
-56.3412
-56.4145
-56.4881
-56.5618
-56.6357
-56.7098
-56.7841
-56.8585
-56.933
-57.0076
-57.0822
-57.157
-57.2317
-57.3065
-57.3813
-57.4561
-57.5309
-57.6056
-57.6803
-57.7548
-57.8293
-57.9037
-57.978
-58.0522
-58.1262
-58.2001
-58.2737
-58.3473
-58.4206
-58.4937
-58.5666
-58.6393
-58.7117
-58.7839
-58.8559
-58.9275
-58.9989
-59.0701
-59.1409
-59.2115
-59.2817
-59.3517
-59.4213
-59.4906
-59.5595
-59.6282
-59.6965
-59.7644
-59.832
-59.8992
-59.9661
-60.0326
-60.0988
-60.1646
-60.23
-60.295
-60.3597
-60.4239
-60.4878
-60.5513
-60.6144
-60.6771
-60.7395
-60.8014
-60.8629
-60.9241
-60.9848
-61.0452
-61.1051
-61.1647
-61.2238
-61.2826
-61.3409
-61.3989
-61.4565
-61.5136
-61.5704
-61.6267
-61.6827
-61.7383
-61.7934
-61.8482
-61.9026
-61.9566
-62.0102
-62.0634
-62.1162
-62.1687
-62.2207
-62.2724
-62.3236
-62.3745
-62.425
-62.4752
-62.5249
-62.5743
-62.6233
-62.6719
-62.7202
-62.7681
-62.8156
-62.8627
-62.9095
-62.956
-63.002
-63.0477
-63.0931
-63.1381
-63.1827
-63.227
-63.2709
-63.3145
-63.3577
-63.4006
-63.4432
-63.4854
-63.5273
-63.5688
-63.61
-63.6509
-63.6914
-63.7316
-63.7715
-63.8111
-63.8503
-63.8892
-63.9278
-63.9661
-64.004
-64.0417
-64.079
-64.116
-64.1527
-64.1891
-64.2252
-64.261
-64.2965
-64.3317
-64.3666
-64.4012
-64.4355
-64.4695
-64.5033
-64.5367
-64.5698
-64.6027
-64.6353
-64.6676
-64.6996
-64.7313
-64.7628
-64.7939
-64.8248
-64.8555
-64.8858
-64.9159
-64.9457
-64.9753
-65.0046
-65.0336
-65.0624
-65.0909
-65.1191
-65.1471
-65.1749
-65.2024
-65.2296
-65.2566
-65.2833
-65.3098
-65.336
-65.362
-65.3877
-65.4132
-65.4385
-65.4635
-65.4883
-65.5128
-65.5371
-65.5612
-65.5851
-65.6087
-65.6321
-65.6552
-65.6781
-65.7008
-65.7233
-65.7456
-65.7676
-65.7894
-65.811
-65.8324
-65.8535
-65.8744
-65.8952
-65.9157
-65.936
-65.9561
-65.9759
-65.9956
-66.0151
-66.0343
-66.0534
-66.0722
-66.0909
-66.1093
-66.1275
-66.1456
-66.1634
-66.1811
-66.1985
-66.2158
-66.2329
-66.2497
-66.2664
-66.2829
-66.2992
-66.3153
-66.3313
-66.347
-66.3626
-66.3779
-66.3931
-66.4081
-66.423
-66.4376
-66.4521
-66.4664
-66.4805
-66.4945
-66.5082
-66.5218
-66.5353
-66.5485
-66.5616
-66.5745
-66.5873
-66.5998
-66.6123
-66.6245
-66.6366
-66.6485
-66.6603
-66.6719
-66.6833
-66.6946
-66.7057
-66.7167
-66.7275
-66.7382
-66.7487
-66.759
-66.7692
-66.7793
-66.7892
-66.7989
-66.8085
-66.818
-66.8273
-66.8364
-66.8455
-66.8543
-66.8631
-66.8716
-66.8801
-66.8884
-66.8966
-66.9046
-66.9125
-66.9202
-66.9278
-66.9353
-66.9427
-66.9499
-66.9569
-66.9639
-66.9707
-66.9774
-66.984
-66.8529
-66.6335
-66.3496
-66.0165
-65.6449
-65.2429
-64.8171
-64.3725
-63.9135
-63.4433
-62.9648
-62.4803
-61.9917
-61.5004
-61.008
-60.5154
-60.0236
-59.5334
-59.0453
-58.5601
-58.078
-57.5994
-57.1247
-56.654
-56.1875
-55.7253
-55.2674
-54.8137
-54.3643
-53.919
-53.4776
-53.0399
-52.6056
-52.1744
-51.7459
-51.3198
-50.8954
-50.4724
-50.0501
-49.6278
-49.205
-48.7808
-48.3543
-47.9247
-47.4911
-47.0523
-46.6072
-46.1545
-45.6929
-45.2209
-44.7369
-44.2391
-43.7255
-43.194
-42.6424
-42.0679
-41.4678
-40.8389
-40.1777
-39.4803
-38.7424
-37.9591
-37.1251
-36.2344
-35.2802
-34.2553
-33.1512
-31.959
-30.6685
-29.2688
-27.7482
-26.094
-24.2933
-22.333
-20.2004
-17.8845
-15.3767
-12.6731
-9.77603
-6.6965
-3.45682
-0.0925191
3.34651
6.79647
10.1824
13.4233
16.4393
19.1601
21.5323
23.5243
25.128
26.3561
27.2371
27.8097
28.1164
28.1992
28.0964
27.8415
27.4622
26.9813
26.4167
25.7829
25.0912
24.3507
23.5685
22.7506
21.902
21.0267
20.1283
19.2099
18.2742
17.3237
16.3606
15.3867
14.404
13.4141
12.4184
11.4184
10.4153
9.41025
8.40434
7.39851
6.39364
5.39052
4.38987
3.39234
2.3985
1.40889
0.423968
-0.555853
-1.53021
-2.49878
-3.46129
-4.4175
-5.36722
-6.31027
-7.24652
-8.17586
-9.09821
-10.0135
-10.9217
-11.8228
-12.7169
-13.6039
-14.4839
-15.3569
-16.223
-17.0824
-17.9352
-18.7814
-19.6212
-20.4548
-21.2824
-22.1042
-22.9204
-23.7313
-24.5371
-25.3381
-26.1346
-26.927
-27.7157
-28.501
-29.2834
-30.0634
-30.8415
-31.6181
-32.3939
-33.1695
-33.9455
-34.7225
-35.5014
-36.2828
-37.0676
-37.8564
-38.6503
-39.4501
-40.2565
-41.0706
-41.8932
-42.7252
-43.5674
-44.4207
-45.2858
-46.1634
-47.054
-47.958
-48.8756
-49.8067
-50.7509
-51.7077
-52.6758
-53.6537
-54.6394
-55.6302
-56.6228
-57.6135
-58.5977
-59.5705
-60.5265
-61.4599
-62.3649
-63.2357
-64.0669
-64.8536
-65.5919
-66.2787
-66.912
-67.491
-68.016
-68.4884
-68.9102
-69.2845
-69.6146
-69.9041
-70.1569
-70.3768
-70.5675
-70.7325
-70.8749
-70.9978
-71.1038
-71.1951
-71.274
-71.3422
-71.4012
-71.4524
-71.497
-71.536
-71.5701
-71.6002
-71.6267
-71.6503
-71.6714
-71.6904
-71.7075
-71.7231
-71.7373
-71.7503
-71.7624
-71.7736
-71.7841
-71.794
-71.8033
-71.8121
-71.8205
-71.8285
-71.8362
-71.8436
-71.8508
-71.8577
-71.8644
-71.871
-71.8773
-71.8836
-71.8896
-71.8956
-71.9014
-71.9071
-71.9127
-71.9182
-71.9235
-71.9288
-71.934
-71.9391
-71.9441
-71.9491
-71.9539
-71.9587
-71.9633
-71.9679
-71.9724
-71.9769
-71.9812
-71.9855
-71.9897
-71.9938
-71.9978
-72.0017
-72.0056
-72.0094
-72.0131
-72.0167
-72.0202
-72.0236
-72.027
-72.0303
-72.0335
-72.0366
-72.0396
-72.0425
-72.0454
-72.0481
-72.0508
-72.0534
-72.0559
-72.0583
-72.0606
-72.0628
-72.065
-72.067
-72.069
-72.0708
-72.0726
-72.0743
-72.0758
-72.0773
-72.0787
-72.08
-72.0812
-72.0823
-72.0834
-72.0843
-72.0851
-72.0858
-72.0865
-72.087
-72.0875
-72.0878
-72.0881
-72.0882
-72.0883
-72.0882
-72.0881
-72.0878
-72.0875
-72.0871
-72.0865
-72.0859
-72.0852
-72.0844
-72.0834
-72.0824
-72.0813
-72.0801
-72.0787
-72.0773
-72.0758
-72.0742
-72.0724
-72.0706
-72.0687
-72.0667
-72.0646
-72.0624
-72.0601
-72.0576
-72.0551
-72.0525
-72.0498
-72.047
-72.0441
-72.0411
-72.038
-72.0348
-72.0315
-72.0281
-72.0246
-72.021
-72.0173
-72.0135
-72.0096
-72.0057
-72.0016
-71.9974
-71.9931
-71.9887
-71.9843
-71.9797
-71.8305
-71.591
-71.2879
-70.9377
-70.552
-70.1397
-69.7075
-69.2609
-68.8042
-68.3407
-67.8732
-67.4041
-66.9351
-66.4678
-66.0034
-65.543
-65.0874
-64.6373
-64.1934
-63.7561
-63.3258
-62.9029
-62.4876
-62.0801
-61.6806
-61.2892
-60.9059
-60.5309
-60.1642
-59.8057
-59.4554
-59.1132
-58.7791
-58.4531
-58.1349
-57.8245
-57.5218
-57.2265
-56.9387
-56.658
-56.3845
-56.1178
-55.8578
-55.6044
-55.3574
-55.1165
-54.8816
-54.6526
-54.4292
-54.2113
-53.9986
-53.791
-53.5883
-53.3903
-53.1969
-53.0079
-52.823
-52.6422
-52.4652
-52.292
-52.1222
-51.9558
-51.7927
-51.6326
-51.4754
-51.321
-51.1691
-51.0198
-50.8728
-50.7281
-50.5853
-50.4446
-50.3057
-50.1684
-50.0327
-49.8985
-49.7657
-49.634
-49.5034
-49.3739
-49.2452
-49.1173
-48.99
-48.8633
-48.737
-48.611
-48.4853
-48.3596
-48.2339
-48.1081
-47.982
-47.8556
-47.7287
-47.6011
-47.4728
-47.253
-46.9782
-46.6654
-46.3247
-45.9623
-45.5828
-45.189
-44.7832
-44.3668
-43.9407
-43.5053
-43.0608
-42.6071
-42.1439
-41.6707
-41.1868
-40.6915
-40.1838
-39.6627
-39.127
-38.5754
-38.0065
-37.4187
-36.8104
-36.1799
-35.5251
-34.844
-34.1345
-33.3942
-32.6208
-31.8116
-30.964
-30.0754
-29.1427
-28.1634
-27.1344
-26.0531
-24.9168
-23.7232
-22.4702
-21.1562
-19.78
-18.3415
-16.8411
-15.2805
-13.6626
-11.9918
-10.2739
-8.51669
-6.72964
-4.92421
-3.1138
-1.31375
0.458779
2.18505
3.84505
5.41813
6.88371
8.22237
9.41692
10.4536
11.323
12.0205
12.5466
12.9065
13.1088
13.1653
13.0891
12.8944
12.5949
12.2042
11.7343
11.1964
10.6002
9.95427
9.2661
8.54207
7.7877
7.00776
6.20636
5.38705
4.55295
3.70673
2.85077
1.98713
1.11765
0.243925
-0.632618
-1.51072
-2.38927
-3.26728
-4.14388
-5.01829
-5.88985
-6.75796
-7.6221
-8.4818
-9.33668
-10.1864
-11.0307
-11.8692
-12.7019
-13.5285
-14.3489
-15.163
-15.9707
-16.772
-17.5668
-18.3553
-19.1373
-19.913
-20.6825
-21.4457
-22.2029
-22.9542
-23.6996
-24.4395
-25.174
-25.9033
-26.6277
-27.3474
-28.0627
-28.7739
-29.4813
-30.1853
-30.8863
-31.5847
-32.2808
-32.9752
-33.6684
-34.3607
-35.0528
-35.7452
-36.4385
-37.1333
-37.8301
-38.5297
-39.2325
-39.9394
-40.651
-41.3678
-42.0906
-42.8199
-43.5564
-44.3006
-45.053
-45.814
-46.5839
-47.3628
-48.1508
-48.9477
-49.7531
-50.5663
-51.3863
-52.2119
-53.0413
-53.8724
-54.7027
-55.5292
-56.3486
-57.1572
-57.951
-58.7257
-59.4772
-60.2012
-60.8938
-61.5517
-62.1718
-62.7519
-63.2906
-63.7872
-64.2417
-64.655
-65.0285
-65.3642
-65.6644
-65.9317
-66.169
-66.3789
-66.5643
-66.7278
-66.872
-66.999
-67.1112
-67.2103
-67.2981
-67.3762
-67.4458
-67.5081
-67.5642
-67.6149
-67.661
-67.7031
-67.7418
-67.7777
-67.811
-67.8423
-67.8717
-67.8995
-67.9259
-67.9512
-67.9755
-67.9989
-68.0216
-68.0436
-68.065
-68.086
-68.1065
-68.1266
-68.1464
-68.166
-68.1852
-68.2042
-68.2231
-68.2417
-68.2601
-68.2784
-68.2966
-68.3146
-68.3326
-68.3504
-68.3681
-68.3857
-68.4031
-68.4206
-68.4379
-68.4551
-68.4722
-68.4893
-68.5063
-68.5232
-68.54
-68.5567
-68.5734
-68.59
-68.6065
-68.6229
-68.6392
-68.6555
-68.6717
-68.6878
-68.7038
-68.7197
-68.7356
-68.7513
-68.767
-68.7826
-68.7981
-68.8135
-68.8289
-68.8441
-68.8593
-68.8743
-68.8893
-68.9042
-68.9189
-68.9336
-68.9482
-68.9627
-68.9771
-68.9914
-69.0056
-69.0197
-69.0337
-69.0476
-69.0614
-69.0751
-69.0887
-69.1022
-69.1156
-69.1288
-69.142
-69.1551
-69.168
-69.1809
-69.1936
-69.2063
-69.2188
-69.2312
-69.2435
-69.2557
-69.2678
-69.2798
-69.2917
-69.3034
-69.3151
-69.3266
-69.338
-69.3493
-69.2248
-69.0178
-68.7546
-68.451
-68.1179
-67.7637
-67.3943
-67.0147
-66.6285
-66.2386
-65.8474
-65.4568
-65.0681
-64.6827
-64.3014
-63.925
-63.5542
-63.1894
-62.8311
-62.4795
-62.135
-61.7976
-61.4676
-61.145
-60.8299
-60.5223
-60.2222
-59.9297
-59.6446
-59.3668
-59.0964
-58.8332
-58.5772
-58.3282
-58.0861
-57.8508
-57.6222
-57.4002
-57.1845
-56.9751
-56.7719
-56.5746
-56.3833
-56.1976
-56.0176
-55.843
-55.6737
-55.5096
-55.3505
-55.1964
-55.0471
-54.9024
-54.7623
-54.6266
-54.4953
-54.3681
-54.245
-54.126
-54.0108
-53.8993
-53.7916
-53.6875
-53.5869
-53.4896
-53.3958
-53.3051
-53.2177
-53.1333
-53.052
-52.9736
-52.8981
-52.8255
-52.7556
-52.6884
-52.6239
-52.5619
-52.5026
-52.4457
-52.3913
-52.3393
-52.2897
-52.2424
-52.1974
-52.1546
-52.1141
-52.0758
-52.0396
-52.0056
-51.9737
-51.9438
-51.916
-51.8902
-51.8665
-51.8447
-51.8248
-51.8069
-51.791
-51.7769
-51.7648
-51.7545
-51.7461
-51.7395
-51.7347
-51.7318
-51.7307
-51.7314
-51.7339
-51.7381
-51.7441
-51.7519
-51.7614
-51.7727
-51.7857
-51.8004
-51.8168
-51.8349
-51.8547
-51.8762
-51.8994
-51.9243
-51.9508
-51.979
-52.0088
-52.0403
-52.0734
-52.1081
-52.1445
-52.1824
-52.222
-52.2631
-52.3058
-52.35
-52.3958
-52.4431
-52.492
-52.5424
-52.5942
-52.6476
-52.7024
-52.7586
-52.8164
-52.8755
-52.936
-52.9979
-53.0612
-53.1259
-53.1918
-53.2591
-53.3277
-53.3975
-53.4686
-53.5408
-53.6143
-53.689
-53.7648
-53.8417
-53.9197
-53.9987
-54.0788
-54.1599
-54.2419
-54.3249
-54.4088
-54.4936
-54.5792
-54.6657
-54.7529
-54.8409
-54.9295
-55.0189
-55.1089
-55.1995
-55.2907
-55.3824
-55.4746
-55.5673
-55.6604
-55.7539
-55.8477
-55.9419
-56.0363
-56.131
-56.226
-56.3211
-56.4163
-56.5117
-56.6071
-56.7026
-56.7981
-56.8936
-56.989
-57.0844
-57.1796
-57.2747
-57.3696
-57.4643
-57.5588
-57.653
-57.7469
-57.8406
-57.9339
-58.0268
-58.1194
-58.2116
-58.3033
-58.3946
-58.4855
-58.5759
-58.6657
-58.7551
-58.8439
-58.9322
-59.02
-59.1071
-59.1937
-59.2797
-59.3651
-59.4499
-59.534
-59.6175
-59.7004
-59.7827
-59.8642
-59.9452
-60.0254
-60.105
-60.1839
-60.2622
-60.3397
-60.4166
-60.4928
-60.5683
-60.6432
-60.7173
-60.7908
-60.8636
-60.9357
-61.0071
-61.0778
-61.1479
-61.2173
-61.286
-61.3541
-61.4215
-61.4882
-61.5543
-61.6197
-61.6845
-61.7486
-61.8121
-61.875
-61.9372
-61.9988
-62.0598
-62.1201
-62.1799
-62.239
-62.2976
-62.3555
-62.4128
-62.4696
-62.5258
-62.5814
-62.6365
-62.691
-62.7449
-62.7983
-62.8511
-62.9034
-62.9552
-63.0064
-63.0571
-63.1073
-63.157
-63.2062
-63.2549
-63.303
-63.3507
-63.3979
-63.4446
-63.4909
-63.5367
-63.582
-63.6268
-63.6712
-63.7152
-63.7587
-63.8017
-63.8443
-63.8865
-63.9283
-63.9696
-64.0106
-64.0511
-64.0912
-64.1309
-64.1702
-64.2091
-64.2476
-64.2857
-64.3234
-64.3608
-64.3978
-64.4344
-64.4706
-64.5065
-64.542
-64.5772
-64.612
-64.6465
-64.6806
-64.7143
-64.7478
-64.7809
-64.8136
-64.846
-64.8781
-64.9099
-64.9414
-64.9725
-65.0033
-65.0338
-65.064
-65.0939
-65.1235
-65.1528
-65.1818
-65.2105
-65.2389
-65.267
-65.2948
-65.3224
-65.3496
-65.3766
-65.4033
-65.4297
-65.4559
-65.4818
-65.5074
-65.5327
-65.5578
-65.5826
-65.6072
-65.6315
-65.6555
-65.6793
-65.7029
-65.7262
-65.7492
-65.772
-65.7946
-65.8169
-65.839
-65.8608
-65.8824
-65.9038
-65.9249
-65.9458
-65.9665
-65.9869
-66.0071
-66.0271
-66.0469
-66.0665
-66.0858
-66.1049
-66.1238
-66.1425
-66.161
-66.1792
-66.1973
-66.2151
-66.2328
-66.2502
-66.2675
-66.2845
-66.3013
-66.3179
-66.3344
-66.3506
-66.3666
-66.3825
-66.3981
-66.4136
-66.4289
-66.4439
-66.4588
-66.4735
-66.4881
-66.5024
-66.5166
-66.5305
-66.5443
-66.558
-66.5714
-66.5847
-66.5978
-66.6107
-66.6234
-66.636
-66.6484
-66.6606
-66.6727
-66.6846
-66.6963
-66.7079
-66.7193
-66.7305
-66.7416
-66.7525
-66.7633
-66.7739
-66.7843
-66.7946
-66.8048
-66.8148
-66.8246
-66.8343
-66.8438
-66.8532
-66.8624
-66.8715
-66.8804
-66.8892
-66.8978
-66.9063
-66.9147
-66.9229
-66.931
-66.9389
-66.9467
-66.9544
-66.9619
-66.9693
-66.9765
-66.9836
-66.9906
-66.9974
-67.0042
-67.0107
-67.0172
-67.0235
-67.0297
-67.0358
-67.0417
-67.0475
-67.0532
-67.0588
-67.0642
-67.0696
-67.0748
-67.0798
-66.947
-66.7255
-66.4394
-66.1038
-65.7295
-65.3246
-64.8957
-64.448
-63.9855
-63.5119
-63.0298
-62.5416
-62.0492
-61.5541
-61.0577
-60.5611
-60.0652
-59.5708
-59.0785
-58.589
-58.1026
-57.6196
-57.1405
-56.6653
-56.1943
-55.7275
-55.2649
-54.8066
-54.3524
-53.9022
-53.4558
-53.013
-52.5735
-52.137
-51.7031
-51.2713
-50.8411
-50.4121
-49.9835
-49.5547
-49.125
-48.6936
-48.2596
-47.822
-47.3799
-46.9321
-46.4773
-46.0144
-45.5417
-45.0577
-44.5608
-44.0489
-43.5202
-42.9721
-42.4023
-41.8079
-41.186
-40.533
-39.8451
-39.1183
-38.3477
-37.5281
-36.6537
-35.718
-34.7136
-33.6325
-32.4658
-31.2035
-29.8348
-28.348
-26.7304
-24.9689
-23.05
-20.9605
-18.6883
-16.2236
-13.5603
-10.6983
-7.64539
-4.42024
-1.05435
2.40628
5.9011
9.35695
12.6926
15.8257
18.6808
21.1975
23.3366
25.0825
26.4421
27.4404
28.1142
28.5062
28.6597
28.6151
28.408
28.0681
27.6199
27.083
26.4727
25.8014
25.0786
24.3121
23.5082
22.6719
21.8077
20.9191
20.0094
19.0814
18.1375
17.1801
16.2111
15.2325
14.2458
13.2527
12.2546
11.2527
10.2483
9.24244
8.23612
7.23025
6.22567
5.22312
4.2233
3.2268
2.23419
1.24595
0.262537
-0.715673
-1.68833
-2.65515
-3.61585
-4.57023
-5.51809
-6.45928
-7.39367
-8.32118
-9.24172
-10.1553
-11.0618
-11.9612
-12.8536
-13.7391
-14.6176
-15.4892
-16.354
-17.2121
-18.0637
-18.9089
-19.7477
-20.5805
-21.4074
-22.2285
-23.0442
-23.8546
-24.6601
-25.4609
-26.2575
-27.05
-27.839
-28.6248
-29.4079
-30.1887
-30.9677
-31.7456
-32.5228
-33.3001
-34.078
-34.8572
-35.6386
-36.4227
-37.2105
-38.0028
-38.8004
-39.6042
-40.4151
-41.2339
-42.0617
-42.8993
-43.7475
-44.6071
-45.4789
-46.3636
-47.2616
-48.1732
-49.0986
-50.0377
-50.99
-51.9547
-52.9306
-53.9158
-54.9082
-55.9048
-56.9023
-57.8964
-58.8826
-59.8555
-60.8097
-61.7392
-62.6381
-63.5006
-64.3216
-65.0963
-65.8209
-66.4928
-67.1103
-67.6731
-68.1819
-68.6382
-69.0447
-69.4044
-69.7208
-69.9978
-70.2393
-70.4489
-70.6305
-70.7874
-70.9228
-71.0395
-71.1401
-71.2268
-71.3017
-71.3664
-71.4224
-71.4711
-71.5135
-71.5506
-71.5831
-71.6118
-71.6372
-71.6598
-71.68
-71.6982
-71.7147
-71.7297
-71.7434
-71.7561
-71.7678
-71.7787
-71.7889
-71.7985
-71.8076
-71.8162
-71.8244
-71.8323
-71.8399
-71.8472
-71.8542
-71.861
-71.8677
-71.8741
-71.8804
-71.8866
-71.8926
-71.8984
-71.9042
-71.9098
-71.9154
-71.9208
-71.9261
-71.9314
-71.9365
-71.9416
-71.9465
-71.9514
-71.9562
-71.9609
-71.9656
-71.9701
-71.9746
-71.979
-71.9833
-71.9875
-71.9917
-71.9957
-71.9997
-72.0036
-72.0074
-72.0112
-72.0148
-72.0184
-72.0219
-72.0253
-72.0286
-72.0319
-72.035
-72.0381
-72.0411
-72.044
-72.0468
-72.0495
-72.0522
-72.0547
-72.0572
-72.0595
-72.0618
-72.064
-72.0661
-72.0681
-72.07
-72.0719
-72.0736
-72.0753
-72.0768
-72.0783
-72.0796
-72.0809
-72.0821
-72.0832
-72.0841
-72.085
-72.0858
-72.0865
-72.0871
-72.0876
-72.0881
-72.0884
-72.0886
-72.0887
-72.0887
-72.0887
-72.0885
-72.0882
-72.0879
-72.0874
-72.0868
-72.0862
-72.0854
-72.0846
-72.0836
-72.0826
-72.0814
-72.0802
-72.0788
-72.0774
-72.0758
-72.0742
-72.0724
-72.0706
-72.0686
-72.0666
-72.0644
-72.0622
-72.0599
-72.0574
-72.0549
-72.0522
-72.0495
-72.0467
-72.0437
-72.0407
-72.0376
-72.0344
-72.031
-72.0276
-72.0241
-72.0205
-72.0168
-72.0129
-72.009
-72.005
-72.0009
-71.9967
-71.9924
-71.988
-71.9835
-71.9789
-71.9743
-71.9695
-71.9646
-71.9596
-71.9546
-71.9494
-71.9442
-71.9388
-71.9334
-71.9278
-71.9222
-71.9165
-71.9107
-71.9048
-71.8988
-71.8927
-71.8865
-71.8802
-71.8738
-71.8674
-71.8608
-71.8542
-71.8475
-71.8406
-71.8337
-71.8267
-71.8196
-71.8125
-71.8052
-71.7979
-71.7904
-71.7829
-71.7753
-71.7676
-71.6145
-71.3696
-71.0592
-70.6999
-70.3031
-69.8779
-69.4309
-68.9678
-68.4929
-68.0098
-67.5212
-67.0297
-66.5372
-66.0452
-65.5552
-65.0681
-64.5851
-64.1068
-63.6339
-63.167
-62.7066
-62.2529
-61.8065
-61.3674
-60.9359
-60.5122
-60.0964
-59.6885
-59.2887
-58.8969
-58.5131
-58.1373
-57.7694
-57.4093
-57.057
-56.7123
-56.375
-56.0451
-55.7223
-55.4065
-55.0975
-54.7951
-54.4991
-54.2093
-53.9253
-53.6471
-53.3744
-53.1068
-52.8443
-52.5864
-52.333
-52.0839
-51.8386
-51.597
-51.3589
-51.1238
-50.8916
-50.662
-50.4347
-50.2093
-49.9858
-49.7636
-49.5426
-49.3225
-49.1029
-48.8836
-48.6642
-48.4445
-48.224
-48.0025
-47.7796
-47.555
-47.3283
-47.0991
-46.867
-46.6316
-46.3924
-46.1491
-45.9011
-45.6479
-45.389
-45.1238
-44.8517
-44.572
-44.284
-43.9029
-43.4623
-42.9779
-42.4579
-41.9075
-41.3298
-40.7264
-40.0979
-39.4443
-38.7648
-38.0581
-37.3224
-36.5557
-35.7555
-34.9188
-34.0427
-33.1236
-32.1578
-31.1414
-30.0701
-28.9397
-27.7457
-26.4835
-25.1487
-23.7373
-22.2453
-20.6698
-19.0085
-17.2603
-15.4261
-13.5082
-11.5116
-9.44402
-7.31604
-5.14157
-2.93783
-0.725244
1.4728
3.63042
5.71993
7.71275
9.58058
11.2968
12.8381
14.1858
15.3274
16.2573
16.9767
17.4932
17.8192
17.9708
17.9661
17.8237
17.5615
17.1964
16.7434
16.2158
15.625
14.9808
14.2913
13.5637
12.8038
12.0167
11.2066
10.3773
9.53184
8.67305
7.80334
6.92482
6.03938
5.14865
4.25413
3.35711
2.45877
1.56015
0.662172
-0.234339
-1.12865
-2.0201
-2.90811
-3.79219
-4.67188
-5.54679
-6.41658
-7.28096
-8.13967
-8.99251
-9.83928
-10.6799
-11.5141
-12.3419
-13.1633
-13.9782
-14.7865
-15.5883
-16.3835
-17.1723
-17.9547
-18.7308
-19.5006
-20.2642
-21.0218
-21.7735
-22.5195
-23.26
-23.9951
-24.725
-25.4501
-26.1705
-26.8865
-27.5984
-28.3066
-29.0113
-29.713
-30.412
-31.1088
-31.8037
-32.4973
-33.19
-33.8824
-34.5751
-35.2685
-35.9633
-36.6601
-37.3595
-38.0622
-38.7689
-39.4803
-40.197
-40.9197
-41.6491
-42.3858
-43.1304
-43.8835
-44.6456
-45.417
-46.198
-46.9886
-47.7889
-48.5985
-49.4167
-50.2427
-51.0752
-51.9126
-52.7528
-53.5932
-54.4309
-55.2624
-56.0839
-56.8914
-57.6803
-58.4464
-59.1852
-59.8926
-60.565
-61.1993
-61.793
-62.3445
-62.8531
-63.3188
-63.7423
-64.1251
-64.4692
-64.7768
-65.0508
-65.2939
-65.5089
-65.6988
-65.8662
-66.0138
-66.1439
-66.2587
-66.3602
-66.4502
-66.5302
-66.6016
-66.6656
-66.7232
-66.7754
-66.823
-66.8665
-66.9067
-66.9439
-66.9787
-67.0113
-67.0421
-67.0713
-67.0992
-67.126
-67.1518
-67.1767
-67.2009
-67.2245
-67.2475
-67.2701
-67.2923
-67.3141
-67.3357
-67.3569
-67.3779
-67.3988
-67.4194
-67.4399
-67.4602
-67.4804
-67.5005
-67.5205
-67.5403
-67.5601
-67.5798
-67.5994
-67.619
-67.6385
-67.6579
-67.6772
-67.6965
-67.7157
-67.7348
-67.7539
-67.7729
-67.7919
-67.8108
-67.8296
-67.8483
-67.867
-67.8857
-67.9042
-67.9228
-67.9412
-67.9595
-67.9778
-67.9961
-68.0142
-68.0323
-68.0503
-68.0682
-68.0861
-68.1039
-68.1216
-68.1392
-68.1567
-68.1742
-68.1916
-68.2088
-68.226
-68.2432
-68.2602
-68.2771
-68.294
-68.3107
-68.3274
-68.344
-68.3605
-68.3768
-68.3931
-68.4093
-68.4254
-68.4414
-68.4573
-68.4731
-68.4888
-68.5044
-68.5199
-68.5353
-68.5506
-68.5658
-68.5809
-68.5958
-68.6107
-68.6255
-68.6401
-68.6547
-68.6691
-68.6834
-68.6976
-68.7117
-68.7257
-68.7396
-68.7534
-68.767
-68.7806
-68.794
-68.8073
-68.8205
-68.8336
-68.8466
-68.8594
-68.8722
-68.8848
-68.8973
-68.9097
-68.922
-68.9342
-68.9462
-68.9581
-68.9699
-68.9816
-68.9932
-69.0046
-69.016
-69.0272
-69.0383
-69.0493
-69.0601
-69.0709
-69.0815
-69.092
-69.1024
-69.1126
-69.1228
-69.1328
-69.1427
-69.1525
-69.1622
-69.1717
-69.1811
-69.1904
-69.0624
-68.8496
-68.5778
-68.2629
-67.916
-67.5454
-67.1573
-66.7568
-66.3478
-65.9334
-65.516
-65.0978
-64.6803
-64.265
-63.8528
-63.4446
-63.0413
-62.6434
-62.2514
-61.8657
-61.4867
-61.1145
-60.7495
-60.3917
-60.0413
-59.6984
-59.363
-59.0351
-58.7147
-58.4019
-58.0965
-57.7985
-57.5078
-57.2243
-56.9479
-56.6786
-56.4161
-56.1604
-55.9113
-55.6687
-55.4324
-55.2023
-54.9782
-54.7601
-54.5476
-54.3407
-54.1392
-53.943
-53.7518
-53.5656
-53.3842
-53.2075
-53.0352
-52.8673
-52.7036
-52.544
-52.3883
-52.2363
-52.0881
-51.9434
-51.802
-51.664
-51.5291
-51.3973
-51.2685
-51.1425
-51.0192
-50.8985
-50.7804
-50.6648
-50.5515
-50.4404
-50.3316
-50.2248
-50.1201
-50.0173
-49.9164
-49.8173
-49.7199
-49.6242
-49.5301
-49.4375
-49.3465
-49.2568
-49.1686
-49.0816
-48.9959
-48.9115
-48.8282
-48.746
-48.6649
-48.5848
-48.5058
-48.4276
-48.3504
-48.274
-48.1984
-48.1236
-48.0495
-47.9761
-47.9034
-47.8313
-47.7598
-47.6888
-47.6183
-47.5483
-47.4787
-47.4095
-47.3406
-47.272
-47.2037
-47.1357
-47.0678
-47.0001
-46.9324
-46.8649
-46.7973
-46.7297
-46.662
-46.5942
-46.5262
-46.4579
-46.3894
-46.3205
-46.2512
-46.1815
-46.1112
-46.0403
-45.9688
-45.8965
-45.8234
-45.7495
-45.6745
-45.5985
-45.5213
-45.4429
-45.3631
-45.2819
-45.1991
-45.1146
-45.0283
-44.94
-44.8496
-44.757
-44.662
-44.5644
-44.4641
-44.3608
-44.2543
-44.1445
-44.0311
-43.9138
-43.7925
-43.6667
-43.5363
-43.4008
-43.2599
-43.1133
-42.9606
-42.8013
-42.635
-42.4611
-42.2792
-42.0886
-41.8888
-41.679
-41.4586
-41.2267
-40.9825
-40.7251
-40.4534
-40.1665
-39.863
-39.5418
-39.2014
-38.8403
-38.4569
-38.0495
-37.616
-37.1544
-36.6624
-36.1375
-35.577
-34.9782
-34.3379
-33.6527
-32.9192
-32.1336
-31.292
-30.3904
-29.4245
-28.3902
-27.2834
-26.1003
-24.8375
-23.4923
-22.063
-20.5494
-18.953
-17.2778
-15.5306
-13.7215
-11.8645
-9.97741
-8.08197
-6.20327
-4.36882
-2.60722
-0.946567
0.587333
1.97249
3.19196
4.2346
5.09509
5.77366
6.27521
6.60836
6.78432
6.81595
6.71681
6.50051
6.18021
5.76828
5.27614
4.71412
4.09152
3.4166
2.6967
1.93828
1.14702
0.327939
-0.514565
-1.37661
-2.2548
-3.14613
-4.04794
-4.95792
-5.87401
-6.7944
-7.7175
-8.64192
-9.56643
-10.49
-11.4116
-12.3305
-13.246
-14.1574
-15.0643
-15.9663
-16.8629
-17.7539
-18.6392
-19.5184
-20.3916
-21.2585
-22.1194
-22.9741
-23.8227
-24.6654
-25.5023
-26.3337
-27.1597
-27.9807
-28.797
-29.6089
-30.4168
-31.2212
-32.0226
-32.8214
-33.6182
-34.4136
-35.2083
-36.0028
-36.798
-37.5944
-38.3929
-39.1942
-39.9992
-40.8087
-41.6234
-42.4443
-43.2721
-44.1076
-44.9517
-45.8051
-46.6683
-47.542
-48.4268
-49.3228
-50.2302
-51.1491
-52.0792
-53.0199
-53.9702
-54.9291
-55.8949
-56.8654
-57.8382
-58.8103
-59.7782
-60.7381
-61.6856
-62.6161
-63.5248
-64.4068
-65.2573
-66.0717
-66.8459
-67.5763
-68.2603
-68.8958
-69.4819
-70.0185
-70.5061
-70.9464
-71.3415
-71.6939
-72.0066
-72.2828
-72.5258
-72.7387
-72.9248
-73.0869
-73.2278
-73.3502
-73.4562
-73.548
-73.6273
-73.6959
-73.7551
-73.8063
-73.8504
-73.8885
-73.9214
-73.9497
-73.9741
-73.9951
-74.0132
-74.0287
-74.042
-74.0535
-74.0632
-74.0715
-74.0785
-74.0844
-74.0893
-74.0934
-74.0967
-74.0993
-74.1014
-74.1029
-74.1039
-74.1046
-74.1048
-74.1047
-74.1043
-74.1036
-74.1027
-74.1015
-74.1001
-74.0985
-74.0967
-74.0947
-74.0926
-74.0903
-74.0878
-74.0852
-74.0825
-74.0797
-74.0767
-74.0736
-74.0704
-74.0671
-74.0636
-74.0601
-74.0564
-74.0527
-74.0488
-74.0449
-74.0408
-74.0366
-74.0324
-74.028
-74.0235
-74.019
-74.0143
-74.0096
-74.0048
-73.9998
-73.9948
-73.9897
-73.9845
-73.9792
-73.9738
-73.9683
-73.9627
-73.957
-73.9512
-73.9454
-73.9394
-73.9334
-73.9272
-73.921
-73.9147
-73.9083
-73.9018
-73.8952
-73.8885
-73.8817
-73.8748
-73.8678
-73.8608
-73.8536
-73.8464
-73.839
-73.8316
-73.8241
-73.8165
-73.8088
-73.801
-73.7931
-73.7851
-73.7771
-73.7689
-73.7606
-73.7523
-73.7439
-73.7353
-73.7267
-73.718
-73.7092
-73.7003
-73.6914
-73.6823
-73.6731
-73.6639
-73.6546
-73.6451
-73.6356
-73.626
-73.6163
-73.6065
-73.5967
-73.5867
-73.5767
-73.5665
-73.5563
-73.546
-73.5356
-73.5251
-73.5145
-73.5039
-73.4931
-73.4823
-73.4714
-73.4603
-73.4493
-73.4381
-73.4268
-73.4155
-73.404
-73.3925
-73.3809
-73.3692
-73.3575
-73.3456
-73.3337
-73.3216
-73.3095
-73.2974
-73.2851
-73.2727
-73.2603
-73.2478
-73.2352
-73.2226
-73.2098
-73.197
-73.1841
-73.1711
-73.158
-73.1449
-73.1316
-73.1183
-73.105
-73.0915
-73.078
-73.0644
-73.0507
-73.0369
-73.0231
-73.0092
-72.9952
-72.9812
-72.9671
-72.9529
-72.9386
-72.9242
-72.9098
-72.8953
-72.8808
-72.8662
-72.8515
-72.8367
-72.8219
-72.6586
-72.4011
-72.0759
-71.6996
-71.2841
-70.8384
-70.3695
-69.8833
-69.384
-68.8756
-68.3609
-67.8425
-67.3224
-66.8024
-66.2838
-65.7678
-65.2556
-64.7478
-64.2453
-63.7486
-63.2583
-62.7747
-62.2983
-61.8294
-61.3681
-60.9147
-60.4693
-60.032
-59.6029
-59.1821
-58.7694
-58.365
-57.9687
-57.5805
-57.2002
-56.8278
-56.4631
-56.106
-55.7562
-55.4137
-55.0781
-54.7493
-54.427
-54.111
-53.801
-53.4969
-53.1982
-52.9047
-52.6161
-52.3322
-52.0525
-51.7769
-51.5049
-51.2363
-50.9707
-50.7078
-50.4472
-50.1886
-49.9316
-49.6758
-49.4209
-49.1664
-48.9121
-48.6574
-48.4019
-48.1453
-47.887
-47.6266
-47.3636
-47.0976
-46.8279
-46.554
-46.2754
-45.9914
-45.7014
-45.4047
-45.1005
-44.788
-44.4664
-44.1348
-43.7923
-43.4377
-43.0699
-42.6876
-42.2896
-41.8744
-41.4404
-40.9858
-40.5087
-40.0072
-39.4788
-38.9211
-38.3314
-37.7067
-37.0437
-36.3389
-35.5883
-34.7878
-33.9326
-33.0177
-32.0379
-30.9873
-29.8599
-28.6493
-27.3488
-25.952
-24.4522
-22.8434
-21.1201
-19.278
-17.3147
-15.2298
-13.026
-10.7097
-8.29197
-5.78875
-3.22155
-0.61739
1.99151
4.56859
7.07427
9.46784
11.7096
13.7633
15.5986
17.1929
18.5328
19.6145
20.4432
21.0316
21.398
21.5642
21.5535
21.3886
21.0913
20.681
20.1751
19.5884
18.9334
18.2208
17.4596
16.6572
15.8199
14.9531
14.0613
13.1484
12.2178
11.2725
10.3151
9.34772
8.37252
7.39127
6.40558
5.41687
4.42644
3.43542
2.44485
1.45564
0.468597
-0.515541
-1.49614
-2.47263
-3.44452
-4.41138
-5.37282
-6.32853
-7.27823
-8.22169
-9.15872
-10.0892
-11.0129
-11.9299
-12.84
-13.7432
-14.6396
-15.5291
-16.4118
-17.2878
-18.1571
-19.0199
-19.8763
-20.7264
-21.5705
-22.4087
-23.2412
-24.0684
-24.8905
-25.7077
-26.5205
-27.3292
-28.1341
-28.9358
-29.7346
-30.5311
-31.3258
-32.1193
-32.9121
-33.705
-34.4985
-35.2935
-36.0906
-36.8907
-37.6946
-38.5031
-39.3171
-40.1376
-40.9654
-41.8014
-42.6466
-43.5018
-44.3679
-45.2457
-46.1359
-47.039
-47.9555
-48.8857
-49.8296
-50.7869
-51.7572
-52.7394
-53.7321
-54.7335
-55.741
-56.7517
-57.762
-58.7676
-59.7638
-60.7453
-61.7065
-62.6416
-63.5449
-64.4107
-65.2339
-66.0101
-66.7358
-67.4084
-68.0266
-68.5901
-69.0997
-69.5572
-69.965
-70.3263
-70.6446
-70.9235
-71.167
-71.3788
-71.5624
-71.7212
-71.8584
-71.9768
-72.0788
-72.1668
-72.2426
-72.308
-72.3646
-72.4135
-72.4559
-72.4927
-72.5249
-72.5529
-72.5775
-72.5991
-72.6182
-72.6351
-72.6501
-72.6635
-72.6756
-72.6864
-72.6963
-72.7052
-72.7134
-72.7208
-72.7277
-72.7341
-72.74
-72.7456
-72.7507
-72.7556
-72.7601
-72.7644
-72.7685
-72.7723
-72.776
-72.7795
-72.7828
-72.786
-72.789
-72.7919
-72.7946
-72.7973
-72.7998
-72.8022
-72.8045
-72.8067
-72.8088
-72.8107
-72.8126
-72.8144
-72.8161
-72.8177
-72.8192
-72.8207
-72.822
-72.8232
-72.8244
-72.8254
-72.8264
-72.8273
-72.828
-72.8287
-72.8294
-72.8299
-72.8303
-72.8306
-72.8309
-72.831
-72.8311
-72.8311
-72.831
-72.8308
-72.8305
-72.8301
-72.8296
-72.829
-72.8284
-72.8276
-72.8268
-72.8258
-72.8248
-72.8237
-72.8224
-72.8211
-72.8197
-72.8182
-72.8166
-72.8149
-72.8131
-72.8112
-72.8093
-72.8072
-72.805
-72.8028
-72.8004
-72.7979
-72.7954
-72.7927
-72.79
-72.7872
-72.7842
-72.7812
-72.7781
-72.7748
-72.7715
-72.7681
-72.7646
-72.761
-72.7573
-72.7535
-72.7496
-72.7456
-72.7415
-72.7373
-72.733
-72.7286
-72.7241
-72.7196
-72.7149
-72.7101
-72.7052
-72.7003
-72.6952
-72.6901
-72.6848
-72.6795
-72.674
-72.6685
-72.6629
-72.6571
-72.6513
-72.6454
-72.6394
-72.6333
-72.6271
-72.6208
-72.6144
-72.6079
-72.6013
-72.5947
-72.5879
-72.5811
-72.5741
-72.5671
-72.5599
-72.5527
-72.5454
-72.538
-72.3845
-72.1396
-71.8302
-71.4728
-71.0794
-70.6587
-70.2177
-69.7618
-69.2954
-68.822
-68.3443
-67.8648
-67.3853
-66.9074
-66.4323
-65.9611
-65.4947
-65.0338
-64.579
-64.131
-63.6899
-63.2563
-62.8304
-62.4124
-62.0024
-61.6007
-61.2072
-60.8221
-60.4454
-60.0771
-59.7171
-59.3653
-59.0219
-58.6865
-58.3593
-58.0399
-57.7284
-57.4245
-57.1282
-56.8392
-56.5575
-56.2827
-56.0149
-55.7537
-55.4991
-55.2508
-55.0086
-54.7724
-54.5419
-54.317
-54.0974
-53.8831
-53.6738
-53.4692
-53.2693
-53.0739
-52.8827
-52.6956
-52.5123
-52.3329
-52.1569
-51.9844
-51.8151
-51.6489
-51.4856
-51.325
-51.167
-51.0114
-50.8582
-50.7071
-50.558
-50.4108
-50.2653
-50.1214
-49.9789
-49.8378
-49.6979
-49.5591
-49.4212
-49.2841
-49.1477
-49.0118
-48.8764
-48.7413
-48.6064
-48.4715
-48.3366
-48.2014
-48.0659
-47.9299
-47.7932
-47.6558
-47.5175
-47.3781
-47.2375
-47.0955
-46.952
-46.8067
-46.6595
-46.5102
-46.3586
-46.2045
-46.0477
-45.8879
-45.7249
-45.5584
-45.3881
-45.2139
-45.0352
-44.852
-44.6636
-44.4699
-44.2704
-44.0646
-43.8522
-43.6326
-43.4052
-43.1696
-42.9251
-42.671
-42.4067
-42.1314
-41.8442
-41.5442
-41.152
-40.6993
-40.2001
-39.6618
-39.0889
-38.4836
-37.8471
-37.1795
-36.4802
-35.7482
-34.9819
-34.1794
-33.3384
-32.4565
-31.5308
-30.5584
-29.5363
-28.4613
-27.3302
-26.1399
-24.8874
-23.57
-22.1854
-20.7319
-19.2086
-17.6156
-15.9542
-14.2272
-12.4395
-10.5978
-8.71114
-6.79126
-4.85243
-2.91163
-0.988399
0.895478
2.71651
4.45031
6.07268
7.56092
8.89518
10.0598
11.0442
11.8435
12.4585
12.8949
13.1625
13.2741
13.2443
13.088
12.8205
12.4558
12.0072
11.4863
10.9037
10.2683
9.5882
8.87009
8.11988
7.3426
6.54263
5.72375
4.88923
4.04193
3.18434
2.31866
1.4468
0.57047
-0.308842
-1.18982
-2.07129
-2.95222
-3.83171
-4.70896
-5.58327
-6.45401
-7.32064
-8.18271
-9.03979
-9.89155
-10.7377
-11.578
-12.4122
-13.2401
-14.0617
-14.8768
-15.6853
-16.4873
-17.2826
-18.0714
-18.8535
-19.6292
-20.3985
-21.1614
-21.9181
-22.6687
-23.4133
-24.1523
-24.8856
-25.6137
-26.3366
-27.0548
-27.7684
-28.4777
-29.1832
-29.8851
-30.5838
-31.2798
-31.9735
-32.6652
-33.3556
-34.045
-34.7341
-35.4234
-36.1134
-36.8048
-37.4982
-38.1942
-38.8934
-39.5965
-40.3043
-41.0172
-41.736
-42.4613
-43.1937
-43.9338
-44.682
-45.4388
-46.2044
-46.979
-47.7626
-48.555
-49.3558
-50.1643
-50.9794
-51.7998
-52.6238
-53.4491
-54.2732
-55.0931
-55.9053
-56.7061
-57.4915
-58.2573
-58.9993
-59.7134
-60.3957
-61.043
-61.6525
-62.222
-62.7504
-63.237
-63.6821
-64.0865
-64.4519
-64.7801
-65.0736
-65.3349
-65.5668
-65.772
-65.9532
-66.1131
-66.2541
-66.3784
-66.4881
-66.5852
-66.6711
-66.7476
-66.8157
-66.8768
-66.9318
-66.9815
-67.0267
-67.068
-67.1061
-67.1413
-67.1741
-67.2048
-67.2338
-67.2612
-67.2873
-67.3123
-67.3364
-67.3596
-67.3821
-67.404
-67.4254
-67.4463
-67.4668
-67.487
-67.5069
-67.5266
-67.546
-67.5652
-67.5843
-67.6032
-67.622
-67.6406
-67.6592
-67.6776
-67.696
-67.7143
-67.7325
-67.7506
-67.7687
-67.7867
-67.8047
-67.8226
-67.8404
-67.8582
-67.876
-67.8937
-67.9113
-67.9289
-67.9464
-67.9639
-67.9813
-67.9987
-68.016
-68.0333
-68.0505
-68.0677
-68.0848
-68.1018
-68.1188
-68.1357
-68.1525
-68.1693
-68.186
-68.2027
-68.2193
-68.2358
-68.2522
-68.2686
-68.2849
-68.3011

