-65
-64.9994
-64.9988
-64.9982
-64.9977
-64.9971
-64.9965
-64.996
-64.9954
-64.9949
-64.9943
-64.9938
-64.9932
-64.9927
-64.9922
-64.9917
-64.9912
-64.9906
-64.9901
-64.9896
-64.9891
-64.9886
-64.9881
-64.9876
-64.9872
-64.9867
-64.9862
-64.9857
-64.9852
-64.9848
-64.9843
-64.9838
-64.9834
-64.9829
-64.9825
-64.982
-64.9816
-64.9811
-64.9807
-64.9802
-64.9798
-64.9794
-64.9789
-64.9785
-64.9781
-64.9777
-64.9772
-64.9768
-64.9764
-64.976
-64.9756
-64.9752
-64.9748
-64.9744
-64.974
-64.9736
-64.9732
-64.9728
-64.9725
-64.9721
-64.9717
-64.9713
-64.971
-64.9706
-64.9702
-64.9699
-64.9695
-64.9692
-64.9688
-64.9685
-64.9681
-64.9678
-64.9675
-64.9671
-64.9668
-64.9665
-64.9661
-64.9658
-64.9655
-64.9652
-64.9649
-64.9646
-64.9642
-64.9639
-64.9636
-64.9633
-64.963
-64.9628
-64.9625
-64.9622
-64.9619
-64.9616
-64.9613
-64.9611
-64.9608
-64.9605
-64.9603
-64.96
-64.9598
-64.9595
-64.9592
-64.959
-64.9588
-64.9585
-64.9583
-64.958
-64.9578
-64.9576
-64.9573
-64.9571
-64.9569
-64.9567
-64.9565
-64.9562
-64.956
-64.9558
-64.9556
-64.9554
-64.9552
-64.955
-64.9548
-64.9546
-64.9545
-64.9543
-64.9541
-64.9539
-64.9537
-64.9536
-64.9534
-64.9532
-64.9531
-64.9529
-64.9527
-64.9526
-64.9524
-64.9523
-64.9521
-64.952
-64.9519
-64.9517
-64.9516
-64.9514
-64.9513
-64.9512
-64.9511
-64.9509
-64.9508
-64.9507
-64.9506
-64.9505
-64.9504
-64.9503
-64.9502
-64.95
-64.9499
-64.9499
-64.9498
-64.9497
-64.9496
-64.9495
-64.9494
-64.9493
-64.9492
-64.9492
-64.9491
-64.949
-64.9489
-64.9489
-64.9488
-64.9487
-64.9487
-64.9486
-64.9486
-64.9485
-64.9485
-64.9484
-64.9484
-64.9483
-64.9483
-64.9482
-64.9482
-64.9482
-64.9481
-64.9481
-64.9481
-64.948
-64.948
-64.948
-64.948
-64.948
-64.9479
-64.9479
-64.9479
-64.9479
-64.9479
-64.9479
-64.9479
-64.9479
-64.9479
-64.9479
-64.9479
-64.9479
-64.9479
-64.9479
-64.9479
-64.9479
-64.9479
-64.9479
-64.948
-64.948
-64.948
-64.948
-64.9481
-64.9481
-64.9481
-64.9481
-64.9482
-64.9482
-64.9482
-64.9483
-64.9483
-64.9483
-64.9484
-64.9484
-64.9485
-64.9485
-64.9486
-64.9486
-64.9487
-64.9487
-64.9488
-64.9488
-64.9489
-64.9489
-64.949
-64.9491
-64.9491
-64.9492
-64.9492
-64.9493
-64.9494
-64.9494
-64.9495
-64.9496
-64.9497
-64.9497
-64.9498
-64.9499
-64.95
-64.95
-64.9501
-64.9502
-64.9503
-64.9504
-64.9504
-64.9505
-64.9506
-64.9507
-64.9508
-64.9509
-64.951
-64.951
-64.9511
-64.9512
-64.9513
-64.9514
-64.9515
-64.9516
-64.9517
-64.9518
-64.9519
-64.952
-64.9521
-64.9522
-64.9523
-64.9524
-64.9525
-64.9526
-64.9527
-64.9528
-64.9529
-64.953
-64.9532
-64.9533
-64.9534
-64.9535
-64.9536
-64.9537
-64.9538
-64.9539
-64.954
-64.9542
-64.9543
-64.9544
-64.9545
-64.9546
-64.9547
-64.9548
-64.955
-64.9551
-64.9552
-64.9553
-64.9554
-64.9556
-64.9557
-64.9558
-64.9559
-64.956
-64.9562
-64.9563
-64.9564
-64.9565
-64.9566
-64.9568
-64.9569
-64.957
-64.9571
-64.9573
-64.9574
-64.9575
-64.9576
-64.9578
-64.9579
-64.958
-64.9581
-64.9583
-64.9584
-64.9585
-64.9587
-64.9588
-64.9589
-64.959
-64.9592
-64.9593
-64.9594
-64.9595
-64.9597
-64.9598
-64.9599
-64.96
-64.9602
-64.9603
-64.9604
-64.9606
-64.9607
-64.9608
-64.9609
-64.9611
-64.9612
-64.9613
-64.9614
-64.9616
-64.9617
-64.9618
-64.962
-64.9621
-64.9622
-64.9623
-64.9625
-64.9626
-64.9627
-64.9628
-64.963
-64.9631
-64.9632
-64.9633
-64.9635
-64.9636
-64.9637
-64.9638
-64.964
-64.9641
-64.9642
-64.9643
-64.9645
-64.9646
-64.9647
-64.9648
-64.9649
-64.9651
-64.9652
-64.9653
-64.9654
-64.9655
-64.9657
-64.9658
-64.9659
-64.966
-64.9661
-64.9663
-64.9664
-64.9665
-64.9666
-64.9667
-64.9668
-64.967
-64.9671
-64.9672
-64.9673
-64.9674
-64.9675
-64.9677
-64.9678
-64.9679
-64.968
-64.9681
-64.9682
-64.9683
-64.9684
-64.9685
-64.9687
-64.9688
-64.9689
-64.969
-64.9691
-64.9692
-64.9693
-64.9694
-64.9695
-64.9696
-64.9697
-64.9698
-64.9699
-64.97
-64.9701
-64.9702
-64.9703
-64.9704
-64.9705
-64.9706
-64.9707
-64.9708
-64.9709
-64.971
-64.9711
-64.9712
-64.9713
-64.9714
-64.9715
-64.9716
-64.9717
-64.9718
-64.9719
-64.972
-64.9721
-64.9722
-64.9722
-64.9723
-64.9724
-64.9725
-64.9726
-64.9727
-64.9728
-64.9729
-64.9729
-64.973
-64.9731
-64.9732
-64.9733
-64.9734
-64.9734
-64.9735
-64.9736
-64.9737
-64.9738
-64.9738
-64.9739
-64.974
-64.9741
-64.9741
-64.9742
-64.9743
-64.9744
-64.9744
-64.9745
-64.9746
-64.9747
-64.9747
-64.9748
-64.9749
-64.9749
-64.975
-64.9751
-64.9751
-64.9752
-64.9753
-64.9753
-64.9754
-64.9755
-64.9755
-64.9756
-64.9757
-64.9757
-64.9758
-64.9758
-64.9759
-64.976
-64.976
-64.9761
-64.9761
-64.9762
-64.9762
-64.9763
-64.9764
-64.9764
-64.9765
-64.9765
-64.9766
-64.9766
-64.9767
-64.9767
-64.9768
-64.9768
-64.9769
-64.9769
-64.977
-64.977
-64.9771
-64.9771
-64.9771
-64.9772
-64.9772
-64.9773
-64.9773
-64.9774
-64.9774
-64.9774
-64.9775
-64.9775
-64.9776
-64.9776
-64.9776
-64.9777
-64.9777
-64.9778
-64.9778
-64.9778
-64.9779
-64.9779
-64.9779
-64.978
-64.978
-64.978
-64.9781
-64.9781
-64.9781
-64.9781
-64.9782
-64.9782
-64.9782
-64.9783
-64.9783
-64.9783
-64.9783
-64.9784
-64.9784
-64.9784
-64.9784
-64.9785
-64.9785
-64.9785
-64.9785
-64.9785
-64.9786
-64.9786
-64.9786
-64.9786
-64.9786
-64.9787
-64.9787
-64.9787
-64.9787
-64.9787
-64.9787
-64.9787
-64.9788
-64.9788
-64.9788
-64.9788
-64.9788
-64.9788
-64.9788
-64.9789
-64.9789
-64.9789
-64.9789
-64.9789
-64.9789
-64.9789
-64.9789
-64.9789
-64.9789
-64.9789
-64.9789
-64.9789
-64.979
-64.979
-64.979
-64.979
-64.979
-64.979
-64.979
-64.979
-64.979
-64.979
-64.979
-64.979
-64.979
-64.979
-64.979
-64.979
-64.979
-64.979
-64.979
-64.979
-64.979
-64.979
-64.979
-64.979
-64.979
-64.979
-64.979
-64.9789
-64.9789
-64.9789
-64.9789
-64.9789
-64.9789
-64.9789
-64.9789
-64.9789
-64.9789
-64.9789
-64.9789
-64.9789
-64.9789
-64.9788
-64.9788
-64.9788
-64.9788
-64.9788
-64.9788
-64.9788
-64.9788
-64.9788
-64.9787
-64.9787
-64.9787
-64.9787
-64.9787
-64.9787
-64.9787
-64.9787
-64.9786
-64.9786
-64.9786
-64.9786
-64.9786
-64.9786
-64.9786
-64.9785
-64.9785
-64.9785
-64.9785
-64.9785
-64.9785
-64.9784
-64.9784
-64.9784
-64.9784
-64.9784
-64.9783
-64.9783
-64.9783
-64.9783
-64.9783
-64.9783
-64.9782
-64.9782
-64.9782
-64.9782
-64.9782
-64.9781
-64.9781
-64.9781
-64.9781
-64.9781
-64.978
-64.978
-64.978
-64.978
-64.9779
-64.9779
-64.9779
-64.9779
-64.9779
-64.9778
-64.9778
-64.9778
-64.9778
-64.9778
-64.9777
-64.9777
-64.9777
-64.9777
-64.9776
-64.9776
-64.9776
-64.9776
-64.9775
-64.9775
-64.9775
-64.9775
-64.9774
-64.9774
-64.9774
-64.9774
-64.9774
-64.8427
-64.6205
-64.3338
-63.9971
-63.6207
-63.2125
-62.7788
-62.3247
-61.8542
-61.3706
-60.8766
-60.3744
-59.8659
-59.3526
-58.8356
-58.3159
-57.7944
-57.2716
-56.748
-56.2239
-55.6996
-55.1751
-54.6505
-54.1255
-53.6
-53.0737
-52.546
-52.0164
-51.4843
-50.9489
-50.4091
-49.864
-49.3123
-48.7526
-48.1834
-47.6028
-47.0088
-46.3991
-45.7713
-45.1224
-44.4491
-43.7478
-43.0144
-42.244
-41.4315
-40.5706
-39.6544
-38.6751
-37.6235
-36.4894
-35.2609
-33.9247
-32.4654
-30.8658
-29.1066
-27.1666
-25.0227
-22.6505
-20.0259
-17.1262
-13.9334
-10.4381
-6.64438
-2.57613
1.71778
6.15989
10.645
15.047
19.231
23.0705
26.4629
29.3423
31.6842
33.5031
34.8434
35.7676
36.3452
36.6433
36.7209
36.6267
36.3991
36.0671
35.6519
35.1694
34.6307
34.0443
33.4165
32.7519
32.0545
31.3273
30.573
29.7939
28.9921
28.1694
27.3277
26.4686
25.5937
24.7044
23.8021
22.8881
21.9638
21.0302
20.0887
19.1401
18.1856
17.2261
16.2626
15.2958
14.3267
13.3559
12.3841
11.4121
10.4404
9.46958
8.50021
7.53274
6.56763
5.60527
4.64605
3.69029
2.7383
1.79035
0.846697
-0.0924547
-1.02691
-1.9565
-2.8811
-3.80057
-4.71482
-5.62378
-6.52736
-7.42554
-8.31827
-9.20556
-10.0874
-10.9638
-11.8348
-12.7005
-13.5608
-14.4159
-15.2659
-16.1109
-16.9509
-17.7861
-18.6167
-19.4428
-20.2645
-21.0822
-21.896
-22.7062
-23.513
-24.3167
-25.1177
-25.9164
-26.713
-27.5081
-28.3021
-29.0956
-29.889
-30.6829
-31.478
-32.2751
-33.0747
-33.8778
-34.685
-35.4974
-36.3159
-37.1414
-37.975
-38.8177
-39.6706
-40.5348
-41.4115
-42.3017
-43.2066
-44.1271
-45.0641
-46.0185
-46.9908
-47.9814
-48.9903
-50.0171
-51.0611
-52.1207
-53.1939
-54.278
-55.3692
-56.4632
-57.5546
-58.6372
-59.7043
-60.7484
-61.762
-62.7374
-63.6675
-64.5459
-65.3672
-66.1275
-66.8243
-67.4566
-68.0252
-68.532
-68.9799
-69.373
-69.7157
-70.0127
-70.2689
-70.4891
-70.6776
-70.8387
-70.9761
-71.0932
-71.1931
-71.2783
-71.351
-71.4132
-71.4666
-71.5125
-71.5522
-71.5865
-71.6165
-71.6427
-71.6658
-71.6863
-71.7045
-71.7209
-71.7357
-71.7492
-71.7615
-71.7728
-71.7834
-71.7932
-71.8024
-71.8112
-71.8194
-71.8273
-71.8349
-71.8422
-71.8492
-71.856
-71.8626
-71.8691
-71.8753
-71.8815
-71.8875
-71.8934
-71.8992
-71.9048
-71.9104
-71.9159
-71.9213
-71.9266
-71.9319
-71.9371
-71.9422
-71.9472
-71.9521
-71.957
-71.9618
-71.9666
-71.9712
-71.9758
-71.9804
-71.9848
-71.9892
-71.9936
-71.9978
-72.002
-72.0061
-72.0102
-72.0141
-72.018
-72.0219
-72.0256
-72.0293
-72.0329
-72.0364
-72.0399
-72.0432
-72.0465
-72.0498
-72.0529
-72.056
-72.0589
-72.0618
-72.0647
-72.0674
-72.07
-72.0726
-72.0751
-72.0775
-72.0798
-72.082
-72.0842
-72.0862
-72.0882
-72.0901
-72.0919
-72.0936
-72.0952
-72.0967
-72.0982
-72.0995
-72.1008
-72.102
-72.103
-72.104
-72.1049
-72.1057
-72.1064
-72.107
-72.1076
-72.108
-72.1083
-72.1086
-72.1087
-72.1088
-72.1087
-72.1086
-72.1083
-72.108
-72.1076
-72.1071
-72.1065
-72.1057
-72.1049
-72.104
-72.103
-72.1019
-72.1007
-72.0994
-72.0981
-72.0966
-72.095
-72.0933
-72.0915
-72.0897
-72.0877
-72.0856
-72.0834
-72.0812
-72.0788
-72.0764
-72.0738
-72.0712
-72.0684
-72.0656
-72.0626
-72.0596
-72.0564
-72.0532
-72.0499
-72.0464
-72.0429
-72.0393
-72.0356
-72.0318
-72.0279
-72.0239
-72.0198
-72.0156
-72.0113
-72.0069
-72.0024
-71.9978
-71.9931
-71.9884
-71.9835
-71.9786
-71.9735
-71.9684
-71.9631
-71.9578
-71.9524
-71.9469
-71.9412
-71.9355
-71.9297
-71.9239
-71.9179
-71.9118
-71.9057
-71.8994
-71.8931
-71.8866
-71.8801
-71.8735
-71.8668
-71.86
-71.8531
-71.8462
-71.8391
-71.832
-71.8247
-71.8174
-71.81
-71.8025
-71.7949
-71.7873
-71.7795
-71.7717
-71.7638
-71.7558
-71.7477
-71.7395
-71.7313
-71.7229
-71.7145
-71.706
-71.6974
-71.6888
-71.68
-71.6712
-71.6623
-71.6533
-71.6442
-71.6351
-71.6259
-71.6166
-71.6072
-71.5977
-71.5882
-71.5786
-71.5689
-71.5591
-71.5493
-71.5394
-71.5294
-71.5193
-71.5092
-71.499
-71.4887
-71.4784
-71.4679
-71.4574
-71.4469
-71.4362
-71.4255
-71.4148
-71.4039
-71.393
-71.382
-71.371
-71.3598
-71.3487
-71.3374
-71.3261
-71.3147
-71.3033
-71.2917
-71.2802
-71.2685
-71.2568
-71.245
-71.2332
-71.2213
-71.2094
-71.1974
-71.1853
-71.1731
-71.161
-71.1487
-71.1364
-71.124
-71.1116
-71.0991
-71.0866
-71.074
-71.0613
-71.0486
-71.0359
-71.023
-71.0102
-70.9972
-70.9843
-70.9712
-70.9582
-70.945
-70.9318
-70.9186
-70.9053
-70.892
-70.8786
-70.8652
-70.8517
-70.8382
-70.8246
-70.811
-70.7973
-70.7836
-70.7699
-70.7561
-70.7422
-70.7283
-70.7144
-70.7004
-70.6864
-70.6723
-70.6582
-70.6441
-70.6299
-70.6157
-70.6014
-70.5871
-70.5728
-70.5584
-70.544
-70.5296
-70.5151
-70.5006
-70.486
-70.4714
-70.4568
-70.4421
-70.4274
-70.4127
-70.3979
-70.3831
-70.3683
-70.3535
-70.3386
-70.3237
-70.3087
-70.2937
-70.2787
-70.2637
-70.2486
-70.2335
-70.2184
-70.2033
-70.1881
-70.1729
-70.1577
-70.1424
-70.1271
-70.1118
-70.0965
-70.0812
-70.0658
-70.0504
-70.035
-70.0196
-70.0041
-69.9886
-69.9732
-69.9576
-69.9421
-69.9265
-69.911
-69.8954
-69.8798
-69.8642
-69.8485
-69.8328
-69.8172
-69.8015
-69.7858
-69.7701
-69.7543
-69.7386
-69.7228
-69.707
-69.6912
-69.6754
-69.6596
-69.6438
-69.628
-69.6121
-69.5963
-69.5804
-69.421
-69.169
-68.8493
-68.4775
-68.0649
-67.62
-67.1497
-66.6595
-66.1537
-65.636
-65.1094
-64.5763
-64.0388
-63.4985
-62.957
-62.4154
-61.8747
-61.3358
-60.7994
-60.2661
-59.7364
-59.2108
-58.6894
-58.1727
-57.6608
-57.1537
-56.6516
-56.1545
-55.6622
-55.1747
-54.6918
-54.2132
-53.7387
-53.2679
-52.8004
-52.3357
-51.8734
-51.4127
-50.953
-50.4937
-50.0338
-49.5726
-49.1089
-48.6418
-48.1701
-47.6925
-47.2075
-46.7138
-46.2095
-45.6928
-45.1618
-44.6142
-44.0475
-43.459
-42.8457
-42.2042
-41.5308
-40.8212
-40.0708
-39.2744
-38.4258
-37.5187
-36.5453
-35.4974
-34.3655
-33.139
-31.8061
-30.3538
-28.7677
-27.0324
-25.1315
-23.0481
-20.7656
-18.2687
-15.5452
-12.5879
-9.39786
-5.98715
-2.38231
1.3731
5.21752
9.07281
12.8486
16.4497
19.785
22.7769
25.3696
27.5331
29.2644
30.5837
31.5283
32.1456
32.486
32.5977
32.5238
32.3006
31.9575
31.5177
30.9989
30.4151
29.7766
29.0917
28.3666
27.6067
26.8159
25.998
25.1557
24.292
23.409
22.5089
21.5937
20.6651
19.7249
18.7745
17.8154
16.8489
15.8763
14.8986
13.9171
12.9326
11.9461
10.9585
9.97058
8.98301
7.99649
7.01164
6.02903
5.04915
4.07248
3.09944
2.13039
1.16568
0.205618
-0.749545
-1.69957
-2.64426
-3.58343
-4.51694
-5.44467
-6.36652
-7.28242
-8.19231
-9.09615
-9.99393
-10.8856
-11.7713
-12.6509
-13.5246
-14.3924
-15.2543
-16.1105
-16.9611
-17.8061
-18.6458
-19.4803
-20.3098
-21.1344
-21.9543
-22.7699
-23.5814
-24.389
-25.1931
-25.994
-26.7921
-27.5877
-28.3814
-29.1736
-29.9649
-30.7556
-31.5466
-32.3383
-33.1315
-33.927
-34.7254
-35.5276
-36.3344
-37.1468
-37.9657
-38.7921
-39.6269
-40.4712
-41.326
-42.1923
-43.0711
-43.9634
-44.8701
-45.7919
-46.7296
-47.6835
-48.6538
-49.6406
-50.6433
-51.6611
-52.6925
-53.7356
-54.7877
-55.8455
-56.9048
-57.9607
-59.0077
-60.0396
-61.0497
-62.0311
-62.977
-63.8808
-64.7366
-65.5393
-66.2852
-66.9717
-67.5977
-68.1634
-68.6703
-69.1209
-69.5185
-69.8672
-70.1712
-70.4349
-70.6628
-70.8589
-71.0274
-71.1719
-71.2956
-71.4014
-71.4921
-71.5697
-71.6363
-71.6936
-71.7429
-71.7856
-71.8226
-71.8547
-71.8829
-71.9076
-71.9295
-71.9489
-71.9662
-71.9818
-71.9959
-72.0087
-72.0204
-72.0312
-72.0412
-72.0505
-72.0592
-72.0674
-72.0752
-72.0826
-72.0896
-72.0964
-72.1028
-72.1091
-72.1152
-72.121
-72.1267
-72.1323
-72.1377
-72.143
-72.1481
-72.1532
-72.1581
-72.1629
-72.1677
-72.1723
-72.1769
-72.1813
-72.1857
-72.19
-72.1943
-72.1984
-72.2025
-72.2065
-72.2104
-72.2142
-72.218
-72.2216
-72.2252
-72.2288
-72.2322
-72.2356
-72.2389
-72.2421
-72.2452
-72.2483
-72.2513
-72.2542
-72.257
-72.2597
-72.2623
-72.2649
-72.2674
-72.2698
-72.2721
-72.2744
-72.2765
-72.2786
-72.2806
-72.2825
-72.2843
-72.286
-72.2876
-72.2892
-72.2906
-72.292
-72.2933
-72.2944
-72.2955
-72.2966
-72.2975
-72.2983
-72.299
-72.2997
-72.3002
-72.3007
-72.301
-72.3013
-72.3015
-72.3016
-72.3016
-72.3015
-72.3013
-72.301
-72.3006
-72.3001
-72.2995
-72.2988
-72.2981
-72.2972
-72.2962
-72.2952
-72.294
-72.2928
-72.2914
-72.29
-72.2884
-72.2868
-72.285
-72.2832
-72.2813
-72.2792
-72.2771
-72.2749
-72.2726
-72.2701
-72.2676
-72.265
-72.2623
-72.2595
-72.2566
-72.2536
-72.2505
-72.2473
-72.244
-72.2406
-72.093
-71.8561
-71.5569
-71.212
-70.8331
-70.4289
-70.0062
-69.5704
-69.1255
-68.675
-68.2215
-67.7673
-67.3139
-66.863
-66.4157
-65.9729
-65.5355
-65.1041
-64.6793
-64.2614
-63.8508
-63.4478
-63.0527
-62.6656
-62.2866
-61.9158
-61.5532
-61.199
-60.853
-60.5152
-60.1857
-59.8642
-59.5509
-59.2454
-58.9478
-58.6579
-58.3756
-58.1007
-57.8332
-57.5728
-57.3194
-57.0728
-56.833
-56.5997
-56.3727
-56.152
-55.9372
-55.7284
-55.5253
-55.3277
-55.1355
-54.9486
-54.7667
-54.5897
-54.4175
-54.25
-54.0869
-53.9282
-53.7736
-53.6231
-53.4766
-53.3338
-53.1947
-53.0592
-52.9272
-52.7984
-52.6729
-52.5505
-52.4311
-52.3147
-52.2011
-52.0901
-51.9819
-51.8762
-51.773
-51.6722
-51.5737
-51.4775
-51.3834
-51.2915
-51.2017
-51.1139
-51.028
-50.944
-50.8618
-50.7814
-50.7028
-50.6259
-50.5506
-50.4769
-50.4048
-50.3342
-50.2652
-50.1976
-50.1314
-50.0666
-50.0032
-49.9411
-49.8804
-49.821
-49.7628
-49.7059
-49.6501
-49.5956
-49.5423
-49.4902
-49.4392
-49.3893
-49.3406
-49.293
-49.2464
-49.201
-49.1566
-49.1133
-49.071
-49.0298
-48.9896
-48.9504
-48.9123
-48.8752
-48.839
-48.8039
-48.7698
-48.7367
-48.7046
-48.6734
-48.6433
-48.6142
-48.586
-48.5589
-48.5328
-48.5076
-48.4835
-48.4604
-48.4383
-48.4172
-48.3971
-48.3781
-48.3601
-48.3431
-48.3272
-48.3124
-48.2986
-48.2859
-48.2743
-48.2638
-48.2545
-48.2462
-48.2391
-48.2332
-48.2284
-48.2249
-48.2225
-48.2214
-48.2216
-48.223
-48.2257
-48.2297
-48.2351
-48.2419
-48.25
-48.2596
-48.2706
-48.283
-48.297
-48.3125
-48.3296
-48.3483
-48.3686
-48.3906
-48.4143
-48.4397
-48.467
-48.496
-48.5269
-48.5598
-48.5945
-48.6313
-48.6701
-48.711
-48.754
-48.7992
-48.8467
-48.8964
-48.9485
-49.003
-49.0599
-49.1194
-49.1814
-49.246
-49.3133
-49.3833
-49.4561
-49.5318
-49.6104
-49.6919
-49.7765
-49.8642
-49.955
-50.049
-50.1462
-50.2468
-50.3507
-50.458
-50.5688
-50.6831
-50.8009
-50.9223
-51.0473
-51.176
-51.3083
-51.4444
-51.5842
-51.7276
-51.8748
-52.0258
-52.1804
-52.3388
-52.5008
-52.6665
-52.8357
-53.0085
-53.1848
-53.3645
-53.5475
-53.7337
-53.923
-54.1154
-54.3107
-54.5087
-54.7093
-54.9124
-55.1178
-55.3252
-55.5346
-55.7457
-55.9584
-56.1724
-56.3874
-56.6034
-56.82
-57.0371
-57.2543
-57.4715
-57.6885
-57.905
-58.1207
-58.3355
-58.5491
-58.7614
-58.972
-59.1809
-59.3878
-59.5925
-59.7949
-59.9947
-60.192
-60.3864
-60.5779
-60.7664
-60.9517
-61.1338
-61.3125
-61.4879
-61.6599
-61.8283
-61.9933
-62.1546
-62.3125
-62.4667
-62.6174
-62.7645
-62.9081
-63.0481
-63.1847
-63.3179
-63.4476
-63.5739
-63.697
-63.8168
-63.9334
-64.0469
-64.1573
-64.2647
-64.3691
-64.4707
-64.5694
-64.6655
-64.7588
-64.8495
-64.9377
-65.0234
-65.1067
-65.1877
-65.2664
-65.3429
-65.4173
-65.4895
-65.5598
-65.628
-65.6944
-65.7589
-65.8217
-65.8826
-65.9419
-65.9996
-66.0557
-66.1102
-66.1633
-66.2149
-66.2651
-66.314
-66.3615
-66.4078
-66.4528
-66.4967
-66.5393
-66.5809
-66.6213
-66.6607
-66.6991
-66.7365
-66.7729
-66.8084
-66.8429
-66.8766
-66.9094
-66.9414
-66.9726
-67.003
-67.0327
-67.0616
-67.0898
-67.1173
-67.1441
-67.1702
-67.1958
-67.2206
-67.2449
-67.2686
-67.2918
-67.3143
-67.3364
-67.3579
-67.3789
-67.3993
-67.4193
-67.4389
-67.4579
-67.4765
-67.4947
-67.5124
-67.5297
-67.5466
-67.5632
-67.5793
-67.595
-67.6104
-67.6254
-67.64
-67.6543
-67.6683
-67.6819
-67.6952
-67.7082
-67.7209
-67.7333
-67.7454
-67.7572
-67.7687
-67.7799
-67.7909
-67.8015
-67.812
-67.8221
-67.832
-67.8417
-67.8511
-67.8603
-67.8693
-67.878
-67.8865
-67.8947
-67.9028
-67.9106
-67.9183
-67.9257
-67.9329
-67.9399
-67.9468
-67.9534
-67.9598
-67.9661
-67.9722
-67.978
-67.9838
-67.9893
-67.9946
-67.9998
-68.0049
-68.0097
-68.0144
-68.0189
-68.0233
-68.0275
-68.0316
-68.0355
-68.0393
-68.0429
-68.0464
-68.0497
-68.0529
-68.0559
-68.0588
-68.0616
-68.0642
-68.0667
-68.0691
-68.0713
-68.0734
-68.0754
-68.0773
-68.079
-68.0806
-68.0821
-68.0835
-68.0847
-68.0858
-68.0869
-68.0878
-68.0885
-68.0892
-68.0898
-68.0902
-68.0906
-68.0908
-68.091
-68.091
-68.0909
-68.0908
-68.0905
-68.0901
-68.0896
-68.0891
-68.0884
-68.0876
-68.0868
-68.0858
-68.0847
-68.0836
-68.0824
-68.081
-68.0796
-68.0781
-68.0765
-68.0748
-68.0731
-68.0712
-68.0693
-68.0672
-68.0651
-68.063
-68.0607
-68.0583
-68.0559
-68.0534
-68.0508
-68.0481
-68.0454
-68.0426
-68.0397
-68.0367
-68.0336
-68.0305
-68.0273
-68.0241
-68.0207
-68.0173
-68.0139
-68.0103
-68.0067
-68.003
-67.9993
-67.9954
-67.9915
-67.9876
-67.9836
-67.9795
-67.9754
-67.9712
-67.9669
-67.9626
-67.9582
-67.9537
-67.9492
-67.9446
-67.94
-67.9353
-67.9306
-67.9257
-67.9209
-67.916
-67.911
-67.906
-67.9009
-67.8957
-67.8905
-67.8853
-67.7402
-67.5049
-67.2037
-66.8519
-66.4603
-66.0374
-65.5897
-65.1226
-64.6402
-64.1462
-63.6433
-63.1339
-62.62
-62.1032
-61.585
-61.0663
-60.5482
-60.0315
-59.5169
-59.0049
-58.496
-57.9905
-57.4887
-56.9909
-56.4973
-56.0077
-55.5224
-55.0413
-54.5642
-54.0911
-53.6217
-53.1556
-52.6927
-52.2326
-51.7747
-51.3186
-50.8637
-50.4093
-49.9548
-49.4994
-49.0422
-48.5823
-48.1187
-47.6501
-47.1754
-46.6932
-46.2021
-45.7004
-45.1863
-44.658
-44.1131
-43.5494
-42.9643
-42.3548
-41.7177
-41.0494
-40.346
-39.6029
-38.8152
-37.9772
-37.0828
-36.1249
-35.0957
-33.9863
-32.7869
-31.4867
-30.0737
-28.5348
-26.8559
-25.0221
-23.018
-20.8284
-18.4395
-15.8398
-13.0223
-9.98671
-6.74251
-3.31174
0.268333
3.94365
7.64378
11.2849
14.776
18.027
20.9587
23.5114
25.6506
27.3684
28.681
29.6221
30.2364
30.5721
30.6762
30.5908
30.3519
29.9889
29.5253
28.9794
28.3656
27.6949
26.9761
26.2161
25.4203
24.5934
23.7393
22.8612
21.9621
21.0445
20.1108
19.1629
18.203
17.2326
16.2534
15.267
14.2747
13.2778
12.2774
11.2747
10.2707
9.26622
8.26218
7.25935
6.25842
5.26004
4.26479
3.2732
2.28574
1.30283
0.324851
-0.647867
-1.61503
-2.57639
-3.53171
-4.48083
-5.42357
-6.35981
-7.28946
-8.21244
-9.12869
-10.0382
-10.9409
-11.8368
-12.726
-13.6085
-14.4843
-15.3536
-16.2163
-17.0727
-17.9229
-18.7669
-19.6049
-20.4372
-21.2639
-22.0851
-22.9013
-23.7125
-24.5191
-25.3214
-26.1197
-26.9144
-27.7058
-28.4944
-29.2806
-30.065
-30.848
-31.6302
-32.4122
-33.1946
-33.9781
-34.7634
-35.5513
-36.3426
-37.1381
-37.9386
-38.7451
-39.5584
-40.3795
-41.2093
-42.0488
-42.8989
-43.7605
-44.6344
-45.5213
-46.422
-47.3369
-48.2663
-49.2103
-50.1687
-51.141
-52.1261
-53.1226
-54.1286
-55.1414
-56.158
-57.1742
-58.1858
-59.1874
-60.1736
-61.1382
-62.075
-62.978
-63.8411
-64.6591
-65.4275
-66.1429
-66.8029
-67.4064
-67.9536
-68.4457
-68.8849
-69.2741
-69.617
-69.9173
-70.1791
-70.4064
-70.6031
-70.7728
-70.9191
-71.0449
-71.1532
-71.2463
-71.3264
-71.3955
-71.4552
-71.5068
-71.5516
-71.5906
-71.6247
-71.6547
-71.6811
-71.7045
-71.7254
-71.7441
-71.7609
-71.7762
-71.7902
-71.8029
-71.8147
-71.8257
-71.8359
-71.8455
-71.8545
-71.8631
-71.8713
-71.879
-71.8865
-71.8937
-71.9007
-71.9074
-71.9139
-71.9202
-71.9264
-71.9324
-71.9383
-71.9441
-71.9497
-71.9552
-71.9606
-71.966
-71.9712
-71.9763
-71.9813
-71.8493
-71.6373
-71.3728
-71.0726
-70.7477
-70.4062
-70.054
-69.6956
-69.3343
-68.9727
-68.6127
-68.2559
-67.9033
-67.5559
-67.2144
-66.8792
-66.5508
-66.2294
-65.9152
-65.6084
-65.309
-65.0171
-64.7326
-64.4556
-64.1859
-63.9235
-63.6683
-63.4202
-63.179
-62.9448
-62.7172
-62.4963
-62.2818
-62.0737
-61.8717
-61.6758
-61.4858
-61.3016
-61.123
-60.9499
-60.7822
-60.6197
-60.4623
-60.3099
-60.1624
-60.0196
-59.8814
-59.7477
-59.6184
-59.4934
-59.3725
-59.2557
-59.1429
-59.0339
-58.9287
-58.8272
-58.7292
-58.6348
-58.5437
-58.456
-58.3715
-58.2902
-58.212
-58.1368
-58.0645
-57.9951
-57.9285
-57.8647
-57.8035
-57.7449
-57.6889
-57.6354
-57.5843
-57.5357
-57.4893
-57.4453
-57.4034
-57.3638
-57.3262
-57.2908
-57.2574
-57.226
-57.1966
-57.1691
-57.1435
-57.1197
-57.0977
-57.0774
-57.0589
-57.0421
-57.027
-57.0134
-57.0015
-56.9911
-56.9823
-56.9749
-56.969
-56.9646
-56.9615
-56.9599
-56.9596
-56.9606
-56.963
-56.9666
-56.9714
-56.9775
-56.9848
-56.9932
-57.0029
-57.0136
-57.0255
-57.0384
-57.0524
-57.0675
-57.0836
-57.1006
-57.1187
-57.1377
-57.1577
-57.1785
-57.2003
-57.223
-57.2465
-57.2708
-57.296
-57.322
-57.3488
-57.3764
-57.4047
-57.4338
-57.4635
-57.494
-57.5252
-57.557
-57.5896
-57.6227
-57.6565
-57.6908
-57.7258
-57.7613
-57.7974
-57.8341
-57.8712
-57.9089
-57.9471
-57.9858
-58.025
-58.0646
-58.1047
-58.1452
-58.1861
-58.2274
-58.2692
-58.3113
-58.3537
-58.3966
-58.4398
-58.4833
-58.5271
-58.5712
-58.6157
-58.6604
-58.7054
-58.7506
-58.7961
-58.8419
-58.8878
-58.934
-58.9804
-59.027
-59.0738
-59.1208
-59.1679
-59.2152
-59.2626
-59.3102
-59.3579
-59.4057
-59.4537
-59.5017
-59.5499
-59.5981
-59.6464
-59.6948
-59.7432
-59.7917
-59.8403
-59.8889
-59.9375
-59.9861
-60.0348
-60.0835
-60.1322
-60.1809
-60.2295
-60.2782
-60.3268
-60.3755
-60.424
-60.4726
-60.5211
-60.5695
-60.6179
-60.6663
-60.7146
-60.7628
-60.8109
-60.8589
-60.9069
-60.9548
-61.0025
-61.0502
-61.0978
-61.1453
-61.1926
-61.2399
-61.287
-61.334
-61.3809
-61.4276
-61.4742
-61.5207
-61.5671
-61.6133
-61.6593
-61.7052
-61.751
-61.7965
-61.842
-61.8873
-61.9324
-61.9773
-62.0221
-62.0667
-62.1112
-62.1554
-62.1995
-62.2434
-62.2871
-62.3307
-62.374
-62.4172
-62.4602
-62.503
-62.5456
-62.588
-62.6302
-62.6723
-62.7141
-62.7557
-62.7971
-62.8383
-62.8794
-62.9202
-62.9608
-63.0012
-63.0414
-63.0814
-63.1212
-63.1607
-63.2001
-63.2393
-63.2782
-63.3169
-63.3554
-63.3937
-63.4318
-63.4697
-63.5073
-63.5448
-63.582
-63.619
-63.6558
-63.6924
-63.7287
-63.7648
-63.8008
-63.8365
-63.8719
-63.9072
-63.9422
-63.977
-64.0116
-64.046
-64.0802
-64.1141
-64.1478
-64.1813
-64.2146
-64.2477
-64.2805
-64.3131
-64.3455
-64.3777
-64.4097
-64.4414
-64.473
-64.5043
-64.5354
-64.5662
-64.5969
-64.6273
-64.6575
-64.6875
-64.7173
-64.7469
-64.7762
-64.8054
-64.8343
-64.863
-64.8915
-64.9198
-64.9478
-64.9757
-65.0033
-65.0308
-65.058
-65.085
-65.1118
-65.1383
-65.1647
-65.1909
-65.2168
-65.2426
-65.2681
-65.2934
-65.3186
-65.3435
-65.3682
-65.3927
-65.417
-65.4411
-65.465
-65.4887
-65.5122
-65.5355
-65.5586
-65.5814
-65.6041
-65.6266
-65.6489
-65.671
-65.6929
-65.7146
-65.7361
-65.7575
-65.7786
-65.7995
-65.8202
-65.8408
-65.8611
-65.8813
-65.9013
-65.921
-65.9406
-65.96
-65.9792
-65.9983
-66.0171
-66.0358
-66.0543
-66.0726
-66.0907
-66.1086
-66.1263
-66.1439
-66.1613
-66.1785
-66.1955
-66.2124
-66.2291
-66.2456
-66.2619
-66.278
-66.294
-66.3098
-66.3254
-66.3409
-66.3562
-66.3713
-66.3863
-66.401
-66.4157
-66.4301
-66.4444
-66.4585
-66.4725
-66.4862
-66.4999
-66.5133
-66.5266
-66.5398
-66.5528
-66.5656
-66.5782
-66.5907
-66.6031
-66.6153
-66.6273
-66.6392
-66.6509
-66.6625
-66.6739
-66.6852
-66.6963
-66.7073
-66.7181
-66.7288
-66.7393
-66.7497
-66.76
-66.77
-66.78
-66.7898
-66.7995
-66.809
-66.8184
-66.8276
-66.8367
-66.8456
-66.8545
-66.8631
-66.8717
-66.8801
-66.8884
-66.8965
-66.9045
-66.9124
-66.9201
-66.9277
-66.9352
-66.9426
-66.9498
-66.9569
-66.9639
-66.9707
-66.9774
-66.984
-66.9904
-66.9968
-67.003
-67.0091
-67.015
-67.0209
-67.0266
-67.0322
-67.0377
-67.0431
-67.0483
-67.0535
-67.0585
-67.0634
-67.0682
-67.0729
-67.0774
-67.0819
-67.0862
-67.0904
-67.0945
-67.0986
-67.1024
-67.1062
-67.1099
-67.1135
-67.117
-67.1203
-67.1236
-67.1267
-67.1298
-67.1327
-67.1356
-67.1383
-67.141
-67.1435
-67.146
-67.1483
-67.1505
-67.1527
-67.1547
-67.1567
-67.1586
-67.1603
-67.162
-67.1636
-67.1651
-67.1665
-67.1678
-67.169
-67.1701
-67.1711
-67.1721
-67.1729
-67.1737
-67.1744
-67.175
-67.1755
-67.1759
-67.1763
-67.1765
-67.1767
-67.1768
-67.1768
-67.1767
-67.1766
-67.1764
-67.1761
-67.1757
-67.1752
-67.1747
-67.174
-67.1733
-67.1726
-67.1717
-67.1708
-67.1698
-67.1687
-67.1676
-67.1664
-67.1651
-67.1637
-67.1623
-67.1608
-67.1592
-67.1576
-67.1559
-67.1541
-67.1523
-67.1504
-67.1484
-67.1464
-67.1443
-67.1421
-67.1399
-67.1376
-67.1352
-67.1328
-67.1304
-67.1278
-67.1252
-67.1226
-67.1199
-67.1171
-67.1142
-67.1114
-67.1084
-67.1054
-67.1024
-67.0992
-67.0961
-67.0928
-67.0896
-67.0862
-67.0829
-67.0794
-67.0759
-67.0724
-67.0688
-67.0652
-67.0615
-67.0577
-67.054
-67.0501
-67.0462
-67.0423
-67.0383
-67.0343
-67.0302
-67.0261
-67.022
-67.0178
-67.0135
-67.0092
-67.0049
-67.0005
-66.9961
-66.9917
-66.9872
-66.9826
-66.978
-66.9734
-66.9688
-66.9641
-66.9593
-66.9546
-66.9498
-66.9449
-66.94
-66.9351
-66.9301
-66.9252
-66.9201
-66.9151
-66.91
-66.9048
-66.8997
-66.8945
-66.8893
-66.884
-66.8787
-66.8734
-66.868
-66.8626
-66.8572
-66.8518
-66.8463
-66.8408
-66.8353
-66.8297
-66.8241
-66.8185
-66.8129
-66.8072
-66.8015
-66.7958
-66.79
-66.7843
-66.7785
-66.6346
-66.4012
-66.1022
-65.7525
-65.3626
-64.941
-64.494
-64.0269
-63.5438
-63.0484
-62.5432
-62.0308
-61.513
-60.9914
-60.4673
-59.9419
-59.4161
-58.8905
-58.3659
-57.8427
-57.3214
-56.8021
-56.2851
-55.7704
-55.2582
-54.7484
-54.2408
-53.7353
-53.2314
-52.729
-52.2275
-51.7264
-51.2251
-50.7229
-50.2189
-49.7123
-49.202
-48.6869
-48.1657
-47.6369
-47.0991
-46.5503
-45.9887
-45.4121
-44.8181
-44.2039
-43.5666
-42.9027
-42.2086
-41.48
-40.712
-39.8994
-39.0361
-38.1151
-37.1288
-36.0684
-34.9239
-33.6842
-32.3366
-30.8671
-29.2601
-27.4985
-25.5637
-23.4363
-21.0968
-18.5264
-15.7091
-12.634
-9.29898
-5.71428
-1.90708
2.0749
6.16147
10.2612
14.2671
18.0658
21.5508
24.6347
27.2597
29.4021
31.0711
32.3021
33.1469
33.6645
33.9132
33.9456
33.806
33.5303
33.1463
32.6752
32.133
31.5317
30.8803
30.1858
29.4537
28.6883
27.8934
27.0721
26.2269
25.3605
24.4748
23.572
22.6539
21.7222
20.7786
19.8244
18.8612
17.8903
16.9128
15.9301
14.9431
13.9528
12.9603
11.9664
10.9719
9.97757
8.98411
7.99215
7.0023
6.01508
5.03099
4.05047
3.07393
2.10172
1.13416
0.171552
-0.785862
-1.73786
-2.68425
-3.62487
-4.55957
-5.48826
-6.41083
-7.32722
-8.23738
-9.14128
-10.0389
-10.9303
-11.8154
-12.6943
-13.5671
-14.4337
-15.2944
-16.1491
-16.998
-17.8413
-18.679
-19.5113
-20.3384
-21.1606
-21.9779
-22.7907
-23.5991
-24.4036
-25.2044
-26.0018
-26.7962
-27.588
-28.3776
-29.1655
-29.9523
-30.7383
-31.5244
-32.3109
-33.0987
-33.8885
-34.6809
-35.4768
-36.277
-37.0824
-37.894
-38.7126
-39.5392
-40.3749
-41.2206
-42.0774
-42.9461
-43.8279
-44.7234
-45.6336
-46.559
-47.5002
-48.4574
-49.4305
-50.4192
-51.4227
-52.4397
-53.4683
-54.5062
-55.55
-56.5959
-57.6393
-58.6749
-59.6967
-60.6982
-61.6729
-62.6139
-63.5148
-64.3696
-65.1732
-65.9217
-66.6122
-67.2434
-67.8153
-68.3289
-68.7865
-69.1913
-69.547
-69.8577
-70.1277
-70.3614
-70.563
-70.7363
-70.8852
-71.0128
-71.1221
-71.2158
-71.2962
-71.3653
-71.4247
-71.4759
-71.5203
-71.5588
-71.5924
-71.6218
-71.6477
-71.6706
-71.691
-71.5769
-71.3866
-71.1481
-70.8779
-70.5868
-70.2824
-69.9701
-69.6538
-69.3365
-69.0203
-68.7068
-68.3972
-68.0924
-67.7929
-67.4994
-67.2121
-66.9312
-66.6569
-66.3892
-66.1283
-65.8741
-65.6265
-65.3855
-65.1511
-64.9231
-64.7014
-64.4859
-64.2765
-64.0732
-63.8756
-63.6838
-63.4976
-63.3169
-63.1415
-62.9713
-62.8062
-62.6461
-62.4908
-62.3402
-62.1943
-62.0529
-61.9158
-61.783
-61.6544
-61.5299
-61.4093
-61.2926
-61.1797
-61.0705
-60.9648
-60.8627
-60.7639
-60.6685
-60.5764
-60.4874
-60.4015
-60.3187
-60.2387
-60.1617
-60.0875
-60.016
-59.9472
-59.881
-59.8174
-59.7562
-59.6975
-59.6412
-59.5872
-59.5355
-59.486
-59.4387
-59.3935
-59.3503
-59.3092
-59.2701
-59.2329
-59.1976
-59.1642
-59.1326
-59.1027
-59.0746
-59.0482
-59.0234
-59.0003
-58.9787
-58.9587
-58.9403
-58.9233
-58.9077
-58.8936
-58.8809
-58.8696
-58.8596
-58.8508
-58.8434
-58.8372
-58.8323
-58.8285
-58.8259
-58.8245
-58.8242
-58.825
-58.8269
-58.8298
-58.8337
-58.8387
-58.8446
-58.8515
-58.8594
-58.8682
-58.8779
-58.8884
-58.8999
-58.9122
-58.9253
-58.9392
-58.9539
-58.9694
-58.9856
-59.0026
-59.0203
-58.9272
-58.7695
-58.5693
-58.3398
-58.0898
-57.8257
-57.5521
-57.2727
-56.99
-56.7063
-56.423
-56.1414
-55.8624
-55.5868
-55.3152
-55.048
-54.7855
-54.5281
-54.2759
-54.0291
-53.7877
-53.5518
-53.3214
-53.0966
-52.8773
-52.6634
-52.455
-52.2518
-52.054
-51.8613
-51.6737
-51.4911
-51.3133
-51.1403
-50.972
-50.8082
-50.6489
-50.4939
-50.3431
-50.1964
-50.0536
-49.9148
-49.7798
-49.6484
-49.5207
-49.3964
-49.2755
-49.1579
-49.0436
-48.9324
-48.8242
-48.719
-48.6167
-48.5172
-48.4205
-48.3265
-48.2352
-48.1464
-48.0601
-47.9763
-47.8949
-47.8159
-47.7392
-47.6648
-47.5927
-47.5228
-47.455
-47.3894
-47.3259
-47.2644
-47.2051
-47.1478
-47.0924
-47.0391
-46.9878
-46.9384
-46.8909
-46.8454
-46.8018
-46.7601
-46.7203
-46.6824
-46.6464
-46.6123
-46.58
-46.5497
-46.5212
-46.4946
-46.4698
-46.447
-46.426
-46.407
-46.3898
-46.3745
-46.3611
-46.3497
-46.3401
-46.3325
-46.3269
-46.3232
-46.3215
-46.3217
-46.324
-46.3283
-46.3346
-46.343
-46.3534
-46.3659
-46.3805
-46.3972
-46.4161
-46.4371
-46.4603
-46.4857
-46.5133
-46.5431
-46.5752
-46.6096
-46.6463
-46.6852
-46.7265
-46.7702
-46.8163
-46.8647
-46.9156
-46.9689
-47.0247
-47.083
-47.1438
-47.2071
-47.273
-47.3414
-47.4124
-47.486
-47.5622
-47.641
-47.7225
-47.8066
-47.8934
-47.9828
-48.0749
-48.1697
-48.2671
-48.3673
-48.4701
-48.5755
-48.6837
-48.7945
-48.9079
-49.024
-49.1426
-49.2639
-49.3877
-49.514
-49.6428
-49.7741
-49.9079
-50.044
-50.1824
-50.3231
-50.466
-50.6111
-50.7583
-50.9075
-51.0586
-51.2117
-51.3665
-51.5231
-51.6813
-51.841
-52.0021
-52.1646
-52.3283
-52.4931
-52.659
-52.8258
-52.9933
-53.1616
-53.3304
-53.4997
-53.6693
-53.8391
-54.009
-54.1788
-54.3485
-54.518
-54.6871
-54.8556
-55.0236
-55.1909
-55.3573
-55.5229
-55.6874
-55.8508
-56.0129
-56.1738
-56.3333
-56.4914
-56.6479
-56.8028
-56.956
-57.1076
-57.2573
-57.4052
-57.5513
-57.6954
-57.8376
-57.9778
-58.116
-58.2522
-58.3864
-58.5185
-58.6485
-58.7765
-58.9024
-59.0263
-59.1481
-59.2679
-59.3857
-59.5014
-59.6151
-59.7269
-59.8367
-59.9445
-60.0505
-60.1545
-60.2568
-60.3571
-60.4557
-60.5525
-60.6476
-60.741
-60.8327
-60.9228
-61.0112
-61.0981
-61.1834
-61.2673
-61.3496
-61.4305
-61.51
-61.5882
-61.6649
-61.7404
-61.8146
-61.8875
-61.9592
-62.0297
-62.099
-62.1672
-62.2343
-62.3003
-62.3653
-62.4292
-62.4921
-62.554
-62.615
-62.675
-62.7341
-62.7924
-62.8497
-62.9062
-62.9619
-63.0168
-63.0709
-63.1243
-63.1769
-63.2287
-63.2799
-63.3303
-63.3801
-63.4292
-63.4776
-63.5254
-63.5726
-63.6192
-63.6652
-63.7106
-63.7554
-63.7997
-63.8434
-63.8866
-63.9293
-63.9715
-64.0131
-64.0543
-64.095
-64.1352
-64.175
-64.2143
-64.2531
-64.2915
-64.3295
-64.3671
-64.4043
-64.441
-64.4774
-64.5133
-64.5489
-64.5841
-64.6189
-64.6534
-64.6874
-64.7212
-64.7546
-64.7876
-64.8203
-64.8527
-64.8847
-64.9164
-64.9478
-64.9789
-65.0096
-65.0401
-65.0702
-65.1001
-65.1296
-65.1589
-65.1879
-65.2165
-65.2449
-65.2731
-65.3009
-65.3285
-65.3558
-65.3828
-65.4096
-65.4361
-65.4624
-65.4884
-65.5142
-65.5397
-65.5649
-65.5899
-65.6147
-65.6392
-65.6635
-65.6876
-65.7114
-65.735
-65.7583
-65.7815
-65.8044
-65.827
-65.8495
-65.8717
-65.8938
-65.9156
-65.9372
-65.9585
-65.9797
-66.0006
-66.0214
-66.0419
-66.0623
-66.0824
-66.1023
-66.122
-66.1416
-66.1609
-66.18
-66.199
-66.2177
-66.2363
-66.2546
-66.2728
-66.2907
-66.3085
-66.3261
-66.3436
-66.3608
-66.3778
-66.3947
-66.4114
-66.4279
-66.4442
-66.4604
-66.4763
-66.4921
-66.5078
-66.5232
-66.5385
-66.5536
-66.5685
-66.5833
-66.5979
-66.6123
-66.6266
-66.6407
-66.6546
-66.6684
-66.682
-66.6954
-66.7087
-66.7218
-66.7348
-66.7476
-66.7603
-66.7727
-66.7851
-66.7973
-66.8093
-66.8212
-66.8329
-66.8444
-66.8559
-66.8671
-66.8782
-66.8892
-66.9
-66.9107
-66.9212
-66.9316
-66.9419
-66.952
-66.9619
-66.9717
-66.9814
-66.9909
-67.0003
-67.0096
-67.0187
-67.0277
-67.0365
-67.0452
-67.0538
-67.0622
-67.0706
-67.0787
-67.0868
-67.0947
-67.1024
-67.1101
-67.1176
-67.125
-67.1323
-67.1394
-67.1464
-67.1533
-67.1601
-67.1667
-67.1732
-67.1796
-67.1859
-67.192
-67.198
-67.2039
-67.2097
-67.2154
-67.2209
-67.2264
-67.2317
-67.2369
-67.242
-67.247
-67.2518
-67.2566
-67.2612
-67.2657
-67.2701
-67.2744
-67.2786
-67.2827
-67.2867
-67.2905
-67.2943
-67.2979
-67.3015
-67.3049
-67.3083
-67.3115
-67.3146
-67.3177
-67.3206
-67.3234
-67.3261
-67.3288
-67.3313
-67.3337
-67.3361
-67.3383
-67.3404
-67.3425
-67.3444
-67.3463
-67.348
-67.3497
-67.3512
-67.3527
-67.3541
-67.3554
-67.3566
-67.3577
-67.3587
-67.3597
-67.3605
-67.3613
-67.362
-67.3625
-67.363
-67.3635
-67.3638
-67.364
-67.3642
-67.3643
-67.3643
-67.3642
-67.364
-67.3638
-67.3635
-67.3631
-67.3626
-67.362
-67.3614
-67.3607
-67.3599
-67.359
-67.3581
-67.3571
-67.356
-67.3548
-67.3536
-67.3523
-67.3509
-67.3495
-67.348
-67.3464
-67.3447
-67.343
-67.3412
-67.3393
-67.3374
-67.3354
-67.3333
-67.3312
-67.329
-67.3267
-67.3244
-67.322
-67.3196
-67.3171
-67.3145
-67.3118
-67.3092
-67.3064
-67.3036
-67.3007
-67.2978
-67.2948
-67.2917
-67.2886
-67.2854
-67.2822
-67.2789
-67.2756
-67.2722
-67.2687
-67.2652
-67.2617
-67.2581
-67.2544
-67.2507
-67.2469
-67.2431
-67.2392
-67.2353
-67.2314
-67.2273
-67.2233
-67.2192
-67.215
-67.2108
-67.2065
-67.2022
-67.1979
-67.1935
-67.1891
-67.1846
-67.1801
-67.1755
-67.1709
-67.1662
-67.1615
-67.1568
-67.152
-67.1472
-67.1423
-67.1374
-67.1325
-67.1275
-67.1225
-67.1174
-67.1123
-66.9687
-66.7353
-66.4364
-66.0868
-65.6974
-65.2763
-64.8302
-64.3642
-63.8826
-63.3888
-62.8857
-62.3756
-61.8605
-61.3419
-60.8212
-60.2996
-59.7778
-59.2569
-58.7372
-58.2195
-57.7041
-57.1912
-56.6813
-56.1744
-55.6706
-55.1699
-54.6723
-54.1776
-53.6856
-53.1961
-52.7088
-52.2232
-51.7389
-51.2552
-50.7716
-50.2874
-49.8017
-49.3137
-48.8223
-48.3264
-47.8248
-47.3162
-46.799
-46.2715
-45.732
-45.1785
-44.6086
-44.0198
-43.4095
-42.7746
-42.1115
-41.4165
-40.6853
-39.913
-39.0943
-38.223
-37.2922
-36.2943
-35.2205
-34.061
-32.8048
-31.4396
-29.9519
-28.3267
-26.5477
-24.5978
-22.4593
-20.0772
-17.4608
-14.6112
-11.5311
-8.22946
-4.72634
-1.05619
2.72936
6.56071
10.3525
14.009
17.4329
20.536
23.2493
25.5307
27.3679
28.7757
29.7902
30.4597
30.8375
30.9752
30.919
30.7079
30.3734
29.9404
29.4278
28.8503
28.219
27.5425
26.8275
26.0793
25.3023
24.5002
23.6759
22.8322
21.9716
21.096
20.2076
19.308
18.3988
17.4816
16.5577
15.6285
14.695
13.7584
12.8197
11.8798
10.9396
9.99983
9.06124
8.12449
7.19018
6.25885
5.331
4.40709
3.48752
2.57265
1.66281
0.758279
-0.140687
-1.03387
-1.92106
-2.80212
-3.67689
-4.54527
-5.40715
-6.26247
-7.11116
-7.95319
-8.78853
-9.61719
-10.4392
-11.2545
-12.0631
-12.8652
-13.6608
-14.4498
-15.2325
-16.0089
-16.779
-17.5431
-18.3012
-19.0534
-19.7999
-20.5408
-21.2764
-22.0068
-22.7321
-23.4527
-24.1687
-24.8804
-25.588
-26.2919
-26.9924
-27.6898
-28.3844
-29.0766
-29.7669
-30.4557
-31.1434
-31.8306
-32.5177
-33.2053
-33.894
-34.5844
-35.2771
-35.9728
-36.6722
-37.3759
-38.0847
-38.7993
-39.5204
-40.2488
-40.9851
-41.7299
-42.484
-43.2479
-44.0219
-44.8063
-45.6014
-46.4069
-47.2227
-48.048
-48.8818
-49.7229
-50.5693
-51.4189
-52.2687
-53.1156
-53.9558
-54.7851
-55.5992
-56.3933
-57.1628
-57.9032
-58.6103
-59.2806
-59.911
-60.4992
-61.0441
-61.545
-62.0023
-62.417
-62.7909
-63.1262
-63.4255
-63.6914
-63.9271
-64.1354
-64.3192
-64.4812
-64.6239
-64.7499
-64.8611
-64.9596
-65.0471
-65.125
-65.1948
-65.2576
-65.3143
-65.366
-65.4132
-65.3403
-65.201
-65.0209
-64.8145
-64.5912
-64.3574
-64.1176
-63.8751
-63.6322
-63.3906
-63.1515
-62.916
-62.6845
-62.4576
-62.2357
-62.019
-61.8076
-61.6016
-61.4012
-61.2062
-61.0167
-60.8327
-60.654
-60.4806
-60.3125
-60.1494
-59.9915
-59.8385
-59.6903
-59.5468
-59.408
-59.2737
-59.1438
-59.0182
-58.8969
-58.7797
-58.6664
-58.5571
-58.4517
-58.3499
-58.2518
-58.1572
-58.0661
-57.9784
-57.8939
-57.8127
-57.7346
-57.6596
-57.5876
-57.5184
-57.4521
-57.3886
-57.3278
-57.2696
-57.2141
-57.161
-57.1104
-57.0622
-57.0164
-56.9729
-56.9316
-56.8925
-56.8555
-56.8206
-56.7878
-56.757
-56.7282
-56.7012
-56.6761
-56.6529
-56.6314
-56.6117
-56.5937
-56.5774
-56.5628
-56.5497
-56.5382
-56.5282
-56.5198
-56.5128
-56.5073
-56.5031
-56.5004
-56.499
-56.4989
-56.5001
-56.5026
-56.5063
-56.5112
-56.5174
-56.5247
-56.5331
-56.5426
-56.5533
-56.565
-56.5777
-56.5915
-56.6062
-56.622
-56.6387
-56.6563
-56.6749
-56.6943
-56.7147
-56.7359
-56.7579
-56.7808
-56.8044
-56.8289
-56.8541
-56.88
-56.9067
-56.9341
-56.9622
-56.991
-57.0205
-57.0506
-57.0813
-57.1127
-57.1447
-57.1772
-57.2104
-57.2441
-57.2783
-57.3131
-57.3484
-57.3842
-57.4205
-57.4572
-57.4945
-57.5322
-57.5703
-57.5013
-57.3704
-57.1992
-57.0003
-56.7821
-56.5506
-56.3104
-56.0645
-55.8156
-55.5656
-55.3158
-55.0675
-54.8214
-54.5783
-54.3387
-54.103
-53.8715
-53.6444
-53.422
-53.2044
-52.9916
-52.7838
-52.5809
-52.383
-52.19
-52.002
-51.8188
-51.6406
-51.4671
-51.2983
-51.1342
-50.9746
-50.8195
-50.6689
-50.5225
-50.3804
-50.2424
-50.1085
-49.9785
-49.8524
-49.7301
-49.6115
-49.4965
-49.3851
-49.2771
-49.1725
-49.0712
-48.9731
-48.8781
-48.7863
-48.6975
-48.6116
-48.5287
-48.4486
-48.3712
-48.2966
-48.2247
-48.1554
-48.0888
-48.0246
-47.963
-47.9038
-47.8471
-47.7928
-47.7408
-47.6912
-47.6439
-47.5988
-47.556
-47.5155
-47.4771
-47.441
-47.407
-47.3752
-47.3455
-47.318
-47.2925
-47.2692
-47.248
-47.2288
-47.2117
-47.1967
-47.1838
-47.1729
-47.164
-47.1572
-47.1525
-47.1498
-47.1491
-47.1505
-47.0675
-46.9372
-46.7767
-46.5957
-46.4006
-46.1957
-45.9841
-45.7679
-45.5488
-45.3281
-45.1064
-44.8846
-44.6631
-44.4422
-44.2222
-44.0032
-43.7854
-43.5689
-43.3537
-43.1398
-42.9272
-42.7158
-42.5057
-42.2968
-42.0889
-41.8821
-41.6762
-41.4711
-41.2667
-41.0628
-40.8595
-40.6566
-40.4538
-40.2512
-40.0485
-39.8456
-39.6424
-39.4387
-39.2343
-39.0292
-38.8231
-38.6159
-38.4073
-38.1973
-37.9856
-37.772
-37.5563
-37.3384
-37.1179
-36.8947
-36.6685
-36.4391
-36.2063
-35.9696
-35.729
-35.4839
-35.2342
-34.9795
-34.7195
-34.4537
-34.1818
-33.9033
-33.6178
-33.3249
-33.0239
-32.7145
-32.3959
-32.0676
-31.729
-31.3793
-31.0178
-30.6437
-30.2562
-29.8544
-29.4373
-29.0039
-28.5532
-28.084
-27.5952
-27.0855
-26.5538
-25.9987
-25.4189
-24.8133
-24.1805
-23.5194
-22.8292
-22.1092
-21.3588
-20.5784
-19.7684
-18.9303
-18.0664
-17.18
-16.2755
-15.359
-14.4377
-13.5201
-12.6161
-11.7366
-10.893
-10.0967
-9.35885
-8.68957
-8.09746
-7.5893
-7.16981
-6.84157
-6.6051
-6.45909
-6.40066
-6.42572
-6.52925
-6.70569
-6.94915
-7.25365
-7.61332
-8.02249
-8.47578
-8.9682
-9.4951
-10.0522
-10.6357
-11.2421
-11.8681
-12.511
-13.1681
-13.8371
-14.5161
-15.2031
-15.8965
-16.5948
-17.2968
-18.0013
-18.7072
-19.4137
-20.1199
-20.8252
-21.529
-22.2307
-22.9299
-23.6263
-24.3194
-25.0091
-25.6952
-26.3775
-27.056
-27.7304
-28.401
-29.0676
-29.7304
-30.3894
-31.0448
-31.6968
-32.3455
-32.9911
-33.634
-34.2743
-34.9125
-35.5487
-36.1834
-36.817
-37.4497
-38.0821
-38.7146
-39.3476
-39.9815
-40.6169
-41.2543
-41.894
-42.5367
-43.1827
-43.8327
-44.487
-45.1461
-45.8105
-46.4806
-47.1566
-47.839
-48.5278
-49.2234
-49.9256
-50.6343
-51.3494
-52.0704
-52.7966
-53.5271
-54.2609
-54.9965
-55.7322
-56.466
-57.1955
-57.9181
-58.631
-59.3309
-60.0147
-60.679
-61.3206
-61.9365
-62.5237
-63.08
-63.6034
-64.0927
-64.547
-64.9662
-65.3508
-65.7016
-66.0201
-66.3078
-66.5668
-66.7992
-67.0071
-67.1928
-67.3583
-67.5059
-67.6374
-67.7546
-67.8593
-67.9528
-68.0367
-68.112
-68.1799
-68.2413
-68.2971
-68.348
-68.3946
-68.4375
-68.4772
-68.5141
-68.5485
-68.5808
-68.6112
-68.64
-68.6674
-68.6935
-68.7186
-68.7427
-68.7659
-68.7884
-68.8102
-68.8314
-68.8521
-68.8724
-68.8922
-68.9116
-68.9306
-68.9494
-68.9678
-68.986
-69.0039
-69.0217
-69.0392
-69.0564
-69.0736
-69.0905
-69.1072
-69.1238
-69.1403
-69.1566
-69.1727
-69.1887
-69.2046
-69.2203
-69.2359
-69.2514
-69.2667
-69.2819
-69.297
-69.312
-69.3269
-69.3416
-69.3562
-69.3707
-69.3851
-69.3993
-69.4134
-69.4275
-69.4413
-69.4551
-69.4688
-69.4823
-69.4957
-69.5091
-69.5222
-69.5353
-69.5483
-69.5611
-69.5738
-69.5864
-69.5988
-69.6112
-69.6234
-69.6355
-69.6475
-69.6594
-69.6711
-69.6827
-69.6942
-69.7056
-69.7169
-69.728
-69.739
-69.7499
-69.7607
-69.7713
-69.7818
-69.7922
-69.8025
-69.8127
-69.8227
-69.8326
-69.8424
-69.852
-69.8616
-69.871
-69.8802
-69.8894
-69.8984
-69.9073
-69.9161
-69.9248
-69.9333
-69.9417
-69.95
-69.9582
-69.9662
-69.9741
-69.9819
-69.9896
-69.9971
-70.0045
-70.0118
-70.019
-70.0261
-70.033
-70.0398
-70.0465
-70.053
-70.0594
-70.0657
-70.0719
-70.078
-70.0839
-70.0897
-70.0954
-70.101
-70.1065
-70.1118
-70.117
-70.1221
-70.1271
-70.1319
-70.1366
-70.1412
-70.1457
-70.1501
-70.1543
-70.1585
-70.1625
-70.1664
-70.1701
-70.1738
-70.1773
-70.1807
-70.184
-70.1872
-70.1903
-70.1932
-70.1961
-70.1988
-70.2014
-70.2039
-70.2063
-70.2085
-70.2107
-70.2127
-70.2146
-70.2164
-70.2181
-70.2197
-70.2212
-70.2226
-70.2238
-70.2249
-70.226
-70.2269
-70.2277
-70.2284
-70.229
-70.2295
-70.2299
-70.2301
-70.2303
-70.2303
-70.2303
-70.2301
-70.2299
-70.2295
-70.229
-70.2284
-70.2278
-70.227
-70.2261
-70.2251
-70.224
-70.2228
-70.2215
-70.2201
-70.2186
-70.217
-70.2153
-70.2135
-70.2116
-70.2096
-70.2075
-70.2053
-70.2031
-70.2007
-70.1982
-70.1956
-70.193
-70.1902
-70.1873
-70.1844
-70.1813
-70.1782
-70.175
-70.1717
-70.1682
-70.1647
-70.1611
-70.1575
-70.1537
-70.1498
-70.1459
-70.1418
-70.1377
-70.1335
-70.1292
-70.1248
-70.1203
-70.1158
-70.1111
-70.1064
-70.1016
-70.0967
-70.0917
-70.0866
-70.0815
-70.0763
-70.071
-70.0656
-70.0601
-70.0546
-70.0489
-70.0432
-70.0374
-70.0316
-70.0256
-70.0196
-70.0135
-70.0074
-70.0011
-69.9948
-69.9884
-69.982
-69.9754
-69.9688
-69.9621
-69.9554
-69.9486
-69.9417
-69.9347
-69.9277
-69.9205
-69.9134
-69.9061
-69.8988
-69.8914
-69.884
-69.8765
-69.8689
-69.8612
-69.8535
-69.8458
-69.8379
-69.83
-69.8221
-69.814
-69.8059
-69.7978
-69.7896
-69.7813
-69.773
-69.7646
-69.7561
-69.7476
-69.739
-69.7304
-69.7217
-69.713
-69.7042
-69.6953
-69.6864
-69.6774
-69.6684
-69.6593
-69.6502
-69.641
-69.6318
-69.6225
-69.6131
-69.6037
-69.5943
-69.5848
-69.5753
-69.5657
-69.556
-69.5463
-69.5366
-69.5268
-69.517
-69.5071
-69.4972
-69.4872
-69.4772
-69.3243
-69.0795
-68.7679
-68.4051
-68.0023
-67.568
-67.1091
-66.6309
-66.1379
-65.6337
-65.1211
-64.6027
-64.0804
-63.556
-63.0308
-62.506
-61.9827
-61.4617
-60.9437
-60.4294
-59.9191
-59.4134
-58.9126
-58.417
-57.9268
-57.4421
-56.963
-56.4897
-56.022
-55.5599
-55.1034
-54.6522
-54.2062
-53.7652
-53.3289
-52.8969
-52.469
-52.0446
-51.6233
-51.2047
-50.7881
-50.373
-49.9588
-49.5446
-49.1298
-48.7135
-48.2949
-47.873
-47.4467
-47.0149
-46.5765
-46.1302
-45.6745
-45.2079

