-65
-64.9994
-64.9988
-64.9982
-64.9977
-64.9971
-64.9965
-64.996
-64.9954
-64.9949
-64.9943
-64.9938
-64.9932
-64.9927
-64.9922
-64.9917
-64.9912
-64.9906
-64.9901
-64.9896
-64.9891
-64.9886
-64.9881
-64.9876
-64.9872
-64.9867
-64.9862
-64.9857
-64.9852
-64.9848
-64.9843
-64.9838
-64.9834
-64.9829
-64.9825
-64.982
-64.9816
-64.9811
-64.9807
-64.9802
-64.9798
-64.9794
-64.9789
-64.9785
-64.9781
-64.9777
-64.9772
-64.9768
-64.9764
-64.976
-64.9756
-64.9752
-64.9748
-64.9744
-64.974
-64.9736
-64.9732
-64.9728
-64.9725
-64.9721
-64.9717
-64.9713
-64.971
-64.9706
-64.9702
-64.9699
-64.9695
-64.9692
-64.9688
-64.9685
-64.9681
-64.9678
-64.9675
-64.9671
-64.9668
-64.9665
-64.9661
-64.9658
-64.9655
-64.9652
-64.9649
-64.9646
-64.9642
-64.9639
-64.9636
-64.9633
-64.963
-64.9628
-64.9625
-64.9622
-64.9619
-64.9616
-64.9613
-64.9611
-64.9608
-64.9605
-64.9603
-64.96
-64.9598
-64.9595
-64.9592
-64.959
-64.9588
-64.9585
-64.9583
-64.958
-64.9578
-64.9576
-64.9573
-64.9571
-64.9569
-64.9567
-64.9565
-64.9562
-64.956
-64.9558
-64.9556
-64.9554
-64.9552
-64.955
-64.9548
-64.9546
-64.9545
-64.9543
-64.9541
-64.9539
-64.9537
-64.9536
-64.9534
-64.9532
-64.9531
-64.9529
-64.9527
-64.9526
-64.9524
-64.9523
-64.9521
-64.952
-64.9519
-64.9517
-64.9516
-64.9514
-64.9513
-64.9512
-64.9511
-64.9509
-64.9508
-64.9507
-64.9506
-64.9505
-64.9504
-64.9503
-64.9502
-64.95
-64.9499
-64.9499
-64.9498
-64.9497
-64.9496
-64.9495
-64.9494
-64.9493
-64.9492
-64.9492
-64.9491
-64.949
-64.9489
-64.9489
-64.9488
-64.9487
-64.9487
-64.9486
-64.9486
-64.9485
-64.9485
-64.9484
-64.9484
-64.9483
-64.9483
-64.9482
-64.9482
-64.9482
-64.9481
-64.9481
-64.9481
-64.948
-64.948
-64.948
-64.948
-64.948
-64.9479
-64.9479
-64.9479
-64.9479
-64.9479
-64.9479
-64.9479
-64.9479
-64.9479
-64.9479
-64.9479
-64.9479
-64.9479
-64.9479
-64.9479
-64.9479
-64.9479
-64.9479
-64.948
-64.948
-64.948
-64.948
-64.9481
-64.9481
-64.9481
-64.9481
-64.9482
-64.9482
-64.9482
-64.9483
-64.9483
-64.9483
-64.9484
-64.9484
-64.9485
-64.9485
-64.9486
-64.9486
-64.9487
-64.9487
-64.9488
-64.9488
-64.9489
-64.9489
-64.949
-64.9491
-64.9491
-64.9492
-64.9492
-64.9493
-64.9494
-64.9494
-64.9495
-64.9496
-64.9497
-64.9497
-64.9498
-64.9499
-64.95
-64.95
-64.9501
-64.9502
-64.9503
-64.9504
-64.9504
-64.9505
-64.9506
-64.9507
-64.9508
-64.9509
-64.951
-64.951
-64.9511
-64.9512
-64.9513
-64.9514
-64.9515
-64.9516
-64.9517
-64.9518
-64.9519
-64.952
-64.9521
-64.9522
-64.9523
-64.9524
-64.9525
-64.9526
-64.9527
-64.9528
-64.9529
-64.953
-64.9532
-64.9533
-64.9534
-64.9535
-64.9536
-64.9537
-64.9538
-64.9539
-64.954
-64.9542
-64.9543
-64.9544
-64.9545
-64.9546
-64.9547
-64.9548
-64.955
-64.9551
-64.9552
-64.9553
-64.9554
-64.9556
-64.9557
-64.9558
-64.9559
-64.956
-64.9562
-64.9563
-64.9564
-64.9565
-64.9566
-64.9568
-64.9569
-64.957
-64.9571
-64.9573
-64.9574
-64.9575
-64.9576
-64.9578
-64.9579
-64.958
-64.9581
-64.9583
-64.9584
-64.9585
-64.9587
-64.9588
-64.9589
-64.959
-64.9592
-64.9593
-64.9594
-64.9595
-64.9597
-64.9598
-64.9599
-64.96
-64.9602
-64.9603
-64.9604
-64.9606
-64.9607
-64.9608
-64.9609
-64.9611
-64.9612
-64.9613
-64.9614
-64.9616
-64.9617
-64.9618
-64.962
-64.9621
-64.9622
-64.9623
-64.9625
-64.9626
-64.9627
-64.9628
-64.963
-64.9631
-64.9632
-64.9633
-64.9635
-64.9636
-64.9637
-64.9638
-64.964
-64.9641
-64.9642
-64.9643
-64.9645
-64.9646
-64.9647
-64.9648
-64.9649
-64.9651
-64.9652
-64.9653
-64.9654
-64.9655
-64.9657
-64.9658
-64.9659
-64.966
-64.9661
-64.9663
-64.9664
-64.9665
-64.9666
-64.9667
-64.9668
-64.967
-64.9671
-64.9672
-64.9673
-64.9674
-64.9675
-64.9677
-64.9678
-64.9679
-64.968
-64.9681
-64.9682
-64.9683
-64.9684
-64.9685
-64.9687
-64.9688
-64.9689
-64.969
-64.9691
-64.9692
-64.9693
-64.9694
-64.9695
-64.9696
-64.9697
-64.9698
-64.9699
-64.97
-64.9701
-64.9702
-64.9703
-64.9704
-64.9705
-64.9706
-64.9707
-64.9708
-64.9709
-64.971
-64.9711
-64.9712
-64.9713
-64.9714
-64.9715
-64.9716
-64.9717
-64.9718
-64.9719
-64.972
-64.9721
-64.9722
-64.9722
-64.9723
-64.9724
-64.9725
-64.9726
-64.9727
-64.9728
-64.9729
-64.9729
-64.973
-64.9731
-64.9732
-64.9733
-64.9734
-64.9734
-64.9735
-64.9736
-64.9737
-64.9738
-64.9738
-64.9739
-64.974
-64.9741
-64.9741
-64.9742
-64.9743
-64.9744
-64.9744
-64.9745
-64.9746
-64.9747
-64.9747
-64.9748
-64.9749
-64.9749
-64.975
-64.9751
-64.9751
-64.9752
-64.9753
-64.9753
-64.9754
-64.9755
-64.9755
-64.9756
-64.9757
-64.9757
-64.9758
-64.9758
-64.9759
-64.976
-64.976
-64.9761
-64.9761
-64.9762
-64.9762
-64.9763
-64.9764
-64.9764
-64.9765
-64.9765
-64.9766
-64.9766
-64.9767
-64.9767
-64.9768
-64.9768
-64.9769
-64.8423
-64.6201
-64.3336
-63.9969
-63.6206
-63.2125
-62.7789
-62.3248
-61.8544
-61.3708
-60.8769
-60.3749
-59.8664
-59.3532
-58.8362
-58.3166
-57.7952
-57.2724
-56.7489
-56.2249
-55.7007
-55.1763
-54.6518
-54.1269
-53.6015
-53.0752
-52.5477
-52.0182
-51.4862
-50.9509
-50.4112
-49.8663
-49.3147
-48.7552
-48.1861
-47.6056
-47.0118
-46.4023
-45.7747
-45.126
-44.453
-43.752
-43.0189
-42.249
-41.4368
-40.5764
-39.6607
-38.682
-37.6311
-36.4977
-35.202
-33.762
-32.1783
-30.4434
-28.5452
-26.468
-24.1934
-21.7019
-18.974
-15.9922
-12.7447
-9.22858
-5.45529
-1.45524
2.71772
6.98474
11.2444
15.3801
19.272
22.8113
25.9136
28.5277
30.6391
32.2666
33.4545
34.2616
34.7522
34.9873
35.0208
34.8967
34.6499
34.3067
33.8866
33.4041
32.8696
32.2911
31.6743
31.024
30.3438
29.6367
28.9054
28.152
27.3785
26.5869
25.7788
24.9558
24.1192
23.2706
22.4111
21.5421
20.6646
19.7797
18.8886
17.992
17.091
16.1864
15.2789
14.3695
13.4587
12.5472
11.6356
10.7245
9.81448
8.90595
7.99939
7.0952
6.19378
5.29546
4.40056
3.50938
2.62217
1.73916
0.860561
-0.0134396
-0.882678
-1.74702
-2.60633
-3.46052
-4.30949
-5.15317
-5.99151
-6.82445
-7.65199
-8.47408
-9.29074
-10.102
-10.9078
-11.7082
-12.5032
-13.293
-14.0775
-14.8568
-15.6311
-16.4003
-17.1646
-17.9241
-18.679
-19.4293
-20.1752
-20.9169
-21.6546
-22.3884
-23.1187
-23.8456
-24.5694
-25.2903
-26.0088
-26.7251
-27.4396
-28.1527
-28.8649
-29.5765
-30.2881
-31.0002
-31.7134
-32.4282
-33.1454
-33.8655
-34.5893
-35.3175
-36.0509
-36.7903
-37.5365
-38.2903
-39.0526
-39.8242
-40.6058
-41.3984
-42.2024
-43.0186
-43.8475
-44.6892
-45.544
-46.4116
-47.2915
-48.1828
-49.0842
-49.9938
-50.9092
-51.8275
-52.745
-53.6577
-54.5607
-55.4491
-56.3175
-57.1604
-57.9724
-58.7487
-59.4847
-60.1768
-60.8223
-61.4193
-61.9672
-62.4663
-62.9176
-63.323
-63.6851
-64.0069
-64.2915
-64.5424
-64.7629
-64.9563
-65.1258
-65.2743
-65.4045
-65.5188
-65.6194
-65.7081
-65.7868
-65.8568
-65.9194
-65.9758
-66.0268
-66.0733
-66.1159
-66.1554
-66.192
-66.2263
-66.2587
-66.2894
-66.3186
-66.3467
-66.3737
-66.3999
-66.4253
-66.4502
-66.4745
-66.4983
-66.5218
-66.5449
-66.5678
-66.5904
-66.6128
-66.6351
-66.6572
-66.6792
-66.7011
-66.7228
-66.7445
-66.7661
-66.7877
-66.8092
-66.8306
-66.852
-66.7506
-66.5804
-66.3668
-66.1249
-65.8642
-65.5918
-65.3123
-65.0293
-64.7455
-64.4628
-64.1825
-63.9059
-63.6335
-63.3662
-63.1042
-62.8479
-62.5975
-62.3531
-62.1149
-61.8828
-61.657
-61.4372
-61.2236
-61.0161
-60.8145
-60.6188
-60.4289
-60.2447
-60.066
-59.8928
-59.725
-59.5625
-59.405
-59.2526
-59.105
-58.9623
-58.8242
-58.6906
-58.5615
-58.4367
-58.3162
-58.1998
-58.0874
-57.9789
-57.8743
-57.7734
-57.6761
-57.5824
-57.4922
-57.4053
-57.3218
-57.2414
-57.1643
-57.0901
-57.019
-56.9508
-56.8854
-56.8228
-56.763
-56.7058
-56.6512
-56.5991
-56.5495
-56.5024
-56.4576
-56.4151
-56.3749
-56.3369
-56.3011
-56.2674
-56.2357
-56.2061
-56.1785
-56.1528
-56.1291
-56.1071
-56.0871
-56.0688
-56.0522
-56.0374
-56.0242
-56.0127
-56.0028
-55.9945
-55.9877
-55.9824
-55.9786
-55.9763
-55.9754
-55.9759
-55.9778
-55.981
-55.9855
-55.9913
-55.9984
-56.0067
-56.0162
-56.0269
-56.0388
-56.0518
-56.0659
-56.0811
-56.0974
-56.1148
-56.1331
-56.1525
-56.1729
-56.1942
-56.2165
-56.2397
-56.2639
-56.2889
-56.3148
-56.3415
-56.369
-56.3974
-56.4266
-56.4565
-56.4873
-56.5187
-56.5509
-56.5838
-56.6174
-56.6516
-56.6865
-56.7221
-56.7583
-56.7951
-56.8325
-56.8705
-56.909
-56.9481
-56.9877
-57.0279
-57.0685
-57.1097
-57.1513
-57.1934
-57.2359
-57.2789
-57.3223
-57.3661
-57.4103
-57.4549
-57.4999
-57.5452
-57.5909
-57.6369
-57.6833
-57.7299
-57.7769
-57.8241
-57.8717
-57.9195
-57.9675
-58.0158
-58.0643
-58.1131
-58.162
-58.2112
-58.2606
-58.3101
-58.3598
-58.4097
-58.4598
-58.51
-58.5603
-58.6107
-58.6613
-58.712
-58.7628
-58.8137
-58.8646
-58.9157
-58.9668
-59.018
-59.0692
-59.1205
-59.1718
-59.2231
-59.2745
-59.3259
-59.3773
-59.4287
-59.4801
-59.5315
-59.5829
-59.6343
-59.6857
-59.737
-59.7883
-59.8395
-59.8907
-59.9418
-59.9929
-60.0439
-60.0949
-60.1458
-60.0794
-59.9419
-59.7555
-59.5336
-59.2855
-59.018
-58.7362
-58.4443
-58.1451
-57.8413
-57.5347
-57.2268
-56.919
-56.6121
-56.3071
-56.0045
-55.7049
-55.4087
-55.1162
-54.8278
-54.5437
-54.264
-53.9888
-53.7184
-53.4526
-53.1915
-52.9352
-52.6837
-52.4369
-52.1947
-51.9571
-51.724
-51.4954
-51.2711
-51.051
-50.835
-50.6231
-50.415
-50.2106
-50.0098
-49.8125
-49.6185
-49.4277
-49.2399
-49.055
-48.8729
-48.6933
-48.5162
-48.3413
-48.1686
-47.9979
-47.8291
-47.6619
-47.4963
-47.3321
-47.1691
-47.0072
-46.8463
-46.6862
-46.5267
-46.3677
-46.209
-46.0505
-45.8921
-45.7334
-45.5745
-45.4151
-45.2551
-45.0943
-44.9324
-44.7694
-44.605
-44.439
-44.2712
-44.1014
-43.9295
-43.755
-43.5779
-43.3978
-43.2145
-43.0277
-42.8371
-42.6424
-42.4432
-42.2392
-42.03
-41.8152
-41.5944
-41.3671
-41.1328
-40.891
-40.6412
-40.3827
-40.1149
-39.837
-39.5485
-39.2484
-38.9358
-38.6099
-38.2697
-37.914
-37.5417
-37.1514
-36.742
-36.3117
-35.8592
-35.3826
-34.88
-34.3496
-33.7891
-33.1962
-32.5684
-31.9032
-31.1976
-30.4488
-29.6536
-28.8088
-27.911
-26.9568
-25.943
-24.8661
-23.7233
-22.5119
-21.2298
-19.8761
-18.4508
-16.9555
-15.3939
-13.7722
-12.0994
-10.3882
-8.6544
-6.91775
-5.20107
-3.52963
-1.92991
-0.428065
0.951762
2.18903
3.26803
4.17865
4.91649
5.48246
5.88201
6.12409
6.22007
6.18269
6.02526
5.76096
5.40238
4.96125
4.44827
3.87305
3.24416
2.56917
1.85473
1.10668
0.330149
-0.470392
-1.291
-2.12824
-2.97908
-3.84084
-4.71118
-5.58804
-6.46959
-7.35423
-8.24055
-9.12731
-10.0134
-10.8979
-11.7799
-12.6587
-13.5338
-14.4045
-15.2704
-16.131
-16.9862
-17.8356
-18.6789
-19.5161
-20.3471
-21.1717
-21.9531
-22.7071
-23.441
-24.1586
-24.8624
-25.5538
-26.2343
-26.9045
-27.5653
-28.2173
-28.8609
-29.4968
-30.1254
-30.7472
-31.3625
-31.9719
-32.5759
-33.1749
-33.7693
-34.3597
-34.9465
-35.5302
-36.1113
-36.6903
-37.2677
-37.8441
-38.42
-38.9959
-39.5723
-40.1498
-40.7288
-41.31
-41.8939
-42.4809
-43.0714
-43.6661
-44.2651
-44.869
-45.478
-46.0922
-46.7117
-47.3366
-47.9666
-48.6015
-49.2405
-49.883
-50.5279
-51.174
-51.8196
-52.4628
-53.1014
-53.733
-54.3549
-54.964
-55.5575
-56.1322
-56.6852
-57.2138
-57.7153
-58.1878
-58.6296
-59.0397
-59.4174
-59.7628
-60.0764
-60.3591
-60.6122
-60.8374
-61.0365
-61.2116
-61.3646
-61.4976
-61.6126
-61.7117
-61.7965
-61.8688
-61.9302
-61.982
-62.0257
-62.0622
-62.0926
-62.1178
-62.1387
-62.1558
-62.1699
-62.1814
-62.1907
-62.1983
-62.2046
-62.2097
-62.214
-62.2177
-62.2209
-62.2239
-62.2266
-62.2294
-62.2322
-62.2352
-62.2383
-62.2417
-62.2455
-62.2496
-62.254
-62.2589
-62.2643
-62.2701
-62.2763
-62.2831
-62.2903
-62.298
-62.3062
-62.3149
-62.3241
-62.3338
-62.344
-62.3546
-62.3657
-62.3774
-62.3894
-62.402
-62.415
-62.4284
-62.4423
-62.4566
-62.4713
-62.4865
-62.502
-62.518
-62.5343
-62.551
-62.5681
-62.5856
-62.6034
-62.6216
-62.6401
-62.6589
-62.6781
-62.6975
-62.7173
-62.7374
-62.7578
-62.7784
-62.7993
-62.8205
-62.842
-62.8637
-62.8857
-62.9079
-62.9303
-62.9529
-62.9758
-62.9989
-63.0222
-63.0457
-63.0693
-63.0932
-63.1172
-63.1415
-63.1658
-63.1904
-63.2151
-63.2399
-63.2649
-63.29
-63.3153
-63.3407
-63.3662
-63.3918
-63.4175
-63.4434
-63.4693
-63.4953
-63.5215
-63.5477
-63.574
-63.6004
-63.6268
-63.6533
-63.6799
-63.7066
-63.7333
-63.76
-63.7868
-63.8136
-63.8405
-63.8675
-63.8944
-63.9214
-63.9484
-63.9754
-64.0025
-64.0295
-64.0566
-64.0837
-64.1108
-64.1379
-64.165
-64.1921
-64.2191
-64.2462
-64.2733
-64.3003
-64.3273
-64.3543
-64.3813
-64.4082
-64.4352
-64.4621
-64.4889
-64.5157
-64.5425
-64.5692
-64.5959
-64.6226
-64.6492
-64.6757
-64.7022
-64.7287
-64.7551
-64.7814
-64.8077
-64.8339
-64.86
-64.8861
-64.9121
-64.938
-64.9639
-64.9897
-65.0154
-65.041
-65.0666
-65.0921
-65.1175
-65.1428
-65.168
-65.1932
-65.2183
-65.2432
-65.2681
-65.2929
-65.3176
-65.3422
-65.3668
-65.3912
-65.4155
-65.4397
-65.4639
-65.4879
-65.5118
-65.5356
-65.5594
-65.583
-65.6065
-65.6299
-65.6532
-65.6764
-65.6995
-65.7224
-65.7453
-65.7681
-65.7907
-65.8132
-65.8356
-65.8579
-65.8801
-65.9022
-65.9241
-65.946
-65.9677
-65.9893
-66.0108
-66.0321
-66.0534
-66.0745
-66.0955
-66.1164
-66.1371
-66.1578
-66.1783
-66.1987
-66.2189
-66.2391
-66.2591
-66.279
-66.2987
-66.3184
-66.3379
-66.3573
-66.3765
-66.3957
-66.4147
-66.4336
-66.4523
-66.4709
-66.4894
-66.5078
-66.5261
-66.5442
-66.5621
-66.58
-66.5977
-66.6153
-66.6328
-66.6501
-66.6673
-66.6844
-66.7014
-66.7182
-66.7349
-66.7514
-66.7678
-66.7841
-66.8003
-66.8163
-66.8322
-66.848
-66.8637
-66.8792
-66.8945
-66.9098
-66.9249
-66.9399
-66.9548
-66.9695
-66.9841
-66.9986
-67.0129
-67.0271
-67.0412
-67.0552
-67.069
-67.0827
-67.0963
-67.1097
-67.123
-67.1362
-67.1492
-67.1622
-67.175
-67.1876
-67.2002
-67.2126
-67.2249
-67.237
-67.249
-67.2609
-67.2727
-67.2844
-67.2959
-67.3073
-67.3185
-67.3297
-67.3407
-67.3516
-67.3624
-67.373
-67.3835
-67.3939
-67.4042
-67.4143
-67.4244
-67.4343
-67.444
-67.4537
-67.4632
-67.4726
-67.4819
-67.4911
-67.5001
-67.5091
-67.5179
-67.5266
-67.5351
-67.5436
-67.5519
-67.5601
-67.5682
-67.5762
-67.5841
-67.5918
-67.5994
-67.607
-67.6143
-67.6216
-67.6288
-67.6358
-67.6428
-67.6496
-67.6563
-67.6629
-67.6694
-67.6757
-67.682
-67.6881
-67.6942
-67.7001
-67.7059
-67.7116
-67.7172
-67.7227
-67.728
-67.7333
-67.7385
-67.7435
-67.7485
-67.7533
-67.758
-67.7626
-67.7672
-67.7716
-67.7759
-67.7801
-67.7842
-67.7882
-67.7921
-67.7959
-67.7995
-67.8031
-67.8066
-67.81
-67.8133
-67.8165
-67.8196
-67.8225
-67.8254
-67.8282
-67.8309
-67.8335
-67.836
-67.8384
-67.8407
-67.8429
-67.8451
-67.8471
-67.849
-67.8508
-67.8526
-67.8542
-67.8558
-67.8573
-67.8586
-67.8599
-67.8611
-67.8622
-67.8632
-67.8642
-67.865
-67.8658
-67.8664
-67.867
-67.8675
-67.8679
-67.8682
-67.8685
-67.8686
-67.8687
-67.8686
-67.8685
-67.8684
-67.8681
-67.8678
-67.8673
-67.8668
-67.8662
-67.8656
-67.8648
-67.864
-67.8631
-67.8621
-67.861
-67.8599
-67.8587
-67.8574
-67.856
-67.8546
-67.8531
-67.8515
-67.8498
-67.8481
-67.8463
-67.8444
-67.8424
-67.8404
-67.8383
-67.8362
-67.8339
-67.8316
-67.8293
-67.8268
-67.8243
-67.8217
-67.8191
-67.8164
-67.8136
-67.8108
-67.8079
-67.8049
-67.8019
-67.7988
-67.7956
-67.7924
-67.7891
-67.7858
-67.7824
-67.7789
-67.7754
-67.7718
-67.7681
-67.7644
-67.7607
-67.7568
-67.753
-67.749
-67.745
-67.741
-67.7369
-67.7327
-67.7285
-67.7242
-67.7199
-67.7155
-67.7111
-67.7066
-67.7021
-67.6975
-67.6929
-67.6882
-67.6834
-67.6786
-67.6738
-67.6689
-67.664
-67.659
-67.654
-67.6489
-67.6437
-67.6386
-67.6333
-67.6281
-67.6228
-67.6174
-67.612
-67.6066
-67.6011
-67.5955
-67.59
-67.5844
-67.5787
-67.573
-67.5673
-67.5615
-67.5557
-67.5498
-67.5439
-67.5379
-67.532
-67.526
-67.5199
-67.5138
-67.5077
-67.5015
-67.4953
-67.4891
-67.4828
-67.4765
-67.4702
-67.4638
-67.4574
-67.4509
-67.4445
-67.438
-67.4314
-67.4248
-67.4182
-67.4116
-67.4049
-67.3983
-67.3915
-67.3848
-67.378
-67.3712
-67.3643
-67.3575
-67.3506
-67.3437
-67.3367
-67.3297
-67.3227
-67.3157
-67.3087
-67.3016
-67.2945
-67.2873
-67.2802
-67.273
-67.2658
-67.2586
-67.2514
-67.2441
-67.2368
-67.2295
-67.2221
-67.2148
-67.2074
-67.2
-67.1926
-67.1852
-67.1777
-67.1702
-67.1627
-67.1552
-67.1477
-67.1402
-67.1326
-67.125
-67.1174
-67.1098
-67.1022
-67.0945
-67.0869
-67.0792
-67.0715
-67.0638
-67.0561
-67.0484
-67.0406
-67.0329
-67.0251
-67.0173
-67.0095
-67.0017
-66.9939
-66.8475
-66.6114
-66.3094
-65.9564
-65.5633
-65.1383
-64.6878
-64.2171
-63.7305
-63.2314
-62.7227
-62.2067
-61.6853
-61.1602
-60.6327
-60.1039
-59.5748
-59.046
-58.5183
-57.992
-57.4677
-56.9456
-56.4259
-55.9088
-55.3942
-54.8822
-54.3726
-53.8652
-53.3597
-52.8559
-52.3532
-51.8512
-51.3492
-50.8466
-50.3426
-49.8362
-49.3266
-48.8125
-48.2927
-47.7658
-47.2303
-46.6845
-46.1264
-45.554
-44.9648
-44.3563
-43.7256
-43.0693
-42.3838
-41.6651
-40.9084
-40.1086
-39.2599
-38.3555
-37.3881
-36.3491
-35.2289
-34.0168
-32.7007
-31.2668
-29.7
-27.9837
-26.0998
-24.0292
-21.7524
-19.2503
-16.5062
-13.5075
-10.2494
-6.73828
-2.99619
0.935478
4.99329
9.09218
13.1296
16.9938
20.576
23.7827
26.547
28.8348
30.6457
32.0073
32.9668
33.5814
33.9097
34.006
33.9173
33.6819
33.33
32.8848
32.3636
31.7798
31.1432
30.4614
29.7402
28.9845
28.198
27.384
26.5455
25.6847
24.8041
23.9057
22.9914
22.0628
21.1218
20.1698
19.2083
18.2385
17.2619
16.2796
15.2926
14.3022
13.3091
12.3143
11.3187
10.323
9.32798
8.33426
7.34247
6.35315
5.35868
4.36705
3.38183
2.40479
1.43692
0.478754
-0.469397
-1.40739
-2.33516
-3.25272
-4.16011
-5.05739
-5.94466
-6.82203
-7.68962
-8.54757
-9.396
-10.2351
-11.065
-11.8858
-12.6978
-13.501
-14.2958
-15.0822
-15.8604
-16.6307
-17.3932
-18.1482
-18.8958
-19.6363
-20.3698
-21.0967
-21.8172
-22.5315
-23.2398
-23.9425
-24.6399
-25.3323
-26.0199
-26.7032
-27.3825
-28.0582
-28.7306
-29.4002
-30.0675
-30.7328
-31.3968
-32.0599
-32.7226
-33.3856
-34.0494
-34.7146
-35.3819
-36.0519
-36.7253
-37.4027
-38.085
-38.7726
-39.4664
-40.1671
-40.8751
-41.5912
-42.3158
-43.0494
-43.7923
-44.5446
-45.3063
-46.0771
-46.8565
-47.6437
-48.4375
-49.2363
-50.0379
-50.84
-51.6395
-52.4332
-53.2171
-53.9874
-54.7396
-55.4696
-56.173
-56.8459
-57.4849
-58.087
-58.65
-59.1724
-59.6534
-60.0932
-60.4925
-60.8527
-61.1757
-61.4636
-61.7191
-61.9448
-62.1434
-62.3177
-62.4702
-62.6033
-62.7195
-62.8208
-62.9092
-62.9863
-63.0537
-63.1127
-63.1646
-63.2105
-63.2511
-63.2873
-63.3198
-63.3491
-63.3758
-63.4003
-63.423
-63.4442
-63.4641
-63.483
-63.5011
-63.5185
-63.5354
-63.5519
-63.5682
-63.5842
-63.6001
-63.6159
-63.6318
-63.6476
-63.6636
-63.6796
-63.6958
-63.7121
-63.7285
-63.7452
-63.762
-63.779
-63.7963
-63.8137
-63.8314
-63.8493
-63.8674
-63.8857
-63.9042
-63.9229
-63.9419
-63.9611
-63.9804
-64
-64.0198
-64.0398
-64.0599
-64.0803
-64.1008
-64.1215
-64.1424
-64.1635
-64.1847
-64.2061
-64.2276
-64.2493
-64.2712
-64.2931
-64.3153
-64.3375
-64.3599
-64.3824
-64.405
-64.4277
-64.4506
-64.4735
-64.4966
-64.5197
-64.5429
-64.5662
-64.5896
-64.6131
-64.6367
-64.6603
-64.684
-64.7077
-64.7315
-64.7554
-64.7793
-64.8032
-64.8272
-64.8512
-64.8753
-64.8994
-64.9235
-64.9477
-64.9719
-64.9961
-65.0203
-65.0445
-65.0687
-65.093
-65.1172
-65.1414
-65.1657
-65.1899
-65.2141
-65.2383
-65.2625
-65.2867
-65.3109
-65.335
-65.3591
-65.3832
-65.4072
-65.4313
-65.4552
-65.4792
-65.5031
-65.527
-65.5508
-65.5746
-65.5983
-65.622
-65.6457
-65.6692
-65.6928
-65.7163
-65.7397
-65.763
-65.7863
-65.8095
-65.8327
-65.8558
-65.8788
-65.9018
-65.9247
-65.9475
-65.9702
-65.9929
-66.0154
-66.0379
-66.0604
-66.0827
-66.105
-66.1271
-66.1492
-66.1712
-66.1931
-66.2149
-66.2367
-66.2583
-66.2798
-66.3013
-66.3227
-66.3439
-66.3651
-66.3862
-66.4071
-66.428
-66.4488
-66.4694
-66.49
-66.5105
-66.5308
-66.5511
-66.5712
-66.5913
-66.6112
-66.631
-66.6508
-66.6704
-66.6899
-66.7093
-66.7286
-66.7477
-66.7668
-66.7857
-66.8046
-66.8233
-66.8419
-66.8604
-66.8788
-66.8971
-66.9152
-66.9332
-66.9512
-66.969
-66.9867
-67.0042
-67.0217
-67.039
-67.0562
-67.0733
-67.0903
-67.1072
-67.1239
-67.1405
-67.157
-67.1734
-67.1896
-67.2058
-67.2218
-67.2377
-67.2535
-67.2691
-67.2846
-67.3001
-67.3153
-67.3305
-67.3455
-67.3605
-67.3753
-67.3899
-67.4045
-67.4189
-67.4332
-67.4474
-67.4615
-67.4754
-67.4892
-67.5029
-67.5165
-67.53
-67.5433
-67.5565
-67.5696
-67.5825
-67.5954
-67.6081
-67.6207
-67.6331
-67.6455
-67.6577
-67.6698
-67.6818
-67.6937
-67.7054
-67.717
-67.7285
-67.7399
-67.7511
-67.7623
-67.7733
-67.7841
-67.7949
-67.8056
-67.8161
-67.8265
-67.8368
-67.8469
-67.857
-67.8669
-67.8767
-67.8864
-67.896
-67.9054
-67.9148
-67.924
-67.9331
-67.9421
-67.9509
-67.9597
-67.9683
-67.9768
-67.9852
-67.9935
-68.0016
-68.0097
-68.0176
-68.0254
-68.0331
-68.0407
-68.0482
-68.0555
-68.0628
-68.0699
-68.0769
-68.0838
-68.0906
-68.0973
-68.1039
-68.1103
-68.1167
-68.1229
-68.129
-68.135
-68.1409
-68.1467
-68.1524
-68.158
-68.1634
-68.0303
-67.809
-67.5245
-67.1922
-66.8231
-66.4254
-66.0057
-65.5692
-65.1201
-64.6616
-64.1967
-63.7275
-63.2559
-62.7834
-62.3113
-61.8408
-61.3727
-60.9077
-60.4466
-59.9898
-59.5378
-59.091
-58.6497
-58.2141
-57.7844
-57.3608
-56.9433
-56.532
-56.1269
-55.728
-55.3353
-54.9486
-54.5678
-54.1929
-53.8236
-53.4596
-53.1009
-52.7472
-52.3981
-52.0534
-51.7127
-51.3758
-51.0422
-50.7116
-50.3836
-50.0577
-49.7335
-49.4105
-49.0882
-48.7661
-48.4437
-48.1203
-47.7953
-47.4682
-47.1383
-46.8047
-46.4669
-46.1239
-45.775
-45.4191
-45.0555
-44.6829
-44.3003
-43.9066
-43.5003
-43.0802
-42.6446
-42.1919
-41.7203
-41.2278
-40.7123
-40.1714
-39.6024
-39.0026
-38.3687
-37.6972
-36.9844
-36.2261
-35.4175
-34.5536
-33.6288
-32.637
-31.5716
-30.4255
-29.191
-27.86
-26.4241
-24.8748
-23.2037
-21.4027
-19.4649
-17.3849
-15.16
-12.7909
-10.2829
-7.64738
-4.90291
-2.07606
0.797965
3.67573
6.50688
9.23666
11.8095
14.1737
16.2853
18.1125
19.6378
20.8579
21.7827
22.4319
22.8321
23.0128
23.0038
22.8334
22.5271
22.1071
21.5921
20.9977
20.3369
19.6202
18.8566
18.0531
17.2157
16.3497
15.4593
14.5482
13.6195
12.6762
11.7208
10.7553
9.78189
8.8022
7.81785
6.83026
5.84072
4.85038
3.86027
2.87132
1.88436
0.900142
-0.0806737
-1.0575
-2.02981
-2.99716
-3.95913
-4.91539
-5.86564
-6.80962
-7.74712
-8.67796
-9.60201
-10.5191
-11.4293
-12.3324
-13.2284
-14.1174
-14.9993
-15.8742
-16.7422
-17.6033
-18.4576
-19.3053
-20.1465
-20.9813
-21.81
-22.6328
-23.4498
-24.2613
-25.0676
-25.869
-26.6658
-27.4583
-28.247
-29.0322
-29.8145
-30.5941
-31.3718
-32.1479
-32.9231
-33.698
-34.4732
-35.2494
-36.0273
-36.8076
-37.5911
-38.3787
-39.1711
-39.9691
-40.7737
-41.5857
-42.4059
-43.2352
-44.0744
-44.9242
-45.7854
-46.6585
-47.544
-48.4422
-49.3533
-50.2771
-51.2133
-52.161
-53.1192
-54.0864
-55.0604
-56.0387
-57.0182
-57.9951
-58.9652
-59.9238
-60.8657
-61.7854
-62.6774
-63.5363
-64.3569
-65.1345
-65.8652
-66.5461
-67.1752
-67.7516
-68.2755
-68.748
-69.1711
-69.5474
-69.8802
-70.1729
-70.4292
-70.6527
-70.847
-71.0154
-71.1612
-71.2873
-71.3961
-71.4902
-71.5715
-71.6418
-71.7027
-71.7555
-71.8015
-71.8417
-71.8768
-71.9077
-71.9349
-71.9591
-71.9805
-71.9998
-72.017
-72.0326
-72.0468
-72.0598
-72.0717
-72.0826
-72.0928
-72.1023
-72.1112
-72.1196
-72.1275
-72.135
-72.1422
-72.149
-72.1556
-72.1619
-72.1679
-72.1738
-72.1795
-72.185
-72.1903
-72.1955
-72.2006
-72.2055
-72.2103
-72.215
-72.2196
-72.224
-72.2284
-72.2327
-72.2368
-72.2409
-72.2449
-72.2487
-72.2525
-72.2562
-72.2598
-72.2634
-72.2668
-72.2702
-72.2734
-72.2766
-72.2797
-72.2827
-72.2856
-72.2884
-72.2911
-72.2938
-72.2963
-72.2988
-72.3012
-72.3035
-72.3057
-72.3078
-72.3098
-72.3118
-72.3136
-72.3154
-72.317
-72.3186
-72.3201
-72.3214
-72.3227
-72.3239
-72.325
-72.326
-72.327
-72.3278
-72.3285
-72.3292
-72.3297
-72.3301
-72.3305
-72.3307
-72.3309
-72.3309
-72.3309
-72.3308
-72.3305
-72.3302
-72.3298
-72.3293
-72.3286
-72.3279
-72.3271
-72.3262
-72.3252
-72.3241
-72.3229
-72.3215
-72.3201
-72.3186
-72.317
-72.3153
-72.3135
-72.3116
-72.3096
-72.3075
-72.3053
-72.303
-72.3006
-72.2981
-72.2955
-72.2928
-72.29
-72.2871
-72.2841
-72.281
-72.2779
-72.2746
-72.2712
-72.2677
-72.2641
-72.2604
-72.2566
-72.2528
-72.2488
-72.2447
-72.2405
-72.2362
-72.2319
-72.2274
-72.2228
-72.2182
-72.2134
-72.2086
-72.2036
-72.1986
-72.1934
-72.1882
-72.1829
-72.1774
-72.1719
-72.1663
-72.1606
-72.1547
-72.1488
-72.1428
-72.1368
-72.1306
-72.1243
-72.1179
-72.1114
-72.1049
-72.0982
-72.0915
-72.0847
-72.0777
-72.0707
-72.0636
-72.0564
-72.0491
-72.0418
-72.0343
-72.0267
-72.0191
-72.0114
-72.0035
-71.9956
-71.9876
-71.9796
-71.9714
-71.9631
-71.9548
-71.9464
-71.9378
-71.9293
-71.9206
-71.9118
-71.903
-71.894
-71.885
-71.8759
-71.8667
-71.8575
-71.8481
-71.8387
-71.8292
-71.8196
-71.81
-71.8002
-71.7904
-71.7805
-71.7705
-71.7605
-71.7503
-71.7401
-71.7298
-71.7195
-71.709
-71.6985
-71.6879
-71.6773
-71.6665
-71.6557
-71.6449
-71.6339
-71.6229
-71.6118
-71.6006
-71.5894
-71.5781
-71.5667
-71.5553
-71.5437
-71.5322
-71.5205
-71.5088
-71.497
-71.4852
-71.4733
-71.4613
-71.4492
-71.4371
-71.4249
-71.4127
-71.4004
-71.3881
-71.3756
-71.3631
-71.3506
-71.338
-71.3253
-71.3126
-71.2998
-71.287
-71.2741
-71.2611
-71.2481
-71.235
-71.2219
-71.2087
-71.1955
-71.1822
-71.1688
-71.1554
-71.142
-71.1285
-71.1149
-71.1013
-71.0876
-71.0739
-71.0601
-71.0463
-71.0325
-71.0186
-71.0046
-70.9906
-70.9765
-70.9624
-70.9483
-70.9341
-70.9199
-70.9056
-70.8913
-70.8769
-70.8625
-70.848
-70.8335
-70.819
-70.8044
-70.7898
-70.7751
-70.7604
-70.7456
-70.7309
-70.716
-70.7012
-70.6863
-70.6714
-70.6564
-70.6414
-70.6263
-70.6113
-70.5962
-70.581
-70.5658
-70.5506
-70.5354
-70.5201
-70.5048
-70.4895
-70.4741
-70.4587
-70.4433
-70.4278
-70.4123
-70.3968
-70.3812
-70.3657
-70.3501
-70.3344
-70.3188
-70.3031
-70.2874
-70.2717
-70.2559
-70.2402
-70.2244
-70.2085
-70.1927
-70.1768
-70.1609
-70.145
-70.1291
-70.1132
-70.0972
-70.0812
-70.0652
-70.0492
-70.0331
-70.0171
-70.001
-69.9849
-69.9688
-69.9526
-69.9365
-69.9203
-69.9042
-69.888
-69.8718
-69.8556
-69.8393
-69.8231
-69.8068
-69.7906
-69.7743
-69.758
-69.7417
-69.7254
-69.7091
-69.6928
-69.6764
-69.6601
-69.6437
-69.6274
-69.611
-69.5946
-69.5783
-69.5619
-69.5455
-69.5291
-69.5127
-69.4963
-69.4799
-69.4635
-69.447
-69.4306
-69.4142
-69.3978
-69.3814
-69.3649
-69.3485
-69.3321
-69.3156
-69.2992
-69.2828
-69.2663
-69.2499
-69.2335
-69.217
-69.2006
-69.1842
-69.1678
-69.1514
-69.1349
-69.1185
-69.1021
-69.0857
-69.0693
-69.0529
-69.0365
-69.0201
-69.0038
-68.9874
-68.971
-68.9547
-68.9383
-68.922
-68.9056
-68.8893
-68.873
-68.8567
-68.8404
-68.8241
-68.8078
-68.7915
-68.7753
-68.759
-68.7428
-68.7266
-68.7103
-68.6941
-68.6779
-68.6617
-68.6456
-68.6294
-68.6133
-68.5971
-68.581
-68.5649
-68.5488
-68.5327
-68.5167
-68.5006
-68.4846
-68.4686
-68.4526
-68.4366
-68.4206
-68.4046
-68.3887
-68.3728
-68.3569
-68.341
-68.3251
-68.3093
-68.2934
-68.2776
-68.2618
-68.2461
-68.2303
-68.2146
-68.1988
-68.1831
-68.1674
-68.1518
-68.1361
-68.1205
-68.1049
-68.0893
-68.0738
-68.0582
-68.0427
-68.0272
-68.0118
-67.9963
-67.9809
-67.9655
-67.9501
-67.9347
-67.9194
-67.9041
-67.8888
-67.8735
-67.8583
-67.8431
-67.8279
-67.8127
-67.7976
-67.7824
-67.7673
-67.7523
-67.7372
-67.7222
-67.7072
-67.6922
-67.6773
-67.6624
-67.6475
-67.6326
-67.6178
-67.603
-67.5882
-67.5734
-67.5587
-67.544
-67.5293
-67.5147
-67.5001
-67.4855
-67.4709
-67.4564
-67.4419
-67.4274
-67.413
-67.3986
-67.3842
-67.3698
-67.3555
-67.3412
-67.3269
-67.3127
-67.2985
-67.2843
-67.2701
-67.256
-67.2419
-67.2279
-67.2138
-67.1998
-67.1859
-67.1719
-67.158
-67.1441
-67.1303
-67.1165
-67.1027
-67.0889
-67.0752
-67.0615
-67.0479
-67.0343
-67.0207
-67.0071
-66.9936
-66.9801
-66.9667
-66.9533
-66.9399
-66.9265
-66.9132
-66.8999
-66.8866
-66.8734
-66.8602
-66.8471
-66.834
-66.8209
-66.8078
-66.7948
-66.7818
-66.7689
-66.7559
-66.7431
-66.7302
-66.7174
-66.7046
-66.6919
-66.6792
-66.6665
-66.6538
-66.6412
-66.6287
-66.6161
-66.6036
-66.5912
-66.5787
-66.5664
-66.554
-66.5417
-66.5294
-66.5172
-66.5049
-66.4928
-66.4806
-66.4685
-66.4565
-66.4445
-66.4325
-66.4205
-66.4086
-66.3967
-66.3849
-66.3731
-66.3613
-66.3496
-66.3379
-66.3262
-66.3146
-66.303
-66.2915
-66.28
-66.2685
-66.2571
-66.2457
-66.2343
-66.223
-66.2117
-66.2005
-66.1893
-66.1781
-66.167
-66.1559
-66.1448
-66.1338
-66.1228
-66.1119
-66.101
-66.0901
-66.0793
-66.0685
-66.0577
-66.047
-66.0364
-66.0257
-66.0152
-66.0046
-65.9941
-65.9836
-65.9732
-65.9628
-65.9525
-65.9422
-65.9319
-65.9217
-65.9115
-65.9013
-65.8912
-65.8811
-65.8711
-65.8611
-65.8512
-65.8412
-65.8314
-65.8215
-65.8117
-65.802
-65.7922
-65.7826
-65.7729
-65.7633
-65.7538
-65.7442
-65.7348
-65.7253
-65.7159
-65.7066
-65.6972
-65.688
-65.6787
-65.6695
-65.6604
-65.6513
-65.6422
-65.6331
-65.6242
-65.6152
-65.6063
-65.5974
-65.5886
-65.5798
-65.5711
-65.5623
-65.5537
-65.5451
-65.5365
-65.5279
-65.5194
-65.511
-65.5026
-65.4942
-65.4859
-65.4776
-65.4694
-65.4611
-65.453
-65.4449
-65.4368
-65.4287
-65.4208
-65.4128
-65.4049
-65.397
-65.3892
-65.3814
-65.3736
-65.3659
-65.3583
-65.3506
-65.343
-65.3355
-65.328
-65.3205
-65.3131
-65.3057
-65.2984
-65.2911
-65.2838
-65.2766
-65.2695
-65.2623
-65.2552
-65.2482
-65.2412
-65.2342
-65.2273
-65.2204
-65.2136
-65.2068
-65.2
-65.1933
-65.1866
-65.18
-65.1734
-65.1668
-65.1603
-65.1539
-65.1474
-65.1411
-65.1347
-65.1284
-65.1222
-65.116
-65.1098
-65.1037
-65.0976
-65.0915
-65.0855
-65.0796
-65.0737
-65.0678
-65.062
-65.0562
-65.0504
-65.0447
-65.0391
-65.0334
-65.0279
-65.0223
-65.0168
-65.0114
-65.006
-65.0006
-64.9953
-64.99
-64.9848
-64.9796
-64.9744
-64.9693
-64.9642
-64.9592
-64.9542
-64.9493
-64.9444
-64.9395
-64.9347
-64.9299
-64.9251
-64.9204
-64.9158
-64.9111
-64.9066
-64.902
-64.8975
-64.8931
-64.8886
-64.8842
-64.8799
-64.8756
-64.8713
-64.8671
-64.8629
-64.8588
-64.8547
-64.8506
-64.8466
-64.8426
-64.8387
-64.8348
-64.8309
-64.8271
-64.8233
-64.8196
-64.8159
-64.8122
-64.8086
-64.805
-64.8015
-64.798
-64.7945
-64.7911
-64.7877
-64.7843
-64.781
-64.7777
-64.7745
-64.7713
-64.7682
-64.765
-64.762
-64.7589
-64.7559
-64.753
-64.75
-64.7471
-64.7443
-64.7415
-64.7387
-64.736
-64.7333
-64.7306
-64.728
-64.7254
-64.7229
-64.7203
-64.7179
-64.7154
-64.713
-64.7107
-64.7084
-64.7061
-64.7038
-64.7016
-64.6994
-64.6973
-64.6952
-64.6931
-64.6911
-64.6891
-64.6871
-64.6852
-64.6833
-64.6814
-64.6796
-64.6778
-64.6761
-64.6744
-64.6727
-64.671
-64.6694
-64.6679
-64.6663
-64.6648
-64.6633
-64.6619
-64.6605
-64.6591
-64.6578
-64.6565
-64.6552
-64.654
-64.6528
-64.6516
-64.6504
-64.6493
-64.6483
-64.6472
-64.6462
-64.6452
-64.6443
-64.6434
-64.6425
-64.6416
-64.6408
-64.64
-64.6393
-64.6385
-64.6378
-64.6372
-64.6365
-64.6359
-64.6353
-64.6348
-64.6343
-64.6338
-64.6333
-64.6329
-64.6325
-64.6321
-64.6318
-64.6314
-64.6312
-64.6309
-64.6307
-64.6305
-64.6303
-64.6301
-64.63
-64.6299
-64.6298
-64.6298
-64.6298
-64.6298
-64.6298
-64.6299
-64.63
-64.6301
-64.6302
-64.6304
-64.6306
-64.6308
-64.631
-64.6313
-64.6316
-64.6319
-64.6322
-64.6326
-64.6329
-64.6333
-64.6338
-64.6342
-64.6347
-64.6352
-64.6357
-64.6362
-64.6368
-64.6374
-64.638
-64.6386
-64.6392
-64.6399
-64.6406
-64.6413
-64.642
-64.6427
-64.6435
-64.6443
-64.6451
-64.6459
-64.6468
-64.6476
-64.6485
-64.6494
-64.6503
-64.6512
-64.6522
-64.6532
-64.6542
-64.6552
-64.6562
-64.6572
-64.6583
-64.6593
-64.6604
-64.6615
-64.6626
-64.6638
-64.6649
-64.6661
-64.6673
-64.6685
-64.6697
-64.6709
-64.6721
-64.6734
-64.6746
-64.6759
-64.6772
-64.6785
-64.6798
-64.6812
-64.6825
-64.6839
-64.6852
-64.6866
-64.688
-64.6894
-64.6908
-64.6922
-64.6937
-64.6951
-64.6966
-64.698
-64.6995
-64.701
-64.7025
-64.704
-64.7055
-64.7071
-64.7086
-64.7101
-64.7117
-64.7132
-64.7148
-64.7164
-64.718
-64.7196
-64.7212
-64.7228
-64.7244
-64.726
-64.7277
-64.7293
-64.7309
-64.7326
-64.7342
-64.7359
-64.7376
-64.7392
-64.7409
-64.7426
-64.7443
-64.746
-64.7477
-64.7494
-64.7511
-64.7528
-64.7545
-64.7562
-64.758
-64.7597
-64.7614
-64.7631
-64.7649
-64.7666
-64.7684
-64.7701
-64.7719
-64.7736
-64.7754
-64.7771
-64.7789
-64.7806
-64.7824
-64.7841
-64.7859
-64.7877
-64.7894
-64.7912
-64.793
-64.7947
-64.7965
-64.7983
-64.8
-64.8018
-64.8035
-64.8053
-64.8071
-64.8088
-64.6763
-64.4565
-64.1724
-63.8383
-63.4647
-63.0594
-62.6286
-62.1774
-61.7098
-61.2291
-60.7381
-60.2388
-59.7332
-59.2228
-58.7086
-58.1917
-57.6728
-57.1527
-56.6317
-56.1102
-55.5883
-55.0662
-54.5438
-54.0211
-53.4977
-52.9734
-52.4476
-51.9199
-51.3895
-50.8556
-50.3174
-49.7736
-49.2232
-48.6647
-48.0964
-47.5168
-46.9236
-46.3146
-45.6874
-45.039
-44.3661
-43.6652
-42.9319
-42.1618
-41.3494
-40.4886
-39.5726
-38.5934
-37.5421
-36.4084
-35.1806
-33.8454
-32.3876
-30.7901
-29.0339
-27.098
-24.9595
-22.5947
-19.9796
-17.0921
-13.9146
-10.4379
-6.66649
-2.62384
1.64186
6.05445
10.5105
14.8858
19.0473
22.8697
26.251
29.1247
31.4655
33.2862
34.6301
35.5585
36.1399
36.4408
36.5201
36.4264
36.1981
35.8643
35.4464
34.9605
34.4179
33.8271
33.1945
32.525
31.8224
31.09
30.3304
29.5459
28.7388
27.911
27.0641
26.1999
25.3201
24.4259
23.519
22.6005
21.6719
20.7342
19.7887
18.8364
17.8783
16.9154
15.9487
14.979
14.0071
13.0337
12.0596
11.0854
10.1117
9.13904
8.16802
7.19909
6.23268
5.26919
4.30899
3.35241
2.39975
1.45127
0.507215
-0.432204
-1.36681
-2.29643
-3.22095
-4.14023
-5.05419
-5.96275
-6.86586
-7.76346
-8.65555
-9.54212
-10.4232
-11.2987
-12.1688
-13.0335
-13.8928
-14.7469
-15.5957
-16.4395
-17.2784
-18.1124
-18.9418
-19.7666
-20.5872
-21.4036
-22.2162
-23.0252
-23.8309
-24.6335
-25.4335
-26.2311
-27.0269
-27.8211
-28.6144
-29.4072
-30.2001
-30.9937
-31.7887
-32.5857
-33.3855
-34.1889
-34.9967
-35.8099
-36.6294
-37.4561
-38.2912
-39.1356
-39.9905
-40.8569
-41.7361
-42.629
-43.5367
-44.4602
-45.4004
-46.3579
-47.3333
-48.3268
-49.3384
-50.3675
-51.4131
-52.4736
-53.5468
-54.6296
-55.7181
-56.8077
-57.8929
-58.9672
-60.0239
-61.0554
-62.0542
-63.0128
-63.9245
-64.783
-65.5835
-66.3225
-66.998
-67.6095
-68.1581
-68.646
-69.0765
-69.4537
-69.7821
-70.0665
-70.3116
-70.5221
-70.7023
-70.8562
-70.9876
-71.0997
-71.1953
-71.2768
-71.3465
-71.4063
-71.4576
-71.5018
-71.54
-71.5732
-71.6022
-71.6276
-71.65
-71.6699
-71.6877
-71.7038
-71.7182
-71.7315
-71.7436
-71.7548
-71.7652
-71.7749
-71.7841
-71.7928
-71.801
-71.8089
-71.8164
-71.8237
-71.8307
-71.8375
-71.8442
-71.8506
-71.8569
-71.8631
-71.8691
-71.875
-71.8808
-71.8865
-71.8921
-71.8976
-71.9031
-71.9084
-71.9137
-71.9189
-71.9241
-71.9291
-71.9341
-71.939
-71.9439
-71.9486
-71.9533
-71.958
-71.9625
-71.967
-71.9715
-71.9758
-71.9801
-71.9843
-71.9885
-71.9926
-71.9966
-72.0005
-72.0043
-72.0081
-72.0118
-72.0155
-72.019
-72.0225
-72.0259
-72.0292
-72.0325
-72.0356
-72.0387
-72.0417
-72.0447
-72.0475
-72.0503
-72.0529
-72.0555
-72.0581
-72.0605
-72.0628
-72.0651
-72.0672
-72.0693
-72.0713
-72.0732
-72.075
-72.0768
-72.0784
-72.08
-72.0814
-72.0828
-72.0841
-72.0853
-72.0864
-72.0874
-72.0883
-72.0891
-72.0898
-72.0905
-72.091
-72.0915
-72.0918
-72.0921
-72.0923
-72.0923
-72.0923
-72.0922
-72.092
-72.0917
-72.0913
-72.0908
-72.0902
-72.0895
-72.0887
-72.0878
-72.0868
-72.0857
-72.0845
-72.0833
-72.0819
-72.0804
-72.0789
-72.0772
-72.0754
-72.0736
-72.0716
-72.0696
-72.0674
-72.0652
-72.0628
-72.0604
-72.0579
-72.0552
-72.0525
-72.0497
-72.0467
-72.0437
-72.0406
-72.0374
-72.034
-72.0306
-72.0271
-72.0235
-72.0198
-72.016
-72.0121
-72.0081
-72.0041
-71.9999
-71.9956
-71.9912
-71.9868
-71.9822
-71.9775
-71.9728
-71.9679
-71.963
-71.958
-71.9528
-71.9476
-71.9423
-71.9369
-71.9314
-71.9258
-71.9201
-71.9143
-71.9085
-71.9025
-71.8964
-71.8903
-71.8841
-71.8777
-71.8713
-71.8648
-71.8582
-71.8515
-71.8448
-71.8379
-71.8309
-71.8239
-71.8168
-71.8096
-71.8023
-71.7949
-71.7874
-71.7798
-71.7722
-71.7644
-71.7566
-71.7487
-71.7407
-71.7327
-71.7245
-71.7163
-71.708
-71.6996
-71.6911
-71.6825
-71.6739
-71.6651
-71.6563
-71.6474
-71.6385
-71.6294
-71.6203
-71.6111
-71.6018
-71.5924
-71.583
-71.5735
-71.5639
-71.5542
-71.5445
-71.5346
-71.5247
-71.5148
-71.5047
-71.4946
-71.4844
-71.4742
-71.4638
-71.4534
-71.4429
-71.4324
-71.4218
-71.4111
-71.4003
-71.3895
-71.3786
-71.3676
-71.3566
-71.3455
-71.3343
-71.3231
-71.3118
-71.3004
-71.289
-71.2775
-71.266
-71.2543
-71.2427
-71.2309
-71.2191
-71.2072
-71.1953
-71.1833
-71.1712
-71.1591
-71.147
-71.1347
-71.1224
-71.1101
-71.0977
-71.0852
-71.0727
-71.0601
-71.0475
-71.0348
-71.0221
-71.0093
-70.9964
-70.9835
-70.9706
-70.9576
-70.9445
-70.9314
-70.9182
-70.905
-70.8918
-70.8784
-70.8651
-70.8517
-70.8382
-70.8247
-70.8112
-70.7976
-70.7839
-70.7702
-70.7565
-70.7427
-70.7289
-70.715
-70.7011
-70.6872
-70.6732
-70.6592
-70.6451
-70.631
-70.6168
-70.6026
-70.5884
-70.5741
-70.5598
-70.5454
-70.5311
-70.5166
-70.5022
-70.4877
-70.4731
-70.4586
-70.444
-70.4293
-70.4147
-70.4
-70.3852
-70.3705
-70.3557
-70.3408
-70.326
-70.3111
-70.2961
-70.2812
-70.2662
-70.2512
-70.2362
-70.2211
-70.206
-70.1909
-70.1757
-70.1606
-70.1454
-70.1301
-70.1149
-70.0996
-70.0843
-70.069
-70.0537
-70.0383
-70.0229
-70.0075
-69.9921
-69.9766
-69.9612
-69.9457
-69.9302
-69.9147
-69.8991
-69.8835
-69.868
-69.8524
-69.8368
-69.8211
-69.8055
-69.7898
-69.7741
-69.7584
-69.7427
-69.727
-69.7113
-69.6955
-69.6798
-69.664
-69.6482
-69.6324
-69.6166
-69.6008
-69.585
-69.5691
-69.5533
-69.5374
-69.5216
-69.5057
-69.4898
-69.4739
-69.458
-69.4421
-69.4262
-69.4103
-69.3944
-69.3784
-69.3625
-69.3466
-69.3306
-69.3147
-69.2987
-69.2828
-69.2668
-69.2509
-69.2349
-69.219
-69.203
-69.187
-69.1711
-69.1551
-69.1391
-69.1232
-69.1072
-69.0913
-69.0753
-69.0593
-69.0434
-69.0274
-69.0115
-68.9955
-68.9796
-68.9636
-68.9477
-68.9318
-68.9158
-68.8999
-68.884
-68.8681
-68.8522
-68.8363
-68.8204
-68.8045
-68.7886
-68.7727
-68.7569
-68.741
-68.7251
-68.7093
-68.6935
-68.6776
-68.6618
-68.646
-68.6302
-68.6144
-68.5987
-68.5829
-68.5671
-68.5514
-68.5357
-68.5199
-68.5042
-68.4885
-68.4729
-68.4572
-68.4415
-68.4259
-68.4103
-68.3946
-68.379
-68.3635
-68.3479
-68.3323
-68.3168
-68.3013
-68.2858
-68.2703
-68.2548
-68.2393
-68.2239
-68.2084
-68.193
-68.1776
-68.1623
-68.1469
-68.1315
-68.1162
-68.1009
-68.0856
-68.0704
-68.0551
-68.0399
-68.0247
-68.0095
-67.9943
-67.9792
-67.964
-67.9489
-67.9338
-67.9188
-67.9037
-67.8887
-67.8737
-67.8587
-67.8438
-67.8288
-67.8139
-67.799
-67.7841
-67.7693
-67.7545
-67.7397
-67.7249
-67.7101
-67.6954
-67.6807
-67.666
-67.6513
-67.6367
-67.6221
-67.6075
-67.5929
-67.5784
-67.5639
-67.5494
-67.535
-67.5205
-67.5061
-67.4917
-67.4774
-67.4631
-67.4488
-67.4345
-67.4202
-67.406
-67.3918
-67.3777
-67.3635
-67.3494
-67.3353
-67.3213
-67.3072
-67.2933
-67.2793
-67.2653
-67.2514
-67.2375
-67.2237
-67.2099
-67.1961
-67.1823
-67.1685
-67.1548
-67.1411
-67.1275
-67.1139
-67.1003
-67.0867
-67.0732
-67.0597
-67.0462
-67.0328
-67.0194
-67.006
-66.9927
-66.9793
-66.9661
-66.9528
-66.9396
-66.9264
-66.9133
-66.9001
-66.887
-66.874
-66.861
-66.848
-66.835
-66.8221
-66.8092
-66.7963
-66.7835
-66.7707
-66.7579
-66.7452
-66.7325
-66.7198
-66.7072
-66.6946
-66.682
-66.6694
-66.6569
-66.6445
-66.632
-66.6196
-66.6073
-66.5949
-66.5826
-66.5704
-66.5582
-66.546
-66.5338
-66.5217
-66.5096
-66.4975
-66.4855
-66.4736
-66.4616
-66.4497
-66.4378
-66.426
-66.4142
-66.4024
-66.3907
-66.379
-66.3673
-66.3557
-66.3441
-66.3326
-66.321
-66.3096
-66.2981
-66.2867
-66.2753
-66.264
-66.2527
-66.2414
-66.2302
-66.219
-66.2078
-66.1967
-66.1856
-66.1746
-66.1636
-66.1526
-66.1417
-66.1308
-66.1199
-66.1091
-66.0983
-66.0876
-66.0769
-66.0662
-66.0555
-66.045
-66.0344
-66.0239
-66.0134
-66.003
-65.9926
-65.9822
-65.9719
-65.9616
-65.9513
-65.9411
-65.931
-65.9208
-65.9107
-65.9007
-65.8907
-65.8807
-65.8708
-65.8609
-65.851
-65.8412
-65.8314
-65.8216
-65.8119
-65.8023
-65.7926
-65.783
-65.7735
-65.764
-65.7545
-65.7451
-65.7357
-65.7263
-65.717
-65.7077
-65.6985
-65.6893
-65.6801
-65.671
-65.6619
-65.6528
-65.6438
-65.6349
-65.626
-65.6171
-65.6082
-65.5994
-65.5907
-65.582
-65.5733
-65.5646
-65.556
-65.5475
-65.539
-65.5305
-65.522
-65.5137
-65.5053
-65.497
-65.4887
-65.4805
-65.4723
-65.4642
-65.4561
-65.448
-65.44
-65.432
-65.424
-65.4161
-65.4083
-65.4005
-65.3927
-65.3849
-65.3772
-65.3696
-65.3619
-65.3544
-65.3468
-65.3393
-65.3319
-65.3245
-65.3171
-65.3097
-65.1671
-64.9365
-64.6412
-64.2956
-63.9102
-63.493
-63.0503
-62.5871
-62.1075
-61.6149
-61.1121
-60.6011
-60.084
-59.5621
-59.0367
-58.5088
-57.9792
-57.4485
-56.9172
-56.3857
-55.8541
-55.3225
-54.7911
-54.2596
-53.7277
-53.1953
-52.6619
-52.1268
-51.5896
-51.0492
-50.5049
-49.9556
-49.4001
-48.8369
-48.2646
-47.6812
-47.085
-46.4735
-45.8442
-45.1944
-44.5207
-43.8195
-43.0867
-42.3176
-41.5069
-40.6486
-39.7358
-38.7605
-37.7139
-36.5856
-35.364
-34.0356
-32.5854
-30.996
-29.2482
-27.3207
-25.1903
-22.8325
-20.2225
-17.3371
-14.1573
-10.6723
-6.88444
-2.81566
1.48714
5.948
10.4622
14.9024
19.1311
23.0178
26.4556
29.3748
31.7485
33.5905
34.9459
35.8791
36.4611
36.7607
36.8384
36.7436
36.5151
36.1822
35.7664
35.2833
34.7443
34.1576
33.5295
32.8646
32.1669
31.4392
30.6843
29.9046
29.1019
28.2784
27.4356
26.5753
25.699
24.8082
23.9043
22.9886
22.0625
21.127
20.1834
19.2328
18.2761
17.3144
16.3486
15.3795
14.408
13.4348
12.4607
11.4863
10.5122
9.539
8.56727
7.59747
6.63005
5.66542
4.70397
3.74603
2.79192
1.8419
0.896233
-0.0448677
-0.981207
-1.91262
-2.83895
-3.7601
-4.67595
-5.58641
-6.49143
-7.39096
-8.28497
-9.17344
-10.0564
-10.9338
-11.8058
-12.6723
-13.5334
-14.3892
-15.2397
-16.0852
-16.9256
-17.7611
-18.5919
-19.4181
-20.2399
-21.0575
-21.8711
-22.681
-23.4874
-24.2907
-25.0911
-25.889
-26.6847
-27.4788
-28.2717
-29.0638
-29.8558
-30.6481
-31.4414
-32.2364
-33.0339
-33.8345
-34.6391
-35.4486
-36.2639
-37.086
-37.9158
-38.7544
-39.603
-40.4625
-41.334
-42.2188
-43.1178
-44.032
-44.9625
-45.9099
-46.8748
-47.8578
-48.8587
-49.8775
-50.9133
-51.9648
-53.0302
-54.1068
-55.1912
-56.2792
-57.3657
-58.4448
-59.5099
-60.5538
-61.569
-62.548
-63.4837
-64.3694
-65.1996
-65.9701
-66.6781
-67.3223
-67.903
-68.4218
-68.8815
-69.2857
-69.6388
-69.9454
-70.2102
-70.4381
-70.6335
-70.8006
-70.9433
-71.065
-71.1688
-71.2573
-71.333
-71.3976
-71.4531
-71.5008
-71.5419
-71.5776
-71.6087
-71.6358
-71.6597
-71.6808
-71.6997
-71.7165
-71.7317
-71.7455
-71.7582
-71.7698
-71.7806
-71.7906
-71.8
-71.8089
-71.8173
-71.8253
-71.833
-71.8404
-71.8475
-71.8544
-71.8611
-71.8676
-71.874
-71.8801
-71.8862
-71.8921
-71.898
-71.9037
-71.9093
-71.9149
-71.9203
-71.9257
-71.931
-71.9362
-71.9413
-71.8102
-71.6001
-71.3386
-71.0423
-70.7223
-70.3865
-70.0407
-69.6892
-69.3353
-68.9814
-68.6295
-68.2809
-67.9368
-67.5979
-67.265
-66.9384
-66.6186
-66.3057
-66
-65.7015
-65.4103
-65.1265
-64.85
-64.5807
-64.3186
-64.0636
-63.8157
-63.5746
-63.3404
-63.1128
-62.8918
-62.6771
-62.4688
-62.2666
-62.0703
-61.88
-61.6954
-61.5164
-61.3428
-61.1746
-61.0115
-60.8536
-60.7005
-60.5524
-60.4089
-60.27
-60.1355
-60.0054
-59.8796
-59.7579
-59.6403
-59.5266
-59.4167
-59.3106
-59.2081
-59.1092
-59.0138
-58.9217
-58.833
-58.7475
-58.6651
-58.5858
-58.5095
-58.4361
-58.3656
-58.2979
-58.2329
-58.1706
-58.1108
-58.0537
-57.999
-57.9467
-57.8968
-57.8492
-57.8039
-57.7608
-57.7198
-57.681
-57.6443
-57.6096
-57.5769
-57.5461
-57.5173
-57.4903
-57.4651
-57.4417
-57.4201
-57.4002
-57.382
-57.3654
-57.3504
-57.337
-57.3251
-57.3148
-57.3059
-57.2985
-57.2926
-57.288
-57.2848
-57.2829
-57.2824
-57.2831
-57.2851
-57.2883
-57.2928
-57.2984
-57.3052
-57.3132
-57.3223
-57.3324
-57.3437
-57.3559
-57.3693
-57.3836
-57.3989
-57.4152
-57.4325
-57.4506
-57.4697
-57.4897
-57.5105
-57.5322
-57.5548
-57.5781
-57.6023
-57.6272
-57.6529
-57.6793
-57.7065
-57.7343
-57.7629
-57.7921
-57.822
-57.8526
-57.8838
-57.9156
-57.948
-57.981
-58.0145
-58.0487
-58.0833
-58.1185
-58.1542
-58.1904
-58.2271
-58.2643
-58.3019
-58.3399
-58.3784
-58.4173
-58.4567
-58.4964
-58.5365
-58.5769
-58.6177
-58.6589
-58.7004
-58.7422
-58.7843
-58.8267
-58.8695
-58.9124
-58.9557
-58.9992
-59.0429
-59.0869
-59.1311
-59.1756
-59.2202
-59.265
-59.31
-59.3552
-59.4005
-59.446
-59.4917
-59.5375
-59.5834
-59.6294
-59.6756
-59.7218
-59.7682
-59.8146
-59.8611
-59.9077
-59.9544
-60.0011
-60.0479
-60.0947
-60.1416
-60.1885
-60.2354
-60.2823
-60.3292
-60.3762
-60.4231
-60.4701
-60.517
-60.5639
-60.6107
-60.6576
-60.7044
-60.7512
-60.7979
-60.8446
-60.8912
-60.9377
-60.9842
-61.0306
-61.0769
-61.1232
-61.1694
-61.2154
-61.2614
-61.3073
-61.3531
-61.3988
-61.4444
-61.4899
-61.5352
-61.5805
-61.6256
-61.6706
-61.7154
-61.7601
-61.8047
-61.8492
-61.8935
-61.9377
-61.9817
-62.0256
-62.0693
-62.1129
-62.1563
-62.1995
-62.2426
-62.2856
-62.3283
-62.3709
-62.4133
-62.4556
-62.4977
-62.5396
-62.5813
-62.6229
-62.5395
-62.3784
-62.1625
-61.9059
-61.6186
-61.3078
-60.9793
-60.6375
-60.286
-59.9276
-59.5646
-59.1987
-58.8316
-58.4643
-58.098
-57.7334
-57.3712
-57.0119
-56.6561
-56.3041
-55.9563
-55.6127
-55.2737
-54.9393
-54.6097
-54.2849
-53.9649
-53.6498
-53.3394
-53.0338
-52.7329
-52.4365
-52.1445
-51.8568
-51.5732
-51.2935
-51.0176
-50.7453
-50.4763
-50.2104
-49.9474
-49.687
-49.429
-49.1731
-48.919
-48.6665
-48.4152
-48.1648
-47.9151
-47.6657
-47.4162
-47.1664
-46.9158
-46.664
-46.4108
-46.1556
-45.8981
-45.6379
-45.3744
-45.1072

