-65
-64.9994
-64.9988
-64.9982
-64.9977
-64.9971
-64.9965
-64.996
-64.9954
-64.9949
-64.9943
-64.9938
-64.9932
-64.9927
-64.9922
-64.9917
-64.9912
-64.9906
-64.9901
-64.9896
-64.9891
-64.9886
-64.9881
-64.9876
-64.9872
-64.9867
-64.9862
-64.9857
-64.9852
-64.9848
-64.9843
-64.9838
-64.9834
-64.9829
-64.9825
-64.982
-64.9816
-64.9811
-64.9807
-64.9802
-64.9798
-64.9794
-64.9789
-64.9785
-64.9781
-64.9777
-64.9772
-64.9768
-64.9764
-64.976
-64.9756
-64.9752
-64.9748
-64.9744
-64.974
-64.9736
-64.9732
-64.9728
-64.9725
-64.9721
-64.9717
-64.9713
-64.971
-64.9706
-64.9702
-64.9699
-64.9695
-64.9692
-64.9688
-64.9685
-64.9681
-64.9678
-64.9675
-64.9671
-64.9668
-64.9665
-64.9661
-64.9658
-64.9655
-64.9652
-64.9649
-64.9646
-64.9642
-64.9639
-64.9636
-64.9633
-64.963
-64.9628
-64.9625
-64.9622
-64.9619
-64.9616
-64.9613
-64.9611
-64.9608
-64.9605
-64.9603
-64.96
-64.9598
-64.9595
-64.9592
-64.959
-64.9588
-64.9585
-64.9583
-64.958
-64.9578
-64.9576
-64.9573
-64.9571
-64.9569
-64.9567
-64.9565
-64.9562
-64.956
-64.9558
-64.9556
-64.9554
-64.9552
-64.955
-64.9548
-64.9546
-64.9545
-64.9543
-64.9541
-64.9539
-64.9537
-64.9536
-64.9534
-64.9532
-64.9531
-64.9529
-64.9527
-64.9526
-64.9524
-64.9523
-64.9521
-64.952
-64.9519
-64.9517
-64.9516
-64.9514
-64.9513
-64.9512
-64.9511
-64.9509
-64.9508
-64.9507
-64.9506
-64.9505
-64.9504
-64.9503
-64.9502
-64.95
-64.9499
-64.9499
-64.9498
-64.9497
-64.9496
-64.9495
-64.9494
-64.9493
-64.9492
-64.9492
-64.9491
-64.949
-64.9489
-64.9489
-64.9488
-64.9487
-64.9487
-64.9486
-64.9486
-64.9485
-64.9485
-64.9484
-64.9484
-64.9483
-64.9483
-64.9482
-64.9482
-64.9482
-64.9481
-64.9481
-64.9481
-64.948
-64.948
-64.948
-64.948
-64.948
-64.9479
-64.9479
-64.9479
-64.9479
-64.9479
-64.9479
-64.9479
-64.9479
-64.9479
-64.9479
-64.9479
-64.9479
-64.9479
-64.9479
-64.9479
-64.9479
-64.9479
-64.9479
-64.948
-64.948
-64.948
-64.948
-64.9481
-64.9481
-64.9481
-64.9481
-64.9482
-64.9482
-64.9482
-64.9483
-64.9483
-64.9483
-64.9484
-64.9484
-64.9485
-64.9485
-64.9486
-64.9486
-64.9487
-64.9487
-64.9488
-64.9488
-64.9489
-64.9489
-64.949
-64.9491
-64.9491
-64.9492
-64.9492
-64.9493
-64.9494
-64.9494
-64.9495
-64.9496
-64.9497
-64.9497
-64.9498
-64.9499
-64.95
-64.95
-64.9501
-64.9502
-64.9503
-64.9504
-64.9504
-64.9505
-64.9506
-64.9507
-64.9508
-64.9509
-64.951
-64.951
-64.9511
-64.9512
-64.9513
-64.9514
-64.9515
-64.9516
-64.9517
-64.9518
-64.9519
-64.952
-64.9521
-64.9522
-64.9523
-64.9524
-64.9525
-64.9526
-64.9527
-64.9528
-64.9529
-64.953
-64.9532
-64.9533
-64.9534
-64.9535
-64.9536
-64.9537
-64.9538
-64.9539
-64.954
-64.9542
-64.9543
-64.9544
-64.9545
-64.9546
-64.9547
-64.9548
-64.955
-64.9551
-64.9552
-64.9553
-64.9554
-64.9556
-64.9557
-64.9558
-64.9559
-64.956
-64.9562
-64.9563
-64.9564
-64.9565
-64.9566
-64.9568
-64.9569
-64.957
-64.9571
-64.9573
-64.9574
-64.9575
-64.9576
-64.9578
-64.9579
-64.958
-64.9581
-64.9583
-64.9584
-64.9585
-64.9587
-64.9588
-64.9589
-64.959
-64.9592
-64.9593
-64.9594
-64.9595
-64.9597
-64.9598
-64.9599
-64.96
-64.9602
-64.9603
-64.9604
-64.9606
-64.9607
-64.9608
-64.9609
-64.9611
-64.9612
-64.9613
-64.9614
-64.9616
-64.9617
-64.9618
-64.962
-64.9621
-64.9622
-64.9623
-64.9625
-64.9626
-64.9627
-64.9628
-64.963
-64.9631
-64.9632
-64.9633
-64.9635
-64.9636
-64.9637
-64.9638
-64.964
-64.9641
-64.9642
-64.9643
-64.9645
-64.9646
-64.9647
-64.9648
-64.9649
-64.9651
-64.9652
-64.9653
-64.9654
-64.9655
-64.9657
-64.9658
-64.9659
-64.966
-64.8315
-64.6095
-64.323
-63.9865
-63.6103
-63.2024
-62.7689
-62.315
-61.8447
-61.3613
-60.8675
-60.3656
-59.8573
-59.3441
-58.8273
-58.3078
-57.7865
-57.2639
-56.7405
-56.2166
-55.6924
-55.1681
-54.6436
-54.1188
-53.5934
-53.0672
-52.5396
-52.0101
-51.4781
-50.9427
-50.403
-49.858
-49.3063
-48.7466
-48.1773
-47.5966
-47.0025
-46.3928
-45.7648
-45.1157
-44.4423
-43.7408
-43.007
-42.2364
-41.4234
-40.5621
-39.6454
-38.6655
-37.6133
-36.4784
-35.2491
-33.9118
-32.4514
-30.8505
-29.0899
-27.1483
-25.0025
-22.6284
-20.0016
-17.0995
-13.9044
-10.4067
-6.61081
-2.54077
1.75432
6.19675
10.6812
15.0812
19.2623
23.0978
26.4856
29.3602
31.6974
33.5118
34.8482
35.7692
36.3442
36.6401
36.7161
36.6207
36.3921
36.0592
35.6434
35.1603
34.6212
34.0344
33.4062
32.7413
32.0435
31.316
30.5614
29.7821
28.98
28.1572
27.3153
26.456
25.5809
24.6915
23.789
22.875
21.9505
21.0169
20.0753
19.1266
18.1721
17.2126
16.249
15.2822
14.3131
13.3423
12.3706
11.3986
10.4269
9.45613
8.48679
7.51938
6.55432
5.59202
4.63286
3.67717
2.72525
1.77738
0.833803
-0.10527
-1.03964
-1.96916
-2.89366
-3.81305
-4.72722
-5.63608
-6.53958
-7.43767
-8.33032
-9.21752
-10.0993
-10.9756
-11.8465
-12.7121
-13.5723
-14.4274
-15.2773
-16.1222
-16.9621
-17.7972
-18.6277
-19.4538
-20.2755
-21.0931
-21.9068
-22.7169
-23.5237
-24.3274
-25.1283
-25.8855
-26.6186
-27.3362
-28.0427
-28.741
-29.4327
-30.1192
-30.8016
-31.4806
-32.1571
-32.8319
-33.5057
-34.1792
-34.8531
-35.5282
-36.2052
-36.8849
-37.5681
-38.2554
-38.9478
-39.6459
-40.3504
-41.0621
-41.7816
-42.5096
-43.2464
-43.9924
-44.7479
-45.5128
-46.287
-47.0699
-47.8608
-48.6583
-49.4609
-50.2665
-51.0724
-51.8757
-52.6726
-53.4593
-54.2314
-54.9843
-55.7132
-56.4136
-57.0812
-57.712
-58.3028
-58.8511
-59.3553
-59.8147
-60.2293
-60.6
-60.9285
-61.217
-61.468
-61.6844
-61.8693
-62.0257
-62.1568
-62.2655
-62.3544
-62.4263
-62.4832
-62.5275
-62.561
-62.5852
-62.6018
-62.6118
-62.6165
-62.6168
-62.6135
-62.6073
-62.5987
-62.5884
-62.5767
-62.564
-62.5506
-62.5368
-62.5227
-62.5086
-62.4946
-62.4809
-62.4675
-62.4546
-62.4422
-62.4303
-62.4191
-62.4085
-62.3986
-62.3895
-62.381
-62.3733
-62.3664
-62.3602
-62.3547
-62.3501
-62.3462
-62.343
-62.3406
-62.3389
-62.3379
-62.3377
-62.3382
-62.3394
-62.3413
-62.3438
-62.3471
-62.351
-62.3555
-62.3607
-62.3665
-62.3729
-62.3799
-62.3875
-62.3957
-62.4044
-62.4137
-62.4236
-62.4339
-62.4448
-62.4562
-62.4681
-62.4805
-62.4933
-62.5066
-62.5204
-62.5346
-62.5492
-62.5643
-62.5797
-62.5956
-62.6118
-62.6285
-62.6455
-62.6629
-62.6806
-62.6987
-62.7171
-62.7358
-62.7549
-62.7742
-62.7939
-62.8139
-62.8341
-62.8546
-62.8754
-62.8965
-62.9178
-62.9394
-62.9612
-62.9832
-63.0055
-63.0279
-63.0506
-63.0735
-63.0966
-63.1199
-63.1434
-63.167
-63.1909
-63.2149
-63.239
-63.2633
-63.2878
-63.3124
-63.3371
-63.362
-63.387
-63.4121
-63.4373
-63.4627
-63.4882
-63.5137
-63.5394
-63.5651
-63.591
-63.6169
-63.6429
-63.669
-63.6951
-63.7213
-63.7476
-63.7739
-63.8003
-63.8268
-63.8532
-63.7578
-63.5905
-63.3752
-63.1264
-62.8538
-62.5646
-62.264
-61.9561
-61.6438
-61.3296
-61.0153
-60.7024
-60.392
-60.0849
-59.7819
-59.4836
-59.1904
-58.9025
-58.6204
-58.3442
-58.074
-57.81
-57.5522
-57.3006
-57.0553
-56.8163
-56.5834
-56.3568
-56.1362
-55.9217
-55.7131
-55.5104
-55.3135
-55.1223
-54.9366
-54.7563
-54.5814
-54.4117
-54.2472
-54.0876
-53.9329
-53.783
-53.6377
-53.497
-53.3607
-53.2288
-53.101
-52.9774
-52.8578
-52.7421
-52.6302
-52.5221
-52.4175
-52.3166
-52.2191
-52.1249
-52.0341
-51.9465
-51.862
-51.7807
-51.7023
-51.6269
-51.5544
-51.4847
-51.3221
-51.1074
-50.8596
-50.5898
-50.3054
-50.0116
-49.712
-49.4092
-49.1054
-48.8019
-48.4997
-48.1998
-47.9025
-47.6083
-47.3174
-47.03
-46.7461
-46.4658
-46.1891
-45.9158
-45.6458
-45.3791
-45.1155
-44.8548
-44.5968
-44.3414
-44.0884
-43.8376
-43.5887
-43.3415
-43.0959
-42.8516
-42.6084
-42.366
-42.1242
-41.8829
-41.6417
-41.4004
-41.1588
-40.9167
-40.6737
-40.4297
-40.1845
-39.9377
-39.689
-39.4384
-39.1853
-38.9297
-38.6712
-38.4096
-38.1445
-37.8756
-37.6026
-37.3253
-37.0432
-36.7561
-36.4636
-36.1653
-35.8608
-35.5498
-35.2318
-34.9065
-34.5733
-34.2318
-33.8816
-33.5221
-33.1529
-32.7734
-32.3829
-31.9811
-31.5671
-31.1405
-30.7006
-30.2466
-29.778
-29.2939
-28.7936
-28.2764
-27.7415
-27.1879
-26.615
-26.0219
-25.4076
-24.7714
-24.1125
-23.4299
-22.7229
-21.9907
-21.2327
-20.4484
-19.6373
-18.7993
-17.9346
-17.0435
-16.1273
-15.1875
-14.2265
-13.2477
-12.2556
-11.2559
-10.2557
-9.26353
-8.28933
-7.34418
-6.44002
-5.58915
-4.80364
-4.09468
-3.47193
-2.94305
-2.51334
-2.18557
-1.96008
-1.83498
-1.80655
-1.86959
-2.01793
-2.24474
-2.54298
-2.90558
-3.32569
-3.79682
-4.31291
-4.86841
-5.45825
-6.07784
-6.72306
-7.39024
-8.07608
-8.77765
-9.49234
-10.2178
-10.9521
-11.6932
-12.4397
-13.19
-13.943
-14.6973
-15.4522
-16.2067
-16.96
-17.7114
-18.4605
-19.2066
-19.9494
-20.6885
-21.4236
-22.1544
-22.8807
-23.6024
-24.3195
-25.0317
-25.7392
-26.4418
-27.1398
-27.833
-28.5218
-29.2061
-29.8861
-30.5622
-31.2344
-31.9031
-32.5685
-33.2309
-33.8907
-34.5482
-35.2037
-35.8577
-36.5106
-37.1627
-37.8147
-38.4668
-39.1197
-39.7737
-40.4294
-41.0874
-41.7481
-42.412
-43.0797
-43.7517
-44.4285
-45.1105
-45.7982
-46.492
-47.1922
-47.8991
-48.613
-49.3338
-50.0615
-50.7961
-51.5371
-52.2839
-53.0359
-53.792
-54.5509
-55.3109
-56.0701
-56.8263
-57.5769
-58.3189
-59.0493
-59.7646
-60.4615
-61.1363
-61.7859
-62.4069
-62.9967
-63.553
-64.0741
-64.5587
-65.0066
-65.4177
-65.793
-66.1336
-66.4411
-66.7176
-66.9653
-67.1864
-67.3834
-67.5585
-67.7141
-67.8522
-67.9748
-68.0837
-68.1807
-68.2672
-68.3446
-68.414
-68.4764
-68.5329
-68.5841
-68.6308
-68.6736
-68.7131
-68.7496
-68.7835
-68.8153
-68.8451
-68.8732
-68.8999
-68.9254
-68.9497
-68.973
-68.9955
-69.0172
-69.0383
-69.0588
-69.0788
-69.0983
-69.1173
-69.136
-69.1544
-69.1724
-69.1902
-69.2077
-69.225
-69.242
-69.2588
-69.2755
-69.2919
-69.3082
-69.3244
-69.3403
-69.3561
-69.3718
-69.3873
-69.4027
-69.418
-69.4331
-69.4481
-69.463
-69.4778
-69.4924
-69.5069
-69.5213
-69.5356
-69.5498
-69.5638
-69.5778
-69.5916
-69.6053
-69.6188
-69.6323
-69.6456
-69.6589
-69.672
-69.685
-69.6979
-69.7106
-69.7233
-69.7358
-69.7482
-69.7605
-69.7727
-69.7848
-69.7967
-69.8085
-69.8203
-69.8318
-69.8433
-69.8547
-69.8659
-69.877
-69.888
-69.8989
-69.9096
-69.9202
-69.9308
-69.9411
-69.9514
-69.9615
-69.9716
-69.9815
-69.9912
-70.0009
-70.0104
-70.0198
-70.0291
-70.0383
-70.0473
-70.0563
-70.0651
-70.0737
-70.0823
-70.0907
-70.099
-70.1072
-70.1152
-70.1232
-70.131
-70.1387
-70.1462
-70.1537
-70.161
-70.1682
-70.1753
-70.1822
-70.189
-70.1957
-70.2023
-70.2088
-70.2151
-70.2213
-70.2274
-70.2334
-70.2392
-70.2449
-70.2505
-70.256
-70.2614
-70.2666
-70.2717
-70.2767
-70.2816
-70.2864
-70.291
-70.2955
-70.2999
-70.3042
-70.3083
-70.3124
-70.3163
-70.3201
-70.3238
-70.3273
-70.3308
-70.3341
-70.3373
-70.3404
-70.3434
-70.3462
-70.349
-70.3516
-70.3541
-70.3565
-70.3588
-70.361
-70.363
-70.3649
-70.3668
-70.3685
-70.3701
-70.3716
-70.3729
-70.3742
-70.3753
-70.2349
-70.0058
-69.7139
-69.3754
-69.0016
-68.6011
-68.1805
-67.7451
-67.2992
-66.846
-66.3883
-65.9283
-65.4679
-65.0086
-64.5516
-64.0979
-63.6485
-63.204
-62.765
-62.332
-61.9055
-61.4858
-61.0732
-60.6678
-60.27
-59.8797
-59.4971
-59.1223
-58.7553
-58.396
-58.0446
-57.7008
-57.3647
-57.0362
-56.7152
-56.4015
-56.0951
-55.7958
-55.5034
-55.2179
-54.9389
-54.6665
-54.4003
-54.1401
-53.8859
-53.6374
-53.3944
-53.1567
-52.9242
-52.6965
-52.4735
-52.255
-52.0408
-51.8307
-51.6245
-51.422
-51.2229
-51.0271
-50.8344
-50.6445
-50.4574
-50.2727
-50.0903
-49.91
-49.7317
-49.555
-49.3799
-49.2061
-49.0334
-48.8618
-48.6908
-48.5205
-48.3506
-48.1808
-48.0111
-47.8411
-47.6708
-47.4998
-47.3281
-47.1553
-46.9813
-46.8058
-46.6286
-46.4495
-46.2681
-46.0843
-45.8978
-45.7082
-45.5154
-45.3189
-45.1184
-44.9136
-44.7041
-44.4895
-44.2694
-44.0433
-43.8108
-43.5714
-43.3244
-43.0694
-42.8056
-42.5325
-42.2492
-41.9551
-41.6492
-41.3306
-40.9984
-40.6514
-40.2886
-39.9086
-39.5102
-39.0917
-38.6517
-38.1884
-37.7
-37.1843
-36.6391
-36.0622
-35.4509
-34.8023
-34.1136
-33.3816
-32.6027
-31.7733
-30.8897
-29.9477
-28.9432
-27.872
-26.7297
-25.5121
-24.2152
-22.8354
-21.3696
-19.8156
-18.1723
-16.4403
-14.622
-12.7223
-10.7489
-8.7131
-6.62964
-4.51739
-2.39918
-0.301496
1.74622
3.71275
5.56671
7.2784
8.82181
10.1763
11.3279
12.2699
13.0024
13.5319
13.8696
14.0301
14.03
13.8867
13.6174
13.2381
12.7638
12.2078
11.5818
10.8962
10.1598
9.38044
8.56468
7.71825
6.84609
5.95249
5.04117
4.11535
3.17789
2.23124
1.27761
0.318914
-0.643164
-1.60713
-2.57166
-3.5356
-4.49793
-5.45776
-6.4143
-7.36687
-8.31488
-9.25782
-10.1953
-11.1268
-12.0522
-12.9711
-13.8834
-14.7888
-15.6874
-16.5789
-17.4634
-18.3409
-19.2113
-20.0748
-20.9314
-21.7813
-22.6246
-23.4614
-24.292
-25.1167
-25.9356
-26.7491
-27.5575
-28.3612
-29.1605
-29.9559
-30.7478
-31.5366
-32.323
-33.1075
-33.8906
-34.6729
-35.4552
-36.2381
-37.0224
-37.8086
-38.5978
-39.3905
-40.1876
-40.99
-41.7984
-42.6137
-43.4366
-44.2681
-45.1087
-45.9591
-46.8201
-47.6919
-48.5752
-49.4699
-50.3763
-51.2939
-52.2224
-53.1609
-54.1083
-55.063
-56.023
-56.9858
-57.9484
-58.9074
-59.8589
-60.7985
-61.7215
-62.623
-63.4979
-64.3414
-65.1487
-65.9155
-66.6383
-67.3141
-67.9411
-68.5183
-69.0455
-69.5236
-69.9542
-70.3395
-70.6823
-70.9856
-71.2529
-71.4873
-71.6923
-71.871
-72.0264
-72.1614
-72.2785
-72.3799
-72.4678
-72.5439
-72.6098
-72.667
-72.7167
-72.7598
-72.7974
-72.8301
-72.8588
-72.8839
-72.9059
-72.9253
-72.9424
-72.9575
-72.971
-72.9829
-72.9936
-73.0032
-73.0118
-73.0196
-73.0266
-73.033
-73.0388
-73.0441
-73.049
-73.0534
-73.0575
-73.0612
-73.0647
-73.0679
-73.0709
-73.0736
-73.0761
-73.0785
-73.0807
-73.0827
-73.0845
-73.0862
-73.0878
-73.0892
-73.0905
-73.0917
-73.0927
-73.0937
-73.0945
-73.0953
-73.0959
-73.0964
-73.0968
-73.0971
-73.0973
-73.0975
-73.0975
-73.0974
-73.0972
-73.0969
-73.0966
-73.0961
-73.0955
-73.0949
-73.0941
-73.0933
-73.0923
-73.0913
-73.0902
-73.0889
-73.0876
-73.0862
-73.0847
-73.0831
-73.0814
-73.0796
-73.0777
-73.0757
-73.0736
-73.0715
-73.0692
-73.0668
-73.0644
-73.0618
-73.0592
-73.0564
-73.0536
-73.0506
-73.0476
-73.0444
-73.0412
-73.0379
-73.0345
-73.0309
-73.0273
-73.0236
-73.0198
-73.0159
-73.0119
-73.0078
-73.0036
-72.9993
-72.9949
-72.9904
-72.9858
-72.9811
-72.9764
-72.9715
-72.9665
-72.9615
-72.9563
-72.951
-72.9457
-72.9402
-72.9347
-72.929
-72.9233
-72.9174
-72.9115
-72.9055
-72.8994
-72.8931
-72.8868
-72.8804
-72.8739
-72.8673
-72.8606
-72.8538
-72.847
-72.84
-72.8329
-72.8257
-72.8185
-72.8111
-72.8037
-72.7962
-72.7885
-72.7808
-72.773
-72.7651
-72.7571
-72.749
-72.7408
-72.7325
-72.7242
-72.7157
-72.7072
-72.6986
-72.6898
-72.681
-72.6721
-72.6631
-72.6541
-72.6449
-72.6356
-72.6263
-72.6169
-72.6074
-72.5978
-72.5881
-72.5783
-72.5684
-72.5585
-72.5485
-72.5384
-72.5282
-72.5179
-72.5075
-72.4971
-72.4865
-72.4759
-72.4652
-72.4545
-72.4436
-72.4327
-72.4217
-72.4106
-72.3994
-72.3881
-72.3768
-72.3654
-72.3539
-72.3423
-72.3307
-72.3189
-72.3071
-72.2953
-72.2833
-72.2713
-72.2592
-72.247
-72.2348
-72.2225
-72.2101
-72.1976
-72.1851
-72.1725
-72.1598
-72.147
-72.1342
-72.1213
-72.1084
-72.0953
-72.0822
-72.0691
-72.0558
-72.0425
-72.0292
-72.0157
-72.0022
-71.9887
-71.9751
-71.9614
-71.9476
-71.9338
-71.9199
-71.906
-71.892
-71.8779
-71.8638
-71.8496
-71.8354
-71.821
-71.8067
-71.7923
-71.7778
-71.7632
-71.7487
-71.734
-71.7193
-71.7045
-71.6897
-71.6749
-71.6599
-71.645
-71.6299
-71.6149
-71.5997
-71.5845
-71.5693
-71.554
-71.5387
-71.5233
-71.5079
-71.4924
-71.4769
-71.4613
-71.4457
-71.43
-71.4143
-71.3985
-71.3827
-71.3669
-71.351
-71.3351
-71.3191
-71.3031
-71.287
-71.2709
-71.2548
-71.2386
-71.2224
-71.2061
-71.1898
-71.1735
-71.1571
-71.1407
-71.1242
-71.1077
-71.0912
-71.0747
-71.0581
-71.0415
-71.0248
-71.0081
-70.9914
-70.9746
-70.9579
-70.941
-70.9242
-70.9073
-70.8904
-70.8735
-70.8565
-70.8395
-70.8225
-70.8054
-70.7884
-70.7713
-70.7541
-70.737
-70.7198
-70.7026
-70.6854
-70.6682
-70.6509
-70.6336
-70.6163
-70.5989
-70.5816
-70.5642
-70.5468
-70.5294
-70.512
-70.4945
-70.477
-70.4596
-70.4421
-70.4245
-70.407
-70.3894
-70.3719
-70.3543
-70.3367
-70.3191
-70.3014
-70.2838
-70.2662
-70.2485
-70.2308
-70.2131
-70.1954
-70.1777
-70.16
-70.1423
-70.1245
-70.1068
-70.089
-70.0713
-70.0535
-70.0357
-70.018
-70.0002
-69.9824
-69.9646
-69.9468
-69.929
-69.9111
-69.8933
-69.8755
-69.8577
-69.8399
-69.822
-69.8042
-69.7864
-69.7685
-69.7507
-69.7329
-69.715
-69.6972
-69.6794
-69.6616
-69.6437
-69.6259
-69.6081
-69.5903
-69.5724
-69.5546
-69.5368
-69.519
-69.5012
-69.4834
-69.4656
-69.4478
-69.4301
-69.4123
-69.2512
-68.9973
-68.6756
-68.3015
-67.8864
-67.4387
-66.9653
-66.4716
-65.9621
-65.4403
-64.9094
-64.3716
-63.8292
-63.2838
-62.7368
-62.1894
-61.6427
-61.0975
-60.5545
-60.0144
-59.4775
-58.9444
-58.4154
-57.8906
-57.3703
-56.8545
-56.3434
-55.8367
-55.3346
-54.8367
-54.343
-53.853
-53.3665
-52.8831
-52.4023
-51.9236
-51.4462
-50.9697
-50.4931
-50.0156
-49.5364
-49.0542
-48.5681
-48.0768
-47.5788
-47.0727
-46.5568
-46.0293
-45.4882
-44.9311
-44.3558
-43.674
-42.918
-42.1014
-41.2303
-40.3073
-39.3321
-38.3024
-37.2144
-36.0625
-34.84
-33.5384
-32.148
-30.658
-29.0559
-27.3284
-25.461
-23.4389
-21.2472
-18.8718
-16.301
-13.5269
-10.5478
-7.37057
-4.01353
-0.508572
3.0974
6.74281
10.3539
13.8498
17.1483
20.1745
22.8665
25.1821
27.1013
28.6261
29.778
30.5925
31.113
31.385
31.452
31.3526
31.119
30.7777
30.3492
29.8496
29.2912
28.6834
28.0335
27.3473
26.6295
25.8838
25.1135
24.3213
23.5096
22.6806
21.8363
20.9784
20.1085
19.2282
18.3388
17.4416
16.5379
15.6288
14.7153
13.7984
12.8789
11.9578
11.0357
10.1135
9.19175
8.27108
7.35206
6.4352
5.52096
4.60978
3.70204
2.79809
1.89824
1.00279
0.111978
-0.773969
-1.65486
-2.53051
-3.40079
-4.26556
-5.12472
-5.97818
-6.82587
-7.66775
-8.50377
-9.33391
-10.1582
-10.9765
-11.789
-12.5957
-13.3966
-14.1917
-14.9812
-15.765
-16.5433
-17.3162
-18.0838
-18.8461
-19.6035
-20.3559
-21.1035
-21.8466
-22.5854
-23.3199
-24.0506
-24.7776
-25.5012
-26.2218
-26.9396
-27.655
-28.3684
-29.0802
-29.7908
-30.5007
-31.2105
-31.9206
-32.6316
-33.3441
-34.0588
-34.7762
-35.4973
-36.2225
-36.9528
-37.6888
-38.4315
-39.1814
-39.9396
-40.7066
-41.4834
-42.2705
-43.0686
-43.8782
-44.6998
-45.5334
-46.3792
-47.2368
-48.1056
-48.9847
-49.8725
-50.7674
-51.6667
-52.5675
-53.4662
-54.3589
-55.2409
-56.1073
-56.9529
-57.7726
-58.5613
-59.3143
-60.0275
-60.6975
-61.3218
-61.8989
-62.4282
-62.9101
-63.3459
-63.7374
-64.0871
-64.3981
-64.6733
-64.9161
-65.1297
-65.3174
-65.4821
-65.6266
-65.7535
-65.8651
-65.9635
-66.0505
-66.1278
-66.1967
-66.2585
-66.3142
-66.3647
-66.4109
-66.4532
-66.4925
-66.529
-66.5632
-66.5954
-66.626
-66.6552
-66.6833
-66.7102
-66.7364
-66.7617
-66.7865
-66.8107
-66.8344
-66.8577
-66.8807
-66.9034
-66.9259
-66.9481
-66.9702
-66.992
-67.0138
-67.0353
-67.0568
-67.0782
-67.0995
-67.1207
-67.1418
-67.1628
-67.1838
-67.2047
-67.2256
-67.2464
-67.2671
-67.2878
-67.3085
-67.3291
-67.3496
-67.3701
-67.3905
-67.4109
-67.4312
-67.4515
-67.4717
-67.4919
-67.512
-67.532
-67.552
-67.5719
-67.5918
-67.6116
-67.6313
-67.651
-67.6706
-67.6902
-67.7096
-67.729
-67.7484
-67.7676
-67.7868
-67.8059
-67.8249
-67.8438
-67.8627
-67.8815
-67.9002
-67.9188
-67.9373
-67.9558
-67.9741
-67.9924
-68.0106
-68.0287
-68.0467
-68.0646
-68.0824
-68.1001
-68.1177
-68.1353
-68.1527
-68.17
-68.1872
-68.2044
-68.2214
-68.2383
-68.2551
-68.2718
-68.2884
-68.305
-68.3214
-68.3376
-68.3538
-68.3699
-68.3859
-68.4017
-68.4175
-68.4331
-68.4486
-68.4641
-68.4794
-68.4946
-68.5096
-68.5246
-68.5394
-68.5542
-68.5688
-68.5833
-68.5977
-68.6119
-68.6261
-68.6401
-68.654
-68.6678
-68.6815
-68.6951
-68.7085
-68.7219
-68.7351
-68.7481
-68.7611
-68.774
-68.7867
-68.7993
-68.8118
-68.8241
-68.8364
-68.8485
-68.8605
-68.8724
-68.8841
-68.8957
-68.9073
-68.9187
-68.9299
-68.9411
-68.9521
-68.963
-68.9738
-68.9844
-68.995
-69.0054
-69.0157
-69.0258
-69.0359
-69.0458
-69.0556
-69.0653
-69.0749
-69.0843
-69.0936
-69.1028
-69.1119
-69.1208
-69.1297
-69.1384
-69.147
-69.1554
-69.1638
-69.172
-69.1801
-69.1881
-69.196
-69.2037
-69.2113
-69.2188
-69.2262
-69.2335
-69.2406
-69.2477
-69.2546
-69.2614
-69.268
-69.2746
-69.281
-69.2873
-69.2935
-69.2996
-69.3056
-69.3114
-69.3172
-69.3228
-69.3283
-69.3337
-69.339
-69.3441
-69.3492
-69.3541
-69.3589
-69.3636
-69.3682
-69.3727
-69.377
-69.3813
-69.3854
-69.3895
-69.3934
-69.3972
-69.4009
-69.4044
-69.4079
-69.4113
-69.4145
-69.4177
-69.2807
-69.0555
-68.7676
-68.4328
-68.0623
-67.6646
-67.2462
-66.8124
-66.3673
-65.9143
-65.4561
-64.9949
-64.5326
-64.0707
-63.6105
-63.1529
-62.6988
-62.2491
-61.8043
-61.3649
-60.9313
-60.5039
-60.0831
-59.6689
-59.2617
-58.8615
-58.4685
-58.0827
-57.7041
-57.3328
-56.9687
-56.6117
-56.2619
-55.919
-55.5831
-55.2539
-54.9313
-54.6152
-54.3053
-54.0015
-53.7036
-53.4113
-53.1245
-52.8429
-52.5662
-52.2943
-52.0269
-51.7636
-51.5043
-51.2487
-50.9964
-50.7472
-50.5009
-50.2571
-50.0155
-49.7758
-49.5377
-49.3009
-49.0651
-48.8299
-48.5951
-48.3602
-48.125
-47.889
-47.6519
-47.4133
-47.1728
-46.93
-46.6845
-46.4358
-46.1834
-45.927
-45.6658
-45.3994
-45.1273
-44.8488
-44.5631
-44.2698
-43.9679
-43.6567
-43.3354
-43.0029
-42.6583
-42.3006
-41.9284
-41.5406
-41.1358
-40.7124
-40.2689
-39.8033
-39.3139
-38.7983
-38.2543
-37.6794
-37.0707
-36.4252
-35.7396
-35.0104
-34.2335
-33.4048
-32.5196
-31.5731
-30.5602
-29.4752
-28.3124
-27.066
-25.73
-24.2986
-22.7662
-21.1282
-19.3805
-17.5209
-15.5489
-13.4669
-11.2806
-8.99962
-6.63853
-4.21714
-1.76084
0.699534
3.1283
5.48626
7.73264
9.82757
11.735
13.4253
14.8777
16.081
17.0342
17.7448
18.2273
18.5012
18.5882
18.5109
18.2912
17.9491
17.5029
16.9683
16.359
15.6866
14.9608
14.1899
13.3809
12.5397
11.6713
10.7801
9.86976
8.94358
8.00435
7.05457
6.09642
5.13185
4.16256
3.19009
2.21581
1.24091
0.266471
-0.706549
-1.67731
-2.64505
-3.60913
-4.56895
-5.52402
-6.4739
-7.4182
-8.35662
-9.28887
-10.2147
-11.134
-12.0466
-12.9523
-13.8511
-14.743
-15.6278
-16.5058
-17.3767
-18.2409
-19.0982
-19.9489
-20.793
-21.6307
-22.4622
-23.2876
-24.1073
-24.9215
-25.7304
-26.5343
-27.3337
-28.1287
-28.9199
-29.7077
-30.4924
-31.2747
-32.0549
-32.8337
-33.6117
-34.3895
-35.1676
-35.9469
-36.728
-37.5117
-38.2987
-39.0899
-39.886
-40.6879
-41.4964
-42.3124
-43.1367
-43.9701
-44.8133
-45.667
-46.5319
-47.4085
-48.2971
-49.198
-50.1111
-51.0362
-51.9728
-52.9201
-53.8767
-54.8409
-55.8106
-56.7831
-57.7552
-58.7231
-59.6827
-60.6292
-61.5577
-62.4629
-63.3394
-64.1821
-64.9862
-65.7473
-66.462
-67.1274
-67.742
-68.305
-68.8167
-69.2784
-69.6921
-70.0603
-70.3863
-70.6733
-70.9249
-71.1446
-71.3359
-71.502
-71.6459
-71.7704
-71.8781
-71.9713
-72.0518
-72.1214
-72.1817
-72.2341
-72.2795
-72.3191
-72.3537
-72.384
-72.4106
-72.4341
-72.4549
-72.4733
-72.4898
-72.5045
-72.5178
-72.5298
-72.5407
-72.5507
-72.5598
-72.5682
-72.576
-72.5832
-72.59
-72.5963
-72.6022
-72.6078
-72.6131
-72.6181
-72.6228
-72.6274
-72.6317
-72.6358
-72.6398
-72.6436
-72.6473
-72.6508
-72.6541
-72.6574
-72.6605
-72.6635
-72.6664
-72.6692
-72.6719
-72.6745
-72.6769
-72.6793
-72.6816
-72.6838
-72.6858
-72.6878
-72.6897
-72.6915
-72.6932
-72.6949
-72.6964
-72.6978
-72.6992
-72.7004
-72.7016
-72.7026
-72.7036
-72.7045
-72.7053
-72.706
-72.7066
-72.7071
-72.7075
-72.7079
-72.7081
-72.7082
-72.7083
-72.7082
-72.7081
-72.7079
-72.7075
-72.7071
-72.7066
-72.706
-72.7053
-72.7045
-72.7035
-72.7026
-72.7015
-72.7003
-72.699
-72.6976
-72.6961
-72.6945
-72.6929
-72.6911
-72.6892
-72.6873
-72.6852
-72.683
-72.6808
-72.6784
-72.676
-72.6734
-72.6708
-72.668
-72.6652
-72.6622
-72.6592
-72.6561
-72.6528
-72.6495
-72.646
-72.6425
-72.6389
-72.6352
-72.6313
-72.6274
-72.6234
-72.6193
-72.615
-72.6107
-72.6063
-72.6018
-72.5972
-72.5925
-72.5877
-72.5828
-72.5778
-72.5727
-72.5675
-72.5622
-72.5568
-72.5513
-72.5457
-72.5401
-72.5343
-72.5284
-72.5225
-72.5164
-72.5103
-72.504
-72.4977
-72.4912
-72.4847
-72.4781
-72.4714
-72.4646
-72.4577
-72.4507
-72.4436
-72.4364
-72.4291
-72.4218
-72.4143
-72.4067
-72.3991
-72.3914
-72.3835
-72.3756
-72.3676
-72.3595
-72.3514
-72.3431
-72.3347
-72.3263
-72.3177
-72.3091
-72.3004
-72.2916
-72.2827
-72.2738
-72.2647
-72.2556
-72.2463
-72.237
-72.2276
-72.2181
-72.2086
-72.1989
-72.1892
-72.1794
-72.1695
-72.1595
-72.1494
-72.1393
-72.1291
-72.1188
-72.1084
-72.0979
-72.0874
-72.0768
-72.0661
-72.0553
-72.0445
-72.0335
-72.0225
-72.0114
-72.0003
-71.989
-71.9777
-71.9664
-71.9549
-71.9434
-71.9318
-71.9201
-71.9083
-71.8965
-71.8846
-71.8727
-71.8606
-71.8485
-71.8364
-71.8241
-71.8118
-71.7994
-71.787
-71.7745
-71.7619
-71.7493
-71.7366
-71.7238
-71.711
-71.6981
-71.6851
-71.6721
-71.659
-71.6458
-71.6326
-71.6193
-71.606
-71.5926
-71.5791
-71.5656
-71.552
-71.5384
-71.5247
-71.5109
-71.4971
-71.4833
-71.4693
-71.4554
-71.4413
-71.4273
-71.4131
-71.3989
-71.3847
-71.3704
-71.356
-71.3416
-71.3272
-71.3127
-71.2981
-71.2835
-71.2689
-71.2542
-71.2394
-71.2246
-71.2098
-71.1949
-71.18
-71.165
-71.15
-71.1349
-71.1198
-71.1046
-71.0894
-71.0742
-71.0589
-71.0436
-71.0282
-71.0128
-70.9974
-70.9819
-70.9664
-70.9508
-70.9352
-70.9196
-70.9039
-70.8882
-70.8724
-70.8567
-70.8408
-70.825
-70.8091
-70.7932
-70.7772
-70.7612
-70.7452
-70.7292
-70.7131
-70.697
-70.6809
-70.6647
-70.6485
-70.6323
-70.616
-70.5997
-70.5834
-70.5671
-70.5507
-70.5343
-70.5179
-70.5015
-70.485
-70.4685
-70.452
-70.4355
-70.4189
-70.4023
-70.3857
-70.3691
-70.3525
-70.3358
-70.3191
-70.3024
-70.2857
-70.2689
-70.2522
-70.2354
-70.2186
-70.2018
-70.185
-70.1682
-70.1513
-70.1344
-70.1175
-70.1006
-70.0837
-70.0668
-70.0499
-70.0329
-70.0159
-69.999
-69.982
-69.965
-69.948
-69.931
-69.9139
-69.8969
-69.8799
-69.8628
-69.8458
-69.8287
-69.8116
-69.7945
-69.7775
-69.7604
-69.7433
-69.7262
-69.7091
-69.692
-69.6748
-69.6577
-69.6406
-69.6235
-69.6064
-69.5892
-69.5721
-69.555
-69.5378
-69.5207
-69.5036
-69.4865
-69.4693
-69.4522
-69.4351
-69.418
-69.4008
-69.3837
-69.3666
-69.3495
-69.3324
-69.3153
-69.2982
-69.2811
-69.264
-69.2469
-69.2298
-69.2128
-69.1957
-69.1786
-69.1616
-69.1445
-69.1275
-69.1105
-69.0934
-69.0764
-69.0594
-69.0424
-69.0254
-69.0085
-68.9915
-68.9745
-68.9576
-68.9407
-68.9237
-68.9068
-68.8899
-68.8731
-68.8562
-68.8393
-68.8225
-68.8056
-68.7888
-68.772
-68.7552
-68.7384
-68.7217
-68.7049
-68.6882
-68.6715
-68.6548
-68.6381
-68.6214
-68.6048
-68.5881
-68.5715
-68.5549
-68.5383
-68.5218
-68.5052
-68.4887
-68.4722
-68.4557
-68.4392
-68.4228
-68.4064
-68.39
-68.3736
-68.3572
-68.3408
-68.3245
-68.3082
-68.2919
-68.2757
-68.2594
-68.2432
-68.227
-68.2108
-68.1947
-68.1785
-68.1624
-68.1463
-68.1303
-68.1142
-68.0982
-68.0822
-68.0662
-68.0503
-68.0344
-68.0185
-68.0026
-67.9868
-67.971
-67.9552
-67.9394
-67.9237
-67.908
-67.8923
-67.8766
-67.861
-67.8454
-67.8298
-67.8142
-67.7987
-67.7832
-67.7678
-67.7523
-67.7369
-67.7215
-67.7061
-67.6908
-67.6755
-67.6602
-67.645
-67.6298
-67.6146
-67.5994
-67.5843
-67.5692
-67.5541
-67.5391
-67.5241
-67.5091
-67.4942
-67.4793
-67.4644
-67.4495
-67.4347
-67.4199
-67.4052
-67.3905
-67.3758
-67.3611
-67.3465
-67.3319
-67.3173
-67.3028
-67.2883
-67.2738
-67.2593
-67.2449
-67.2306
-67.2162
-67.2019
-67.1876
-67.1734
-67.1592
-67.145
-67.1309
-67.1168
-67.1027
-67.0886
-67.0746
-67.0607
-67.0467
-67.0328
-67.019
-67.0051
-66.9913
-66.9776
-66.9638
-66.9502
-66.9365
-66.9229
-66.9093
-66.8957
-66.8822
-66.8687
-66.8553
-66.8419
-66.8285
-66.8152
-66.8019
-66.7886
-66.7754
-66.7622
-66.749
-66.7359
-66.7228
-66.7098
-66.6968
-66.6838
-66.6709
-66.658
-66.6451
-66.6323
-66.6195
-66.6067
-66.594
-66.5813
-66.5687
-66.5561
-66.5435
-66.531
-66.5185
-66.5061
-66.4937
-66.4813
-66.4689
-66.4567
-66.4444
-66.4322
-66.42
-66.4079
-66.3958
-66.3837
-66.3717
-66.3597
-66.3477
-66.3358
-66.324
-66.3121
-66.3003
-66.2886
-66.2769
-66.2652
-66.2535
-66.2419
-66.2304
-66.2189
-66.2074
-66.1959
-66.1845
-66.1732
-66.1618
-66.1505
-66.1393
-66.1281
-66.1169
-66.1058
-66.0947
-66.0837
-66.0727
-66.0617
-66.0508
-66.0399
-66.0291
-66.0183
-66.0075
-65.9968
-65.8494
-65.6131
-65.3114
-64.9591
-64.5666
-64.1421
-63.6919
-63.2212
-62.7342
-62.2342
-61.7241
-61.206
-60.682
-60.1534
-59.6217
-59.0878
-58.5526
-58.0168
-57.4809
-56.9453
-56.4102
-55.8759
-55.3423
-54.8096
-54.2774
-53.7455
-53.2138
-52.6815
-52.1484
-51.6135
-51.0763
-50.5357
-49.9908
-49.4404
-48.883
-48.3172
-47.7413
-47.1533
-46.5511
-45.9323
-45.294
-44.6332
-43.9464
-43.2297
-42.4787
-41.6882
-40.8527
-39.9655
-39.0194
-38.0058
-36.915
-35.7362
-34.4567
-33.0622
-31.5368
-29.8621
-28.0181
-25.9828
-23.7326
-21.2434
-18.4917
-15.4571
-12.1255
-8.49368
-4.57468
-0.403741
3.95706
8.4172
12.861
17.1572
21.1734
24.7929
27.9297
30.5373
32.6106
34.1798
35.2997
36.0375
36.4625
36.6384
36.6191
36.4483
36.1593
35.7772
35.3202
34.8018
34.2315
33.6168
32.9629
32.2743
31.5542
30.8057
30.0312
29.2328
28.4127
27.5727
26.7144
25.8395
24.9496
24.046
23.1302
22.2035
21.2671
20.3222
19.3699
18.4113
17.4475
16.4792
15.5076
14.5333
13.5572
12.58
11.6024
10.6251
9.64857
8.67344
7.70021
6.72933
5.76124
4.79631
3.8349
2.87734
1.92391
0.974852
0.0304088
-0.909225
-1.84388
-2.7734
-3.69766
-4.61656
-5.53001
-6.43793
-7.34029
-8.23705
-9.1282
-10.0137
-10.8937
-11.768
-12.6369
-13.5003
-14.3582
-15.2109
-16.0583
-16.9007
-17.738
-18.5706
-19.3984
-20.2218
-21.0409
-21.8559
-22.6671
-23.4747
-24.2791
-25.0805
-25.8794
-26.676
-27.4709
-28.2644
-29.0571
-29.8495
-30.6422
-31.4358
-32.231
-33.0285
-33.8291
-34.6335
-35.4427
-36.2576
-37.0791
-37.9082
-38.746
-39.5935
-40.4518
-41.3221
-42.2053
-43.1027
-44.0151
-44.9435
-45.8887
-46.8513
-47.8317
-48.83
-49.846
-50.8789
-51.9275
-52.99
-54.0638
-55.1456
-56.2311
-57.3155
-58.3929
-59.4569
-60.5002
-61.5156
-62.4955
-63.4328
-64.3209
-65.1542
-65.9284
-66.6405
-67.2892
-67.8746
-68.3982
-68.8627
-69.2715
-69.629
-69.9397
-70.2084
-70.4397
-70.6383
-70.8082
-70.9533
-71.0772
-71.1829
-71.2731
-71.3501
-71.4161
-71.4726
-71.5212
-71.5631
-71.5995
-71.6311
-71.6588
-71.6831
-71.7045
-71.7237
-71.7408
-71.7562
-71.7702
-71.783
-71.7947
-71.8056
-71.8157
-71.8252
-71.8341
-71.8425
-71.8506
-71.8583
-71.8656
-71.8728
-71.8796
-71.8863
-71.8928
-71.8991
-71.9052
-71.9113
-71.9172
-71.9229
-71.9286
-71.9342
-71.9397
-71.9451
-71.9504
-71.9556
-71.9608
-71.9658
-71.9708
-71.9758
-71.9806
-71.9854
-71.9901
-71.9947
-71.9993
-72.0038
-72.0082
-72.0126
-72.0169
-72.0211
-72.0252
-72.0293
-72.0333
-72.0372
-72.041
-72.0448
-72.0485
-72.0522
-72.0557
-72.0592
-72.0626
-72.0659
-72.0691
-72.0723
-72.0754
-72.0784
-72.0813
-72.0841
-72.0869
-72.0896
-72.0922
-72.0947
-72.0971
-72.0994
-72.1017
-72.1038
-72.1059
-72.1079
-72.1098
-72.1116
-72.1134
-72.115
-72.1166
-72.118
-72.1194
-72.1207
-72.1219
-72.123
-72.124
-72.1249
-72.1257
-72.1265
-72.1271
-72.1276
-72.1281
-72.1284
-72.1287
-72.1289
-72.1289
-72.1289
-72.1288
-72.1286
-72.1283
-72.1279
-72.1274
-72.1268
-72.1261
-72.1253
-72.1244
-72.1234
-72.1224
-72.1212
-72.1199
-72.1186
-72.1171
-72.1155
-72.1139
-72.1121
-72.1103
-72.1083
-72.1062
-72.1041
-72.1019
-72.0995
-72.0971
-72.0945
-72.0919
-72.0892
-72.0863
-72.0834
-72.0804
-72.0773
-72.0741
-72.0707
-72.0673
-72.0638
-72.0602
-72.0565
-72.0527
-72.0488
-72.0448
-72.0408
-72.0366
-72.0323
-72.0279
-72.0234
-72.0189
-72.0142
-72.0095
-72.0046
-71.9997
-71.9946
-71.9895
-71.9843
-71.979
-71.9736
-71.9681
-71.9625
-71.9568
-71.951
-71.9451
-71.9391
-71.9331
-71.9269
-71.9207
-71.9144
-71.9079
-71.9014
-71.8948
-71.8881
-71.8813
-71.8745
-71.8675
-71.8605
-71.8533
-71.8461
-71.8388
-71.8314
-71.8239
-71.8163
-71.8087
-71.8009
-71.7931
-71.7852
-71.7772
-71.7691
-71.7609
-71.7527
-71.7444
-71.7359
-71.7274
-71.5734
-71.3274
-71.0157
-70.6547
-70.256
-69.8284
-69.3789
-68.913
-68.435
-67.9485
-67.4564
-66.9611
-66.4645
-65.9683
-65.4738
-64.9821
-64.4942
-64.0109
-63.5329
-63.0606
-62.5947
-62.1355
-61.6832
-61.2383
-60.8008
-60.371
-59.9489
-59.5347
-59.1284
-58.73
-58.3395
-57.9569
-57.5821
-57.215
-56.8555
-56.5035
-56.1588
-55.8214
-55.4909
-55.1672
-54.8502
-54.5395
-54.2351
-53.9365
-53.6437
-53.3563
-53.0741
-52.7968
-52.5242
-52.2559
-51.9917
-51.7313
-51.4743
-51.2206
-50.9697
-50.7214
-50.4753
-50.2312
-49.9886
-49.7474
-49.507
-49.2673
-49.0277
-48.7881
-48.5479
-48.3068
-48.0644
-47.8204
-47.5742
-47.3254
-47.0737
-46.8184
-46.5591
-46.2952
-46.0263
-45.7516
-45.4706
-45.1826
-44.8869
-44.5827
-44.2691
-43.9454
-43.6105
-43.2633
-42.9029
-42.5279
-42.1371
-41.7289
-41.3019
-40.8543
-40.3843
-39.8898
-39.3686
-38.8181
-38.2358
-37.6187
-36.9636
-36.2668
-35.5247
-34.733
-33.8872
-32.9823
-32.013
-30.9737
-29.8584
-28.6609
-27.3745
-25.993
-24.5096
-22.9185
-21.2143
-19.3927
-17.451
-15.3888
-13.2087
-10.9169
-8.52389
-6.0454
-3.50261
-0.922333
1.6632
4.21719
6.69959
9.06896
11.2848
13.3104
15.1148
16.6758
17.9806
19.0264
19.8199
20.3749
20.7109
20.8504
20.8169
20.6335
20.3217
19.9007
19.3874
18.7961
18.1391
17.4266
16.6673
15.8682
15.0356
14.1744
13.2892
12.3837
11.4612
10.5244
9.57603
8.61815
7.65277
6.68163
5.70628
4.72812
3.74839
2.7682
1.78853
0.810281
-0.165768
-1.13892
-2.10855
-3.07411
-4.03514
-4.9912
-5.94195
-6.88706
-7.82629
-8.7594
-9.68622
-10.6066
-11.5204
-12.4276
-13.3281
-14.2219
-15.109
-15.9894
-16.8632
-17.7304
-18.5912
-19.4456
-20.2937
-21.1358
-21.972
-22.8026
-23.6277
-24.4475
-25.2625
-26.0728
-26.8789
-27.6811
-28.4797
-29.2752
-30.0681
-30.8589
-31.648
-32.4361
-33.2237
-34.0116
-34.8003
-35.5906
-36.3832
-37.1789
-37.9786
-38.783
-39.593
-40.4095
-41.2334
-42.0656
-42.9069
-43.7582
-44.6203
-45.494
-46.38
-47.2787
-48.1906
-49.116
-50.0547
-51.0066
-51.971
-52.9469
-53.933
-54.9273
-55.9274
-56.9303
-57.9324
-58.9296
-59.9173
-60.8901
-61.8428
-62.7695
-63.6646
-64.5227
-65.3386
-66.1081
-66.8277
-67.4949
-68.1082
-68.6675
-69.1734
-69.6276
-70.0326
-70.3915
-70.7077
-70.9848
-71.2267
-71.437
-71.6194
-71.7771
-71.9132
-72.0306
-72.1318
-72.219
-72.2941
-72.3589
-72.4148
-72.4632
-72.5051
-72.5415
-72.5732
-72.6009
-72.6251
-72.6464
-72.6652
-72.6818
-72.6966
-72.7098
-72.7217
-72.7324
-72.742
-72.7508
-72.7588
-72.7662
-72.773
-72.7792
-72.7851
-72.7905
-72.7956
-72.8003
-72.8048
-72.809
-72.813
-72.8168
-72.8204
-72.8238
-72.8271
-72.8302
-72.8332
-72.836
-72.8387
-72.8413
-72.8438
-72.8461
-72.8484
-72.8505
-72.8526
-72.8545
-72.8563
-72.8581
-72.8597
-72.8613
-72.8628
-72.8641
-72.8654
-72.8666
-72.8677
-72.8687
-72.8697
-72.8705
-72.8712
-72.8719
-72.8724
-72.8729
-72.8733
-72.8736
-72.8738
-72.8739
-72.8739
-72.8739
-72.8737
-72.8735
-72.8731
-72.8727
-72.8721
-72.8715
-72.8708
-72.87
-72.8691
-72.8681
-72.867
-72.8659
-72.8646
-72.8632
-72.8618
-72.8602
-72.8586
-72.8568
-72.855
-72.853
-72.851
-72.8489
-72.8467
-72.8443
-72.8419
-72.8394
-72.8368
-72.8341
-72.8313
-72.8284
-72.8254
-72.8224
-72.8192
-72.8159
-72.8125
-72.809
-72.8055
-72.8018
-72.7981
-72.7942
-72.7902
-72.7862
-72.782
-72.7778
-72.7734
-72.769
-72.7645
-72.7598
-72.7551
-72.7503
-72.7453
-72.7403
-72.7352
-72.73
-72.7247
-72.7193
-72.7138
-72.7082
-72.7025
-72.6967
-72.6908
-72.6849
-72.6788
-72.6726
-72.6664
-72.66
-72.6536
-72.647
-72.6404
-72.6336
-72.6268
-72.6199
-72.6129
-72.6058
-72.5986
-72.5913
-72.5839
-72.5765
-72.5689
-72.5612
-72.5535
-72.5456
-72.5377
-72.5297
-72.5216
-72.5134
-72.5051
-72.4967
-72.4883
-72.4797
-72.4711
-72.4623
-72.4535
-72.4446
-72.4356
-72.4265
-72.4174
-72.4081
-72.3988
-72.3893
-72.3798
-72.3702
-72.3606
-72.3508
-72.341
-72.331
-72.321
-72.3109
-72.3007
-72.2905
-72.2802
-72.2697
-72.2592
-72.2487
-72.238
-72.2272
-72.2164
-72.2055
-72.1946
-72.1835
-72.1724
-72.1612
-72.1499
-72.1385
-72.1271
-72.1156
-72.104
-72.0923
-72.0806
-72.0688
-72.0569
-72.0449
-72.0329
-72.0208
-72.0087
-71.9964
-71.9841
-71.9717
-71.9593
-71.9468
-71.9342
-71.9215
-71.9088
-71.896
-71.8831
-71.8702
-71.8572
-71.8442
-71.8311
-71.8179
-71.8046
-71.7913
-71.7779
-71.7645
-71.751
-71.7374
-71.7238
-71.7101
-71.6964
-71.6826
-71.6687
-71.6548
-71.6408
-71.6268
-71.6127
-71.5986
-71.5844
-71.5701
-71.5558
-71.5414
-71.527
-71.5125
-71.498
-71.4834
-71.4688
-71.4541
-71.4394
-71.4246
-71.4097
-71.3948
-71.3799
-71.3649
-71.3499
-71.3348
-71.3197
-71.3045
-71.2893
-71.274
-71.2587
-71.2434
-71.228
-71.2125
-71.197
-71.1815
-71.1659
-71.1503
-71.1347
-71.119
-71.1032
-71.0874
-71.0716
-71.0558
-71.0399
-71.024
-71.008
-70.992
-70.976
-70.9599
-70.9438
-70.9276
-70.9114
-70.8952
-70.879
-70.8627
-70.8464
-70.8301
-70.8137
-70.7973
-70.7809
-70.7644
-70.7479
-70.7314
-70.7148
-70.6983
-70.6816
-70.665
-70.6484
-70.6317
-70.615
-70.5982
-70.5815
-70.5647
-70.5479
-70.5311
-70.5142
-70.4973
-70.4804
-70.4635
-70.4466
-70.4296
-70.4126
-70.3956
-70.3786
-70.3616
-70.3445
-70.3275
-70.3104
-70.2933
-70.2762
-70.259
-70.2419
-70.2247
-70.2075
-70.1903
-70.1731
-70.1559
-70.1387
-70.1214
-70.1042
-70.0869
-70.0696
-70.0523
-70.035
-70.0177
-70.0004
-69.9831
-69.9657
-69.9484
-69.931
-69.9137
-69.8963
-69.8789
-69.8616
-69.8442
-69.8268
-69.8094
-69.792
-69.7746
-69.7572
-69.7398
-69.7224
-69.705
-69.6875
-69.6701
-69.6527
-69.6353
-69.6179
-69.6004
-69.583
-69.5656
-69.5482
-69.5308
-69.5133
-69.4959
-69.4785
-69.4611
-69.4437
-69.4263
-69.4089
-69.3915
-69.3741
-69.3568
-69.3394
-69.322
-69.3046
-69.2873
-69.2699
-69.2526
-69.2352
-69.2179
-69.2006
-69.1833
-69.166
-69.1487
-69.1314
-69.1141
-69.0968
-69.0796
-69.0623
-69.0451
-69.0278
-69.0106
-68.9934
-68.9762
-68.9591
-68.9419
-68.9247
-68.9076
-68.8905
-68.8734
-68.8563
-68.8392
-68.8221
-68.8051
-68.788
-68.771
-68.754
-68.737
-68.72
-68.7031
-68.6861
-68.6692
-68.6523
-68.6354
-68.6185
-68.6017
-68.5848
-68.568
-68.5512
-68.5344
-68.5177
-68.5009
-68.4842
-68.4675
-68.4508
-68.4342
-68.4175
-68.4009
-68.3843
-68.3678
-68.3512
-68.3347
-68.3182
-68.3017
-68.2852
-68.2688
-68.2524
-68.236
-68.2196
-68.2033
-68.1869
-68.1706
-68.1544
-68.1381
-68.1219
-68.1057
-68.0895
-68.0734
-68.0572
-68.0411
-68.0251
-68.009
-67.993
-67.977
-67.961
-67.9451
-67.9292
-67.9133
-67.8974
-67.8816
-67.8658
-67.85
-67.8343
-67.8186
-67.8029
-67.7872
-67.7716
-67.756
-67.7404
-67.7248
-67.7093
-67.6938
-67.6784
-67.6629
-67.6475
-67.6322
-67.6168
-67.6015
-67.5862
-67.571
-67.5558
-67.5406
-67.5254
-67.5103
-67.4952
-67.4802
-67.4651
-67.4502
-67.4352
-67.4203
-67.4054
-67.3905
-67.3757
-67.3609
-67.3461
-67.3314
-67.3167
-67.302
-67.2874
-67.2728
-67.2582
-67.2436
-67.2291
-67.2147
-67.2002
-67.1858
-67.1715
-67.1571
-67.1428
-67.1286
-67.1143
-67.1001
-67.086
-67.0719
-67.0578
-67.0437
-67.0297
-67.0157
-67.0018
-66.9878
-66.974
-66.9601
-66.9463
-66.9326
-66.9188
-66.9051
-66.8915
-66.8779
-66.8643
-66.8507
-66.8372
-66.8237
-66.8103
-66.7969
-66.7835
-66.7702
-66.7569
-66.7436
-66.7304
-66.7172
-66.7041
-66.691
-66.6779
-66.6649
-66.6519
-66.6389
-66.626
-66.6131
-66.6003
-66.5875
-66.5747
-66.562
-66.5493
-66.5366
-66.524
-66.5114
-66.4989
-66.4864
-66.474
-66.4615
-66.4492
-66.4368
-66.4245
-66.4123
-66.4
-66.3879
-66.3757
-66.3636
-66.3516
-66.3395
-66.3275
-66.3156
-66.3037
-66.2918
-66.28
-66.2682
-66.2565
-66.2447
-66.2331
-66.2214
-66.2098
-66.1983
-66.1868
-66.1753
-66.1639
-66.1525
-66.1411
-66.1298
-66.1186
-66.1073
-66.0961
-66.085
-66.0739
-66.0628
-66.0518
-66.0408
-66.0299
-66.019
-66.0081
-65.9973
-65.9866
-65.9758
-65.9651
-65.9545
-65.9439
-65.9333
-65.9228
-65.9123
-65.9019
-65.8915
-65.8811
-65.8708
-65.8605
-65.8503
-65.8401
-65.83
-65.8198
-65.8098
-65.7997
-65.7898
-65.7798
-65.7699
-65.7601
-65.7502
-65.7405
-65.7307
-65.721
-65.7114
-65.7018
-65.6922
-65.6827
-65.6732
-65.6638
-65.6544
-65.645
-65.6357
-65.6264
-65.6172
-65.608
-65.5989
-65.5898
-65.5807
-65.5717
-65.5627
-65.5538
-65.5449
-65.5361
-65.5273
-65.5185
-65.5098
-65.5012
-65.3568
-65.1242
-64.8267
-64.4788
-64.091
-63.6713
-63.226
-62.7603
-62.2781
-61.783
-61.2776
-60.7642
-60.2446
-59.7203
-59.1926
-58.6625
-58.1308
-57.5981
-57.0649
-56.5317
-55.9985
-55.4656
-54.9329
-54.4004
-53.8679
-53.335
-52.8013
-52.2664
-51.7295
-51.19
-50.6469
-50.0992
-49.5457
-48.9852
-48.416
-47.8366
-47.2449
-46.6387
-46.0158
-45.3732
-44.7078
-44.0163
-43.2945
-42.5381
-41.7419
-40.9001
-40.0061
-39.0525
-38.0306
-36.9306
-35.7414
-34.4501
-33.0422
-31.5012
-29.8086
-27.9439
-25.8844
-23.6062
-21.0847
-18.2959
-15.2194
-11.8412
-8.15888
-4.18731
0.0356202
4.44414
8.9433
13.4131
17.7187
21.7262
25.3197
28.4163
30.9744
32.9944
34.5113
35.5834
36.2803
36.6719
36.8215
36.7825
36.5971
36.2978
35.9086
35.4469
34.9256
34.3538
33.7385
33.0848
32.3969
31.6781
30.9311
30.1584
29.3622
28.5443
27.7065
26.8507
25.9783
25.0909
24.1899
23.2767
22.3526
21.4187
20.4764
19.5266
18.5705
17.609
16.6432
15.6738
14.7017
13.7277
12.7525
11.7769
10.8014
9.8267
8.85327
7.88164
6.91228
5.94561
4.98202
4.02187
3.06547
2.10994
1.16016
0.218236
-0.714814
-1.63848
-2.55253
-3.45688
-4.35154
-5.23656
-6.11203
-6.97809
-7.83484
-8.68244
-9.52103
-10.3508
-11.1718
-11.9844
-12.7886
-13.5846
-14.3727
-15.1529
-15.9256
-16.6908
-17.4488
-18.1998
-18.944
-19.6816
-20.4128
-21.138
-21.8573
-22.571
-23.2794
-23.9827
-24.6813
-25.3755
-26.0657
-26.7521
-27.4353
-28.1155
-28.7932
-29.4689
-30.143
-30.8161
-31.4887
-32.1612
-32.8344
-33.5088
-34.1851
-34.8639
-35.5459
-36.2319
-36.9225
-37.6184
-38.3205
-39.0294
-39.7458
-40.4705
-41.204
-41.9469
-42.6997
-43.4627
-44.236
-45.0196
-45.8132
-46.6162
-47.4277
-48.2463
-49.0702
-49.8973
-50.7247
-51.5493
-52.3673
-53.1746
-53.9669
-54.7395
-55.4879
-56.2077
-56.8947
-57.5453
-58.1566
-58.7264
-59.2535
-59.7371
-60.1777
-60.5761
-60.9342
-61.2539
-61.5378
-61.7885
-62.009
-62.2022
-62.3708
-62.5175
-62.6451
-62.7557
-62.8515
-62.9346
-63.0066
-63.069
-63.1234
-63.1708
-63.2123
-63.2488
-63.2811
-63.3098
-63.3355
-63.3587
-63.3799
-63.3994
-63.4175
-63.4344
-63.4505
-63.4658
-63.4805
-63.4949
-63.5089
-63.5227
-63.5364
-63.55
-63.5637
-63.5774
-63.5911
-63.605
-63.6191
-63.6333
-63.6478
-63.6624
-63.6773
-63.6924
-63.7077
-63.7233
-63.7392
-63.7553
-63.7716
-63.7882
-63.8051
-63.8222
-63.8396
-63.8572
-63.875
-63.8931
-63.9115
-63.93
-63.9488
-63.9679
-63.9871
-64.0066
-64.0262
-64.0461
-64.0662
-64.0864
-64.1069
-64.1275
-64.1483
-64.1693
-64.1904
-64.2117
-64.2332
-64.2548
-64.2765
-64.2984
-64.3205
-64.3427
-64.3649
-64.3874
-64.4099
-64.4325
-64.4553
-64.4781
-64.5011
-64.5241
-64.5473
-64.5705
-64.5938
-64.6172
-64.6406
-64.6642
-64.6877
-64.7114
-64.7351
-64.7588
-64.7826
-64.8065
-64.8303
-64.8543
-64.8782
-64.9022
-64.9262
-64.9503
-64.9743
-64.9984
-65.0225
-65.0466
-65.0707
-65.0948
-65.1189
-65.143
-65.1671
-65.1912
-65.2153
-65.2394
-65.2634
-65.2875
-65.3115
-65.3355
-65.3595
-65.3834
-65.4074
-65.4312
-65.4551
-65.4789
-65.5027
-65.5264
-65.5501
-65.5737
-65.5973
-65.6209
-65.6444
-65.6678
-65.6912
-65.7145
-65.7378
-65.761
-65.7842
-65.8073
-65.8303
-65.8532
-65.8761
-65.8989
-65.9217
-65.9443
-65.9669
-65.9894
-66.0119
-66.0342
-66.0565
-66.0787
-66.1008
-66.1228
-66.1448
-66.1666
-66.1884
-66.2101
-66.2317
-66.2532
-66.2746
-66.2959
-66.3171
-66.3382
-66.3592
-66.3802
-66.401
-66.4217
-66.4423
-66.4629
-66.4833
-66.5036
-66.5239
-66.544
-66.564
-66.5839
-66.6037
-66.6234
-66.643
-66.6625
-66.6818
-66.7011
-66.7202
-66.7393
-66.7582
-66.777
-66.7957
-66.8143
-66.8328
-66.8512
-66.8694
-66.8876
-66.9056
-66.9235
-66.9413
-66.959
-66.9765
-66.994
-67.0113
-67.0285
-67.0456
-67.0626
-67.0795
-67.0962
-67.1128
-67.1293
-67.1457
-67.1619
-67.1781
-67.1941
-67.21
-67.2258
-67.2414
-67.257
-67.2724
-67.2877
-67.3029
-67.3179
-67.3329
-67.3477
-67.3624
-67.3769
-67.3914
-67.4057
-67.4199
-67.434
-67.4479
-67.4618
-67.4755
-67.4891
-67.5025
-67.5159
-67.5291
-67.5422
-67.5552
-67.5681
-67.5808
-67.5934
-67.6059
-67.6183
-67.6305
-67.6426
-67.6547
-67.6665
-67.6783
-67.6899
-67.7015
-67.7129
-67.7242
-67.7353
-67.7463
-67.7573
-67.7681
-67.7787
-67.7893
-67.7997
-67.8101
-67.8203
-67.8303
-67.8403
-67.8501
-67.8599
-67.8695
-67.879
-67.8883
-67.8976
-67.9067
-67.9157
-67.9246
-67.9334
-67.9421
-67.9506
-67.9591
-67.9674
-67.9756
-67.9837
-67.9916
-67.9995
-68.0072
-68.0149
-68.0224
-68.0298
-68.0371
-68.0442
-68.0513
-68.0582
-67.9271
-67.7084
-67.427
-67.0983
-66.7333
-66.3402
-65.9257
-65.4947
-65.0514
-64.5993
-64.1409
-63.6785
-63.2141
-62.749
-62.2845
-61.8218
-61.3617
-60.9049
-60.4521
-60.0039
-59.5605
-59.1224
-58.69
-58.2634
-57.8428
-57.4283
-57.0201
-56.6182
-56.2226
-55.8334
-55.4503
-55.0735
-54.7027
-54.3378
-53.9787
-53.6252
-53.2771
-52.9341
-52.596
-52.2626
-51.9335
-51.6083
-51.2869
-50.9689
-50.6538
-50.3413
-50.031
-49.7224
-49.4152
-49.1089
-48.803
-48.4969
-48.1902
-47.8824
-47.5728
-47.2608
-46.9458
-46.6271
-46.3041
-45.9759
-45.6418
-45.3009
-44.9523
-44.5951
-44.2282
-43.8505
-43.4608
-43.0578
-42.6401
-42.2061
-41.7541
-41.2824
-40.789
-40.2716
-39.7279
-39.1553
-38.4775
-37.7233
-36.9044
-36.0256
-35.0888
-34.0932
-33.037
-31.9169
-30.7285
-29.4671
-28.1269
-26.7021
-25.1863
-23.5734
-21.8576
-20.0335
-18.0973
-16.0467
-13.882
-11.6066
-9.22821
-6.75926
-4.21795
-1.62862
0.978084
3.56567
6.09282
8.51535
10.7888
12.8718
14.7292
16.3354
17.6758

