-65
-64.9994
-64.9988
-64.9982
-64.9977
-64.9971
-64.9965
-64.996
-64.9954
-64.9949
-64.9943
-64.9938
-64.9932
-64.9927
-64.9922
-64.9917
-64.9912
-64.9906
-64.9901
-64.9896
-64.9891
-64.9886
-64.9881
-64.9876
-64.9872
-64.9867
-64.9862
-64.9857
-64.9852
-64.9848
-64.9843
-64.9838
-64.9834
-64.9829
-64.9825
-64.982
-64.9816
-64.9811
-64.9807
-64.9802
-64.9798
-64.9794
-64.9789
-64.9785
-64.9781
-64.9777
-64.9772
-64.9768
-64.9764
-64.976
-64.9756
-64.9752
-64.9748
-64.9744
-64.974
-64.9736
-64.9732
-64.9728
-64.9725
-64.9721
-64.9717
-64.9713
-64.971
-64.9706
-64.9702
-64.9699
-64.9695
-64.9692
-64.9688
-64.9685
-64.9681
-64.9678
-64.9675
-64.9671
-64.9668
-64.9665
-64.9661
-64.9658
-64.9655
-64.9652
-64.9649
-64.9646
-64.9642
-64.9639
-64.9636
-64.9633
-64.963
-64.9628
-64.9625
-64.9622
-64.9619
-64.9616
-64.9613
-64.9611
-64.9608
-64.9605
-64.9603
-64.96
-64.9598
-64.9595
-64.9592
-64.959
-64.9588
-64.9585
-64.9583
-64.958
-64.9578
-64.9576
-64.9573
-64.9571
-64.9569
-64.9567
-64.9565
-64.9562
-64.956
-64.9558
-64.9556
-64.9554
-64.9552
-64.955
-64.9548
-64.9546
-64.9545
-64.9543
-64.9541
-64.9539
-64.9537
-64.9536
-64.9534
-64.9532
-64.9531
-64.9529
-64.9527
-64.9526
-64.9524
-64.9523
-64.9521
-64.952
-64.9519
-64.9517
-64.9516
-64.9514
-64.9513
-64.9512
-64.9511
-64.9509
-64.9508
-64.9507
-64.9506
-64.9505
-64.9504
-64.9503
-64.9502
-64.95
-64.9499
-64.9499
-64.9498
-64.9497
-64.9496
-64.9495
-64.9494
-64.9493
-64.9492
-64.9492
-64.9491
-64.949
-64.9489
-64.9489
-64.9488
-64.9487
-64.9487
-64.9486
-64.9486
-64.9485
-64.9485
-64.9484
-64.9484
-64.9483
-64.9483
-64.9482
-64.9482
-64.9482
-64.9481
-64.9481
-64.9481
-64.948
-64.948
-64.948
-64.948
-64.948
-64.9479
-64.9479
-64.9479
-64.9479
-64.9479
-64.9479
-64.9479
-64.9479
-64.9479
-64.9479
-64.9479
-64.9479
-64.9479
-64.9479
-64.9479
-64.9479
-64.9479
-64.9479
-64.948
-64.948
-64.948
-64.948
-64.9481
-64.9481
-64.9481
-64.9481
-64.9482
-64.9482
-64.9482
-64.9483
-64.9483
-64.9483
-64.9484
-64.9484
-64.9485
-64.9485
-64.9486
-64.9486
-64.9487
-64.9487
-64.9488
-64.9488
-64.9489
-64.9489
-64.949
-64.9491
-64.9491
-64.9492
-64.9492
-64.9493
-64.9494
-64.9494
-64.9495
-64.9496
-64.9497
-64.9497
-64.9498
-64.9499
-64.95
-64.95
-64.9501
-64.9502
-64.9503
-64.9504
-64.9504
-64.9505
-64.9506
-64.9507
-64.9508
-64.9509
-64.951
-64.951
-64.9511
-64.9512
-64.9513
-64.9514
-64.9515
-64.9516
-64.9517
-64.9518
-64.9519
-64.952
-64.9521
-64.9522
-64.9523
-64.9524
-64.9525
-64.9526
-64.9527
-64.9528
-64.9529
-64.953
-64.9532
-64.9533
-64.9534
-64.9535
-64.9536
-64.9537
-64.9538
-64.9539
-64.954
-64.9542
-64.9543
-64.9544
-64.9545
-64.9546
-64.9547
-64.9548
-64.955
-64.9551
-64.9552
-64.9553
-64.9554
-64.9556
-64.9557
-64.9558
-64.9559
-64.956
-64.9562
-64.9563
-64.9564
-64.9565
-64.9566
-64.9568
-64.9569
-64.957
-64.9571
-64.9573
-64.9574
-64.9575
-64.9576
-64.9578
-64.9579
-64.958
-64.9581
-64.9583
-64.9584
-64.9585
-64.9587
-64.9588
-64.9589
-64.959
-64.9592
-64.9593
-64.9594
-64.9595
-64.9597
-64.9598
-64.9599
-64.96
-64.9602
-64.9603
-64.9604
-64.9606
-64.9607
-64.9608
-64.9609
-64.9611
-64.9612
-64.9613
-64.9614
-64.9616
-64.9617
-64.9618
-64.962
-64.9621
-64.9622
-64.9623
-64.9625
-64.9626
-64.9627
-64.9628
-64.963
-64.9631
-64.9632
-64.9633
-64.9635
-64.9636
-64.9637
-64.9638
-64.964
-64.9641
-64.9642
-64.9643
-64.9645
-64.9646
-64.9647
-64.9648
-64.9649
-64.9651
-64.9652
-64.9653
-64.9654
-64.9655
-64.9657
-64.9658
-64.9659
-64.966
-64.9661
-64.9663
-64.9664
-64.9665
-64.9666
-64.9667
-64.9668
-64.967
-64.9671
-64.9672
-64.9673
-64.9674
-64.9675
-64.9677
-64.9678
-64.9679
-64.968
-64.9681
-64.9682
-64.9683
-64.9684
-64.9685
-64.9687
-64.9688
-64.9689
-64.969
-64.9691
-64.9692
-64.9693
-64.9694
-64.8349
-64.6128
-64.3263
-63.9898
-63.6136
-63.2056
-62.7721
-62.3181
-61.8478
-61.3643
-60.8705
-60.3686
-59.8602
-59.3471
-58.8302
-58.3107
-57.7893
-57.2667
-56.7433
-56.2194
-55.6952
-55.1709
-54.6463
-54.1215
-53.5962
-53.0699
-52.5424
-52.0129
-51.4809
-50.9456
-50.4059
-49.8609
-49.3093
-48.7496
-48.1804
-47.5998
-47.0059
-46.3963
-45.7684
-45.1195
-44.4462
-43.7449
-43.0114
-42.241
-41.4284
-40.5674
-39.6511
-38.6717
-37.6199
-36.4857
-35.257
-33.9205
-32.4609
-30.8611
-29.1016
-27.1612
-25.0169
-22.6444
-20.0193
-17.1192
-13.9261
-10.4305
-6.63657
-2.56831
1.7254
6.16706
10.6515
15.0524
19.2353
23.0733
26.4643
29.3424
31.6831
33.5009
34.8403
35.7638
36.3409
36.6385
36.7158
36.6214
36.3936
36.0614
35.6461
35.1633
34.6245
34.038
33.41
32.7454
32.0478
31.3205
30.5661
29.7869
28.985
28.1622
27.3204
26.4613
25.5863
24.6969
23.7945
22.8805
21.9561
21.0225
20.0809
19.1324
18.1778
17.2183
16.2548
15.288
14.3189
13.3481
12.3763
11.4043
10.4327
9.46187
8.49253
7.52509
6.56001
5.59769
4.6385
3.68278
2.73083
1.78293
0.839312
-0.0997949
-1.0342
-1.96375
-2.8883
-3.80772
-4.72192
-5.63083
-6.53437
-7.43249
-8.32518
-9.21242
-10.0942
-10.9706
-11.8415
-12.7071
-13.5674
-14.4225
-15.2724
-16.1173
-16.9573
-17.7925
-18.623
-19.4491
-20.2708
-21.0884
-21.9022
-22.7123
-23.5191
-24.3228
-25.1238
-25.9224
-26.7191
-27.47
-28.1963
-28.9072
-29.6075
-30.3002
-30.9871
-31.6698
-32.3493
-33.0267
-33.7028
-34.3783
-35.0541
-35.7311
-36.4098
-37.0912
-37.7761
-38.4651
-39.1591
-39.8589
-40.5651
-41.2784
-41.9996
-42.7292
-43.4676
-44.2152
-44.9722
-45.7385
-46.5139
-47.2979
-48.0896
-48.8877
-49.6905
-50.4958
-51.301
-52.1029
-52.8979
-53.6819
-54.4506
-55.1991
-55.923
-56.6174
-57.2782
-57.9015
-58.4842
-59.0238
-59.5188
-59.9687
-60.3736
-60.7345
-61.0533
-61.3322
-61.5738
-61.7811
-61.9573
-62.1054
-62.2285
-62.3295
-62.4113
-62.4763
-62.5268
-62.565
-62.5927
-62.6114
-62.6228
-62.6279
-62.6279
-62.6236
-62.616
-62.6057
-62.5932
-62.5791
-62.5638
-62.5476
-62.5308
-62.5138
-62.4966
-62.4794
-62.4625
-62.4459
-62.4298
-62.4142
-62.3992
-62.3848
-62.3711
-62.3581
-62.3459
-62.3345
-62.3238
-62.314
-62.305
-62.2968
-62.2893
-62.2827
-62.277
-62.272
-62.2678
-62.2644
-62.2617
-62.2599
-62.2587
-62.2584
-62.2587
-62.2598
-62.2616
-62.2641
-62.2673
-62.2712
-62.2757
-62.2808
-62.2866
-62.2931
-62.3001
-62.3077
-62.3159
-62.3247
-62.334
-62.3439
-62.3543
-62.3653
-62.3767
-62.3887
-62.4012
-62.4141
-62.4275
-62.4413
-62.4556
-62.4704
-62.4855
-62.5011
-62.5171
-62.5335
-62.5502
-62.5674
-62.5849
-62.6028
-62.621
-62.6395
-62.6584
-62.6776
-62.6971
-62.7169
-62.737
-62.7575
-62.7781
-62.7991
-62.8203
-62.8418
-62.8635
-62.8855
-62.9077
-62.9301
-62.9528
-62.9756
-62.9987
-63.022
-63.0455
-63.0691
-63.0929
-63.117
-63.1411
-63.1655
-63.19
-63.2146
-63.2394
-63.2644
-63.2894
-63.3146
-63.3399
-63.3654
-63.3909
-63.4166
-63.4424
-63.4682
-63.4942
-63.5202
-63.5464
-63.5726
-63.5988
-63.6252
-63.6516
-63.6781
-63.7046
-63.7312
-63.7579
-63.7846
-63.8113
-63.8381
-63.8649
-63.8917
-63.9186
-63.9455
-63.9724
-63.9993
-64.0263
-64.0532
-64.0802
-64.1071
-64.1341
-64.1611
-64.188
-64.215
-64.2419
-64.2688
-64.2957
-64.3226
-64.3495
-64.3763
-64.4031
-64.4299
-64.4567
-64.4834
-64.5101
-64.5367
-64.5633
-64.5899
-64.6164
-64.6429
-64.6693
-64.6956
-64.722
-64.7482
-64.7744
-64.8005
-64.8266
-64.8526
-64.8785
-64.7778
-64.6002
-64.3699
-64.1018
-63.806
-63.4899
-63.1593
-62.8185
-62.471
-62.1195
-61.7661
-61.4125
-61.0601
-60.7099
-60.363
-60.0199
-59.6813
-59.3476
-59.0193
-58.6966
-58.3798
-57.9584
-57.4791
-56.9647
-56.4288
-55.8807
-55.3271
-54.7727
-54.2212
-53.6752
-53.1367
-52.607
-52.087
-51.5776
-51.0789
-50.5912
-50.1145
-49.6487
-49.1937
-48.7491
-48.3146
-47.8898
-47.4742
-47.0674
-46.6689
-46.2781
-45.8946
-45.5176
-45.1468
-44.7815
-44.4211
-44.0651
-43.7129
-43.3638
-43.0174
-42.673
-42.33
-41.9878
-41.646
-41.3038
-40.9607
-40.6161
-40.2694
-39.9201
-39.5674
-39.2108
-38.7805
-38.3081
-37.8074
-37.286
-36.7484
-36.1973
-35.6342
-35.0599
-34.4746
-33.8784
-33.2708
-32.6513
-32.0193
-31.3739
-30.7144
-30.04
-29.3497
-28.6427
-27.9182
-27.1754
-26.4134
-25.6317
-24.8296
-24.0064
-23.1619
-22.2957
-21.4076
-20.4976
-19.5657
-18.6124
-17.638
-16.6434
-15.6294
-14.5971
-13.5481
-12.484
-11.4069
-10.3193
-9.22409
-8.12488
-7.02588
-5.93218
-4.84987
-3.78619
-2.74958
-1.74967
-0.797163
0.096543
0.919821
1.66149
2.31154
2.86184
3.30669
3.64314
3.87104
3.99285
4.01321
3.93846
3.77604
3.534
3.22058
2.84381
2.41133
1.93021
1.40688
0.847127
0.256102
-0.361648
-1.00211
-1.66177
-2.33754
-3.0267
-3.72686
-4.43593
-5.15207
-5.87364
-6.59921
-7.3275
-8.0574
-8.78791
-9.51815
-10.2473
-10.9748
-11.7
-12.4223
-13.1413
-13.8565
-14.5677
-15.2746
-15.9768
-16.6742
-17.3666
-18.0538
-18.7358
-19.4124
-20.0836
-20.7494
-21.4097
-22.0645
-22.714
-23.3581
-23.9969
-24.6306
-25.2591
-25.8827
-26.5015
-27.1156
-27.7253
-28.3306
-28.9319
-29.5294
-30.1232
-30.7137
-31.3011
-31.8858
-32.468
-33.0481
-33.6264
-34.2033
-34.7792
-35.3544
-35.9294
-36.5046
-37.0805
-37.6574
-38.2359
-38.8165
-39.3995
-39.9855
-40.575
-41.1684
-41.7661
-42.3686
-42.9762
-43.5894
-44.2083
-44.8331
-45.464
-46.1009
-46.7435
-47.3917
-48.0447
-48.7019
-49.3621
-50.0242
-50.6865
-51.3471
-52.0039
-52.6545
-53.2962
-53.9261
-54.5415
-55.1394
-55.717
-56.2717
-56.8013
-57.3037
-57.7776
-58.222
-58.6364
-59.0208
-59.3756
-59.7018
-60.0004
-60.273
-60.5211
-60.7466
-60.9512
-61.1368
-61.3051
-61.4579
-61.5967
-61.7231
-61.8384
-61.944
-62.041
-62.1303
-62.2131
-62.29
-62.3618
-62.4291
-62.4925
-62.5525
-62.6096
-62.664
-62.7162
-62.7664
-62.8149
-62.8618
-62.9075
-62.9519
-62.9954
-63.0379
-63.0796
-63.1207
-63.1611
-63.201
-63.2404
-63.2793
-63.3178
-63.356
-63.3939
-63.4315
-63.4688
-63.5059
-63.5428
-63.5795
-63.6159
-63.6522
-63.6884
-63.7244
-63.7602
-63.7959
-63.8315
-63.8669
-63.9022
-63.9374
-63.9724
-64.0074
-64.0422
-64.0769
-64.1116
-64.1461
-64.1805
-64.2147
-64.2489
-64.283
-64.317
-64.3508
-64.3845
-64.4182
-64.4517
-64.4851
-64.5184
-64.5516
-64.5847
-64.6177
-64.6505
-64.6833
-64.7159
-64.7484
-64.7808
-64.8131
-64.8452
-64.8773
-64.9092
-64.941
-64.9726
-65.0042
-65.0356
-65.0669
-65.0981
-65.1291
-65.16
-65.1908
-65.2214
-65.252
-65.2823
-65.3126
-65.3427
-65.3727
-65.4026
-65.4323
-65.4619
-65.4913
-65.5206
-65.5498
-65.5788
-65.6077
-65.6364
-65.665
-65.6935
-65.7218
-65.75
-65.778
-65.8059
-65.8337
-65.8613
-65.8887
-65.916
-65.9432
-65.9702
-65.9971
-66.0238
-66.0504
-66.0768
-66.1031
-66.1292
-66.1552
-66.181
-66.2067
-66.2322
-66.2576
-66.2828
-66.3079
-66.3328
-66.3576
-66.3822
-66.4066
-66.431
-66.4551
-66.4791
-66.503
-66.5267
-66.5502
-66.5736
-66.5969
-66.62
-66.6429
-66.6657
-66.6883
-66.7108
-66.7332
-66.7553
-66.7773
-66.7992
-66.8209
-66.8425
-66.8639
-66.8852
-66.9063
-66.9272
-66.948
-66.9686
-66.9891
-67.0095
-67.0296
-67.0497
-67.0696
-67.0893
-67.1089
-67.1283
-67.1476
-67.1667
-67.1856
-67.2045
-67.2231
-67.2416
-67.26
-67.2782
-67.2963
-67.3142
-67.3319
-67.216
-67.0176
-66.7616
-66.4634
-66.1337
-65.7806
-65.4101
-65.0271
-64.6353
-64.2378
-63.837
-63.4349
-63.033
-62.6327
-62.235
-61.8408
-61.4508
-61.0657
-60.6858
-60.3116
-59.9435
-59.5817
-59.2264
-58.8778
-58.5361
-58.2012
-57.8732
-57.5523
-57.2383
-56.9314
-56.6313
-56.3381
-56.0518
-55.7721
-55.4991
-55.2326
-54.9725
-54.7186
-54.4709
-54.2292
-53.9934
-53.7633
-53.5387
-53.3195
-53.1055
-52.8966
-52.6927
-52.4935
-52.2989
-52.1087
-51.9229
-51.7411
-51.5633
-51.3893
-51.219
-51.0522
-50.8888
-50.7286
-50.5714
-50.4172
-50.2658
-50.1171
-49.9709
-49.8271
-49.6856
-49.5462
-49.4088
-49.2734
-49.1398
-49.0078
-48.8775
-48.7486
-48.621
-48.4947
-48.3695
-48.2453
-48.1221
-47.9997
-47.8781
-47.757
-47.6365
-47.5164
-47.3966
-47.277
-47.1576
-47.0381
-46.9185
-46.7988
-46.6787
-46.5582
-46.4371
-46.3154
-46.1929
-46.0694
-45.945
-45.8194
-45.6924
-45.564
-45.434
-45.3022
-45.1684
-45.0326
-44.8945
-44.7539
-44.6106
-44.4644
-44.315
-44.1623
-44.006
-43.8458
-43.6814
-43.5125
-43.3388
-43.1599
-42.9755
-42.7852
-42.5885
-42.3849
-42.1741
-41.9555
-41.7284
-41.4923
-41.2466
-40.9904
-40.7232
-40.444
-40.1519
-39.846
-39.5252
-39.1884
-38.8344
-38.4619
-38.0694
-37.6554
-37.2181
-36.7558
-36.2665
-35.7481
-35.1982
-34.6144
-33.9939
-33.334
-32.6315
-31.8833
-31.0858
-30.2354
-29.3284
-28.361
-27.3292
-26.2292
-25.0574
-23.8104
-22.4855
-21.0806
-19.595
-18.0292
-16.386
-14.6702
-12.89
-11.0566
-9.18526
-7.28221
-5.38291
-3.51944
-1.72296
-0.0234955
1.5513
2.97753
4.23638
5.31499
6.20684
6.91147
7.43376
7.78282
7.97084
8.01186
7.92079
7.71253
7.40144
7.00089
6.5231
5.979
5.37829
4.72948
4.04002
3.31636
2.56412
1.78817
0.992738
0.181503
-0.642344
-1.47602
-2.3171
-3.16347
-4.01327
-4.8649
-5.71695
-6.56818
-7.41753
-8.26406
-9.10698
-9.94558
-10.7793
-11.6075
-12.4299
-13.2461
-14.0558
-14.8587
-15.6546
-16.4434
-17.225
-17.9993
-18.7663
-19.5259
-20.2782
-21.0233
-21.7612
-22.492
-23.2159
-23.933
-24.6434
-25.3474
-26.0452
-26.737
-27.423
-28.1036
-28.7789
-29.4495
-30.1155
-30.7773
-31.4354
-32.0901
-32.7418
-33.391
-34.0381
-34.6836
-35.3281
-35.972
-36.6159
-37.2603
-37.9058
-38.553
-39.2024
-39.8547
-40.5105
-41.1703
-41.8347
-42.5043
-43.1796
-43.861
-44.5489
-45.2438
-45.9457
-46.6549
-47.3713
-48.0946
-48.8245
-49.5603
-50.301
-51.0453
-51.7918
-52.5384
-53.2829
-54.0226
-54.7546
-55.4757
-56.1823
-56.8711
-57.5383
-58.1807
-58.795
-59.3785
-59.9288
-60.4443
-60.9238
-61.3669
-61.7738
-62.1451
-62.482
-62.7862
-63.0596
-63.3043
-63.5226
-63.7168
-63.8892
-64.042
-64.1773
-64.2972
-64.4034
-64.4976
-64.5813
-64.6558
-64.7225
-64.7822
-64.836
-64.8847
-64.929
-64.9695
-65.0067
-65.0412
-65.0732
-65.1033
-65.1316
-65.1584
-65.184
-65.2086
-65.2322
-65.2551
-65.2774
-65.2991
-65.3204
-65.3413
-65.3619
-65.3823
-65.4025
-65.4225
-65.4424
-65.4622
-65.482
-65.5017
-65.5214
-65.5411
-65.5607
-65.5804
-65.6001
-65.6198
-65.6396
-65.6594
-65.6792
-65.6991
-65.719
-65.739
-65.759
-65.7791
-65.7992
-65.8193
-65.8395
-65.8597
-65.88
-65.9003
-65.9207
-65.9411
-65.9615
-65.982
-66.0024
-66.023
-66.0435
-66.064
-66.0846
-66.1052
-66.1258
-66.1464
-66.167
-66.1876
-66.2083
-66.2289
-66.2495
-66.2701
-66.2908
-66.3114
-66.332
-66.3525
-66.3731
-66.3936
-66.4141
-66.4346
-66.4551
-66.4755
-66.496
-66.5163
-66.5367
-66.557
-66.5772
-66.5975
-66.6176
-66.6378
-66.6579
-66.6779
-66.6979
-66.7178
-66.7377
-66.7575
-66.7773
-66.797
-66.8166
-66.8362
-66.8557
-66.8752
-66.8945
-66.9139
-66.9331
-66.9523
-66.9714
-66.9904
-67.0093
-67.0282
-67.047
-67.0657
-67.0843
-67.1029
-67.1213
-67.1397
-67.158
-67.1762
-67.1943
-67.2124
-67.2303
-67.2482
-67.2659
-67.2836
-67.3011
-67.3186
-67.336
-67.3533
-67.3705
-67.3876
-67.4046
-67.4215
-67.4382
-67.4549
-67.4715
-67.488
-67.5044
-67.5207
-67.5369
-67.5529
-67.5689
-67.5848
-67.6005
-67.6162
-67.6317
-67.6472
-67.6625
-67.6777
-67.6928
-67.7078
-67.7227
-67.7375
-67.7521
-67.7667
-67.7812
-67.7955
-67.8097
-67.8238
-67.8378
-67.8517
-67.8655
-67.8791
-67.8927
-67.9061
-67.9194
-67.9326
-67.9457
-67.9587
-67.9716
-67.9843
-67.9969
-68.0094
-68.0218
-68.0341
-68.0463
-68.0583
-68.0703
-68.0821
-68.0938
-68.1054
-68.1169
-68.1282
-68.1395
-68.1506
-68.1616
-68.1725
-68.1833
-68.1939
-68.2045
-68.2149
-68.2252
-68.2354
-68.2455
-68.2554
-68.2653
-68.275
-68.2846
-68.2941
-68.3035
-68.3128
-68.322
-68.331
-68.3399
-68.3487
-68.3574
-68.366
-68.3745
-68.3828
-68.3911
-68.3992
-68.4072
-68.4151
-68.4229
-68.4306
-68.4381
-68.4456
-68.4529
-68.4601
-68.4672
-68.4742
-68.4811
-68.4879
-68.4946
-68.5011
-68.5075
-68.5139
-68.5201
-68.5262
-68.3936
-68.1735
-67.8909
-67.5613
-67.1959
-66.8029
-66.3888
-65.959
-65.5173
-65.0674
-64.6117
-64.1526
-63.6919
-63.2311
-62.7715
-62.3141
-61.8599
-61.4095
-60.9635
-60.5226
-60.087
-59.6573
-59.2337
-58.8164
-58.4056
-58.0015
-57.6041
-57.2136
-56.8299
-56.4531
-56.0831
-55.7199
-55.3634
-55.0135
-54.67
-54.3329
-54.0019
-53.6769
-53.3576
-53.044
-52.7356
-52.4323
-52.1339
-51.8401
-51.5505
-51.265
-50.9831
-50.7047
-50.4293
-50.1567
-49.8866
-49.6185
-49.3521
-49.0871
-48.8231
-48.5597
-48.2965
-48.033
-47.769
-47.5039
-47.2372
-46.9686
-46.6975
-46.4234
-46.1457
-45.864
-45.5776
-45.2858
-44.9881
-44.6837
-44.3718
-44.0517
-43.7226
-43.3834
-43.0332
-42.671
-42.2956
-41.9058
-41.5001
-41.0773
-40.6356
-40.1733
-39.6886
-39.1795
-38.6435
-38.0784
-37.4814
-36.8497
-36.1799
-35.4686
-34.7121
-33.9063
-33.0465
-32.1282
-31.146
-30.0946
-28.9682
-27.7608
-26.4662
-25.0783
-23.5911
-21.9991
-20.2974
-18.4826
-16.5528
-14.5083
-12.3528
-10.0936
-7.74264
-5.31712
-2.84006
-0.34035
2.14754
4.58459
6.92898
9.13849
11.1734
12.9997
14.5673
15.8688
16.9037
17.6801
18.2138
18.5255
18.6392
18.5794
18.3704
18.0344
17.5914
17.0587
16.4513
15.7817
15.0605
14.2965
13.4972
12.6686
11.816
10.9438
10.0558
9.15517
8.24466
7.32671
6.40342
5.47662
4.54791
3.61871
2.69024
1.76361
0.839772
-0.0804429
-0.996298
-1.90715
-2.81246
-3.71173
-4.60457
-5.49061
-6.36956
-7.24118
-8.10527
-8.96166
-9.81023
-10.6509
-11.4836
-12.3083
-13.1249
-13.9336
-14.7343
-15.527
-16.3119
-17.089
-17.8584
-18.6203
-19.3747
-20.1218
-20.8618
-21.5948
-22.321
-23.0406
-23.7539
-24.461
-25.1622
-25.8578
-26.548
-27.2331
-27.9135
-28.5895
-29.2613
-29.9296
-30.5945
-31.2565
-31.916
-32.5736
-33.2297
-33.8847
-34.5393
-35.1939
-35.8491
-36.5055
-37.1638
-37.8244
-38.488
-39.1553
-39.8269
-40.5033
-41.1853
-41.8733
-42.5679
-43.2697
-43.9789
-44.6959
-45.421
-46.1541
-46.8952
-47.6439
-48.3996
-49.1614
-49.9283
-50.6985
-51.4703
-52.2412
-53.0086
-53.7694
-54.5203
-55.2575
-55.9772
-56.6757
-57.3492
-57.9942
-58.6076
-59.1868
-59.7297
-60.235
-60.7022
-61.1312
-61.5227
-61.8778
-62.1983
-62.4862
-62.7437
-62.9732
-63.1772
-63.3581
-63.5183
-63.6601
-63.7856
-63.8967
-63.9952
-64.0827
-64.1608
-64.2305
-64.2931
-64.3495
-64.4007
-64.4473
-64.49
-64.5294
-64.5659
-64.6
-64.6321
-64.6624
-64.6912
-64.7188
-64.7453
-64.7709
-64.7958
-64.82
-64.8437
-64.8669
-64.8898
-64.9124
-64.9348
-64.957
-64.979
-65.0009
-65.0227
-65.0445
-64.9474
-64.7841
-64.5793
-64.3475
-64.0979
-63.8372
-63.5701
-63.2998
-63.029
-62.7594
-62.4924
-62.2291
-61.9701
-61.7161
-61.4673
-61.2242
-60.987
-60.7556
-60.5303
-60.3111
-60.0979
-59.8907
-59.6895
-59.4942
-59.3048
-59.1211
-58.9431
-58.7706
-58.6036
-58.4419
-58.2854
-58.134
-57.9876
-57.8461
-57.7094
-57.5773
-57.4497
-57.3265
-57.2077
-57.0931
-56.9826
-56.8761
-56.7735
-56.6747
-56.5796
-56.4882
-56.4003
-56.3158
-56.2347
-56.1569
-56.0822
-56.0107
-55.9423
-55.8768
-55.8142
-55.7545
-55.6975
-55.6433
-55.5916
-55.5426
-55.4961
-55.452
-55.4104
-55.3711
-55.3341
-55.2993
-55.2668
-55.2364
-55.2081
-55.1818
-55.1576
-55.1354
-55.1151
-55.0966
-55.0801
-55.0653
-55.0523
-55.0411
-55.0315
-55.0237
-55.0174
-55.0128
-55.0097
-55.0082
-55.0081
-55.0096
-55.0125
-55.0168
-55.0225
-55.0296
-55.038
-55.0477
-55.0587
-55.0709
-55.0844
-55.0991
-55.1149
-55.132
-55.1501
-55.1694
-55.1897
-55.2112
-55.2336
-55.2571
-55.2816
-55.3071
-55.3335
-55.3609
-55.3892
-55.4183
-55.4484
-55.4794
-55.5111
-55.5437
-55.5771
-55.6113
-55.6463
-55.682
-55.7185
-55.7556
-55.7935
-55.832
-55.8712
-55.9111
-55.9516
-55.9927
-56.0344
-56.0767
-56.1195
-56.1629
-56.2069
-56.2514
-56.2963
-56.3418
-56.3878
-56.4342
-56.481
-56.5284
-56.5761
-56.6242
-56.6727
-56.7217
-56.7709
-56.8206
-56.8706
-56.9209
-56.9715
-57.0224
-57.0737
-57.1252
-57.177
-57.229
-57.2813
-57.3338
-57.3866
-57.4396
-57.4927
-57.5461
-57.5996
-57.6534
-57.7072
-57.7613
-57.8155
-57.8698
-57.9242
-57.9788
-58.0334
-58.0882
-58.143
-58.1979
-58.2529
-58.308
-58.3631
-58.4182
-58.4734
-58.5287
-58.5839
-58.6392
-58.6945
-58.7497
-58.805
-58.8603
-58.9155
-58.9708
-59.0259
-59.0811
-59.1362
-59.1913
-59.2463
-59.3012
-59.3561
-59.4109
-59.4657
-59.5203
-59.5749
-59.6294
-59.6838
-59.7381
-59.7922
-59.8463
-59.9002
-59.9541
-60.0078
-60.0614
-60.1148
-60.1682
-60.2213
-60.2744
-60.3273
-60.38
-60.4326
-60.4851
-60.5373
-60.5895
-60.6414
-60.6932
-60.7448
-60.7963
-60.8476
-60.8987
-60.9496
-61.0003
-61.0509
-61.1012
-61.1514
-61.2014
-61.2512
-61.3008
-61.3502
-61.3994
-61.4484
-61.4972
-61.5458
-61.5941
-61.6423
-61.6903
-61.7381
-61.7856
-61.833
-61.8801
-61.927
-61.9737
-62.0202
-62.0664
-62.1125
-62.1583
-62.2039
-62.2493
-62.2944
-62.3393
-62.384
-62.4285
-62.4728
-62.5168
-62.5606
-62.6042
-62.6475
-62.6906
-62.7335
-62.7762
-62.8186
-62.8608
-62.9028
-62.9445
-62.986
-63.0273
-63.0683
-63.1091
-63.1497
-63.19
-63.2301
-63.27
-63.3096
-63.349
-63.3882
-63.4272
-63.4659
-63.5043
-63.5426
-63.5806
-63.6184
-63.6559
-63.6932
-63.7303
-63.7671
-63.8037
-63.8401
-63.8763
-63.9122
-63.9479
-63.9833
-64.0185
-64.0535
-64.0883
-64.1228
-64.1571
-64.1912
-64.225
-64.2586
-64.292
-64.3252
-64.3581
-64.3908
-64.4233
-64.4555
-64.4875
-64.5193
-64.5509
-64.5823
-64.6134
-64.6443
-64.675
-64.7054
-64.7356
-64.7656
-64.7954
-64.825
-64.8543
-64.8835
-64.9124
-64.9411
-64.9695
-64.9978
-65.0258
-65.0536
-65.0812
-65.1086
-65.1358
-65.1628
-65.1895
-65.2161
-65.2424
-65.2685
-65.2944
-65.3201
-65.3456
-65.3709
-65.3959
-65.4208
-65.4454
-65.4699
-65.4941
-65.5182
-65.542
-65.5656
-65.5891
-65.6123
-65.6353
-65.6582
-65.6808
-65.7032
-65.7254
-65.7475
-65.7693
-65.7909
-65.8124
-65.8336
-65.8547
-65.8755
-65.8962
-65.9167
-65.937
-65.9571
-65.977
-65.9967
-66.0162
-66.0356
-66.0547
-66.0737
-66.0925
-66.1111
-66.1295
-66.1477
-66.1658
-66.1837
-66.2013
-66.2189
-66.2362
-66.2533
-66.2703
-66.2871
-66.3037
-66.3202
-66.3365
-66.2175
-66.0122
-65.7448
-65.4301
-65.0788
-64.699
-64.2969
-63.8777
-63.4453
-63.0031
-62.5537
-62.0993
-61.6418
-61.1826
-60.7231
-60.2641
-59.8067
-59.3515
-58.8992
-58.4503
-58.0052
-57.5642
-57.1277
-56.6958
-56.2687
-55.8465
-55.4294
-55.0172
-54.61
-54.2078
-53.8104
-53.4176
-53.0294
-52.6455
-52.2656
-51.8895
-51.517
-51.1476
-50.7809
-50.4166
-50.0543
-49.6935
-49.3336
-48.9741
-48.6145
-48.2541
-47.8923
-47.5284
-47.1616
-46.7912
-46.4162
-46.0358
-45.649
-45.2548
-44.852
-44.4394
-44.0156
-43.5794
-43.1291
-42.663
-42.1793
-41.6761
-41.151
-40.6018
-40.0258
-39.42
-38.7812
-38.106
-37.3903
-36.6299
-35.8199
-34.9551
-34.0297
-33.0372
-31.9708
-30.8226
-29.5846
-28.2479
-26.8033
-25.2409
-23.5513
-21.7248
-19.7529
-17.6285
-15.347
-12.9075
-10.3143
-7.57838
-4.71921
-1.76598
1.24163
4.25367
7.21174
10.0524
12.7124
15.1339
17.2708
19.0925
20.5856
21.7534
22.6127
23.1901
23.5173
23.6277
23.5536
23.3244
22.9658
22.4996
21.944
21.3138
20.6214
19.8765
19.0874
18.2609
17.4026
16.5171
15.6087
14.6807
13.7364
12.7783
11.8088
10.8301
9.84416
8.85261
7.85702
6.85879
5.85917
4.8593
3.8602
2.86277
1.86784
0.876142
-0.111672
-1.09502
-2.0734
-3.04636
-4.0135
-4.97449
-5.92904
-6.8769
-7.81787
-8.75179
-9.67851
-10.5979
-11.51
-12.4146
-13.3119
-14.2016
-15.084
-15.9591
-16.8268
-17.6873
-18.5408
-19.3873
-20.227
-21.06
-21.8865
-22.7068
-23.5211
-24.3295
-25.1325
-25.9302
-26.723
-27.5113
-28.2954
-29.0758
-29.8528
-30.6269
-31.3987
-32.1686
-32.9372
-33.7052
-34.473
-35.2415
-36.0112
-36.7829
-37.5573
-38.3353
-39.1176
-39.905
-40.6984
-41.4986
-42.3064
-43.1226
-43.9481
-44.7836
-45.6297
-46.487
-47.3561
-48.2373
-49.1307
-50.0364
-50.9539
-51.8826
-52.8216
-53.7694
-54.7243
-55.6838
-56.645
-57.6047
-58.5587
-59.5027
-60.4317
-61.3406
-62.2241
-63.0767
-63.8934
-64.6696
-65.4013
-66.0852
-66.7191
-67.3019
-67.8333
-68.3142
-68.7463
-69.1318
-69.4738
-69.7755
-70.0403
-70.2719
-70.4738
-70.6492
-70.8014
-70.9333
-71.0474
-71.1462
-71.2317
-71.3059
-71.3703
-71.4262
-71.475
-71.5177
-71.5552
-71.5882
-71.6173
-71.6432
-71.6663
-71.6871
-71.7058
-71.7227
-71.7382
-71.7523
-71.7654
-71.7775
-71.7887
-71.7993
-71.8092
-71.8185
-71.8274
-71.8359
-71.8439
-71.8517
-71.8592
-71.8664
-71.8733
-71.8801
-71.8867
-71.893
-71.8993
-71.9053
-71.9113
-71.9171
-71.9228
-71.9283
-71.9338
-71.9391
-71.9443
-71.9495
-71.9545
-71.9595
-71.9643
-71.9691
-71.9738
-71.9783
-71.9828
-71.9872
-71.9916
-71.9958
-71.9999
-72.004
-72.008
-72.0119
-72.0157
-72.0194
-72.023
-72.0266
-72.03
-72.0334
-72.0367
-72.0399
-72.043
-72.046
-72.0489
-72.0518
-72.0545
-72.0572
-72.0598
-72.0622
-72.0646
-72.0669
-72.0691
-72.0712
-72.0732
-72.0752
-72.077
-72.0787
-72.0804
-72.0819
-72.0834
-72.0847
-72.086
-72.0872
-72.0882
-72.0892
-72.0901
-72.0908
-72.0915
-72.0921
-72.0926
-72.093
-72.0933
-72.0935
-72.0936
-72.0936
-72.0935
-72.0932
-72.0929
-72.0925
-72.092
-72.0914
-72.0907
-72.0899
-72.089
-72.0881
-72.087
-72.0858
-72.0845
-72.0831
-72.0816
-72.08
-72.0783
-72.0765
-72.0746
-72.0726
-72.0705
-72.0683
-72.066
-72.0636
-72.0611
-72.0585
-72.0558
-72.053
-72.0501
-72.0471
-72.044
-72.0408
-72.0375
-72.0342
-72.0307
-72.0271
-72.0234
-72.0196
-72.0157
-72.0117
-72.0077
-72.0035
-71.9992
-71.9949
-71.9904
-71.9858
-71.9812
-71.9764
-71.9716
-71.9666
-71.9616
-71.9564
-71.9512
-71.9459
-71.9404
-71.9349
-71.9293
-71.9236
-71.9178
-71.9119
-71.9059
-71.8998
-71.8937
-71.8874
-71.8811
-71.8746
-71.8681
-71.8614
-71.8547
-71.8479
-71.841
-71.834
-71.8269
-71.8198
-71.8125
-71.8052
-71.7978
-71.7902
-71.7826
-71.7749
-71.7672
-71.7593
-71.7513
-71.7433
-71.7352
-71.727
-71.7187
-71.7103
-71.7019
-71.6933
-71.6847
-71.676
-71.6672
-71.6584
-71.6494
-71.6404
-71.6313
-71.6221
-71.6128
-71.6035
-71.594
-71.5845
-71.575
-71.5653
-71.5556
-71.5458
-71.5359
-71.5259
-71.5159
-71.5058
-71.4956
-71.4853
-71.475
-71.4646
-71.4541
-71.4436
-71.433
-71.4223
-71.4115
-71.4007
-71.3898
-71.3788
-71.3678
-71.3567
-71.3455
-71.3343
-71.323
-71.3116
-71.3002
-71.2887
-71.2771
-71.2655
-71.2538
-71.242
-71.2302
-71.2183
-71.2064
-71.1944
-71.1823
-71.1702
-71.158
-71.1458
-71.1334
-71.1211
-71.1087
-71.0962
-71.0836
-71.0711
-71.0584
-71.0457
-71.0329
-71.0201
-71.0073
-70.9943
-70.9814
-70.9683
-70.9553
-70.9421
-70.9289
-70.9157
-70.9024
-70.8891
-70.8757
-70.8623
-70.8488
-70.8353
-70.8217
-70.8081
-70.7944
-70.7807
-70.7669
-70.7531
-70.7393
-70.7254
-70.7115
-70.6975
-70.6835
-70.6694
-70.6553
-70.6412
-70.627
-70.6127
-70.5985
-70.5842
-70.5698
-70.5555
-70.541
-70.5266
-70.5121
-70.4976
-70.483
-70.4684
-70.4538
-70.4391
-70.4244
-70.4097
-70.3949
-70.3801
-70.3653
-70.3504
-70.3355
-70.3206
-70.3056
-70.2906
-70.2756
-70.2606
-70.2455
-70.2304
-70.2153
-70.2001
-70.185
-70.1698
-70.1545
-70.1393
-70.124
-70.1087
-70.0934
-70.078
-70.0626
-70.0473
-70.0318
-70.0164
-70.0009
-69.9855
-69.97
-69.9544
-69.9389
-69.9233
-69.9078
-69.8922
-69.8765
-69.8609
-69.8453
-69.8296
-69.8139
-69.7982
-69.7825
-69.7668
-69.7511
-69.7353
-69.7195
-69.7038
-69.688
-69.6722
-69.6564
-69.6405
-69.6247
-69.6088
-69.593
-69.5771
-69.5612
-69.5453
-69.5295
-69.5135
-69.4976
-69.4817
-69.4658
-69.4499
-69.4339
-69.418
-69.402
-69.3861
-69.3701
-69.3541
-69.3382
-69.3222
-69.3062
-69.2902
-69.2743
-69.2583
-69.2423
-69.2263
-69.2103
-69.1943
-69.1783
-69.1623
-69.1463
-69.1304
-69.1144
-69.0984
-69.0824
-69.0664
-69.0504
-69.0344
-69.0185
-69.0025
-68.9865
-68.9705
-68.9546
-68.9386
-68.9227
-68.9067
-68.8908
-68.8748
-68.8589
-68.843
-68.8271
-68.8111
-68.7952
-68.7793
-68.7635
-68.7476
-68.7317
-68.7158
-68.7
-68.6841
-68.6683
-68.6525
-68.6366
-68.6208
-68.605
-68.5893
-68.5735
-68.5577
-68.542
-68.5262
-68.5105
-68.4948
-68.4791
-68.4634
-68.4477
-68.4321
-68.4164
-68.4008
-68.3852
-68.3696
-68.354
-68.3384
-68.3228
-68.3073
-68.2918
-68.2763
-68.2608
-68.2453
-68.2298
-68.2144
-68.199
-68.1835
-68.1682
-68.1528
-68.1374
-68.1221
-68.1068
-68.0915
-68.0762
-68.0609
-68.0457
-68.0305
-68.0152
-68.0001
-67.9849
-67.9698
-67.9546
-67.9395
-67.9245
-67.9094
-67.8944
-67.8794
-67.8644
-67.8494
-67.8345
-67.8195
-67.8046
-67.7898
-67.7749
-67.7601
-67.7453
-67.7305
-67.7157
-67.701
-67.6863
-67.6716
-67.6569
-67.6423
-67.6276
-67.613
-67.5985
-67.5839
-67.5694
-67.5549
-67.5405
-67.526
-67.5116
-67.4972
-67.4829
-67.4685
-67.4542
-67.44
-67.4257
-67.4115
-67.3973
-67.3831
-67.369
-67.3549
-67.3408
-67.3267
-67.3127
-67.2987
-67.2847
-67.2708
-67.2569
-67.243
-67.2291
-67.2153
-67.2015
-67.1878
-67.174
-67.1603
-67.1466
-67.133
-67.1193
-67.1058
-67.0922
-67.0787
-67.0652
-67.0517
-67.0383
-67.0249
-67.0115
-66.9982
-66.9848
-66.9716
-66.9583
-66.9451
-66.9319
-66.9188
-66.9057
-66.8926
-66.8795
-66.8665
-66.8535
-66.8406
-66.8276
-66.8147
-66.8019
-66.7891
-66.7763
-66.7635
-66.7508
-66.7381
-66.7254
-66.7128
-66.7002
-66.6876
-66.6751
-66.6626
-66.6501
-66.6377
-66.6253
-66.613
-66.6006
-66.5883
-66.5761
-66.5639
-66.5517
-66.5395
-66.5274
-66.5154
-66.5033
-66.4913
-66.4793
-66.4674
-66.4555
-66.4436
-66.4318
-66.42
-66.4083
-66.3965
-66.3849
-66.3732
-66.3616
-66.35
-66.3385
-66.327
-66.3155
-66.3041
-66.2927
-66.2813
-66.27
-66.2587
-66.2474
-66.2362
-66.225
-66.2139
-66.2028
-66.1917
-66.1807
-66.1697
-66.1587
-66.1478
-66.1369
-66.1261
-66.1152
-66.1045
-66.0937
-66.083
-66.0724
-66.0618
-66.0512
-66.0406
-66.0301
-66.0197
-66.0092
-65.9989
-65.9885
-65.9782
-65.9679
-65.9577
-65.9475
-65.9374
-65.9272
-65.9172
-65.9071
-65.8971
-65.8872
-65.8772
-65.8673
-65.8575
-65.8477
-65.8379
-65.8282
-65.8185
-65.8088
-65.7992
-65.7896
-65.7801
-65.7706
-65.7611
-65.7517
-65.7423
-65.733
-65.7237
-65.7144
-65.7052
-65.696
-65.6869
-65.6777
-65.6687
-65.6597
-65.6507
-65.6417
-65.6328
-65.6239
-65.6151
-65.6063
-65.5976
-65.5889
-65.5802
-65.5716
-65.563
-65.5545
-65.5459
-65.5375
-65.5291
-65.5207
-65.5123
-65.504
-65.4958
-65.4876
-65.4794
-65.4713
-65.4632
-65.4551
-65.4471
-65.4391
-65.4312
-65.4233
-65.4155
-65.4077
-65.3999
-65.3922
-65.3845
-65.3768
-65.3692
-65.3617
-65.3541
-65.3467
-65.3392
-65.3318
-65.3244
-65.3171
-65.3098
-65.3026
-65.2954
-65.2882
-65.2811
-65.274
-65.267
-65.26
-65.253
-65.2461
-65.2392
-65.2324
-65.2256
-65.2188
-65.2121
-65.2054
-65.1988
-65.1922
-65.1857
-65.1792
-65.1727
-65.1663
-65.1599
-65.1535
-65.1472
-65.141
-65.1347
-65.1286
-65.1224
-65.1163
-65.1103
-65.1043
-65.0983
-65.0924
-65.0865
-65.0806
-65.0748
-65.0691
-65.0633
-65.0576
-65.052
-65.0464
-65.0409
-65.0353
-65.0299
-65.0244
-65.019
-65.0137
-65.0084
-65.0031
-64.8632
-64.6357
-64.3437
-64.0018
-63.6201
-63.2067
-62.7678
-62.3084
-61.8327
-61.344
-60.8449
-60.3376
-59.8241
-59.3057
-58.7836
-58.259
-57.7324
-57.2046
-56.676
-56.1468
-55.6175
-55.0879
-54.5581
-54.0279
-53.4971
-52.9653
-52.4321
-51.8969
-51.3589
-50.8174
-50.2714
-49.7198
-49.1612
-48.5942
-48.0173
-47.4285
-46.8258
-46.2067
-45.5687
-44.9088
-44.2235
-43.509
-42.7611
-41.9747
-41.1443
-40.2636
-39.3252
-38.3209
-37.2413
-36.0754
-34.8111
-33.4341
-31.9287
-30.2767
-28.4582
-26.4512
-24.2319
-21.7759
-19.0588
-16.0589
-12.7604
-9.15724
-5.25922
-1.09773
3.26899
7.75338
12.2412
16.6001
20.6943
24.4015
27.6293
30.3253
32.4793
34.1187
35.2971
36.0823
36.5449
36.7503
36.7545
36.6026
36.3293
35.9605
35.5153
35.0074
34.4469
33.8413
33.1961
32.5157
31.8035
31.0626
30.2953
29.5039
28.6905
27.8569
27.0047
26.1357
25.2513
24.353
23.4422
22.5202
21.5883
20.6476
19.6992
18.7443
17.7839
16.8189
15.8501
14.8786
13.9049
12.93
11.9545
10.979
10.0042
9.03054
8.05861
7.08886
6.12174
5.15763
4.1969
3.23987
2.28683
1.33806
0.393774
-0.545807
-1.48051
-2.41017
-3.33466
-4.25388
-5.16772
-6.07612
-6.97901
-7.87636
-8.76816
-9.65439
-10.5351
-11.4102
-12.2799
-13.1441
-14.0029
-14.8565
-15.7048
-16.548
-17.3863
-18.2197
-19.0485
-19.8727
-20.6926
-21.5084
-22.3203
-23.1287
-23.9337
-24.7356
-25.5349
-26.3319
-27.127
-27.9206
-28.7133
-29.5055
-30.2978
-31.0908
-31.8852
-32.6816
-33.4809
-34.2838
-35.0912
-35.904
-36.7231
-37.5495
-38.3842
-39.2284
-40.083
-40.9492
-41.8281
-42.7208
-43.6283
-44.5516
-45.4914
-46.4487
-47.4237
-48.4167
-49.4277
-50.456
-51.5006
-52.56
-53.6318
-54.7128
-55.7993
-56.8866
-57.9689
-59.0401
-60.0932
-61.1208
-62.1153
-63.0694
-63.9763
-64.83
-65.6256
-66.3597
-67.0305
-67.6375
-68.1819
-68.6659
-69.093
-69.467
-69.7926
-70.0745
-70.3175
-70.5262
-70.7049
-70.8575
-70.9878
-71.099
-71.1938
-71.2747
-71.3439
-71.4032
-71.4541
-71.498
-71.536
-71.569
-71.5978
-71.6231
-71.6454
-71.6653
-71.683
-71.699
-71.7134
-71.7266
-71.7387
-71.7499
-71.7603
-71.77
-71.7792
-71.7878
-71.7961
-71.804
-71.8115
-71.8188
-71.8259
-71.8327
-71.8393
-71.8458
-71.8521
-71.8583
-71.8643
-71.8703
-71.8761
-71.8818
-71.8874
-71.893
-71.8984
-71.9038
-71.9091
-71.9143
-71.9195
-71.9246
-71.9296
-71.9345
-71.9394
-71.9442
-71.9489
-71.9536
-71.9582
-71.9627
-71.9671
-71.9715
-71.9758
-71.98
-71.9842
-71.9883
-71.9923
-71.9963
-72.0002
-72.004
-72.0077
-72.0113
-72.0149
-72.0184
-72.0218
-72.0252
-72.0284
-72.0316
-72.0347
-72.0377
-72.0407
-72.0435
-72.0463
-72.049
-72.0516
-72.0542
-72.0566
-72.059
-72.0612
-72.0634
-72.0655
-72.0675
-72.0695
-72.0713
-72.073
-72.0747
-72.0763
-71.9369
-71.7125
-71.4303
-71.107
-70.7541
-70.3801
-69.9914
-69.5929
-69.1885
-68.7811
-68.3732
-67.9666
-67.5628
-67.1629
-66.768
-66.3788
-65.9958
-65.6196
-65.2505
-64.8888
-64.5348
-64.1885
-63.85
-63.5196
-63.1971
-62.8825
-62.5759
-62.2772
-61.9863
-61.7031
-61.4276
-61.1597
-60.8991
-60.6458
-60.3998
-60.1607
-59.9285
-59.7031
-59.4843
-59.272
-59.066
-58.8662
-58.6724
-58.4845
-58.3023
-58.1258
-57.9547
-57.789
-57.6284
-57.473
-57.3224
-57.1767
-57.0357
-56.8992
-56.7672
-56.6395
-56.5161
-56.3968
-56.2814
-56.17
-56.0625
-55.9586
-55.8583
-55.7616
-55.6684
-55.5785
-55.4919
-55.4085
-55.3282
-55.251
-55.1768
-55.1055
-55.0371
-54.9714
-54.9085
-54.8483
-54.7907
-54.7356
-54.6831
-54.633
-54.5854
-54.5401
-54.4972
-54.4565
-54.4181
-54.3819
-54.3478
-54.3159
-54.2861
-54.2583
-54.2325
-54.2088
-54.187
-54.1671
-54.1491
-54.133
-54.1188
-54.1064
-54.0958
-54.0869
-54.0798
-54.0745
-54.0708
-54.0688
-54.0685
-54.0698
-54.0728
-54.0773
-54.0834
-54.0911
-54.1003
-54.111
-54.1232
-54.137
-54.1522
-54.1688
-54.1868
-54.2063
-54.2272
-54.2494
-54.2731
-54.298
-54.3243
-54.3519
-54.3808
-54.4109
-54.4423
-54.475
-54.5089
-54.5439
-54.5802
-54.6177
-54.6562
-54.696
-54.7368
-54.7787
-54.8218
-54.8658
-54.911
-54.9571
-55.0042
-55.0524
-55.1015
-55.1515
-55.2024
-55.2543
-55.307
-55.3607
-55.4151
-55.4704
-55.5265
-55.5833
-55.641
-55.6993
-55.7584
-55.8182
-55.8787
-55.9398
-56.0015
-56.0639
-56.1268
-56.1903
-56.2544
-56.319
-56.3841
-56.4497
-56.5157
-56.5822
-56.6491
-56.7164
-56.7841
-56.8521
-56.9205
-56.9891
-57.0581
-57.1274
-57.1969
-57.2666
-57.3366
-57.4067
-57.4771
-57.5475
-57.6182
-57.6889
-57.7597
-57.8307
-57.9017
-57.9727
-58.0438
-58.1149
-58.186
-58.257
-58.3281
-58.399
-58.47
-58.5408
-58.6116
-58.6822
-58.7528
-58.8232
-58.8934
-58.9635
-59.0334
-59.1032
-59.1727
-59.2421
-59.3112
-59.3802
-59.4488
-59.5173
-59.5855
-59.6534
-59.7211
-59.7884
-59.8555
-59.9223
-59.9889
-60.0551
-60.1209
-60.1865
-60.2518
-60.3167
-60.3813
-60.4455
-60.5094
-60.573
-60.6362
-60.699
-60.7615
-60.8236
-60.8853
-60.9467
-61.0077
-61.0684
-61.1286
-61.1885
-61.248
-61.3071
-61.3658
-61.4241
-61.4821
-61.5397
-61.5968
-61.6536
-61.71
-61.766
-61.8216
-61.8769
-61.9317
-61.9861
-62.0402
-62.0938
-62.1471
-62.2
-62.2525
-62.3046
-62.3563
-62.4076
-62.4585
-62.5091
-62.5593
-62.609
-62.6584
-62.7075
-62.7561
-62.8044
-62.8523
-62.8998
-62.9469
-62.9937
-63.0401
-63.0861
-63.1318
-63.1771
-63.222
-63.2666
-63.3108
-63.3547
-63.3982
-63.4413
-63.4841
-63.5265
-63.5686
-63.6104
-63.6518
-63.6928
-63.7335
-63.7739
-63.8139
-63.8536
-63.893
-63.932
-63.9707
-64.0091
-64.0471
-64.0848
-64.1222
-64.1593
-64.1961
-64.2325
-64.2686
-64.3044
-64.3399
-64.3751
-64.41
-64.4446
-64.4788
-64.5128
-64.5465
-64.5799
-64.6129
-64.6457
-64.6782
-64.7104
-64.7423
-64.7739
-64.8052
-64.8363
-64.867
-64.8975
-64.9277
-64.9576
-64.9873
-65.0167
-65.0458
-65.0746
-65.1032
-65.1315
-65.1595
-65.1873
-65.2148
-65.2421
-65.269
-65.2958
-65.3223
-65.3485
-65.3744
-65.4002
-65.4256
-65.4509
-65.4758
-65.5006
-65.525
-65.5493
-65.5733
-65.5971
-65.6206
-65.6439
-65.6669
-65.6898
-65.7124
-65.7347
-65.7569
-65.7788
-65.8005
-65.8219
-65.8432
-65.8642
-65.885
-65.9055
-65.9259
-65.946
-65.966
-65.9857
-66.0052
-66.0245
-66.0435
-66.0624
-66.0811
-66.0995
-66.1178
-66.1358
-66.1537
-66.1713
-66.1888
-66.206
-66.2231
-66.2399
-66.2566
-66.2731
-66.2893
-66.3054
-66.3213
-66.337
-66.3525
-66.3678
-66.383
-66.3979
-66.4127
-66.4273
-66.4417
-66.456
-66.47
-66.4839
-66.4976
-66.5111
-66.5245
-66.5376
-66.5506
-66.5635
-66.5761
-66.5886
-66.601
-66.6131
-66.6251
-66.6369
-66.6486
-66.6601
-66.6714
-66.6826
-66.6936
-66.7045
-66.7152
-66.5891
-66.3752
-66.0975
-65.771
-65.4065
-65.0121
-64.5942
-64.158
-63.7075
-63.2463
-62.777
-62.3019
-61.8228
-61.3414
-60.8589
-60.3764
-59.8949
-59.415
-58.9374
-58.4627
-57.9912
-57.5234
-57.0595
-56.5997
-56.1441
-55.6929
-55.2461
-54.8036
-54.3653
-53.9312
-53.5012
-53.0749
-52.6521
-52.2325
-51.8158
-51.4015
-50.9892
-50.5785
-50.1687
-49.7592
-49.3495
-48.9388
-48.5263
-48.1112
-47.6926
-47.2695
-46.8409
-46.4055
-45.9623
-45.5097
-45.0464
-44.5707
-44.0809
-43.5751
-43.0511
-42.5067
-41.9394
-41.3463
-40.7243
-40.07
-39.3796
-38.6488
-37.8729
-37.0467
-36.1643
-35.2192
-34.2042
-33.1112
-31.9315
-30.6554
-29.2723
-27.7708
-26.1391
-24.3646
-22.4348
-20.3379
-18.0634
-15.6034
-12.954
-10.1176
-7.10457
-3.93582
-0.64448
2.72287
6.10663
9.43638
12.6354
15.6272
18.3429
20.7282
22.749
24.3928
25.6677
26.5982
27.2191
27.5707
27.6938
27.6262
27.4015
27.0479
26.5888
26.0429
25.4251
24.7473
24.019
23.2477
22.4397
21.6002
20.7334
19.8429
18.932
18.0036
17.06
16.1035
15.1361
14.1597
13.1759
12.1862
11.192
10.1947
9.19528
8.19487
7.19443
6.19483
5.19686
4.20124
3.20862
2.21959
1.23465
0.254288
-0.7211
-1.69115
-2.65553
-3.61399
-4.56627
-5.51218
-6.45155
-7.38425
-8.31017
-9.22922
-10.1414
-11.0465
-11.9447
-12.836
-13.7203
-14.5978
-15.4684
-16.3322
-17.1895
-18.0401
-18.8844
-19.7225
-20.5544
-21.3805
-22.2008
-23.0157
-23.8254
-24.6301
-25.4302
-26.226
-27.0177
-27.8059
-28.5909
-29.3731
-30.153
-30.9311
-31.708
-32.4842
-33.2604
-34.0371
-34.8151
-35.5951
-36.3778
-37.1641
-37.9547
-38.7506
-39.5525
-40.3613
-41.178
-42.0035
-42.8386
-43.6841
-44.541
-45.4099
-46.2915
-47.1862
-48.0945
-49.0165
-49.9521
-50.9009
-51.8622
-52.8346
-53.8167
-54.8062
-55.8003
-56.7956
-57.7883
-58.7737
-59.7467
-60.7018
-61.6332
-62.535
-63.4015
-64.2274
-65.0078
-65.7389
-66.4178
-67.0428
-67.6132
-68.1295
-68.5933
-69.0069
-69.3734
-69.6961
-69.9789
-70.2256
-70.44
-70.6257
-70.7862
-70.9248
-71.0443
-71.1473
-71.2361
-71.3128
-71.3791
-71.4364
-71.4862
-71.5296
-71.5675
-71.6007
-71.63
-71.6559
-71.6789
-71.6995
-71.718
-71.7347
-71.7499
-71.7638
-71.7766
-71.7885
-71.7995
-71.8098
-71.8195
-71.8286
-71.8373
-71.8456
-71.8535
-71.8611
-71.8684
-71.8755
-71.8823
-71.8889
-71.8954
-71.9017
-71.9078
-71.9138
-71.9197
-71.9254
-71.9311
-71.9366
-71.942
-71.9473
-71.9526
-71.9577
-71.9627
-71.9677
-71.9725
-71.9773
-71.982
-71.9866
-71.9911
-71.9956
-71.9999
-72.0042
-72.0084
-72.0125
-72.0166
-72.0205
-72.0244
-72.0282
-72.0319
-72.0355
-72.0391
-72.0425
-72.0459
-72.0492
-72.0524
-72.0555
-72.0586
-72.0615
-72.0644
-72.0672
-72.0699
-72.0725
-72.075
-72.0774
-72.0797
-72.082
-72.0841
-72.0862
-72.0881
-72.09
-72.0918
-72.0935
-72.0951
-72.0966
-72.098
-72.0994
-72.1006
-72.1017
-72.1028
-72.1037
-72.1046
-72.1053
-72.106
-72.1065
-72.107
-72.1074
-72.1076
-72.1078
-72.1079
-72.1079
-72.1078
-72.1075
-72.1072
-72.1068
-72.1063
-72.1057
-72.105
-72.1042
-72.1033
-72.1023
-72.1012
-72.1
-72.0987
-72.0973
-72.0958
-72.0942
-72.0925
-72.0907
-72.0888
-72.0868
-72.0847
-72.0825
-72.0802
-72.0779
-72.0754
-72.0728
-72.0701
-72.0673
-72.0644
-72.0615
-72.0584
-72.0552
-72.0519
-72.0485
-72.0451
-72.0415
-72.0378
-72.0341
-72.0302
-71.882
-71.6439
-71.3426
-70.9948
-70.6122
-70.2034
-69.7753
-69.3332
-68.8814
-68.4232
-67.9615
-67.4984
-67.0358
-66.5751
-66.1176
-65.6644
-65.2161
-64.7735
-64.3373
-63.9078
-63.4854
-63.0705
-62.6633
-62.264
-61.8727
-61.4896
-61.1147
-60.7481
-60.3897
-60.0396
-59.6977
-59.3639
-59.0382
-58.7205
-58.4107
-58.1086
-57.8142
-57.5273
-57.2478
-56.9755
-56.7102
-56.4518
-56.2002
-55.9551
-55.7164
-55.4839
-55.2574
-55.0369
-54.822
-54.6126
-54.4086
-54.2097
-54.0159
-53.8268
-53.6425
-53.4627
-53.2872
-53.1159
-52.9486
-52.7852
-52.6256
-52.4695
-52.3169
-52.1676
-52.0215
-51.8784
-51.7383
-51.601
-51.4664
-51.3343
-51.2047
-51.0774
-50.9524
-50.8295
-50.7086
-50.5897
-50.4726
-50.3573
-50.2437
-50.1316
-50.021
-49.9119
-49.8041
-49.6975
-49.5921
-49.4878
-49.3845
-49.2822
-49.1808
-49.0802
-48.9803
-48.8811
-48.7825
-48.6844
-48.5868
-48.4896
-48.3927
-48.296
-48.1996
-48.1033
-48.007
-47.9107
-47.8143
-47.7178
-47.621
-47.5238
-47.4263
-47.3282
-47.2296
-47.1303
-47.0303
-46.9294
-46.8276
-46.7247
-46.6207
-46.5154
-46.4087
-46.3005
-46.1907
-46.0791
-45.9656
-45.85
-45.7322
-45.6121
-45.4894
-45.3639
-45.2355
-45.0176
-44.745
-44.4336
-44.0924
-43.7273
-43.342
-42.9392
-42.5205
-42.0869
-41.6389
-41.1767
-40.7
-40.1334
-39.5094
-38.8428
-38.1414
-37.4101
-36.6514
-35.8666
-35.0562
-34.2197
-33.3564
-32.4649
-31.5437
-30.5908
-29.6044
-28.5823
-27.5225
-26.4229
-25.2814
-24.0962
-22.8658
-21.589
-20.265
-18.8935
-17.4751
-16.0111
-14.5037
-12.9562
-11.3733
-9.76089
-8.12626
-6.47835
-4.82772
-3.18663
-1.56897
0.00979926
1.53289
2.98261
4.34098
5.5906
6.71563
7.70285
8.54258
9.22924
9.76164
10.1427
10.379
10.4798
10.4563
10.3206
10.085
9.76171
9.36191
8.89597
8.37316
7.80167
7.18866
6.54039
5.86224
5.15889
4.4344
3.69227
2.93556
2.16692
1.38867
0.602853
-0.188742
-0.984541
-1.78315
-2.58336
-3.38408
-4.18435
-4.98333
-5.78028
-6.57455
-7.36555
-8.1528
-8.93585
-9.71431
-10.4879
-11.2562
-12.0192
-12.7765
-13.528
-14.2736
-15.0132
-15.7466
-16.4739
-17.195
-17.91
-18.6187
-19.3213
-20.0178
-20.7082
-21.3927
-22.0713
-22.7442
-23.4115
-24.0734
-24.7299
-25.3814
-26.0279
-26.6697
-27.3071
-27.9402
-28.5694
-29.1949
-29.8171
-30.4362
-31.0526
-31.6667
-32.2788
-32.8894
-33.4988
-34.1076
-34.7161
-35.3248
-35.9342
-36.5449
-37.1573
-37.772
-38.3896
-39.0104
-39.6351
-40.2642
-40.8983
-41.5376
-42.1828
-42.8341
-43.4918
-44.1562
-44.8274
-45.5052
-46.1894
-46.8797
-47.5753
-48.2753
-48.9785
-49.6834
-50.3882
-51.0907
-51.7884
-52.4785
-53.1582
-53.8242
-54.4734
-55.1027
-55.709
-56.2896
-56.8422
-57.3648
-57.856
-58.315
-58.7414
-59.1354
-59.4978
-59.8296
-60.1321
-60.4071
-60.6564
-60.882
-61.0857
-61.2697
-61.4358
-61.5858
-61.7215
-61.8444
-61.956
-62.0577
-62.1506
-62.2358
-62.3144
-62.387
-62.4545
-62.5176
-62.5767
-62.6325
-62.6854
-62.7357
-62.7838
-62.8299
-62.8744
-62.9174
-62.9591
-62.9998
-63.0395
-63.0783
-63.1165
-63.1539
-63.1909
-63.2273
-63.2633
-63.2989
-63.3342
-63.3693
-63.404
-63.4385
-63.4729
-63.507
-63.541
-63.5748
-63.6085
-63.6421
-63.6755
-63.7089
-63.7422
-63.7753
-63.8084
-63.8414
-63.8744
-63.9072
-63.94
-63.9728
-64.0054
-64.038
-64.0705
-64.103
-64.1354
-64.1677
-64.2
-64.2321
-64.2643
-64.2963
-64.3283
-64.3602
-64.3921
-64.4238
-64.4555
-64.4872
-64.5187
-64.5502
-64.5816
-64.6129
-64.6441
-64.6753
-64.7063
-64.7373
-64.7682
-64.799
-64.8297
-64.8603
-64.8908
-64.9213
-64.9516
-64.9818
-65.012
-65.042
-65.0719
-65.1018
-65.1315
-65.1611
-65.1906
-65.22
-65.2493
-65.2785
-65.3076
-65.3366
-65.3654
-65.3942
-65.4228
-65.4513
-65.4797
-65.508
-65.5361
-65.5641
-65.592
-65.6198
-65.6475
-65.675
-65.7024
-65.7297
-65.7569
-65.7839
-65.8108
-65.8376
-65.8643
-65.8908
-65.9172
-65.9434
-65.9695
-65.9955
-66.0214
-66.0471
-66.0727
-66.0981
-66.1235
-66.1486
-66.1737
-66.1986
-66.2234
-66.248
-66.2725
-66.2968
-66.321
-66.3451
-66.3691
-66.3928
-66.4165
-66.44
-66.4634
-66.4866
-66.5097
-66.5326
-66.5554
-66.5781
-66.6006
-66.623
-66.6452
-66.6673
-66.6892
-66.711
-66.7327
-66.7542
-66.7756
-66.7968
-66.8179
-66.8388
-66.8596
-66.8802
-66.9007
-66.9211
-66.9413
-66.9614
-66.9813
-67.0011
-67.0207
-67.0402
-67.0595
-67.0787
-67.0978
-67.1167
-67.1354
-67.1541
-67.1725
-67.1909
-67.209
-67.2271
-67.245
-67.2627
-67.2803
-67.2978
-67.3151
-67.3323
-67.3493
-67.3662
-67.3829
-67.3995
-67.416
-67.4323
-67.4485
-67.4645
-67.4804
-67.4962
-67.5118
-67.5272
-67.5426
-67.5577
-67.5728
-67.5877
-67.6024
-67.6171
-67.6316
-67.6459
-67.6601
-67.6742
-67.6881
-67.7019
-67.7155
-67.729
-67.7424
-67.7556
-67.7687
-67.6459
-67.4381
-67.1704
-66.8581
-66.5122
-66.1407
-65.75
-65.3451
-64.9299
-64.5077
-64.0809
-63.6517
-63.2218
-62.7926
-62.3652
-61.9406
-61.5197
-61.1031
-60.6913
-60.2848
-59.884
-59.4892
-59.1007
-58.7187
-58.3433
-57.9746
-57.6128
-57.2579
-56.9098
-56.5687
-56.2344
-55.907
-55.5863
-55.2722
-54.9647
-54.6636
-54.3688
-54.0801
-53.7975
-53.5206
-53.2494
-52.9836
-52.7231
-52.4677
-52.2171
-51.9711
-51.7296
-51.4923
-51.259
-51.0295
-50.8035
-50.5809
-50.3613
-50.1446
-49.9305
-49.7188
-49.5093
-49.3016
-49.0957
-48.8911
-48.6878
-48.4854
-48.2837
-48.0825
-47.8814
-47.6802
-47.4787
-47.2766
-47.0736
-46.8694
-46.6638
-46.4563
-46.2468
-46.0348
-45.8201
-45.6022
-45.3809
-45.1557
-44.8405

