-65
-64.9994
-64.9988
-64.9982
-64.9977
-64.9971
-64.9965
-64.996
-64.9954
-64.9949
-64.9943
-64.9938
-64.9932
-64.9927
-64.9922
-64.9917
-64.9912
-64.9906
-64.9901
-64.9896
-64.9891
-64.9886
-64.9881
-64.9876
-64.9872
-64.9867
-64.9862
-64.9857
-64.9852
-64.9848
-64.9843
-64.9838
-64.9834
-64.9829
-64.9825
-64.982
-64.9816
-64.9811
-64.9807
-64.9802
-64.9798
-64.9794
-64.9789
-64.9785
-64.9781
-64.9777
-64.9772
-64.9768
-64.9764
-64.976
-64.9756
-64.9752
-64.9748
-64.9744
-64.974
-64.9736
-64.9732
-64.9728
-64.9725
-64.9721
-64.9717
-64.9713
-64.971
-64.9706
-64.9702
-64.9699
-64.9695
-64.9692
-64.9688
-64.9685
-64.9681
-64.9678
-64.9675
-64.9671
-64.9668
-64.9665
-64.9661
-64.9658
-64.9655
-64.9652
-64.9649
-64.9646
-64.9642
-64.9639
-64.9636
-64.9633
-64.963
-64.9628
-64.9625
-64.9622
-64.9619
-64.9616
-64.9613
-64.9611
-64.9608
-64.9605
-64.9603
-64.96
-64.9598
-64.9595
-64.9592
-64.959
-64.9588
-64.9585
-64.9583
-64.958
-64.9578
-64.9576
-64.9573
-64.9571
-64.9569
-64.9567
-64.9565
-64.9562
-64.956
-64.9558
-64.9556
-64.9554
-64.9552
-64.955
-64.9548
-64.9546
-64.9545
-64.9543
-64.9541
-64.9539
-64.9537
-64.9536
-64.9534
-64.9532
-64.9531
-64.9529
-64.9527
-64.9526
-64.9524
-64.9523
-64.9521
-64.952
-64.9519
-64.9517
-64.9516
-64.9514
-64.9513
-64.9512
-64.9511
-64.9509
-64.9508
-64.9507
-64.9506
-64.9505
-64.9504
-64.9503
-64.9502
-64.95
-64.9499
-64.9499
-64.9498
-64.9497
-64.9496
-64.9495
-64.9494
-64.9493
-64.9492
-64.9492
-64.9491
-64.949
-64.9489
-64.9489
-64.9488
-64.9487
-64.9487
-64.9486
-64.9486
-64.9485
-64.9485
-64.9484
-64.9484
-64.9483
-64.9483
-64.9482
-64.9482
-64.9482
-64.9481
-64.9481
-64.9481
-64.948
-64.948
-64.948
-64.948
-64.948
-64.9479
-64.9479
-64.9479
-64.9479
-64.9479
-64.9479
-64.9479
-64.9479
-64.9479
-64.9479
-64.9479
-64.9479
-64.9479
-64.9479
-64.9479
-64.9479
-64.9479
-64.9479
-64.948
-64.948
-64.948
-64.948
-64.9481
-64.9481
-64.9481
-64.9481
-64.9482
-64.9482
-64.9482
-64.9483
-64.9483
-64.9483
-64.9484
-64.9484
-64.9485
-64.9485
-64.9486
-64.9486
-64.9487
-64.9487
-64.9488
-64.9488
-64.9489
-64.9489
-64.949
-64.9491
-64.9491
-64.9492
-64.9492
-64.9493
-64.9494
-64.9494
-64.9495
-64.9496
-64.9497
-64.9497
-64.9498
-64.9499
-64.95
-64.95
-64.9501
-64.9502
-64.9503
-64.9504
-64.9504
-64.9505
-64.9506
-64.9507
-64.9508
-64.9509
-64.951
-64.951
-64.9511
-64.9512
-64.9513
-64.9514
-64.9515
-64.9516
-64.9517
-64.9518
-64.9519
-64.952
-64.9521
-64.9522
-64.9523
-64.9524
-64.9525
-64.9526
-64.9527
-64.9528
-64.9529
-64.953
-64.9532
-64.9533
-64.9534
-64.9535
-64.9536
-64.9537
-64.9538
-64.9539
-64.954
-64.9542
-64.9543
-64.9544
-64.9545
-64.9546
-64.9547
-64.9548
-64.955
-64.9551
-64.9552
-64.9553
-64.9554
-64.9556
-64.9557
-64.9558
-64.9559
-64.956
-64.9562
-64.9563
-64.9564
-64.9565
-64.9566
-64.9568
-64.9569
-64.957
-64.9571
-64.9573
-64.9574
-64.9575
-64.9576
-64.9578
-64.9579
-64.958
-64.9581
-64.9583
-64.9584
-64.9585
-64.9587
-64.9588
-64.9589
-64.959
-64.9592
-64.9593
-64.9594
-64.9595
-64.9597
-64.9598
-64.9599
-64.96
-64.9602
-64.9603
-64.9604
-64.9606
-64.9607
-64.9608
-64.9609
-64.9611
-64.9612
-64.9613
-64.9614
-64.9616
-64.9617
-64.9618
-64.962
-64.9621
-64.9622
-64.9623
-64.9625
-64.9626
-64.9627
-64.9628
-64.963
-64.9631
-64.9632
-64.9633
-64.9635
-64.9636
-64.9637
-64.9638
-64.964
-64.9641
-64.9642
-64.9643
-64.9645
-64.9646
-64.9647
-64.9648
-64.9649
-64.9651
-64.9652
-64.9653
-64.9654
-64.9655
-64.9657
-64.9658
-64.9659
-64.966
-64.9661
-64.9663
-64.9664
-64.9665
-64.9666
-64.9667
-64.9668
-64.967
-64.9671
-64.9672
-64.9673
-64.9674
-64.9675
-64.9677
-64.9678
-64.9679
-64.968
-64.9681
-64.9682
-64.9683
-64.9684
-64.9685
-64.9687
-64.9688
-64.9689
-64.969
-64.9691
-64.9692
-64.9693
-64.9694
-64.9695
-64.9696
-64.9697
-64.9698
-64.9699
-64.97
-64.9701
-64.9702
-64.9703
-64.9704
-64.9705
-64.9706
-64.9707
-64.9708
-64.9709
-64.971
-64.9711
-64.9712
-64.9713
-64.9714
-64.9715
-64.9716
-64.9717
-64.9718
-64.9719
-64.972
-64.9721
-64.9722
-64.9722
-64.9723
-64.9724
-64.9725
-64.9726
-64.9727
-64.9728
-64.9729
-64.9729
-64.973
-64.9731
-64.9732
-64.9733
-64.9734
-64.9734
-64.9735
-64.9736
-64.9737
-64.9738
-64.9738
-64.9739
-64.974
-64.9741
-64.9741
-64.9742
-64.9743
-64.9744
-64.9744
-64.9745
-64.9746
-64.9747
-64.9747
-64.9748
-64.9749
-64.9749
-64.975
-64.9751
-64.9751
-64.9752
-64.9753
-64.9753
-64.9754
-64.9755
-64.9755
-64.9756
-64.9757
-64.9757
-64.9758
-64.9758
-64.9759
-64.976
-64.976
-64.9761
-64.9761
-64.9762
-64.9762
-64.9763
-64.9764
-64.9764
-64.9765
-64.9765
-64.9766
-64.9766
-64.9767
-64.9767
-64.9768
-64.9768
-64.9769
-64.9769
-64.977
-64.977
-64.9771
-64.9771
-64.9771
-64.9772
-64.9772
-64.9773
-64.9773
-64.9774
-64.9774
-64.9774
-64.9775
-64.9775
-64.9776
-64.9776
-64.9776
-64.9777
-64.9777
-64.9778
-64.9778
-64.9778
-64.9779
-64.9779
-64.8433
-64.6211
-64.3345
-63.9979
-63.6215
-63.2134
-62.7798
-62.3257
-61.8552
-61.3717
-60.8777
-60.3756
-59.8672
-59.3539
-58.8369
-58.3173
-57.7959
-57.2731
-56.7496
-56.2256
-55.7013
-55.1769
-54.6523
-54.1275
-53.602
-53.0758
-52.5482
-52.0187
-51.4867
-50.9514
-50.3116
-49.6064
-48.8539
-48.0645
-47.2445
-46.3979
-45.5265
-44.6308
-43.7099
-42.7617
-41.783
-40.7697
-39.7163
-38.6166
-37.4629
-36.2465
-34.9572
-33.5836
-32.1125
-30.5293
-28.8176
-26.9596
-24.936
-22.7267
-20.3113
-17.6709
-14.7897
-11.6576
-8.27429
-4.65289
-0.824256
3.15995
7.22651
11.2833
15.2262
18.9487
22.3537
25.364
27.9296
30.0313
31.6792
32.907
33.7644
34.308
34.5946
34.6753
34.5938
34.385
34.0757
33.6863
33.2319
32.7236
32.1696
31.5761
30.948
30.2889
29.6021
28.8902
28.1554
27.3998
26.6253
25.8335
25.0259
24.2041
23.3694
22.5231
21.6664
20.8006
19.9266
19.0455
18.1583
17.2659
16.3692
15.469
14.5661
13.6612
12.755
11.848
10.941
10.0344
9.12876
8.22455
7.32222
6.42215
5.52472
4.63027
3.7391
2.85149
1.9677
1.08795
0.212453
-0.658621
-1.52511
-2.38686
-3.24377
-4.09573
-4.94265
-5.78446
-6.62111
-7.45254
-8.27874
-9.09968
-9.91537
-10.7258
-11.531
-12.331
-13.1258
-13.9155
-14.7001
-15.4797
-16.2545
-17.0244
-17.7896
-18.5502
-19.3063
-20.0581
-20.8058
-21.5495
-22.2894
-23.0257
-23.7587
-24.4886
-25.2157
-25.9404
-26.6629
-27.3835
-28.1028
-28.8211
-29.5389
-30.2566
-30.9748
-31.6941
-32.415
-33.1382
-33.8643
-34.5941
-35.3283
-36.0676
-36.8129
-37.565
-38.3247
-39.0929
-39.8705
-40.6582
-41.4569
-42.2673
-43.09
-43.9256
-44.7744
-45.6367
-46.5123
-47.4008
-48.3015
-49.2131
-50.134
-51.0619
-51.9938
-52.9265
-53.8557
-54.7768
-55.6846
-56.5738
-57.4387
-58.2737
-59.0735
-59.8333
-60.5491
-61.2178
-61.8371
-62.4061
-62.9248
-63.394
-63.8157
-64.1923
-64.5268
-64.8224
-65.0828
-65.3113
-65.5116
-65.6867
-65.8399
-65.974
-66.0914
-66.1945
-66.2853
-66.3656
-66.4369
-66.5006
-66.5578
-66.6094
-66.6563
-66.6993
-66.739
-66.7757
-66.8101
-66.8424
-66.873
-66.9022
-66.9301
-66.9569
-66.9829
-67.008
-67.0325
-67.0565
-67.08
-67.1031
-67.1258
-67.1482
-67.1704
-67.1923
-67.214
-67.2356
-67.257
-67.2783
-67.2994
-67.3205
-67.3414
-67.3623
-67.3831
-67.4038
-67.4244
-67.445
-67.4655
-67.4859
-67.5063
-67.5266
-67.5468
-67.567
-67.5872
-67.6073
-67.6273
-67.6473
-67.6672
-67.687
-67.7068
-67.7266
-67.7463
-67.7659
-67.7854
-67.8049
-67.8243
-67.8437
-67.863
-67.8822
-67.9013
-67.9204
-67.9394
-67.9583
-67.9772
-67.9959
-68.0146
-68.0333
-68.0518
-68.0702
-68.0886
-68.1069
-68.1251
-68.1432
-68.1612
-68.1792
-68.197
-68.2148
-68.2324
-68.25
-68.2675
-68.2848
-68.3021
-68.3193
-68.3364
-68.3534
-68.3703
-68.3871
-68.4038
-68.4203
-68.4368
-68.4532
-68.4695
-68.4856
-68.5017
-68.5177
-68.5335
-68.5492
-68.5649
-68.5804
-68.5958
-68.6111
-68.6263
-68.6414
-68.6563
-68.6712
-68.6859
-68.7005
-68.715
-68.7294
-68.7437
-68.7578
-68.7719
-68.7858
-68.7996
-68.8133
-68.8269
-68.8403
-68.8537
-68.8669
-68.88
-68.893
-68.9058
-68.9186
-68.9312
-68.9437
-68.9561
-68.9683
-68.9805
-68.9925
-69.0044
-69.0162
-69.0278
-69.0393
-69.0507
-69.062
-69.0732
-69.0842
-69.0952
-69.106
-69.1166
-69.1272
-69.1376
-69.1479
-69.1581
-69.1682
-69.1781
-69.188
-69.1977
-69.2072
-69.2167
-69.226
-69.2352
-69.2443
-69.2533
-69.2621
-69.2709
-69.2795
-69.2879
-69.2963
-69.3045
-69.3127
-69.3207
-69.3285
-69.3363
-69.3439
-69.3514
-69.3588
-69.3661
-69.3733
-69.3803
-69.3872
-69.394
-69.4007
-69.4072
-69.4137
-69.42
-69.4262
-69.4323
-69.4383
-69.4441
-69.4498
-69.4555
-69.461
-69.4663
-69.4716
-69.4768
-69.4818
-69.4867
-69.4915
-69.4962
-69.5008
-69.5053
-69.5096
-69.5139
-69.518
-69.522
-69.5259
-69.5297
-69.5333
-69.5369
-69.5404
-69.5437
-69.5469
-69.55
-69.5531
-69.556
-69.5587
-69.5614
-69.564
-69.5665
-69.5688
-69.5711
-69.5732
-69.5753
-69.5772
-69.579
-69.5807
-69.4418
-69.2141
-68.9232
-68.585
-68.2107
-67.8088
-67.3859
-66.9472
-66.497
-66.0386
-65.5748
-65.1079
-64.6396
-64.1716
-63.705
-63.241
-62.7805
-62.3241
-61.8726
-61.4264
-60.986
-60.5517
-60.1239
-59.7027
-59.2885
-58.8812
-58.481
-58.0881
-57.7023
-57.3238
-56.9525
-56.5883
-56.2312
-55.881
-55.5377
-55.2012
-54.8711
-54.5475
-54.2301
-53.9187
-53.613
-53.313
-53.0183
-52.7286
-52.4438
-52.1635
-51.8876
-51.6156
-51.3473
-51.0825
-50.8208
-50.5619
-50.3055
-50.0513
-49.7989
-49.548
-49.2982
-49.0493
-48.8007
-48.5523
-48.3035
-48.054
-47.8034
-47.5512
-47.297
-47.0405
-46.7809
-46.518
-46.2512
-45.9798
-45.7034
-45.4213
-45.1329
-44.8375
-44.5343
-44.2225
-43.9014
-43.57
-43.2273
-42.8722
-42.5036
-42.1203
-41.721
-41.304
-40.868
-40.411
-39.9312
-39.4265
-38.8947
-38.3332
-37.7393
-37.1101
-36.4421
-35.732
-34.9758
-34.1692
-33.3077
-32.3864
-31.3999
-30.3425
-29.2083
-27.991
-26.6843
-25.2817
-23.777
-22.1644
-20.4388
-18.5965
-16.6355
-14.5561
-12.3618
-10.0604
-7.66386
-5.19002
-2.66243
-0.110668
2.43006
4.91996
7.31638
9.57627
11.6591
13.53
15.1621
16.539
17.6548
18.5136
19.1282
19.5171
19.7029
19.7093
19.5599
19.2768
18.8798
18.3866
17.812
17.1689
16.4679
15.7181
14.927
14.101
13.2454
12.365
11.4635
10.5446
9.611
8.66549
7.71033
6.74755
5.77898
4.80621
3.83068
2.85368
1.87635
0.899708
-0.0753464
-1.048
-2.01755
-2.98336
-3.94489
-4.90163
-5.85319
-6.79918
-7.73932
-8.67332
-9.60097
-10.5221
-11.4366
-12.3442
-13.2451
-14.139
-15.026
-15.9061
-16.7793
-17.6457
-18.5054
-19.3584
-20.2049
-21.045
-21.8789
-22.7068
-23.5289
-24.3455
-25.1567
-25.9629
-26.7645
-27.5617
-28.3549
-29.1446
-29.9311
-30.715
-31.4968
-32.2768
-33.0559
-33.8345
-34.6133
-35.3929
-36.1741
-36.9576
-37.7441
-38.5346
-39.3296
-40.1302
-40.9371
-41.7512
-42.5734
-43.4044
-44.2451
-45.0962
-45.9583
-46.8321
-47.7181
-48.6165
-49.5275
-50.451
-51.3866
-52.3336
-53.291
-54.2572
-55.2304
-56.208
-57.187
-58.164
-59.1349
-60.0951
-61.0396
-61.9633
-62.8606
-63.7263
-64.5551
-65.3424
-66.0843
-66.7774
-67.4197
-68.01
-68.5481
-69.0349
-69.472
-69.862
-70.2078
-70.5126
-70.7802
-71.014
-71.2175
-71.3943
-71.5475
-71.68
-71.7945
-71.8934
-71.9789
-72.0527
-72.1166
-72.1719
-72.2199
-72.2617
-72.2981
-72.3299
-72.3579
-72.3825
-72.4042
-72.4235
-72.4407
-72.456
-72.4699
-72.4824
-72.4937
-72.5041
-72.5135
-72.5223
-72.5303
-72.5378
-72.5448
-72.5514
-72.5576
-72.5634
-72.5689
-72.5741
-72.5791
-72.5838
-72.5883
-72.5927
-72.5969
-72.6009
-72.6047
-72.6084
-72.612
-72.6155
-72.6188
-72.622
-72.6251
-72.6281
-72.631
-72.6338
-72.6364
-72.639
-72.6415
-72.6439
-72.6462
-72.6484
-72.6505
-72.6525
-72.6545
-72.6563
-72.658
-72.6597
-72.6613
-72.6627
-72.6641
-72.6654
-72.6666
-72.6677
-72.6687
-72.6697
-72.6705
-72.6712
-72.6719
-72.6724
-72.6729
-72.6733
-72.6736
-72.6737
-72.6738
-72.6738
-72.6737
-72.6736
-72.6733
-72.6729
-72.6724
-72.6719
-72.6712
-72.6704
-72.6696
-72.6686
-72.6676
-72.6665
-72.6652
-72.6639
-72.6625
-72.6609
-72.6593
-72.6576
-72.6558
-72.6539
-72.6518
-72.6497
-72.6475
-72.6452
-72.6428
-72.6403
-72.6377
-72.635
-72.6322
-72.6293
-72.6263
-72.6232
-72.62
-72.6168
-72.6134
-72.6099
-72.6063
-72.6026
-72.5988
-72.595
-72.591
-72.5869
-72.5828
-72.5785
-72.5741
-72.5697
-72.5651
-72.5604
-72.5557
-72.5508
-72.5459
-72.5408
-72.5357
-72.5305
-72.5251
-72.5197
-72.5142
-72.5085
-72.5028
-72.497
-72.4911
-72.4851
-72.479
-72.4728
-72.4665
-72.4601
-72.4536
-72.4471
-72.4404
-72.4336
-72.4268
-72.4199
-72.4128
-72.4057
-72.3985
-72.3911
-72.3837
-72.3762
-72.3687
-72.361
-72.3532
-72.3453
-72.3374
-72.3293
-72.3212
-72.313
-72.3047
-72.2963
-72.2878
-72.2792
-72.2706
-72.2618
-72.253
-72.2441
-72.2351
-72.226
-72.2168
-72.2076
-72.1982
-72.1888
-72.1793
-72.1697
-72.16
-72.1503
-72.1404
-72.1305
-72.1205
-72.1104
-72.1002
-72.09
-72.0797
-72.0693
-72.0588
-72.0482
-72.0376
-72.0268
-72.016
-72.0052
-71.8478
-71.5976
-71.2807
-70.9138
-70.5084
-70.0734
-69.6159
-69.1413
-68.6542
-68.158
-67.6559
-67.1501
-66.6428
-66.1356
-65.6298
-65.1266
-64.6271
-64.132
-63.642
-63.1577
-62.6797
-62.2082
-61.7438
-61.2866
-60.8368
-60.3947
-59.9604
-59.534
-59.1155
-58.705
-58.3025
-57.9078
-57.521
-57.142
-56.7707
-56.4069
-56.0506
-55.7014
-55.3593
-55.0241
-54.6955
-54.3734
-54.0574
-53.7474
-53.4431
-53.1441
-52.8503
-52.5614
-52.277
-51.9968
-51.7206
-51.4479
-51.1786
-50.9122
-50.6484
-50.3869
-50.1272
-49.8692
-49.6122
-49.3561
-49.1004
-48.8447
-48.5885
-48.3316
-48.0733
-47.8133
-47.5511
-47.2863
-47.0182
-46.7463
-46.4702
-46.1891
-45.9025
-45.6097
-45.3099
-45.0025
-44.6866
-44.3613
-44.0258
-43.6789
-43.3197
-42.9469
-42.5593
-42.1554
-41.7338
-41.2928
-40.8307
-40.3454
-39.8349
-39.2967
-38.7283
-38.1268
-37.4892
-36.812
-36.0916
-35.3238
-34.5044
-33.6284
-32.6907
-31.6857
-30.6075
-29.4498
-28.206
-26.8693
-25.4332
-23.8908
-22.2363
-20.4643
-18.5709
-16.5541
-14.4145
-12.156
-9.78665
-7.31921
-4.77203
-2.16918
0.45951
3.07902
5.65016
8.13125
10.4802
12.6573
14.6272
16.3623
17.8438
19.063
20.0213
20.7286
21.2016
21.4617
21.5325
21.4377
21.2004
20.8414
20.3793
19.8302
19.2077
18.5233
17.7867
17.006
16.1879
15.3381
14.4615
13.5622
12.6438
11.7094
10.7618
9.80324
8.83593
7.86174
6.88236
5.89927
4.91383
3.92722
2.94053
1.95472
0.970644
-0.0109401
-0.989353
-1.964
-2.93434
-3.89993
-4.86035
-5.81527
-6.76438
-7.70743
-8.64421
-9.57454
-10.4983
-11.4154
-12.3257
-13.2292
-14.1259
-15.0158
-15.8989
-16.7753
-17.645
-18.5082
-19.3649
-20.2154
-21.0597
-21.898
-22.7306
-23.5577
-24.3795
-25.1964
-26.0086
-26.8165
-27.6204
-28.4207
-29.218
-30.0125
-30.8049
-31.5957
-32.3854
-33.1747
-33.9642
-34.7545
-35.5465
-36.3408
-37.1383
-37.9397
-38.746
-39.558
-40.3765
-41.2025
-42.0369
-42.8806
-43.7344
-44.5991
-45.4756
-46.3645
-47.2663
-48.1814
-49.1101
-50.0524
-51.0078
-51.9759
-52.9555
-53.9452
-54.9431
-55.9465
-56.9524
-57.9571
-58.9563
-59.9453
-60.9187
-61.871
-62.7964
-63.6892
-64.544
-65.3556
-66.1199
-66.8335
-67.4941
-68.1005
-68.6526
-69.1513
-69.5984
-69.9966
-70.3491
-70.6593
-70.9309
-71.1679
-71.3738
-71.5523
-71.7066
-71.8399
-71.9548
-72.0539
-72.1392
-72.2129
-72.2764
-72.3313
-72.3788
-72.4201
-72.4559
-72.4872
-72.5145
-72.5385
-72.5596
-72.5783
-72.5949
-72.6096
-72.6229
-72.6348
-72.6455
-72.6553
-72.6641
-72.6723
-72.6798
-72.6867
-72.6931
-72.6991
-72.7047
-72.71
-72.7149
-72.7196
-72.724
-72.7282
-72.7322
-72.736
-72.7396
-72.7431
-72.7464
-72.7496
-72.7526
-72.7555
-72.7583
-72.761
-72.7636
-72.766
-72.7684
-72.7707
-72.7728
-72.7749
-72.7769
-72.7787
-72.7805
-72.7822
-72.7838
-72.7853
-72.7867
-72.788
-72.7893
-72.7904
-72.7915
-72.7924
-72.7933
-72.7941
-72.7948
-72.7954
-72.7959
-72.7964
-72.7967
-72.7969
-72.7971
-72.7972
-72.7971
-72.797
-72.7968
-72.7965
-72.7961
-72.7956
-72.7951
-72.7944
-72.7936
-72.7928
-72.7918
-72.7908
-72.7896
-72.7884
-72.7871
-72.7857
-72.7841
-72.7825
-72.7808
-72.779
-72.6338
-72.4011
-72.1085
-71.7728
-71.4057
-71.0159
-70.61
-70.1931
-69.7693
-69.3417
-68.9129
-68.4848
-68.0591
-67.637
-67.2196
-66.8078
-66.4021
-66.0031
-65.6113
-65.227
-64.8505
-64.4819
-64.1214
-63.769
-63.4249
-63.0891
-62.7615
-62.4421
-62.1309
-61.8278
-61.5327
-61.2455
-60.9661
-60.6944
-60.4302
-60.1735
-59.924
-59.6817
-59.4464
-59.2179
-58.9961
-58.7809
-58.5721
-58.3695
-58.1731
-57.9825
-57.7978
-57.6188
-57.4453
-57.2771
-57.1142
-56.9564
-56.8036
-56.6556
-56.5124
-56.3737
-56.2395
-56.1097
-55.9841
-55.8627
-55.7452
-55.6317
-55.5221
-55.4161
-55.3138
-55.215
-55.1197
-55.0277
-54.939
-54.8536
-54.7713
-54.692
-54.6157
-54.5423
-54.4718
-54.4041
-54.3392
-54.2769
-54.2172
-54.1601
-54.1055
-54.0534
-54.0037
-53.9564
-53.9114
-53.8687
-53.8283
-53.7901
-53.754
-53.7201
-53.6884
-53.6587
-53.631
-53.6054
-53.5817
-53.56
-53.5403
-53.5225
-53.5065
-53.4924
-53.4802
-53.4698
-53.4612
-53.4543
-53.4493
-53.4459
-53.4443
-53.4444
-53.3437
-53.1835
-52.9833
-52.7548
-52.5057
-52.2418
-51.9673
-51.6852
-51.3979
-51.1074
-50.8149
-50.5216
-50.2283
-49.9355
-49.6439
-49.3536
-49.0651
-48.7783
-48.4936
-48.2108
-47.93
-47.6511
-47.3741
-47.0989
-46.8253
-46.5532
-46.2824
-46.0128
-45.744
-45.476
-45.2083
-44.9409
-44.6734
-44.4055
-44.137
-43.8675
-43.5967
-43.3243
-43.0499
-42.7733
-42.4939
-42.2114
-41.9254
-41.6355
-41.3412
-41.0421
-40.7377
-40.4274
-40.1108
-39.7873
-39.4563
-39.1172
-38.7693
-38.4119
-38.0444
-37.666
-37.2759
-36.8732
-36.4571
-36.0266
-35.5807
-35.1184
-34.6387
-34.1403
-33.6221
-33.0828
-32.5212
-31.9358
-31.3253
-30.6883
-30.0232
-29.3285
-28.6029
-27.8446
-27.0524
-26.2246
-25.36
-24.4573
-23.5153
-22.5331
-21.5099
-20.4454
-19.3394
-18.1923
-17.0049
-15.7785
-14.5154
-13.2182
-11.891
-10.5384
-9.16654
-7.78274
-6.39583
-5.01615
-3.65566
-2.32784
-1.04745
0.169867
1.30819
2.35213
3.28767
4.10305
4.7895
5.34166
5.75778
6.0395
6.19148
6.2207
6.13589
5.94677
5.6635
5.29624
4.85472
4.34809
3.78476
3.17231
2.51755
1.82652
1.10453
0.356291
-0.414094
-1.203
-2.00727
-2.82409
-3.65103
-4.48593
-5.32689
-6.17223
-7.02049
-7.87035
-8.72068
-9.57047
-10.4188
-11.265
-12.1083
-12.9481
-13.7839
-14.6154
-15.442
-16.2635
-17.0797
-17.8903
-18.6952
-19.4942
-20.2873
-21.0743
-21.8554
-22.6305
-23.3997
-24.163
-24.9206
-25.6726
-26.4191
-27.1605
-27.8968
-28.6283
-29.3554
-30.0783
-30.7973
-31.5128
-32.2251
-32.9348
-33.6422
-34.3477
-35.0518
-35.7551
-36.4581
-37.1613
-37.8652
-38.5705
-39.2778
-39.9876
-40.7006
-41.4174
-42.1386
-42.8649
-43.5968
-44.335
-45.0798
-45.832
-46.5918
-47.3596
-48.1358
-48.9203
-49.7133
-50.5144
-51.3235
-52.1397
-52.9622
-53.7899
-54.6212
-55.4541
-56.2866
-57.1158
-57.9388
-58.7522
-59.5524
-60.3354
-61.0972
-61.8338
-62.5414
-63.2164
-63.8557
-64.4567
-65.0176
-65.5372
-66.0153
-66.452
-66.8484
-67.2062
-67.5273
-67.8141
-68.0693
-68.2955
-68.4954
-68.6718
-68.8272
-68.964
-69.0844
-69.1904
-69.2839
-69.3664
-69.4395
-69.5043
-69.5621
-69.6137
-69.6601
-69.7019
-69.7398
-69.7743
-69.8059
-69.8349
-69.8618
-69.8868
-69.9102
-69.9322
-69.9529
-69.9726
-69.9914
-70.0093
-70.0265
-70.0431
-70.0592
-70.0747
-70.0898
-70.1046
-70.119
-70.133
-70.1468
-70.1604
-70.1737
-70.1867
-70.1996
-70.2123
-70.2249
-70.2372
-70.2495
-70.2615
-70.2735
-70.2853
-70.2969
-70.3085
-70.3199
-70.3312
-70.3424
-70.3535
-70.3645
-70.3754
-70.3861
-70.3968
-70.4074
-70.4178
-70.4282
-70.4384
-70.4486
-70.4586
-70.4685
-70.4784
-70.4881
-70.4977
-70.5072
-70.5167
-70.526
-70.5352
-70.5443
-70.5533
-70.5622
-70.571
-70.5797
-70.5883
-70.5968
-70.6051
-70.6134
-70.6215
-70.6296
-70.6375
-70.6454
-70.6531
-70.6607
-70.6682
-70.6756
-70.6829
-70.6901
-70.6972
-70.7041
-70.711
-70.7177
-70.7244
-70.7309
-70.7373
-70.7436
-70.7498
-70.7558
-70.7618
-70.7676
-70.7734
-70.779
-70.7845
-70.7899
-70.7952
-70.8003
-70.8054
-70.8103
-70.8152
-70.8199
-70.8245
-70.829
-70.8334
-70.8376
-70.8418
-70.8458
-70.8497
-70.8536
-70.8573
-70.8608
-70.8643
-70.8677
-70.8709
-70.874
-70.8771
-70.88
-70.8828
-70.8854
-70.888
-70.8905
-70.8928
-70.895
-70.8971
-70.8992
-70.901
-70.9028
-70.9045
-70.9061
-70.9075
-70.9088
-70.9101
-70.9112
-70.9122
-70.9131
-70.9139
-70.9146
-70.9151
-70.9156
-70.9159
-70.9162
-70.9163
-70.9163
-70.9162
-70.9161
-70.9158
-70.9153
-70.9148
-70.9142
-70.9135
-70.9127
-70.9117
-70.9107
-70.9095
-70.9083
-70.9069
-70.9055
-70.9039
-70.9022
-70.9005
-70.8986
-70.8966
-70.8945
-70.8924
-70.8901
-70.8877
-70.8852
-70.8826
-70.88
-70.8772
-70.8743
-70.8713
-70.8683
-70.8651
-70.8618
-70.8584
-70.855
-70.8514
-70.8478
-70.844
-70.8402
-70.8362
-70.8322
-70.828
-70.8238
-70.8195
-70.8151
-70.8106
-70.806
-70.8013
-70.7965
-70.7917
-70.7867
-70.7817
-70.7765
-70.7713
-70.766
-70.7606
-70.7551
-70.7495
-70.7439
-70.7381
-70.7323
-70.7264
-70.7203
-70.7143
-70.7081
-70.7018
-70.6955
-70.6891
-70.6826
-70.676
-70.6693
-70.6626
-70.6557
-70.6488
-70.6418
-70.6348
-70.6276
-70.6204
-70.6131
-70.6057
-70.5983
-70.5908
-70.5832
-70.5755
-70.5677
-70.5599
-70.552
-70.544
-70.536
-70.5279
-70.5197
-70.5114
-70.5031
-70.4947
-70.4862
-70.4777
-70.469
-70.4604
-70.4516
-70.4428
-70.4339
-70.425
-70.416
-70.4069
-70.3977
-70.3885
-70.3793
-70.3699
-70.3605
-70.3511
-70.3415
-70.3319
-70.3223
-70.3126
-70.3028
-70.293
-70.2831
-70.2732
-70.2632
-70.2531
-70.243
-70.2328
-70.2226
-70.2123
-70.2019
-70.1915
-70.1811
-70.1706
-70.16
-70.1494
-70.1387
-70.128
-70.1172
-70.1064
-70.0955
-70.0846
-70.0736
-70.0626
-70.0516
-70.0404
-70.0293
-70.0181
-70.0068
-69.9955
-69.9841
-69.9727
-69.9613
-69.9498
-69.9383
-69.9267
-69.9151
-69.9034
-69.8917
-69.88
-69.8682
-69.8564
-69.8445
-69.8326
-69.8206
-69.8087
-69.7966
-69.7846
-69.7725
-69.7603
-69.7482
-69.7359
-69.7237
-69.7114
-69.6991
-69.6868
-69.6744
-69.6619
-69.6495
-69.637
-69.6245
-69.6119
-69.5994
-69.5867
-69.5741
-69.5614
-69.5487
-69.536
-69.5232
-69.5104
-69.4976
-69.4848
-69.4719
-69.459
-69.4461
-69.4331
-69.4202
-69.4072
-69.3941
-69.3811
-69.368
-69.3549
-69.3418
-69.3286
-69.3155
-69.3023
-69.2891
-69.2759
-69.2626
-69.2493
-69.236
-69.2227
-69.2094
-69.1961
-69.1827
-69.1693
-69.1559
-69.1425
-69.129
-69.1156
-69.1021
-69.0886
-69.0751
-69.0616
-69.0481
-69.0346
-69.021
-69.0074
-68.9939
-68.9803
-68.9667
-68.953
-68.9394
-68.9258
-68.9121
-68.8984
-68.8848
-68.8711
-68.8574
-68.8437
-68.83
-68.8163
-68.8026
-68.7888
-68.7751
-68.7613
-68.7476
-68.7338
-68.7201
-68.7063
-68.6925
-68.6787
-68.6649
-68.6511
-68.6373
-68.6235
-68.6097
-68.5959
-68.5821
-68.5683
-68.5545
-68.5407
-68.5269
-68.5131
-68.4992
-68.4854
-68.4716
-68.4578
-68.444
-68.4302
-68.4163
-68.4025
-68.3887
-68.3749
-68.3611
-68.3473
-68.3335
-68.3197
-68.3059
-68.2921
-68.2783
-68.2645
-68.2508
-68.237
-68.2232
-68.2094
-68.1957
-68.1819
-68.1682
-68.1544
-68.1407
-68.127
-68.1132
-68.0995
-68.0858
-68.0721
-68.0584
-68.0447
-68.0311
-68.0174
-68.0038
-67.9901
-67.9765
-67.9628
-67.9492
-67.9356
-67.922
-67.9085
-67.8949
-67.8813
-67.8678
-67.8542
-67.8407
-67.8272
-67.8137
-67.8002
-67.7867
-67.7733
-67.7598
-67.7464
-67.733
-67.7196
-67.7062
-67.6928
-67.6794
-67.6661
-67.6527
-67.6394
-67.6261
-67.6128
-67.5995
-67.5863
-67.573
-67.5598
-67.5466
-67.5334
-67.5202
-67.5071
-67.494
-67.4808
-67.4677
-67.4546
-67.4416
-67.4285
-67.4155
-67.4025
-67.3895
-67.3765
-67.3636
-67.3507
-67.3378
-67.3249
-67.312
-67.2991
-67.2863
-67.2735
-67.2607
-67.2479
-67.2352
-67.0833
-66.8411
-66.5326
-66.1728
-65.7725
-65.3399
-64.8816
-64.4029
-63.908
-63.4004
-62.8831
-62.3582
-61.8279
-61.2937
-60.757
-60.2188
-59.6801
-59.1417
-58.6042
-58.0681
-57.5337
-57.0014
-56.4713
-55.9435
-55.4181
-54.895
-54.3739
-53.8548
-53.3372
-52.8207
-52.3049
-51.7892
-51.2728
-50.7551
-50.235
-49.7116
-49.1838
-48.6502
-48.1094
-47.5598
-46.9997
-46.427
-45.8396
-45.2349
-44.6101
-43.9623
-43.288
-42.5831
-41.8434
-41.0639
-40.239
-39.3623
-38.4267
-37.424
-36.345
-35.1792
-33.9147
-32.538
-31.034
-29.3861
-27.5756
-25.5825
-23.3859
-20.9641
-18.2969
-15.367
-12.1629
-8.68316
-4.94054
-0.967051
3.18226
7.4278
11.668
15.7866
19.6642
23.1919
26.2852
28.8925
30.9985
32.6211
33.8031
34.6023
35.0813
35.3002
35.3121
35.1609
34.8812
34.4999
34.0369
33.507
32.9213
32.288
31.6134
30.9024
30.159
29.3865
28.5876
27.7649
26.9206
26.0567
25.1751
24.2774
23.3654
22.4406
21.5044
20.5581
19.6031
18.6406
17.6717
16.6975
15.7191
14.7373
13.7531
12.7673
11.7807
10.7939
9.8077
8.82267
7.83938
6.85835
5.88006
4.90493
3.93337
2.96573
2.00233
1.04345
0.0893478
-0.859752
-1.80366
-2.7422
-3.67524
-4.60265
-5.52433
-6.44021
-7.35024
-8.25438
-9.1526
-10.0449
-10.9313
-11.8118
-12.6864
-13.5553
-14.4185
-15.276
-16.128
-16.9745
-17.8158
-18.6519
-19.483
-20.3093
-21.1311
-21.9484
-22.7615
-23.5708
-24.3765
-25.179
-25.9785
-26.7755
-27.5703
-28.3635
-29.1555
-29.9469
-30.7381
-31.5299
-32.3228
-33.1177
-33.9151
-34.716
-35.5212
-36.3315
-37.1479
-37.9713
-38.8028
-39.6434
-40.4941
-41.3561
-42.2302
-43.1177
-44.0194
-44.9363
-45.8691
-46.8184
-47.7848
-48.7682
-49.7686
-50.7853
-51.8172
-52.8628
-53.9196
-54.9847
-56.0544
-57.1239
-58.188
-59.2406
-60.2751
-61.2843
-62.2611
-63.1986
-64.0902
-64.9301
-65.7139
-66.438
-67.1008
-67.7017
-68.2417
-68.7229
-69.1485
-69.5222
-69.8484
-70.1316
-70.3763
-70.5869
-70.7678
-70.9228
-71.0553
-71.1687
-71.2655
-71.3484
-71.4194
-71.4803
-71.5327
-71.578
-71.6171
-71.6512
-71.6809
-71.707
-71.73
-71.7504
-71.7687
-71.7851
-71.7999
-71.8134
-71.8257
-71.8371
-71.8477
-71.8575
-71.8667
-71.8755
-71.8837
-71.8916
-71.8991
-71.9064
-71.9133
-71.9201
-71.9266
-71.933
-71.9391
-71.9452
-71.9511
-71.9569
-71.9625
-71.9681
-71.9735
-71.9789
-71.9841
-71.9893
-71.9944
-71.9994
-72.0043
-72.0091
-72.0139
-72.0186
-72.0232
-72.0278
-72.0323
-72.0367
-72.041
-72.0453
-72.0494
-72.0535
-72.0576
-72.0615
-72.0654
-72.0692
-72.073
-72.0766
-72.0802
-72.0837
-72.0871
-72.0905
-72.0938
-72.097
-72.1001
-72.1031
-72.1061
-72.1089
-72.1117
-72.1144
-72.117
-72.1196
-72.122
-72.1244
-72.1267
-72.1289
-72.131
-72.133
-72.135
-72.1368
-72.1386
-72.1402
-72.1418
-72.1433
-72.1447
-72.146
-72.1472
-72.1484
-72.1494
-72.1504
-72.1512
-72.152
-72.1526
-72.1532
-72.1537
-72.1541
-72.1544
-72.1546
-72.1547
-72.1547
-72.1546
-72.1544
-72.1541
-72.1538
-72.1533
-72.1527
-72.1521
-72.1513
-72.1505
-72.1495
-72.1485
-72.1473
-72.1461
-72.1447
-72.1433
-72.1418
-72.1401
-72.1384
-72.1366
-72.1346
-72.1326
-72.1305
-72.1283
-72.126
-72.1235
-72.121
-72.1184
-72.1157
-72.1129
-72.11
-72.107
-72.1039
-72.1007
-72.0974
-72.0941
-72.0906
-72.087
-72.0833
-72.0795
-72.0757
-72.0717
-72.0676
-72.0635
-72.0592
-72.0549
-72.0504
-72.0459
-72.0412
-72.0365
-72.0317
-72.0268
-72.0217
-72.0166
-72.0114
-72.0061
-72.0007
-71.9952
-71.9897
-71.984
-71.9782
-71.9724
-71.9664
-71.9604
-71.9542
-71.948
-71.9417
-71.9353
-71.9288
-71.9222
-71.9155
-71.9088
-71.9019
-71.8949
-71.8879
-71.8808
-71.8736
-71.8663
-71.8589
-71.8514
-71.8438
-71.8362
-71.8285
-71.8206
-71.8127
-71.8047
-71.7967
-71.7885
-71.7803
-71.7719
-71.7635
-71.755
-71.7465
-71.7378
-71.7291
-71.7202
-71.7113
-71.7024
-71.6933
-71.6842
-71.6749
-71.6656
-71.6563
-71.6468
-71.6373
-71.6277
-71.618
-71.6082
-71.5984
-71.5884
-71.5784
-71.5684
-71.5582
-71.548
-71.5377
-71.5274
-71.5169
-71.5064
-71.4959
-71.4852
-71.4745
-71.4637
-71.4528
-71.4419
-71.4309
-71.4198
-71.4087
-71.3975
-71.3862
-71.3749
-71.3635
-71.352
-71.3405
-71.3289
-71.3172
-71.3055
-71.2937
-71.2819
-71.2699
-71.258
-71.2459
-71.2338
-71.2217
-71.2094
-71.1972
-71.1848
-71.1724
-71.16
-71.1474
-71.1349
-71.1222
-71.1096
-71.0968
-71.084
-71.0712
-71.0583
-71.0453
-71.0323
-71.0192
-71.0061
-70.9929
-70.9797
-70.9664
-70.9531
-70.9397
-70.9263
-70.9128
-70.8993
-70.7404
-70.4883
-70.1687
-69.7976
-69.3865
-68.9442
-68.4776
-67.9922
-67.4925
-66.9822
-66.4641
-65.9409
-65.4145
-64.8866
-64.3588
-63.8321
-63.3077
-62.7864
-62.2689
-61.7558
-61.2477
-60.745
-60.248
-59.7571
-59.2726
-58.7945
-58.323
-57.8582
-57.4002
-56.9489
-56.5042
-56.0662
-55.6347
-55.2095
-54.7905
-54.3773
-53.9698
-53.5677
-53.1707
-52.7783
-52.3902
-52.0059
-51.6251
-51.2472
-50.8717
-50.4981
-50.1257
-49.7539
-49.382
-49.0094
-48.6353
-48.2588
-47.8791
-47.4953
-47.1064
-46.7113
-46.3089
-45.8981
-45.4774
-45.0455
-44.6008
-44.1417
-43.6664
-43.1728
-42.6588
-42.122
-41.5597
-40.9691
-40.3469
-39.6896
-38.9931
-38.2531
-37.4647
-36.6225
-35.7205
-34.7519
-33.7094
-32.5848
-31.3693
-30.0532
-28.6261
-27.0769
-25.3943
-23.5667
-21.583
-19.4332
-17.1093
-14.6066
-11.9251
-9.07143
-6.0604
-2.91678
0.323739
3.61447
6.8989
10.1133
13.1908
16.0662
18.6817
20.9914
22.9652
24.5903
25.8708
26.8249
27.4814
27.8747
28.0412
28.016
27.8311
27.5141
27.0882
26.5726
25.9825
25.3302
24.6257
23.8768
23.09
22.2706
21.423
20.551
19.6578
18.7463
17.819
16.878
15.9255
14.9632
13.9929
13.0159
12.0337
11.0476
10.0587
9.068
8.07654
7.08518
6.0947
5.10583
4.11922
3.13546
2.15508
1.17856
0.206317
-0.761275
-1.72388
-2.68122
-3.63304
-4.57912
-5.51928
-6.45337
-7.38127
-8.30288
-9.21814
-10.127
-11.0294
-11.9254
-12.8149
-13.6981
-14.5749
-15.4454
-16.3097
-17.1679
-18.0202
-18.8666
-19.7073
-20.5424
-21.3723
-22.197
-23.0169
-23.8321
-24.6429
-25.4498
-26.2529
-27.0527
-27.8496
-28.644
-29.4364
-30.2272
-31.0171
-31.8065
-32.5961
-33.3867
-34.1788
-34.9732
-35.7707
-36.5721
-37.3783
-38.1901
-39.0086
-39.8346
-40.6691
-41.5131
-42.3675
-43.2332
-44.1113
-45.0025
-45.9075
-46.827
-47.7614
-48.7111
-49.6758
-50.6554
-51.6491
-52.6556
-53.6734
-54.7002
-55.7329
-56.7681
-57.8016
-58.8282
-59.8427
-60.8389
-61.8105
-62.7511
-63.6545
-64.5148
-65.327
-66.0867
-66.7909
-67.4378
-68.0268
-68.5587
-69.035
-69.4585
-69.8325
-70.1608
-70.4474
-70.6966
-70.9123
-71.0986
-71.259
-71.3969
-71.5153
-71.617
-71.7044
-71.7795
-71.844
-71.8997
-71.9478
-71.9895
-72.0257
-72.0573
-72.085
-72.1093
-72.1308
-72.1499
-72.1669
-72.1822
-72.196
-72.2085
-72.2199
-72.2304
-72.2401
-72.249
-72.2574
-72.2653
-72.2726
-72.2796
-72.2863
-72.2926
-72.2986
-72.3044
-72.31
-72.3154
-72.3206
-72.3256
-72.3305
-72.3352
-72.3398
-72.3443
-72.3487
-72.353
-72.3571
-72.3612
-72.3651
-72.369
-72.3728
-72.3764
-72.38
-72.3835
-72.387
-72.3903
-72.3935
-72.3967
-72.3998
-72.4028
-72.4057
-72.4086
-72.4113
-72.414
-72.4166
-72.4191
-72.4215
-72.4238
-72.4261
-72.4283
-72.4303
-72.4323
-72.4343
-72.4361
-72.4378
-72.4395
-72.441
-72.4425
-72.4439
-72.4452
-72.4464
-72.4476
-72.4486
-72.4496
-72.4504
-72.4512
-72.4519
-72.4524
-72.4529
-72.4533
-72.4536
-72.4539
-72.454
-72.454
-72.4539
-72.4538
-72.4535
-72.4532
-72.4528
-72.4522
-72.4516
-72.4509
-72.45
-72.4491
-72.4481
-72.447
-72.4458
-72.4445
-72.4431
-72.4416
-72.44
-72.4383
-72.4366
-72.4347
-72.4327
-72.4306
-72.4285
-72.4262
-72.4238
-72.4213
-72.4188
-72.4161
-72.4134
-72.4105
-72.4076
-72.4045
-72.4014
-72.3981
-72.3948
-72.3913
-72.3878
-72.3842
-72.3804
-72.3766
-72.3727
-72.3687
-72.3645
-72.3603
-72.356
-72.3516
-72.3471
-72.3425
-72.3378
-72.333
-72.3281
-72.3231
-72.318
-72.3129
-72.3076
-72.3022
-72.2967
-72.2912
-72.2855
-72.2798
-72.2739
-72.268
-72.262
-72.2559
-72.2496
-72.2433
-72.2369
-72.2304
-72.2238
-72.2172
-72.2104
-72.2035
-72.1966
-72.1895
-72.1824
-72.1752
-72.1679
-72.1605
-72.153
-72.1454
-72.1377
-72.1299
-72.1221
-72.1142
-71.9604
-71.7149
-71.4042
-71.0447
-70.6483
-70.2238
-69.778
-69.3165
-68.8437
-68.363
-67.8773
-67.3891
-66.9002
-66.4122
-65.9264
-65.444
-64.9659
-64.4928
-64.0254
-63.5642
-63.1097
-62.6623
-62.2222
-61.7897
-61.365
-60.9483
-60.5396
-60.139
-59.7466
-59.3624
-58.9864
-58.6184
-58.2585
-57.9067
-57.5626
-57.2264
-56.8978
-56.5767
-56.2629
-55.9562
-55.6566
-55.3638
-55.0775
-54.7977
-54.5241
-54.2565
-53.9946
-53.7383
-53.4873
-53.2414
-53.0004
-52.764
-52.532
-52.3043
-52.0804
-51.8603
-51.6436
-51.4302
-51.2198
-51.0121
-50.807
-50.6043
-50.4035
-50.2047
-50.0074
-49.8115
-49.6168
-49.4229
-49.2297
-49.037
-48.8444
-48.6517
-48.4587
-48.2651
-48.0707
-47.8751
-47.6782
-47.4795
-47.2789
-47.0759
-46.8704
-46.6619
-46.4501
-46.2347
-46.0151
-45.7911
-45.5622
-45.328
-45.0879
-44.8414
-44.588
-44.327
-44.0579
-43.78
-43.4924
-43.1945
-42.8853
-42.564
-42.2294
-41.8806
-41.5164
-41.1353
-40.7362
-40.3173
-39.8772
-39.4139
-38.9254
-38.4098
-37.8645
-37.287
-36.6747
-36.0244
-35.3328
-34.5965
-33.8116
-32.974
-32.0793
-31.1228
-30.0997
-29.0048
-27.8328
-26.5786
-25.2369
-23.8027
-22.2717
-20.6401
-18.9055
-17.0669
-15.1255
-13.085
-10.9522
-8.73762
-6.45606
-4.12662
-1.77298
0.576895
2.89138
5.13623
7.2761
9.27639
11.1055
12.7367
14.1502
15.3342
16.2852
17.0074
17.5117
17.8137
17.9321
17.8869
17.6981
17.3848
16.9646
16.453
15.8637
15.2084
14.4972
13.7386
12.94
12.1074
11.2463
10.3612
9.45591
8.53388
7.59807
6.65106
5.69514
4.7323
3.76434
2.79283
1.81917
0.844595
-0.129786
-1.103
-2.07418
-3.04256
-4.00748
-4.96834
-5.92463
-6.87591
-7.8218
-8.76196
-9.69614
-10.6241
-11.5456
-12.4606
-13.3689
-14.2705
-15.1653
-16.0533
-16.9346
-17.8091
-18.6769
-19.5381
-20.3929
-21.2414
-22.0837
-22.92
-23.7506
-24.5757
-25.3956
-26.2106
-27.0209
-27.827
-28.6293
-29.4281
-30.224
-31.0174
-31.8088
-32.5988
-33.388
-34.1771
-34.9666
-35.7573
-36.55
-37.3453
-38.1442
-38.9473
-39.7556
-40.5699
-41.3911
-42.22
-43.0575
-43.9045
-44.7616
-45.6298
-46.5095
-47.4014
-48.3058
-49.223
-50.153
-51.0955
-52.0501
-53.0159
-53.9915
-54.9753
-55.9649
-56.9577
-57.9503
-58.9389
-59.9192
-60.8864
-61.8352
-62.7603
-63.6563
-64.5177
-65.3397
-66.1178
-66.8483
-67.5286
-68.1568
-68.7322
-69.2551
-69.7268
-70.1493
-70.5253
-70.858
-71.1509
-71.4074
-71.6312
-71.8259
-71.9948
-72.141
-72.2673
-72.3763
-72.4704
-72.5515
-72.6215
-72.682
-72.7342
-72.7793
-72.8185
-72.8525
-72.882
-72.9078
-72.9304
-72.9501
-72.9675
-72.9828
-72.9964
-73.0084
-73.0192
-73.0288
-73.0374
-73.0451
-73.0521
-73.0585
-73.0642
-73.0695
-73.0743
-73.0788
-73.0829
-73.0866
-73.0901
-73.0933
-73.0963
-73.0991
-73.1017
-73.1041
-73.1063
-73.1084
-73.1103
-73.1121
-73.1138
-73.1153
-73.1167
-73.118
-73.1192
-73.1203
-73.1212
-73.1221
-73.1229
-73.1235
-73.1241
-73.1246
-73.1249
-73.1252
-73.1254
-73.1255
-73.1255
-73.1254
-73.1252
-73.1249
-73.1245
-73.1241
-73.1235
-73.1229
-73.1221
-73.1213
-73.1204
-73.1194
-73.1182
-73.117
-73.1157
-73.1144
-73.1129
-73.1113
-73.1096
-73.1079
-73.106
-73.1041
-73.1021
-73.0999
-73.0977
-73.0954
-73.093
-73.0905
-73.0878
-73.0851
-73.0824
-73.0795
-73.0765
-73.0734
-73.0702
-73.067
-73.0636
-73.0601
-73.0566
-73.0529
-73.0492
-73.0453
-73.0414
-73.0374
-73.0332
-73.029
-73.0247
-73.0203
-73.0158
-73.0111
-73.0064
-73.0016
-72.9967
-72.9917
-72.9867
-72.9815
-72.9762
-72.9708
-72.9653
-72.9598
-72.9541
-72.9483
-72.9425
-72.9365
-72.9305
-72.9244
-72.9181
-72.9118
-72.9054
-72.8988
-72.8922
-72.8855
-72.8787
-72.8718
-72.8648
-72.8578
-72.8506
-72.8433
-72.836
-72.8285
-72.821
-72.8133
-72.8056
-72.7978
-72.7899
-72.7818
-72.7738
-72.7656
-72.7573
-72.7489
-72.7405
-72.7319
-72.7233
-72.7145
-72.7057
-72.6968
-72.6878
-72.6787
-72.6696
-72.6603
-72.651
-72.6415
-72.632
-72.6224
-72.6127
-72.6029
-72.5931
-72.5831
-72.5731
-72.563
-72.5528
-72.5425
-72.5321
-72.5217
-72.5112
-72.5005
-72.4898
-72.4791
-72.4682
-72.4573
-72.4462
-72.4351
-72.424
-72.4127
-72.4014
-72.39
-72.3785
-72.3669
-72.3552
-72.3435
-72.3317
-72.3198
-72.3079
-72.2959
-72.2837
-72.2716
-72.2593
-72.247
-72.2346
-72.2221
-72.2096
-72.197
-72.1843
-72.1715
-72.1587
-72.1458
-72.1328
-72.1198
-72.1067
-72.0935
-72.0803
-72.067
-72.0536
-72.0402
-72.0267
-72.0131
-71.9995
-71.9858
-71.972
-71.9582
-71.9443
-71.9304
-71.9164
-71.9023
-71.8882
-71.874
-71.8597
-71.8454
-71.831
-71.8166
-71.8021
-71.7876
-71.773
-71.7583
-71.7436
-71.7288
-71.714
-71.6991
-71.6842
-71.6692
-71.6542
-71.6391
-71.6239
-71.6087
-71.5935
-71.5782
-71.5628
-71.5474
-71.532
-71.5165
-71.501
-71.4854
-71.4697
-71.454
-71.4383
-71.4225
-71.4067
-71.3909
-71.375
-71.359
-71.343
-71.327
-71.3109
-71.2948
-71.2786
-71.2624
-71.2462
-71.2299
-71.2136
-71.1972
-71.1808
-71.1644
-71.1479
-71.1314
-71.1149
-71.0983
-71.0817
-71.0651
-71.0484
-71.0317
-71.0149
-70.9982
-70.9813
-70.9645
-70.9476
-70.9307
-70.9138
-70.8968
-70.8799
-70.8628
-70.8458
-70.8287
-70.8116
-70.7945
-70.7773
-70.7602
-70.743
-70.7257
-70.7085
-70.6912
-70.6739
-70.6566
-70.6392
-70.6219
-70.6045
-70.5871
-70.5697
-70.5522
-70.5348
-70.5173
-70.4998
-70.4823
-70.4647
-70.4472
-70.4296
-70.412
-70.3944
-70.3768
-70.3592
-70.3415
-70.3238
-70.3062
-70.2885
-70.2708
-70.2531
-70.2354
-70.2176
-70.1999
-70.1821
-70.1644
-70.1466
-70.1288
-70.111
-70.0932
-70.0754
-70.0576
-70.0398
-70.0219
-70.0041
-69.9863
-69.9684
-69.9506
-69.9327
-69.9149
-69.897
-69.8792
-69.8613
-69.8434
-69.8255
-69.8077
-69.7898
-69.7719
-69.7541
-69.7362
-69.7183
-69.7004
-69.6826
-69.6647
-69.6468
-69.6289
-69.6111
-69.5932
-69.5754
-69.5575
-69.5397
-69.5218
-69.504
-69.4861
-69.4683
-69.4505
-69.4327
-69.4149
-69.3971
-69.3793
-69.3615
-69.3437
-69.3259
-69.3082
-69.2904
-69.2727
-69.2549
-69.2372
-69.2195
-69.2018
-69.1841
-69.1664
-69.1487
-69.1311
-69.1134
-69.0958
-69.0782
-69.0605
-69.0429
-69.0254
-69.0078
-68.9902
-68.9727
-68.9552
-68.9377
-68.9202
-68.9027
-68.8852
-68.8678
-68.8504
-68.833
-68.8156
-68.7982
-68.7808
-68.7635
-68.7462
-68.7288
-68.7116
-68.6943
-68.677
-68.6598
-68.6426
-68.6254
-68.6082
-68.5911
-68.574
-68.5569
-68.5398
-68.5227
-68.5057
-68.4886
-68.4716
-68.4547
-68.4377
-68.4208
-68.4039
-68.387
-68.3701
-68.3533
-68.3365
-68.3197
-68.3029
-68.2862
-68.2695
-68.2528
-68.2361
-68.2195
-68.2029
-68.1863
-68.1697
-68.1532
-68.1367
-68.1202
-68.1037
-68.0873
-68.0709
-68.0545
-68.0382
-68.0219
-68.0056
-67.9893
-67.9731
-67.9569
-67.9407
-67.9246
-67.9084
-67.8923
-67.8763
-67.8603
-67.8443
-67.8283
-67.8123
-67.7964
-67.7806
-67.7647
-67.7489
-67.7331
-67.7173
-67.7016
-67.6859
-67.6702
-67.6546
-67.639
-67.6234
-67.6079
-67.5924
-67.5769
-67.5615
-67.5461
-67.5307
-67.5154
-67.5
-67.4848
-67.4695
-67.4543
-67.4391
-67.424
-67.4089
-67.3938
-67.3788
-67.3638
-67.3488
-67.3339
-67.319
-67.3041
-67.2893
-67.2745
-67.2597
-67.245
-67.2303
-67.2156
-67.201
-67.1864
-67.1718
-67.1573
-67.1428
-67.1284
-67.114
-67.0996
-67.0853
-67.071
-67.0567
-67.0425
-67.0283
-67.0141
-67
-66.9859
-66.9719
-66.9579
-66.9439
-66.93
-66.9161
-66.9022
-66.8884
-66.8746
-66.8609
-66.8472
-66.8335
-66.8199
-66.8063
-66.7927
-66.7792
-66.7657
-66.7523
-66.7389
-66.7255
-66.7122
-66.6989
-66.6857
-66.6725
-66.6593
-66.6461
-66.6331
-66.62
-66.607
-66.594
-66.5811
-66.5682
-66.5553
-66.5425
-66.5297
-66.517
-66.5043
-66.4916
-66.479
-66.4664
-66.4539
-66.4414
-66.4289
-66.4165
-66.4042
-66.3918
-66.3795
-66.3673
-66.3551
-66.3429
-66.3307
-66.3187
-66.3066
-66.2946
-66.2826
-66.2707
-66.2588
-66.2469
-66.2351
-66.2234
-66.2116
-66.1999
-66.1883
-66.1767
-66.1651
-66.1536
-66.1421
-66.1307
-66.1193
-66.1079
-66.0966
-66.0853
-66.0741
-66.0629
-66.0517
-66.0406
-66.0296
-66.0186
-66.0076
-65.9967
-65.9858
-65.9749
-65.9641
-65.9533
-65.9426
-65.9319
-65.9213
-65.9107
-65.9002
-65.8896
-65.8792
-65.8688
-65.8584
-65.848
-65.8377
-65.8275
-65.8173
-65.8071
-65.7969
-65.7869
-65.7768
-65.7668
-65.7568
-65.7469
-65.7371
-65.7272
-65.7174
-65.7077
-65.698
-65.6883
-65.6787
-65.6691
-65.6596
-65.6501
-65.6407
-65.6312
-65.6219
-65.6126
-65.6033
-65.5941
-65.5849
-65.5758
-65.5667
-65.5576
-65.5486
-65.5396
-65.5307
-65.5218
-65.513
-65.5042
-65.4955
-65.4868
-65.4781
-65.4695
-65.461
-65.4524
-65.444
-65.4355
-65.4271
-65.4188
-65.4105
-65.4022
-65.394
-65.3859
-65.3777
-65.3696
-65.3616
-65.3536
-65.3457
-65.3377
-65.3299
-65.322
-65.3143
-65.3065
-65.2988
-65.2912
-65.2836
-65.276
-65.2685
-65.261
-65.2536
-65.2462
-65.2389
-65.2316
-65.2243
-65.2171
-65.2099
-65.2028
-65.1957
-65.1887
-65.1817
-65.1748
-65.1679
-65.161
-65.1542
-65.1474
-65.1407
-65.134
-65.1274
-65.1208
-65.1142
-65.1077
-65.1013
-65.0949
-65.0885
-65.0822
-65.0759
-65.0696
-65.0635
-65.0573
-65.0512
-65.0452
-65.0391
-65.0332
-65.0272
-65.0214
-65.0155
-65.0097
-65.004
-64.9983
-64.9926
-64.987
-64.9815
-64.9759
-64.9705
-64.965
-64.9596
-64.9543
-64.949
-64.9437
-64.9385
-64.9333
-64.9282
-64.9231
-64.9181
-64.9131
-64.9081
-64.9032
-64.8983
-64.8935
-64.8887
-64.884
-64.8793
-64.8746
-64.87
-64.8654
-64.8609
-64.8564
-64.8519
-64.8475
-64.8432
-64.8388
-64.8345
-64.8303
-64.8261
-64.822
-64.8178
-64.8138
-64.8098
-64.8058
-64.8018
-64.7979
-64.7941
-64.7902
-64.7865
-64.7827
-64.779
-64.7754
-64.7718
-64.7682
-64.7647
-64.7612
-64.7577
-64.7543
-64.751
-64.7476
-64.7444
-64.7411
-64.7379
-64.7347
-64.7316
-64.7285
-64.7255
-64.7225
-64.7196
-64.7166
-64.7138
-64.7109
-64.7081
-64.7054
-64.7026
-64.7
-64.6973
-64.6947
-64.6922
-64.6896
-64.6872
-64.6847
-64.6823
-64.6799
-64.6776
-64.6753
-64.6731
-64.6709
-64.6687
-64.6666
-64.6645
-64.6624
-64.6604
-64.6584
-64.6565
-64.6546
-64.6527
-64.6509
-64.6491
-64.6473
-64.6456
-64.6439
-64.6422
-64.6406
-64.6391
-64.6375
-64.636
-64.6345
-64.6331
-64.6317
-64.6304
-64.629
-64.6277
-64.6265
-64.6253
-64.6241
-64.6229
-64.6218
-64.6207
-64.6197
-64.6187
-64.6177
-64.6167
-64.6158
-64.6149
-64.6141
-64.6133
-64.6125
-64.6117
-64.611
-64.6103
-64.6097
-64.6091
-64.6085
-64.6079
-64.6074
-64.6069
-64.6064
-64.606
-64.6056
-64.6052
-64.6049
-64.6046
-64.6043
-64.6041
-64.6038
-64.6036
-64.6035
-64.6033
-64.6032
-64.6032
-64.6031
-64.6031
-64.6031
-64.6031
-64.6032
-64.6033
-64.6034
-64.6036
-64.6037
-64.6039
-64.6042
-64.6044
-64.6047
-64.605
-64.6053
-64.6057
-64.606
-64.6065
-64.6069
-64.6073
-64.6078
-64.6083
-64.6088
-64.6094
-64.61
-64.6106
-64.6112
-64.6118
-64.6125
-64.6132
-64.6139
-64.6146
-64.6154
-64.6162
-64.617
-64.6178
-64.6186
-64.6195
-64.6204
-64.6213
-64.6222
-64.6231
-64.6241
-64.6251
-64.6261
-64.6271
-64.6281
-64.6292
-64.6303
-64.6314
-64.6325
-64.6336
-64.6348
-64.6359
-64.6371
-64.6383
-64.6395
-64.6408
-64.642
-64.6433
-64.6446
-64.6459
-64.6472
-64.6485
-64.6498
-64.6512
-64.6526
-64.654
-64.6554
-64.6568
-64.6582
-64.6596
-64.6611
-64.6626
-64.664
-64.6655
-64.667
-64.6686
-64.6701
-64.6716
-64.6732
-64.6748
-64.6763
-64.6779
-64.6795
-64.6811
-64.6828
-64.6844
-64.686
-64.6877
-64.6893
-64.691
-64.6927
-64.6944
-64.6961
-64.6978
-64.6995
-64.7012
-64.7029
-64.7047
-64.7064
-64.7082
-64.7099
-64.7117
-64.7135
-64.7153
-64.717
-64.7188
-64.7206
-64.7224
-64.7242
-64.7261
-64.7279
-64.5956
-64.3761
-64.0924
-63.7589
-63.3857
-62.9809
-62.5507
-62.1001
-61.6331
-61.153
-60.6625
-60.1638
-59.6587
-59.1487
-58.6349
-58.1184
-57.5999
-57.08
-56.5592
-56.0378
-55.516
-54.9939
-54.4714
-53.9484
-53.4247
-52.8998
-52.3734
-51.8449
-51.3135
-50.7784
-50.2387
-49.6933
-49.141
-48.5802
-48.0094
-47.4268
-46.8303
-46.2175
-45.586
-44.9326
-44.2542
-43.5469
-42.8066
-42.0283
-41.2067
-40.3355
-39.4076
-38.415
-37.3483
-36.1972
-34.9494
-33.5915
-32.1078
-30.4809
-28.6912
-26.7175
-24.5365
-22.1242
-19.4569
-16.513
-13.276
-9.73909
-5.90967
-1.8157
2.48932
6.92358
11.3787
15.7015
19.7605
23.4369
26.6405
29.3193
31.4617
33.0925
34.2626
35.0375
35.4866
35.6751
35.6596
35.486
35.19
34.7985
34.3315
33.8034
33.2248
32.6035
31.9454
31.2551
30.5363
29.7919
29.0245
28.2364
27.4296
26.6059
25.767
24.9144
24.0497
23.1741
22.289
21.3956
20.4951
19.5884
18.6766
17.7607
16.8416
15.92
14.9968
14.0727
13.1484
12.2244
11.3015
10.38
9.46061
8.54365
7.62959
6.7188
5.81163
4.9084
4.00939
3.11486
2.22504
1.34012
0.460288
-0.414299
-1.28351
-2.14723
-3.00537
-3.85783
-4.70457
-5.54553
-6.38068
-7.20999
-8.03347
-8.8511
-9.66291
-10.4689
-11.2692
-12.0637
-12.8526
-13.6358
-14.4135
-15.1858
-15.9527
-16.7144
-17.4709
-18.2224
-18.969
-19.7109
-20.4482
-21.1811
-21.9098
-22.6346
-23.3556
-24.073
-24.7873
-25.4986
-26.2072
-26.9136
-27.6181
-28.321
-29.0229
-29.7241
-30.4252
-31.1267
-31.8291
-32.5331
-33.2392
-33.9482
-34.6607
-35.3774
-36.0991
-36.8265
-37.5605
-38.3019
-39.0514
-39.8098
-40.578
-41.3565
-42.1461
-42.9473
-43.7604
-44.5859
-45.4235
-46.2732
-47.1342
-48.0058
-48.8863
-49.7741
-50.6665
-51.5607
-52.4532
-53.3398
-54.2159
-55.0768
-55.9172
-56.732
-57.5162
-58.2651
-58.9747
-59.6417
-60.2635
-60.8387
-61.3666
-61.8477
-62.283
-62.6746
-63.0247
-63.3362
-63.6122
-63.8559
-64.0705
-64.259
-64.4246
-64.5698
-64.6974
-64.8096
-64.9085
-64.9959
-65.0734
-65.1425
-65.2043
-65.2601
-65.3105
-65.3566
-65.3988
-65.4379
-65.4742
-65.5082
-65.5403
-65.5708
-65.5998
-65.6277
-65.6546
-65.6807
-65.7061
-65.7308
-65.7551
-65.779
-65.8025
-65.8257
-65.8487
-65.8715
-65.8941
-65.9165
-65.9389
-65.9612
-65.9834
-66.0055
-66.0276
-66.0496
-66.0716
-66.0936
-66.1156
-66.1376
-66.1595
-66.1815
-66.2034
-66.2253
-66.2473
-66.2692
-66.2911
-66.313
-66.335
-66.3569
-66.3788
-66.4007
-66.4225
-66.4444
-66.4663
-66.4881
-66.5099
-66.5318
-66.5536
-66.5753
-66.5971
-66.6188
-66.6405
-66.6621
-66.6838
-66.7054
-66.7269
-66.7485
-66.7699
-66.7914
-66.8128
-66.8341
-66.8554
-66.8767
-66.8979
-66.919
-66.9401
-66.9612
-66.9822
-67.0031
-67.0239
-67.0447
-67.0655
-67.0861
-67.1067

