-65
-64.9994
-64.9988
-64.9982
-64.9977
-64.9971
-64.9965
-64.996
-64.9954
-64.9949
-64.9943
-64.9938
-64.9932
-64.9927
-64.9922
-64.9917
-64.9912
-64.9906
-64.9901
-64.9896
-64.9891
-64.9886
-64.9881
-64.9876
-64.9872
-64.9867
-64.9862
-64.9857
-64.9852
-64.9848
-64.9843
-64.9838
-64.9834
-64.9829
-64.9825
-64.982
-64.9816
-64.9811
-64.9807
-64.9802
-64.9798
-64.9794
-64.9789
-64.9785
-64.9781
-64.9777
-64.9772
-64.9768
-64.9764
-64.976
-64.9756
-64.9752
-64.9748
-64.9744
-64.974
-64.9736
-64.9732
-64.9728
-64.9725
-64.9721
-64.9717
-64.9713
-64.971
-64.9706
-64.9702
-64.9699
-64.9695
-64.9692
-64.9688
-64.9685
-64.9681
-64.9678
-64.9675
-64.9671
-64.9668
-64.9665
-64.9661
-64.9658
-64.9655
-64.9652
-64.9649
-64.9646
-64.9642
-64.9639
-64.9636
-64.9633
-64.963
-64.9628
-64.9625
-64.9622
-64.9619
-64.9616
-64.9613
-64.9611
-64.9608
-64.9605
-64.9603
-64.96
-64.9598
-64.9595
-64.9592
-64.959
-64.9588
-64.9585
-64.9583
-64.958
-64.9578
-64.9576
-64.9573
-64.9571
-64.9569
-64.9567
-64.9565
-64.9562
-64.956
-64.9558
-64.9556
-64.9554
-64.9552
-64.955
-64.9548
-64.9546
-64.9545
-64.9543
-64.9541
-64.9539
-64.9537
-64.9536
-64.9534
-64.9532
-64.9531
-64.9529
-64.9527
-64.9526
-64.9524
-64.9523
-64.9521
-64.952
-64.9519
-64.9517
-64.9516
-64.9514
-64.9513
-64.9512
-64.9511
-64.9509
-64.9508
-64.9507
-64.9506
-64.9505
-64.9504
-64.9503
-64.9502
-64.95
-64.9499
-64.9499
-64.9498
-64.9497
-64.9496
-64.9495
-64.9494
-64.9493
-64.9492
-64.9492
-64.9491
-64.949
-64.9489
-64.9489
-64.9488
-64.9487
-64.9487
-64.9486
-64.9486
-64.9485
-64.9485
-64.9484
-64.9484
-64.9483
-64.9483
-64.9482
-64.9482
-64.9482
-64.9481
-64.9481
-64.9481
-64.948
-64.948
-64.948
-64.948
-64.948
-64.9479
-64.9479
-64.9479
-64.9479
-64.9479
-64.9479
-64.9479
-64.9479
-64.9479
-64.9479
-64.9479
-64.9479
-64.9479
-64.9479
-64.9479
-64.9479
-64.9479
-64.9479
-64.948
-64.948
-64.948
-64.948
-64.9481
-64.9481
-64.9481
-64.9481
-64.9482
-64.9482
-64.9482
-64.9483
-64.9483
-64.9483
-64.9484
-64.9484
-64.9485
-64.9485
-64.9486
-64.9486
-64.9487
-64.9487
-64.9488
-64.9488
-64.9489
-64.9489
-64.949
-64.9491
-64.9491
-64.9492
-64.9492
-64.9493
-64.9494
-64.9494
-64.9495
-64.9496
-64.9497
-64.9497
-64.9498
-64.9499
-64.95
-64.95
-64.9501
-64.9502
-64.9503
-64.9504
-64.9504
-64.9505
-64.9506
-64.9507
-64.9508
-64.9509
-64.951
-64.951
-64.9511
-64.9512
-64.9513
-64.9514
-64.9515
-64.9516
-64.9517
-64.9518
-64.9519
-64.952
-64.9521
-64.9522
-64.9523
-64.9524
-64.9525
-64.9526
-64.9527
-64.9528
-64.9529
-64.953
-64.9532
-64.9533
-64.9534
-64.9535
-64.9536
-64.9537
-64.9538
-64.9539
-64.954
-64.9542
-64.9543
-64.9544
-64.9545
-64.9546
-64.9547
-64.9548
-64.955
-64.9551
-64.9552
-64.9553
-64.9554
-64.9556
-64.9557
-64.9558
-64.9559
-64.956
-64.9562
-64.9563
-64.9564
-64.9565
-64.9566
-64.9568
-64.9569
-64.957
-64.9571
-64.9573
-64.9574
-64.9575
-64.9576
-64.9578
-64.9579
-64.958
-64.9581
-64.9583
-64.9584
-64.9585
-64.9587
-64.9588
-64.9589
-64.959
-64.9592
-64.9593
-64.9594
-64.9595
-64.9597
-64.9598
-64.9599
-64.96
-64.9602
-64.9603
-64.9604
-64.9606
-64.9607
-64.9608
-64.9609
-64.9611
-64.9612
-64.9613
-64.9614
-64.9616
-64.9617
-64.9618
-64.962
-64.9621
-64.9622
-64.9623
-64.9625
-64.9626
-64.9627
-64.9628
-64.963
-64.9631
-64.9632
-64.9633
-64.9635
-64.9636
-64.9637
-64.9638
-64.964
-64.9641
-64.9642
-64.9643
-64.9645
-64.9646
-64.9647
-64.9648
-64.9649
-64.9651
-64.9652
-64.9653
-64.9654
-64.9655
-64.9657
-64.9658
-64.9659
-64.966
-64.9661
-64.9663
-64.9664
-64.9665
-64.9666
-64.9667
-64.9668
-64.967
-64.9671
-64.9672
-64.9673
-64.9674
-64.9675
-64.9677
-64.9678
-64.9679
-64.968
-64.9681
-64.9682
-64.9683
-64.9684
-64.9685
-64.9687
-64.9688
-64.9689
-64.969
-64.9691
-64.9692
-64.9693
-64.9694
-64.9695
-64.9696
-64.9697
-64.9698
-64.9699
-64.97
-64.9701
-64.9702
-64.9703
-64.9704
-64.9705
-64.9706
-64.9707
-64.9708
-64.9709
-64.971
-64.9711
-64.9712
-64.9713
-64.9714
-64.9715
-64.9716
-64.9717
-64.9718
-64.9719
-64.972
-64.9721
-64.9722
-64.9722
-64.9723
-64.9724
-64.9725
-64.9726
-64.9727
-64.9728
-64.9729
-64.9729
-64.973
-64.9731
-64.9732
-64.9733
-64.9734
-64.9734
-64.9735
-64.9736
-64.9737
-64.9738
-64.9738
-64.9739
-64.974
-64.9741
-64.9741
-64.9742
-64.9743
-64.9744
-64.9744
-64.9745
-64.9746
-64.9747
-64.9747
-64.9748
-64.9749
-64.9749
-64.975
-64.9751
-64.9751
-64.9752
-64.9753
-64.9753
-64.9754
-64.9755
-64.9755
-64.9756
-64.9757
-64.9757
-64.9758
-64.9758
-64.9759
-64.976
-64.976
-64.9761
-64.9761
-64.9762
-64.9762
-64.9763
-64.9764
-64.9764
-64.9765
-64.9765
-64.9766
-64.9766
-64.9767
-64.9767
-64.9768
-64.9768
-64.9769
-64.9769
-64.977
-64.977
-64.9771
-64.9771
-64.9771
-64.9772
-64.9772
-64.9773
-64.9773
-64.9774
-64.9774
-64.9774
-64.9775
-64.9775
-64.9776
-64.9776
-64.9776
-64.9777
-64.9777
-64.9778
-64.9778
-64.9778
-64.9779
-64.9779
-64.9779
-64.978
-64.978
-64.978
-64.9781
-64.9781
-64.9781
-64.9781
-64.9782
-64.9782
-64.9782
-64.9783
-64.9783
-64.9783
-64.9783
-64.8437
-64.6216
-64.3349
-63.9983
-63.6219
-63.2138
-62.7801
-62.3261
-61.8556
-61.372
-60.878
-60.3759
-59.8675
-59.3542
-58.8372
-58.3176
-57.7961
-57.2734
-56.7498
-56.2258
-55.7015
-55.1771
-54.6525
-54.1276
-53.6022
-53.0759
-52.5483
-52.0189
-51.4869
-50.9515
-50.4119
-49.8669
-49.3153
-48.7557
-48.1866
-47.6062
-47.0124
-46.4029
-45.7753
-45.1266
-44.4536
-43.7526
-43.0195
-42.2496
-41.4374
-40.577
-39.6614
-38.6827
-37.6318
-36.4985
-35.2709
-33.9357
-32.4776
-30.8794
-29.1217
-27.1835
-25.0415
-22.6716
-20.0494
-17.1524
-13.9625
-10.4701
-6.67931
-2.61372
1.67802
6.11874
10.6035
15.0063
19.1924
23.035
26.4315
29.3155
31.6622
33.4856
34.8299
35.7576
36.3381
36.6385
36.7179
36.6251
36.3986
36.0674
35.6529
35.1709
34.6327
34.0467
33.4191
32.7548
32.0576
31.3307
30.5765
29.7976
28.9959
28.1734
27.3319
26.4729
25.598
24.7088
23.8066
22.8927
21.9684
21.0349
20.0934
19.1449
18.1904
17.231
16.2675
15.3007
14.3316
13.3608
12.389
11.417
10.4453
9.4745
8.50512
7.53764
6.57251
5.61014
4.65089
3.69511
2.7431
1.79513
0.851449
-0.0877289
-1.02221
-1.95183
-2.87646
-3.79596
-4.71024
-5.61922
-6.52284
-7.42105
-8.31382
-9.20113
-10.083
-10.9594
-11.8305
-12.6962
-13.5565
-14.4117
-15.2617
-16.1067
-16.9467
-17.782
-18.6126
-19.4387
-20.2605
-21.0782
-21.892
-22.7022
-23.509
-24.3127
-25.1138
-25.9124
-26.7091
-27.5042
-28.2982
-29.0916
-29.885
-30.679
-31.4741
-32.2711
-33.0707
-33.8737
-34.681
-35.4934
-36.3118
-37.1372
-37.9708
-38.8134
-39.6662
-40.5304
-41.407
-42.2972
-43.202
-44.1224
-45.0593
-46.0136
-46.9858
-47.9763
-48.9851
-50.0118
-51.0556
-52.1152
-53.1883
-54.2723
-55.3635
-56.4575
-57.5489
-58.6316
-59.6988
-60.743
-61.7568
-62.7324
-63.6628
-64.5414
-65.3631
-66.1237
-66.8208
-67.4535
-68.0225
-68.5295
-68.9778
-69.3712
-69.7141
-70.0114
-70.2678
-70.4881
-70.6768
-70.838
-70.9756
-71.0928
-71.1928
-71.278
-71.3508
-71.4131
-71.4665
-71.5124
-71.5521
-71.5865
-71.6165
-71.6428
-71.6659
-71.6864
-71.7046
-71.721
-71.7358
-71.7493
-71.7616
-71.7729
-71.7835
-71.7933
-71.8026
-71.8113
-71.8196
-71.8275
-71.8351
-71.8423
-71.8494
-71.8562
-71.8628
-71.8692
-71.8755
-71.8816
-71.8876
-71.8935
-71.8993
-71.905
-71.9106
-71.916
-71.9215
-71.9268
-71.932
-71.9372
-71.9423
-71.9473
-71.9523
-71.9572
-71.962
-71.9667
-71.9714
-71.976
-71.9805
-71.985
-71.9894
-71.9937
-71.998
-72.0021
-72.0063
-72.0103
-72.0143
-72.0182
-72.022
-72.0258
-72.0294
-72.033
-72.0366
-72.04
-72.0434
-72.0467
-72.0499
-72.053
-72.0561
-72.0591
-72.062
-72.0648
-72.0675
-72.0702
-72.0727
-72.0752
-72.0776
-72.0799
-72.0822
-72.0843
-72.0864
-72.0883
-72.0902
-72.092
-72.0937
-72.0954
-72.0969
-72.0983
-72.0997
-72.1009
-72.1021
-72.1032
-72.1042
-72.105
-72.1059
-72.1066
-72.1072
-72.1077
-72.1081
-72.1085
-72.1087
-72.1088
-72.1089
-72.1089
-72.1087
-72.1085
-72.1082
-72.1077
-72.1072
-72.1066
-72.1059
-72.1051
-72.1042
-72.1032
-72.1021
-72.1009
-72.0996
-72.0982
-72.0967
-72.0951
-72.0934
-72.0917
-72.0898
-72.0878
-72.0857
-72.0836
-72.0813
-72.079
-72.0765
-72.0739
-72.0713
-72.0685
-72.0657
-72.0628
-72.0597
-72.0566
-72.0533
-72.05
-72.0466
-72.0431
-72.0394
-72.0357
-72.0319
-72.028
-72.024
-72.0199
-72.0157
-72.0114
-72.007
-72.0025
-71.9979
-71.9933
-71.9885
-71.9836
-71.9787
-71.9736
-71.9685
-71.9633
-71.9579
-71.9525
-71.947
-71.9414
-71.9357
-71.9299
-71.924
-71.918
-71.912
-71.9058
-71.8995
-71.8932
-71.8868
-71.8802
-71.8736
-71.8669
-71.8601
-71.8533
-71.8463
-71.8392
-71.8321
-71.8249
-71.8176
-71.8101
-71.8027
-71.7951
-71.7874
-71.7797
-71.7718
-71.7639
-71.7559
-71.7478
-71.7397
-71.7314
-71.7231
-71.7146
-71.7061
-71.6976
-71.6889
-71.6802
-71.6713
-71.6624
-71.6534
-71.6444
-71.6352
-71.626
-71.6167
-71.6073
-71.5979
-71.5883
-71.5787
-71.569
-71.5593
-71.5494
-71.5395
-71.5295
-71.5195
-71.5093
-71.4991
-71.4889
-71.4785
-71.4681
-71.4576
-71.447
-71.4364
-71.4257
-71.4149
-71.404
-71.3931
-71.3821
-71.3711
-71.36
-71.3488
-71.3375
-71.3262
-71.3148
-71.3034
-71.2919
-71.2803
-71.2686
-71.2569
-71.2452
-71.2333
-71.2215
-71.2095
-71.1975
-71.1854
-71.1733
-71.1611
-71.1488
-71.1365
-71.1241
-71.1117
-71.0992
-71.0867
-71.0741
-71.0614
-71.0487
-71.036
-71.0232
-71.0103
-70.9974
-70.9844
-70.9714
-70.9583
-70.9451
-70.932
-70.9187
-70.9055
-70.8921
-70.8787
-70.8653
-70.8518
-70.8383
-70.8247
-70.8111
-70.7974
-70.7837
-70.77
-70.7562
-70.7423
-70.7284
-70.7145
-70.7005
-70.6865
-70.6725
-70.6584
-70.6442
-70.63
-70.6158
-70.6016
-70.5873
-70.5729
-70.5586
-70.5441
-70.5297
-70.5152
-70.5007
-70.4861
-70.4715
-70.4569
-70.4422
-70.4275
-70.4128
-70.3981
-70.3833
-70.3684
-70.3536
-70.3387
-70.3238
-70.3088
-70.2938
-70.2788
-70.2638
-70.2487
-70.2336
-70.2185
-70.2034
-70.1882
-70.173
-70.1578
-70.1425
-70.1273
-70.112
-70.0966
-70.0813
-70.0659
-70.0505
-70.0351
-70.0197
-70.0042
-69.9888
-69.9733
-69.9577
-69.9422
-69.9267
-69.9111
-69.8955
-69.8799
-69.8643
-69.8486
-69.833
-69.8173
-69.8016
-69.7859
-69.7702
-69.7544
-69.7387
-69.7229
-69.7071
-69.6914
-69.6756
-69.6597
-69.6439
-69.6281
-69.6122
-69.5964
-69.5805
-69.5646
-69.5487
-69.5329
-69.517
-69.501
-69.4851
-69.4692
-69.4533
-69.4373
-69.4214
-69.4054
-69.3895
-69.3735
-69.3575
-69.3416
-69.3256
-69.3096
-69.2936
-69.2777
-69.2617
-69.2457
-69.2297
-69.2137
-69.1977
-69.1817
-69.1657
-69.1497
-69.1337
-69.1177
-69.1017
-69.0858
-69.0698
-69.0538
-69.0378
-69.0218
-69.0058
-68.9899
-68.9739
-68.9579
-68.9419
-68.926
-68.91
-68.8941
-68.8781
-68.8622
-68.8463
-68.8303
-68.8144
-68.7985
-68.7826
-68.7667
-68.7508
-68.7349
-68.7191
-68.7032
-68.6873
-68.6715
-68.6557
-68.6398
-68.624
-68.6082
-68.5924
-68.5766
-68.5608
-68.5451
-68.5293
-68.5136
-68.4979
-68.4822
-68.4665
-68.4508
-68.4351
-68.4194
-68.4038
-68.3882
-68.3725
-68.3569
-68.3414
-68.3258
-68.3102
-68.2947
-68.2792
-68.2637
-68.2482
-68.2327
-68.2172
-68.2018
-68.1864
-68.1709
-68.1555
-68.1402
-68.1248
-68.1095
-68.0942
-68.0789
-68.0636
-68.0483
-68.0331
-68.0179
-68.0027
-67.9875
-67.9723
-67.9572
-67.9421
-67.927
-67.9119
-67.8968
-67.8818
-67.8668
-67.8518
-67.8368
-67.8219
-67.807
-67.7921
-67.7772
-67.7623
-67.7475
-67.7327
-67.7179
-67.7031
-67.6884
-67.6737
-67.659
-67.6443
-67.6297
-67.6151
-67.6005
-67.5859
-67.5714
-67.5569
-67.5424
-67.5279
-67.5135
-67.4991
-67.4847
-67.4703
-67.456
-67.4417
-67.4274
-67.4132
-67.399
-67.3848
-67.3706
-67.3565
-67.3423
-67.3283
-67.3142
-67.3002
-67.2862
-67.2722
-67.2583
-67.2443
-67.2305
-67.2166
-67.2028
-67.189
-67.1752
-67.1615
-67.1478
-67.1341
-67.1204
-67.1068
-67.0932
-67.0797
-67.0661
-67.0526
-67.0392
-67.0257
-67.0123
-66.9989
-66.9856
-66.9723
-66.959
-66.9458
-66.9326
-66.9194
-66.9062
-66.8931
-66.88
-66.867
-66.8539
-66.841
-66.828
-66.8151
-66.8022
-66.7893
-66.7765
-66.7637
-66.7509
-66.7382
-66.7255
-66.7128
-66.7002
-66.6876
-66.675
-66.6625
-66.65
-66.6376
-66.6251
-66.6127
-66.6004
-66.588
-66.5758
-66.5635
-66.5513
-66.5391
-66.527
-66.5148
-66.5028
-66.4907
-66.4787
-66.4667
-66.4548
-66.4429
-66.431
-66.4192
-66.4074
-66.3957
-66.3839
-66.3722
-66.3606
-66.349
-66.3374
-66.3259
-66.3143
-66.3029
-66.2914
-66.28
-66.2687
-66.2573
-66.246
-66.2348
-66.2236
-66.2124
-66.2012
-66.1901
-66.1791
-66.168
-66.157
-66.1461
-66.1351
-66.1243
-66.1134
-66.1026
-66.0918
-66.0811
-66.0704
-66.0597
-66.0491
-66.0385
-66.028
-66.0175
-66.007
-65.9966
-65.9862
-65.9759
-65.9656
-65.9553
-65.945
-65.9349
-65.9247
-65.9146
-65.9045
-65.8945
-65.8845
-65.8745
-65.8646
-65.8547
-65.8448
-65.835
-65.8253
-65.8155
-65.8058
-65.7962
-65.7866
-65.777
-65.7674
-65.7579
-65.7485
-65.739
-65.7297
-65.7203
-65.711
-65.7018
-65.6925
-65.6833
-65.6742
-65.6651
-65.656
-65.647
-65.638
-65.6291
-65.6202
-65.6113
-65.6025
-65.5937
-65.5849
-65.5762
-65.5676
-65.559
-65.5504
-65.5418
-65.3975
-65.1649
-64.8674
-64.5195
-64.1317
-63.712
-63.2667
-62.8009
-62.3188
-61.8237
-61.3183
-60.805
-60.2855
-59.7613
-59.2338
-58.7038
-58.1723
-57.6399
-57.107
-56.5741
-56.0413
-55.5088
-54.9766
-54.4446
-53.9126
-53.3804
-52.8475
-52.3133
-51.7774
-51.2388
-50.6969
-50.1504
-49.5983
-49.0393
-48.4719
-47.8943
-47.3047
-46.7009
-46.0805
-45.4408
-44.7787
-44.0908
-43.3731
-42.6212
-41.8301
-40.994
-40.1065
-39.1602
-38.1465
-37.0558
-35.8771
-34.5977
-33.2032
-31.6775
-30.0021
-28.1567
-26.119
-23.8649
-21.3698
-18.6097
-15.5633
-12.2159
-8.56351
-4.6188
-0.417054
3.97889
8.47686
12.9587
17.2901
21.3358
24.9769
28.1264
30.7383
32.8091
34.3712
35.4817
36.2098
36.626
36.7948
36.7705
36.5965
36.3062
35.9242
35.4684
34.9522
34.3848
33.7734
33.1234
32.4388
31.723
30.979
30.209
29.4153
28.5999
27.7645
26.9108
26.0406
25.1552
24.2561
23.3447
22.4223
21.4901
20.5493
19.601
18.6462
17.6861
16.7214
15.7531
14.7821
13.8091
12.8349
11.8602
10.8855
9.91151
8.93878
7.96778
6.99901
6.03288
5.06978
4.11007
3.15408
2.20208
1.25435
0.311118
-0.62742
-1.56108
-2.48971
-3.41318
-4.33137
-5.24421
-6.15162
-7.05355
-7.94995
-8.8408
-9.72612
-10.6059
-11.4802
-12.349
-13.2123
-14.0703
-14.9231
-15.7706
-16.6131
-17.4507
-18.2834
-19.1115
-19.935
-20.7543
-21.5695
-22.3809
-23.1887
-23.9931
-24.7946
-25.5935
-26.39
-27.1847
-27.978
-28.7703
-29.5622
-30.3543
-31.1471
-31.9413
-32.7376
-33.5368
-34.3397
-35.1471
-35.9599
-36.779
-37.6056
-38.4405
-39.2848
-40.1396
-41.0061
-41.8854
-42.7784
-43.6862
-44.6099
-45.5502
-46.5078
-47.4833
-48.4767
-49.4881
-50.5168
-51.5618
-52.6215
-53.6935
-54.7747
-55.8612
-56.9484
-58.0305
-59.1014
-60.1541
-61.181
-62.1748
-63.1281
-64.0341
-64.8867
-65.6812
-66.4142
-67.0838
-67.6897
-68.2329
-68.7158
-69.1418
-69.5149
-69.8396
-70.1207
-70.363
-70.571
-70.749
-70.9012
-71.031
-71.1417
-71.2361
-71.3167
-71.3856
-71.4446
-71.4953
-71.539
-71.5768
-71.6096
-71.6382
-71.6634
-71.6856
-71.7053
-71.7229
-71.7387
-71.7531
-71.7661
-71.7781
-71.7892
-71.7995
-71.8092
-71.8182
-71.8268
-71.835
-71.8428
-71.8503
-71.8575
-71.8644
-71.8712
-71.8777
-71.8841
-71.8903
-71.8964
-71.9024
-71.9082
-71.9139
-71.9196
-71.9251
-71.9306
-71.936
-71.9412
-71.9465
-71.9516
-71.9567
-71.9616
-71.9666
-71.9714
-71.9762
-71.9809
-71.9855
-71.9901
-71.9946
-71.999
-72.0033
-72.0076
-72.0118
-72.016
-72.0201
-72.0241
-72.028
-72.0318
-72.0356
-72.0393
-72.0429
-72.0465
-72.05
-72.0534
-72.0567
-72.0599
-72.0631
-72.0662
-72.0692
-72.0721
-72.0749
-72.0777
-72.0804
-72.083
-72.0855
-72.0879
-72.0902
-72.0925
-72.0947
-72.0967
-72.0987
-72.1006
-72.1025
-72.1042
-72.1058
-72.1074
-72.1089
-72.1102
-72.1115
-72.1127
-72.1138
-72.1148
-72.1157
-72.1165
-72.1173
-72.1179
-72.1185
-72.1189
-72.1193
-72.1195
-72.1197
-72.1198
-72.1197
-72.1196
-72.1194
-72.1191
-72.1187
-72.1182
-72.1176
-72.1169
-72.1161
-72.1152
-71.9716
-71.7405
-71.4489
-71.1136
-70.7461
-70.3551
-69.9472
-69.5276
-69.1003
-68.6685
-68.2347
-67.8011
-67.3693
-66.9406
-66.516
-66.0965
-65.6829
-65.2755
-64.875
-64.4818
-64.096
-63.7179
-63.3477
-62.9856
-62.6315
-62.2856
-61.9478
-61.6183
-61.2968
-60.9834
-60.678
-60.3805
-60.0908
-59.8088
-59.5344
-59.2675
-59.0079
-58.7555
-58.5102
-58.2717
-58.04
-57.815
-57.5963
-57.384
-57.1778
-56.9776
-56.7833
-56.5947
-56.4116
-56.2339
-56.0614
-55.8941
-55.7318
-55.5743
-55.4215
-55.2733
-55.1296
-54.9901
-54.8549
-54.7238
-54.5967
-54.4734
-54.3539
-54.2381
-54.1259
-54.0171
-53.9116
-53.8095
-53.7106
-53.6148
-53.5221
-53.4323
-53.3454
-53.2613
-53.18
-53.1014
-53.0255
-52.9521
-52.8813
-52.8129
-52.7469
-52.6834
-52.6221
-52.5632
-52.5064
-52.4519
-52.3996
-52.3494
-52.3013
-52.2553
-52.2113
-52.1694
-52.1294
-52.0914
-52.0554
-52.0212
-51.989
-51.9587
-51.9302
-51.9036
-51.8788
-51.8558
-51.8347
-51.8153
-51.7977
-51.7819
-51.7679
-51.7556
-51.7451
-51.7363
-51.7292
-51.7239
-51.7203
-51.7184
-51.7183
-51.7198
-51.7231
-51.7281
-51.7348
-51.6438
-51.4948
-51.3066
-51.0902
-50.8531
-50.6005
-50.3364
-50.0637
-49.7845
-49.5005
-49.2131
-48.9231
-48.6313
-48.3382
-48.0442
-47.7496
-47.4546
-47.1592
-46.8634
-46.5674
-46.2708
-45.9738
-45.676
-45.3773
-45.0775
-44.7763
-44.4734
-44.1686
-43.8614
-43.5514
-43.2384
-42.9219
-42.6013
-42.2763
-41.9463
-41.6107
-41.2691
-40.9207
-40.5649
-40.2011
-39.8284
-39.4462
-39.0536
-38.6496
-38.2335
-37.8042
-37.3606
-36.9017
-36.4263
-35.933
-35.4207
-34.8879
-34.3332
-33.7549
-33.1514
-32.5211
-31.8622
-31.1727
-30.4508
-29.6945
-28.9018
-28.0707
-27.1991
-26.2851
-25.3268
-24.3225
-23.2704
-22.1693
-21.0181
-19.8163
-18.5637
-17.2607
-15.9088
-14.51
-13.0674
-11.5854
-10.0698
-8.52776
-6.96816
-5.4018
-3.84135
-2.30144
-0.798471
0.649657
2.02415
3.30612
4.47757
5.52259
6.42833
7.18583
7.7905
8.24209
8.54437
8.70439
8.73167
8.63729
8.43313
8.13115
7.74293
7.27931
6.75025
6.16468
5.53054
4.85484
4.1437
3.40247
2.6358
1.84777
1.0419
0.221308
-0.611308
-1.45356
-2.30337
-3.15889
-4.0185
-4.88077
-5.74443
-6.60839
-7.47164
-8.33333
-9.1927
-10.0491
-10.9019
-11.7507
-12.5949
-13.4343
-14.2685
-15.0972
-15.9203
-16.7375
-17.5488
-18.3539
-19.153
-19.9458
-20.7325
-21.513
-22.2874
-23.0559
-23.8184
-24.5751
-25.3263
-26.0721
-26.8126
-27.5482
-28.279
-29.0054
-29.7277
-30.4462
-31.1612
-31.8732
-32.5826
-33.2897
-33.9952
-34.6993
-35.4027
-36.1058
-36.8093
-37.5137
-38.2195
-38.9275
-39.6381
-40.3521
-41.0701
-41.7927
-42.5205
-43.2542
-43.9943
-44.7414
-45.4961
-46.2587
-47.0297
-47.8093
-48.5977
-49.3948
-50.2005
-51.0143
-51.8357
-52.6638
-53.4972
-54.3344
-55.1735
-56.0121
-56.8474
-57.6762
-58.4952
-59.3004
-60.0878
-60.8533
-61.5927
-62.302
-62.9778
-63.6168
-64.2165
-64.7751
-65.2916
-65.7657
-66.1979
-66.5893
-66.9418
-67.2575
-67.5389
-67.7887
-68.0097
-68.2047
-68.3764
-68.5274
-68.6602
-68.7769
-68.8796
-68.9701
-69.05
-69.1207
-69.1835
-69.2395
-69.2896
-69.3346
-69.3753
-69.4123
-69.4461
-69.4771
-69.5057
-69.5323
-69.5571
-69.5804
-69.6023
-69.6232
-69.643
-69.662
-69.6802
-69.6978
-69.7148
-69.7313
-69.7474
-69.763
-69.7783
-69.7933
-69.8081
-69.8225
-69.8367
-69.8507
-69.8646
-69.8782
-69.8917
-69.905
-69.9182
-69.9312
-69.9442
-69.9569
-69.9696
-69.9822
-69.9946
-70.007
-70.0192
-70.0313
-70.0433
-70.0553
-70.0671
-70.0788
-70.0905
-70.102
-70.1134
-70.1248
-70.136
-70.1472
-70.1582
-70.1692
-70.1801
-70.1908
-70.2015
-70.2121
-70.2225
-70.2329
-70.2432
-70.2534
-70.2634
-70.2734
-70.2833
-70.2931
-70.3027
-70.3123
-70.3218
-70.3311
-70.3404
-70.3496
-70.3586
-70.3676
-70.3764
-70.3851
-70.3938
-70.4023
-70.4107
-70.419
-70.4272
-70.4353
-70.4433
-70.4512
-70.459
-70.4666
-70.4742
-70.4816
-70.489
-70.4962
-70.5033
-70.5103
-70.5172
-70.524
-70.5307
-70.5372
-70.5437
-70.55
-70.5562
-70.5623
-70.5683
-70.5742
-70.58
-70.5856
-70.5912
-70.5966
-70.6019
-70.6071
-70.6122
-70.6172
-70.6221
-70.6268
-70.6315
-70.636
-70.6404
-70.6447
-70.6489
-70.653
-70.6569
-70.6608
-70.6645
-70.6681
-70.6716
-70.675
-70.6783
-70.6815
-70.6845
-70.6875
-70.6903
-70.693
-70.6957
-70.6982
-70.7005
-70.7028
-70.705
-70.707
-70.709
-70.7108
-70.7125
-70.7141
-70.7156
-70.717
-70.7183
-70.7195
-70.7205
-70.7215
-70.7223
-70.7231
-70.7237
-70.7242
-70.7246
-70.7249
-70.7251
-70.7252
-70.7252
-70.7251
-70.7248
-70.7245
-70.7241
-70.7235
-70.7229
-70.7221
-70.7212
-70.7203
-70.7192
-70.718
-70.7168
-70.7154
-70.7139
-70.7123
-70.7107
-70.7089
-70.707
-70.705
-70.7029
-70.7007
-70.6984
-70.6961
-70.6936
-70.691
-70.6883
-70.6856
-70.6827
-70.6797
-70.6766
-70.6735
-70.6702
-70.6669
-70.6634
-70.6599
-70.6563
-70.6525
-70.6487
-70.6448
-70.6408
-70.6367
-70.6325
-70.6282
-70.6238
-70.6194
-70.6148
-70.6102
-70.6055
-70.6006
-70.5957
-70.5907
-70.5857
-70.5805
-70.5752
-70.5699
-70.5645
-70.559
-70.5534
-70.5477
-70.5419
-70.5361
-70.5302
-70.5241
-70.5181
-70.5119
-70.5056
-70.4993
-70.4929
-70.4864
-70.4798
-70.4732
-70.4664
-70.4596
-70.4527
-70.4458
-70.4387
-70.4316
-70.4244
-70.4172
-70.4098
-70.4024
-70.395
-70.3874
-70.3798
-70.3721
-70.3643
-70.3564
-70.3485
-70.3405
-70.3325
-70.3244
-70.3162
-70.3079
-70.2996
-70.2912
-70.2827
-70.2742
-70.2656
-70.2569
-70.2482
-70.2394
-70.2306
-70.2217
-70.2127
-70.2036
-70.1945
-70.1854
-70.1761
-70.1668
-70.1575
-70.1481
-70.1386
-70.1291
-70.1195
-70.1099
-70.1002
-70.0904
-70.0806
-70.0707
-70.0608
-70.0508
-70.0408
-70.0307
-70.0206
-70.0104
-70.0001
-69.9898
-69.9795
-69.9691
-69.9586
-69.9481
-69.9376
-69.927
-69.9163
-69.9056
-69.8949
-69.8841
-69.8733
-69.8624
-69.8514
-69.8405
-69.8294
-69.8184
-69.8073
-69.7961
-69.7849
-69.7737
-69.7624
-69.6077
-69.3607
-69.0467
-68.6814
-68.2759
-67.8389
-67.3773
-66.8965
-66.4008
-65.8939
-65.3788
-64.8578
-64.3331
-63.8063
-63.2788
-62.7519
-62.2265
-61.7035
-61.1836
-60.6675
-60.1556
-59.6484
-59.1462
-58.6492
-58.1578
-57.6721
-57.1921
-56.718
-56.2496
-55.7871
-55.3302
-54.8789
-54.4329
-53.9921
-53.5561
-53.1247
-52.6975
-52.274
-51.8539
-51.4367
-51.0218
-50.6086
-50.1966
-49.7849
-49.3729
-48.9598
-48.5447
-48.1267
-47.7047
-47.2777
-46.8446
-46.4041
-45.9547
-45.4951
-45.0237
-44.5386
-44.0379
-43.5197
-42.9815
-42.4208
-41.8349
-41.2207
-40.5746
-39.893
-39.1717
-38.4058
-37.5901
-36.7189
-35.7856
-34.7829
-33.7028
-32.5364
-31.274
-29.9048
-28.4173
-26.7991
-25.0376
-23.1196
-21.0327
-18.7655
-16.309
-13.6582
-10.8138
-7.78407
-4.58771
-1.25509
2.17036
5.63243
9.06407
12.3912
15.5383
18.4349
21.0222
23.2582
25.1211
26.6095
27.7394
28.5406
29.0504
29.3094
29.3573
29.2301
28.9591
28.5704
28.0854
27.5208
26.8903
26.2044
25.4716
24.6986
23.8911
23.0537
22.1901
21.3038
20.3977
19.4743
18.5359
17.5847
16.6224
15.6509
14.6717
13.6862
12.6958
11.7017
10.705
9.70674
8.70788
7.70927
6.7117
5.71587
4.72244
3.732
2.74506
1.76211
0.783566
-0.190196
-1.15884
-2.12209
-3.07968
-4.0314
-4.97706
-5.91651
-6.84963
-7.77632
-8.6965
-9.61014
-10.5172
-11.4176
-12.3115
-13.1988
-14.0796
-14.954
-15.822
-16.6837
-17.5392
-18.3888
-19.2324
-20.0703
-20.9027
-21.7298
-22.5518
-23.3689
-24.1814
-24.9896
-25.7939
-26.5945
-27.392
-28.1866
-28.9789
-29.7692
-30.5583
-31.3465
-32.1345
-32.923
-33.7125
-34.5039
-35.298
-36.0954
-36.897
-37.7038
-38.5165
-39.3362
-40.1639
-41.0004
-41.8467
-42.7039
-43.5727
-44.4542
-45.349
-46.258
-47.1816
-48.1201
-49.0738
-49.956
-50.8036
-51.6318
-52.4475
-53.2539
-54.0515
-54.8395
-55.6161
-56.3785
-57.1233
-57.8468
-58.5447
-59.213
-59.8473
-60.4437
-60.9988
-61.5096
-61.9739
-62.3904
-62.7588
-63.0795
-63.3537
-63.5836
-63.7718
-63.9213
-64.0354
-64.1177
-64.1717
-64.2007
-64.2081
-64.1969
-64.1699
-64.1297
-64.0784
-64.0181
-63.9506
-63.8773
-63.7995
-63.7185
-63.635
-63.55
-63.4641
-63.3778
-63.2917
-63.2061
-63.1214
-63.0378
-62.9555
-62.8747
-62.7956
-62.7183
-62.6428
-62.5692
-62.4975
-62.4279
-62.3602
-62.2946
-62.231
-62.1693
-62.1097
-62.0521
-61.9964
-61.9427
-61.8909
-61.841
-61.793
-61.7468
-61.7024
-61.6597
-61.6188
-61.5797
-61.5421
-61.5063
-61.472
-61.4394
-61.4083
-61.3787
-61.3506
-61.3239
-61.2987
-61.2749
-61.2524
-61.2313
-61.2116
-61.1931
-61.1758
-61.1598
-61.145
-61.1314
-61.1189
-61.1076
-61.0974
-61.0883
-61.0802
-61.0732
-61.0672
-61.0622
-61.0581
-61.055
-61.0529
-61.0517
-61.0513
-61.0518
-61.0532
-61.0554
-61.0584
-61.0623
-61.0669
-61.0723
-61.0784
-61.0852
-61.0928
-61.1011
-61.11
-61.1196
-61.1299
-61.1408
-61.1523
-61.1644
-61.1772
-61.1905
-61.2043
-61.2188
-61.2337
-61.2492
-61.2652
-61.2817
-61.2987
-61.3162
-61.3341
-61.3525
-61.3714
-61.3906
-61.4103
-61.4304
-61.4509
-61.4718
-61.4931
-61.5147
-61.5367
-61.5591
-61.5818
-61.6048
-61.6282
-61.6518
-61.6758
-61.7
-61.7246
-61.7494
-61.7745
-61.7999
-61.8255
-61.8513
-61.8774
-61.9037
-61.9303
-61.9571
-61.984
-62.0112
-62.0386
-62.0662
-62.0939
-62.1218
-62.1499
-62.1782
-62.2066
-62.2351
-62.2639
-62.2927
-62.3217
-62.3508
-62.38
-62.4093
-62.4388
-62.4683
-62.498
-62.5277
-62.5576
-62.5875
-62.6175
-62.6476
-62.6777
-62.7079
-62.7382
-62.7685
-62.7989
-62.8293
-62.8598
-62.8903
-62.9209
-62.9514
-62.982
-63.0127
-63.0433
-63.074
-63.1047
-63.1354
-63.166
-63.1967
-63.2274
-63.2581
-63.2888
-63.3195
-63.3501
-63.3807
-63.4114
-63.4419
-63.4725
-63.503
-63.5335
-63.564
-63.5944
-63.6248
-63.6552
-63.6855
-63.7157
-63.7459
-63.7761
-63.8062
-63.8362
-63.8662
-63.8961
-63.9259
-63.9557
-63.9854
-64.0151
-64.0446
-64.0741
-64.1036
-64.1329
-64.1622
-64.1913
-64.2204
-64.2494
-64.2784
-64.3072
-64.3359
-64.3646
-64.3931
-64.4216
-64.45
-64.4782
-64.5064
-64.5345
-64.5624
-64.5903
-64.618
-64.6457
-64.6732
-64.7006
-64.728
-64.7552
-64.7823
-64.8093
-64.8361
-64.8629
-64.8895
-64.916
-64.9424
-64.9687
-64.9949
-65.0209
-65.0468
-65.0726
-65.0983
-65.1239
-65.1493
-65.1746
-65.1997
-65.2248
-65.2497
-65.2745
-65.2991
-65.3236
-65.348
-65.3723
-65.3964
-65.4204
-65.4443
-65.468
-65.4916
-65.5151
-65.5384
-65.5616
-65.5846
-65.6076
-65.6303
-65.653
-65.6755
-65.6978
-65.7201
-65.7422
-65.7641
-65.7859
-65.8076
-65.8291
-65.8505
-65.8718
-65.8929
-65.9139
-65.9347
-65.9554
-65.9759
-65.9963
-66.0166
-66.0367
-66.0567
-66.0765
-66.0962
-66.1158
-66.1352
-66.1545
-66.1736
-66.1926
-66.2114
-66.2301
-66.2487
-66.2671
-66.2853
-66.3035
-66.3215
-66.3393
-66.357
-66.3746
-66.392
-66.4093
-66.4264
-66.4434
-66.4602
-66.477
-66.4935
-66.51
-66.5262
-66.5424
-66.5584
-66.5743
-66.59
-66.6056
-66.621
-66.6363
-66.6515
-66.6665
-66.6814
-66.6961
-66.7107
-66.7252
-66.7395
-66.7537
-66.7677
-66.7816
-66.7954
-66.809
-66.8225
-66.8359
-66.8491
-66.8622
-66.8752
-66.888
-66.9007
-66.9132
-66.9256
-66.9379
-66.9501
-66.9621
-66.974
-66.9857
-66.9973
-67.0088
-67.0201
-67.0314
-67.0425
-67.0534
-67.0642
-67.0749
-67.0855
-67.0959
-67.1062
-67.1164
-67.1265
-67.1364
-67.1462
-67.1558
-67.1654
-67.1748
-67.1841
-67.1933
-67.2023
-67.2112
-67.22
-67.2287
-67.2372
-67.2456
-67.2539
-67.2621
-67.2702
-67.2781
-67.2859
-67.2936
-67.3012
-67.3086
-67.316
-67.3232
-67.3303
-67.3373
-67.3441
-67.3509
-67.3575
-67.364
-67.3704
-67.3767
-67.3829
-67.389
-67.3949
-67.4008
-67.4065
-67.4121
-67.4176
-67.423
-67.4283
-67.4334
-67.4385
-67.4434
-67.4483
-67.453
-67.4577
-67.4622
-67.4666
-67.4709
-67.4751
-67.4792
-67.4832
-67.4871
-67.4909
-67.4946
-67.4982
-67.5017
-67.505
-67.5083
-67.5115
-67.5146
-67.5176
-67.5205
-67.5233
-67.5259
-67.5285
-67.531
-67.5334
-67.5357
-67.538
-67.5401
-67.5421
-67.544
-67.5459
-67.5476
-67.5493
-67.5508
-67.5523
-67.5537
-67.555
-67.5562
-67.5573
-67.5583
-67.5592
-67.5601
-67.5608
-67.5615
-67.5621
-67.5626
-67.563
-67.5634
-67.5636
-67.5638
-67.5639
-67.5639
-67.5638
-67.5637
-67.5634
-67.5631
-67.5627
-67.5622
-67.5617
-67.5611
-67.5603
-67.5596
-67.5587
-67.5578
-67.5567
-67.5557
-67.5545
-67.5533
-67.552
-67.5506
-67.5491
-67.5476
-67.546
-67.5443
-67.4035
-67.173
-66.8771
-66.5307
-66.145
-65.728
-65.2865
-64.8255
-64.3495
-63.8618
-63.3654
-62.8625
-62.3551
-61.8449
-61.3331
-60.8209
-60.3092
-59.7989
-59.2906
-58.7848
-58.2821
-57.7827
-57.2869
-56.795
-56.3071
-55.8232
-55.3434
-54.8676
-54.3956
-53.9274
-53.4628
-53.0013
-52.5427
-52.0866
-51.6326
-51.18
-50.7284
-50.277
-49.8252
-49.372
-48.9168
-48.4584
-47.9959
-47.5281
-47.0537
-46.5714
-46.0795
-45.5766
-45.0607
-44.5299
-43.9819
-43.4143
-42.8245
-42.2095
-41.5659
-40.89
-40.1779
-39.4248
-38.6256
-37.7746
-36.8654
-35.8907
-34.8425
-33.7116
-32.4881
-31.1608
-29.7174
-28.1447
-26.4282
-24.5529
-22.5035
-20.2652
-17.8244
-15.1708
-12.2988
-9.21065
-5.91858
-2.44828
1.15893
4.84496
8.53601
12.1463
15.5848
18.7638
21.6085
24.0651
26.1053
27.7272
28.9514
29.8146
30.3625
30.6433
30.703
30.5823
30.3156
29.931
29.4505
28.8916
28.2676
27.5892
26.8644
26.0998
25.3008
24.4716
23.616
22.7372
21.8379
20.9207
19.9879
19.0414
18.0831
17.1147
16.1379
15.154
14.1645
13.1705
12.1548
11.132
10.1084
9.08783
8.07224
7.06301
6.06106
5.06702
4.08137
3.10446
2.13656
1.17787
0.228526
-0.71135
-1.64169
-2.56245
-3.47362
-4.3752
-5.26722
-6.14974
-7.02281
-7.88651
-8.74093
-9.58616
-10.4223
-11.2495
-12.0679
-12.8776
-13.6788
-14.4716
-15.2561
-16.0326
-16.8012
-17.562
-18.3153
-19.0613
-19.8001
-20.532
-21.2572
-21.9759
-22.6883
-23.3948
-24.0955
-24.7908
-25.4809
-26.1662
-26.8469
-27.5235
-28.1962
-28.8655
-29.5318
-30.1955
-30.857
-31.5169
-32.1755
-32.8335
-33.4913
-34.1496
-34.8089
-35.4698
-36.133
-36.799
-37.4687
-38.1425
-38.8212
-39.5054
-40.1959
-40.8932
-41.5978
-42.3105
-43.0314
-43.7612
-44.4998
-45.2475
-46.0041
-46.7691
-47.542
-48.3217
-49.1069
-49.8959
-50.6865
-51.4761
-52.2617
-53.0398
-53.8067
-54.5584
-55.2906
-55.9994
-56.6806
-57.3307
-57.9464
-58.5253
-59.0653
-59.5655
-60.0253
-60.4451
-60.8259
-61.1693
-61.4771
-61.7517
-61.9956
-62.2114
-62.4017
-62.5692
-62.7163
-62.8454
-62.9585
-63.0578
-63.145
-63.2216
-63.2893
-63.3491
-63.4022
-63.4496
-63.4922
-63.5306
-63.5654
-63.5973
-63.6267
-63.654
-63.6795
-63.7036
-63.7264
-63.7482
-63.7692
-63.7896
-63.8094
-63.8288
-63.8479
-63.8667
-63.8853
-63.9039
-63.9224
-63.9408
-63.9593
-63.9778
-63.9964
-64.015
-64.0338
-64.0527
-64.0717
-64.0909
-64.1102
-64.1296
-64.1492
-64.169
-64.1889
-64.209
-64.2292
-64.2496
-64.2701
-64.2909
-64.3117
-64.3327
-64.3539
-64.3752
-64.3966
-64.4182
-64.4399
-64.4618
-64.4838
-64.5059
-64.5281
-64.5504
-64.5728
-64.5954
-64.618
-64.6408
-64.6636
-64.6866
-64.7096
-64.7327
-64.7559
-64.7791
-64.8024
-64.8258
-64.8493
-64.8728
-64.8964
-64.92
-64.9436
-64.9673
-64.9911
-65.0149
-65.0387
-65.0625
-65.0864
-65.1103
-65.1342
-65.1582
-65.1821
-65.2061
-65.23
-65.254
-65.278
-65.3019
-65.3259
-65.3498
-65.3738
-65.3977
-65.4216
-65.4455
-65.4694
-65.4933
-65.5171
-65.5409
-65.5647
-65.5884
-65.6121
-65.6358
-65.6594
-65.683
-65.7065
-65.73
-65.7535
-65.7768
-65.8002
-65.8235
-65.8467
-65.8699
-65.893
-65.9161
-65.939
-65.962
-65.9848
-66.0076
-66.0303
-66.053
-66.0756
-66.0981
-66.1205
-66.1429
-66.1651
-66.1873
-66.2094
-66.2315
-66.2534
-66.2753
-66.297
-66.3187
-66.3403
-66.3618
-66.3832
-66.4045
-66.4258
-66.4469
-66.4679
-66.4889
-66.5097
-66.5305
-66.5511
-66.5717
-66.5921
-66.6125
-66.6327
-66.6529
-66.6729
-66.6928
-66.7126
-66.7324
-66.752
-66.7715
-66.7909
-66.8102
-66.8293
-66.8484
-66.8674
-66.8862
-66.905
-66.9236
-66.9421
-66.9605
-66.9788
-66.9969
-67.015
-67.0329
-67.0507
-67.0684
-67.086
-67.1035
-67.1209
-67.1381
-67.1552
-67.1722
-67.1891
-67.2059
-67.0892
-66.8903
-66.6339
-66.3354
-66.0056
-65.6524
-65.282
-64.899
-64.5075
-64.1102
-63.7098
-63.308
-62.9066
-62.5067
-62.1095
-61.7159
-61.3265
-60.9419
-60.5626
-60.189
-59.8215
-59.4603
-59.1056
-58.7575
-58.4163
-58.0819
-57.7545
-57.434
-57.1204
-56.8137
-56.514
-56.221
-55.9348
-55.6552
-55.3822
-55.1156
-54.8553
-54.6012
-54.3531
-54.1109
-53.8745
-53.6436
-53.4182
-53.198
-52.9829
-52.7728
-52.5674
-52.3666
-52.1703
-51.9783
-51.7904
-51.6064
-51.4262
-51.2497
-51.0766
-50.9068
-50.7402
-50.5767
-50.4159
-50.2579
-50.1025
-49.9495
-49.7989
-49.6503
-49.5038
-49.3592
-49.2164
-49.0752
-48.9355
-48.7972
-48.6602
-48.5243
-48.3894
-48.2554
-48.1222
-47.9897
-47.8577
-47.7262
-47.5949
-47.4639
-47.3329
-47.2018
-47.0706
-46.939
-46.8071
-46.6745
-46.5413
-46.4072
-46.2721
-46.1359
-45.9983
-45.8594
-45.7188
-45.5765
-45.4322
-45.2857
-45.1369
-44.9856
-44.8314
-44.6743
-44.5139
-44.35
-44.1823
-44.0106
-43.8345
-43.6537
-43.4678
-43.2765
-43.0794
-42.876
-42.6659
-42.4486
-42.2236
-41.9903
-41.7482
-41.4964
-41.2345
-40.9615
-40.6767
-40.3791
-40.0679
-39.742
-39.4002
-39.0414
-38.6642
-38.2673
-37.849
-37.4077
-36.9416
-36.4487
-35.9269
-35.3739
-34.7872
-34.1642
-33.502
-32.7975
-32.0475
-31.2485
-30.397
-29.489
-28.5206
-27.488
-26.387
-25.2139
-23.9651
-22.6373
-21.2282
-19.7362
-18.1612
-16.5047
-14.7706
-12.9655
-11.0991
-9.18501
-7.24082
-5.28815
-3.35235
-1.46175
0.353683
2.06398
3.64116
5.06107
6.30496
7.36051
8.22203
8.89022
9.37114
9.67509
9.81528
9.80653
9.66431
9.40387
9.03971
8.58524
8.05258
7.45256
6.79472
6.08744
5.33801
4.55279
3.73731
2.89639
2.03423
1.15448
0.260373
-0.645293
-1.56004
-2.4817
-3.40836
-4.33834
-5.27016
-6.20251
-7.13425
-8.06439
-8.99203
-9.91642
-10.8369
-11.7529
-12.6639
-13.5695
-14.4694
-15.3633
-16.2509
-17.1321
-18.0067
-18.8747
-19.7361
-20.5907
-21.4387
-22.2801
-23.115
-23.9435
-24.7659
-25.5823
-26.3929
-27.1981
-27.9981
-28.7932
-29.5838
-30.3704
-31.1532
-31.9329
-32.7098
-33.4845
-34.2576
-35.0296
-35.8012
-36.573
-37.3457
-38.1199
-38.8965
-39.6761
-40.4595
-41.2475
-42.0408
-42.8402
-43.6465
-44.4603
-45.2825
-46.1135
-46.9541
-47.8046
-48.6655
-49.5369
-50.419
-51.3115
-52.2142
-53.1264
-54.0471
-54.975
-55.9085
-56.8454
-57.7832
-58.7189
-59.6491
-60.57
-61.4773
-62.3667
-63.2333
-64.0727
-64.8801
-65.6514
-66.3827
-67.0709
-67.7135
-68.309
-68.8566
-69.3565
-69.8097
-70.2177
-70.5829
-70.908
-71.1958
-71.4495
-71.6724
-71.8675
-72.0378
-72.1862
-72.3152
-72.4273
-72.5246
-72.609
-72.6822
-72.7458
-72.801
-72.849
-72.8907
-72.9271
-72.9589
-72.9867
-73.011
-73.0324
-73.0512
-73.0678
-73.0825
-73.0955
-73.1071
-73.1174
-73.1266
-73.1349
-73.1423
-73.149
-73.1551
-73.1605
-73.1655
-73.17
-73.1741
-73.1778
-73.1812
-73.1843
-73.1872
-73.1898
-73.1921
-73.1943
-73.1963
-73.198
-73.1997
-73.2011
-73.2024
-73.2036
-73.2046
-73.2055
-73.2062
-73.2069
-73.2074
-73.2078
-73.2081
-73.2083
-73.2084
-73.2084
-73.2082
-73.208
-73.2077
-73.2072
-73.2067
-73.206
-73.2053
-73.2045
-73.2035
-73.2025
-73.2014
-73.2001
-73.1988
-73.1974
-73.1959
-73.1943
-73.1926
-73.1908
-73.1888
-73.1868
-73.1848
-73.1826
-73.1803
-73.1779
-73.1754
-73.1728
-73.1701
-73.1674
-73.1645
-73.1615
-73.1585
-73.1553
-73.1521
-73.1487
-73.1452
-73.1417
-73.138
-73.1343
-73.1305
-73.1265
-73.1225
-73.1184
-73.1141
-73.1098
-73.1054
-73.1009
-73.0962
-73.0915
-73.0867
-73.0818
-73.0768
-73.0717
-73.0665
-73.0612
-73.0558
-73.0503
-73.0447
-73.039
-73.0332
-73.0273
-73.0214
-73.0153
-73.0091
-73.0029
-72.9965
-72.99
-72.9835
-72.9768
-72.9701
-72.9633
-72.9563
-72.9493
-72.9422
-72.935
-72.9277
-72.9203
-72.9128
-72.9052
-72.8975
-72.8897
-72.8818
-72.8739
-72.8658
-72.8577
-72.8494
-72.8411
-72.8327
-72.8242
-72.8156
-72.8069
-72.7981
-72.7892
-72.7803
-72.7712
-72.7621
-72.7528
-72.7435
-72.7341
-72.7246
-72.715
-72.7053
-72.6956
-72.6857
-72.6758
-72.6658
-72.6557
-72.6455
-72.6352
-72.6249
-72.6144
-72.6039
-72.5933
-72.5826
-72.5718
-72.5609
-72.55
-72.539
-72.5279
-72.5167
-72.5054
-72.4941
-72.4827
-72.4712
-72.4596
-72.4479
-72.4362
-72.4244
-72.4125
-72.4005
-72.3884
-72.3763
-72.3641
-72.3519
-72.3395
-72.3271
-72.3146
-72.302
-72.2894
-72.2767
-72.2639
-72.251
-72.2381
-72.2251
-72.212
-72.1989
-72.1857
-72.1724
-72.159
-72.1456
-72.1321
-72.1186
-72.105
-72.0913
-72.0775
-72.0637
-72.0499
-72.0359
-72.0219
-72.0078
-71.9937
-71.9795
-71.9653
-71.951
-71.9366
-71.9221
-71.9077
-71.8931
-71.8785
-71.8638
-71.8491
-71.8343
-71.8195
-71.8046
-71.7896
-71.7746
-71.7595
-71.7444
-71.7292
-71.714
-71.6987
-71.6834
-71.668
-71.6526
-71.6371
-71.6216
-71.606
-71.5904
-71.5747
-71.559
-71.5432
-71.5274
-71.5115
-71.4956
-71.4796
-71.4636
-71.4475
-71.4315
-71.4153
-71.3991
-71.3829
-71.3666
-71.3503
-71.334
-71.3176
-71.3012
-71.2847
-71.2682
-71.2517
-71.2351
-71.2184
-71.2018
-71.1851
-71.1684
-71.1516
-71.1348
-71.118
-71.1011
-71.0842
-71.0673
-71.0503
-71.0333
-71.0163
-70.9992
-70.9821
-70.965
-70.9479
-70.9307
-70.9135
-70.8962
-70.879
-70.8617
-70.8444
-70.827
-70.8097
-70.7923
-70.7749
-70.7574
-70.74
-70.7225
-70.705
-70.6874
-70.6699
-70.6523
-70.6347
-70.6171
-70.5995
-70.5818
-70.5642
-70.5465
-70.5288
-70.511
-70.4933
-70.4756
-70.4578
-70.44
-70.4222
-70.4044
-70.3865
-70.3687
-70.3508
-70.333
-70.3151
-70.2972
-70.2793
-70.2614
-70.2434
-70.2255
-70.2076
-70.1896
-70.1716
-70.1537
-70.1357
-70.1177
-70.0997
-70.0817
-70.0637
-70.0457
-70.0277
-70.0096
-69.9916
-69.9736
-69.9556
-69.9375
-69.9195
-69.9014
-69.8834
-69.8653
-69.8473
-69.8292
-69.8112
-69.7931
-69.7751
-69.757
-69.739
-69.721
-69.7029
-69.6849
-69.6668
-69.6488
-69.6308
-69.6127
-69.5947
-69.5767
-69.5587
-69.5407
-69.5226
-69.5046
-69.4867
-69.4687
-69.4507
-69.4327
-69.4148
-69.3968
-69.3789
-69.3609
-69.1997
-68.9458
-68.624
-68.2498
-67.8346
-67.3868
-66.9132
-66.4193
-65.9095
-65.3874
-64.8561
-64.318
-63.7751
-63.2292
-62.6816
-62.1337
-61.5863
-61.0404
-60.4967
-59.9558
-59.4181
-58.8841
-58.3541
-57.8283
-57.3069
-56.79
-56.2776
-55.7696
-55.2661
-54.7667
-54.2713
-53.7797
-53.2914
-52.806
-52.323
-51.842
-51.3622
-50.8829
-50.4035
-49.9229
-49.4402
-48.9543
-48.4642
-47.9684
-47.4656
-46.9543
-46.4326
-45.8987
-45.3505
-44.7857
-44.2017
-43.5958
-42.9647
-42.3051
-41.6128
-40.8836
-40.1125
-39.294
-38.4218
-37.4889
-36.4874
-35.4083
-34.2417
-32.9762
-31.5993
-30.097
-28.454
-26.6538
-24.6789
-22.5113
-20.1334
-17.5294
-14.687
-11.6002
-8.2722
-4.71912
-0.973436
2.9136
6.87148
10.813
14.6402
18.2532
21.5602
24.4876
26.987
29.0386
30.6498
31.8503
32.6847
33.2047
33.4625
33.5066
33.3787
33.1132
32.7374
32.2725
31.7348
31.1366
30.4873
29.7941
29.0629
28.2982
27.5038
26.683
25.8385
24.9728
24.0881
23.1865
22.2698
21.3397
20.3979
19.4459
18.485
17.5165
16.5418
15.5619
14.5778
13.5907
12.6014
11.6108
10.6197
9.62877
8.63875
7.65026
6.66385
5.68006
4.69935
3.72216
2.74887
1.77983
0.815358
-0.144282
-1.09884
-2.04812
-2.99192
-3.9301
-4.86252
-5.78908
-6.70971
-7.62433
-8.5329
-9.4354
-10.3318
-11.2222
-12.1065
-12.9848
-13.8572
-14.7237
-15.5844
-16.4394
-17.2889
-18.1329
-18.9717
-19.8053
-20.634
-21.458
-22.2775
-23.0928
-23.9041
-24.7117
-25.516
-26.3173
-27.116
-27.9126
-28.7075
-29.5012
-30.2942
-31.0872
-31.8807
-32.6755
-33.4722
-34.2715
-35.0744
-35.8817
-36.6942
-37.5128
-38.3386
-39.1726
-40.0158
-40.8692
-41.7338
-42.6108
-43.5011
-44.4056
-45.3252
-46.2606
-47.2123
-48.1808
-49.166
-50.1677
-51.1851
-52.217
-53.2616
-54.3165
-55.3785
-56.4437
-57.5075
-58.5643
-59.6081
-60.6323
-61.6298
-62.5937
-63.5172
-64.394
-65.2187
-65.9871
-66.6961
-67.3443
-67.9314
-68.4586
-68.9281
-69.3432
-69.7077
-70.0259
-70.3022
-70.541
-70.7469
-70.9237
-71.0753
-71.2051
-71.3162
-71.4113
-71.4928
-71.5626
-71.6226
-71.6742
-71.7188
-71.7575
-71.7911
-71.8205
-71.8462
-71.869
-71.8891
-71.9071
-71.9233
-71.9379
-71.9511
-71.9632
-71.9744
-71.9847
-71.9943
-72.0032
-72.0117
-72.0197
-72.0273
-72.0345
-72.0415
-72.0481
-72.0546
-72.0608
-72.0668
-72.0727
-72.0784
-72.0839
-72.0893
-72.0946
-72.0998
-72.1049
-72.1099
-72.1148
-72.1196
-72.1243
-72.1289
-72.1334
-72.1379
-72.1422
-72.1465
-72.1507
-72.1549
-72.1589
-72.1629
-72.1668
-72.1707
-72.1744
-72.1781
-72.1817
-72.1852
-72.1886
-72.192
-72.1953
-72.1985
-72.2016
-72.2047
-72.2077
-72.2106
-72.2134
-72.2161
-72.2188
-72.2213
-72.2238
-72.2262
-72.2285
-72.2307
-72.2329
-72.2349
-72.2369
-72.2388
-72.2406
-72.2423
-72.2439
-72.2455
-72.2469
-72.2483
-72.2496
-72.2507
-72.2518
-72.2528
-72.2537
-72.2545
-72.2553
-72.2559
-72.2564
-72.2569
-72.2572
-72.2575
-72.2577
-72.2577
-72.2577
-72.2576
-72.2574
-72.2571
-72.2567
-72.2562
-72.2556
-72.2549
-72.2541
-72.2532
-72.2522
-72.2511
-72.25
-72.2487
-72.2473
-72.2459
-72.2443
-72.2427
-72.2409
-72.2391
-72.2371
-72.2351
-72.2329
-72.2307
-72.2283
-72.2259
-72.2234
-72.2207
-72.218
-72.2152
-72.2123
-72.2092
-72.2061
-72.2029
-72.1996
-72.1962
-72.1927
-72.1891
-72.1854
-72.1816
-72.1777
-72.1737
-72.1696
-72.1654
-72.1611
-72.1568
-72.1523
-72.1477
-72.1431
-72.1383
-72.1335
-72.1285
-72.1235
-72.1183
-72.1131
-72.1078
-72.1023
-72.0968
-72.0912
-72.0855
-72.0797
-72.0738
-72.0678
-72.0618
-72.0556
-72.0494
-72.043
-72.0366
-72.03
-72.0234
-72.0167
-72.0099
-72.003
-71.996
-71.8437
-71.5999
-71.2914
-70.9345
-70.541
-70.1197
-69.6774
-69.2197
-68.7509
-68.2744
-67.7932
-67.3095
-66.8253
-66.3421
-65.8613
-65.3839
-64.9109
-64.443
-63.9808
-63.5249
-63.0757
-62.6336
-62.1988
-61.7717
-61.3524
-60.941
-60.5376
-60.1423
-59.7552
-59.3763
-59.0055
-58.6427
-58.288
-57.9413
-57.6024
-57.2712
-56.9476
-56.6315
-56.3227
-56.021
-55.7263
-55.4383
-55.157
-54.882
-54.6132
-54.3504
-54.0934
-53.8419
-53.5958
-53.3548
-53.1187
-52.8872
-52.6603
-52.4375
-52.2188
-52.0038
-51.7925
-51.5844
-51.3795
-51.1775
-50.9781
-50.7812
-50.5866
-50.3939
-50.2031
-50.0139
-49.826
-49.6392
-49.4534
-49.2683
-49.0837
-48.8993
-48.715
-48.5304
-48.3455
-48.1598
-47.9732
-47.7854
-47.5962
-47.4053
-47.2123
-47.0171
-46.8193
-46.6187
-46.4148
-46.2073
-45.9959
-45.7801
-45.5596
-45.334
-45.1027
-44.8654
-44.6214
-44.3701
-44.1111
-43.8437
-43.5671
-43.2807
-42.9835
-42.6748
-42.3536
-42.0189
-41.6695
-41.3043
-40.922
-40.5212
-40.1002
-39.6575
-39.1911
-38.6992
-38.1794
-37.6295
-37.0468
-36.4286
-35.7718
-35.0732
-34.329
-33.5356
-32.6888
-31.7841
-30.817
-29.7826
-28.6759
-27.4916
-26.2246
-24.8699
-23.4228
-21.8792
-20.2357
-18.4904
-16.6428
-14.6947
-12.6505
-10.5178
-8.30821
-6.03713
-3.72461
-1.39511
0.922793
3.19709
5.39348
7.47698
9.41392
11.174
12.7325
14.0717
15.182
16.0621
16.7179
17.1615
17.4093
17.4801
17.3939
17.1702
16.8275
16.3826
15.8505
15.2442
14.5749
13.8523
13.0843
12.2782
11.4397
10.5739
9.68516
8.77732
7.85361
6.91688
5.96964
5.0141
4.05219
3.08565
2.11599
1.14456
0.172582
-0.798899
-1.76894
-2.7367
-3.70145
-4.66255
-5.61943
-6.5716
-7.51865
-8.46019
-9.39594
-10.3256
-11.249
-12.166
-13.0764
-13.9802
-14.8772
-15.7675
-16.651
-17.5277
-18.3978
-19.2613
-20.1183
-20.9689
-21.8133
-22.6517
-23.4842
-24.3111
-25.1328
-25.9493
-26.7611
-27.5686
-28.372
-29.1718
-29.9685
-30.7625
-31.5543
-32.3445
-33.1336
-33.9223
-34.7111
-35.5009
-36.2923
-37.0861
-37.883
-38.6839
-39.4896
-40.3009
-41.1186
-41.9438
-42.7771
-43.6195
-44.4718
-45.3346
-46.2087
-47.0947
-47.993
-48.904
-49.8277
-50.7639
-51.7124
-52.6723
-53.6426
-54.6217
-55.6075
-56.5977
-57.5891
-58.5782
-59.5609
-60.5325
-61.4881
-62.4225
-63.3301
-64.2056
-65.044
-65.8405
-66.5911
-67.2928
-67.9432
-68.5413
-69.0868
-69.5807
-70.0245
-70.4206
-70.7721
-70.9519
-71.0205
-71.0086
-70.9357
-70.8158
-70.6595
-70.4751
-70.269
-70.0466
-69.8121
-69.5689
-69.3198
-69.0671
-68.8126
-68.5579
-68.3042
-68.0524
-67.8033
-67.5576
-67.3158
-67.0783
-66.8453
-66.617
-66.3938
-66.1755
-65.9625
-65.7545
-65.5518
-65.3542
-65.1618
-64.9744
-64.7921
-64.6147
-64.4422
-64.2745
-64.1116
-63.9532
-63.7994
-63.65
-63.505
-63.3643
-63.2277
-63.0951
-62.9666
-62.8419
-62.7211
-62.6039
-62.4904
-62.3805
-62.2739
-62.1708
-62.071
-61.9744
-61.8809
-61.7905
-61.7031
-61.6187
-61.5371
-61.4583
-61.3822
-61.3088
-61.238
-61.1697
-61.104
-61.0406
-60.9797
-60.921
-60.8647
-60.8105
-60.7585
-60.7087
-60.6608
-60.6151
-60.5713
-60.5294
-60.4894
-60.4513
-60.4149
-60.3804
-60.3475
-60.3164
-60.2869
-60.259
-60.2327
-60.208
-60.1847
-60.163
-60.1427
-60.1238
-60.1063
-60.0901
-60.0753
-60.0617
-60.0495
-60.0385
-59.9168
-59.7323
-59.5075
-59.2558
-58.9862
-58.7049
-58.4166
-58.1247
-57.8317
-57.5397
-57.2499
-56.9636
-56.6816
-56.4045
-56.1328
-55.8669
-55.6069
-55.3532
-55.1057
-54.8646
-54.63
-54.4016
-54.1797
-53.964
-53.7546
-53.5514
-53.3541
-53.1628
-52.9774
-52.7977
-52.6235
-52.4548
-52.2915
-52.1334
-51.9804
-51.8323
-51.6891
-51.5506
-51.4167
-51.2873
-51.1622
-51.0414
-50.9248
-50.8122
-50.7036
-50.5987
-50.4977
-50.4003
-50.3064
-50.2161
-50.1291
-50.0455
-49.9651
-49.8879
-49.8138
-49.7427
-49.6746
-49.6095
-49.5472
-49.4877
-49.431
-49.377
-49.3257
-49.277
-49.2309
-49.1873
-49.1462
-49.1076
-49.0714
-49.0376
-49.0062
-48.9772
-48.9504
-48.926
-48.9038
-48.8839
-48.8661
-48.8506
-48.8373
-48.8261
-48.817
-48.8101
-48.8053
-48.8025
-48.8019
-48.8033
-48.8067
-48.8122
-48.8197
-48.8292
-48.8408
-48.8543
-48.8697
-48.8872
-48.9066
-48.9279
-48.9512
-48.9763
-49.0034
-49.0324
-49.0632
-49.096
-49.1305
-49.167
-49.2052
-49.2453
-49.2872
-49.3309
-49.3763
-49.4235
-49.4725
-49.5232
-49.5757
-49.6298
-49.6857
-49.7432
-49.8023
-49.8632
-49.9256
-49.9896
-50.0552
-50.1224
-50.1911
-50.2613
-50.333
-50.4062
-50.4808
-50.5568
-50.6342
-50.713
-50.7931
-50.8745
-50.9572

