-65
-64.9994
-64.9988
-64.9982
-64.9977
-64.9971
-64.9965
-64.996
-64.9954
-64.9949
-64.9943
-64.9938
-64.9932
-64.9927
-64.9922
-64.9917
-64.9912
-64.9906
-64.9901
-64.9896
-64.9891
-64.9886
-64.9881
-64.9876
-64.9872
-64.9867
-64.9862
-64.9857
-64.9852
-64.9848
-64.9843
-64.9838
-64.9834
-64.9829
-64.9825
-64.982
-64.9816
-64.9811
-64.9807
-64.9802
-64.9798
-64.9794
-64.9789
-64.9785
-64.9781
-64.9777
-64.9772
-64.9768
-64.9764
-64.976
-64.9756
-64.9752
-64.9748
-64.9744
-64.974
-64.9736
-64.9732
-64.9728
-64.9725
-64.9721
-64.9717
-64.9713
-64.971
-64.9706
-64.9702
-64.9699
-64.9695
-64.9692
-64.9688
-64.9685
-64.9681
-64.9678
-64.9675
-64.9671
-64.9668
-64.9665
-64.9661
-64.9658
-64.9655
-64.9652
-64.9649
-64.9646
-64.9642
-64.9639
-64.9636
-64.9633
-64.963
-64.9628
-64.9625
-64.9622
-64.9619
-64.9616
-64.9613
-64.9611
-64.9608
-64.9605
-64.9603
-64.96
-64.9598
-64.9595
-64.9592
-64.959
-64.9588
-64.9585
-64.9583
-64.958
-64.9578
-64.9576
-64.9573
-64.9571
-64.9569
-64.9567
-64.9565
-64.9562
-64.956
-64.9558
-64.9556
-64.9554
-64.9552
-64.955
-64.9548
-64.9546
-64.9545
-64.9543
-64.9541
-64.9539
-64.9537
-64.9536
-64.9534
-64.9532
-64.9531
-64.9529
-64.9527
-64.9526
-64.9524
-64.9523
-64.9521
-64.952
-64.9519
-64.9517
-64.9516
-64.9514
-64.9513
-64.9512
-64.9511
-64.9509
-64.9508
-64.9507
-64.9506
-64.9505
-64.9504
-64.9503
-64.9502
-64.95
-64.9499
-64.9499
-64.9498
-64.9497
-64.9496
-64.9495
-64.9494
-64.9493
-64.9492
-64.9492
-64.9491
-64.949
-64.9489
-64.9489
-64.9488
-64.9487
-64.9487
-64.9486
-64.9486
-64.9485
-64.9485
-64.9484
-64.9484
-64.9483
-64.9483
-64.9482
-64.9482
-64.9482
-64.9481
-64.9481
-64.9481
-64.948
-64.948
-64.948
-64.948
-64.948
-64.9479
-64.9479
-64.9479
-64.9479
-64.9479
-64.9479
-64.9479
-64.9479
-64.9479
-64.9479
-64.9479
-64.9479
-64.9479
-64.9479
-64.9479
-64.9479
-64.9479
-64.9479
-64.948
-64.948
-64.948
-64.948
-64.9481
-64.9481
-64.9481
-64.9481
-64.9482
-64.9482
-64.9482
-64.9483
-64.9483
-64.9483
-64.9484
-64.9484
-64.9485
-64.9485
-64.9486
-64.9486
-64.9487
-64.9487
-64.9488
-64.9488
-64.9489
-64.9489
-64.949
-64.9491
-64.9491
-64.9492
-64.9492
-64.9493
-64.9494
-64.9494
-64.9495
-64.9496
-64.9497
-64.9497
-64.9498
-64.9499
-64.95
-64.95
-64.9501
-64.9502
-64.9503
-64.9504
-64.9504
-64.9505
-64.9506
-64.9507
-64.9508
-64.9509
-64.951
-64.951
-64.9511
-64.9512
-64.9513
-64.9514
-64.9515
-64.9516
-64.9517
-64.9518
-64.9519
-64.952
-64.9521
-64.9522
-64.9523
-64.9524
-64.9525
-64.9526
-64.9527
-64.9528
-64.9529
-64.953
-64.9532
-64.9533
-64.9534
-64.9535
-64.9536
-64.9537
-64.9538
-64.9539
-64.954
-64.9542
-64.9543
-64.9544
-64.9545
-64.9546
-64.9547
-64.9548
-64.955
-64.9551
-64.9552
-64.9553
-64.9554
-64.9556
-64.9557
-64.9558
-64.9559
-64.956
-64.9562
-64.9563
-64.9564
-64.9565
-64.9566
-64.9568
-64.9569
-64.957
-64.9571
-64.9573
-64.9574
-64.9575
-64.9576
-64.9578
-64.9579
-64.958
-64.9581
-64.9583
-64.9584
-64.9585
-64.9587
-64.9588
-64.9589
-64.959
-64.9592
-64.9593
-64.9594
-64.9595
-64.9597
-64.9598
-64.9599
-64.96
-64.9602
-64.9603
-64.9604
-64.9606
-64.9607
-64.9608
-64.9609
-64.9611
-64.9612
-64.9613
-64.9614
-64.9616
-64.9617
-64.9618
-64.962
-64.9621
-64.9622
-64.9623
-64.9625
-64.9626
-64.9627
-64.9628
-64.963
-64.9631
-64.9632
-64.9633
-64.9635
-64.9636
-64.9637
-64.9638
-64.964
-64.9641
-64.9642
-64.9643
-64.9645
-64.9646
-64.9647
-64.9648
-64.8303
-64.6083
-64.3219
-63.9854
-63.6092
-63.2012
-62.7678
-62.3139
-61.8435
-61.3602
-60.8664
-60.3645
-59.8562
-59.3431
-58.8263
-58.3068
-57.7854
-57.2628
-56.7394
-56.2155
-55.6914
-55.1671
-54.6426
-54.1177
-53.5924
-53.0661
-52.5386
-52.0091
-51.4771
-50.9417
-50.402
-49.8569
-49.3052
-48.7454
-48.1761
-47.5954
-47.0013
-46.3915
-45.7635
-45.1143
-44.4408
-43.7392
-43.0054
-42.2346
-41.4215
-40.5601
-39.6433
-38.6632
-37.6107
-36.4756
-35.246
-33.9085
-32.4477
-30.8465
-29.0854
-27.1433
-24.997
-22.6222
-19.9947
-17.0919
-13.896
-10.3975
-6.60082
-2.53008
1.76555
6.20829
10.6927
15.0924
19.2728
23.1074
26.494
29.3672
31.703
33.5161
34.8513
35.7714
36.3455
36.6408
36.7163
36.6205
36.3916
36.0585
35.6425
35.1592
34.62
34.0331
33.4047
32.7398
32.0419
31.3144
30.5597
29.7803
28.9782
28.1553
27.3134
26.4541
25.579
24.6895
23.787
22.8729
21.9485
21.0148
20.0731
19.1245
18.17
17.2105
16.2469
15.2801
14.3109
13.3401
12.3684
11.3964
10.4248
9.454
8.48468
7.51727
6.55222
5.58993
4.63078
3.6751
2.72319
1.77534
0.831769
-0.107291
-1.04165
-1.97115
-2.89564
-3.81502
-4.72917
-5.63802
-6.54151
-7.43958
-8.33222
-9.2194
-10.1011
-10.9774
-11.8484
-12.7139
-13.5742
-14.4292
-15.2791
-16.1239
-16.9639
-17.799
-18.6295
-19.4555
-20.2772
-21.0948
-21.9085
-22.7186
-23.5254
-24.329
-25.13
-25.9286
-26.7252
-27.5203
-28.3143
-29.1077
-29.9011
-30.695
-31.4902
-32.2347
-32.9539
-33.6586
-34.3549
-35.0463
-35.7352
-36.4235
-37.1125
-37.8034
-38.4973
-39.195
-39.8976
-40.6057
-41.3203
-42.042
-42.7714
-43.5091
-44.2554
-45.0108
-45.7753
-46.5486
-47.3306
-48.1203
-48.9168
-49.7186
-50.5236
-51.3296
-52.1335
-52.9319
-53.7209
-54.4962
-55.2532
-55.987
-56.6931
-57.3666
-58.0036
-58.6004
-59.1541
-59.6628
-60.1254
-60.5417
-60.9125
-61.2392
-61.5239
-61.7693
-61.9784
-62.1542
-62.3002
-62.4194
-62.515
-62.5901
-62.6472
-62.6888
-62.7174
-62.7347
-62.7427
-62.7428
-62.7364
-62.7248
-62.7088
-62.6894
-62.6672
-62.643
-62.6173
-62.5904
-62.5628
-62.5348
-62.5067
-62.4786
-62.4508
-62.4234
-62.3966
-62.3704
-62.3449
-62.3203
-62.2965
-62.2736
-62.2516
-62.2306
-62.2105
-62.1915
-62.1734
-62.1563
-62.1403
-62.1252
-62.1111
-62.0981
-62.0859
-62.0748
-62.0646
-62.0553
-62.047
-62.0396
-62.0331
-62.0275
-62.0227
-62.0188
-62.0158
-62.0135
-62.0121
-62.0115
-62.0116
-62.0126
-62.0142
-62.0166
-62.0197
-62.0235
-62.0281
-62.0332
-62.0391
-62.0456
-62.0527
-62.0604
-62.0688
-62.0777
-62.0872
-62.0973
-62.108
-62.1191
-62.1308
-62.1431
-62.1558
-62.169
-62.1827
-62.1969
-62.2115
-62.2266
-62.2422
-62.2581
-62.2745
-62.2912
-62.3084
-62.326
-62.3439
-62.3622
-62.3808
-62.3998
-62.4192
-62.4389
-62.4589
-62.4792
-62.4998
-62.5207
-62.5419
-62.5633
-62.5851
-62.6071
-62.6294
-62.6519
-62.6746
-62.6976
-62.7208
-62.7443
-62.7679
-62.7918
-62.8158
-62.8401
-62.8645
-62.8891
-62.9139
-62.9388
-62.9639
-62.9892
-63.0146
-63.0402
-63.0659
-63.0917
-63.1177
-63.1437
-63.1699
-63.1962
-63.2227
-63.2492
-63.2758
-63.3025
-63.3293
-63.3561
-63.3831
-63.4101
-63.4372
-63.4644
-63.4916
-63.5188
-63.5462
-63.5735
-63.601
-63.6284
-63.6559
-63.6834
-63.711
-63.7386
-63.7662
-63.7938
-63.8214
-63.8491
-63.8767
-63.9044
-63.9321
-63.9597
-63.9874
-64.015
-64.0427
-64.0703
-64.0979
-64.1255
-64.1531
-64.1806
-64.2082
-64.2356
-64.2631
-64.2905
-64.3179
-64.3453
-64.3726
-64.3998
-64.4271
-64.4542
-64.4814
-64.5084
-64.5354
-64.5624
-64.5893
-64.6161
-64.6429
-64.6696
-64.6963
-64.7228
-64.7493
-64.7758
-64.8021
-64.8284
-64.8546
-64.8808
-64.9068
-64.9328
-64.9587
-64.9845
-65.0102
-65.0358
-65.0614
-65.0868
-65.1122
-65.1375
-65.1627
-65.1877
-65.2127
-65.2376
-65.2624
-65.2871
-65.3117
-65.3362
-65.3606
-65.3848
-65.409
-65.4331
-65.4571
-65.4809
-65.5047
-65.5283
-65.5518
-65.5753
-65.5986
-65.6218
-65.6448
-65.6678
-65.6907
-65.7134
-65.736
-65.7585
-65.7809
-65.8032
-65.8253
-65.8473
-65.8692
-65.891
-65.9127
-65.9342
-65.9557
-65.977
-65.9981
-66.0192
-66.0401
-66.0609
-66.0816
-66.1022
-66.1226
-66.1429
-66.1631
-66.1831
-66.203
-66.2228
-66.2425
-66.262
-66.2814
-66.3007
-66.3199
-66.3389
-66.3578
-66.3765
-66.3952
-66.4137
-66.432
-66.4503
-66.4684
-66.4864
-66.5042
-66.5219
-66.5395
-66.557
-66.5743
-66.5915
-66.6086
-66.6255
-66.6423
-66.659
-66.6755
-66.6919
-66.7082
-66.7243
-66.7403
-66.7562
-66.7719
-66.7876
-66.803
-66.8184
-66.8336
-66.8487
-66.8637
-66.8785
-66.8932
-66.9077
-66.9222
-66.9365
-66.9507
-66.9647
-66.9786
-66.9924
-67.006
-67.0196
-67.033
-67.0462
-67.0594
-67.0724
-67.0852
-67.098
-67.1106
-67.1231
-67.1354
-67.1477
-67.1598
-67.1717
-67.1836
-67.1953
-67.2069
-67.2184
-67.2297
-67.2409
-67.252
-67.263
-67.2738
-67.2845
-67.2951
-67.3056
-67.3159
-67.3261
-67.3362
-67.3462
-67.356
-67.3657
-67.3753
-67.3848
-67.3941
-67.4034
-67.4125
-67.4215
-67.4303
-67.4391
-67.4477
-67.4562
-67.4646
-67.4729
-67.481
-67.4891
-67.497
-67.5048
-67.5125
-67.52
-67.5275
-67.5348
-67.542
-67.5491
-67.5561
-67.563
-67.5697
-67.5764
-67.5829
-67.5893
-67.5957
-67.6018
-67.6079
-67.6139
-67.6198
-67.6255
-67.6312
-67.6367
-67.6421
-67.6474
-67.6526
-67.6577
-67.6627
-67.6676
-67.6724
-67.6771
-67.6816
-67.6861
-67.6904
-67.6947
-67.6988
-67.7029
-67.7068
-67.7107
-67.7144
-67.718
-67.7216
-67.5864
-67.3624
-67.074
-66.7365
-66.3608
-65.9552
-65.5261
-65.0789
-64.6177
-64.146
-63.6665
-63.1816
-62.6931
-62.2027
-61.7117
-61.2211
-60.732
-60.2451
-59.7611
-59.2805
-58.8037
-58.3312
-57.8632
-57.4
-56.9417
-56.4885
-56.0405
-55.5976
-55.1598
-54.727
-54.2992
-53.8762
-53.4576
-53.0435
-52.6333
-52.2268
-51.8237
-51.4235
-51.0257
-50.63
-50.2356
-49.8422
-49.449
-49.0553
-48.6605
-48.2637
-47.8642
-47.4609
-47.053
-46.6394
-46.1291
-45.5577
-44.9415
-44.2895
-43.6069
-42.8969
-42.161
-41.3994
-40.6115
-39.7955
-38.9491
-38.0693
-37.1523
-36.1937
-35.1887
-34.1315
-33.016
-31.8352
-30.5816
-29.247
-27.8229
-26.3
-24.6689
-22.9202
-21.045
-19.0348
-16.8832
-14.586
-12.1425
-9.55685
-6.83921
-4.00713
-1.08648
1.88797
4.87286
7.81743
10.6658
13.3605
15.8466
18.0765
20.0146
21.6397
22.9468
23.9455
24.6571
25.1109
25.3397
25.3767
25.2528
24.9955
24.6283
24.1704
23.6377
23.0427
22.3958
21.7049
20.9768
20.2169
19.4297
18.619
17.7881
16.9397
16.0765
15.2005
14.3138
13.4182
12.5151
11.6062
10.6927
9.77581
8.85663
7.93617
7.01535
6.09497
5.1758
4.25851
3.34373
2.432
1.52382
0.619639
-0.280143
-1.17517
-2.06514
-2.94977
-3.82882
-4.70208
-5.56938
-6.43057
-7.28551
-8.13413
-8.97632
-9.81205
-10.6413
-11.4639
-12.28
-13.0896
-13.8927
-14.6893
-15.4795
-16.2634
-17.0409
-17.8123
-18.5775
-19.3368
-20.0903
-20.838
-21.5802
-22.3171
-23.0487
-23.7754
-24.4973
-25.2146
-25.9278
-26.6369
-27.3424
-28.0445
-28.7436
-29.4401
-30.1344
-30.8268
-31.5179
-32.2081
-32.8979
-33.5879
-34.2786
-34.9706
-35.6645
-36.3609
-37.0606
-37.7641
-38.4722
-39.1856
-39.905
-40.6311
-41.3645
-42.106
-42.8561
-43.6155
-44.3845
-45.1635
-45.9528
-46.7524
-47.562
-48.3814
-49.2096
-50.0456
-50.888
-51.7347
-52.5834
-53.4311
-54.2746
-55.1099
-55.933
-56.7394
-57.5245
-58.2836
-59.0125
-59.7071
-60.3639
-60.9803
-61.5542
-62.0845
-62.5711
-63.0143
-63.4155
-63.7766
-64.0999
-64.388
-64.6438
-64.8703
-65.0703
-65.2468
-65.4024
-65.5396
-65.6607
-65.7678
-65.8628
-65.9473
-66.0227
-66.0904
-66.1514
-66.2068
-66.2573
-66.3036
-66.3464
-66.3861
-66.4233
-66.4582
-66.4913
-66.5227
-66.5528
-66.5817
-66.6097
-66.6367
-66.663
-66.6887
-66.7138
-66.7385
-66.7627
-66.7866
-66.8102
-66.8335
-66.8566
-66.8795
-66.9022
-66.9248
-66.9472
-66.9694
-66.9916
-67.0136
-67.0356
-67.0575
-67.0792
-67.1009
-67.1226
-67.1441
-67.1656
-67.187
-67.2084
-67.2297
-67.2509
-67.2721
-67.2932
-67.3142
-67.3352
-67.3561
-67.377
-67.3977
-67.4185
-67.4391
-67.4597
-67.4802
-67.5007
-67.5211
-67.5414
-67.5616
-67.5818
-67.6019
-67.6219
-67.6418
-67.6616
-67.6814
-67.7011
-67.7207
-67.7403
-67.7597
-67.7791
-67.7983
-67.8175
-67.8366
-67.8556
-67.8745
-67.8933
-67.912
-67.9307
-67.9492
-67.9676
-67.986
-68.0042
-68.0224
-68.0404
-68.0583
-68.0762
-68.0939
-68.1115
-68.129
-68.1464
-68.1638
-68.181
-68.1981
-68.215
-68.2319
-68.2487
-68.2653
-68.2819
-68.2983
-68.3146
-68.3308
-68.3469
-68.3629
-68.3787
-68.3945
-68.4101
-68.4256
-68.441
-68.4563
-68.4714
-68.4865
-68.5014
-68.5162
-68.5309
-68.5454
-68.5599
-68.5742
-68.5884
-68.6025
-68.6164
-68.6303
-68.644
-68.6576
-68.6711
-68.6844
-68.6976
-68.7107
-68.7237
-68.7366
-68.7493
-68.7619
-68.7744
-68.7867
-68.799
-68.8111
-68.8231
-68.8349
-68.8467
-68.8583
-68.8698
-68.8812
-68.8924
-68.9035
-68.9145
-68.9254
-68.9361
-68.9468
-68.9573
-68.9676
-68.9779
-68.988
-68.998
-69.0079
-69.0176
-69.0273
-69.0368
-69.0462
-69.0554
-69.0646
-69.0736
-69.0825
-69.0912
-69.0999
-69.1084
-69.1168
-69.1251
-69.1332
-69.1413
-69.1492
-69.157
-69.1646
-69.1722
-69.1796
-69.1869
-69.1941
-69.2012
-69.2081
-69.215
-69.2217
-69.2283
-69.2347
-69.2411
-69.2473
-69.2534
-69.2594
-69.2653
-69.2711
-69.2767
-69.2822
-69.2877
-69.293
-69.2981
-69.3032
-69.3082
-69.313
-69.3177
-69.3223
-69.3268
-69.3312
-69.3355
-69.3396
-69.3437
-69.3476
-69.3514
-69.3551
-69.3587
-69.3622
-69.3656
-69.3688
-69.372
-69.375
-69.378
-69.3808
-69.3835
-69.3861
-69.3886
-69.391
-69.3933
-69.3955
-69.3976
-69.3996
-69.4014
-69.4032
-69.4049
-69.4064
-69.4079
-69.4092
-69.4105
-69.4116
-69.4127
-69.4136
-69.4144
-69.4152
-69.4158
-69.4163
-69.4168
-69.4171
-69.4174
-69.4175
-69.4176
-69.4175
-69.4173
-69.4171
-69.4168
-69.4163
-69.4158
-69.4152
-69.4144
-69.4136
-69.4127
-69.4117
-69.4106
-69.4094
-69.4081
-69.4068
-69.4053
-69.4038
-69.4021
-69.4004
-69.3986
-69.3967
-69.3947
-69.3926
-69.3904
-69.3881
-69.3858
-69.3834
-69.3808
-69.3782
-69.3755
-69.3728
-69.3699
-69.367
-69.364
-69.3608
-69.3577
-69.3544
-69.351
-69.3476
-69.3441
-69.3405
-69.3368
-69.3331
-69.3293
-69.3254
-69.3214
-69.3173
-69.3132
-69.309
-69.3047
-69.3003
-69.2959
-69.2914
-69.2868
-69.2821
-69.2774
-69.2726
-69.2677
-69.2628
-69.2578
-69.2527
-69.2475
-69.2423
-69.237
-69.2316
-69.2262
-69.2207
-69.2151
-69.2095
-69.2038
-69.198
-69.1921
-69.1862
-69.1803
-69.1742
-69.1682
-69.162
-69.1558
-69.1495
-69.1431
-69.1367
-69.1303
-69.1237
-69.1172
-69.1105
-69.1038
-69.097
-69.0902
-69.0833
-69.0764
-69.0694
-69.0623
-69.0552
-69.0481
-69.0408
-69.0336
-69.0262
-69.0189
-69.0114
-69.0039
-68.9964
-68.9888
-68.9811
-68.9734
-68.9657
-68.9579
-68.9501
-68.9422
-68.9342
-68.9262
-68.9182
-68.9101
-68.9019
-68.8937
-68.8855
-68.8772
-68.8689
-68.8605
-68.8521
-68.8437
-68.8352
-68.8266
-68.818
-68.8094
-68.8007
-68.792
-68.7832
-68.7744
-68.7656
-68.7567
-68.7478
-68.7388
-68.7298
-68.7208
-68.7117
-68.7026
-68.6935
-68.6843
-68.6751
-68.6658
-68.6565
-68.6472
-68.6378
-68.6284
-68.619
-68.6095
-68.6
-68.5905
-68.5809
-68.5713
-68.5617
-68.5521
-68.5424
-68.5326
-68.5229
-68.5131
-68.5033
-68.4935
-68.4836
-68.4737
-68.4638
-68.4538
-68.4439
-68.4339
-68.4238
-68.4138
-68.4037
-68.3936
-68.3835
-68.3733
-68.3631
-68.3529
-68.3427
-68.3324
-68.3222
-68.3119
-68.3016
-68.2912
-68.2809
-68.2705
-68.2601
-68.2497
-68.2392
-68.2288
-68.2183
-68.2078
-68.1973
-68.1868
-68.1762
-68.1656
-68.1551
-68.1445
-68.1338
-68.1232
-68.1126
-68.1019
-68.0912
-68.0805
-68.0698
-68.0591
-68.0484
-68.0376
-68.0269
-68.0161
-68.0053
-67.9945
-67.9837
-67.9729
-67.9621
-67.9512
-67.9404
-67.9295
-67.9186
-67.9078
-67.8969
-67.7457
-67.5037
-67.1952
-66.8354
-66.4351
-66.0028
-65.5451
-65.0672
-64.5735
-64.0675
-63.5522
-63.0298
-62.5024
-61.9716
-61.4388
-60.9051
-60.3716
-59.8389
-59.3079
-58.7789
-58.2524
-57.7289
-57.2085
-56.6914
-56.1777
-55.6674
-55.1606
-54.657
-54.1564
-53.6587
-53.1635
-52.6704
-52.1789
-51.6884
-51.1984
-50.708
-50.2166
-49.7231
-49.2267
-48.726
-48.22
-47.7071
-47.186
-46.655
-46.112
-45.5552
-44.9823
-44.3906
-43.7774
-43.1396
-42.4735
-41.7755
-41.0409
-40.2649
-39.4419
-38.5656
-37.6289
-36.6239
-35.5415
-34.3716
-33.1026
-31.7217
-30.2147
-28.5659
-26.7581
-24.7733
-22.5925
-20.1972
-17.5705
-14.6988
-11.5749
-8.20091
-4.59268
-0.783189
3.17434
7.20576
11.2185
15.1078
18.7668
22.0982
25.0254
27.5005
29.5077
31.0608
32.1963
32.9653
33.4239
33.6274
33.6251
33.4587
33.1618
32.7606
32.2753
31.721
31.1091
30.4484
29.7457
29.0062
28.2342
27.4335
26.6069
25.7573
24.8869
23.998
23.0925
22.1722
21.2389
20.2942
19.3394
18.3761
17.4054
16.4286
15.4469
14.4613
13.4527
12.4365
11.4195
10.4053
9.39575
8.39225
7.39561
6.40643
5.42514
4.45204
3.48739
2.53136
1.5841
0.645716
-0.283733
-1.2042
-2.11565
-3.0181
-3.91156
-4.79607
-5.67168
-6.53845
-7.39645
-8.24577
-9.08652
-9.91878
-10.7427
-11.5583
-12.3659
-13.1654
-13.9572
-14.7412
-15.5176
-16.2867
-17.0486
-17.8034
-18.5514
-19.2927
-20.0275
-20.7561
-21.4786
-22.1953
-22.9064
-23.6122
-24.3129
-25.0089
-25.7004
-26.3878
-27.0714
-27.7516
-28.4287
-29.1032
-29.7754
-30.4459
-31.1152
-31.7836
-32.4519
-33.1204
-33.7898
-34.4608
-35.1339
-35.8097
-36.4891
-37.1725
-37.8609
-38.5548
-39.2549
-39.9619
-40.6766
-41.3994
-42.131
-42.8718
-43.6222
-44.3824
-45.1523
-45.9319
-46.7207
-47.5178
-48.3222
-49.1324
-49.9464
-50.7617
-51.5756
-52.3845
-53.1849
-53.9726
-54.7433
-55.4926
-56.2161
-56.9096
-57.5696
-58.1927
-58.7766
-59.3195
-59.8206
-60.2795
-60.6971
-61.0745
-61.4136
-61.7165
-61.9859
-62.2243
-62.4347
-62.6197
-62.782
-62.9241
-63.0486
-63.1575
-63.2528
-63.3364
-63.4098
-63.4744
-63.5316
-63.5823
-63.6276
-63.6682
-63.7049
-63.7382
-63.7687
-63.7968
-63.823
-63.8475
-63.8707
-63.8927
-63.9138
-63.9341
-63.9538
-63.973
-63.9919
-64.0105
-64.0288
-64.047
-64.0652
-64.0832
-64.1013
-64.1194
-64.1376
-64.1558
-64.1741
-64.1925
-64.2111
-64.2298
-64.2486
-64.2676
-64.2867
-64.306
-64.3254
-64.345
-64.3648
-64.3847
-64.4047
-64.425
-64.4453
-64.4659
-64.4865
-64.5074
-64.5283
-64.5494
-64.5707
-64.592
-64.6135
-64.6351
-64.6569
-64.6787
-64.7007
-64.7228
-64.7449
-64.7672
-64.7896
-64.8121
-64.8346
-64.8572
-64.88
-64.9027
-64.9256
-64.9485
-64.9715
-64.9946
-65.0177
-65.0408
-65.0641
-65.0873
-65.1106
-65.1339
-65.1573
-65.1807
-65.2041
-65.2276
-65.2511
-65.2746
-65.2981
-65.3216
-65.3451
-65.3686
-65.3922
-65.4157
-65.4392
-65.4628
-65.4863
-65.5098
-65.5333
-65.5568
-65.5802
-65.6037
-65.6271
-65.6505
-65.6738
-65.6971
-65.7204
-65.7437
-65.7669
-65.7901
-65.8132
-65.8363
-65.8593
-65.8823
-65.9053
-65.9282
-65.951
-65.9738
-65.9965
-66.0192
-66.0417
-66.0643
-66.0868
-66.1092
-66.1315
-66.1538
-66.1759
-66.1981
-66.2201
-66.2421
-66.264
-66.2858
-66.3075
-66.3292
-66.3507
-66.3722
-66.3936
-66.4149
-66.4362
-66.4573
-66.4783
-66.4993
-66.5202
-66.5409
-66.5616
-66.5822
-66.6027
-66.6231
-66.6434
-66.6636
-66.6837
-66.7037
-66.7236
-66.7433
-66.763
-66.7826
-66.8021
-66.8215
-66.8407
-66.8599
-66.879
-66.8979
-66.9167
-66.9355
-66.9541
-66.9726
-66.991
-67.0093
-67.0275
-67.0455
-67.0635
-67.0813
-67.099
-67.1167
-67.1342
-67.1515
-67.1688
-67.1859
-67.203
-67.2199
-67.2367
-67.2534
-67.2699
-67.2864
-67.3027
-67.3189
-67.335
-67.351
-67.3669
-67.3826
-67.3982
-67.4137
-67.4291
-67.4443
-67.4595
-67.4745
-67.4894
-67.5042
-67.5188
-67.5333
-67.5478
-67.562
-67.5762
-67.5903
-67.6042
-67.618
-67.6317
-67.6453
-67.6587
-67.672
-67.6852
-67.6983
-67.7112
-67.7241
-67.7368
-67.7494
-67.7619
-67.7742
-67.7864
-67.7985
-67.8105
-67.8224
-67.8341
-67.8458
-67.8573
-67.8686
-67.8799
-67.891
-67.9021
-67.913
-67.9237
-67.9344
-67.9449
-67.9554
-67.9657
-67.9758
-67.9859
-67.9958
-68.0057
-68.0154
-68.025
-68.0344
-68.0438
-68.053
-68.0621
-68.0711
-68.08
-68.0887
-68.0974
-68.1059
-68.1143
-68.1226
-68.1308
-68.1389
-68.1468
-68.1546
-68.1624
-68.17
-68.1775
-68.1848
-68.1921
-68.1992
-68.2063
-68.2132
-68.22
-68.2267
-68.2333
-68.2397
-68.2461
-68.2524
-68.2585
-68.2645
-68.2704
-68.2762
-68.2819
-68.2875
-68.293
-68.2984
-68.3036
-68.3088
-68.3138
-68.3188
-68.3236
-68.3283
-68.333
-68.3375
-68.3419
-68.3462
-68.3504
-68.3545
-68.3585
-68.3624
-68.3661
-68.3698
-68.3734
-68.3769
-68.3802
-68.3835
-68.3867
-68.3898
-68.3927
-68.3956
-68.3984
-68.401
-68.4036
-68.4061
-68.4085
-68.4107
-68.4129
-68.415
-68.417
-68.4189
-68.4207
-68.4224
-68.424
-68.4255
-68.4269
-68.4282
-68.4294
-68.4306
-68.4316
-68.4326
-68.4334
-68.4342
-68.4349
-68.4355
-68.436
-68.4364
-68.4367
-68.4369
-68.4371
-68.4371
-68.4371
-68.437
-68.4368
-68.4365
-68.4361
-68.4356
-68.4351
-68.4345
-68.4337
-68.4329
-68.4321
-68.4311
-68.43
-68.4289
-68.4277
-68.4264
-68.425
-68.4236
-68.4221
-68.4205
-68.4188
-68.417
-68.4152
-68.4132
-68.4112
-68.4092
-68.407
-68.4048
-68.4025
-68.4001
-68.3977
-68.3951
-68.3925
-68.3899
-68.3871
-68.3843
-68.3814
-68.3785
-68.3754
-68.3723
-68.3692
-68.3659
-68.3626
-68.3592
-68.3558
-68.3523
-68.3487
-68.3451
-68.3414
-68.3376
-68.3337
-68.3298
-68.3259
-68.3218
-68.3177
-68.3136
-68.3093
-68.305
-68.3007
-68.2963
-68.2918
-68.2873
-68.2827
-68.278
-68.2733
-68.2685
-68.2637
-68.2588
-68.2539
-68.2489
-68.2438
-68.2387
-68.2335
-68.2283
-68.223
-68.2177
-68.2123
-68.2069
-68.2014
-68.1958
-68.1902
-68.1846
-68.1789
-68.1731
-68.1673
-68.1615
-68.1556
-68.1496
-68.1436
-68.1375
-68.1315
-68.1253
-68.1191
-68.1129
-68.1066
-68.1003
-68.0939
-68.0875
-68.081
-68.0745
-68.0679
-68.0613
-68.0547
-68.048
-68.0413
-68.0345
-68.0277
-68.0208
-68.0139
-68.007
-68
-67.993
-67.986
-67.9789
-67.9718
-67.9646
-67.9574
-67.9501
-67.9429
-67.9356
-67.9282
-67.9208
-67.9134
-67.906
-67.8985
-67.8909
-67.8834
-67.8758
-67.8682
-67.8605
-67.8529
-67.8451
-67.8374
-67.8296
-67.8218
-67.814
-67.8061
-67.7982
-67.7903
-67.7823
-67.7743
-67.7663
-67.7583
-67.7502
-67.7421
-67.734
-67.7259
-67.7177
-67.7095
-67.7013
-67.693
-67.6848
-67.6765
-67.6682
-67.6598
-67.6515
-67.6431
-67.6347
-67.6262
-67.6178
-67.6093
-67.6008
-67.5923
-67.5838
-67.5752
-67.5666
-67.558
-67.5494
-67.5408
-67.5322
-67.5235
-67.3753
-67.1369
-66.8322
-66.4765
-66.0806
-65.6527
-65.1996
-64.7263
-64.2373
-63.736
-63.2253
-62.7075
-62.1847
-61.6583
-61.1299
-60.6005
-60.0711
-59.5425
-59.0152
-58.4899
-57.967
-57.4467
-56.9294
-56.4151
-55.904
-55.3961
-54.8912
-54.3894
-53.8903
-53.3936
-52.8991
-52.4062
-51.9146
-51.4235
-50.9324
-50.4404
-49.9468
-49.4505
-48.9505
-48.4456
-47.9345
-47.4157
-46.8877
-46.3487
-45.7967
-45.2296
-44.6448
-44.0399
-43.4116
-42.7568
-42.0716
-41.352
-40.5931
-39.7897
-38.9359
-38.0248
-37.0489
-35.9997
-34.8674
-33.6411
-32.3085
-30.8561
-29.2685
-27.5294
-25.6208
-23.5242
-21.2204
-18.6918
-15.9228
-12.903
-9.63011
-6.11356
-2.37867
1.52989
5.54623
9.58415
13.5419
17.311
20.7874
23.8839
26.54
28.7273
30.4489
31.7346
32.6317
33.1962
33.4849
33.5501
33.4367
33.1814
32.813
32.3539
31.8207
31.2262
30.58
29.8895
29.1605
28.3975
27.6046
26.7848
25.941
25.0757
24.1912
23.2894
22.3724
21.4417
20.4991
19.5461
18.584
17.6143
16.6381
15.6567
14.6711
13.6824
12.6914
11.6991
10.7063
9.71367
8.72198
7.73184
6.74383
5.7585
4.77631
3.79773
2.82313
1.85287
0.887285
-0.073357
-1.0288
-1.97884
-2.92327
-3.86195
-4.79474
-5.72153
-6.64224
-7.55679
-8.46514
-9.36726
-10.2632
-11.1528
-12.0363
-12.9136
-13.7847
-14.6499
-15.509
-16.3623
-17.2099
-18.0518
-18.8883
-19.7195
-20.5455
-21.3666
-22.1829
-22.9948
-23.8025
-24.6062
-25.4064
-26.2033
-26.9973
-27.7888
-28.5783
-29.3662
-30.1531
-30.9395
-31.726
-32.5132
-33.3018
-34.0925
-34.8861
-35.6835
-36.4853
-37.2927
-38.1063
-38.9273
-39.7566
-40.5951
-41.444
-42.3042
-43.1766
-44.0622
-44.9619
-45.8764
-46.8063
-47.752
-48.7138
-49.6915
-50.6847
-51.6924
-52.7133
-53.7454
-54.7859
-55.8317
-56.8787
-57.922
-58.9561
-59.9751
-60.9724
-61.9412
-62.8749
-63.767
-64.6118
-65.4044
-66.141
-66.8191
-67.4378
-67.9971
-68.4985
-68.9445
-69.3384
-69.684
-69.9856
-70.2473
-70.4737
-70.6687
-70.8364
-70.9803
-71.1036
-71.2092
-71.2997
-71.3774
-71.4441
-71.5015
-71.4201
-71.2591
-71.0472
-70.8014
-70.5329
-70.2495
-69.9569
-69.6592
-69.3595
-69.06
-68.7624
-68.468
-68.1777
-67.8923
-67.6121
-67.3377
-67.0693
-66.807
-66.5509
-66.3011
-66.0577
-65.8205
-65.5896
-65.3648
-65.1462
-64.9335
-64.7268
-64.5259
-64.3306
-64.141
-63.9567
-63.7779
-63.6042
-63.4356
-63.272
-63.1133
-62.9593
-62.8099
-62.665
-62.5246
-62.3884
-62.2565
-62.1286
-62.0047
-61.8847
-61.7686
-61.6561
-61.5472
-61.4419
-61.34
-61.2415
-61.1462
-61.0541
-60.9652
-60.8793
-60.7964
-60.7163
-60.6391
-60.5647
-60.493
-60.4239
-60.3574
-60.2934
-60.2319
-60.1727
-60.1159
-60.0614
-60.0092
-59.9591
-59.9112
-59.8653
-59.8215
-59.7797
-59.7399
-59.7019
-59.6659
-59.6316
-59.5992
-59.5684
-59.5394
-59.5121
-59.4864
-59.4623
-59.4397
-59.4187
-59.3992
-59.3811
-59.3645
-59.3493
-59.3354
-59.3229
-59.3117
-59.3018
-59.2932
-59.2857
-59.2795
-59.2745
-59.2706
-59.2678
-59.2661
-59.2656
-59.266
-59.2675
-59.2701
-59.2736
-59.278
-59.2835
-59.2898
-59.2971
-59.3052
-59.3142
-59.3241
-59.3348
-59.3463
-59.3586
-59.3716
-59.3855
-59.4
-59.4153
-59.4313
-59.448
-59.4654
-59.4834
-59.5021
-59.5214
-59.5413
-59.5618
-59.583
-59.6046
-59.6269
-59.6496
-59.673
-59.6968
-59.7211
-59.7459
-59.7712
-59.797
-59.8232
-59.8499
-59.877
-59.9045
-59.9325
-59.9608
-59.9895
-60.0186
-60.0481
-60.0779
-60.1081
-60.1386
-60.1694
-60.2005
-60.232
-60.2637
-60.2957
-60.328
-60.3606
-60.3935
-60.4265
-60.4599
-60.4934
-60.5272
-60.5612
-60.5954
-60.6299
-60.6645
-60.6993
-60.7342
-60.7694
-60.8047
-60.8402
-60.8758
-60.9115
-60.9474
-60.9835
-61.0196
-61.0559
-61.0923
-61.1288
-61.1654
-61.202
-61.2388
-61.2756
-61.3126
-61.3495
-61.3866
-61.4237
-61.4609
-61.4981
-61.5353
-61.5726
-61.61
-61.6473
-61.6847
-61.7221
-61.7595
-61.7969
-61.8343
-61.8718
-61.9092
-61.9466
-61.984
-62.0214
-62.0588
-62.0961
-62.1335
-62.1708
-62.208
-62.2452
-62.2824
-62.3195
-62.3566
-62.3937
-62.4306
-62.4676
-62.5044
-62.5412
-62.578
-62.6146
-62.6512
-62.6877
-62.7242
-62.7605
-62.7968
-62.833
-62.8691
-62.9051
-62.941
-62.9769
-63.0126
-63.0482
-63.0837
-63.1192
-63.1545
-63.1897
-63.2248
-63.2598
-63.2946
-63.3294
-63.364
-63.3986
-63.4329
-63.4672
-63.5014
-63.5354
-63.5693
-63.6031
-63.6367
-63.6702
-63.7036
-63.7368
-63.7699
-63.8029
-63.8357
-63.8684
-63.9009
-63.9333
-63.9656
-63.9977
-64.0296
-64.0615
-64.0931
-64.1247
-64.156
-64.1873
-64.2183
-64.2493
-64.28
-64.3106
-64.3411
-64.3714
-64.4015
-64.4315
-64.4614
-64.491
-64.5205
-64.5499
-64.5791
-64.6081
-64.637
-64.6657
-64.6943
-64.7227
-64.7509
-64.7789
-64.8068
-64.8346
-64.8621
-64.8895
-64.9168
-64.9438
-64.9708
-64.9975
-65.0241
-65.0505
-65.0767
-65.1028
-65.1287
-65.1544
-65.18
-65.2054
-65.2306
-65.2557
-65.2806
-65.3053
-65.3299
-65.3543
-65.3785
-65.4026
-65.4265
-65.4502
-65.4738
-65.4971
-65.5204
-65.5434
-65.5663
-65.589
-65.6116
-65.6339
-65.6562
-65.6782
-65.7001
-65.7218
-65.7433
-65.7647
-65.7859
-65.807
-65.8278
-65.8485
-65.8691
-65.8895
-65.9097
-65.9297
-65.9496
-65.9693
-65.9889
-66.0083
-66.0275
-66.0466
-66.0655
-66.0842
-66.1028
-66.1212
-66.1395
-66.1575
-66.1755
-66.1932
-66.2108
-66.2283
-66.2456
-66.2627
-66.2797
-66.2965
-66.3131
-66.3296
-66.346
-66.3621
-66.3781
-66.394
-66.4097
-66.4253
-66.4407
-66.4559
-66.471
-66.4859
-66.5007
-66.5154
-66.5298
-66.5442
-66.5583
-66.5724
-66.5862
-66.6
-66.6135
-66.627
-66.6403
-66.6534
-66.6664
-66.6792
-66.6919
-66.7044
-66.7168
-66.7291
-66.7412
-66.7532
-66.765
-66.7767
-66.7882
-66.7996
-66.8109
-66.822
-66.833
-66.8438
-66.8545
-66.8651
-66.8755
-66.8858
-66.896
-66.906
-66.9159
-66.9256
-66.9352
-66.9447
-66.954
-66.9632
-66.9723
-66.9813
-66.9901
-66.9988
-67.0073
-67.0158
-67.0241
-67.0323
-67.0403
-67.0482
-67.056
-67.0637
-67.0712
-67.0786
-67.0859
-67.0931
-67.1002
-67.1071
-67.1139
-67.1206
-67.1272
-67.1336
-67.1399
-67.1461
-67.1522
-67.1582
-67.1641
-67.1698
-67.1754
-67.1809
-67.1863
-67.1916
-67.1968
-67.2019
-67.2068
-67.2116
-67.2164
-67.221
-67.2255
-67.2299
-67.2342
-67.2384
-67.2424
-67.2464
-67.2503
-67.254
-67.2577
-67.2612
-67.2647
-67.268
-67.2713
-67.2744
-67.2775
-67.2804
-67.2832
-67.286
-67.2886
-67.2912
-67.2936
-67.296
-67.2982
-67.3004
-67.3025
-67.3044
-67.3063
-67.3081
-67.3098
-67.3114
-67.3129
-67.3143
-67.3156
-67.3169
-67.318
-67.3191
-67.3201
-67.3209
-67.3217
-67.3224
-67.3231
-67.3236
-67.3241
-67.3244
-67.3247
-67.3249
-67.3251
-67.3251
-67.3251
-67.325
-67.3248
-67.3245
-67.3241
-67.3237
-67.3232
-67.3226
-67.3219
-67.3212
-67.3204
-67.3195
-67.3185
-67.3175
-67.3164
-67.3152
-67.3139
-67.3126
-67.3112
-67.3097
-67.3082
-67.3066
-67.3049
-67.3032
-67.3013
-67.2995
-67.2975
-67.2955
-67.2934
-67.2913
-67.2891
-67.2868
-67.2845
-67.2821
-67.2796
-67.2771
-67.2745
-67.2718
-67.2691
-67.2664
-67.2635
-67.2607
-67.2577
-67.2547
-67.2517
-67.2485
-67.2454
-67.2421
-67.2388
-67.2355
-67.2321
-67.2287
-67.2252
-67.2216
-67.218
-67.2143
-67.2106
-67.2069
-67.203
-67.1992
-67.1953
-67.1913
-67.1873
-67.0446
-66.8121
-66.514
-66.1652
-65.7765
-65.3562
-64.9109
-64.4457
-63.9648
-63.4719
-62.9697
-62.4605
-61.9463
-61.4288
-60.9092
-60.3886
-59.8681
-59.3484
-58.83
-58.3137
-57.7997
-57.2884
-56.7801
-56.2748
-55.7727
-55.2739
-54.7781
-54.2854
-53.7955
-53.3082
-52.7185
-52.0677
-51.3757
-50.6545
-49.9119
-49.1533
-48.3826
-47.6019
-46.8127
-46.0152
-45.209
-44.3931
-43.5658
-42.7247
-41.867
-40.9893
-40.0877
-39.1575
-38.1938
-37.1905
-36.1412
-35.0386
-33.8744
-32.6397
-31.3245
-29.9179
-28.4079
-26.7818
-25.0261
-23.1268
-21.07
-18.8426
-16.4331
-13.8334
-11.0401
-8.05696
-4.89724
-1.58563
1.83998
5.32811
8.81488
12.2271
15.4872
18.5195
21.2573
23.6494
25.6645
27.2939
28.5494
29.4598
30.0644
30.4073
30.5324
30.4793
30.2824
29.9697
29.5634
29.0812
28.5362
27.9388
27.297
26.6171
25.9041
25.162
24.3943
23.6039
22.7933
21.9649
21.1206
20.2624
19.3918
18.5105
17.6199
16.7213
15.8161
14.9053
13.9901
13.0714
12.1502
11.2273
10.3035
9.37962
8.4563
7.53415
6.61376
5.69565
4.7803
3.86816
2.95962
2.05503
1.15473
0.259
-0.631907
-1.51776
-2.39835
-3.27351
-4.1431
-5.00698
-5.86505
-6.71722
-7.56341
-8.40359
-9.2377
-10.0657
-10.8877
-11.7036
-12.5134
-13.3171
-14.1149
-14.9068
-15.6928
-16.473
-17.2474
-18.0163
-18.7797
-19.5378
-20.2906
-21.0383
-21.7812
-22.5193
-23.253
-23.9823
-24.7076
-25.4291
-26.1471
-26.8619
-27.5738
-28.2832
-28.9905
-29.696
-30.4002
-31.1036
-31.8067
-32.51
-33.214
-33.9194
-34.6267
-35.3366
-36.0499
-36.7671
-37.489
-38.2164
-38.9501
-39.6907
-40.439
-41.1959
-41.9619
-42.7378
-43.5241
-44.3214
-45.1299
-45.95
-46.7816
-47.6244
-48.4778
-49.3411
-50.2128
-51.0911
-51.9738
-52.8581
-53.7407
-54.6176
-55.4845
-56.3368
-57.1695
-57.9776
-58.7561
-59.5004
-60.2065
-60.8709
-61.491
-62.0653
-62.5929
-63.0741
-63.5099
-63.9021
-64.2531
-64.5656
-64.8426
-65.0874
-65.303
-65.4927
-65.6593
-65.8057
-65.9344
-66.0478
-66.1478
-66.2364
-66.3151
-66.3854
-66.4484
-66.5053
-66.557
-66.6042
-66.6475
-66.6876
-66.725
-66.7601
-66.7931
-66.8244
-66.8543
-66.883
-66.9106
-66.9373
-66.9632
-66.9885
-67.0132
-67.0374
-67.0612
-67.0846
-67.1078
-67.1306
-67.1532
-67.1756
-67.1977
-67.2198
-67.2416
-67.2634
-67.285
-67.3065
-67.3279
-67.3492
-67.3704
-67.3915
-67.4126
-67.4336
-67.4545
-67.4753
-67.4961
-67.5168
-67.5374
-67.558
-67.5784
-67.5989
-67.6192
-67.6395
-67.6598
-67.6799
-67.7
-67.72
-67.74
-67.7598
-67.7796
-67.7994
-67.819
-67.8386
-67.8581
-67.8775
-67.8969
-67.9161
-67.9353
-67.9544
-67.9734
-67.9923
-68.0112
-68.0299
-68.0486
-68.0672
-68.0857
-68.104
-68.1223
-68.1405
-68.1587
-68.1767
-68.1946
-68.2124
-68.2301
-68.2477
-68.2653
-68.2827
-68.3
-68.3172
-68.3343
-68.3513
-68.3682
-68.385
-68.4017
-68.4182
-68.4347
-68.4511
-68.4673
-68.4834
-68.4995
-68.5154
-68.5312
-68.5468
-68.5624
-68.5779
-68.5932
-68.6084
-68.6235
-68.6385
-68.6534
-68.6682
-68.6828
-68.6973
-68.7117
-68.726
-68.7402
-68.7542
-68.7681
-68.7819
-68.7956
-68.8092
-68.8226
-68.836
-68.8491
-68.8622
-68.8752
-68.888
-68.9007
-68.9133
-68.9258
-68.9381
-68.9503
-68.9624
-68.9744
-68.9862
-68.998
-69.0096
-69.021
-69.0324
-69.0436
-69.0547
-69.0657
-69.0765
-69.0873
-69.0979
-69.1084
-69.1187
-69.1289
-69.1391
-69.149
-69.1589
-69.1686
-69.1783
-69.1877
-69.1971
-69.2064
-69.2155
-69.2245
-69.2333
-69.2421
-69.2507
-69.2592
-69.2676
-69.2759
-69.284
-69.292
-69.2999
-69.3077
-69.3153
-69.3229
-69.3303
-69.3375
-69.3447
-69.3518
-69.3587
-69.3655
-69.3722
-69.3787
-69.3852
-69.3915
-69.3977
-69.4038
-69.4097
-69.4156
-69.4213
-69.4269
-69.4324
-69.4378
-69.4431
-69.4482
-69.4533
-69.4582
-69.463
-69.4676
-69.4722
-69.4767
-69.481
-69.4852
-69.4893
-69.4933
-69.4972
-69.501
-69.5047
-69.5082
-69.5116
-69.515
-69.5182
-69.5213
-69.5243
-69.5271
-69.5299
-69.5326
-69.5351
-69.5376
-69.5399
-69.5421
-69.5443
-69.5463
-69.5482
-69.55
-69.5517
-69.5533
-69.5548
-69.5561
-69.5574
-69.5586
-69.5597
-69.5606
-69.5615
-69.5623
-69.5629
-69.5635
-69.5639
-69.5643
-69.5645
-69.5647
-69.5648
-69.5647
-69.5646
-69.5643
-69.564
-69.5636
-69.563
-69.5624
-69.5617
-69.5609
-69.56
-69.5589
-69.5578
-69.5566
-69.5554
-69.554
-69.5525
-69.5509
-69.5493
-69.5475
-69.5457
-69.5438
-69.5417
-69.5396
-69.5374
-69.5351
-69.5328
-69.5303
-69.5277
-69.5251
-69.5224
-69.5196
-69.5167
-69.5137
-69.5106
-69.5075
-69.5043
-69.5009
-69.4976
-69.4941
-69.4905
-69.4869
-69.4831
-69.4793
-69.4755
-69.4715
-69.4675
-69.4633
-69.4591
-69.4549
-69.4505
-69.4461
-69.4416
-69.437
-69.4323
-69.4276
-69.4228
-69.4179
-69.4129
-69.4079
-69.4028
-69.3976
-69.3924
-69.3871
-69.3817
-69.3762
-69.3707
-69.3651
-69.3594
-69.3537
-69.3479
-69.342
-69.3361
-69.3301
-69.324
-69.3179
-69.3117
-69.3054
-69.2991
-69.2927
-69.2863
-69.2797
-69.2732
-69.2665
-69.2598
-69.253
-69.2462
-69.2393
-69.2324
-69.2254
-69.2183
-69.2112
-69.204
-69.1967
-69.1894
-69.1821
-69.1747
-69.1672
-69.1597
-69.1521
-69.1445
-69.1368
-69.1291
-69.1213
-69.1134
-69.1055
-69.0976
-69.0896
-69.0815
-69.0734
-69.0653
-69.0571
-69.0488
-69.0405
-69.0322
-69.0238
-69.0153
-69.0069
-68.9983
-68.9897
-68.9811
-68.9724
-68.9637
-68.955
-68.9462
-68.9373
-68.9284
-68.9195
-68.9105
-68.9015
-68.8924
-68.8833
-68.8742
-68.865
-68.8558
-68.8465
-68.8372
-68.8279
-68.8185
-68.8091
-68.7997
-68.7902
-68.7806
-68.7711
-68.7615
-68.7519
-68.7422
-68.7325
-68.7228
-68.713
-68.7032
-68.6934
-68.6835
-68.6736
-68.6637
-68.6537
-68.6437
-68.6337
-68.6237
-68.6136
-68.6035
-68.5933
-68.5832
-68.573
-68.5628
-68.5525
-68.5422
-68.5319
-68.5216
-68.5112
-68.5009
-68.4905
-68.48
-68.4696
-68.4591
-68.4486
-68.4381
-68.4275
-68.417
-68.4064
-68.3958
-68.3851
-68.3745
-68.3638
-68.3531
-68.3424
-68.3317
-68.3209
-68.3101
-68.2993
-68.2885
-68.2777
-68.2669
-68.256
-68.2451
-68.2342
-68.2233
-68.2124
-68.2014
-68.1905
-68.1795
-68.1685
-68.1575
-68.1465
-68.1355
-68.1245
-68.1134
-68.1023
-68.0913
-68.0802
-68.0691
-68.058
-68.0468
-68.0357
-68.0246
-68.0134
-68.0023
-67.9911
-67.9799
-67.9687
-67.9575
-67.9463
-67.9351
-67.9239
-67.9127
-67.9014
-67.8902
-67.879
-67.8677
-67.8565
-67.8452
-67.8339
-67.8227
-67.8114
-67.8001
-67.7888
-67.7775
-67.7662
-67.755
-67.7437
-67.7324
-67.7211
-67.7098
-67.6985
-67.6872
-67.6758
-67.6645
-67.6532
-67.6419
-67.6306
-67.6193
-67.608
-67.5967
-67.5854
-67.5741
-67.5628
-67.5515
-67.5402
-67.5289
-67.5176
-67.5063
-67.495
-67.4837
-67.4725
-67.4612
-67.4499
-67.4386
-67.4274
-67.4161
-67.4049
-67.3936
-67.3824
-67.3712
-67.3599
-67.3487
-67.3375
-67.3263
-67.3151
-67.3039
-67.2927
-67.2815
-67.2703
-67.2592
-67.248
-67.2369
-67.2257
-67.2146
-67.2035
-67.1924
-67.1813
-67.1702
-67.1591
-67.148
-67.1369
-67.1259
-67.1148
-67.1038
-67.0928
-67.0818
-67.0708
-67.0598
-67.0488
-67.0379
-67.0269
-67.016
-67.005
-66.9941
-66.9832
-66.9724
-66.9615
-66.9506
-66.9398
-66.929
-66.9182
-66.9074
-66.8966
-66.8858
-66.8751
-66.8643
-66.8536
-66.8429
-66.8322
-66.8215
-66.8109
-66.8002
-66.7896
-66.779
-66.7684
-66.7578
-66.7472
-66.7367
-66.7262
-66.7156
-66.7051
-66.6947
-66.6842
-66.6738
-66.6633
-66.6529
-66.6426
-66.6322
-66.6218
-66.6115
-66.6012
-66.5909
-66.5806
-66.5704
-66.5602
-66.5499
-66.5398
-66.5296
-66.5194
-66.5093
-66.4992
-66.4891
-66.4791
-66.469
-66.459
-66.449
-66.439
-66.4291
-66.4191
-66.4092
-66.3993
-66.3895
-66.3796
-66.3698
-66.36
-66.3502
-66.3405
-66.3307
-66.321
-66.3113
-66.3016
-66.292
-66.2824
-66.2728
-66.2632
-66.2537
-66.2441
-66.2346
-66.2252
-66.2157
-66.2063
-66.1969
-66.1875
-66.1781
-66.1688
-66.1595
-66.1502
-66.1409
-66.1317
-66.1225
-66.1133
-66.1042
-66.095
-66.0859
-66.0769
-66.0678
-66.0588
-66.0498
-66.0408
-66.0319
-66.023
-66.0141
-66.0052
-65.9964
-65.9876
-65.9788
-65.9701
-65.9613
-65.9526
-65.944
-65.9353
-65.9267
-65.9181
-65.9096
-65.901
-65.8925
-65.8841
-65.8756
-65.8672
-65.8588
-65.8504
-65.8421
-65.8338
-65.8255
-65.8173
-65.809
-65.8008
-65.7927
-65.7845
-65.7764
-65.7683
-65.7603
-65.7523
-65.7443
-65.7363
-65.7284
-65.7205
-65.7126
-65.7047
-65.6969
-65.6891
-65.6814
-65.6736
-65.6659
-65.6583
-65.6506
-65.643
-65.6354
-65.6279
-65.6204
-65.6129
-65.6054
-65.598
-65.5906
-65.5833
-65.5759
-65.5686
-65.5614
-65.5541
-65.5469
-65.5398
-65.5326
-65.5255
-65.5184
-65.5114
-65.5044
-65.4974
-65.4904
-65.4835
-65.4766
-65.4698
-65.463
-65.4562
-65.4494
-65.4427
-65.436
-65.4293
-65.4227
-65.4161
-65.4095
-65.403
-65.3965
-65.39
-65.3836
-65.3772
-65.3708
-65.3644
-65.3581
-65.3518
-65.3456
-65.3394
-65.3332
-65.327
-65.3209
-65.3148
-65.3087
-65.3027
-65.2967
-65.2907
-65.2848
-65.2789
-65.273
-65.2672
-65.2614
-65.2556
-65.2499
-65.2442
-65.2385
-65.2329
-65.0921
-64.8635
-64.5703
-64.2269
-63.8437
-63.4288
-62.9884
-62.5276
-62.0504
-61.5603
-61.0599
-60.5515
-60.0369
-59.5175
-58.9947
-58.4694
-57.9425
-57.4145
-56.8859
-56.3571
-55.8283
-55.2997
-54.7712
-54.2427
-53.714
-53.1848
-52.6548
-52.1233
-51.5897
-51.0533
-50.5132
-49.9684
-49.4177
-48.8597
-48.2929
-47.7157
-47.1261
-46.522
-45.9009
-45.2601
-44.5964
-43.9065
-43.1863
-42.4314
-41.6367
-40.7965
-39.9043
-38.9526
-37.9329
-36.8355
-35.6493
-34.3618
-32.9585
-31.4233
-29.738
-27.8822
-25.834
-23.5698
-21.0655
-18.2978
-15.2466
-11.8985
-8.25088
-4.31817
-0.137086
4.22852
8.68626
13.1189
17.394
21.3793
24.959
28.0493
30.607
32.6303
34.1523
35.2299
35.9316
36.3264
36.4776
36.4384
36.2512
35.9485
35.5547
35.0874
34.5597
33.9809
33.3581
32.6966
32.0007
31.2737
30.5185
29.7376
28.9332
28.1073
27.2618
26.3983
25.5185
24.624
23.7161
22.7963
21.8659
20.9261
19.9781
19.023
18.062
17.0958
16.1256
15.1523
14.1765
13.1992
12.2211
11.2427
10.2648
9.28802
8.31277
7.33961
6.36897
5.40129
4.43694
3.47627
2.51958
1.56715
0.619223
-0.323973
-1.26225
-2.19544
-3.12341
-4.04602
-4.96318
-5.87482
-6.78086
-7.68129
-8.57605
-9.46515
-10.3486
-11.2264
-12.0985
-12.9652
-13.8263
-14.682
-15.5323
-16.3774
-17.2175
-18.0525
-18.8827
-19.7082
-20.5293
-21.3461
-22.1588
-22.9678
-23.7732
-24.5754
-25.3747
-26.1715
-26.9662
-27.7592
-28.5509
-29.3419
-30.1328
-30.924
-31.7163
-32.5103
-33.3067
-34.1064
-34.9101
-35.7188
-36.5333
-37.3546
-38.1838
-39.0218
-39.8697
-40.7286
-41.5996
-42.4837
-43.382
-44.2955
-45.225
-46.1713
-47.135
-48.1163
-49.1153
-50.1315
-51.1642
-52.212
-53.2728
-54.344
-55.422
-56.5025
-57.5804
-58.6497
-59.7039
-60.7357
-61.738
-62.7032
-63.6244
-64.4954
-65.3108
-66.0667
-66.7606
-67.3914
-67.9596
-68.4669
-68.9163
-69.3113
-69.6564
-69.956
-70.2149
-70.4378
-70.629
-70.7926
-70.9324
-71.0517
-71.1535
-71.2405
-71.3148
-71.3785
-71.4332
-71.4802
-71.5209
-71.5562
-71.5869
-71.6139
-71.6376
-71.6586
-71.6773
-71.6941
-71.7093
-71.7231
-71.7358
-71.7474
-71.7582
-71.7683
-71.7777
-71.7867
-71.7951
-71.8032
-71.811
-71.8184
-71.8256
-71.8325
-71.8393
-71.8458
-71.8522
-71.8585
-71.8646
-71.8706
-71.8765
-71.8823
-71.8879
-71.8935
-71.899
-71.9045
-71.9098
-71.9151
-71.9202
-71.9254
-71.9304
-71.9354
-71.9403
-71.9451
-71.9499
-71.9545
-71.9592
-71.9637
-71.9682
-71.9726
-71.9769
-71.9812
-71.9854
-71.9895
-71.9936
-71.9975
-72.0014
-72.0053
-72.009
-72.0127
-72.0163
-72.0198
-72.0233
-72.0266
-72.0299
-72.0331
-72.0362
-72.0393
-72.0423
-72.0451
-72.0479
-72.0507
-72.0533
-72.0559
-72.0583
-72.0607
-72.063
-72.0652
-72.0673
-72.0694
-72.0713
-72.0732
-72.0749
-72.0766
-72.0782
-72.0797
-72.0811
-72.0824
-72.0837
-72.0848
-72.0858
-72.0868
-72.0876
-72.0884
-72.0891
-72.0897
-72.0901
-72.0905
-72.0908
-72.091
-72.0911
-72.0911
-72.0911
-72.0909
-72.0906
-72.0902
-72.0898
-72.0892
-72.0885
-72.0878
-72.0869
-72.086
-72.0849
-72.0838
-72.0825
-72.0812
-72.0797
-72.0782
-72.0766
-72.0748
-72.073
-72.0711
-72.0691
-72.067
-72.0647
-72.0624
-72.06
-72.0575
-72.0549
-72.0522
-72.0494
-72.0465
-72.0435
-72.0404
-72.0372
-72.0339
-72.0305
-72.027
-72.0235
-72.0198
-72.016
-72.0121
-72.0082
-72.0041
-72
-71.9957
-71.9914
-71.9869
-71.9824
-71.9777
-71.973
-71.9682
-71.9633
-71.9583
-71.9532
-71.948
-71.9427
-71.9373
-71.9318
-71.9262
-71.9206
-71.9148
-71.9089
-71.903
-71.897
-71.8908
-71.8846
-71.8783
-71.8719
-71.8654
-71.8589
-71.8522
-71.8454
-71.8386
-71.8317
-71.6795
-71.436
-71.1276
-70.7707
-70.3769
-69.9552
-69.5123
-69.0537
-68.5838
-68.1061
-67.6234
-67.1381
-66.652
-66.1668
-65.6838
-65.2041
-64.7286
-64.258
-63.7931
-63.3343
-62.8821
-62.4368
-61.9988
-61.5683
-61.1455
-60.7305
-60.3235
-59.9245
-59.5336
-59.1507
-58.7759
-58.4091
-58.0503
-57.6993
-57.3561
-57.0205
-56.6924
-56.3717
-56.0582
-55.7518
-55.4521
-55.1592
-54.8727
-54.5925
-54.3183
-54.0499
-53.7872
-53.5298
-53.2776
-53.0303
-52.7877
-52.5495
-52.3156
-52.0856
-51.8593
-51.6365
-51.417
-51.2004
-50.9866
-50.7753
-50.5663
-50.3593
-50.1541
-49.9504
-49.7479
-49.5465
-49.3459
-49.1458
-48.9459
-48.746
-48.5458
-48.3451
-48.1435
-47.9408
-47.7367
-47.5308
-47.3229
-47.1126
-46.8996
-46.6836
-46.464
-46.2406
-46.013
-45.7806
-45.5431
-45.2999
-45.0505
-44.7944
-44.5309
-44.2594
-43.9793
-43.6897
-43.3898
-43.0789
-42.756
-42.42
-42.0699
-41.7044
-41.3224
-40.9223
-40.5027
-40.0618
-39.5979
-39.109
-38.5928
-38.047
-37.4691
-36.8562
-36.2053
-35.513
-34.7757
-33.9895
-33.1502
-32.2533
-31.294
-30.2673
-29.1677
-27.99
-26.7284
-25.3776
-23.9323
-22.3878
-20.74
-18.9862
-17.1251
-15.1574
-13.0868
-10.9201
-8.66782
-6.34502
-3.97135
-1.57124
0.826356
3.1886
5.47991
7.66356
9.70367
11.5675
13.2276
14.6638
15.8644
16.8264
17.5547
18.0612
18.3626
18.4784
18.4296
18.2368
17.9196
17.4959
16.9813
16.3896
15.7326
15.0203
14.2613
13.4626
12.6304
11.7699
10.8856
9.98139
9.0605
8.12589
7.1801
6.22538
5.26371
4.29685
3.32635
2.35361
1.37985
0.406169
-0.566461
-1.53718
-2.50522
-3.46992
-4.43069
-5.38701
-6.33843
-7.28457
-8.2251
-9.15974
-10.0882
-11.0104
-11.9262
-12.8353
-13.7378
-14.6335
-15.5225
-16.4048
-17.2804
-18.1493
-19.0117
-19.8676
-20.7172
-21.5606
-22.398
-23.2297
-24.0558
-24.8765
-25.6923
-26.5033
-27.31
-28.1127
-28.9117
-29.7076
-30.5008
-31.2918
-32.0812
-32.8694
-33.6572
-34.4451
-35.2339
-36.0242
-36.8168
-37.6124
-38.412
-39.2162
-40.026
-40.8422
-41.6657
-42.4974
-43.338
-44.1884
-45.0495
-45.9218
-46.806
-47.7027
-48.6121
-49.5344
-50.4695
-51.4172
-52.3767
-53.347
-54.3266
-55.3137
-56.3057
-57.2998
-58.2923
-59.2793
-60.2561
-61.2179
-62.1591
-63.0745
-63.9585
-64.8059
-65.6119
-66.3723
-67.0837
-67.7438
-68.3511
-68.9056
-69.4077
-69.8592
-70.2623
-70.62
-70.9357
-71.2128
-71.455
-71.666
-71.8492
-72.0078
-72.145
-72.2634
-72.3655
-72.4535
-72.5294
-72.5949
-72.6515
-72.7004
-72.7427
-72.7794
-72.8113
-72.8391
-72.8633
-72.8846
-72.9033
-72.9197
-72.9343
-72.9472
-72.9587
-72.969
-72.9782
-72.9866
-72.9941
-73.0009
-73.0072
-73.0128
-73.0181
-73.0229
-72.889
-72.6747
-72.4081
-72.106
-71.7798
-71.4376
-71.0852
-70.7272
-70.3667
-70.0064
-69.6482
-69.2934
-68.9432
-68.5985
-68.2598
-67.9277
-67.6024
-67.2843
-66.9735
-66.6701
-66.3741
-66.0856
-65.8045
-65.5308
-65.2644
-65.0052
-64.6326
-64.1991
-63.7302
-63.2407
-62.7406
-62.2367
-61.7341
-61.2362
-60.7458
-60.2646
-59.7939
-59.3347
-58.8875
-58.4528
-58.0308
-57.6214
-57.2247
-56.8406
-56.4688
-56.1092
-55.7616
-55.4255
-55.1008
-54.7871
-54.4842
-54.1916
-53.9091
-53.6363
-53.373
-53.1187
-52.8733
-52.6364
-52.4076
-52.1868
-51.9736
-51.7678
-51.5691
-51.3772
-51.1919
-51.0129
-50.7494
-50.4427
-50.1119
-49.7678
-49.4174
-49.0651
-48.7143
-48.367
-48.0247
-47.6886
-47.3591
-47.0367
-46.7216
-46.4139
-46.1135
-45.8204
-45.5344
-45.2553
-44.9829
-44.717
-44.4574
-44.2038
-43.956
-43.7138
-43.4768
-43.245
-43.018
-42.7956
-42.5777
-42.3641
-42.1544
-41.9487
-41.7466
-41.548
-41.3529
-41.1609
-40.972
-40.7861
-40.603
-40.4227
-40.2449
-40.0697
-39.8969
-39.7265
-39.5583
-39.3923
-39.2285
-39.0667
-38.907
-38.7492
-38.5934
-38.4394
-38.2873
-38.1371
-37.9886
-37.8419
-37.697
-37.5539
-37.4124
-37.2727
-37.1348
-36.9985
-36.864
-36.7312
-36.6002
-36.4709
-36.3433
-36.2176
-36.0936
-35.9714
-35.851
-35.7324
-35.6157
-35.5009
-35.388
-35.277
-35.168
-35.0609
-34.9559
-34.8529
-34.7519
-34.6531
-34.5564
-34.4618
-34.3694
-34.2792
-34.1912
-34.1055
-34.0221
-33.9411
-33.8624
-33.786
-33.7121
-33.6405
-33.5714
-33.5048
-33.4407
-33.379
-33.3199
-33.2633
-33.2092
-33.1577
-33.1087
-33.0623
-33.0184
-32.977
-32.9382
-32.9019
-32.8681
-32.8368
-32.8079
-32.7815
-32.7575
-32.7358
-32.7165
-32.6995
-32.6846
-32.672
-32.6614
-32.6529
-32.6463
-32.6416
-32.6386
-32.6374
-32.6377
-32.6395
-32.6427
-32.6471
-32.6526
-32.659
-32.6662
-32.674
-32.6823
-32.6909
-32.6995
-32.708
-32.7162
-32.7237
-32.7304
-32.7361
-32.7403
-32.743
-32.7436
-32.742
-32.7377
-32.7304
-32.7198
-32.7054
-32.6868
-32.6635
-32.6352
-32.6013
-32.5613
-32.5147
-32.4609
-32.3994

