-65
-64.9994
-64.9988
-64.9982
-64.9977
-64.9971
-64.9965
-64.996
-64.9954
-64.9949
-64.9943
-64.9938
-64.9932
-64.9927
-64.9922
-64.9917
-64.9912
-64.9906
-64.9901
-64.9896
-64.9891
-64.9886
-64.9881
-64.9876
-64.9872
-64.9867
-64.9862
-64.9857
-64.9852
-64.9848
-64.9843
-64.9838
-64.9834
-64.9829
-64.9825
-64.982
-64.9816
-64.9811
-64.9807
-64.9802
-64.9798
-64.9794
-64.9789
-64.9785
-64.9781
-64.9777
-64.9772
-64.9768
-64.9764
-64.976
-64.9756
-64.9752
-64.9748
-64.9744
-64.974
-64.9736
-64.9732
-64.9728
-64.9725
-64.9721
-64.9717
-64.9713
-64.971
-64.9706
-64.9702
-64.9699
-64.9695
-64.9692
-64.9688
-64.9685
-64.9681
-64.9678
-64.9675
-64.9671
-64.9668
-64.9665
-64.9661
-64.9658
-64.9655
-64.9652
-64.9649
-64.9646
-64.9642
-64.9639
-64.9636
-64.9633
-64.963
-64.9628
-64.9625
-64.9622
-64.9619
-64.9616
-64.9613
-64.9611
-64.9608
-64.9605
-64.9603
-64.96
-64.9598
-64.9595
-64.9592
-64.959
-64.9588
-64.9585
-64.9583
-64.958
-64.9578
-64.9576
-64.9573
-64.9571
-64.9569
-64.9567
-64.9565
-64.9562
-64.956
-64.9558
-64.9556
-64.9554
-64.9552
-64.955
-64.9548
-64.9546
-64.9545
-64.9543
-64.9541
-64.9539
-64.9537
-64.9536
-64.9534
-64.9532
-64.9531
-64.9529
-64.9527
-64.9526
-64.9524
-64.9523
-64.9521
-64.952
-64.9519
-64.9517
-64.9516
-64.9514
-64.9513
-64.9512
-64.9511
-64.9509
-64.9508
-64.9507
-64.9506
-64.9505
-64.9504
-64.9503
-64.9502
-64.95
-64.9499
-64.9499
-64.9498
-64.9497
-64.9496
-64.9495
-64.9494
-64.9493
-64.9492
-64.9492
-64.9491
-64.949
-64.9489
-64.9489
-64.9488
-64.9487
-64.9487
-64.9486
-64.9486
-64.9485
-64.9485
-64.9484
-64.9484
-64.9483
-64.9483
-64.9482
-64.9482
-64.9482
-64.9481
-64.9481
-64.9481
-64.948
-64.948
-64.948
-64.948
-64.948
-64.9479
-64.9479
-64.9479
-64.9479
-64.9479
-64.9479
-64.9479
-64.9479
-64.9479
-64.9479
-64.9479
-64.9479
-64.9479
-64.9479
-64.9479
-64.9479
-64.9479
-64.9479
-64.948
-64.948
-64.948
-64.948
-64.9481
-64.9481
-64.9481
-64.9481
-64.9482
-64.9482
-64.9482
-64.9483
-64.9483
-64.9483
-64.9484
-64.9484
-64.9485
-64.9485
-64.9486
-64.9486
-64.9487
-64.9487
-64.9488
-64.9488
-64.9489
-64.9489
-64.949
-64.9491
-64.9491
-64.9492
-64.9492
-64.9493
-64.9494
-64.9494
-64.9495
-64.9496
-64.9497
-64.9497
-64.9498
-64.9499
-64.95
-64.95
-64.9501
-64.9502
-64.9503
-64.9504
-64.9504
-64.9505
-64.9506
-64.9507
-64.9508
-64.9509
-64.951
-64.951
-64.9511
-64.9512
-64.9513
-64.9514
-64.9515
-64.9516
-64.9517
-64.9518
-64.9519
-64.952
-64.9521
-64.9522
-64.9523
-64.9524
-64.9525
-64.9526
-64.9527
-64.9528
-64.9529
-64.953
-64.9532
-64.9533
-64.9534
-64.9535
-64.9536
-64.9537
-64.9538
-64.9539
-64.954
-64.9542
-64.9543
-64.9544
-64.9545
-64.9546
-64.9547
-64.9548
-64.955
-64.9551
-64.9552
-64.9553
-64.9554
-64.9556
-64.9557
-64.9558
-64.9559
-64.956
-64.9562
-64.9563
-64.9564
-64.9565
-64.9566
-64.9568
-64.9569
-64.957
-64.9571
-64.9573
-64.9574
-64.9575
-64.9576
-64.9578
-64.9579
-64.958
-64.9581
-64.9583
-64.9584
-64.9585
-64.9587
-64.9588
-64.9589
-64.959
-64.9592
-64.9593
-64.9594
-64.9595
-64.9597
-64.9598
-64.9599
-64.96
-64.9602
-64.9603
-64.9604
-64.9606
-64.9607
-64.9608
-64.9609
-64.9611
-64.9612
-64.9613
-64.9614
-64.9616
-64.9617
-64.9618
-64.962
-64.9621
-64.9622
-64.9623
-64.9625
-64.9626
-64.9627
-64.9628
-64.963
-64.9631
-64.9632
-64.9633
-64.9635
-64.9636
-64.9637
-64.9638
-64.964
-64.9641
-64.9642
-64.9643
-64.9645
-64.9646
-64.9647
-64.9648
-64.9649
-64.9651
-64.9652
-64.9653
-64.9654
-64.9655
-64.9657
-64.9658
-64.9659
-64.966
-64.9661
-64.9663
-64.9664
-64.9665
-64.9666
-64.9667
-64.9668
-64.967
-64.9671
-64.9672
-64.9673
-64.9674
-64.9675
-64.9677
-64.9678
-64.9679
-64.968
-64.9681
-64.9682
-64.9683
-64.9684
-64.9685
-64.9687
-64.9688
-64.9689
-64.969
-64.9691
-64.9692
-64.9693
-64.9694
-64.9695
-64.9696
-64.9697
-64.9698
-64.9699
-64.97
-64.9701
-64.9702
-64.9703
-64.9704
-64.9705
-64.9706
-64.9707
-64.9708
-64.9709
-64.971
-64.9711
-64.9712
-64.9713
-64.9714
-64.9715
-64.9716
-64.9717
-64.9718
-64.9719
-64.972
-64.9721
-64.9722
-64.9722
-64.9723
-64.9724
-64.9725
-64.9726
-64.9727
-64.8381
-64.6161
-64.3295
-63.993
-63.6167
-63.2086
-62.7751
-62.3211
-61.8507
-61.3673
-60.8734
-60.3714
-59.863
-59.3498
-58.833
-58.3134
-57.792
-57.2693
-56.7459
-56.2219
-55.6977
-55.1734
-54.6489
-54.124
-53.5987
-53.0724
-52.5449
-52.0154
-51.4835
-50.9481
-50.4085
-49.8635
-49.3119
-48.7523
-48.1832
-47.6027
-47.0088
-46.3993
-45.7715
-45.1227
-44.4496
-43.7485
-43.0152
-42.245
-41.4326
-40.5719
-39.656
-38.6769
-37.6256
-36.4918
-35.2637
-33.9279
-32.469
-30.87
-29.1114
-27.1721
-25.029
-22.6578
-20.0342
-17.1357
-13.9442
-10.4503
-6.65804
-2.59121
1.70139
6.14245
10.6269
15.0286
19.213
23.0533
26.447
29.3279
31.6716
33.4922
34.8341
35.7598
36.3386
36.6376
36.7159
36.6224
36.3952
36.0635
35.6486
35.1662
34.6277
34.0414
33.4137
32.7492
32.0518
31.3246
30.5703
29.7913
28.9895
28.1668
27.3251
26.4661
25.5911
24.7018
23.7995
22.8856
21.9612
21.0277
20.0861
19.1376
18.1831
17.2236
16.26
15.2933
14.3241
13.3533
12.3816
11.4096
10.4379
9.46711
8.49775
7.53029
6.56519
5.60285
4.64363
3.68789
2.73591
1.78798
0.844339
-0.0947983
-1.02924
-1.95882
-2.8834
-3.80285
-4.71709
-5.62603
-6.5296
-7.42776
-8.32048
-9.20775
-10.0896
-10.966
-11.837
-12.7026
-13.5629
-14.418
-15.268
-16.1129
-16.9529
-17.7881
-18.6187
-19.4448
-20.2665
-21.0842
-21.898
-22.7081
-23.5149
-24.3187
-25.1197
-25.9183
-26.7149
-27.51
-28.304
-29.0975
-29.8908
-30.6848
-31.4799
-32.277
-33.0766
-33.8796
-34.6869
-35.4993
-36.3178
-37.1433
-37.9769
-38.8196
-39.6725
-40.5368
-41.4135
-42.3037
-43.2086
-44.1291
-45.0662
-46.0206
-46.993
-47.9836
-48.9925
-50.0193
-51.0633
-52.1229
-53.1962
-54.2802
-55.3715
-56.4654
-57.5568
-58.6394
-59.7064
-60.7505
-61.764
-62.7393
-63.6693
-64.5475
-65.3687
-66.1289
-66.8255
-67.4578
-68.0262
-68.5328
-68.9807
-69.3737
-69.7162
-70.0132
-70.2693
-70.4894
-70.6778
-70.8389
-70.9763
-71.0934
-71.1932
-71.2783
-71.351
-71.4132
-71.4666
-71.5125
-71.5521
-71.5865
-71.6165
-71.6427
-71.6658
-71.6863
-71.7045
-71.7209
-71.7357
-71.7491
-71.7614
-71.7728
-71.7833
-71.7931
-71.8024
-71.8111
-71.8194
-71.8273
-71.8349
-71.8421
-71.8492
-71.856
-71.8626
-71.869
-71.8753
-71.8814
-71.8874
-71.8933
-71.8991
-71.9048
-71.9104
-71.9158
-71.9212
-71.9266
-71.9318
-71.937
-71.9421
-71.9471
-71.9521
-71.9569
-71.9618
-71.9665
-71.9712
-71.9758
-71.9803
-71.9848
-71.9892
-71.9935
-71.9978
-72.0019
-72.0061
-72.0101
-72.0141
-72.018
-72.0218
-72.0256
-72.0292
-72.0328
-72.0364
-72.0398
-72.0432
-72.0465
-72.0497
-72.0528
-72.0559
-72.0589
-72.0618
-72.0646
-72.0673
-72.07
-72.0725
-72.075
-72.0774
-72.0797
-72.082
-72.0841
-72.0862
-71.9478
-71.7251
-71.4454
-71.1254
-70.7765
-70.4072
-70.0239
-69.6313
-69.2333
-68.8327
-68.432
-68.0329
-67.6368
-67.2449
-66.8582
-66.4772
-66.1027
-65.7349
-65.3744
-65.0212
-64.6757
-64.3379
-64.008
-63.686
-63.3718
-63.0656
-62.7672
-62.4766
-62.1936
-61.9184
-61.6506
-61.3902
-61.1371
-60.8912
-60.6523
-60.4203
-60.1951
-59.9765
-59.7643
-59.5585
-59.3588
-59.1652
-58.9775
-58.7955
-58.6192
-58.4484
-58.2828
-58.1226
-57.9673
-57.8171
-57.6716
-57.5309
-57.3948
-57.1548
-56.8564
-56.5213
-56.1622
-55.7879
-55.4045
-55.0164
-54.6272
-54.2391
-53.8541
-53.4736
-53.0984
-52.7294
-52.3669
-52.0115
-51.6632
-51.3222
-50.9885
-50.662
-50.3427
-50.0305
-49.725
-49.4263
-49.1339
-48.8478
-48.5677
-48.2933
-48.0243
-47.7606
-47.5018
-47.2476
-46.9978
-46.7522
-46.5104
-46.2722
-46.0374
-45.8056
-45.5766
-45.3502
-45.1261
-44.9041
-44.6839
-44.4654
-44.2482
-44.0321
-43.817
-43.6025
-43.3885
-43.1748
-42.961
-42.7471
-42.5328
-42.3179
-42.1021
-41.81
-41.4752
-41.113
-40.7317
-40.3364
-39.9305
-39.5163
-39.095
-38.6675
-38.2343
-37.7956
-37.3513
-36.9013
-36.4454
-35.9831
-35.514
-35.0378
-34.5538
-34.0617
-33.5607
-33.0505
-32.5305
-32
-31.4586
-30.9057
-30.3409
-29.7635
-29.1731
-28.5694
-27.9518
-27.3201
-26.6739
-26.013
-25.3372
-24.6465
-23.9408
-23.2202
-22.4848
-21.735
-20.971
-20.1934
-19.4028
-18.5997
-17.785
-16.9596
-16.1244
-15.2804
-14.4288
-13.5708
-12.7079
-11.8414
-10.973
-10.1045
-9.23809
-8.37609
-7.52143
-6.67754
-5.84853
-5.03926
-4.25541
-3.50351
-2.79081
-2.12517
-1.51468
-0.96733
-0.490528
-0.0906409
0.227397
0.460385
0.606995
0.667738
0.644822
0.541876
0.363626
0.115552
-0.196428
-0.56624
-0.987872
-1.45554
-1.96381
-2.50764
-3.08241
-3.68397
-4.30857
-4.95284
-5.61379
-6.28879
-6.97545
-7.6717
-8.37568
-9.08574
-9.80043
-10.5185
-11.2387
-11.9601
-12.6817
-13.4029
-14.1229
-14.841
-15.5568
-16.2698
-16.9795
-17.6857
-18.3879
-19.0861
-19.7799
-20.4692
-21.1539
-21.8338
-22.5089
-23.1792
-23.8446
-24.5052
-25.161
-25.8121
-26.4585
-27.1005
-27.738
-28.3714
-29.0007
-29.6261
-30.2479
-30.8663
-31.4816
-32.094
-32.7038
-33.3114
-33.9171
-34.5213
-35.1242
-35.7263
-36.3281
-36.9299
-37.5321
-38.1353
-38.7398
-39.3462
-39.9549
-40.5664
-41.1812
-41.7998
-42.4227
-43.0502
-43.6828
-44.3209
-44.9649
-45.615
-46.2713
-46.9341
-47.6032
-48.2786
-48.9598
-49.6463
-50.3373
-51.0319
-51.7288
-52.4263
-53.1225
-53.8152
-54.502
-55.1801
-55.8464
-56.498
-57.1316
-57.7441
-58.3326
-58.8945
-59.4275
-59.9299
-60.4003
-60.8382
-61.2432
-61.6159
-61.9571
-62.268
-62.5502
-62.8054
-63.0358
-63.2432
-63.4297
-63.5974
-63.7481
-63.8837
-64.0059
-64.1163
-64.2162
-64.307
-64.3897
-64.4655
-64.5352
-64.5996
-64.6594
-64.7152
-64.7675
-64.8168
-64.8635
-64.908
-64.9505
-64.9912
-65.0305
-65.0684
-65.1053
-65.1411
-65.1761
-65.2103
-65.2439
-65.2768
-65.3092
-65.3412
-65.3727
-65.4039
-65.4348
-65.4653
-65.4956
-65.5256
-65.5554
-65.585
-65.6144
-65.6436
-65.6727
-65.7016
-65.7303
-65.7589
-65.7874
-65.8157
-65.8439
-65.872
-65.9
-65.9278
-65.9555
-65.9832
-66.0107
-66.0381
-66.0654
-66.0925
-66.1196
-66.1466
-66.1734
-66.2002
-66.2268
-66.2534
-66.2798
-66.3061
-66.3323
-66.3584
-66.3844
-66.4102
-66.436
-66.4616
-66.4872
-66.5126
-66.5379
-66.5631
-66.5881
-66.6131
-66.6379
-66.6626
-66.6872
-66.7117
-66.736
-66.7603
-66.7844
-66.8083
-66.8322
-66.8559
-66.8795
-66.903
-66.9264
-66.9496
-66.9727
-66.9957
-67.0185
-67.0412
-67.0638
-67.0863
-67.1086
-67.1308
-67.1528
-67.1748
-67.1965
-67.2182
-67.2397
-67.2611
-67.2824
-67.3035
-67.3245
-67.3453
-67.366
-67.3866
-67.407
-67.4273
-67.4475
-67.4675
-67.4874
-67.5071
-67.5267
-67.5462
-67.5655
-67.5847
-67.6038
-67.6227
-67.6414
-67.6601
-67.6786
-67.6969
-67.7151
-67.7332
-67.7511
-67.7689
-67.7866
-67.8041
-67.8214
-67.8387
-67.8558
-67.8727
-67.8895
-67.9062
-67.9227
-67.9391
-67.9553
-67.9714
-67.9874
-68.0032
-68.0189
-68.0344
-68.0498
-68.0651
-68.0802
-68.0952
-68.1101
-68.1248
-68.1393
-68.1538
-68.168
-68.1822
-68.1962
-68.2101
-68.2238
-68.2374
-68.2508
-68.2642
-68.2773
-68.2904
-68.3033
-68.3161
-68.3287
-68.3412
-68.3535
-68.3658
-68.3778
-68.3898
-68.4016
-68.4133
-68.4248
-68.4363
-68.4475
-68.4587
-68.4697
-68.4806
-68.4913
-68.5019
-68.5124
-68.5227
-68.533
-68.543
-68.553
-68.5628
-68.5725
-68.5821
-68.5915
-68.6008
-68.61
-68.619
-68.6279
-68.6367
-68.6454
-68.6539
-68.6623
-68.6706
-68.6787
-68.6868
-68.6947
-68.7024
-68.7101
-68.7176
-68.725
-68.7323
-68.7394
-68.7465
-68.7534
-68.7602
-68.7668
-68.7734
-68.7798
-68.7861
-68.7923
-68.7983
-68.8043
-68.8101
-68.8158
-68.8214
-68.8269
-68.8322
-68.8375
-68.8426
-68.8476
-68.8525
-68.8572
-68.8619
-68.8664
-68.8709
-68.8752
-68.8794
-68.8835
-68.8874
-68.8913
-68.8951
-68.8987
-68.9022
-68.9057
-68.909
-68.9122
-68.9153
-68.9182
-68.9211
-68.9239
-68.9266
-68.9291
-68.9316
-68.9339
-68.9362
-68.9383
-68.9403
-68.9422
-68.9441
-68.9458
-68.9474
-68.9489
-68.9503
-68.9517
-68.9529
-68.954
-68.955
-68.9559
-68.9567
-68.9575
-68.9581
-68.9586
-68.959
-68.9594
-68.9596
-68.9597
-68.9598
-68.9597
-68.9596
-68.9593
-68.959
-68.9586
-68.9581
-68.9574
-68.9567
-68.956
-68.9551
-68.9541
-68.953
-68.9519
-68.9507
-68.9493
-68.9479
-68.9464
-68.9448
-68.9432
-68.9414
-68.9395
-68.9376
-68.9356
-68.9335
-68.9313
-68.9291
-68.9267
-68.9243
-68.9218
-68.9192
-68.9165
-68.9138
-68.9109
-68.908
-68.9051
-68.902
-68.8988
-68.8956
-68.8923
-68.889
-68.8855
-68.882
-68.8784
-68.8747
-68.871
-68.8671
-68.8633
-68.8593
-68.8553
-68.8511
-68.847
-68.8427
-68.8384
-68.834
-68.8295
-68.825
-68.8204
-68.8158
-68.811
-68.8062
-68.8014
-68.7964
-68.7914
-68.6452
-68.4083
-68.1055
-67.7522
-67.3597
-66.9363
-66.4887
-66.0223
-65.5414
-65.0495
-64.5495
-64.0438
-63.5343
-63.0228
-62.5105
-61.9987
-61.4884
-60.9802
-60.4751
-59.9734
-59.4758
-58.9826
-58.4941
-58.0107
-57.5324
-57.0596
-56.5921
-56.1301
-55.6736
-55.2224
-54.7766
-54.3358
-53.9001
-53.469
-53.0423
-52.6198
-52.201
-51.7855
-51.3728
-50.9626
-50.5541
-50.1469
-49.7403
-49.3336
-48.926
-48.5167
-48.1049
-47.6897
-47.2699
-46.8446
-46.4125
-45.9724
-45.5229
-45.0626
-44.5897
-44.1025
-43.599
-43.0773
-42.5348
-41.9691
-41.3774
-40.7564
-40.1028
-39.4127
-38.6818
-37.9054
-37.0782
-36.1944
-35.2473
-34.2298
-33.1337
-31.9504
-30.67
-29.2821
-27.7754
-26.1378
-24.3572
-22.4211
-20.3179
-18.0375
-15.5721
-12.9185
-10.0792
-7.06497
-3.89649
-0.606424
2.7599
6.14485
9.48068
12.6937
15.7101
18.4624
20.8963
22.9758
24.6849
26.0278
27.0248
27.708
28.1157
28.2876
28.2619
28.0724
27.7485
27.3143
26.7893
26.1893
25.5268
24.8118
24.0521
23.2543
22.4237
21.5647
20.6811
19.7762
18.8528
17.9135
16.9606
15.996
15.0217
14.0393
13.0505
12.0565
11.0588
10.0585
9.05659
8.05418
7.05214
6.05129
5.05237
4.05605
3.06293
2.07357
1.08845
0.108001
-0.867393
-1.83739
-2.80171
-3.76008
-4.7123
-5.65817
-6.59755
-7.53031
-8.45636
-9.37562
-10.2881
-11.1937
-12.0924
-12.9843
-13.8694
-14.7478
-15.6195
-16.4846
-17.3432
-18.1954
-19.0415
-19.8814
-20.7155
-21.5439
-22.3668
-23.1844
-23.9971
-24.8051
-25.6087
-26.4082
-27.204
-27.9966
-28.7863
-29.5736
-30.359
-31.143
-31.9263
-32.7093
-33.4928
-34.2774
-35.0638
-35.8529
-36.6453
-37.4421
-38.2439
-39.0517
-39.8664
-40.6889
-41.5202
-42.3611
-43.2127
-44.0757
-44.951
-45.8392
-46.7411
-47.6569
-48.5871
-49.5315
-50.49
-51.4619
-52.4461
-53.4411
-54.4448
-55.4546
-56.4671
-57.4784
-58.4841
-59.4788
-60.4571
-61.4129
-62.3401
-63.2327
-64.085
-64.8919
-65.6492
-66.3535
-67.0028
-67.5963
-68.1341
-68.6176
-69.0491
-69.4316
-69.7685
-70.0637
-70.3212
-70.5449
-70.7386
-70.9059
-71.0502
-71.1745
-71.2815
-71.3737
-71.4531
-71.5215
-71.5807
-71.632
-71.6765
-71.7153
-71.7492
-71.779
-71.8053
-71.8286
-71.8493
-71.8679
-71.8846
-71.8997
-71.9135
-71.9261
-71.9378
-71.9485
-71.9586
-71.9679
-71.9768
-71.9851
-71.993
-72.0006
-72.0078
-72.0148
-72.0214
-72.0279
-72.0341
-72.0402
-72.0461
-72.0518
-72.0574
-72.0628
-72.0681
-72.0733
-72.0784
-72.0834
-72.0883
-72.0931
-72.0977
-72.1023
-72.1068
-72.1113
-72.1156
-72.1198
-72.124
-72.1281
-72.1321
-72.136
-72.1398
-72.1436
-72.1473
-72.1508
-72.1543
-72.1578
-72.1611
-72.1644
-72.1675
-72.1706
-72.1736
-72.1766
-72.1794
-72.1821
-72.1848
-72.1874
-72.1899
-72.1923
-72.1946
-72.1969
-72.199
-72.2011
-72.203
-72.2049
-72.2067
-72.2084
-72.21
-72.2115
-72.213
-72.2143
-72.2155
-72.2167
-72.2177
-72.2187
-72.2196
-72.2204
-72.221
-72.2216
-72.2221
-72.2225
-72.2228
-72.223
-72.2231
-72.2232
-72.2231
-72.2229
-72.2226
-72.2223
-72.2218
-72.2212
-72.2206
-72.2198
-72.219
-72.218
-72.217
-72.2158
-72.2146
-72.2132
-72.2118
-72.2103
-72.2086
-72.2069
-72.205
-72.2031
-72.2011
-72.199
-72.1967
-72.1944
-72.192
-72.1894
-72.1868
-72.1841
-72.1813
-72.1784
-72.1754
-72.1722
-72.169
-72.0217
-71.785
-71.4859
-71.141
-70.7619
-70.3575
-69.9345
-69.4982
-69.0528
-68.6016
-68.1473
-67.6922
-67.238
-66.7861
-66.3378
-65.894
-65.4555
-65.0229
-64.5969
-64.1778
-63.7661
-63.3619
-62.9656
-62.5772
-62.197
-61.825
-61.4612
-61.1058
-60.7586
-60.4197
-60.0889
-59.7663
-59.4518
-59.1452
-58.8465
-58.5555
-58.2722
-57.9962
-57.7277
-57.4663
-57.2119
-56.9644
-56.7236
-56.4894
-56.2615
-56.0399
-55.8243
-55.6146
-55.4106
-55.2122
-55.0192
-54.8315
-54.6488
-54.4711
-54.2982
-54.1299
-53.966
-53.8065
-53.6513
-53.5001
-53.3528
-53.2093
-53.0695
-52.9333
-52.8005
-52.6711
-52.5448
-52.4217
-52.3016
-52.1844
-52.07
-51.9584
-51.8494
-51.7429
-51.6389
-51.5373
-51.4381
-51.341
-51.2462
-51.1534
-51.0628
-50.9741
-50.8873
-50.8024
-50.7193
-50.638
-50.5584
-50.4805
-50.4042
-50.3295
-50.2564
-50.1847
-50.1146
-50.0459
-49.9786
-49.9126
-49.848
-49.7848
-49.7228
-49.6621
-49.6026
-49.5443
-49.4872
-49.4313
-49.3766
-49.323
-49.2705
-49.219
-49.1687
-49.1194
-49.0712
-49.0241
-48.9779
-48.9328
-48.8887
-48.8456
-48.8035
-48.7623
-48.7221
-48.6829
-48.6446
-48.6072
-48.5708
-48.5354
-48.5009
-48.4673
-48.4347
-48.4029
-48.3721
-48.3423
-48.3133
-48.2853
-48.2581
-48.2319
-48.2067
-48.1823
-48.1589
-48.1365
-48.1149
-48.0943
-48.0747
-48.056
-48.0383
-48.0215
-48.0057
-47.9909
-47.9771
-47.9644
-47.9526
-47.9419
-47.9322
-47.9235
-47.9159
-47.9094
-47.904
-47.8997
-47.8965
-47.802
-47.6528
-47.4658
-47.2509
-47.0145
-46.7612
-46.4942
-46.2159
-45.928
-45.6317
-45.328
-45.0173
-44.7001
-44.3766
-44.0468
-43.7108
-43.3683
-43.0192
-42.6631
-42.2997
-41.9284
-41.5487
-41.1602
-40.762
-40.3534
-39.9337
-39.502
-39.0574
-38.5987
-38.125
-37.635
-37.1274
-36.6008
-36.0538
-35.4849
-34.8922
-34.2741
-33.6286
-32.9538
-32.2475
-31.5075
-30.7316
-29.9172
-29.062
-28.1635
-27.2192
-26.2265
-25.1833
-24.0872
-22.9362
-21.7288
-20.4637
-19.1405
-17.7595
-16.3219
-14.8301
-13.2882
-11.7018
-10.0785
-8.42827
-6.76339
-5.09863
-3.45119
-1.84037
-0.28709
1.18706
2.56086
3.81467
4.9317
5.89903
6.70831
7.35598
7.84309
8.17473
8.35915
8.40689
8.32985
8.1405
7.85122
7.4739
7.01962
6.49849
5.91957
5.29094
4.61971
3.91211
3.17359
2.40894
1.6223
0.817315
-0.00282152
-0.835316
-1.67772
-2.52786
-3.38385
-4.24401
-5.10686
-5.9711
-6.83558
-7.6993
-8.56135
-9.42097
-10.2775
-11.1303
-11.9789
-12.8228
-13.6617
-14.4952
-15.3231
-16.1451
-16.9612
-17.7711
-18.5748
-19.3722
-20.1633
-20.9481
-21.7266
-22.4989
-23.265
-24.0252
-24.7796
-25.5283
-26.2715
-27.0094
-27.7424
-28.4706
-29.1944
-29.9141
-30.6301
-31.3427
-32.0523
-32.7593
-33.4643
-34.1677
-34.87
-35.5717
-36.2734
-36.9757
-37.6791
-38.3843
-39.092
-39.8026
-40.5169
-41.2356
-41.9593
-42.6887
-43.4242
-44.1667
-44.9165
-45.6742
-46.4401
-47.2147
-47.998
-48.7902
-49.5911
-50.4002
-51.2171
-52.0409
-52.8703
-53.7038
-54.5394
-55.3748
-56.2073
-57.0336
-57.8503
-58.6535
-59.4392
-60.2032
-60.9414
-61.6498
-62.3248
-62.9633
-63.5628
-64.1214
-64.6382
-65.1128
-65.5459
-65.9384
-66.2921
-66.6092
-66.8921
-67.1435
-67.3662
-67.5629
-67.7363
-67.889
-68.0234
-68.1417
-68.2459
-68.3378
-68.419
-68.491
-68.555
-68.6122
-68.6633
-68.7094
-68.7511
-68.789
-68.8236
-68.8554
-68.8849
-68.9122
-68.9378
-68.9619
-68.9846
-69.0062
-69.0268
-69.0465
-69.0655
-69.0838
-69.1016
-69.1188
-69.1356
-69.1521
-69.1682
-69.184
-69.1995
-69.2148
-69.2299
-69.2448
-69.2595
-69.2741
-69.2885
-69.3028
-69.3169
-69.3309
-69.3448
-69.3586
-69.3724
-69.386
-69.3995
-69.4129
-69.4262
-69.4395
-69.4527
-69.4658
-69.4788
-69.4917
-69.5045
-69.5173
-69.53
-69.5426
-69.5551
-69.5675
-69.5799
-69.5921
-69.6043
-69.6164
-69.6285
-69.6404
-69.6523
-69.664
-69.6757
-69.6873
-69.6988
-69.7102
-69.7216
-69.7328
-69.744
-69.755
-69.766
-69.7769
-69.7877
-69.7984
-69.809
-69.8195
-69.8299
-69.8402
-69.8504
-69.8605
-69.8705
-69.8805
-69.8903
-69.9
-69.9096
-69.9191
-69.9286
-69.9379
-69.9471
-69.9562
-69.9652
-69.9741
-69.9829
-69.9916
-70.0002
-70.0087
-70.0171
-70.0253
-70.0335
-70.0416
-70.0495
-70.0574
-70.0651
-70.0727
-70.0802
-70.0877
-70.095
-70.1022
-70.1092
-70.1162
-70.1231
-70.1298
-70.1365
-70.143
-70.1495
-70.1558
-70.162
-70.1681
-70.1741
-70.1799
-70.1857
-70.1914
-70.1969
-70.2023
-70.2076
-70.2129
-70.218
-70.2229
-70.2278
-70.2326
-70.2372
-70.2418
-70.2462
-70.2505
-70.2548
-70.2589
-70.2629
-70.2667
-70.2705
-70.2742
-70.2777
-70.2812
-70.2845
-70.2877
-70.2908
-70.2938
-70.2967
-70.2995
-70.3022
-70.3047
-70.3072
-70.3096
-70.3118
-70.3139
-70.316
-70.3179
-70.3197
-70.3214
-70.323
-70.3245
-70.3259
-70.3271
-70.3283
-70.3294
-70.3303
-70.3312
-70.332
-70.3326
-70.3331
-70.3336
-70.3339
-70.3341
-70.3343
-70.3343
-70.3342
-70.334
-70.3338
-70.3334
-70.3329
-70.3323
-70.3316
-70.3308
-70.33
-70.329
-70.3279
-70.3267
-70.3254
-70.324
-70.3226
-70.321
-70.3193
-70.3175
-70.3157
-70.3137
-70.1693
-69.935
-69.6364
-69.2897
-68.9062
-68.4946
-68.0615
-67.6122
-67.1512
-66.6818
-66.2068
-65.7286
-65.249
-64.7697
-64.2919
-63.8167
-63.3452
-62.8779
-62.4156
-61.9589
-61.5081
-61.0637
-60.626
-60.1952
-59.7715
-59.3552
-58.9462
-58.5447
-58.1507
-57.7643
-57.3854
-57.014
-56.65
-56.2933
-55.9439
-55.6015
-55.2661
-54.9374
-54.6154
-54.2998
-53.9904
-53.6869
-53.3893
-53.0972
-52.8103
-52.5285
-52.2515
-51.979
-51.7107
-51.4464
-51.1857
-50.9283
-50.6741
-50.4226
-50.1735
-49.9266
-49.6815
-49.4379
-49.1955
-48.9538
-48.7127
-48.4716
-48.2303
-47.9884
-47.7455
-47.5011
-47.255
-47.0066
-46.7555
-46.5013
-46.2434
-45.9814
-45.7147
-45.4428
-45.165
-44.8807
-44.5893
-44.2901
-43.9822
-43.6648
-43.3371
-42.9981
-42.6467
-42.2819
-41.9024
-41.507
-41.0942
-40.6624
-40.2101
-39.7352
-39.2359
-38.71
-38.155
-37.5684
-36.9474
-36.2887
-35.5891
-34.8448
-34.0519
-33.2062
-32.3029
-31.3372
-30.3038
-29.1972
-28.0116
-26.7413
-25.3805
-23.9234
-22.3649
-20.7004
-18.9267
-17.0418
-15.0461
-12.9428
-10.7383
-8.44335
-6.07312
-3.64808
-1.19391
1.25867
3.67461
6.01581
8.243
10.318
12.2064
13.8799
15.3186
16.5117
17.4577
18.1639
18.6439
18.9164
19.0025
18.9242
18.7029
18.3587
17.9096
17.3713
16.7575
16.08
15.3485
14.5714
13.7558
12.9076
12.032
11.1334
10.2155
9.28167
8.33468
7.37707
6.41107
5.43864
4.46151
3.48122
2.49916
1.51654
0.534444
-0.446158
-1.42441
-2.39957
-3.37096
-4.338
-5.30018
-6.25706
-7.20827
-8.15346
-9.09238
-10.0248
-10.9505
-11.8694
-12.7813
-13.6862
-14.5841
-15.4748
-16.3585
-17.2352
-18.1048
-18.9676
-19.8237
-20.673
-21.5159
-22.3525
-23.183
-24.0077
-24.8267
-25.6404
-26.4491
-27.2531
-28.0528
-28.8486
-29.6409
-30.4302
-31.217
-32.0018
-32.7851
-33.5676
-34.3499
-35.1327
-35.9167
-36.7026
-37.4911
-38.2831
-39.0794
-39.8808
-40.6881
-41.5023
-42.3241
-43.1544
-43.9941
-44.8438
-45.7043
-46.5763
-47.4602
-48.3564
-49.265
-50.1862
-51.1195
-52.0643
-53.0198
-53.9846
-54.9568
-55.9341
-56.9138
-57.8923
-58.8659
-59.8301
-60.78
-61.7105
-62.6162
-63.4917
-64.3319
-65.1319
-65.8876
-66.5956
-67.2534
-67.8596
-68.4137
-68.9163
-69.369
-69.7739
-70.1337
-70.4518
-70.7316
-70.9766
-71.1905
-71.3765
-71.5379
-71.6778
-71.7989
-71.9036
-71.9941
-72.0724
-72.1401
-72.1989
-72.2498
-72.2942
-72.3328
-72.3665
-72.3961
-72.4221
-72.4451
-72.4654
-72.4834
-72.4995
-72.514
-72.527
-72.5388
-72.5495
-72.5592
-72.5682
-72.5764
-72.584
-72.5911
-72.5977
-72.6038
-72.6096
-72.6151
-72.6202
-72.6251
-72.6297
-72.6341
-72.6383
-72.6423
-72.6462
-72.6499
-72.6534
-72.6568
-72.66
-72.6632
-72.6662
-72.6691
-72.6718
-72.6745
-72.6771
-72.6795
-72.6819
-72.6841
-72.6863
-72.6883
-72.6903
-72.6922
-72.694
-72.6956
-72.6972
-72.6987
-72.7001
-72.7014
-72.7027
-72.7038
-72.7048
-72.7058
-72.7066
-72.7074
-72.7081
-72.7086
-72.7091
-72.7095
-72.7098
-72.71
-72.7101
-72.7102
-72.7101
-72.7099
-72.7097
-72.7093
-72.7089
-72.7083
-72.7077
-72.7069
-72.7061
-72.7052
-72.7042
-72.7031
-72.7018
-72.7005
-72.6991
-72.6976
-72.696
-72.6944
-72.6926
-72.6907
-72.6887
-72.6866
-72.6844
-72.6822
-72.6798
-72.6773
-72.6748
-72.6721
-72.6693
-72.6665
-72.6635
-72.6605
-72.6573
-72.6541
-72.6507
-72.6473
-72.6437
-72.6401
-72.6363
-72.6325
-72.6286
-72.6245
-72.6204
-72.6162
-72.6118
-72.6074
-72.6029
-72.5983
-72.5936
-72.5887
-72.5838
-72.5788
-72.5737
-72.5685
-72.5632
-72.5578
-72.5523
-72.5468
-72.5411
-72.5353
-72.5294
-72.5235
-72.5174
-72.5113
-72.505
-72.4987
-72.4922
-72.4857
-72.4791
-72.4723
-72.4655
-72.4586
-72.4516
-72.4445
-72.4373
-72.4301
-72.4227
-72.4152
-72.4077
-72.4
-72.3923
-72.3845
-72.3766
-72.3686
-72.3605
-72.3523
-72.344
-72.3357
-72.3272
-72.3187
-72.31
-72.3013
-72.2925
-72.2836
-72.2747
-72.2656
-72.2565
-72.2473
-72.2379
-72.2285
-72.2191
-72.2095
-72.1999
-72.1901
-72.1803
-72.1704
-72.1604
-72.1504
-72.1402
-72.13
-72.1197
-72.1093
-72.0989
-72.0883
-72.0777
-72.067
-72.0563
-72.0454
-72.0345
-72.0235
-72.0124
-72.0012
-71.99
-71.9787
-71.9673
-71.9559
-71.9444
-71.9328
-71.9211
-71.9093
-71.8975
-71.8856
-71.8737
-71.8617
-71.8496
-71.8374
-71.8252
-71.8128
-71.8005
-71.788
-71.7755
-71.763
-71.7503
-71.7376
-71.7248
-71.712
-71.6991
-71.6861
-71.6731
-71.66
-71.6469
-71.6337
-71.6204
-71.6071
-71.5937
-71.5802
-71.5667
-71.5531
-71.5395
-71.5258
-71.5121
-71.4983
-71.4844
-71.4705
-71.4565
-71.4425
-71.4284
-71.4143
-71.4001
-71.3859
-71.3716
-71.3572
-71.3428
-71.3284
-71.3139
-71.2993
-71.2847
-71.2701
-71.2554
-71.2407
-71.2259
-71.211
-71.1961
-71.1812
-71.1662
-71.1512
-71.1362
-71.1211
-71.1059
-71.0907
-71.0755
-71.0602
-71.0449
-71.0295
-71.0141
-70.9987
-70.9832
-70.9677
-70.9521
-70.9365
-70.9209
-70.9052
-70.8895
-70.8738
-70.858
-70.8422
-70.8263
-70.8105
-70.7945
-70.7786
-70.7626
-70.7466
-70.7306
-70.7145
-70.6984
-70.6822
-70.6661
-70.6499
-70.6337
-70.6174
-70.6011
-70.5848
-70.5685
-70.5521
-70.5358
-70.5193
-70.5029
-70.4864
-70.47
-70.4535
-70.4369
-70.4204
-70.4038
-70.3872
-70.3706
-70.3539
-70.3373
-70.3206
-70.3039
-70.2872
-70.2705
-70.2537
-70.2369
-70.2202
-70.2033
-70.1865
-70.1697
-70.1528
-70.136
-70.1191
-70.1022
-70.0853
-70.0684
-70.0514
-70.0345
-70.0175
-70.0006
-69.9836
-69.9666
-69.9496
-69.9326
-69.9155
-69.8985
-69.8815
-69.8644
-69.8474
-69.8303
-69.8132
-69.7962
-69.7791
-69.762
-69.7449
-69.7278
-69.7107
-69.6936
-69.6765
-69.6594
-69.6423
-69.6251
-69.608
-69.5909
-69.5738
-69.5567
-69.5395
-69.5224
-69.5053
-69.4882
-69.471
-69.4539
-69.4368
-69.4197
-69.4025
-69.3854
-69.3683
-69.3512
-69.3341
-69.317
-69.2999
-69.2828
-69.2657
-69.2486
-69.2316
-69.2145
-69.1974
-69.1804
-69.1633
-69.1463
-69.1292
-69.1122
-69.0952
-69.0782
-69.0612
-69.0442
-69.0272
-69.0102
-68.9933
-68.9763
-68.9594
-68.9424
-68.9255
-68.9086
-68.8917
-68.8748
-68.858
-68.8411
-68.8243
-68.8074
-68.7906
-68.7738
-68.757
-68.7403
-68.7235
-68.7068
-68.69
-68.6733
-68.6566
-68.6399
-68.6233
-68.6066
-68.59
-68.5734
-68.5568
-68.5402
-68.5236
-68.5071
-68.4906
-68.474
-68.4576
-68.4411
-68.4246
-68.4082
-68.3918
-68.3754
-68.3591
-68.3427
-68.3264
-68.3101
-68.2938
-68.2775
-68.2613
-68.2451
-68.2289
-68.2127
-68.1965
-68.1804
-68.1643
-68.1482
-68.1321
-68.1161
-68.1001
-68.0841
-68.0681
-68.0522
-68.0363
-68.0204
-68.0045
-67.9887
-67.9729
-67.9571
-67.9413
-67.9256
-67.9099
-67.8942
-67.8785
-67.8629
-67.8473
-67.8317
-67.8162
-67.8006
-67.7851
-67.7697
-67.7542
-67.7388
-67.7234
-67.7081
-67.6927
-67.6774
-67.6622
-67.6469
-67.6317
-67.6165
-67.6014
-67.5862
-67.5711
-67.5561
-67.541
-67.526
-67.5111
-67.4961
-67.4812
-67.4663
-67.4515
-67.4366
-67.4219
-67.4071
-67.3924
-67.3777
-67.363
-67.3484
-67.3338
-67.3192
-67.3047
-67.2902
-67.2757
-67.2613
-67.2469
-67.2325
-67.2182
-67.2038
-67.1896
-67.1753
-67.1611
-67.1469
-67.1328
-67.1187
-67.1046
-67.0906
-67.0766
-67.0626
-67.0487
-67.0348
-67.0209
-67.0071
-66.9933
-66.9795
-66.9658
-66.9521
-66.9384
-66.9248
-66.9112
-66.8977
-66.8842
-66.8707
-66.8572
-66.8438
-66.8305
-66.8171
-66.8038
-66.7906
-66.7773
-66.7641
-66.751
-66.7379
-66.7248
-66.7117
-66.6987
-66.6857
-66.6728
-66.6599
-66.647
-66.6342
-66.6214
-66.6087
-66.5959
-66.5833
-66.5706
-66.558
-66.5455
-66.5329
-66.5204
-66.508
-66.4956
-66.4832
-66.4709
-66.4586
-66.4463
-66.4341
-66.4219
-66.4098
-66.3977
-66.3856
-66.3736
-66.3616
-66.3497
-66.3378
-66.3259
-66.314
-66.3023
-66.2905
-66.2788
-66.2671
-66.2555
-66.2439
-66.2323
-66.2208
-66.2093
-66.1978
-66.1864
-66.1751
-66.1637
-66.1525
-66.1412
-66.13
-66.1188
-66.1077
-66.0966
-66.0856
-66.0746
-66.0636
-66.0527
-66.0418
-66.031
-66.0202
-66.0094
-65.9987
-65.988
-65.9774
-65.9668
-65.9562
-65.9457
-65.9353
-65.9248
-65.9144
-65.9041
-65.8938
-65.8835
-65.8733
-65.8631
-65.853
-65.8428
-65.8328
-65.8228
-65.8128
-65.8028
-65.6566
-65.4217
-65.1217
-64.771
-64.3803
-63.9577
-63.5094
-63.0406
-62.5554
-62.0573
-61.549
-61.0327
-60.5103
-59.9835
-59.4533
-58.9209
-58.387
-57.8524
-57.3176
-56.7829
-56.2486
-55.7148
-55.1816
-54.649
-54.1167
-53.5845
-53.0521
-52.5189
-51.9844
-51.4479
-50.9085
-50.3653
-49.8173
-49.2632
-48.7015
-48.1307
-47.549
-46.9543
-46.3445
-45.7169
-45.0687
-44.3966
-43.697
-42.9657
-42.1981
-41.3889
-40.532
-39.6206
-38.6469
-37.6018
-36.4752
-35.2555
-33.9293
-32.4817
-30.8956
-29.1519
-27.2298
-25.1062
-22.7572
-20.1585
-17.2874
-14.1255
-10.6624
-6.90075
-2.8622
1.40714
5.83291
10.3128
14.7222
18.9267
22.7977
26.2292
29.1511
31.5347
33.3913
34.7635
35.7132
36.31
36.622
36.709
36.621
36.3969
36.0664
35.6515
35.168
34.6277
34.039
33.4084
32.7406
32.0396
31.3085
30.55
29.7665
28.96
28.1325
27.2857
26.4214
25.5411
24.6464
23.7385
22.819
21.889
20.9497
20.0024
19.0482
18.088
17.1229
16.1538
15.1815
14.2069
13.2308
12.2538
11.2766
10.2999
9.32427
8.35017
7.37812
6.40857
5.44194
4.47859
3.51887
2.56309
1.61151
0.664386
-0.27807
-1.21567
-2.14824
-3.07564
-3.99776
-4.91448
-5.82575
-6.7315
-7.63168
-8.52628
-9.41527
-10.2987
-11.1765
-12.0488
-12.9155
-13.7769
-14.6329
-15.4836
-16.3291
-17.1696
-18.0052
-18.836
-19.6622
-20.484
-21.3016
-22.1152
-22.9251
-23.7316
-24.5349
-25.3354
-26.1334
-26.9294
-27.7237
-28.517
-29.3095
-30.102
-30.895
-31.6891
-32.4851
-33.2836
-34.0855
-34.8915
-35.7027
-36.5198
-37.3439
-38.176
-39.0172
-39.8684
-40.7309
-41.6057
-42.4939
-43.3965
-44.3146
-45.249
-46.2004
-47.1695
-48.1565
-49.1614
-50.1837
-51.2227
-52.2769
-53.3442
-54.4217
-55.5059
-56.5923
-57.6757
-58.7499
-59.8082
-60.8434
-61.8479
-62.8144
-63.7359
-64.606
-65.4196
-66.1729
-66.8633
-67.4902
-68.054
-68.5568
-69.0015
-69.392
-69.7326
-70.0281
-70.2832
-70.5026
-70.5631
-70.5262
-70.4228
-70.272
-70.0867
-69.8765
-69.6486
-69.4082
-69.1596
-68.9059
-68.6496
-68.3926
-68.1365
-67.8823
-67.631
-67.3832
-67.1396
-66.9004
-66.6661
-66.4368
-66.2126
-65.9937
-65.7802
-65.5719
-65.369
-65.1713
-64.9789
-64.7917
-64.6096
-64.4325
-64.2604
-64.0931
-63.9305
-63.7726
-63.6193
-63.4704
-63.3259
-63.1857
-63.0496
-62.9176
-62.7896
-62.6655
-62.5452
-62.4286
-62.3156
-62.2061
-62.1001
-61.9975
-61.8981
-61.802
-61.709
-61.6191
-61.5321
-61.4481
-61.3669
-61.2886
-61.2129
-61.1399
-61.0695
-61.0016
-60.9362
-60.8733
-60.8127
-60.7544
-60.6983
-60.6445
-60.5928
-60.5433
-60.4958
-60.4503
-60.4068
-60.3652
-60.3255
-60.2877
-60.2516
-60.2173
-60.1848
-60.1539
-60.1247
-60.0971
-60.071
-60.0465
-60.0235
-60.002
-59.982
-59.9633
-59.946
-59.9301
-59.9155
-59.9022
-59.8902
-59.8794
-59.8698
-59.8615
-59.8542
-59.8481
-59.8432
-59.8393
-59.8365
-59.8347
-59.8339
-59.8342
-59.8354
-59.8375
-59.8406
-59.8446
-59.8496
-59.8553
-59.862
-59.8694
-59.8777
-59.8868
-59.8967
-59.9073
-59.9187
-59.9308
-59.9436
-59.9572
-59.9714
-59.9862
-60.0018
-60.0179
-60.0347
-60.0521
-60.0701
-60.0886
-60.1078
-60.1274
-60.1476
-60.1684
-60.1896
-60.2114
-60.2336
-60.2563
-60.2795
-60.3031
-60.3272
-60.3516
-60.3766
-60.4019
-60.4276
-60.4537
-60.4801
-60.507
-60.5342
-60.5617
-60.5895
-60.6177
-60.6462
-60.675
-60.7042
-60.7335
-60.7632
-60.7932
-60.8234
-60.8538
-60.8845
-60.9155
-60.9466
-60.978
-61.0096
-61.0414
-61.0734
-61.1056
-61.138
-61.1706
-61.2033
-61.2362
-61.2692
-61.3024
-61.3357
-61.3692
-61.4028
-61.4365
-61.4704
-61.5043
-61.5384
-61.5726
-61.6068
-61.6412
-61.6756
-61.7101
-61.6251
-61.4682
-61.2624
-61.0216
-60.7553
-60.4704
-60.1724
-59.8652
-59.5519
-59.2351
-58.9166
-58.598
-58.2806
-57.9653
-57.653
-57.3441
-57.0394
-56.739
-56.4435
-56.1531
-55.8678
-55.588
-55.3137
-55.045
-54.7819
-54.5244
-54.2725
-54.0263
-53.7856
-53.5504
-53.3207
-53.0963
-52.8772
-52.6632
-52.4543
-52.2503
-52.0511
-51.8567
-51.6668
-51.4814
-51.3003
-51.1234
-50.9506
-50.7818
-50.6167
-50.4554
-50.2977
-50.1434
-49.9924
-49.8447
-49.7
-49.5584
-49.4196
-49.2836
-49.1503
-49.0196
-48.8913
-48.7654
-48.6417
-48.5203
-48.4009
-48.2836
-48.1682
-48.0546
-47.9428
-47.8327
-47.7243
-47.6173
-47.5119
-47.4078
-47.3051
-47.2037
-47.1034
-47.0044
-46.9064
-46.8094
-46.7134
-46.6183
-46.5241
-46.4307
-46.338
-46.246
-46.1547
-46.0639
-45.9736
-45.8838
-45.7944
-45.7054
-45.6166
-45.5282
-45.4399
-45.3517
-45.2636
-45.1755
-45.0873
-44.999
-44.9106
-44.8219
-44.7328
-44.6434
-44.5535
-44.4631
-44.372
-44.2802
-44.1877
-44.0942
-43.9998
-43.9043
-43.8076
-43.7096
-43.6102
-43.5093
-43.4067
-43.3023
-43.196
-43.0876
-42.9769
-42.8639
-42.7483
-42.6298
-42.5085
-42.3839
-42.2559
-42.1242
-41.9887
-41.8489
-41.7047
-41.5556
-41.4015
-41.2418
-41.0763
-40.9045
-40.726
-40.5403
-40.3469
-40.1452
-39.9347
-39.7148
-39.4847
-39.2437
-38.991
-38.7259
-38.4472
-38.1542
-37.8456
-37.5203
-37.1771
-36.8146
-36.4314
-36.0258
-35.5962
-35.1407
-34.6574
-34.1441
-33.5985
-33.0183
-32.4008
-31.7433
-31.043
-30.2969
-29.5019
-28.6548
-27.7527
-26.7924
-25.7713
-24.6869
-23.5373
-22.3216
-21.0396
-19.6926
-18.284
-16.8187
-15.3046
-13.7522
-12.1748
-10.589
-9.01368
-7.47015
-5.9807
-4.56774
-3.25247
-2.05368
-0.986709
-0.0627423
0.711474
1.33357
1.80514
2.13107
2.31885
2.37771
2.31798
2.15047
1.88596
1.53493
1.10723
0.612036
0.0577201
-0.548127
-1.19869
-1.88787
-2.61024
-3.36098
-4.13583
-4.93098
-5.7431
-6.56922
-7.40671
-8.25326
-9.10681
-9.96555
-10.8279
-11.6924
-12.5579
-13.4232
-14.2874
-15.1497
-16.0094
-16.8659
-17.7185
-18.567
-19.4108
-20.2498
-21.0837
-21.9123
-22.7356
-23.5533
-24.3656
-25.1725
-25.9739
-26.7702
-27.5613
-28.3476
-29.1292
-29.9065
-30.6797
-31.4492
-32.2154
-32.9787
-33.7395
-34.4985
-35.256
-36.0127
-36.7691
-37.5258
-38.2835
-39.0428
-39.8044
-40.569
-41.3373
-42.11
-42.8878
-43.6715
-44.4616
-45.2589
-46.064
-46.8774
-47.6996
-48.5309
-49.3718
-50.2223
-51.0824
-51.9519
-52.8304
-53.7172
-54.6113
-55.5114
-56.4158
-57.3226
-58.2294
-59.1332
-60.031
-60.919
-61.7935
-62.6503
-63.4851
-64.2935
-65.0715
-65.8151
-66.5208
-67.1856
-67.8074
-68.3845
-68.9165
-69.4033
-69.8457
-70.2454
-70.6042
-70.9247
-71.2096
-71.4617
-71.684
-71.8794
-72.0507
-72.2006
-72.3314
-72.4456
-72.545
-72.6317
-72.7072
-72.773
-72.8303
-72.8803
-72.924
-72.9622
-72.9956
-73.025
-73.0507
-73.0733
-73.0933
-73.111
-73.1266
-73.1404
-73.1527
-73.1637
-73.1735
-73.1822
-73.19
-73.1971
-73.2034
-73.2091
-73.2143
-73.2189
-73.2231
-73.2269
-73.2303
-73.2334
-73.2362
-73.2388
-73.2411
-73.2431
-73.2449
-73.2466
-73.248
-73.2493
-73.2504
-73.2513
-73.2521
-73.2528
-73.2533
-73.2537
-73.2539
-73.2541
-73.2541
-73.2539
-73.2537
-73.2534
-73.2529
-73.2524
-73.2517
-73.2509
-73.25
-73.249
-73.2479
-73.2467
-73.2454
-73.244
-73.2425
-73.2409
-73.2392
-73.2374
-73.2355
-73.2335
-73.2313
-73.2291
-73.2268
-73.2244
-73.2219
-73.2193
-73.2166
-73.2138
-73.2109
-73.2079
-73.2048
-73.2015
-73.1982
-73.1948
-73.1913
-73.1877
-73.184
-73.1802
-73.1763
-73.1723
-73.1682
-73.164
-73.1597
-73.1554
-73.1509
-73.1463
-73.1416
-73.1368
-73.1319
-73.1269
-73.1218
-73.1167
-73.1114
-73.106
-73.1005
-73.0949
-73.0893
-73.0835
-73.0776
-73.0717
-73.0656
-73.0595
-73.0532
-73.0468
-73.0404
-73.0338
-73.0272
-73.0205
-73.0136
-73.0067
-72.9997
-72.9926
-72.9853
-72.978
-72.9706
-72.9631
-72.9555
-72.9478
-72.94
-72.9322
-72.9242
-72.9161
-72.908
-72.8997
-72.8914
-72.8829
-72.8744
-72.8658
-72.8571
-72.8483
-72.8394
-72.8304
-72.8213
-72.8122
-72.8029
-72.7936
-72.7841
-72.7746
-72.765
-72.7553
-72.7455
-72.7356
-72.7257
-72.7156
-72.7055
-72.6953
-72.685
-72.6746
-72.6641
-72.6535
-72.6429
-72.6322
-72.6214
-72.6105
-72.5995
-72.5884
-72.5773
-72.5661
-72.5548
-72.5434
-72.5319
-72.5204
-72.5087
-72.497
-72.4852
-72.4734
-72.4614
-72.4494
-72.4373
-72.4252
-72.4129
-72.4006
-72.3882
-72.3757
-72.3632
-72.3506
-72.3379
-72.3251
-72.3123
-72.2993
-72.2864
-72.2733
-72.2602
-72.247
-72.2337
-72.2204
-72.207
-72.1935
-72.18
-72.1664
-72.1527
-72.1389
-72.1251
-72.1113
-72.0973
-72.0833
-72.0692
-72.0551
-72.0409
-72.0267
-72.0123
-71.998
-71.9835
-71.969
-71.9545
-71.9398
-71.9252
-71.9104
-71.8956
-71.8808
-71.8658
-71.8509
-71.8358
-71.8208
-71.8056
-71.7904
-71.7752
-71.7599
-71.7445
-71.7291
-71.7137
-71.6982
-71.6826
-71.667
-71.6513
-71.6356
-71.6199
-71.604
-71.5882
-71.5723
-71.4096
-71.1528
-70.8279
-70.4511
-70.0339
-69.5852
-69.1121
-68.6201
-68.1138
-67.5968
-67.0722
-66.5425
-66.0098
-65.4758
-64.9419
-64.4095
-63.8795
-63.3528
-62.8302
-62.3123
-61.7997
-61.2928
-60.792
-60.2975
-59.8098
-59.3289
-58.855
-58.3882
-57.9286
-57.4762
-57.031
-56.5928
-56.1617
-55.7375
-55.3201
-54.9091
-54.5046
-54.1061
-53.7134
-53.3262
-52.9442
-52.567
-52.1943
-51.8255
-51.4603
-51.0981
-50.7386
-50.381
-50.025
-49.6699
-49.315
-48.9598
-48.6034
-48.2453
-47.8845
-47.5203
-47.1517
-46.7779
-46.3979
-46.0105
-45.6147
-45.2092
-44.7926
-44.3636
-43.9205
-43.4618
-42.9855
-42.4896
-41.9719
-41.43
-40.8612
-40.2626
-39.6309
-38.9625
-38.2534
-37.4993
-36.6953
-35.8359
-34.9153
-33.9268
-32.8634
-31.717
-30.4793
-29.1411
-27.6927
-26.1242
-24.4252
-22.5857
-20.5967
-18.4502
-16.1409
-13.667
-11.0314
-8.24361
-5.3207
-2.28872
0.816876
3.95149
7.06279
10.0931
12.9831
15.6758
18.1208
20.2787
22.1233
23.6436
24.8427
25.7363
26.3492
26.7116
26.856
26.8142
26.6156
26.286
25.8475
25.3187
24.7146
24.0475
23.3274
22.5624
21.7591
20.9231
20.0589
19.1705
18.2612
17.3341
16.3917
15.4363
14.4701
13.4947
12.5121
11.5236
10.5307
9.53461
8.53653
7.53749
6.53843
5.54023
4.54364
3.54939
2.55809
1.57031
0.586559
-0.392718
-1.36713
-2.33632
-3.3
-4.25789
-5.20979
-6.15551
-7.09488
-8.02778
-8.95413
-9.87384
-10.7869
-11.6932
-12.5929
-13.4859
-14.3722
-15.252
-16.1252
-16.9921
-17.8526
-18.707
-19.5554
-20.3979
-21.2348
-22.0662
-22.8925
-23.7137
-24.5303
-25.3426
-26.1508
-26.9553
-27.7566
-28.555
-29.3511
-30.1453
-30.9382
-31.7303
-32.5223
-33.3148
-34.1085
-34.9042
-35.7026
-36.5045
-37.3108
-38.1224
-38.9403
-39.7652
-40.5983
-41.4404
-42.2925
-43.1556
-44.0305
-44.9182
-45.8192
-46.7344
-47.6641
-48.6087
-49.568
-50.542
-51.5298
-52.5305
-53.5423
-54.5633
-55.5905
-56.6206
-57.6495
-58.6724
-59.6841
-60.6787
-61.65
-62.5919
-63.498
-64.3625
-65.1803
-65.9471
-66.6596
-67.3157
-67.9147
-68.457
-68.944
-69.3782
-69.7626
-70.1009
-70.3971
-70.6551
-70.8791
-71.0729
-71.2402
-71.3843
-71.5083
-71.6149
-71.7066
-71.7856
-71.8535
-71.9122
-71.9629
-72.0069
-72.0451
-72.0784
-72.1076
-72.1332
-72.1558
-72.1758
-72.1937
-72.2097
-72.2241
-72.2371
-72.2489
-72.2598
-72.2698
-72.279
-72.2875
-72.2955
-72.303
-72.3101
-72.3168
-72.3231
-72.3292
-72.335
-72.3405
-72.3459
-72.351
-72.356
-72.3608
-72.3654
-72.3699
-72.3743
-72.3785
-72.3827
-72.3867
-72.3906
-72.3944
-72.3981
-72.4017
-72.4053
-72.4087
-72.412
-72.4153
-72.4185
-72.4215
-72.4245
-72.4274
-72.4303
-72.433
-72.4357
-72.4382
-72.4407
-72.4431
-72.4454
-72.4477
-72.4498
-72.4519
-72.4538
-72.4557
-72.4575
-72.4593
-72.4609
-72.4624
-72.4639
-72.4652
-72.4665
-72.4677
-72.4688
-72.4698
-72.4707
-72.4716
-72.4723
-72.473
-72.4735
-72.474
-72.4744
-72.4746
-72.4748
-72.4749
-72.4749
-72.4749
-72.4747
-72.4744
-72.474
-72.4736
-72.473
-72.4723
-72.4716
-72.4708
-72.4698
-72.4688
-72.4676
-72.4664
-72.4651
-72.4637
-72.4622
-72.4605
-72.4588
-72.457
-72.4551
-72.4531
-72.451
-72.4488
-72.4465
-72.4442
-72.4417
-72.4391
-72.4364
-72.4336
-72.4307
-72.4278
-72.4247
-72.4215
-72.4183
-72.4149
-72.4114
-72.4079
-72.4042
-72.4005
-72.3966
-72.3927
-72.3886
-72.3845
-72.2357
-71.9973
-71.6961
-71.3489
-70.9675
-70.5605
-70.1348
-69.6957
-69.111
-68.4394
-67.7109
-66.945
-66.1554
-65.3523
-64.5438
-63.7359
-62.9333
-62.1397
-61.3579
-60.59
-59.8377
-59.1022
-58.3843
-57.6845
-57.0033
-56.3408
-55.697
-55.0718
-54.465
-53.8761
-53.305
-52.751
-52.2137
-51.6924
-51.1866
-50.6957
-50.2189
-49.7556
-49.3051
-48.8665
-48.4393
-48.0226
-47.6157
-47.2179
-46.8283
-46.4462
-46.071
-45.7017
-45.3378
-44.9784
-44.6228
-44.2704
-43.9203
-43.572
-43.2246
-42.8774
-42.5299
-42.1811
-41.8306
-41.4775
-41.1211
-40.7607
-40.3956
-40.0251
-39.6483
-39.2645
-38.8729
-38.4727
-38.063
-37.643
-37.2118
-36.7683
-36.3117
-35.8409
-35.3549
-34.8526
-34.3329
-33.7946
-33.2365
-32.6574
-32.0561
-31.4311
-30.7813
-30.1054
-29.4019
-28.6697
-27.9076
-27.1143
-26.2887
-25.4299
-24.5371
-23.6096
-22.6471
-21.6493
-20.6164
-19.549
-18.4479
-17.3145
-16.1505
-14.9582
-13.7403
-12.5001
-11.2414
-9.96848
-8.68603
-7.39937
-6.11422
-4.83683
-3.57399
-2.33306
-1.12209
0.0501987
1.17435
2.24022
3.23721
4.1545
4.98157
5.70874
6.32782
6.83267
7.21965
7.4878
7.63882
7.67684
7.60791
7.43957
7.18022
6.83871
6.42386
5.94419
5.40771
4.82179
4.19309
3.52759
2.83057
2.10671
1.36012
0.594412
-0.187248
-0.982084
-1.78765
-2.60182
-3.42268
-4.24858
-5.07804
-5.90978
-6.74265
-7.57564
-8.40785
-9.23851
-10.0669
-10.8925
-11.7147
-12.533
-13.3471
-14.1567
-14.9613
-15.7609
-16.5552
-17.344
-18.1272
-18.9048
-19.6766
-20.4427
-21.2031
-21.9577
-22.7066
-23.45
-24.1879
-24.9204
-25.6478
-26.3701
-27.0435
-27.6887
-28.3149
-28.9267
-29.5273
-30.1184
-30.7016
-31.2777
-31.8477
-32.4121
-32.9716
-33.5268
-34.0781
-34.626
-35.1711
-35.7139
-36.2548
-36.7944
-37.333
-37.8713
-38.4097
-38.9487
-39.4888
-40.0306
-40.5743
-41.1207
-41.67
-42.2227
-42.7791
-43.3397
-43.9046
-44.4741
-45.0483
-45.6271
-46.2104
-46.798
-47.3892
-47.9835
-48.58
-49.1774
-49.7744
-50.3692
-50.9598
-51.5442
-52.1198
-52.6841
-53.2343
-53.7678
-54.2818
-54.774
-55.2421
-55.6843
-56.099
-56.4853
-56.8427
-57.171
-57.4707
-57.7426
-57.9877
-58.2075
-58.4036
-58.5776
-58.7314
-58.8667
-58.9853
-59.089
-59.1794
-59.258
-59.3262
-59.3854
-59.4366
-59.4809
-59.5193
-59.5527
-59.5817
-59.607
-59.6292
-59.6489
-59.6663
-59.682
-59.6963
-59.7093
-59.7215
-59.733
-59.744
-59.7547
-59.7651
-59.7754
-59.7858
-59.7963
-59.8069
-59.8177
-59.8289
-59.8404
-59.8522
-59.8644
-59.8771
-59.8902
-59.9038
-59.9178
-59.9323
-59.9473
-59.9628
-59.9788
-59.9953
-60.0122
-60.0297
-60.0477
-60.0661
-60.0851
-60.1045
-60.1243
-60.1447
-60.1655
-60.1868
-60.2085
-60.2306
-60.2532
-60.2761
-60.2995
-60.3233
-60.3475
-60.3721
-60.3971
-60.4224
-60.4481
-60.4742
-60.5005
-60.5273
-60.5543
-60.5817
-60.6094
-60.6374
-60.6657
-60.6943
-60.7232
-60.7523
-60.7817
-60.8114
-60.8413
-60.8714
-60.9018
-60.9324
-60.9633
-60.9943
-61.0256
-61.057
-61.0887
-61.1205
-61.1526
-61.1848
-61.2171
-61.2497
-61.2823
-61.3152
-61.3482
-61.3813
-61.4145
-61.4479
-61.4814
-61.515
-61.5487
-61.5825
-61.6165
-61.6505
-61.6846
-61.7188
-61.753
-61.7874
-61.8218
-61.8563
-61.8908
-61.9254
-61.9601
-61.9948
-62.0295
-62.0643
-62.0991
-62.1339
-62.1688
-62.2037
-62.2386
-62.2735
-62.3085
-62.3434
-62.3783
-62.4133
-62.4482
-62.4832
-62.5181
-62.553
-62.5879
-62.6228
-62.6577
-62.6925
-62.7273
-62.7621
-62.7968
-62.8315
-62.8661
-62.9007
-62.9353
-62.9698
-63.0043
-63.0387
-63.0731
-63.1074
-63.1416
-63.1758
-63.2099
-63.244
-63.2779
-63.3118
-63.3457
-63.3794
-63.4131
-63.4467
-63.4802
-63.5136
-63.547
-63.5802
-63.6134
-63.6465
-63.6794
-63.7123
-63.7451
-63.7778
-63.8104
-63.8429
-63.8753
-63.9075
-63.9397
-63.9718
-64.0037
-64.0356
-64.0673
-64.099
-64.1305
-64.1619
-64.1932
-64.2243
-64.2554
-64.2863
-64.3171
-64.3478
-64.3783
-64.4088
-64.4391
-64.4693
-64.4993
-64.5293
-64.5591
-64.5887
-64.6183
-64.6477
-64.677
-64.7061
-64.7351
-64.764
-64.7927
-64.8214
-64.8498
-64.8782
-64.9063
-64.9344
-64.9623
-64.9901
-65.0177
-65.0452
-65.0726
-65.0998
-65.1269
-65.1538
-65.1806
-65.2072
-65.2337
-65.2601
-65.2863
-65.3123
-65.3382
-65.364
-65.3896
-65.4151
-65.4404
-65.4656
-65.4906
-65.5155
-65.5403
-65.5649
-65.5893
-65.6136
-65.6377
-65.6617
-65.6856
-65.7093
-65.7328
-65.7562
-65.7794
-65.8025
-65.8255
-65.8483
-65.8709
-65.8934
-65.9157
-65.9379
-65.9599
-65.9818
-66.0036
-66.0251
-66.0466
-66.0679
-66.089
-66.11
-66.1308
-66.1515
-66.172
-66.1924
-66.2126
-66.2327
-66.2526
-66.2724
-66.292
-66.3115
-66.3308
-66.35
-66.369
-66.3879
-66.4066
-66.4252
-66.4436
-66.4619
-66.4801
-66.498
-66.5159
-66.5336
-66.5511
-66.5685
-66.5857
-66.6028
-66.6198
-66.6366
-66.6532
-66.6697
-66.6861
-66.7023
-66.7184
-66.7343
-66.7501
-66.7657
-66.7812
-66.7965
-66.8117
-66.8268
-66.8417
-66.8565
-66.8711
-66.8856
-66.8999
-66.9141
-66.9282
-66.9421
-66.9558
-66.9695
-66.983
-66.9963
-67.0095
-67.0226
-67.0356
-67.0484
-67.061
-67.0735
-66.9499
-66.7398
-66.4679
-66.1491
-65.7943
-65.4116
-65.0074
-64.5868
-64.1539
-63.7118
-63.2634
-62.8107
-62.3556
-61.8997
-61.444
-60.9898
-60.5378
-60.0887
-59.6433
-59.202
-58.7652
-58.3333
-57.9066
-57.4853
-57.0696
-56.6597
-56.2555
-55.8572
-55.4647
-55.0781
-54.6973
-54.3221
-53.9525
-53.5884
-53.2295
-52.8756
-52.5266
-52.1821
-51.842
-51.5058
-51.1734
-50.8444
-50.5183
-50.1949
-49.8737

