-65
-64.9994
-64.9988
-64.9982
-64.9977
-64.9971
-64.9965
-64.996
-64.9954
-64.9949
-64.9943
-64.9938
-64.9932
-64.9927
-64.9922
-64.9917
-64.9912
-64.9906
-64.9901
-64.9896
-64.9891
-64.9886
-64.9881
-64.9876
-64.9872
-64.9867
-64.9862
-64.9857
-64.9852
-64.9848
-64.9843
-64.9838
-64.9834
-64.9829
-64.9825
-64.982
-64.9816
-64.9811
-64.9807
-64.9802
-64.9798
-64.9794
-64.9789
-64.9785
-64.9781
-64.9777
-64.9772
-64.9768
-64.9764
-64.976
-64.9756
-64.9752
-64.9748
-64.9744
-64.974
-64.9736
-64.9732
-64.9728
-64.9725
-64.9721
-64.9717
-64.9713
-64.971
-64.9706
-64.9702
-64.9699
-64.9695
-64.9692
-64.9688
-64.9685
-64.9681
-64.9678
-64.9675
-64.9671
-64.9668
-64.9665
-64.9661
-64.9658
-64.9655
-64.9652
-64.9649
-64.9646
-64.9642
-64.9639
-64.9636
-64.9633
-64.963
-64.9628
-64.9625
-64.9622
-64.9619
-64.9616
-64.9613
-64.9611
-64.9608
-64.9605
-64.9603
-64.96
-64.9598
-64.9595
-64.9592
-64.959
-64.9588
-64.9585
-64.9583
-64.958
-64.9578
-64.9576
-64.9573
-64.9571
-64.9569
-64.9567
-64.9565
-64.9562
-64.956
-64.9558
-64.9556
-64.9554
-64.9552
-64.955
-64.9548
-64.9546
-64.9545
-64.9543
-64.9541
-64.9539
-64.9537
-64.9536
-64.9534
-64.9532
-64.9531
-64.9529
-64.9527
-64.9526
-64.9524
-64.9523
-64.9521
-64.952
-64.9519
-64.9517
-64.9516
-64.9514
-64.9513
-64.9512
-64.9511
-64.9509
-64.9508
-64.9507
-64.9506
-64.9505
-64.9504
-64.9503
-64.9502
-64.95
-64.9499
-64.9499
-64.9498
-64.9497
-64.9496
-64.9495
-64.9494
-64.9493
-64.9492
-64.9492
-64.9491
-64.949
-64.9489
-64.9489
-64.9488
-64.9487
-64.9487
-64.9486
-64.9486
-64.9485
-64.9485
-64.9484
-64.9484
-64.9483
-64.9483
-64.9482
-64.9482
-64.9482
-64.9481
-64.9481
-64.9481
-64.948
-64.948
-64.948
-64.948
-64.948
-64.9479
-64.9479
-64.9479
-64.9479
-64.9479
-64.9479
-64.9479
-64.9479
-64.9479
-64.9479
-64.9479
-64.9479
-64.9479
-64.9479
-64.9479
-64.9479
-64.9479
-64.9479
-64.948
-64.948
-64.948
-64.948
-64.9481
-64.9481
-64.9481
-64.9481
-64.9482
-64.9482
-64.9482
-64.9483
-64.9483
-64.9483
-64.9484
-64.9484
-64.9485
-64.9485
-64.9486
-64.9486
-64.9487
-64.9487
-64.9488
-64.9488
-64.9489
-64.9489
-64.949
-64.9491
-64.9491
-64.9492
-64.9492
-64.9493
-64.9494
-64.9494
-64.9495
-64.9496
-64.9497
-64.9497
-64.9498
-64.9499
-64.95
-64.95
-64.9501
-64.9502
-64.9503
-64.9504
-64.9504
-64.9505
-64.9506
-64.9507
-64.9508
-64.9509
-64.951
-64.951
-64.9511
-64.9512
-64.9513
-64.9514
-64.9515
-64.9516
-64.9517
-64.9518
-64.9519
-64.952
-64.9521
-64.9522
-64.9523
-64.9524
-64.9525
-64.9526
-64.9527
-64.9528
-64.9529
-64.953
-64.9532
-64.9533
-64.9534
-64.9535
-64.9536
-64.9537
-64.9538
-64.9539
-64.954
-64.9542
-64.9543
-64.9544
-64.9545
-64.9546
-64.9547
-64.9548
-64.955
-64.9551
-64.9552
-64.9553
-64.9554
-64.9556
-64.9557
-64.9558
-64.9559
-64.956
-64.9562
-64.9563
-64.9564
-64.9565
-64.9566
-64.9568
-64.9569
-64.957
-64.9571
-64.9573
-64.9574
-64.9575
-64.9576
-64.9578
-64.9579
-64.958
-64.9581
-64.9583
-64.9584
-64.9585
-64.9587
-64.9588
-64.9589
-64.959
-64.9592
-64.9593
-64.9594
-64.9595
-64.9597
-64.9598
-64.9599
-64.96
-64.9602
-64.9603
-64.9604
-64.9606
-64.9607
-64.9608
-64.9609
-64.9611
-64.8266
-64.6046
-64.3181
-63.9817
-63.6055
-63.1976
-62.7642
-62.3103
-61.84
-61.3567
-60.8629
-60.361
-59.8528
-59.3397
-58.8229
-58.3034
-57.7821
-57.2595
-56.7361
-56.2122
-55.6881
-55.1638
-54.6393
-54.1145
-53.5891
-53.0628
-52.5352
-52.0057
-51.4736
-50.9382
-50.3984
-49.8533
-49.3015
-48.7416
-48.1722
-47.5914
-46.9971
-46.3872
-45.759
-45.1096
-44.4358
-43.7339
-42.9998
-42.2287
-41.4152
-40.5533
-39.6359
-38.6553
-37.6022
-36.4663
-35.2358
-33.8972
-32.4353
-30.8328
-29.0702
-27.1264
-24.9782
-22.6013
-19.9714
-17.0661
-13.8674
-10.3662
-6.56689
-2.49376
1.80375
6.24758
10.7321
15.1307
19.3088
23.14
26.5225
29.3911
31.7223
33.5311
34.8623
35.7789
36.3504
36.6435
36.7172
36.62
36.3901
36.0562
35.6396
35.1558
34.6161
34.0288
33.4002
32.7349
32.0368
31.3091
30.5542
29.7746
28.9724
28.1493
27.3073
26.4478
25.5726
24.683
23.7804
22.8663
21.9417
21.0081
20.0663
19.1177
18.1631
17.2036
16.24
15.2732
14.304
13.3332
12.3615
11.3895
10.4179
9.44712
8.47782
7.51044
6.54541
5.58316
4.62404
3.6684
2.71653
1.76872
0.82519
-0.113827
-1.04814
-1.9776
-2.90205
-3.82137
-4.73548
-5.64428
-6.54772
-7.44575
-8.33834
-9.22548
-10.1072
-10.9834
-11.8543
-12.7198
-13.58
-14.435
-15.2848
-16.1297
-16.9695
-17.8046
-18.6351
-19.4611
-20.2827
-21.1003
-21.914
-22.7241
-23.5308
-24.3344
-25.1354
-25.934
-26.7306
-27.5256
-28.3196
-29.113
-29.9064
-30.7003
-31.4955
-32.2926
-33.0923
-33.8954
-34.7028
-35.5153
-36.3339
-37.1595
-37.9933
-38.8362
-39.6893
-40.5538
-41.4308
-42.3213
-43.2265
-44.1474
-45.0848
-46.0396
-47.0123
-48.0033
-49.0126
-50.0398
-51.0841
-52.1441
-53.2176
-54.3018
-55.3932
-56.4872
-57.5785
-58.6608
-59.7275
-60.771
-61.7838
-62.7583
-63.6873
-64.5644
-65.3844
-66.1433
-66.8386
-67.4695
-68.0367
-68.5421
-68.9887
-69.3806
-69.7222
-70.0183
-70.2736
-70.493
-70.6808
-70.8413
-70.9782
-71.095
-71.1945
-71.2793
-71.3518
-71.4138
-71.467
-71.5127
-71.5523
-71.5865
-71.6164
-71.6426
-71.6656
-71.686
-71.7042
-71.7205
-71.7353
-71.7487
-71.761
-71.7724
-71.7829
-71.7927
-71.8019
-71.8106
-71.8189
-71.8268
-71.8344
-71.8416
-71.8487
-71.8555
-71.8621
-71.8685
-71.8748
-71.8809
-71.8869
-71.8928
-71.8986
-71.9043
-71.9098
-71.9153
-71.9207
-71.9261
-71.9313
-71.9365
-71.9416
-71.9466
-71.9516
-71.9564
-71.9613
-71.966
-71.9707
-71.9753
-71.9798
-71.9843
-71.9887
-71.993
-71.9973
-72.0014
-72.0056
-72.0096
-72.0136
-72.0175
-72.0213
-72.0251
-72.0287
-72.0323
-72.0359
-72.0393
-72.0427
-72.046
-72.0492
-72.0523
-72.0554
-72.0584
-72.0613
-72.0641
-72.0668
-72.0695
-72.0721
-72.0745
-72.0769
-72.0793
-72.0815
-72.0836
-72.0857
-72.0877
-72.0895
-72.0913
-72.093
-72.0947
-72.0962
-72.0976
-72.099
-72.1002
-72.1014
-72.1025
-72.1035
-72.1044
-72.1052
-72.1059
-72.1065
-72.107
-72.1074
-72.1078
-72.108
-72.1082
-72.1082
-72.1082
-72.108
-72.1078
-72.1075
-72.107
-72.1065
-72.1059
-72.1052
-72.1044
-72.1035
-72.1025
-72.1014
-72.1002
-72.0989
-72.0975
-72.096
-72.0944
-72.0928
-72.091
-72.0891
-72.0871
-72.0851
-72.0829
-72.0806
-72.0783
-72.0758
-72.0733
-72.0706
-72.0679
-72.065
-72.0621
-72.059
-72.0559
-72.0527
-72.0493
-72.0459
-72.0424
-72.0388
-72.035
-72.0312
-72.0273
-72.0233
-72.0192
-72.015
-72.0107
-72.0063
-72.0019
-71.9973
-71.9926
-71.9878
-71.983
-71.978
-71.973
-71.9678
-71.9626
-71.9573
-71.9518
-71.9463
-71.9407
-71.935
-71.9292
-71.9233
-71.9174
-71.9113
-71.9051
-71.8989
-71.8925
-71.8861
-71.8796
-71.873
-71.8663
-71.8595
-71.8526
-71.8456
-71.8386
-71.8314
-71.8242
-71.8169
-71.8095
-71.802
-71.7944
-71.7868
-71.779
-71.7712
-71.7633
-71.7553
-71.7472
-71.739
-71.7307
-71.7224
-71.714
-71.7055
-71.6969
-71.6882
-71.6795
-71.6707
-71.6618
-71.6528
-71.6437
-71.6346
-71.6254
-71.616
-71.6067
-71.5972
-71.5877
-71.5781
-71.5684
-71.5586
-71.5488
-71.5389
-71.5289
-71.5188
-71.5087
-71.4985
-71.4882
-71.4779
-71.4674
-71.4569
-71.4464
-71.4357
-71.425
-71.4142
-71.4034
-71.3925
-71.3815
-71.3704
-71.3593
-71.3481
-71.3369
-71.3256
-71.3142
-71.3027
-71.2912
-71.2797
-71.268
-71.2563
-71.2445
-71.2327
-71.2208
-71.2089
-71.1969
-71.1848
-71.1726
-71.1605
-71.1482
-71.1359
-71.1235
-71.1111
-71.0986
-71.0861
-71.0735
-71.0608
-71.0481
-71.0354
-71.0225
-71.0097
-70.9967
-70.9838
-70.9707
-70.9577
-70.9445
-70.9314
-70.9181
-70.9048
-70.8915
-70.8781
-70.8647
-70.8512
-70.8377
-70.8241
-70.8105
-70.7968
-70.7831
-70.7694
-70.7556
-70.7417
-70.7278
-70.7139
-70.6999
-70.6859
-70.6719
-70.6578
-70.6436
-70.6294
-70.6152
-70.601
-70.5867
-70.5723
-70.558
-70.5436
-70.5291
-70.5146
-70.5001
-70.4855
-70.4709
-70.4563
-70.4417
-70.427
-70.4122
-70.3975
-70.3827
-70.3679
-70.353
-70.3381
-70.3232
-70.3083
-70.2933
-70.2783
-70.2632
-70.2482
-70.2331
-70.218
-70.2028
-70.1876
-70.1724
-70.1572
-70.142
-70.1267
-70.1114
-70.0961
-70.0807
-70.0654
-70.05
-70.0346
-70.0191
-70.0037
-69.9882
-69.9727
-69.9572
-69.9417
-69.9261
-69.9105
-69.895
-69.8793
-69.8637
-69.8481
-69.8324
-69.8167
-69.8011
-69.7854
-69.7696
-69.7539
-69.7382
-69.7224
-69.7066
-69.6908
-69.675
-69.6592
-69.6434
-69.6276
-69.6117
-69.5959
-69.58
-69.5641
-69.5482
-69.5323
-69.5164
-69.5005
-69.4846
-69.4687
-69.4528
-69.4368
-69.4209
-69.4049
-69.389
-69.373
-69.357
-69.3411
-69.3251
-69.3091
-69.2932
-69.2772
-69.2612
-69.2452
-69.2292
-69.2132
-69.1972
-69.1812
-69.1652
-69.1492
-69.1333
-69.1173
-69.1013
-69.0853
-69.0693
-69.0533
-69.0373
-69.0213
-69.0054
-68.9894
-68.9734
-68.9574
-68.9415
-68.9255
-68.9096
-68.8936
-68.8777
-68.8617
-68.8458
-68.8299
-68.814
-68.7981
-68.7821
-68.7663
-68.7504
-68.7345
-68.7186
-68.7027
-68.6869
-68.671
-68.6552
-68.6394
-68.6236
-68.6078
-68.592
-68.5762
-68.5604
-68.5446
-68.5289
-68.5132
-68.4974
-68.4817
-68.466
-68.4503
-68.4347
-68.419
-68.4034
-68.3877
-68.3721
-68.3565
-68.3409
-68.3254
-68.3098
-68.2943
-68.2787
-68.2632
-68.2477
-68.2323
-68.2168
-68.2014
-68.1859
-68.1705
-68.1551
-68.1398
-68.1244
-68.1091
-68.0938
-68.0785
-68.0632
-68.0479
-68.0327
-68.0175
-68.0023
-67.9871
-67.9719
-67.9568
-67.9417
-67.9266
-67.9115
-67.8965
-67.8814
-67.8664
-67.8514
-67.8365
-67.8215
-67.8066
-67.7917
-67.7768
-67.762
-67.7471
-67.7323
-67.7175
-67.7028
-67.688
-67.6733
-67.6586
-67.644
-67.6293
-67.6147
-67.6001
-67.5856
-67.571
-67.5565
-67.542
-67.5276
-67.5131
-67.4987
-67.4843
-67.47
-67.4557
-67.4414
-67.4271
-67.4128
-67.3986
-67.3844
-67.3703
-67.3561
-67.342
-67.3279
-67.3139
-67.2999
-67.2859
-67.2719
-67.2579
-67.244
-67.2301
-67.2163
-67.2025
-67.1887
-67.1749
-67.1612
-67.1474
-67.1338
-67.1201
-67.1065
-67.0929
-67.0793
-67.0658
-67.0523
-67.0389
-67.0254
-67.012
-66.9986
-66.9853
-66.972
-66.9587
-66.9455
-66.9323
-66.9191
-66.9059
-66.8928
-66.8797
-66.8667
-66.8537
-66.8407
-66.8277
-66.8148
-66.8019
-66.789
-66.7762
-66.7634
-66.7507
-66.7379
-66.7252
-66.7126
-66.6999
-66.6873
-66.6748
-66.6622
-66.6498
-66.6373
-66.6249
-66.6125
-66.6001
-66.5878
-66.5755
-66.5632
-66.551
-66.5388
-66.5267
-66.5146
-66.5025
-66.4905
-66.4785
-66.4665
-66.4546
-66.4427
-66.4308
-66.419
-66.4072
-66.3954
-66.3837
-66.372
-66.3604
-66.3487
-66.3372
-66.3256
-66.3141
-66.3026
-66.2912
-66.2798
-66.2684
-66.2571
-66.2458
-66.2346
-66.2233
-66.2122
-66.201
-66.1899
-66.1788
-66.1678
-66.1568
-66.1459
-66.1349
-66.124
-66.1132
-66.1024
-66.0916
-66.0809
-66.0702
-66.0595
-66.0489
-66.0383
-66.0278
-66.0173
-66.0068
-65.9964
-65.986
-65.9757
-65.9654
-65.9551
-65.9449
-65.9347
-65.9245
-65.9144
-65.9043
-65.8943
-65.8843
-65.8743
-65.8644
-65.8545
-65.8447
-65.8348
-65.8251
-65.8153
-65.8056
-65.796
-65.7864
-65.7768
-65.7673
-65.7578
-65.7483
-65.7389
-65.7295
-65.7202
-65.7109
-65.7016
-65.6924
-65.6832
-65.674
-65.6649
-65.6559
-65.6468
-65.6379
-65.6289
-65.62
-65.6111
-65.6023
-65.5935
-65.5848
-65.5761
-65.5674
-65.5588
-65.5502
-65.5417
-65.3974
-65.1648
-64.8673
-64.5194
-64.1316
-63.7118
-63.2666
-62.8008
-62.3187
-61.8236
-61.3182
-60.8049
-60.2853
-59.7612
-59.2336
-58.7037
-58.1722
-57.6398
-57.1069
-56.574
-56.0412
-55.5087
-54.9765
-54.4445
-53.9125
-53.3803
-52.8474
-52.3132
-51.7773
-51.2387
-50.6967
-50.1503
-49.5982
-49.0392
-48.4718
-47.8942
-47.3046
-46.7008
-46.0804
-45.4407
-44.7786
-44.0907
-43.373
-42.6211
-41.8299
-40.9939
-40.1063
-39.16
-38.1463
-37.0556
-35.8768
-34.5974
-33.2029
-31.6771
-30.0017
-28.1563
-26.1185
-23.8644
-21.3693
-18.6091
-15.5626
-12.2151
-8.5627
-4.61792
-0.416127
3.97985
8.47783
12.9597
17.291
21.3367
24.9777
28.127
30.7388
32.8095
34.3715
35.4819
36.2099
36.6261
36.7948
36.7704
36.5964
36.3061
35.924
35.4683
34.952
34.3846
33.7733
33.1232
32.4386
31.7228
30.9788
30.2088
29.4151
28.5996
27.7642
26.9106
26.0403
25.155
24.2559
23.3445
22.422
21.4898
20.549
19.6007
18.646
17.6858
16.7211
15.7529
14.7819
13.8089
12.8347
11.8599
10.8852
9.91127
8.93853
7.96754
6.99876
6.03263
5.06953
4.10983
3.15383
2.20184
1.25412
0.31088
-0.627656
-1.56132
-2.48994
-3.41341
-4.3316
-5.24444
-6.15185
-7.05377
-7.95017
-8.84103
-9.72634
-10.6061
-11.4804
-12.3492
-13.2125
-14.0706
-14.9233
-15.7709
-16.6133
-17.4509
-18.2836
-19.1117
-19.9352
-20.7545
-21.5697
-22.3811
-23.1889
-23.9933
-24.7948
-25.5937
-26.3902
-27.1849
-27.9782
-28.7705
-29.5624
-30.3545
-31.1473
-31.9415
-32.7378
-33.537
-34.3399
-35.1473
-35.9601
-36.7792
-37.6058
-38.4406
-39.285
-40.1398
-41.0063
-41.8856
-42.7786
-43.6865
-44.6101
-45.5504
-46.508
-47.4835
-48.477
-49.4883
-50.517
-51.5621
-52.6217
-53.6937
-54.7749
-55.8614
-56.9486
-58.0308
-59.1017
-60.1543
-61.1813
-62.1751
-63.1283
-64.0343
-64.8869
-65.6814
-66.4143
-67.0839
-67.6898
-68.233
-68.7159
-69.1419
-69.515
-69.8397
-70.1208
-70.363
-70.571
-70.7491
-70.9012
-71.031
-71.1417
-71.2361
-71.3167
-71.3856
-71.4446
-71.4953
-71.539
-71.5768
-71.6096
-71.6382
-71.6634
-71.6856
-71.7053
-71.7229
-71.7387
-71.7531
-71.7661
-71.7781
-71.7892
-71.7995
-71.8092
-71.8182
-71.8268
-71.835
-71.8428
-71.8503
-71.8575
-71.8644
-71.8711
-71.8777
-71.8841
-71.8903
-71.8964
-71.9024
-71.9082
-71.9139
-71.9196
-71.9251
-71.9306
-71.936
-71.9412
-71.9465
-71.9516
-71.9566
-71.9616
-71.9665
-71.9714
-71.9762
-71.9809
-71.9855
-71.9901
-71.9946
-71.999
-72.0033
-72.0076
-72.0118
-72.016
-72.0201
-72.024
-72.028
-72.0318
-72.0356
-72.0393
-72.0429
-72.0465
-72.05
-72.0534
-72.0567
-72.0599
-72.0631
-72.0662
-72.0692
-72.0721
-72.0749
-72.0777
-72.0804
-72.083
-72.0855
-72.0879
-72.0902
-72.0925
-72.0947
-72.0967
-72.0987
-72.1006
-72.1025
-72.1042
-72.1058
-72.1074
-72.1088
-72.1102
-72.1115
-72.1127
-72.1138
-72.1148
-72.1157
-72.1165
-72.1173
-72.1179
-72.1184
-72.1189
-72.1193
-72.1195
-72.1197
-72.1198
-72.1197
-72.1196
-72.1194
-72.1191
-72.1187
-72.1182
-72.1176
-72.1169
-72.1161
-72.1152
-72.1143
-72.1132
-72.112
-72.1107
-72.1094
-72.1079
-72.1063
-72.1047
-72.1029
-72.1011
-72.0991
-72.0971
-72.0949
-72.0927
-72.0903
-72.0879
-72.0854
-72.0827
-72.08
-72.0772
-72.0742
-72.0712
-72.0681
-72.0649
-72.0616
-72.0581
-72.0546
-72.051
-72.0473
-72.0435
-72.0396
-72.0357
-72.0316
-72.0274
-72.0231
-72.0187
-72.0143
-72.0097
-72.005
-72.0003
-71.9954
-71.9905
-71.9855
-71.9803
-71.9751
-71.9698
-71.9644
-71.9589
-71.9533
-71.9476
-71.9418
-71.9359
-71.93
-71.9239
-71.9178
-71.9115
-71.9052
-71.8988
-71.8923
-71.8857
-71.879
-71.8722
-71.8653
-71.8584
-71.8513
-71.8442
-71.837
-71.8296
-71.8223
-71.8148
-71.8072
-71.7995
-71.7918
-71.784
-71.7761
-71.7681
-71.76
-71.7518
-71.7436
-71.7352
-71.7268
-71.7183
-71.7098
-71.7011
-71.6924
-71.6835
-71.6746
-71.6657
-71.6566
-71.6475
-71.6382
-71.6289
-71.6196
-71.6101
-71.6006
-71.591
-71.5813
-71.5715
-71.5617
-71.5518
-71.5418
-71.5317
-71.5216
-71.5114
-71.5011
-71.4908
-71.4803
-71.4698
-71.4593
-71.4486
-71.4379
-71.4271
-71.4163
-71.4054
-71.3944
-71.3833
-71.3722
-71.361
-71.3498
-71.1929
-70.9431
-70.6266
-70.2594
-69.8531
-69.4166
-68.9568
-68.4791
-67.9882
-67.4874
-66.98
-66.4682
-65.954
-65.4393
-64.9253
-64.4133
-63.9042
-63.399
-62.8982
-62.4025
-61.9125
-61.4285
-60.9509
-60.4799
-60.0159
-59.5591
-59.1094
-58.6671
-58.2321
-57.8046
-57.3844
-56.9716
-56.566
-56.1676
-55.7762
-55.3916
-55.0137
-54.6423
-54.277
-53.9178
-53.5642
-53.216
-52.8728
-52.5344
-52.2004
-51.8704
-51.544
-51.2208
-50.9004
-50.5823
-50.2661
-49.9513
-49.6374
-49.3238
-49.01
-48.6954
-48.3794
-48.0614
-47.7408
-47.4167
-47.0886
-46.7555
-46.4167
-46.0712
-45.7183
-45.3567
-44.9855
-44.6035
-44.2094
-43.8019
-43.3795
-42.9405
-42.4833
-42.0059
-41.5062
-40.9819
-40.4305
-39.8491
-39.2347
-38.5839
-37.8929
-37.1576
-36.3734
-35.5353
-34.6378
-33.6747
-32.6395
-31.5249
-30.3232
-29.0262
-27.6251
-26.1111
-24.475
-22.7082
-20.8026
-18.7517
-16.5509
-14.1989
-11.6986
-9.05827
-6.29302
-3.42549
-0.48651
2.48502
5.44304
8.33619
11.1106
13.7134
16.0962
18.2193
20.0543
21.586
22.8126
23.7445
24.4015
24.81
24.9994
24.9996
24.8388
24.5426
24.1332
23.6293
23.0467
22.3981
21.6941
20.9432
20.1526
19.3281
18.4747
17.5965
16.6971
15.7797
14.8468
13.901
12.9444
11.9789
11.0062
10.0279
9.04536
8.05987
7.07259
6.08454
5.09667
4.10982
3.12476
2.14217
1.16265
0.186766
-0.785012
-1.75225
-2.71457
-3.67165
-4.62321
-5.56898
-6.50879
-7.44244
-8.3698
-9.29078
-10.2053
-11.1132
-12.0146
-12.9094
-13.7977
-14.6794
-15.5546
-16.4234
-17.2859
-18.1422
-18.9923
-19.8365
-20.675
-21.5078
-22.3353
-23.1576
-23.975
-24.7877
-25.5962
-26.4007
-27.2015
-27.9991
-28.7939
-29.5863
-30.3769
-31.1662
-31.9547
-32.743
-33.5318
-34.3219
-35.1138
-35.9083
-36.7064
-37.5087
-38.3162
-39.1297
-39.9502
-40.7785
-41.6157
-42.4626
-43.3202
-44.1893
-45.0708
-45.9653
-46.8735
-47.7958
-48.7325
-49.6836
-50.6488
-51.6276
-52.6189
-53.6213
-54.6326
-55.6502
-56.671
-57.6911
-58.706
-59.7106
-60.6993
-61.6662
-62.6052
-63.5103
-64.3757
-65.1962
-65.9673
-66.6857
-67.349
-67.9562
-68.5073
-69.0035
-69.447
-69.8405
-70.1876
-70.4919
-70.7576
-70.9885
-71.1885
-71.3613
-71.5102
-71.6385
-71.7488
-71.8436
-71.9252
-71.9954
-72.056
-72.1083
-72.1535
-72.1928
-72.2269
-72.2568
-72.2829
-72.3059
-72.3263
-72.3443
-72.3604
-72.3749
-72.3879
-72.3997
-72.4104
-72.4203
-72.4293
-72.4377
-72.4455
-72.4528
-72.4596
-72.466
-72.4721
-72.4779
-72.4834
-72.4886
-72.4937
-72.4985
-72.5031
-72.5076
-72.5119
-72.5161
-72.5201
-72.524
-72.5278
-72.5314
-72.535
-72.5385
-72.5418
-72.5451
-72.5482
-72.5513
-72.5543
-72.5571
-72.5599
-72.5626
-72.5652
-72.5678
-72.5702
-72.5726
-72.5748
-72.577
-72.5791
-72.5811
-72.5831
-72.5849
-72.5867
-72.5883
-72.5899
-72.5914
-72.5928
-72.5941
-72.5953
-72.5965
-72.5975
-72.5985
-72.5994
-72.6002
-72.6009
-72.6015
-72.602
-72.6024
-72.6027
-72.603
-72.6031
-72.6032
-72.6032
-72.603
-72.6028
-72.6025
-72.6021
-72.6016
-72.601
-72.6003
-72.5995
-72.5986
-72.5977
-72.5966
-72.5954
-72.5942
-72.5928
-72.5914
-72.5898
-72.5882
-72.5865
-72.5846
-72.5827
-72.5807
-72.5785
-72.5763
-72.574
-72.5716
-72.5691
-72.5664
-72.5637
-72.5609
-72.558
-72.555
-72.5519
-72.5487
-72.5454
-72.5421
-72.5386
-72.535
-72.5313
-72.5275
-72.5237
-72.5197
-72.5156
-72.5114
-72.5072
-72.5028
-72.4984
-72.4938
-72.4892
-72.4844
-72.4796
-72.4746
-72.4696
-72.4645
-72.4592
-72.4539
-72.4485
-72.443
-72.4374
-72.4316
-72.4258
-72.42
-72.414
-72.4079
-72.4017
-72.3954
-72.3891
-72.3826
-72.3761
-72.3694
-72.3627
-72.3559
-72.3489
-72.3419
-72.3348
-72.3276
-72.3203
-72.3129
-72.3055
-72.2979
-72.2903
-72.2825
-72.2747
-72.2668
-72.2588
-72.2507
-72.2425
-72.2342
-72.2259
-72.2174
-72.2089
-72.2003
-72.1916
-72.1828
-72.1739
-72.165
-72.1559
-72.1468
-72.1376
-72.1283
-72.1189
-72.1094
-72.0999
-72.0902
-72.0805
-72.0707
-72.0609
-72.0509
-72.0409
-72.0308
-72.0206
-72.0103
-72
-71.9895
-71.979
-71.9684
-71.9578
-71.947
-71.9362
-71.9253
-71.9144
-71.9033
-71.8922
-71.881
-71.8698
-71.8584
-71.847
-71.8356
-71.824
-71.8124
-71.8007
-71.7889
-71.7771
-71.7652
-71.7532
-71.7412
-71.7291
-71.7169
-71.7047
-71.6924
-71.68
-71.6675
-71.655
-71.6425
-71.6298
-71.6171
-71.6044
-71.5916
-71.5787
-71.5657
-71.5527
-71.5396
-71.5265
-71.5133
-71.5001
-71.4867
-71.4734
-71.46
-71.4465
-71.4329
-71.4193
-71.4057
-71.392
-71.3782
-71.3644
-71.3505
-71.3366
-71.3226
-71.3086
-71.2945
-71.2803
-71.2662
-71.2519
-71.2376
-71.2233
-71.2089
-71.1945
-71.18
-71.1654
-71.1509
-71.1362
-71.1216
-71.1068
-71.0921
-71.0773
-71.0624
-71.0475
-71.0326
-71.0176
-71.0026
-70.9875
-70.9724
-70.9573
-70.9421
-70.9268
-70.9116
-70.8963
-70.8809
-70.8655
-70.8501
-70.8347
-70.8192
-70.8036
-70.7881
-70.7725
-70.7568
-70.7412
-70.5801
-70.3255
-70.003
-69.6284
-69.2134
-68.7665
-68.2948
-67.8037
-67.2978
-66.7807
-66.2554
-65.7244
-65.1899
-64.6534
-64.1165
-63.5805
-63.0462
-62.5146
-61.9865
-61.4624
-60.943
-60.4286
-59.9196
-59.4163
-58.9189
-58.4277
-57.9427
-57.4641
-56.9918
-56.5258
-56.066
-55.6124
-55.1648
-54.7229
-54.2867
-53.8557
-53.4297
-53.0083
-52.5911
-52.1777
-51.7676
-51.3603
-50.9552
-50.5517
-50.1492
-49.7469
-49.3441
-48.94
-48.5336
-48.1241
-47.7105
-47.2916
-46.8663
-46.4333
-45.9913
-45.5388
-45.0741
-44.5956
-44.1013
-43.5891
-43.0568
-42.5017
-41.9212
-41.3121
-40.671
-39.9941
-39.2772
-38.5156
-37.704
-36.8365
-35.9068
-34.9074
-33.8303
-32.6667
-31.4066
-30.0394
-28.5535
-26.9365
-25.1757
-23.2579
-21.1706
-18.9025
-16.4445
-13.7917
-10.9446
-7.91194
-4.7122
-1.37577
2.05415
5.52182
8.96101
12.2988
15.4608
18.3777
20.9913
23.2592
25.1587
26.6862
27.8561
28.696
29.2421
29.5341
29.6115
29.5105
29.2627
28.8948
28.4285
27.8811
27.2665
26.5955
25.8768
25.1173
24.3227
23.4976
22.646
21.7712
20.8761
19.9633
19.0351
18.0936
17.1407
16.178
15.2072
14.2297
13.2468
12.2598
11.2698
10.2777
9.28463
8.29136
7.2987
6.30738
5.31805
4.33129
3.34766
2.36764
1.39165
0.420079
-0.546724
-1.50846
-2.46487
-3.41572
-4.36082
-5.30001
-6.23316
-7.16014
-8.08089
-8.99532
-9.90341
-10.8051
-11.7005
-12.5895
-13.4722
-14.3486
-15.2189
-16.083
-16.9412
-17.7934
-18.6399
-19.4808
-20.3162
-21.1465
-21.9717
-22.7921
-23.608
-24.4196
-25.2273
-26.0313
-26.8322
-27.6301
-28.4257
-29.2193
-30.0115
-30.8028
-31.5937
-32.3849
-33.1771
-33.971
-34.7673
-35.5668
-36.3704
-37.1788
-37.9931
-38.8141
-39.6428
-40.4802
-41.3274
-42.1852
-43.0546
-43.9367
-44.8322
-45.7419
-46.6664
-47.6063
-48.5619
-49.533
-50.5194
-51.5204
-52.5347
-53.5606
-54.5959
-55.6374
-56.6815
-57.7238
-58.7593
-59.7822
-60.7863
-61.7652
-62.7123
-63.6211
-64.4857
-65.3009
-66.0626
-66.7676
-67.4142
-68.002
-68.5319
-69.0056
-69.4261
-69.7968
-70.1217
-70.4049
-70.6507
-70.8632
-71.0464
-71.2041
-71.3394
-71.4556
-71.5552
-71.6407
-71.7142
-71.7774
-71.8318
-71.8789
-71.9196
-71.9551
-71.986
-72.0131
-72.0369
-72.058
-72.0768
-72.0936
-72.1087
-72.1223
-72.1347
-72.146
-72.1565
-72.1661
-72.1751
-72.1835
-72.1914
-72.1989
-72.2059
-72.2127
-72.2191
-72.2252
-72.2312
-72.2369
-72.2424
-72.2477
-72.2529
-72.258
-72.2629
-72.2677
-72.2723
-72.2769
-72.2813
-72.2857
-72.2899
-72.294
-72.2981
-72.3021
-72.306
-72.3098
-72.3135
-72.3171
-72.3206
-72.3241
-72.3275
-72.3308
-72.334
-72.3372
-72.3402
-72.3432
-72.3461
-72.3489
-72.3516
-72.3543
-72.3568
-72.3593
-72.3617
-72.3641
-72.3663
-72.3684
-72.3705
-72.3725
-72.3744
-72.3762
-72.3779
-72.3795
-72.3811
-72.3826
-72.3839
-72.3852
-72.3864
-72.3875
-72.3885
-72.3894
-72.3903
-72.391
-72.3917
-72.3922
-72.3927
-72.3931
-72.3934
-72.3935
-72.3936
-72.3936
-72.3935
-72.3934
-72.3931
-72.3927
-72.3922
-72.3917
-72.391
-72.3903
-72.3894
-72.3885
-72.3874
-72.3863
-72.385
-72.3837
-72.3823
-72.3808
-72.3791
-72.3774
-72.3756
-72.3737
-72.3717
-72.3696
-72.3674
-72.3651
-72.3627
-72.3602
-72.3576
-72.3549
-72.3521
-72.3492
-72.3462
-72.3431
-72.34
-72.3367
-72.3333
-72.3298
-72.3263
-72.3226
-72.3188
-72.315
-72.311
-72.307
-72.3028
-72.2986
-72.2942
-72.2898
-72.2852
-72.2806
-72.2759
-72.2711
-72.2661
-72.2611
-72.256
-72.2508
-72.2455
-72.2401
-72.2346
-72.229
-72.2233
-72.2176
-72.2117
-72.2057
-72.1997
-72.1935
-72.1873
-72.181
-72.1745
-72.168
-72.1614
-72.1547
-72.1479
-72.141
-72.1341
-72.127
-72.1198
-72.1126
-72.1053
-72.0978
-72.0903
-72.0827
-72.075
-72.0673
-72.0594
-72.0514
-72.0434
-72.0353
-72.0271
-72.0188
-72.0104
-72.0019
-71.9934
-71.9847
-71.976
-71.9672
-71.9583
-71.9493
-71.9403
-71.9311
-71.9219
-71.9126
-71.9032
-71.8938
-71.8842
-71.8746
-71.8649
-71.8551
-71.8452
-71.8353
-71.8253
-71.8152
-71.805
-71.7948
-71.7844
-71.774
-71.7636
-71.753
-71.7424
-71.7317
-71.7209
-71.7101
-71.6992
-71.6882
-71.6771
-71.666
-71.6548
-71.6435
-71.6321
-71.6207
-71.6092
-71.5977
-71.586
-71.5744
-71.5626
-71.5508
-71.5389
-71.5269
-71.5149
-71.5028
-71.4907
-71.4784
-71.4662
-71.4538
-71.4414
-71.4289
-71.4164
-71.4038
-71.3912
-71.3785
-71.3657
-71.3529
-71.34
-71.327
-71.314
-71.3009
-71.2878
-71.2746
-71.2614
-71.2481
-71.2348
-71.2214
-71.2079
-71.1944
-71.1809
-71.1672
-71.1536
-71.1399
-71.1261
-71.1123
-71.0984
-71.0845
-71.0705
-71.0565
-71.0425
-71.0283
-71.0142
-71
-70.9857
-70.9714
-70.9571
-70.9427
-70.9283
-70.9138
-70.8993
-70.8847
-70.8701
-70.8555
-70.8408
-70.8261
-70.8113
-70.7965
-70.7817
-70.7668
-70.7519
-70.7369
-70.7219
-70.7069
-70.6918
-70.6767
-70.6615
-70.6464
-70.6312
-70.6159
-70.6006
-70.5853
-70.57
-70.5546
-70.5392
-70.5237
-70.5083
-70.4928
-70.4772
-70.4617
-70.4461
-70.4305
-70.4148
-70.3992
-70.3835
-70.3677
-70.352
-70.3362
-70.3204
-70.3046
-70.2887
-70.2728
-70.2569
-70.241
-70.2251
-70.2091
-70.1931
-70.1771
-70.1611
-70.145
-70.129
-70.1129
-70.0968
-70.0806
-70.0645
-70.0483
-70.0322
-70.016
-69.9997
-69.9835
-69.9673
-69.951
-69.9347
-69.9185
-69.9022
-69.8858
-69.8695
-69.8532
-69.8368
-69.8205
-69.8041
-69.7877
-69.7713
-69.7549
-69.7385
-69.7221
-69.7056
-69.6892
-69.6727
-69.6563
-69.6398
-69.6233
-69.6069
-69.5904
-69.5739
-69.5574
-69.5409
-69.5244
-69.5079
-69.4914
-69.4748
-69.4583
-69.4418
-69.4253
-69.4087
-69.3922
-69.3757
-69.3592
-69.3426
-69.3261
-69.3096
-69.293
-69.2765
-69.26
-69.2435
-69.2269
-69.2104
-69.1939
-69.1774
-69.1609
-69.1443
-69.1278
-69.1113
-69.0948
-69.0783
-69.0619
-69.0454
-69.0289
-69.0124
-68.996
-68.9795
-68.9631
-68.9466
-68.9302
-68.9138
-68.8973
-68.8809
-68.8645
-68.8481
-68.8318
-68.8154
-68.799
-68.7827
-68.7663
-68.75
-68.7337
-68.7174
-68.7011
-68.6848
-68.6686
-68.6523
-68.6361
-68.6198
-68.6036
-68.5874
-68.5712
-68.555
-68.5389
-68.5227
-68.5066
-68.4905
-68.4744
-68.4583
-68.4422
-68.4262
-68.4102
-68.3941
-68.3781
-68.3622
-68.3462
-68.3303
-68.3143
-68.2984
-68.2825
-68.2667
-68.2508
-68.235
-68.2191
-68.2033
-68.1876
-68.1718
-68.1561
-68.1404
-68.1247
-68.109
-68.0933
-68.0777
-68.0621
-68.0465
-67.8902
-67.6425
-67.328
-66.9616
-66.5545
-66.1149
-65.6495
-65.1637
-64.6618
-64.1473
-63.6231
-63.0917
-62.555
-62.0147
-61.4722
-60.9286
-60.3849
-59.8418
-59.3001
-58.7603
-58.2227
-57.6878
-57.1557
-56.6266
-56.1006
-55.5776
-55.0576
-54.5403
-54.0257
-53.5132
-53.0026
-52.4933
-51.9848
-51.4764
-50.9674
-50.4569
-49.9438
-49.4272
-48.9059
-48.3784
-47.8433
-47.2989
-46.7433
-46.1745
-45.5903
-44.9879
-44.3647
-43.7174
-43.0424
-42.3358
-41.5929
-40.8088
-39.9777
-39.0931
-38.1475
-37.1327
-36.0392
-34.8562
-33.5716
-32.1716
-30.641
-28.9627
-27.1181
-25.0871
-22.8489
-20.3823
-17.6682
-14.6906
-11.4406
-7.91989
-4.14531
-0.153616
3.99538
8.21828
12.4115
16.4595
20.2467
23.6705
26.654
29.1533
31.1593
32.6941
33.8023
34.5416
34.9733
35.1555
35.1392
34.9663
34.6699
34.2754
33.8019
33.2635
32.6707
32.0315
31.352
30.6369
29.8901
29.1148
28.3138
27.4895
26.644
25.7795
24.8976
24.0002
23.0887
22.1649
21.2299
20.2853
19.3323
18.372
17.4055
16.4341
15.4585
14.4798
13.4988
12.5163
11.5331
10.5499
9.56737
8.58603
7.60648
6.62921
5.6547
4.68335
3.71556
2.75166
1.78926
0.833015
-0.115023
-1.05385
-1.98298
-2.90215
-3.8113
-4.71044
-5.59961
-6.47891
-7.34847
-8.20842
-9.05891
-9.90009
-10.7321
-11.5552
-12.3695
-13.1751
-13.9724
-14.7614
-15.5423
-16.3154
-17.0808
-17.8388
-18.5895
-19.3332
-20.0702
-20.8006
-21.5247
-22.2427
-22.955
-23.6618
-24.3634
-25.0601
-25.7523
-26.4402
-27.1243
-27.805
-28.4826
-29.1576
-29.8304
-30.5015
-31.1715
-31.8407
-32.5099
-33.1796
-33.8504
-34.5229
-35.1977
-35.8756
-36.5573
-37.2434
-37.9347
-38.6318
-39.3356
-40.0467
-40.7656
-41.4932
-42.2298
-42.9759
-43.7319
-44.4978
-45.2736
-46.059
-46.8535
-47.656
-48.4653
-49.2797
-50.0969
-50.9142
-51.7286
-52.5364
-53.3336
-54.1159
-54.8789
-55.618
-56.3289
-57.0077
-57.6507
-58.255
-58.8185
-59.3398
-59.8184
-60.2545
-60.6492
-61.0038
-61.3207
-61.6021
-61.8507
-62.0694
-62.261
-62.4283
-62.574
-62.7006
-62.8104
-62.9055
-62.988
-63.0594
-63.1215
-63.1754
-63.2224
-63.2636
-63.2997
-63.3317
-63.3601
-63.3856
-63.4086
-63.4295
-63.4487
-63.4666
-63.4833
-63.4991
-63.5142
-63.5288
-63.5429
-63.5567
-63.5703
-63.5838
-63.5972
-63.6107
-63.6241
-63.6377
-63.6514
-63.6653
-63.6793
-63.6936
-63.708
-63.7227
-63.7376
-63.7527
-63.7681
-63.7838
-63.7997
-63.8159
-63.8323
-63.849
-63.8659
-63.8831
-63.9005
-63.9182
-63.9361
-63.9542
-63.9726
-63.9912
-64.0101
-64.0291
-64.0484
-64.0679
-64.0876
-64.1075
-64.1275
-64.1478
-64.1682
-64.1889
-64.2097
-64.2306
-64.2517
-64.273
-64.2945
-64.316
-64.3378
-64.3596
-64.3816
-64.4037
-64.4259
-64.4483
-64.4708
-64.4933
-64.516
-64.5388
-64.5617
-64.5846
-64.6077
-64.6308
-64.654
-64.6772
-64.7006
-64.724
-64.7474
-64.771
-64.7945
-64.8181
-64.8418
-64.8655
-64.8893
-64.913
-64.9368
-64.9607
-64.9845
-65.0084
-65.0323
-65.0562
-65.0801
-65.1041
-65.128
-65.1519
-65.1759
-65.1998
-65.2237
-65.2476
-65.2715
-65.2954
-65.3193
-65.3431
-65.3669
-65.3907
-65.4145
-65.4383
-65.462
-65.4856
-65.5093
-65.5329
-65.5564
-65.58
-65.6034
-65.6268
-65.6502
-65.6735
-65.6968
-65.72
-65.7432
-65.7663
-65.7893
-65.8123
-65.8352
-65.858
-65.8808
-65.9035
-65.9261
-65.9487
-65.9712
-65.9936
-66.016
-66.0382
-66.0604
-66.0825
-66.1045
-66.1265
-66.1483
-66.1701
-66.1918
-66.2134
-66.2349
-66.2563
-66.2777
-66.2989
-66.32
-66.3411
-66.362
-66.3829
-66.4036
-66.4243
-66.4449
-66.4653
-66.4857
-66.506
-66.5261
-66.5462
-66.5661
-66.586
-66.6057
-66.6254
-66.6449
-66.6643
-66.6836
-66.7028
-66.7219
-66.7409
-66.7598
-66.7786
-66.7972
-66.8158
-66.8342
-66.8525
-66.8707
-66.8888
-66.7745
-66.5785
-66.3258
-66.0316
-65.7065
-65.3585
-64.9937
-64.6167
-64.2313
-63.8405
-63.4467
-63.0517
-62.6571
-62.2642
-61.8741
-61.4875
-61.1052
-60.7277
-60.3555
-59.989
-59.6285
-59.2743
-58.9265
-58.5854
-58.2509
-57.9232
-57.6024
-57.2885
-56.9813
-56.681
-56.3875
-56.1007
-55.8205
-55.5468
-55.2796
-55.0187
-54.764
-54.5153
-54.2726
-54.0357
-53.8044
-53.5786
-53.3581
-53.1428
-52.9325
-52.727
-52.5263
-52.3301
-52.1382
-51.9505
-51.7669
-51.5872
-51.4112
-51.2388
-51.0699
-50.9042
-50.7416
-50.5821
-50.4254
-50.2714
-50.1199
-49.9709
-49.8242
-49.6797
-49.5372
-49.3966
-49.2578
-49.1207
-48.9852
-48.8511
-48.7183
-48.5867
-48.4562
-48.3268
-48.1981
-48.0703
-47.9431
-47.8164
-47.6902
-47.5643
-47.4386
-47.313
-47.1873
-47.0616
-46.9356
-46.8092
-46.6824
-46.5549
-46.4267
-46.2976
-46.1675
-46.0362
-45.9037
-45.7697
-45.6341
-45.4967
-45.3574
-45.2159
-45.0721
-44.9258
-44.7768
-44.6248
-44.4697
-44.3111
-44.1488
-43.9825
-43.812
-43.6368
-43.4568
-43.2714
-43.0803
-42.8832
-42.6795
-42.4688
-42.2506
-42.0243
-41.7893
-41.5451
-41.2909
-41.026
-40.7496
-40.4608
-40.1587
-39.8424
-39.5106
-39.1623
-38.7962
-38.4108
-38.0048
-37.5764
-37.1239
-36.6454
-36.1388
-35.602
-35.0324
-34.4276
-33.7846
-33.1006
-32.3722
-31.5962
-30.7689
-29.8866
-28.9454
-27.9412
-26.8701
-25.728
-24.5114
-23.2168
-21.8415
-20.3836
-18.8424
-17.2188
-15.5159
-13.7395
-11.8981
-10.0044
-8.07472
-6.12956
-4.1934
-2.29388
-0.460736
1.27588
2.88724
4.34803
5.63799
6.74308
7.65589
8.37552
8.9067
9.25869
9.44396
9.47691
9.37283
9.14697
8.81396
8.38743
7.87977
7.30207
6.66417
5.97469
5.24116
4.47018
3.66744
2.83795
1.98604
1.11552
0.2297
-0.668501
-1.57653
-2.49213
-3.41332
-4.33837
-5.26574
-6.19409
-7.12222
-8.04909
-8.9738
-9.89554
-10.8136
-11.7275
-12.6366
-13.5405
-14.4388
-15.3313
-16.2177
-17.0978
-17.9714
-18.8385
-19.6991
-20.553
-21.4003
-22.2412
-23.0756
-23.9037
-24.7257
-25.5417
-26.3521
-27.1569
-27.9566
-28.7515
-29.5419
-30.3282
-31.1108
-31.8902
-32.6669
-33.4413
-34.2141
-34.9858
-35.7571
-36.5285
-37.3007
-38.0745
-38.8505
-39.6295
-40.4123
-41.1996
-41.9921
-42.7907
-43.596
-44.4089
-45.23
-46.0599
-46.8993
-47.7486
-48.6082
-49.4783
-50.3591
-51.2503
-52.1518
-53.0627
-53.9823
-54.9093
-55.8419
-56.7783
-57.7158
-58.6516
-59.5823
-60.5041
-61.4129
-62.3043
-63.1736
-64.0161
-64.8274
-65.603
-66.3392
-67.0326
-67.6808
-68.282
-68.8354
-69.3411
-69.7999
-70.2134
-70.5838
-70.9136
-71.2059
-71.4637
-71.6902
-71.8885
-72.0617
-72.2126
-72.3438
-72.4578
-72.5567
-72.6426
-72.717
-72.7816
-72.8377
-72.8864
-72.9288
-72.9657
-72.9978
-73.026
-73.0506
-73.0722
-73.0912
-73.108
-73.1227
-73.1358
-73.1475
-73.1578
-73.167
-73.1753
-73.1827
-73.1893
-73.1953
-73.2007
-73.2056
-73.2101
-73.2141
-73.2177
-73.2211
-73.2241
-73.2268
-73.2293
-73.2316
-73.2337
-73.2355
-73.2372
-73.2387
-73.2401
-73.2412
-73.2423
-73.2432
-73.244
-73.2447
-73.2452
-73.2456
-73.2459
-73.2461
-73.2462
-73.2461
-73.246
-73.2457
-73.2454
-73.2449
-73.2444
-73.2437
-73.243
-73.2421
-73.2412
-73.2401
-73.239
-73.2377
-73.2364
-73.235
-73.2334
-73.2318
-73.2301
-73.2282
-73.2263
-73.2243
-73.2222
-73.22
-73.2177
-73.2153
-73.2128
-73.2102
-73.2075
-73.2047
-73.2018
-73.1988
-73.1957
-73.1926
-73.1893
-73.1859
-73.1824
-73.1789
-73.1752
-73.1715
-73.1676
-73.1636
-73.1596
-73.1554
-73.1512
-73.1469
-73.1424
-73.1379
-73.1332
-73.1285
-73.1237
-73.1188
-73.1137
-73.1086
-73.1034
-73.0981
-73.0927
-73.0872
-73.0816
-73.0759
-73.0701
-73.0642
-73.0582
-73.0521
-73.0459
-73.0396
-73.0332
-73.0268
-73.0202
-73.0136
-73.0068
-72.9999
-72.993
-72.986
-72.9788
-72.9716
-72.9643
-72.9569
-72.9493
-72.9417
-72.934
-72.9262
-72.9184
-72.9104
-72.9023
-72.8941
-72.8859
-72.8775
-72.8691
-72.8606
-72.852
-72.8433
-72.8345
-72.8256
-72.8166
-72.8075
-72.7983
-72.7891
-72.7798
-72.7703
-72.7608
-72.7512
-72.7415
-72.7318
-72.7219
-72.7119
-72.7019
-72.6918
-72.6816
-72.6713
-72.6609
-72.6504
-72.6399
-72.6293
-72.6186
-72.6078
-72.5969
-72.5859
-72.5749
-72.5637
-72.5525
-72.5413
-72.5299
-72.5184
-72.5069
-72.4953
-72.4836
-72.4719
-72.46
-72.4481
-72.4361
-72.424
-72.4119
-72.3997
-72.3874
-72.375
-72.3626
-72.35
-72.3374
-72.3248
-72.312
-72.2992
-72.2863
-72.2734
-72.2603
-72.2472
-72.2341
-72.2208
-72.2075
-72.1942
-72.1807
-72.1672
-72.1536
-72.14
-72.1263
-72.1125
-72.0986
-72.0847
-72.0708
-72.0567
-72.0426
-72.0285
-72.0142
-72
-71.9856
-71.9712
-71.9567
-71.9422
-71.9276
-71.913
-71.8982
-71.8835
-71.8687
-71.8538
-71.8388
-71.8239
-71.8088
-71.7937
-71.7785
-71.7633
-71.7481
-71.7328
-71.7174
-71.702
-71.6865
-71.671
-71.6554
-71.6398
-71.6241
-71.6084
-71.5926
-71.5768
-71.5609
-71.545
-71.529
-71.513
-71.497
-71.4809
-71.4647
-71.4486
-71.4323
-71.4161
-71.3998
-71.3834
-71.367
-71.3506
-71.3341
-71.3176
-71.301
-71.2844
-71.2678
-71.2511
-71.2344
-71.2177
-71.2009
-71.1841
-71.1672
-71.1503
-71.1334
-71.1165
-71.0995
-71.0825
-71.0654
-71.0483
-71.0312
-71.0141
-70.9969
-70.9797
-70.9625
-70.9452
-70.9279
-70.9106
-70.8933
-70.8759
-70.8585
-70.8411
-70.8236
-70.8062
-70.7887
-70.7711
-70.7536
-70.736
-70.7184
-70.7008
-70.6832
-70.6656
-70.6479
-70.6302
-70.6125
-70.5947
-70.577
-70.5592
-70.5414
-70.5236
-70.5058
-70.488
-70.4701
-70.4523
-70.4344
-70.4165
-70.3986
-70.3807
-70.3628
-70.3448
-70.3268
-70.3089
-70.2909
-70.2729
-70.2549
-70.2369
-70.2189
-70.2008
-70.1828
-70.1648
-70.1467
-70.1286
-70.1106
-70.0925
-70.0744
-69.9118
-69.6558
-69.3317
-68.9551
-68.5373
-68.0872
-67.6114
-67.1156
-66.6041
-66.0808
-65.5485
-65.0097
-64.4666
-63.9209
-63.374
-62.8271
-62.2814
-61.7375
-61.1964
-60.6586
-60.1247
-59.595
-59.0699
-58.5497
-58.0346
-57.5247
-57.0202
-56.521
-56.0271
-55.5384
-55.0548
-54.5761
-54.102
-53.6323
-53.1665
-52.7043
-52.2451
-51.7885
-51.3338
-50.8804
-50.4276
-49.9745
-49.5204
-49.0642
-48.6049
-48.1414
-47.6724
-47.1042
-46.4728
-45.7946
-45.0786
-44.33
-43.5515
-42.7444
-41.9083
-41.0417
-40.1424
-39.2067
-38.2304
-37.2084
-36.1346
-35.002
-33.8028
-32.5281
-31.1683
-29.7124
-28.1489
-26.4653
-24.6487
-22.6859
-20.5641
-18.2717
-15.7996
-13.1424
-10.3006
-7.28224
-4.10522
-0.798934
2.59488
6.02266
9.421
12.7204
15.8503
18.7444
21.3465
23.615
25.5257
27.0732
28.2695
29.1404
29.7211
30.051
30.1698
30.1141
29.9159
29.6021
29.1942
28.7094
28.1612
27.5599
26.9138
26.2292
25.5114
24.7646
23.9923
23.1976
22.383
21.5509
20.7033
19.8422
18.9692
18.0859
17.1937
16.294
15.388
14.4769
13.5617
12.6433
11.7228
10.8009
9.87839
8.95602
8.03444
7.11425
6.196
5.28018
4.36727
3.45767
2.55176
1.64989
0.752338
-0.140609
-1.02871
-1.91177
-2.78958
-3.662
-4.52889
-5.39014
-6.24564
-7.09534
-7.93916
-8.77706
-9.60902
-10.435
-11.2551
-12.0692
-12.8774
-13.6798
-14.4763
-15.267
-16.0521
-16.8316
-17.6056
-18.3742
-19.1375
-19.8958
-20.649
-21.3975
-22.1413
-22.8807
-23.6159
-24.3472
-25.0747
-25.7989
-26.5199
-27.2382
-27.954
-28.6678
-29.3801
-30.0911
-30.8015
-31.5117
-32.2222
-32.9337
-33.6467
-34.3619
-35.08
-35.8016
-36.5275
-37.2584
-37.9951
-38.7384
-39.489
-40.2478
-41.0156
-41.793
-42.5807
-43.3793
-44.1894
-45.0113
-45.8451
-46.6908
-47.5481
-48.4164
-49.2946
-50.1812
-51.0744
-51.9717
-52.87
-53.7657
-54.6548
-55.5327
-56.3945
-57.235
-58.0492
-58.8321
-59.5789
-60.2858
-60.9493
-61.5672
-62.138
-62.6613
-63.1374
-63.5677
-63.9541
-64.2992
-64.6059
-64.8774
-65.1168
-65.3275
-65.5126
-65.675
-65.8176
-65.9429
-66.0531
-66.1503
-66.2363
-66.3128
-66.381
-66.4422
-66.4974
-66.5476
-66.5934
-66.6355
-66.6744
-66.7107
-66.7447
-66.7769
-66.8073
-66.8364
-66.8643
-66.8911
-66.9171
-66.9424
-66.967
-66.9911
-67.0147
-67.0379
-67.0608
-67.0834
-67.1057
-67.1277
-67.1496
-67.1713
-67.1929
-67.2143
-67.2355
-67.2567
-67.2778
-67.2988
-67.3197
-67.3405
-67.3612
-67.3819
-67.4025
-67.423
-67.4435
-67.4639
-67.4843
-67.5046
-67.5248
-67.545
-67.5651
-67.5851
-67.6051
-67.6251
-67.6449
-67.6647
-67.6845
-67.7042
-67.7238
-67.7433
-67.7628
-67.7822
-67.8016
-67.8208
-67.84
-67.8592
-67.8782
-67.8972
-67.9161
-67.9349
-67.9536
-67.9723
-67.9909
-68.0094
-68.0278
-68.0461
-68.0643
-68.0825
-68.1005
-68.1185
-68.1364
-68.1542
-68.1718
-68.1894
-68.2069
-68.2243
-68.2416
-68.2588
-68.276
-68.293
-68.3099
-68.3267
-68.3434
-68.36
-68.3765
-68.3929
-68.4091
-68.4253
-68.4414
-68.4573
-68.4732
-68.4889
-68.5046
-68.5201
-68.5355
-68.5508
-68.566
-68.5811
-68.596
-68.6109
-68.6256
-68.6402
-68.6547
-68.6691
-68.6834
-68.6975
-68.7116
-68.7255
-68.7393
-68.753
-68.7666
-68.78
-68.7933
-68.8066
-68.8196
-68.8326
-68.8455
-68.8582
-68.8708
-68.8833
-68.8957
-68.9079
-68.92
-68.932
-68.9439
-68.9557
-68.9673
-68.9789
-68.9903
-69.0015
-69.0127
-69.0237
-69.0346
-69.0454
-69.0561
-69.0666
-69.077
-69.0873
-69.0975
-69.1076
-69.1175
-69.1273
-69.137
-69.1466
-69.156
-69.1653
-69.1745
-69.1836
-69.1926
-69.2014
-69.2101
-69.2187
-69.2272
-69.2355
-69.2437
-69.2518
-69.2598
-69.2677
-69.2754
-69.2831
-69.2906
-69.2979
-69.3052
-69.3123
-69.3194
-69.3263
-69.3331
-69.3397
-69.3463
-69.3527
-69.359
-69.3652
-69.3713
-69.3773
-69.3831
-69.3888
-69.3944
-69.3999
-69.4053
-69.4106
-69.4157
-69.4208
-69.4257
-69.4305
-69.4352
-69.4397
-69.4442
-69.4486
-69.4528
-69.4569
-69.4609
-69.4648
-69.4686
-69.4723
-69.4758
-69.4793
-69.4826
-69.4859
-69.489
-69.492
-69.4949
-69.4977
-69.5004
-69.503
-69.5054
-69.5078
-69.3697
-69.1431
-68.8535
-68.5167
-68.144
-67.7438
-67.3228
-66.8861
-66.438
-65.9818
-65.5203
-65.0557
-64.5898
-64.1243
-63.6603
-63.1989
-62.741
-62.2874
-61.8386
-61.3952
-60.9576
-60.5262
-60.1012
-59.683
-59.2716
-58.8673
-58.4701
-58.0802
-57.6975
-57.322
-56.9537
-56.5926
-56.2387
-55.8917
-55.5516
-55.2182
-54.8915
-54.5711
-54.2571
-53.9491
-53.6469
-53.3504
-53.0593
-52.7733
-52.4923
-52.2159
-51.9439
-51.6761
-51.4121
-51.1517
-50.8945
-50.6403
-50.3888
-50.1397
-49.8926
-49.6472
-49.3081
-48.9137
-48.4822
-48.0242
-47.5468
-47.0547
-46.5513
-46.0389
-45.5188
-44.992
-44.4588
-43.9191
-43.3726
-42.8187
-42.2564
-41.6848
-41.1026
-40.5082
-39.9002
-39.2767
-38.6358
-37.9753
-37.2929
-36.5861
-35.8523
-35.0885
-34.2916
-33.4582
-32.5849
-31.6679
-30.7033
-29.6868
-28.6143
-27.4813
-26.2834
-25.0162
-23.6756
-22.2576
-20.759
-19.1771
-17.5104
-15.7586
-13.9232
-12.0075
-10.0176
-7.96202
-5.85233
-3.70332
-1.53303
0.637405
2.78388
4.87988
6.89712
8.80658
10.5798
12.1906
13.6169
14.8421
15.8566
16.6582
17.2519
17.6485
17.8632
17.9138
17.8195
17.5989
17.2696
16.8477
16.3471
15.78
15.1567
14.486
13.7751
13.0304
12.2569
11.4593
10.6413
9.80619
8.95683
8.0957
7.22499
6.34662
5.46231
4.57357
3.68176
2.78809
1.89363
0.99935
0.106115
-0.785311
-1.67424
-2.56008
-3.44227
-4.32035
-5.1939
-6.06255
-6.92599
-7.78393
-8.63615
-9.48244
-10.3226
-11.1566
-11.9843
-12.8055
-13.6203
-14.4285
-15.2302
-16.0255
-16.8142
-17.5965
-18.3724
-19.142
-19.9053
-20.6626
-21.4138
-22.1593
-22.899
-23.6332
-24.3621
-25.086
-25.8049
-26.5193
-27.2293
-27.9352
-28.6374
-29.3362
-30.032
-30.7252
-31.4161
-32.1052
-32.793
-33.4799
-34.1665
-34.8532
-35.5408
-36.2296
-36.9204
-37.6138
-38.3104
-39.0108
-39.7158
-40.4259
-41.1419
-41.8644
-42.594
-43.3314
-44.0769
-44.8312
-45.5946
-46.3673
-47.1494
-47.9409
-48.7415
-49.5505
-50.3672
-51.1903
-52.0183
-52.8492
-53.6805
-54.5094
-55.3325
-56.1462
-56.9465
-57.729
-58.4895
-59.2236
-59.9273
-60.597
-61.2294
-61.8221
-62.3735
-62.8825
-63.3493
-63.7744
-64.1591
-64.5053
-64.8153
-65.0917
-65.3373
-65.5549
-65.7473
-65.9171
-66.0671
-66.1995
-66.3165
-66.4201
-66.5121
-66.594
-66.6672
-66.733
-66.7924
-66.8462
-66.8954
-66.9405
-66.9821
-67.0208
-67.0569
-67.0909
-67.123
-67.1535
-67.1826
-67.2106
-67.2376
-67.2636
-67.289
-67.3136
-67.3378
-67.3614
-67.3846
-67.4074
-67.4299
-67.452
-67.474
-67.4957
-67.5172
-67.5385
-67.5597
-67.5807
-67.6015
-67.6223
-67.6429
-67.6634
-67.6838
-67.7041
-67.7243
-67.7444
-67.7644
-67.7844
-67.8042
-67.824
-67.8437
-67.8633
-67.8828
-67.9023
-67.9216
-67.9409
-67.9602
-67.9793
-67.9983
-68.0173
-68.0362
-68.055
-68.0737
-68.0924
-68.1109
-68.1294
-68.1478
-68.1661
-68.1843
-68.2024
-68.2204
-68.2384
-68.2562
-68.274
-68.2916
-68.3092
-68.3267
-68.344
-68.3613
-68.3785
-68.3955
-68.4125
-68.4294
-68.4462
-68.4628
-68.4794
-68.4958
-68.5122
-68.5284
-68.5446
-68.5606
-68.5765
-68.5924
-68.6081
-68.6237
-68.6391
-68.6545
-68.6698
-68.6849
-68.7
-68.7149
-68.7297
-68.7444
-68.759
-68.7734
-68.7878
-68.802
-68.8161
-68.8301
-68.844
-68.8577
-68.8714
-68.8849
-68.8983
-68.9116
-68.9247
-68.9378
-68.9507
-68.8285
-68.6243
-68.364
-68.0635
-67.7335
-67.3823
-67.016
-66.6392
-66.2558
-65.8686
-65.48
-65.0918
-64.7054
-64.3221
-63.9429
-63.5684
-63.1993
-62.8362
-62.4793
-62.1292
-61.7859
-61.4497
-61.1207
-60.799
-60.4848
-60.178
-59.8785
-59.5865
-59.3019
-59.0246
-58.7545
-58.4916
-58.2358
-57.9869
-57.7449
-57.5096
-57.2809
-57.0587
-56.8429
-56.6333
-56.4297
-56.2322
-56.0404
-55.8543
-55.6737
-55.4985
-55.3286
-55.1639
-55.0041
-54.8492
-54.699
-54.5535
-54.4125
-54.2758
-54.1434
-54.0152
-53.891
-53.7707
-53.6543
-53.5416
-53.4325
-53.327
-53.2249
-53.1262
-53.0308
-52.9385
-52.8494
-52.7634
-52.6803
-52.6001
-52.5228
-52.4483
-52.3765
-52.3073
-52.2408
-52.1768
-52.1153
-52.0563
-51.9997
-51.9455
-51.8936
-51.8441
-51.7967
-51.7516
-51.7087
-51.6679
-51.6293
-51.5928
-51.5584
-51.526
-51.4956
-51.4673
-51.4409
-51.4165
-51.394
-51.3735
-51.3549
-51.3382
-51.3234
-51.3104
-51.2993
-51.2901
-51.2827
-51.2771
-51.2733
-51.2714
-51.2713
-51.2729
-51.2763
-51.2816
-51.2886
-51.2973
-51.3079
-51.3201
-51.3342
-51.35
-51.3675
-51.3868
-51.4078
-51.4305
-51.455
-51.4812
-51.5091
-51.5387
-51.5701
-51.6031
-51.6379
-51.6743
-51.7124
-51.7522
-51.7937
-51.8368
-51.8816
-51.9281
-51.9762
-52.0259
-52.0773
-52.1303
-52.1849
-52.241
-52.2988
-52.3581
-52.419
-52.4814
-52.5453
-52.6108
-52.6777
-52.7462
-52.816
-52.8873
-52.96
-53.0341
-53.1096
-53.1865
-53.2646
-53.3441
-53.4248
-53.5067
-53.5899
-53.6742
-53.7597
-53.8463
-53.934
-54.0228
-54.1126
-54.2033
-54.295
-54.3877
-54.4812
-54.5755
-54.6707
-54.7666
-54.8632
-54.9605
-55.0585
-55.1571
-55.2562
-55.3558
-55.4559
-55.5565
-55.6574
-55.7587
-55.8603
-55.9622
-56.0643
-56.1666
-56.2691
-56.3716
-56.4742
-56.5769
-56.6795
-56.7821
-56.8846
-56.9869
-57.0891
-57.1912
-57.2929
-57.3945
-57.4957
-57.5966
-57.6971
-57.7973
-57.897
-57.9963
-58.0951
-58.1934
-58.2912
-58.3885
-58.4852
-58.5813
-58.6768
-58.7716
-58.8659
-58.9594
-59.0523
-59.1445
-59.236
-59.3268
-59.4169
-59.5062
-59.5948
-59.6826
-59.7697
-59.856
-59.9415
-60.0262
-60.1102
-60.1934
-60.2757
-60.3573
-60.4381
-60.5181
-60.5973
-60.6757
-60.7533
-60.8301
-60.9062
-60.9814
-61.0559
-61.1295
-61.2024
-61.2745
-61.3459
-61.4165
-61.4863
-61.5554
-61.6237
-61.6913
-61.7581
-61.8242
-61.8896
-61.9543
-62.0182
-62.0815
-62.144
-62.2059
-62.2671
-62.3276
-62.3874
-62.4466
-62.5051
-62.563
-62.6202
-62.6768
-62.7328
-62.7881
-62.8428
-62.897
-62.9505
-63.0035
-63.0558
-63.1076
-63.1588
-63.2095
-63.2596
-63.3091
-63.3581
-63.4066
-63.4546
-63.502
-63.5489
-63.5953
-63.6412
-63.6866
-63.7315
-63.7759
-63.8199
-63.8634
-63.9064
-63.9489
-63.991
-64.0327
-64.0739
-64.1146
-64.1549
-64.1948
-64.2343
-64.2734
-64.312
-64.3502
-64.3881
-64.4255
-64.3326
-64.1575
-63.9236
-63.6454
-63.3332
-62.9948
-62.6361
-62.262
-61.8762
-61.4819
-61.0814
-60.6768
-60.2699
-59.8618
-59.4539
-59.047
-58.642
-58.2394
-57.8399
-57.4438
-57.0516
-56.6636
-56.28
-55.901
-55.5268
-55.1573
-54.7928

