-65
-64.9994
-64.9988
-64.9982
-64.9977
-64.9971
-64.9965
-64.996
-64.9954
-64.9949
-64.9943
-64.9938
-64.9932
-64.9927
-64.9922
-64.9917
-64.9912
-64.9906
-64.9901
-64.9896
-64.9891
-64.9886
-64.9881
-64.9876
-64.9872
-64.9867
-64.9862
-64.9857
-64.9852
-64.9848
-64.9843
-64.9838
-64.9834
-64.9829
-64.9825
-64.982
-64.9816
-64.9811
-64.9807
-64.9802
-64.9798
-64.9794
-64.9789
-64.9785
-64.9781
-64.9777
-64.9772
-64.9768
-64.9764
-64.976
-64.9756
-64.9752
-64.9748
-64.9744
-64.974
-64.9736
-64.9732
-64.9728
-64.9725
-64.9721
-64.9717
-64.9713
-64.971
-64.9706
-64.9702
-64.9699
-64.9695
-64.9692
-64.9688
-64.9685
-64.9681
-64.9678
-64.9675
-64.9671
-64.9668
-64.9665
-64.9661
-64.9658
-64.9655
-64.9652
-64.9649
-64.9646
-64.9642
-64.9639
-64.9636
-64.9633
-64.963
-64.9628
-64.9625
-64.9622
-64.9619
-64.9616
-64.9613
-64.9611
-64.9608
-64.9605
-64.9603
-64.96
-64.9598
-64.9595
-64.9592
-64.959
-64.9588
-64.9585
-64.9583
-64.958
-64.9578
-64.9576
-64.9573
-64.9571
-64.9569
-64.9567
-64.9565
-64.9562
-64.956
-64.9558
-64.9556
-64.9554
-64.9552
-64.955
-64.9548
-64.9546
-64.9545
-64.9543
-64.9541
-64.9539
-64.9537
-64.9536
-64.9534
-64.9532
-64.9531
-64.9529
-64.9527
-64.9526
-64.9524
-64.9523
-64.9521
-64.952
-64.9519
-64.9517
-64.9516
-64.9514
-64.9513
-64.9512
-64.9511
-64.9509
-64.9508
-64.9507
-64.9506
-64.9505
-64.9504
-64.9503
-64.9502
-64.95
-64.9499
-64.9499
-64.9498
-64.9497
-64.9496
-64.9495
-64.9494
-64.9493
-64.9492
-64.9492
-64.9491
-64.949
-64.9489
-64.9489
-64.9488
-64.9487
-64.9487
-64.9486
-64.9486
-64.9485
-64.9485
-64.9484
-64.9484
-64.9483
-64.9483
-64.9482
-64.9482
-64.9482
-64.9481
-64.9481
-64.9481
-64.948
-64.948
-64.948
-64.948
-64.948
-64.9479
-64.9479
-64.9479
-64.9479
-64.9479
-64.9479
-64.9479
-64.9479
-64.9479
-64.9479
-64.9479
-64.9479
-64.9479
-64.9479
-64.9479
-64.9479
-64.9479
-64.9479
-64.948
-64.948
-64.948
-64.948
-64.9481
-64.9481
-64.9481
-64.9481
-64.9482
-64.9482
-64.9482
-64.9483
-64.9483
-64.9483
-64.9484
-64.9484
-64.9485
-64.9485
-64.9486
-64.9486
-64.9487
-64.9487
-64.9488
-64.9488
-64.9489
-64.9489
-64.949
-64.9491
-64.9491
-64.9492
-64.9492
-64.9493
-64.9494
-64.9494
-64.9495
-64.9496
-64.9497
-64.9497
-64.9498
-64.9499
-64.95
-64.95
-64.9501
-64.9502
-64.9503
-64.9504
-64.9504
-64.9505
-64.9506
-64.9507
-64.9508
-64.9509
-64.951
-64.951
-64.9511
-64.9512
-64.9513
-64.9514
-64.9515
-64.9516
-64.9517
-64.9518
-64.9519
-64.952
-64.9521
-64.9522
-64.9523
-64.9524
-64.9525
-64.9526
-64.9527
-64.9528
-64.9529
-64.953
-64.9532
-64.9533
-64.9534
-64.9535
-64.9536
-64.9537
-64.9538
-64.9539
-64.954
-64.9542
-64.9543
-64.9544
-64.9545
-64.9546
-64.9547
-64.9548
-64.955
-64.9551
-64.9552
-64.9553
-64.9554
-64.9556
-64.9557
-64.9558
-64.9559
-64.956
-64.9562
-64.9563
-64.9564
-64.9565
-64.9566
-64.9568
-64.9569
-64.957
-64.9571
-64.9573
-64.9574
-64.9575
-64.9576
-64.9578
-64.9579
-64.958
-64.9581
-64.9583
-64.9584
-64.9585
-64.9587
-64.9588
-64.9589
-64.959
-64.9592
-64.9593
-64.9594
-64.9595
-64.9597
-64.9598
-64.9599
-64.96
-64.9602
-64.9603
-64.9604
-64.9606
-64.9607
-64.9608
-64.9609
-64.9611
-64.9612
-64.9613
-64.9614
-64.9616
-64.9617
-64.9618
-64.962
-64.9621
-64.9622
-64.9623
-64.9625
-64.9626
-64.9627
-64.9628
-64.963
-64.9631
-64.9632
-64.9633
-64.9635
-64.9636
-64.9637
-64.9638
-64.964
-64.9641
-64.9642
-64.9643
-64.9645
-64.9646
-64.9647
-64.9648
-64.9649
-64.9651
-64.9652
-64.9653
-64.9654
-64.9655
-64.9657
-64.9658
-64.9659
-64.966
-64.9661
-64.9663
-64.9664
-64.8319
-64.6099
-64.3234
-63.9869
-63.6107
-63.2027
-62.7692
-62.3153
-61.845
-61.3616
-60.8678
-60.3659
-59.8576
-59.3444
-58.8276
-58.3082
-57.7868
-57.2642
-56.7408
-56.2169
-55.6927
-55.1684
-54.6439
-54.1191
-53.5937
-53.0675
-52.5399
-52.0104
-51.4784
-50.943
-50.4033
-49.8583
-49.3066
-48.7469
-48.1776
-47.597
-47.0029
-46.3932
-45.7652
-45.1162
-44.4427
-43.7412
-43.0075
-42.2369
-41.424
-40.5627
-39.6461
-38.6662
-37.614
-36.4792
-35.25
-33.9128
-32.4525
-30.8517
-29.0912
-27.1497
-25.0041
-22.6301
-20.0035
-17.1017
-13.9068
-10.4093
-6.61367
-2.54383
1.7511
6.19344
10.6778
15.078
19.2593
23.0951
26.4832
29.3582
31.6958
33.5106
34.8473
35.7686
36.3438
36.6399
36.716
36.6207
36.3922
36.0595
35.6437
35.1606
34.6215
34.0348
33.4066
32.7417
32.044
31.3165
30.5619
29.7826
28.9806
28.1577
27.3159
26.4566
25.5815
24.692
23.7896
22.8756
21.9511
21.0175
20.0759
19.0998
18.0833
17.0533
16.0214
14.9931
13.9715
12.9582
11.9541
10.96
9.97614
9.00273
8.03993
7.0878
6.14638
5.21566
4.29562
3.38621
2.48736
1.59898
0.720993
-0.146726
-1.00429
-1.85182
-2.68945
-3.51733
-4.3356
-5.1444
-5.94389
-6.73423
-7.51557
-8.28808
-9.05191
-9.80723
-10.5542
-11.293
-12.0238
-12.7467
-13.4423
-14.1202
-14.7842
-15.4363
-16.0776
-16.709
-17.331
-17.9441
-18.5486
-19.145
-19.7335
-20.3145
-20.8883
-21.4552
-22.0155
-22.5695
-23.1176
-23.66
-24.197
-24.729
-25.2563
-25.7793
-26.2982
-26.8135
-27.3254
-27.8345
-28.3409
-28.8452
-29.3478
-29.8489
-30.3492
-30.8489
-31.3486
-31.8486
-32.3495
-32.8516
-33.3554
-33.8612
-34.3696
-34.8808
-35.3952
-35.9131
-36.4346
-36.96
-37.4891
-38.022
-38.5584
-39.0979
-39.64
-40.1838
-40.7285
-41.2729
-41.8156
-42.355
-42.8894
-43.4169
-43.9356
-44.4436
-44.9389
-45.4196
-45.8841
-46.3309
-46.7587
-47.1667
-47.5542
-47.9207
-48.2663
-48.5912
-48.8956
-49.1802
-49.4459
-49.6933
-49.9235
-50.1376
-50.3365
-50.5213
-50.6931
-50.8528
-51.0014
-51.1398
-51.269
-51.3896
-51.5026
-51.6085
-51.7081
-51.802
-51.8907
-51.9747
-52.0546
-52.1306
-52.2032
-52.2728
-52.3397
-52.4041
-52.4664
-52.5267
-52.5853
-52.6425
-52.6982
-52.7528
-52.8064
-52.859
-52.9109
-52.9621
-53.0127
-53.0628
-53.1125
-53.1618
-53.2109
-53.2598
-53.3084
-53.357
-53.4055
-53.4539
-53.5023
-53.5507
-53.5992
-53.6477
-53.6963
-53.7451
-53.7939
-53.8429
-53.892
-53.9413
-53.9908
-54.0404
-54.0902
-54.1403
-54.1905
-54.2409
-54.2915
-54.3423
-54.3933
-54.4445
-54.4959
-54.5476
-54.5994
-54.6514
-54.7036
-54.7561
-54.8087
-54.8615
-54.9145
-54.9677
-55.0211
-55.0746
-55.1283
-55.1822
-55.2363
-55.2905
-55.3449
-55.3994
-55.4541
-55.509
-55.5639
-55.6191
-55.6743
-55.7297
-55.7851
-55.8407
-55.8965
-55.9523
-56.0082
-56.0642
-56.1203
-56.1765
-56.2328
-56.2891
-56.3456
-56.4021
-56.4586
-56.5152
-56.5719
-56.6286
-56.6853
-56.7421
-56.799
-56.8558
-56.9127
-56.9696
-57.0265
-57.0834
-57.1404
-57.1973
-57.2542
-57.3112
-57.3681
-57.425
-57.4819
-57.5388
-57.5956
-57.6524
-57.7092
-57.7659
-57.8226
-57.8793
-57.9359
-57.9924
-58.0489
-58.1054
-58.1617
-58.218
-58.2743
-58.3305
-58.3865
-58.4426
-58.4985
-58.5543
-58.6101
-58.6658
-58.7213
-58.7768
-58.8322
-58.8875
-58.9426
-58.9977
-59.0526
-59.1075
-59.1622
-59.2168
-59.2713
-59.3257
-59.3799
-59.434
-59.488
-59.5418
-59.5956
-59.6491
-59.7026
-59.7559
-59.8091
-59.8621
-59.915
-59.9677
-60.0203
-60.0727
-60.125
-60.1771
-60.229
-60.2808
-60.3325
-60.384
-60.4353
-60.4865
-60.5375
-60.5883
-60.6389
-60.6894
-60.7398
-60.7899
-60.8399
-60.8897
-60.9393
-60.9888
-61.038
-61.0871
-61.136
-61.1848
-61.2333
-61.2817
-61.3299
-61.3779
-61.4257
-61.4733
-61.5208
-61.568
-61.6151
-61.662
-61.7086
-61.7551
-61.8014
-61.8476
-61.8935
-61.9392
-61.9847
-62.0301
-62.0752
-62.1201
-62.1649
-62.2094
-62.2538
-62.2979
-62.3419
-62.3856
-62.3088
-62.1596
-61.9614
-61.728
-61.4691
-61.1917
-60.9011
-60.6012
-60.2952
-59.9855
-59.674
-59.3623
-59.0515
-58.7427
-58.4366
-58.1338
-57.8349
-57.5402
-57.2501
-56.9649
-56.6848
-56.4099
-56.1404
-55.8764
-55.6179
-55.3649
-55.1176
-54.8758
-54.6396
-54.4089
-54.1836
-53.9639
-53.7494
-53.5402
-53.3363
-53.1374
-52.9435
-52.7546
-52.5704
-52.3909
-52.2161
-52.0457
-51.8796
-51.7179
-51.5603
-51.4067
-51.2571
-51.1112
-50.9691
-50.8307
-50.6957
-50.5641
-50.4358
-50.3108
-50.1888
-50.0699
-49.9539
-49.8407
-49.7303
-49.6226
-49.5175
-49.4149
-49.3148
-49.217
-49.1215
-49.0283
-48.9372
-48.8483
-48.7614
-48.6765
-48.5935
-48.5125
-48.4333
-48.3558
-48.2801
-48.2061
-48.1338
-48.063
-47.9938
-47.9262
-47.8601
-47.7954
-47.6429
-47.44
-47.2042
-46.9457
-46.6709
-46.3846
-46.0898
-45.7891
-45.4841
-45.1759
-44.8656
-44.5535
-44.2402
-43.9258
-43.6104
-43.2942
-42.9769
-42.6584
-42.3387
-42.0174
-41.6942
-41.3689
-41.0412
-40.7105
-40.3766
-40.039
-39.6973
-39.3509
-38.9993
-38.6419
-38.2783
-37.9076
-37.5294
-37.1428
-36.7472
-36.3418
-35.9257
-35.4981
-35.058
-34.6044
-34.1364
-33.6528
-33.1524
-32.6341
-32.0964
-31.5381
-30.9576
-30.3535
-29.7241
-29.0677
-28.3826
-27.6668
-26.9187
-26.1361
-25.3171
-24.4599
-23.5624
-22.623
-21.64
-20.6121
-19.5383
-18.4183
-17.2525
-16.0422
-14.79
-13.5002
-12.1788
-10.834
-9.47655
-8.11945
-6.77825
-5.47046
-4.2149
-3.03075
-1.9364
-0.948315
-0.0799468
0.658976
1.26284
1.73009
2.06288
2.26642
2.34824
2.31741
2.18389
1.95787
1.64943
1.26812
0.822882
0.321863
-0.227575
-0.818849
-1.44611
-2.10419
-2.78851
-3.49507
-4.22032
-4.96114
-5.71477
-6.4788
-7.25108
-8.02972
-8.81305
-9.59958
-10.388
-11.1772
-11.9662
-12.7539
-13.5398
-14.323
-15.103
-15.8793
-16.6513
-17.4188
-18.1814
-18.9389
-19.691
-20.4376
-21.1785
-21.9136
-22.6429
-23.3664
-24.0841
-24.796
-25.5022
-26.2028
-26.898
-27.5878
-28.2725
-28.9522
-29.6272
-30.2978
-30.9642
-31.6266
-32.2855
-32.9412
-33.5939
-34.2441
-34.8923
-35.5387
-36.1839
-36.8283
-37.4724
-38.1167
-38.7616
-39.4078
-40.0557
-40.7058
-41.3588
-42.0152
-42.6754
-43.3401
-44.0097
-44.6848
-45.3658
-46.053
-46.747
-47.4478
-48.1557
-48.8707
-49.5928
-50.3217
-51.0569
-51.7978
-52.5435
-53.2926
-54.0438
-54.7951
-55.5444
-56.2891
-57.0262
-57.7528
-58.4655
-59.1607
-59.8349
-60.4847
-61.1068
-61.6986
-62.2574
-62.7815
-63.2698
-63.7215
-64.1368
-64.5164
-64.8613
-65.1732
-65.454
-65.7059
-65.9311
-66.1319
-66.3108
-66.4699
-66.6114
-66.7372
-66.8493
-66.9493
-67.0387
-67.1188
-67.1909
-67.256
-67.3151
-67.369
-67.4182
-67.4636
-67.5056
-67.5447
-67.5812
-67.6155
-67.6479
-67.6787
-67.708
-67.7361
-67.7631
-67.7892
-67.8145
-67.839
-67.8629
-67.8862
-67.909
-67.9314
-67.9534
-67.975
-67.9964
-68.0174
-68.0382
-68.0588
-68.0791
-68.0993
-68.1193
-68.1391
-68.1587
-68.1782
-68.1976
-68.2168
-68.2359
-68.2549
-68.2737
-68.2924
-68.3111
-68.3296
-68.348
-68.3663
-68.3844
-68.4025
-68.4205
-68.4384
-68.4562
-68.4738
-68.4914
-68.5089
-68.5262
-68.5435
-68.5607
-68.5777
-68.5947
-68.6115
-68.6283
-68.6449
-68.6614
-68.6779
-68.6942
-68.7104
-68.7265
-68.7425
-68.7584
-68.7742
-68.7899
-68.8054
-68.8209
-68.7034
-68.5067
-68.2567
-67.9692
-67.6551
-67.3221
-66.9763
-66.622
-66.2628
-65.9013
-65.5398
-65.1798
-64.8227
-64.4696
-64.1211
-63.7781
-63.4409
-63.1101
-62.7859
-62.4685
-62.1581
-61.8549
-61.5589
-61.2702
-60.9887
-60.7145
-60.4476
-60.1878
-59.9351
-59.6894
-59.4506
-59.2186
-58.9934
-58.7747
-58.5625
-58.3567
-58.1571
-57.9635
-57.776
-57.5942
-57.4181
-57.2476
-57.0826
-56.9228
-56.7682
-56.6187
-56.4741
-56.3343
-56.1991
-56.0686
-55.9425
-55.8208
-55.7033
-55.5899
-55.4806
-55.3751
-55.2736
-55.1757
-55.0815
-54.9909
-54.9037
-54.82
-54.7395
-54.6623
-54.5882
-54.5172
-54.4493
-54.3842
-54.3221
-54.2628
-54.2062
-54.1524
-54.1012
-54.0525
-54.0065
-53.9629
-53.9217
-53.8829
-53.8465
-53.8124
-53.7805
-53.7509
-53.7234
-53.6981
-53.6749
-53.6537
-53.6346
-53.6174
-53.6023
-53.589
-53.5777
-53.5683
-53.5607
-53.5549
-53.5509
-53.5487
-53.5482
-53.5494
-53.5523
-53.5569
-53.5631
-53.5709
-53.5803
-53.5913
-53.6038
-53.6178
-53.6334
-53.6504
-53.6689
-53.6888
-53.7102
-53.7329
-53.757
-53.7825
-53.8093
-53.8375
-53.8669
-53.8976
-53.9296
-53.9628
-53.9973
-54.0329
-54.0698
-54.1077
-54.1469
-54.1871
-54.2285
-54.2709
-54.3144
-54.3589
-54.4044
-54.451
-54.4985
-54.547
-54.5965
-54.6468
-54.6981
-54.7502
-54.8032
-54.8571
-54.9118
-54.9672
-55.0235
-55.0805
-55.1382
-55.1966
-55.2558
-55.3156
-55.3761
-55.4372
-55.4989
-55.5612
-55.6241
-55.6875
-55.7514
-55.8159
-55.8808
-55.9462
-56.0121
-56.0784
-56.1451
-56.2122
-56.2796
-56.3474
-56.4155
-56.484
-56.5527
-56.6217
-56.6909
-56.7604
-56.8301
-56.8999
-56.97
-57.0402
-57.1106
-57.1811
-57.2517
-57.3224
-57.3931
-57.464
-57.5348
-57.6057
-57.6767
-57.7476
-57.8185
-57.8893
-57.9602
-58.0309
-58.1016
-58.1723
-58.2428
-58.3132
-58.3835
-58.4537
-58.5237
-58.5936
-58.6633
-58.7328
-58.8022
-58.8714
-58.8246
-58.7067
-58.5391
-58.3349
-58.1032
-57.8508
-57.5826
-57.3027
-57.0143
-56.7197
-56.4209
-56.1195
-55.8169
-55.514
-55.2116
-54.9106
-54.6113
-54.3144
-54.0202
-53.7289
-53.4409
-53.1563
-52.8753
-52.5979
-52.3243
-52.0545
-51.7885
-51.5264
-51.268
-51.0133
-50.7623
-50.5149
-50.2709
-50.0303
-49.793
-49.5587
-49.3275
-49.099
-48.8732
-48.65
-48.429
-48.2102
-47.9933
-47.7782
-47.5646
-47.3525
-47.1415
-46.9314
-46.7221
-46.5132
-46.3047
-46.0962
-45.8875
-45.6784
-45.4685
-45.2578
-45.0458
-44.8322
-44.6169
-44.3995
-44.1797
-43.9572
-43.7316
-43.5025
-43.2697
-43.0326
-42.791
-42.5442
-42.292
-42.0338
-41.769
-41.4971
-41.2176
-40.9298
-40.633
-40.3265
-40.0095
-39.6812
-39.3407
-38.987
-38.6192
-38.2361
-37.8364
-37.419
-36.9824
-36.5252
-36.0456
-35.542
-35.0125
-34.4551
-33.8676
-33.2476
-32.5928
-31.9004
-31.1676
-30.3914
-29.5688
-28.6965
-27.771
-26.7891
-25.7472
-24.6421
-23.4707
-22.23
-20.9181
-19.5332
-18.0751
-16.5448
-14.9451
-13.281
-11.5605
-9.79451
-7.99772
-6.18837
-4.38833
-2.62249
-0.917802
0.698113
2.1987
3.56023
4.76337
5.79435
6.64547
7.31503
7.80668
8.12844
8.29148
8.30901
8.19518
7.9643
7.6302
7.20584
6.70309
6.13261
5.5039
4.82531
4.10417
3.34688
2.55902
1.74545
0.910409
0.0576184
-0.809678
-1.68863
-2.57675
-3.47183
-4.37194
-5.27538
-6.18065
-7.08644
-7.99158
-8.89506
-9.79599
-10.6936
-11.5872
-12.4763
-13.3603
-14.2388
-15.1114
-15.9779
-16.8381
-17.6916
-18.5385
-19.3786
-20.2118
-21.0382
-21.8578
-22.6705
-23.4766
-24.2761
-25.0692
-25.856
-26.6369
-27.4119
-28.1814
-28.9458
-29.7052
-30.4601
-31.2109
-31.9579
-32.7017
-33.4426
-34.1813
-34.9181
-35.6538
-36.3887
-37.1236
-37.8591
-38.5958
-39.3343
-40.0754
-40.8197
-41.5679
-42.3207
-43.0789
-43.843
-44.6136
-45.3915
-46.1772
-46.9711
-47.7737
-48.5853
-49.4061
-50.236
-51.0749
-51.9225
-52.7782
-53.6409
-54.5096
-55.3826
-56.258
-57.1335
-58.0062
-58.8731
-59.7305
-60.5747
-61.4015
-62.2068
-62.9861
-63.7354
-64.4509
-65.1291
-65.7672
-66.3631
-66.9155
-67.4237
-67.8882
-68.3097
-68.6899
-69.031
-69.3353
-69.6055
-69.8447
-70.0556
-70.241
-70.4038
-70.5465
-70.6714
-70.7807
-70.8765
-70.9604
-71.0339
-71.0986
-71.1555
-71.2057
-71.2502
-71.2897
-71.3249
-71.3564
-71.3846
-71.4101
-71.4332
-71.4543
-71.4735
-71.4912
-71.5075
-71.5226
-71.5368
-71.55
-71.5624
-71.5741
-71.5852
-71.5957
-71.6058
-71.6155
-71.6247
-71.6336
-71.6422
-71.6505
-71.6586
-71.6664
-71.674
-71.6814
-71.6886
-71.6957
-71.7025
-71.7093
-71.7158
-71.7223
-71.7286
-71.7347
-71.7408
-71.7467
-71.7525
-71.7582
-71.7638
-71.7693
-71.7746
-71.7799
-71.785
-71.7901
-71.795
-71.7998
-71.8046
-71.8092
-71.8137
-71.8182
-71.8225
-71.8267
-71.8309
-71.8349
-71.8388
-71.8426
-71.8464
-71.85
-71.8535
-71.8569
-71.8603
-71.8635
-71.8666
-71.8696
-71.8725
-71.8753
-71.8781
-71.8807
-71.8832
-71.8856
-71.8879
-71.8901
-71.8922
-71.8942
-71.8961
-71.8978
-71.8995
-71.9011
-71.9026
-71.9039
-71.9052
-71.9064
-71.9074
-71.9084
-71.9092
-71.91
-71.9106
-71.9111
-71.9116
-71.9119
-71.9121
-71.9122
-71.9122
-71.9121
-71.9119
-71.9116
-71.9112
-71.9107
-71.9101
-71.9093
-71.9085
-71.9076
-71.9065
-71.9054
-71.9041
-71.9028
-71.9013
-71.8998
-71.8981
-71.8963
-71.8944
-71.8925
-71.8904
-71.8882
-71.8859
-71.8835
-71.881
-71.8784
-71.8757
-71.8729
-71.87
-71.867
-71.8639
-71.8607
-71.8573
-71.8539
-71.8504
-71.8468
-71.8431
-71.8393
-71.8353
-71.8313
-71.8272
-71.823
-71.8187
-71.8142
-71.8097
-71.8051
-71.8004
-71.7956
-71.7907
-71.7857
-71.7806
-71.7754
-71.7701
-71.7647
-71.7592
-71.7537
-71.748
-71.7422
-71.7364
-71.7304
-71.7243
-71.7182
-71.712
-71.7056
-71.6992
-71.6927
-71.6861
-71.6794
-71.6726
-71.6658
-71.6588
-71.6517
-71.6446
-71.6374
-71.6301
-71.6226
-71.6152
-71.6076
-71.5999
-71.5922
-71.5843
-71.5764
-71.5684
-71.5603
-71.5521
-71.5438
-71.5355
-71.5271
-71.5186
-71.51
-71.5013
-71.4925
-71.4837
-71.3294
-71.0829
-70.7702
-70.4076
-70.0068
-69.5765
-69.1237
-68.6538
-68.1713
-67.6797
-67.1821
-66.6807
-66.1777
-65.6745
-65.0432
-64.3363
-63.5805
-62.7926
-61.9845
-61.165
-60.3411
-59.5181
-58.7001
-57.8902
-57.0909
-56.304
-55.5308
-54.7722
-54.029
-53.3013
-52.5894
-51.8931
-51.2122
-50.5462
-49.8946
-49.2566
-48.6316
-48.0186
-47.4166
-46.8245
-46.2411
-45.6652
-45.0955
-44.5306
-43.9689
-43.409
-42.8491
-42.2877
-41.7228
-41.1527
-40.5753
-39.9887
-39.3906
-38.7788
-38.151
-37.5045
-36.8369
-36.1452
-35.4265
-34.6776
-33.8953
-33.076
-32.216
-31.3115
-30.3583
-29.3522
-28.289
-27.1642
-25.9734
-24.7123
-23.3768
-21.9632
-20.4685
-18.8903
-17.2277
-15.4807
-13.6513
-11.7438
-9.76435
-7.72204
-5.62855
-3.49832
-1.34842
0.801717
2.93067
5.01553
7.03237
8.95684
10.7649
12.4335
13.9417
15.2719
16.411
17.3511
18.0906
18.6337
18.9898
19.1724
19.1977
19.0831
18.8461
18.5034
18.07
17.5596
16.9838
16.3527
15.6748
14.9573
14.2063
13.4269
12.6234
11.7996
10.9588
10.1036
9.23656
8.35979
7.47518
6.58442
5.689
4.79027
3.8894
2.98748
2.08548
1.18424
0.284535
-0.612941
-1.50758
-2.39882
-3.2862
-4.16928
-5.0477
-5.9211
-6.78923
-7.65182
-8.50867
-9.35959
-10.2045
-11.0431
-11.8755
-12.7016
-13.5213
-14.3345
-15.1414
-15.9418
-16.7359
-17.5236
-18.3051
-19.0804
-19.8497
-20.613
-21.3704
-22.1222
-22.8684
-23.6093
-24.3451
-25.076
-25.8022
-26.524
-27.2416
-27.9555
-28.6659
-29.3731
-30.0777
-30.7798
-31.4801
-32.1789
-32.8767
-33.5741
-34.2716
-34.9697
-35.669
-36.3702
-37.0739
-37.7807
-38.4914
-39.2065
-39.9269
-40.6531
-41.3859
-42.1259
-42.8738
-43.6302
-44.3955
-45.1702
-45.9546
-46.7489
-47.5531
-48.367
-49.1901
-50.0216
-50.8604
-51.7051
-52.5536
-53.4036
-54.2524
-55.0966
-55.9324
-56.7559
-57.5626
-58.3481
-59.1079
-59.8377
-60.5336
-61.192
-61.8104
-62.3866
-62.9196
-63.4089
-63.8552
-64.2596
-64.6238
-64.9502
-65.2413
-65.5001
-65.7293
-65.9319
-66.1108
-66.2685
-66.4077
-66.5306
-66.6392
-66.7356
-66.8212
-66.8977
-66.9662
-67.0279
-67.0838
-67.1347
-67.1813
-67.2242
-67.2639
-67.301
-67.3358
-67.3685
-67.3996
-67.4293
-67.4576
-67.4849
-67.5113
-67.5368
-67.5617
-67.5859
-67.6097
-67.6329
-67.6558
-67.6782
-67.7004
-67.7223
-67.7439
-67.7653
-67.7865
-67.8076
-67.8284
-67.8491
-67.8697
-67.8901
-67.9103
-67.9305
-67.9506
-67.9705
-67.9904
-68.0101
-68.0297
-68.0493
-68.0687
-68.0881
-68.1073
-68.1265
-68.1456
-68.1646
-68.1835
-68.2023
-68.221
-68.2397
-68.2582
-68.2767
-68.295
-68.3133
-68.3315
-68.3496
-68.3675
-68.3854
-68.4032
-68.4209
-68.4385
-68.456
-68.4735
-68.4908
-68.508
-68.5251
-68.5421
-68.559
-68.5758
-68.5925
-68.6091
-68.6256
-68.6419
-68.6582
-68.6744
-68.6904
-68.7064
-68.7222
-68.738
-68.7536
-68.7691
-68.7845
-68.7997
-68.8149
-68.83
-68.8449
-68.8597
-68.8744
-68.889
-68.9035
-68.9178
-68.9321
-68.9462
-68.9602
-68.9741
-68.9879
-69.0015
-69.015
-69.0284
-69.0417
-69.0549
-69.0679
-69.0809
-69.0937
-69.1063
-69.1189
-69.1313
-69.1436
-69.1558
-69.1679
-69.1798
-69.1917
-69.2034
-69.2149
-69.2264
-69.2377
-69.2489
-69.26
-69.2709
-69.2818
-69.2925
-69.3031
-69.3135
-69.3238
-69.334
-69.3441
-69.3541
-69.3639
-69.3736
-69.3832
-69.3927
-69.402
-69.4112
-69.4203
-69.4293
-69.4381
-69.4469
-69.4555
-69.4639
-69.4723
-69.4805
-69.4886
-69.4966
-69.5044
-69.5122
-69.5198
-69.5273
-69.5346
-69.5419
-69.549
-69.556
-69.5629
-69.5696
-69.5763
-69.5828
-69.5892
-69.5954
-69.6016
-69.6076
-69.6135
-69.6193
-69.625
-69.6306
-69.636
-69.6413
-69.6465
-69.6516
-69.6566
-69.6614
-69.6661
-69.6707
-69.6752
-69.6796
-69.6839
-69.688
-69.6921
-69.696
-69.6998
-69.7035
-69.7071
-69.7105
-69.7139
-69.7171
-69.7202
-69.7232
-69.7261
-69.7289
-69.7316
-69.7342
-69.7366
-69.739
-69.7412
-69.7433
-69.7453
-69.7473
-69.7491
-69.7507
-69.7523
-69.7538
-69.7552
-69.7564
-69.7576
-69.7587
-69.7596
-69.7604
-69.7612
-69.7618
-69.7624
-69.7628
-69.7631
-69.7633
-69.7635
-69.7635
-69.7634
-69.7632
-69.7629
-69.7626
-69.7621
-69.7615
-69.7608
-69.7601
-69.7592
-69.7582
-69.7571
-69.756
-69.7547
-69.7534
-69.7519
-69.7504
-69.7487
-69.747
-69.7452
-69.7433
-69.7413
-69.7392
-69.737
-69.7347
-69.7323
-69.7299
-69.7273
-69.7247
-69.7219
-69.7191
-69.7162
-69.7132
-69.7101
-69.7069
-69.7037
-69.7004
-69.6969
-69.6934
-69.6898
-69.6861
-69.6824
-69.6785
-69.6746
-69.6706
-69.6665
-69.6623
-69.6581
-69.6538
-69.6494
-69.6449
-69.6403
-69.6357
-69.6309
-69.6261
-69.6212
-69.6163
-69.6113
-69.6062
-69.601
-69.5957
-69.5904
-69.585
-69.5795
-69.574
-69.5683
-69.5627
-69.5569
-69.5511
-69.5451
-69.5392
-69.5331
-69.527
-69.5208
-69.5146
-69.5083
-69.5019
-69.4954
-69.4889
-69.4823
-69.4757
-69.469
-69.4622
-69.4554
-69.4485
-69.4415
-69.4345
-69.4274
-69.4202
-69.413
-69.4057
-69.3984
-69.391
-69.3836
-69.3761
-69.3685
-69.3609
-69.3532
-69.3454
-69.3376
-69.3298
-69.3219
-69.3139
-69.3059
-69.2978
-69.2897
-69.2815
-69.2733
-69.265
-69.2566
-69.2483
-69.2398
-69.2313
-69.2228
-69.2142
-69.2056
-69.1969
-69.1881
-69.1793
-69.1705
-69.1616
-69.1527
-69.1437
-69.1347
-69.1256
-69.1165
-69.1074
-69.0982
-69.0889
-69.0797
-69.0703
-69.061
-69.0516
-69.0421
-69.0326
-69.0231
-69.0135
-69.0039
-68.9943
-68.9846
-68.9748
-68.9651
-68.9553
-68.9454
-68.9355
-68.9256
-68.9157
-68.9057
-68.8957
-68.8856
-68.8755
-68.8654
-68.8552
-68.845
-68.8348
-68.8246
-68.8143
-68.804
-68.7936
-68.7832
-68.7728
-68.7624
-68.7519
-68.7414
-68.7309
-68.7203
-68.7097
-68.6991
-68.6885
-68.6778
-68.6671
-68.6564
-68.6457
-68.6349
-68.6241
-68.6133
-68.6025
-68.5916
-68.5807
-68.5698
-68.5589
-68.5479
-68.5369
-68.5259
-68.5149
-68.5039
-68.4928
-68.4817
-68.4706
-68.4595
-68.4484
-68.4372
-68.426
-68.4148
-68.4036
-68.3924
-68.3812
-68.3699
-68.3586
-68.3473
-68.336
-68.3247
-68.3134
-68.302
-68.2906
-68.2793
-68.2679
-68.2565
-68.245
-68.2336
-68.2222
-68.2107
-68.1993
-68.1878
-68.1763
-68.1648
-68.1533
-68.1418
-68.1302
-68.1187
-68.1071
-68.0956
-68.084
-68.0725
-68.0609
-68.0493
-68.0377
-68.0261
-68.0145
-68.0029
-67.9913
-67.9797
-67.968
-67.9564
-67.9448
-67.9331
-67.9215
-67.9098
-67.8982
-67.8865
-67.8749
-67.8632
-67.8516
-67.8399
-67.8282
-67.8166
-67.8049
-67.7932
-67.7816
-67.7699
-67.7582
-67.7465
-67.7349
-67.7232
-67.7115
-67.6999
-67.6882
-67.6765
-67.6649
-67.6532
-67.6416
-67.6299
-67.6183
-67.6066
-67.595
-67.5833
-67.5717
-67.5601
-67.5484
-67.5368
-67.5252
-67.5136
-67.502
-67.4904
-67.4788
-67.4672
-67.4556
-67.4441
-67.4325
-67.4209
-67.4094
-67.3978
-67.3863
-67.3748
-67.3633
-67.3517
-67.3402
-67.3288
-67.3173
-67.3058
-67.2943
-67.2829
-67.2714
-67.26
-67.2486
-67.2371
-67.2257
-67.2144
-67.203
-67.1916
-67.1802
-67.1689
-67.1576
-67.1462
-67.1349
-67.1236
-67.1123
-67.1011
-67.0898
-67.0786
-67.0673
-67.0561
-67.0449
-67.0337
-67.0225
-67.0114
-67.0002
-66.9891
-66.978
-66.9669
-66.9558
-66.9448
-66.9337
-66.9227
-66.9117
-66.9007
-66.8897
-66.8787
-66.8678
-66.8568
-66.8459
-66.835
-66.8241
-66.8133
-66.8024
-66.7916
-66.7808
-66.77
-66.7592
-66.7484
-66.7377
-66.727
-66.7163
-66.7056
-66.6949
-66.6843
-66.6737
-66.6631
-66.6525
-66.6419
-66.6314
-66.6209
-66.6103
-66.5999
-66.5894
-66.579
-66.5686
-66.5582
-66.5478
-66.5374
-66.5271
-66.5168
-66.5065
-66.4962
-66.486
-66.4758
-66.4656
-66.4554
-66.4453
-66.4352
-66.4251
-66.415
-66.4049
-66.3949
-66.3849
-66.3749
-66.3649
-66.355
-66.3451
-66.3352
-66.3253
-66.3155
-66.3057
-66.2959
-66.2861
-66.2763
-66.2666
-66.2569
-66.2473
-66.2376
-66.228
-66.2184
-66.2088
-66.1993
-66.1898
-66.1803
-66.1708
-66.1613
-66.1519
-66.1425
-66.1332
-66.1238
-66.1145
-66.1053
-66.096
-66.0868
-66.0776
-66.0684
-66.0592
-66.0501
-66.041
-66.032
-66.0229
-66.0139
-66.005
-65.996
-65.9871
-65.9782
-65.9694
-65.9605
-65.9517
-65.9429
-65.9342
-65.9255
-65.9168
-65.9081
-65.8995
-65.8909
-65.8823
-65.8738
-65.8652
-65.8567
-65.8483
-65.8398
-65.8314
-65.8231
-65.8147
-65.8064
-65.7981
-65.7899
-65.7816
-65.7734
-65.7653
-65.7571
-65.749
-65.7409
-65.7329
-65.7249
-65.7169
-65.7089
-65.701
-65.6931
-65.6852
-65.6774
-65.6696
-65.6618
-65.6541
-65.6464
-65.6387
-65.631
-65.6234
-65.6158
-65.6083
-65.6007
-65.5932
-65.5858
-65.5784
-65.571
-65.5636
-65.5563
-65.549
-65.5417
-65.5345
-65.5273
-65.5201
-65.513
-65.5059
-65.4988
-65.4918
-65.4848
-65.4778
-65.4709
-65.4639
-65.4571
-65.4502
-65.4434
-65.4366
-65.4299
-65.4232
-65.4165
-65.4099
-65.4032
-65.3967
-65.3901
-65.3836
-65.3771
-65.3707
-65.3642
-65.3578
-65.3515
-65.3452
-65.3389
-65.3326
-65.3264
-65.3202
-65.314
-65.3079
-65.3018
-65.2957
-65.2897
-65.2837
-65.2777
-65.2718
-65.2659
-65.26
-65.2542
-65.2484
-65.2426
-65.2369
-65.2312
-65.2255
-65.2199
-65.2143
-65.2088
-65.2032
-65.1977
-65.1923
-65.1868
-65.1814
-65.1761
-65.1707
-65.1654
-65.1602
-65.1549
-65.1497
-65.1446
-65.1394
-65.1344
-65.1293
-65.1243
-65.1193
-65.1143
-65.1094
-65.1045
-65.0996
-65.0948
-65.09
-65.0853
-65.0806
-65.0759
-65.0712
-65.0666
-65.062
-65.0575
-65.0529
-65.0485
-65.044
-65.0396
-65.0352
-65.0309
-65.0265
-65.0223
-65.018
-65.0138
-65.0096
-65.0055
-65.0014
-64.9973
-64.9933
-64.9893
-64.9853
-64.9813
-64.9774
-64.9735
-64.9697
-64.9659
-64.9621
-64.9584
-64.9547
-64.951
-64.9473
-64.9437
-64.9401
-64.9366
-64.9331
-64.9296
-64.9261
-64.9227
-64.9193
-64.9159
-64.9126
-64.9093
-64.9061
-64.9028
-64.8996
-64.8965
-64.8933
-64.8902
-64.8871
-64.8841
-64.8811
-64.8781
-64.8752
-64.8722
-64.8694
-64.8665
-64.8637
-64.8609
-64.8581
-64.8554
-64.8527
-64.85
-64.8474
-64.8448
-64.8422
-64.8397
-64.8371
-64.8347
-64.8322
-64.8298
-64.8274
-64.825
-64.8227
-64.8204
-64.8181
-64.8159
-64.8137
-64.8115
-64.8093
-64.8072
-64.8051
-64.803
-64.801
-64.799
-64.797
-64.7951
-64.7932
-64.7913
-64.7894
-64.7876
-64.7858
-64.784
-64.7822
-64.7805
-64.7788
-64.7772
-64.7755
-64.7739
-64.7724
-64.7708
-64.7693
-64.7678
-64.7663
-64.7649
-64.7635
-64.7621
-64.7607
-64.7594
-64.7581
-64.7568
-64.7556
-64.7543
-64.7532
-64.752
-64.7508
-64.7497
-64.7486
-64.7476
-64.7465
-64.7455
-64.7445
-64.7436
-64.7426
-64.7417
-64.7408
-64.74
-64.7391
-64.7383
-64.7375
-64.7367
-64.736
-64.7353
-64.7346
-64.7339
-64.7333
-64.7327
-64.7321
-64.7315
-64.731
-64.7304
-64.7299
-64.7294
-64.729
-64.7285
-64.7281
-64.7277
-64.7274
-64.727
-64.7267
-64.7264
-64.7261
-64.7259
-64.7256
-64.7254
-64.7252
-64.725
-64.7249
-64.7247
-64.7246
-64.7245
-64.7245
-64.7244
-64.7244
-64.7244
-64.7244
-64.7244
-64.7245
-64.7245
-64.7246
-64.7247
-64.7248
-64.725
-64.7251
-64.7253
-64.7255
-64.7257
-64.7259
-64.7262
-64.7265
-64.7267
-64.7271
-64.7274
-64.7277
-64.7281
-64.7284
-64.7288
-64.7292
-64.7296
-64.7301
-64.7305
-64.731
-64.7315
-64.732
-64.7325
-64.733
-64.7335
-64.7341
-64.7347
-64.7352
-64.7358
-64.7365
-64.7371
-64.7377
-64.7384
-64.7391
-64.7397
-64.7404
-64.607
-64.3864
-64.1015
-63.7668
-63.3926
-62.9867
-62.5554
-62.1037
-61.6356
-61.1544
-60.6629
-60.1632
-59.6572
-59.1462
-58.6315
-58.1141
-57.5948
-57.0741
-56.5525
-56.0303
-55.5078
-54.9849
-54.4618
-53.9381
-53.4138
-52.7829
-52.0867
-51.3451
-50.5699
-49.7688
-48.9471
-48.1083
-47.2541
-46.3853
-45.5017
-44.6018
-43.6836
-42.7442
-41.7796
-40.7853
-39.7558
-38.6846
-37.5645
-36.3868
-35.1419
-33.8189
-32.4054
-30.8875
-29.2499
-27.4758
-25.5468
-23.4437
-21.147
-18.6376
-15.899
-12.919
-9.69309
-6.22806
-2.54596
1.31254
5.28622
9.29431
13.241
17.0234
20.5419
23.7106
26.4663
28.7742
30.6287
32.0507
33.0809
33.7716
34.1787
34.3557
34.3495
34.1989
33.9348
33.5804
33.1534
32.6669
32.1304
31.5512
30.9349
30.2857
29.6071
28.902
28.173
27.4221
26.6514
25.8626
25.0575
24.2374
23.4038
22.5582
21.7017
20.8356
19.961
19.0789
18.1904
17.2965
16.398
15.4958
14.5907
13.6834
12.7746
11.8651
10.9553
10.0459
9.13742
8.23031
7.32505
6.42205
5.52169
4.62431
3.73024
2.83977
1.95315
1.07063
0.192408
-0.68132
-1.55039
-2.41465
-3.27399
-4.1283
-4.97748
-5.82146
-6.66018
-7.49359
-8.32167
-9.1444
-9.96177
-10.7738
-11.5805
-12.3818
-13.1779
-13.9688
-14.7545
-15.5351
-16.3107
-17.0813
-17.8472
-18.6083
-19.3649
-20.1171
-20.865
-21.6088
-22.3487
-23.0849
-23.8177
-24.5473
-25.274
-25.9981
-26.72
-27.4399
-28.1582
-28.8755
-29.5921
-30.3085
-31.0253
-31.7429
-32.462
-33.1832
-33.9072
-34.6347
-35.3663
-36.103
-36.8453
-37.5942
-38.3505
-39.1151
-39.8887
-40.6722
-41.4664
-42.272
-43.0897
-43.92
-44.7633
-45.6197
-46.4894
-47.3718
-48.2663
-49.1718
-50.0866
-51.0087
-51.9352
-52.8628
-53.7876
-54.7051
-55.6103
-56.4978
-57.3621
-58.1976
-58.999
-59.7615
-60.481
-61.1541
-61.7786
-62.3533
-62.878
-63.3534
-63.7812
-64.1638
-64.504
-64.8052
-65.0706
-65.3038
-65.5083
-65.6873
-65.8439
-65.981
-66.1011
-66.2066
-66.2995
-66.3817
-66.4546
-66.5196
-66.578
-66.6307
-66.6786
-66.7225
-66.7628
-66.8003
-66.8352
-66.8681
-66.8991
-66.9287
-66.9569
-66.9841
-67.0103
-67.0358
-67.0605
-67.0847
-67.1084
-67.1317
-67.1546
-67.1772
-67.1995
-67.2216
-67.2434
-67.2651
-67.2867
-67.308
-67.3293
-67.3504
-67.3715
-67.3924
-67.4133
-67.4341
-67.4548
-67.4754
-67.496
-67.5164
-67.5369
-67.5572
-67.5776
-67.5978
-67.618
-67.6381
-67.6582
-67.6782
-67.6981
-67.718
-67.7378
-67.7576
-67.7773
-67.7969
-67.8165
-67.836
-67.8554
-67.8748
-67.894
-67.9133
-67.9324
-67.9515
-67.9705
-67.9894
-68.0082
-68.027
-68.0457
-68.0643
-68.0828
-68.1012
-68.1196
-68.1378
-68.156
-68.1741
-68.1921
-68.21
-68.2278
-68.2455
-68.2631
-68.2807
-68.2981
-68.3154
-68.3327
-68.3498
-68.3669
-68.3838
-68.4006
-68.4174
-68.434
-68.4506
-68.467
-68.4833
-68.4995
-68.5156
-68.5316
-68.5475
-68.5633
-68.579
-68.5945
-68.61
-68.6253
-68.6406
-68.6557
-68.6707
-68.6856
-68.7003
-68.715
-68.7295
-68.744
-68.7583
-68.7725
-68.7866
-68.8005
-68.8144
-68.8281
-68.8417
-68.8552
-68.8686
-68.8818
-68.895
-68.908
-68.9209
-68.9336
-68.9463
-68.9588
-68.9712
-68.9835
-68.9957
-69.0077
-69.0196
-69.0314
-69.0431
-69.0547
-69.0661
-69.0774
-69.0886
-69.0997
-69.1106
-69.1215
-69.1322
-69.1427
-69.1532
-69.1635
-69.1737
-69.1838
-69.1938
-69.2036
-69.2133
-69.2229
-69.2324
-69.2418
-69.251
-69.2601
-69.2691
-69.2779
-69.2867
-69.2953
-69.3038
-69.3122
-69.3204
-69.3285
-69.3366
-69.3444
-69.3522
-69.3599
-69.3674
-69.3748
-69.3821
-69.3892
-69.3963
-69.4032
-69.41
-69.4167
-69.4233
-69.4297
-69.436
-69.4422
-69.4483
-69.4543
-69.4602
-69.4659
-69.4715
-69.477
-69.4824
-69.4877
-69.4929
-69.4979
-69.5028
-69.5076
-69.5123
-69.5169
-69.5214
-69.5257
-69.53
-69.5341
-69.5381
-69.542
-69.5458
-69.5494
-69.553
-69.5565
-69.5598
-69.563
-69.5661
-69.5691
-69.572
-69.5748
-69.5775
-69.5801
-69.5825
-69.5849
-69.5871
-69.5893
-69.5913
-69.5932
-69.4545
-69.2271
-68.9367
-68.599
-68.2254
-67.8242
-67.4021
-66.9644
-66.5152
-66.0579
-65.5953
-65.1296
-64.6627
-64.1961
-63.731
-63.2685
-62.8096
-62.3548
-61.905
-61.4605
-61.0219
-60.5894
-60.1635
-59.7442
-59.3319
-58.9266
-58.5284
-58.1375
-57.7538
-57.3774
-57.0082
-56.6462
-56.2913
-55.9434
-55.6023
-55.2681
-54.9404
-54.6192
-54.3043
-53.9954
-53.6923
-53.3949
-53.1029
-52.816
-52.534
-52.2567
-51.9838
-51.715
-51.45
-51.1886
-50.9304
-50.6752
-50.4226
-50.1724
-49.9241
-49.6776
-49.4324
-49.1883
-48.9448
-48.7017
-48.4585
-48.2149
-47.9705
-47.725
-47.4778
-47.2286
-46.977
-46.7224
-46.4644
-46.2025
-45.9361
-45.6648
-45.3878
-45.1047
-44.8146
-44.5169
-44.2108
-43.8955
-43.5702
-43.2338
-42.8854
-42.5239
-42.148
-41.7564
-41.3478
-40.9205
-40.473
-40.0034
-39.5096
-38.9896
-38.4408
-37.8608
-37.2465
-36.595
-35.9027
-35.166
-34.3808
-33.5427
-32.647
-31.6885
-30.6619
-29.5614
-28.381
-27.1144
-25.7554
-24.2979
-22.736
-21.0646
-19.2795
-17.3782
-15.3602
-13.228
-10.9874
-8.64882
-6.22758
-3.74463
-1.22679
1.29346
3.77865
6.18784
8.47866
10.61
12.5451
14.2542
15.7169
16.9229
17.8726
18.5751
19.0463
19.3071
19.3804
19.2896
19.0571
18.7035
18.2472
17.7038
17.0871
16.4084
15.6774
14.9022
14.0896
13.2454
12.3746
11.4813
10.5691
9.64134
8.70064
7.74947
6.78997
5.82404
4.85338
3.8795
2.90372
1.92725
0.951156
-0.0236239
-0.996245
-1.96596
-2.93212
-3.89414
-4.85151
-5.8038
-6.75062
-7.69164
-8.62659
-9.55524
-10.4774
-11.3929
-12.3016
-13.2035
-14.0985
-14.9866
-15.8678
-16.742
-17.6094
-18.4701
-19.324
-20.1714
-21.0125
-21.8472
-22.6759
-23.4988
-24.316
-25.1279
-25.9347
-26.7368
-27.5345
-28.3282
-29.1182
-29.9051
-30.6892
-31.4711
-32.2513
-33.0303
-33.8088
-34.5875
-35.3669
-36.1477
-36.9308
-37.7168
-38.5066
-39.301
-40.1007
-40.9067
-41.7198
-42.5407
-43.3705
-44.2097
-45.0593
-45.9198
-46.7918
-47.6759
-48.5724
-49.4814
-50.4027
-51.3362
-52.2811
-53.2363
-54.2005
-55.1718
-56.1477
-57.1253
-58.1012
-59.0713
-60.0313
-60.9761
-61.9006
-62.7993
-63.667
-64.4985
-65.2891
-66.0347
-66.7321
-67.379
-67.9741
-68.5172
-69.0089
-69.451
-69.8457
-70.1959
-70.505
-70.7764
-71.0138
-71.2206
-71.4003
-71.556
-71.6908
-71.8073
-71.908
-71.995
-72.0701
-72.1351
-72.1914
-72.2403
-72.2828
-72.3198
-72.3522
-72.3805
-72.4055
-72.4276
-72.4471
-72.4645
-72.4801
-72.494
-72.5067
-72.5181
-72.5285
-72.538
-72.5468
-72.5549
-72.5624
-72.5694
-72.576
-72.5821
-72.5879
-72.5934
-72.5985
-72.6035
-72.6082
-72.6127
-72.617
-72.6211
-72.625
-72.6288
-72.6325
-72.636
-72.6394
-72.6426
-72.6458
-72.6488
-72.6517
-72.6545
-72.6572
-72.6598
-72.6623
-72.6647
-72.6671
-72.6693
-72.6714
-72.6734
-72.6754
-72.6772
-72.679
-72.6806
-72.6822
-72.6837
-72.6851
-72.6864
-72.6876
-72.6887
-72.6897
-72.6907
-72.6915
-72.6923
-72.6929
-72.6935
-72.694
-72.6944
-72.6946
-72.6948
-72.6949
-72.695
-72.6949
-72.6947
-72.6944
-72.6941
-72.6936
-72.693
-72.6924
-72.6916
-72.6908
-72.6899
-72.6888
-72.6877
-72.6865
-72.6851
-72.6837
-72.6822
-72.6806
-72.6789
-72.6771
-72.6752
-72.6732
-72.6711
-72.6689
-72.6666
-72.6642
-72.6617
-72.6591
-72.6564
-72.6536
-72.6508
-72.6478
-72.6447
-72.6415
-72.6382
-72.6349
-72.6314
-72.6278
-72.6242
-72.6204
-72.6165
-72.6126
-72.6085
-72.6044
-72.6001
-72.5957
-72.5913
-72.5867
-72.5821
-72.5774
-72.5725
-72.5676
-72.5626
-72.5574
-72.5522
-72.5469
-72.5415
-72.5359
-72.5303
-72.5246
-72.5188
-72.5129
-72.5069
-72.5008
-72.4946
-72.4884
-72.482
-72.4755
-72.469
-72.4623
-72.4556
-72.4487
-72.4418
-72.4348
-72.4276
-72.4204
-72.4131
-72.4057
-72.3982
-72.3906
-72.383
-72.3752
-72.3674
-72.3594
-72.3514
-72.3433
-72.3351
-72.3268
-72.3184
-72.3099
-72.3013
-72.2927
-72.2839
-72.2751
-72.2662
-72.2572
-72.2481
-72.239
-72.2297
-72.2204
-72.2109
-72.2014
-72.1919
-72.1822
-72.1724
-72.1626
-72.1527
-72.1427
-72.1326
-72.1224
-72.1122
-72.1018
-72.0914
-72.081
-72.0704
-72.0598
-72.049
-72.0382
-72.0274
-72.0164
-72.0054
-71.9943
-71.9831
-71.9719
-71.9605
-71.9491
-71.9377
-71.9261
-71.9145
-71.9028
-71.891
-71.8792
-71.8673
-71.8553
-71.8433
-71.8312
-71.819
-71.8067
-71.7944
-71.782
-71.7696
-71.757
-71.7444
-71.7318
-71.7191
-71.7063
-71.6934
-71.6805
-71.6675
-71.6545
-71.6414
-71.6282
-71.615
-71.6017
-71.5884
-71.575
-71.5615
-71.548
-71.5344
-71.5207
-71.507
-71.4933
-71.4795
-71.4656
-71.4517
-71.4377
-71.4237
-71.4096
-71.3954
-71.3812
-71.367
-71.3527
-71.3383
-71.3239
-71.3095
-71.295
-71.2804
-71.2658
-71.2511
-71.2364
-71.2217
-71.2069
-71.1921
-71.1772
-71.1622
-71.1473
-71.1322
-71.1172
-71.1021
-71.0869
-71.0717
-71.0565
-71.0412
-71.0259
-71.0105
-70.9951
-70.9797
-70.9642
-70.9487
-70.9331
-70.9175
-70.9019
-70.8862
-70.8705
-70.8548
-70.839
-70.8232
-70.8073
-70.7915
-70.7755
-70.7596
-70.7436
-70.7276
-70.7116
-70.6955
-70.6794
-70.6633
-70.6471
-70.6309
-70.6147
-70.5985
-70.5822
-70.5659
-70.5496
-70.5332
-70.5168
-70.5004
-70.484
-70.4676
-70.4511
-70.4346
-70.4181
-70.4015
-70.385
-70.3684
-70.3518
-70.3351
-70.3185
-70.3018
-70.2851
-70.2684
-70.2517
-70.235
-70.2182
-70.2014
-70.1846
-70.1678
-70.151
-70.1342
-70.1173
-70.1004
-70.0836
-70.0667
-70.0498
-70.0328
-70.0159
-69.999
-69.982
-69.965
-69.9481
-69.9311
-69.9141
-69.8971
-69.8801
-69.8631
-69.846
-69.829
-69.8119
-69.7949
-69.7778
-69.7608
-69.7437
-69.7266
-69.7096
-69.6925
-69.6754
-69.6583
-69.6412
-69.6241
-69.607
-69.5899
-69.5728
-69.5557
-69.5386
-69.5215
-69.5044
-69.4873
-69.4702
-69.4531
-69.436
-69.4189
-69.4018
-69.3847
-69.3676
-69.3505
-69.3334
-69.3163
-69.2993
-69.2822
-69.2651
-69.2481
-69.231
-69.214
-69.1969
-69.1799
-69.1628
-69.1458
-69.1288
-69.1118
-69.0948
-69.0778
-69.0608
-69.0438
-69.0269
-69.0099
-68.993
-68.976
-68.9591
-68.9422
-68.9253
-68.9084
-68.8915
-68.8746
-68.8578
-68.8409
-68.8241
-68.8073
-68.7905
-68.7737
-68.7569
-68.7402
-68.7234
-68.7067
-68.69
-68.6733
-68.6566
-68.6399
-68.6233
-68.6066
-68.59
-68.5734
-68.5568
-68.5403
-68.5237
-68.5072
-68.4907
-68.4742
-68.4577
-68.4412
-68.4248
-68.4084
-68.392
-68.3756
-68.3593
-68.3429
-68.3266
-68.3103
-68.294
-68.2778
-68.2616
-68.2453
-68.2292
-68.213
-68.1968
-68.1807
-68.1646
-68.1486
-68.1325
-68.1165
-68.1005
-68.0845
-68.0685
-68.0526
-68.0367
-68.0208
-68.0049
-67.9891
-67.9733
-67.9575
-67.9418
-67.926
-67.9103
-67.8947
-67.879
-67.8634
-67.8478
-67.8322
-67.8167
-67.8012
-67.7857
-67.7702
-67.7548
-67.7394
-67.724
-67.7086
-67.6933
-67.678
-67.6627
-67.6475
-67.6323
-67.6171
-67.602
-67.5868
-67.5717
-67.5567
-67.5417
-67.5267
-67.5117
-67.4967
-67.4818
-67.467
-67.4521
-67.4373
-67.4225
-67.4078
-67.393
-67.3783
-67.3637
-67.3491
-67.3345
-67.3199
-67.3054
-67.2909
-67.2764
-67.262
-67.2476
-67.2332
-67.2189
-67.2045
-67.1903
-67.176
-67.1618
-67.1477
-67.1335
-67.1194
-67.1053
-67.0913
-67.0773
-67.0633
-67.0494
-67.0355
-67.0216
-67.0078
-66.994
-66.9802
-66.9665
-66.9528
-66.9392
-66.9255
-66.912
-66.8984
-66.8849
-66.8714
-66.858
-66.8446
-66.8312
-66.8179
-66.8046
-66.7913
-66.7781
-66.7649
-66.7517
-66.7386
-66.7255
-66.7125
-66.6994
-66.6865
-66.6735
-66.6606
-66.6478
-66.6349
-66.6221
-66.6094
-66.5967
-66.584
-66.5713
-66.5587
-66.5462
-66.5336
-66.5212
-66.5087
-66.4963
-66.4839
-66.4716
-66.4593
-66.447
-66.4348
-66.4226
-66.4105
-66.3984
-66.3863
-66.3743
-66.3623
-66.3503
-66.3384
-66.3266
-66.3147
-66.3029
-66.2912
-66.2794
-66.2678
-66.2561
-66.2445
-66.2329
-66.2214
-66.2099
-66.1985
-66.1871
-66.1757
-66.1644
-66.1531
-66.1418
-66.1306
-66.1195
-66.1083
-66.0972
-66.0862
-66.0752
-66.0642
-66.0533
-66.0424
-66.0316
-66.0208
-66.01
-65.9993
-65.9886
-65.9779
-65.9673
-65.9568
-65.9463
-65.9358
-65.9254
-65.915
-65.9046
-65.8943
-65.884
-65.8738
-65.8636
-65.8535
-65.8433
-65.8333
-65.8232
-65.8133
-65.8033
-65.7934
-65.7835
-65.7737
-65.7639
-65.7542
-65.7445
-65.7348
-65.7252
-65.7156
-65.7061
-65.6966
-65.6871
-65.6777
-65.6684
-65.659
-65.6498
-65.6405
-65.6313
-65.6222
-65.613
-65.604
-65.5949
-65.5859
-65.577
-65.5681
-65.5592
-65.5504
-65.5416
-65.5329
-65.5242
-65.5156
-65.507
-65.4984
-65.4899
-65.4814
-65.473
-65.4646
-65.4562
-65.4479
-65.4397
-65.4315
-65.4233
-65.4152
-65.4071
-65.399
-65.391
-65.383
-65.3751
-65.3672
-65.3594
-65.3516
-65.3439
-65.3361
-65.3285
-65.3208
-65.3133
-65.3057
-65.2982
-65.2908
-65.2833
-65.276
-65.2686
-65.2613
-65.2541
-65.2469
-65.2397
-65.2326
-65.2255
-65.2185
-65.2115
-65.2046
-65.1977
-65.1908
-65.184
-65.1772
-65.1705
-65.1638
-65.1572
-65.1506
-65.144
-65.1375
-65.131
-65.1246
-65.1182
-65.1118
-65.1055
-65.0993
-65.0931
-65.0869
-65.0808
-65.0747
-65.0686
-65.0626
-65.0567
-65.0508
-65.0449
-65.0391
-65.0333
-65.0276
-65.0219
-65.0162
-65.0106
-65.0051
-64.9995
-64.9941
-64.9886
-64.9832
-64.9779
-64.9726
-64.9673
-64.9621
-64.9569
-64.9518
-64.9467
-64.9417
-64.9367
-64.9317
-64.9268
-64.9219
-64.917
-64.9122
-64.9075
-64.9028
-64.8981
-64.8935
-64.8889
-64.8843
-64.8798
-64.8753
-64.8709
-64.8665
-64.8622
-64.8579
-64.8536
-64.8494
-64.8452
-64.8411
-64.837
-64.8329
-64.8289
-64.8249
-64.821
-64.8171
-64.8132
-64.8094
-64.8056
-64.8019
-64.7982
-64.7946
-64.791
-64.7874
-64.7839
-64.7804
-64.7769
-64.7735
-64.7701
-64.7668
-64.7635
-64.7603
-64.757
-64.7539
-64.7507
-64.7476
-64.7446
-64.7416
-64.7386
-64.7357
-64.7328
-64.7299
-64.7271
-64.7243
-64.7216
-64.7189
-64.7162
-64.7136
-64.711
-64.7084
-64.7059
-64.7035
-64.701
-64.6986
-64.6963
-64.6939
-64.6917
-64.6894
-64.6872
-64.685
-64.6829
-64.6808
-64.6787
-64.6767
-64.6747
-64.6728
-64.6709
-64.669
-64.6672
-64.6653
-64.6636
-64.6618
-64.6602
-64.6585
-64.6569
-64.6553
-64.6537
-64.6522
-64.6507
-64.6493
-64.6478
-64.6465
-64.6451
-64.6438
-64.6425
-64.6413
-64.6401
-64.6389
-64.6378
-64.6366
-64.6356
-64.6345
-64.6335
-64.6325
-64.6316
-64.6307
-64.6298
-64.6289
-64.6281
-64.6273
-64.6266
-64.6259
-64.6252
-64.6245
-64.6239
-64.6233
-64.6227
-64.6222
-64.6217
-64.6212
-64.6208
-64.6204
-64.62
-64.6196
-64.6193
-64.619
-64.6187
-64.6185
-64.6183
-64.6181
-64.6179
-64.6178
-64.6177
-64.6176
-64.6176
-64.6176
-64.6176
-64.6176
-64.6177
-64.6177
-64.6179
-64.618
-64.6182
-64.6184
-64.6186
-64.6188
-64.6191
-64.6194
-64.6197
-64.62
-64.6204
-64.6208
-64.6212
-64.6217
-64.6221
-64.6226
-64.6231
-64.6236
-64.6242
-64.6248
-64.6254
-64.626
-64.6266
-64.6273
-64.628
-64.6287
-64.6294
-64.6302
-64.6309
-64.6317
-64.6325
-64.6334
-64.6342
-64.6351
-64.636
-64.6369
-64.6378
-64.6388
-64.6397
-64.6407
-64.6417
-64.6427
-64.6438
-64.6448
-64.6459
-64.647
-64.6481
-64.6492
-64.6503
-64.6515
-64.6527
-64.6539
-64.6551
-64.6563
-64.6575
-64.6588
-64.66
-64.6613
-64.6626
-64.6639
-64.6652
-64.6666
-64.6679
-64.6693
-64.6707
-64.672
-64.6734
-64.6749
-64.6763
-64.6777
-64.6792
-64.6806
-64.6821
-64.6836
-64.6851
-64.6866
-64.6881
-64.6896
-64.6912
-64.6927
-64.6943
-64.6959
-64.6974
-64.699
-64.7006
-64.7022
-64.7038
-64.7055
-64.573
-64.3534
-64.0696
-63.736
-63.3628
-62.958
-62.5277
-62.077
-61.61
-61.1298
-60.6393
-60.1406
-59.6354
-59.1253
-58.6115
-58.0949
-57.5763
-57.0564
-56.5354
-56.0139
-55.4919
-54.9696
-54.4469
-53.9236
-53.3996
-52.8744
-52.3476
-51.8187
-51.2868
-50.7512
-50.2109
-49.6648
-49.1117
-48.5501
-47.9783
-47.3946
-46.7969
-46.1828
-45.5497
-44.8946
-44.2143
-43.5049
-42.7621
-41.9811
-41.1564
-40.2817
-39.3498
-38.3527
-37.2809
-36.124
-34.8697
-33.5042
-32.012
-30.3753
-28.5747
-26.5885
-24.3935
-21.9658
-19.2814
-16.3191
-13.0629
-9.50642
-5.65835
-1.54807
2.7692
7.20978
11.6637
16.0027
20.0937
23.8153
27.0736
29.8124
32.017
33.7094
34.9389
35.7701
36.2719
36.5094
36.539
36.4068
36.1484
35.7909
35.3542
34.8528
34.2972
33.6953
33.0531
32.375
31.6648
30.9254
30.1595
29.3693
28.557
27.7244
26.8732
26.0051
25.1216
24.2243
23.3145
22.3935
21.4626
20.5229
19.5757
18.6219
17.6626
16.6988
15.7313
14.761
13.7886
12.815
11.8408
10.8667
9.89317
8.92089
7.95033
6.98196
6.01621
5.05348
4.09411
3.13843
2.18673
1.23928
0.2963
-0.642
-1.57544
-2.50387
-3.42715
-4.34518
-5.25787
-6.16516
-7.06697
-7.96329
-8.85408
-9.73934
-10.6191
-11.4934
-12.3622
-13.2256
-14.0837
-14.9365
-15.7841
-16.6268
-17.4645
-18.2974
-19.1257
-19.9495
-20.769
-21.5846
-22.3963
-23.2044
-24.0093
-24.8113
-25.6107
-26.4078
-27.2031
-27.9971
-28.7902
-29.5829
-30.3759
-31.1697
-31.965
-32.7625
-33.563
-34.3673
-35.1762
-35.9907
-36.8117
-37.6402
-38.4773
-39.3239
-40.1813
-41.0506
-41.9327
-42.8289
-43.7401
-44.6673
-45.6113
-46.5728
-47.5523
-48.55
-49.5656
-50.5985
-51.6477
-52.7113
-53.7869
-54.8714
-55.9606
-57.0497
-58.133
-59.2039
-60.2554
-61.28
-62.2703
-63.2187
-64.1186
-64.9642
-65.7508
-66.4753
-67.1361
-67.733
-68.2674
-68.7417
-69.1596
-69.5251
-69.8429
-70.1178
-70.3545
-70.5577
-70.7315
-70.88
-71.0066
-71.1146
-71.2068
-71.2854
-71.3527
-71.4103
-71.4599
-71.5026
-71.5396
-71.5718
-71.5999
-71.6246
-71.6464
-71.6658
-71.6832
-71.6989
-71.7131
-71.726
-71.7379
-71.7489
-71.7592
-71.7688
-71.7779
-71.7864
-71.7946
-71.8024
-71.8099
-71.8172
-71.8241
-71.8309
-71.8375
-71.844
-71.8502
-71.8564
-71.8624
-71.8683
-71.8741
-71.8798
-71.8854
-71.8909
-71.8964
-71.9017
-71.907
-71.9122
-71.9174
-71.9224
-71.9274
-71.9323
-71.9372
-71.942
-71.9467
-71.9513
-71.9559
-71.9604
-71.9648
-71.9692
-71.9735
-71.9777
-71.9819
-71.9859
-71.99
-71.9939
-71.9978
-72.0015
-72.0053
-72.0089
-72.0125
-72.0159
-72.0193
-72.0227
-72.0259
-72.0291
-72.0322
-72.0352
-72.0381
-72.041
-72.0437
-72.0464
-72.049
-72.0515
-72.054
-72.0563
-72.0586
-72.0608
-72.0628
-72.0648
-72.0668
-72.0686
-72.0703
-72.072
-72.0735
-72.075
-72.0764
-72.0776
-72.0788
-72.0799
-72.0809
-72.0819
-72.0827
-72.0834
-72.0841
-72.0846
-72.0851
-72.0854
-72.0857
-72.0858
-72.0859
-72.0859
-72.0858
-72.0856
-72.0853
-72.0849
-72.0844
-72.0838
-72.0831
-72.0823
-72.0814
-72.0804
-72.0794
-72.0782
-71.9341
-71.7022
-71.4096
-71.0729
-70.7036
-70.3106
-69.9003
-69.478
-69.0478
-68.6128
-68.1757
-67.7385
-67.3029
-66.8703
-66.4418
-66.0182
-65.6003
-65.1886
-64.7837
-64.386
-63.9957
-63.6131
-63.2384
-62.8717
-62.5131
-62.1626
-61.8203
-61.4861
-61.1601
-60.8422
-60.5324
-60.2304
-59.9363
-59.65
-59.3713
-59.1001
-58.8363
-58.5797
-58.3302
-58.0876
-57.8519
-57.5124
-57.1149

