-65
-64.9994
-64.9988
-64.9982
-64.9977
-64.9971
-64.9965
-64.996
-64.9954
-64.9949
-64.9943
-64.9938
-64.9932
-64.9927
-64.9922
-64.9917
-64.9912
-64.9906
-64.9901
-64.9896
-64.9891
-64.9886
-64.9881
-64.9876
-64.9872
-64.9867
-64.9862
-64.9857
-64.9852
-64.9848
-64.9843
-64.9838
-64.9834
-64.9829
-64.9825
-64.982
-64.9816
-64.9811
-64.9807
-64.9802
-64.9798
-64.9794
-64.9789
-64.9785
-64.9781
-64.9777
-64.9772
-64.9768
-64.9764
-64.976
-64.9756
-64.9752
-64.9748
-64.9744
-64.974
-64.9736
-64.9732
-64.9728
-64.9725
-64.9721
-64.9717
-64.9713
-64.971
-64.9706
-64.9702
-64.9699
-64.9695
-64.9692
-64.9688
-64.9685
-64.9681
-64.9678
-64.9675
-64.9671
-64.9668
-64.9665
-64.9661
-64.9658
-64.9655
-64.9652
-64.9649
-64.9646
-64.9642
-64.9639
-64.9636
-64.9633
-64.963
-64.9628
-64.9625
-64.9622
-64.9619
-64.9616
-64.9613
-64.9611
-64.9608
-64.9605
-64.9603
-64.96
-64.9598
-64.9595
-64.9592
-64.959
-64.9588
-64.9585
-64.9583
-64.958
-64.9578
-64.9576
-64.9573
-64.9571
-64.9569
-64.9567
-64.9565
-64.9562
-64.956
-64.9558
-64.9556
-64.9554
-64.9552
-64.955
-64.9548
-64.9546
-64.9545
-64.9543
-64.9541
-64.9539
-64.9537
-64.9536
-64.9534
-64.9532
-64.9531
-64.9529
-64.9527
-64.9526
-64.9524
-64.9523
-64.9521
-64.952
-64.9519
-64.9517
-64.9516
-64.9514
-64.9513
-64.9512
-64.9511
-64.9509
-64.9508
-64.9507
-64.9506
-64.9505
-64.9504
-64.9503
-64.9502
-64.95
-64.9499
-64.9499
-64.9498
-64.9497
-64.9496
-64.9495
-64.9494
-64.9493
-64.9492
-64.9492
-64.9491
-64.949
-64.9489
-64.9489
-64.9488
-64.9487
-64.9487
-64.9486
-64.9486
-64.9485
-64.9485
-64.9484
-64.9484
-64.9483
-64.9483
-64.9482
-64.9482
-64.9482
-64.9481
-64.9481
-64.9481
-64.948
-64.948
-64.948
-64.948
-64.948
-64.9479
-64.9479
-64.9479
-64.9479
-64.9479
-64.9479
-64.9479
-64.9479
-64.9479
-64.9479
-64.9479
-64.9479
-64.9479
-64.9479
-64.9479
-64.9479
-64.9479
-64.9479
-64.948
-64.948
-64.948
-64.948
-64.9481
-64.9481
-64.9481
-64.9481
-64.9482
-64.9482
-64.9482
-64.9483
-64.9483
-64.9483
-64.9484
-64.9484
-64.9485
-64.9485
-64.9486
-64.9486
-64.9487
-64.9487
-64.9488
-64.9488
-64.9489
-64.9489
-64.949
-64.9491
-64.9491
-64.9492
-64.9492
-64.9493
-64.9494
-64.9494
-64.9495
-64.9496
-64.9497
-64.9497
-64.9498
-64.9499
-64.95
-64.95
-64.9501
-64.9502
-64.9503
-64.9504
-64.9504
-64.9505
-64.9506
-64.9507
-64.9508
-64.9509
-64.951
-64.951
-64.9511
-64.9512
-64.9513
-64.9514
-64.9515
-64.9516
-64.9517
-64.9518
-64.9519
-64.952
-64.9521
-64.9522
-64.9523
-64.9524
-64.9525
-64.9526
-64.9527
-64.9528
-64.9529
-64.953
-64.9532
-64.9533
-64.9534
-64.9535
-64.9536
-64.9537
-64.9538
-64.9539
-64.954
-64.9542
-64.9543
-64.9544
-64.9545
-64.9546
-64.9547
-64.9548
-64.955
-64.9551
-64.9552
-64.9553
-64.9554
-64.9556
-64.9557
-64.9558
-64.9559
-64.956
-64.9562
-64.9563
-64.9564
-64.9565
-64.9566
-64.9568
-64.9569
-64.957
-64.9571
-64.9573
-64.9574
-64.9575
-64.9576
-64.9578
-64.9579
-64.958
-64.9581
-64.9583
-64.9584
-64.9585
-64.9587
-64.9588
-64.9589
-64.959
-64.9592
-64.9593
-64.9594
-64.9595
-64.9597
-64.9598
-64.9599
-64.96
-64.9602
-64.9603
-64.9604
-64.9606
-64.9607
-64.9608
-64.9609
-64.9611
-64.9612
-64.9613
-64.9614
-64.9616
-64.9617
-64.9618
-64.962
-64.9621
-64.9622
-64.9623
-64.9625
-64.9626
-64.9627
-64.9628
-64.963
-64.9631
-64.9632
-64.9633
-64.9635
-64.9636
-64.9637
-64.9638
-64.964
-64.9641
-64.9642
-64.9643
-64.9645
-64.9646
-64.9647
-64.9648
-64.9649
-64.9651
-64.9652
-64.9653
-64.9654
-64.9655
-64.9657
-64.9658
-64.9659
-64.966
-64.9661
-64.9663
-64.9664
-64.9665
-64.9666
-64.9667
-64.9668
-64.967
-64.9671
-64.9672
-64.9673
-64.9674
-64.9675
-64.9677
-64.9678
-64.9679
-64.968
-64.9681
-64.9682
-64.9683
-64.9684
-64.9685
-64.9687
-64.9688
-64.9689
-64.969
-64.9691
-64.9692
-64.9693
-64.9694
-64.9695
-64.9696
-64.9697
-64.9698
-64.9699
-64.97
-64.9701
-64.9702
-64.9703
-64.9704
-64.9705
-64.9706
-64.9707
-64.9708
-64.9709
-64.971
-64.9711
-64.9712
-64.9713
-64.9714
-64.9715
-64.9716
-64.9717
-64.9718
-64.9719
-64.972
-64.9721
-64.8375
-64.6155
-64.3289
-63.9924
-63.6161
-63.2081
-62.7745
-62.3206
-61.8502
-61.3667
-60.8729
-60.3709
-59.8625
-59.3493
-58.8324
-58.3129
-57.7915
-57.2688
-56.7454
-56.2215
-55.6973
-55.1729
-54.6484
-54.1236
-53.5982
-53.072
-52.5444
-52.015
-51.483
-50.9476
-50.408
-49.863
-49.3114
-48.7518
-48.1827
-47.6021
-47.0083
-46.3987
-45.771
-45.1222
-44.449
-43.7478
-43.0145
-42.2443
-41.4319
-40.5711
-39.6551
-38.676
-37.6246
-36.4907
-35.2625
-33.9266
-32.4676
-30.8684
-29.1097
-27.1702
-25.0269
-22.6554
-20.0316
-17.1328
-13.9411
-10.4468
-6.65428
-2.5872
1.70559
6.14675
10.6312
15.0328
19.2169
23.0568
26.45
29.3304
31.6736
33.4937
34.8351
35.7604
36.339
36.6377
36.7159
36.6222
36.3444
35.944
35.4551
34.8989
34.2895
33.6365
32.9466
32.2251
31.4756
30.7014
29.9051
29.089
28.255
27.405
26.5407
25.6635
24.775
23.8766
22.9695
22.0548
21.1339
20.2076
19.277
18.3431
17.4068
16.4688
15.5299
14.5908
13.6523
12.7149
11.7791
10.8456
9.91473
8.987
8.0628
7.14249
6.2264
5.31482
4.40803
3.50626
2.60972
1.7186
0.83306
-0.0467675
-0.920759
-1.78882
-2.65087
-3.50684
-4.35669
-5.20038
-6.0379
-6.86923
-7.69438
-8.51337
-9.32621
-10.1329
-10.9336
-11.7283
-12.517
-13.2999
-14.077
-14.8261
-15.5576
-16.2758
-16.983
-17.6802
-18.3683
-19.048
-19.7196
-20.3835
-21.0402
-21.6899
-22.333
-22.9697
-23.6004
-24.2254
-24.8451
-25.4598
-26.0698
-26.6755
-27.2772
-27.8754
-28.4706
-29.0629
-29.6531
-30.2414
-30.8284
-31.4145
-32.0004
-32.5863
-33.173
-33.761
-34.3509
-34.9431
-35.5383
-36.137
-36.7398
-37.3473
-37.9598
-38.578
-39.2021
-39.8325
-40.4693
-41.1127
-41.7625
-42.4185
-43.0802
-43.7468
-44.4172
-45.0902
-45.764
-46.4367
-47.106
-47.7693
-48.4238
-49.0665
-49.6944
-50.3044
-50.8938
-51.4597
-51.9999
-52.5123
-52.9956
-53.4488
-53.8712
-54.2628
-54.6241
-54.9559
-55.2592
-55.5355
-55.7862
-56.0131
-56.2179
-56.4025
-56.5685
-56.7176
-56.8516
-56.9719
-57.08
-57.1772
-57.2648
-57.3439
-57.4155
-57.4804
-57.5396
-57.5937
-57.6435
-57.6894
-57.732
-57.7718
-57.8091
-57.8444
-57.8778
-57.9098
-57.9405
-57.9701
-57.9989
-58.027
-58.0545
-58.0816
-58.1083
-58.1349
-58.1612
-58.1875
-58.2137
-58.24
-58.2664
-58.2929
-58.3196
-58.3464
-58.3735
-58.4008
-58.4283
-58.4561
-58.4842
-58.5126
-58.5412
-58.5702
-58.5995
-58.6291
-58.659
-58.6893
-58.7198
-58.7507
-58.7818
-58.8133
-58.8451
-58.8772
-58.9096
-58.9423
-58.9753
-59.0085
-59.0421
-59.0759
-59.11
-59.1444
-59.179
-59.2139
-59.2491
-59.2845
-59.3201
-59.3559
-59.392
-59.4283
-59.4648
-59.5016
-59.5385
-59.5756
-59.6129
-59.6504
-59.6881
-59.7259
-59.7639
-59.8021
-59.8404
-59.8789
-59.9175
-59.9563
-59.9952
-60.0342
-60.0733
-60.1126
-60.1519
-60.1914
-60.231
-60.2707
-60.3104
-60.3503
-60.3902
-60.4302
-60.4702
-60.5104
-60.5506
-60.5908
-60.6311
-60.6715
-60.7119
-60.7523
-60.7928
-60.8333
-60.8738
-60.9144
-60.9549
-60.9955
-61.0361
-61.0767
-61.1173
-61.1579
-61.1985
-61.2391
-61.2797
-61.3203
-61.3608
-61.4013
-61.4418
-61.4823
-61.5228
-61.5632
-61.6035
-61.6439
-61.6842
-61.7244
-61.7646
-61.8047
-61.8448
-61.8849
-61.9248
-61.9647
-62.0046
-62.0444
-62.0841
-62.1237
-62.1633
-62.2027
-62.2421
-62.2815
-62.3207
-62.3599
-62.3989
-62.4379
-62.4768
-62.5156
-62.5543
-62.5929
-62.6313
-62.6697
-62.708
-62.7462
-62.7843
-62.8223
-62.8601
-62.8979
-62.9355
-62.973
-63.0104
-62.9269
-62.7713
-62.5674
-62.3293
-62.0666
-61.7864
-61.4938
-61.193
-60.887
-60.5782
-60.2684
-59.9591
-59.6516
-59.3466
-59.0451
-58.7475
-58.4543
-58.1659
-57.8827
-57.6048
-57.3325
-57.0658
-56.8049
-56.5498
-56.3006
-56.0573
-55.8199
-55.4842
-55.0951
-54.6738
-54.233
-53.7811
-53.324
-52.8659
-52.4101
-51.9586
-51.5132
-51.0749
-50.6446
-50.2227
-49.8097
-49.4055
-49.0103
-48.624
-48.2463
-47.8772
-47.5163
-47.1634
-46.8182
-46.4802
-46.1492
-45.8248
-45.5066
-45.1943
-44.8874
-44.5856
-44.2884
-43.9956
-43.7067
-43.4214
-43.1392
-42.8599
-42.583
-42.3082
-42.0352
-41.7636
-41.493
-41.2231
-40.9537
-40.6843
-40.4146
-40.1443
-39.873
-39.6006
-39.3265
-39.0505
-38.7723
-38.4914
-38.2077
-37.9207
-37.6301
-37.3355
-37.0367
-36.7331
-36.4244
-36.1103
-35.7904
-35.4642
-35.1312
-34.7912
-34.4435
-34.0878
-33.7235
-33.3502
-32.9673
-32.5743
-32.1705
-31.7555
-31.3286
-30.8892
-30.4366
-29.9701
-29.4891
-28.9927
-28.4803
-27.9511
-27.4043
-26.839
-26.2545
-25.6498
-25.0242
-24.3766
-23.7063
-23.0125
-22.2941
-21.5506
-20.7813
-19.9854
-19.1626
-18.3128
-17.4361
-16.5329
-15.6043
-14.652
-13.6786
-12.6877
-11.6839
-10.6735
-9.66397
-8.65021
-7.65323
-6.68936
-5.77334
-4.91885
-4.13839
-3.44284
-2.84092
-2.3389
-1.94035
-1.64618
-1.45483
-1.36264
-1.36431
-1.45334
-1.62252
-1.8643
-2.17115
-2.53577
-2.95124
-3.41116
-3.90969
-4.44152
-5.00192
-5.58665
-6.19197
-6.81455
-7.45147
-8.10014
-8.75827
-9.42387
-10.0952
-10.7706
-11.4488
-12.1286
-12.8089
-13.4888
-14.1674
-14.8441
-15.5183
-16.1893
-16.8568
-17.5203
-18.1796
-18.8343
-19.4841
-20.129
-20.7687
-21.4032
-22.0323
-22.656
-23.2743
-23.8872
-24.4948
-25.0969
-25.6939
-26.2856
-26.8724
-27.4542
-28.0312
-28.6037
-29.1717
-29.7356
-30.2954
-30.8516
-31.4041
-31.9535
-32.4999
-33.0437
-33.5851
-34.1244
-34.6621
-35.1985
-35.734
-36.2688
-36.8036
-37.3385
-37.8741
-38.4108
-38.9491
-39.4893
-40.0319
-40.5774
-41.1261
-41.6784
-42.2349
-42.7957
-43.3613
-43.9318
-44.5075
-45.0885
-45.6746
-46.2659
-46.8619
-47.4623
-48.0663
-48.6731
-49.2816
-49.8903
-50.4976
-51.1018
-51.7006
-52.2918
-52.8728
-53.4412
-53.9943
-54.5297
-55.0451
-55.5382
-56.0075
-56.4514
-56.8689
-57.2595
-57.6231
-57.9599
-58.2706
-58.556
-58.8175
-59.0562
-59.2738
-59.4717
-59.6517
-59.8153
-59.964
-60.0993
-60.2226
-60.3352
-60.4382
-60.5328
-60.6199
-60.7005
-60.7752
-60.8449
-60.9102
-60.9715
-61.0295
-61.0845
-61.1369
-61.1871
-61.2353
-61.2817
-61.3267
-61.3704
-61.413
-61.4546
-61.4954
-61.5354
-61.5748
-61.6136
-61.652
-61.69
-61.7276
-61.7649
-61.8019
-61.8387
-61.8753
-61.9117
-61.948
-61.9842
-62.0202
-62.0562
-62.0921
-62.1279
-62.1636
-62.1993
-62.235
-62.2706
-62.3062
-62.3418
-62.3774
-62.4129
-62.4484
-62.4839
-62.5193
-62.5548
-62.5902
-62.6256
-62.661
-62.6963
-62.7317
-62.767
-62.8023
-62.8375
-62.8728
-62.908
-62.9432
-62.9783
-63.0134
-63.0485
-63.0835
-63.1185
-63.1535
-63.1884
-63.2232
-63.258
-63.2928
-63.3275
-63.3622
-63.3968
-63.4313
-63.4658
-63.5002
-63.5345
-63.5688
-63.603
-63.6372
-63.6712
-63.7052
-63.7391
-63.773
-63.8067
-63.8404
-63.874
-63.9075
-63.9409
-63.9742
-64.0074
-64.0406
-64.0736
-64.1066
-64.1394
-64.1722
-64.2048
-64.2374
-64.2698
-64.3022
-64.3344
-64.3665
-64.3985
-64.4304
-64.4622
-64.4939
-64.5255
-64.5569
-64.5883
-64.6195
-64.6506
-64.6816
-64.7124
-64.7432
-64.7738
-64.8043
-64.8346
-64.8649
-64.895
-64.925
-64.9548
-64.9845
-65.0141
-65.0436
-65.0729
-65.1021
-65.1312
-65.1601
-65.1889
-65.2176
-65.2461
-65.2745
-65.3027
-65.3309
-65.3588
-65.3867
-65.4144
-65.4419
-65.4693
-65.4966
-65.5237
-65.5507
-65.5776
-65.6043
-65.6308
-65.6573
-65.5552
-65.3751
-65.1414
-64.8692
-64.5686
-64.2473
-63.911
-63.5643
-63.2107
-62.8528
-62.4929
-62.1327
-61.7737
-61.4169
-61.0633
-60.7137
-60.3685
-60.0285
-59.6938
-59.3649
-59.042
-58.7253
-58.415
-58.1112
-57.814
-57.5233
-57.2394
-56.962
-56.6913
-56.4272
-56.1696
-55.9184
-55.6737
-55.4353
-55.203
-54.9769
-54.7568
-54.5425
-54.334
-54.1311
-53.9338
-53.7418
-53.5551
-53.3735
-53.1968
-53.0251
-52.8581
-52.6957
-52.5378
-52.3842
-52.2349
-52.0897
-51.9485
-51.8112
-51.6777
-51.5478
-51.4215
-51.2986
-51.1791
-51.0629
-50.9498
-50.8399
-50.7329
-50.6288
-50.5275
-50.429
-50.3332
-50.24
-50.1493
-50.0611
-49.9753
-49.8918
-49.8107
-49.7318
-49.655
-49.5805
-49.508
-49.4375
-49.3691
-49.3026
-49.2381
-49.1755
-49.1147
-49.0558
-48.9986
-48.9433
-48.8896
-48.8378
-48.7876
-48.7391
-48.6922
-48.647
-48.6034
-48.5615
-48.5211
-48.4823
-48.4451
-48.4095
-48.3754
-48.3429
-48.3119
-48.2824
-48.2545
-48.2281
-48.2033
-48.1799
-48.1581
-48.1378
-48.1191
-48.1018
-48.0861
-48.072
-48.0594
-48.0483
-48.0389
-48.0309
-48.0246
-48.0199
-48.0167
-48.0152
-48.0152
-48.0169
-48.0203
-48.0253
-48.032
-48.0403
-48.0504
-48.0622
-48.0758
-48.091
-48.1081
-48.127
-48.1477
-48.1702
-48.1946
-48.2208
-48.249
-48.2791
-48.3112
-48.3452
-48.3813
-48.4194
-48.4595
-48.5018
-48.5461
-48.5926
-48.6413
-48.6921
-48.7452
-48.8005
-48.8581
-48.9179
-48.9802
-49.0447
-49.1117
-49.1811
-49.2529
-49.3271
-49.4039
-49.4832
-49.565
-49.6493
-49.7362
-49.8258
-49.9179
-50.0126
-50.11
-50.2101
-50.3128
-50.4181
-50.5261
-50.6368
-50.7502
-50.8662
-50.9849
-51.1063
-51.2302
-51.3568
-51.486
-51.6177
-51.752
-51.8887
-52.0279
-52.1696
-52.3135
-52.4598
-52.6084
-52.7591
-52.9119
-53.0668
-53.2236
-53.3823
-53.5428
-53.7049
-53.8687
-54.0339
-54.2005
-54.3684
-54.5374
-54.7075
-54.8784
-55.0502
-55.2226
-55.3955
-55.5688
-55.7424
-55.9161
-56.0897
-56.2633
-56.4366
-56.6095
-56.7819
-56.9536
-57.1245
-57.2945
-57.4635
-57.6314
-57.7981
-57.9634
-58.1273
-58.2896
-58.4503
-58.6093
-58.7665
-58.9218
-59.0752
-59.2266
-59.376
-59.5232
-59.6683
-59.8113
-59.952
-60.0905
-60.2267
-60.3607
-60.4924
-60.6217
-60.7488
-60.8736
-60.996
-61.1162
-61.2341
-61.3497
-61.4631
-61.5743
-61.6833
-61.7901
-61.8947
-61.9973
-62.0977
-62.1961
-62.2925
-62.3869
-62.4793
-62.5698
-62.6585
-62.7453
-62.8303
-62.9135
-62.995
-63.0748
-63.1529
-63.2295
-63.3044
-63.3778
-63.4497
-63.5201
-63.5891
-63.6567
-63.7229
-63.7878
-63.8514
-63.9137
-63.9748
-64.0346
-64.0933
-64.1509
-64.2073
-64.2626
-64.3169
-64.3702
-64.4224
-64.4737
-64.524
-64.5734
-64.6218
-64.6694
-64.7161
-64.762
-64.8071
-64.8513
-64.8948
-64.9375
-64.9795
-65.0207
-65.0613
-65.1011
-65.1403
-65.1789
-65.2167
-65.254
-65.2907
-65.3267
-65.3622
-65.3971
-65.4314
-65.4652
-65.4985
-65.5313
-65.5635
-65.5953
-65.6265
-65.6573
-65.6876
-65.7175
-65.7469
-65.7759
-65.8044
-65.8326
-65.8603
-65.8876
-65.9145
-65.9411
-65.9672
-65.993
-66.0184
-66.0435
-66.0682
-66.0925
-66.1165
-66.1402
-66.1636
-66.1866
-66.2093
-66.2317
-66.2538
-66.2756
-66.2971
-66.3183
-66.3392
-66.3598
-66.3801
-66.4002
-66.42
-66.4395
-66.4588
-66.4778
-66.4966
-66.5151
-66.5333
-66.5513
-66.5691
-66.5866
-66.6039
-66.621
-66.6378
-66.6544
-66.6708
-66.6869
-66.7029
-66.7186
-66.7341
-66.7494
-66.7645
-66.7793
-66.794
-66.8085
-66.8228
-66.8368
-66.8507
-66.8644
-66.8779
-66.8912
-66.9043
-66.9173
-66.93
-66.9426
-66.955
-66.9672
-66.9792
-66.9911
-67.0028
-67.0143
-67.0256
-67.0368
-67.0478
-67.0587
-67.0693
-67.0799
-67.0902
-67.1004
-67.1105
-67.1203
-67.1301
-67.1396
-67.1491
-67.1583
-67.1674
-67.1764
-67.1852
-67.1939
-67.2024
-67.2108
-67.219
-67.2271
-67.2351
-67.2429
-67.2506
-67.2581
-67.2655
-67.2728
-67.2799
-67.2869
-67.2937
-67.3005
-67.3071
-67.3135
-67.3199
-67.3261
-67.3321
-67.3381
-67.3439
-67.3496
-67.3552
-67.3607
-67.366
-67.3712
-67.3763
-67.3813
-67.3861
-67.3909
-67.3955
-67.4
-67.4044
-67.4087
-67.4128
-67.4169
-67.4208
-67.4246
-67.4284
-67.432
-67.4355
-67.4389
-67.4421
-67.4453
-67.4484
-67.4513
-67.4542
-67.4569
-67.4596
-67.4621
-67.4646
-67.4669
-67.4692
-67.4713
-67.4734
-67.4753
-67.4772
-67.4789
-67.4806
-67.4821
-67.4836
-67.485
-67.4863
-67.4874
-67.4885
-67.4895
-67.4905
-67.4913
-67.492
-67.4927
-67.4932
-67.4937
-67.4941
-67.4944
-67.4946
-67.4947
-67.4947
-67.4947
-67.4946
-67.4943
-67.4941
-67.4937
-67.4932
-67.4927
-67.4921
-67.4914
-67.4906
-67.4898
-67.4888
-67.4878
-67.4868
-67.4856
-67.4844
-67.4831
-67.4817
-67.4802
-67.4787
-67.4771
-67.4754
-67.4737
-67.4719
-67.47
-67.4681
-67.4661
-67.464
-67.4618
-67.4596
-67.4573
-67.455
-67.4526
-67.4501
-67.4475
-67.4449
-67.4422
-67.4395
-67.4367
-67.4339
-67.4309
-67.428
-67.4249
-67.4218
-67.4187
-67.4154
-67.4122
-67.4088
-67.4054
-67.402
-67.3985
-67.3949
-67.3913
-67.3876
-67.3839
-67.3802
-67.3763
-67.3724
-67.3685
-67.3645
-67.3605
-67.3564
-67.3523
-67.3481
-67.3439
-67.3396
-67.3352
-67.3309
-67.3264
-67.322
-67.3174
-67.3129
-67.3083
-67.3036
-67.2989
-67.2942
-67.2894
-67.2845
-67.2797
-67.2747
-67.2698
-67.2648
-67.2597
-67.2546
-67.2495
-67.2444
-67.2391
-67.2339
-67.2286
-67.2233
-67.2179
-67.2126
-67.2071
-67.2017
-67.1961
-67.1906
-67.185
-67.1794
-67.1738
-67.1681
-67.1624
-67.1567
-67.1509
-67.1451
-67.1392
-67.1334
-67.1275
-67.1215
-67.1156
-67.1096
-67.1035
-67.0975
-67.0914
-67.0853
-67.0792
-67.073
-67.0668
-67.0606
-67.0544
-67.0481
-67.0418
-67.0355
-67.0291
-67.0228
-67.0164
-67.01
-67.0035
-66.9971
-66.9906
-66.9841
-66.9776
-66.971
-66.9644
-66.9579
-66.9512
-66.9446
-66.938
-66.9313
-66.9246
-66.9179
-66.9112
-66.9044
-66.8977
-66.8909
-66.8841
-66.8773
-66.8704
-66.8636
-66.8567
-66.8498
-66.843
-66.836
-66.8291
-66.8222
-66.6771
-66.4425
-66.1422
-65.7911
-65.4
-64.9771
-64.5289
-64.0605
-63.5763
-63.0796
-62.5733
-62.0597
-61.5408
-61.0181
-60.493
-59.9666
-59.4398
-58.9134
-58.3879
-57.864
-57.3419
-56.8219
-56.3044
-55.7893
-55.2767
-54.7667
-54.259
-53.7535
-53.2499
-52.7478
-52.2469
-51.7467
-51.2464
-50.7456
-50.2433
-49.7387
-49.2308
-48.7185
-48.2006
-47.6757
-47.1423
-46.5987
-46.0429
-45.473
-44.8867
-44.2812
-43.6538
-43.0013
-42.32
-41.606
-40.8547
-40.0611
-39.2193
-38.323
-37.3649
-36.3366
-35.2288
-34.0311
-32.7317
-31.3172
-29.773
-28.0828
-26.2292
-24.1936
-21.9567
-19.5
-16.8066
-13.8638
-10.6657
-7.21729
-3.53781
0.334669
4.3407
8.39921
12.4109
16.2659
19.8549
23.0822
25.8773
28.2018
30.0509
31.4489
32.4408
33.0824
33.4319
33.544
33.4659
33.2369
32.8878
32.4425
31.919
31.331
30.6889
30.0005
29.272
28.5084
27.7136
26.8911
26.0438
25.1742
24.2491
23.2941
22.3207
21.3351
20.3411
19.3416
18.3383
17.3329
16.3267
15.3209
14.3163
13.3139
12.3144
11.3186
10.3271
9.34037
8.35902
7.38346
6.4141
5.45129
4.49533
3.54649
2.60501
1.67107
0.744836
-0.173555
-1.084
-1.98641
-2.88074
-3.76694
-4.645
-5.51491
-6.3767
-7.23039
-8.07602
-8.91365
-9.74333
-10.5652
-11.3792
-12.1856
-12.9843
-13.7756
-14.5596
-15.3363
-16.1059
-16.8686
-17.6245
-18.3737
-19.1164
-19.8529
-20.5832
-21.3076
-22.0263
-22.7396
-23.4476
-24.1506
-24.8488
-25.5427
-26.2324
-26.9184
-27.6008
-28.2802
-28.9569
-29.6313
-30.3038
-30.975
-31.6453
-32.3152
-32.9852
-33.656
-34.3281
-35.0022
-35.6788
-36.3586
-37.0424
-37.7308
-38.4245
-39.1242
-39.8306
-40.5444
-41.2661
-41.9963
-42.7356
-43.4844
-44.2428
-45.011
-45.7889
-46.5762
-47.3721
-48.1758
-48.9858
-49.8004
-50.6174
-51.434
-52.2472
-53.0532
-53.8483
-54.6281
-55.3884
-56.1247
-56.8328
-57.5088
-58.1495
-58.752
-59.3144
-59.8354
-60.3145
-60.7521
-61.1493
-61.5075
-61.8289
-62.1158
-62.3708
-62.5968
-62.7964
-62.9723
-63.1271
-63.2634
-63.3832
-63.4887
-63.5817
-63.6639
-63.7367
-63.8016
-63.8595
-63.9115
-63.9585
-64.0012
-64.0403
-64.0762
-64.1095
-64.1407
-64.1699
-64.1976
-64.224
-64.2492
-64.2736
-64.2972
-64.3202
-64.3427
-64.3647
-64.3865
-64.408
-64.4293
-64.4504
-64.4715
-64.4924
-64.5134
-64.5343
-64.5552
-64.5762
-64.5972
-64.6183
-64.6394
-64.6606
-64.6819
-64.7032
-64.7246
-64.7462
-64.7678
-64.7895
-64.8113
-64.8332
-64.8552
-64.8773
-64.8994
-64.9217
-64.944
-64.9664
-64.9889
-65.0115
-65.0341
-65.0568
-65.0796
-65.1024
-65.1253
-65.1483
-65.1713
-65.1944
-65.2175
-65.2406
-65.2638
-65.2871
-65.3104
-65.3337
-65.357
-65.3804
-65.4037
-65.4271
-65.4506
-65.474
-65.4974
-65.5209
-65.5443
-65.5678
-65.5912
-65.6147
-65.6381
-65.6616
-65.685
-65.7084
-65.7318
-65.7552
-65.7785
-65.8018
-65.8251
-65.8484
-65.8716
-65.8948
-65.918
-65.9411
-65.9642
-65.9872
-66.0102
-66.0332
-66.0561
-66.0789
-66.1017
-66.1245
-66.1471
-66.1698
-66.1923
-66.2148
-66.2373
-66.2596
-66.2819
-66.3042
-66.3263
-66.3484
-66.3704
-66.3924
-66.4142
-66.436
-66.4577
-66.4794
-66.5009
-66.5224
-66.5437
-66.565
-66.5862
-66.6073
-66.6284
-66.6493
-66.6701
-66.6909
-66.7115
-66.7321
-66.7526
-66.7729
-66.7932
-66.8134
-66.8334
-66.8534
-66.8733
-66.893
-66.9127
-66.9323
-66.9517
-66.9711
-66.9903
-67.0095
-67.0285
-67.0474
-67.0662
-67.0849
-67.1035
-67.122
-67.1404
-67.1586
-67.1768
-67.1948
-67.2127
-67.2305
-67.2482
-67.2658
-67.2833
-67.3006
-67.3178
-67.3349
-67.3519
-67.3688
-67.3856
-67.4022
-67.4188
-67.4352
-67.4515
-67.4676
-67.4837
-67.4996
-67.5154
-67.5311
-67.5467
-67.5621
-67.5775
-67.5927
-67.6078
-67.6227
-67.6376
-67.6523
-67.6669
-67.6814
-67.6958
-67.71
-67.7241
-67.7381
-67.752
-67.7657
-67.7794
-67.7929
-67.8063
-67.8195
-67.8327
-67.8457
-67.8586
-67.8713
-67.884
-67.8965
-67.9089
-67.9212
-67.9334
-67.9454
-67.9573
-67.9691
-67.9808
-67.9924
-68.0038
-68.0151
-68.0263
-68.0373
-68.0483
-68.0591
-68.0698
-68.0804
-68.0909
-68.1012
-68.1114
-68.1215
-68.1315
-68.1414
-68.1511
-68.1607
-68.1702
-68.1796
-68.1889
-68.198
-68.2071
-68.216
-68.2248
-68.2334
-68.242
-68.2504
-68.2588
-68.267
-68.275
-68.283
-68.2909
-68.2986
-68.3062
-68.3137
-68.3211
-68.3284
-68.3356
-68.3426
-68.3496
-68.3564
-68.3631
-68.3697
-68.3762
-68.3826
-68.3888
-68.395
-68.401
-68.4069
-68.4127
-68.4184
-68.424
-68.4295
-68.4349
-68.4402
-68.4453
-68.4504
-68.4553
-68.4601
-68.4648
-68.3305
-68.108
-67.8224
-67.489
-67.119
-66.7208
-66.3007
-65.8642
-65.4152
-64.9573
-64.4931
-64.0249
-63.5546
-63.0837
-62.6135
-62.1451
-61.6793
-61.217
-60.7587
-60.305
-59.8564
-59.4132
-58.9758
-58.5443
-58.119
-57.7
-57.2874
-56.8813
-56.4817
-56.0885
-55.7018
-55.3215
-54.9474
-54.5795
-54.2175
-53.8614
-53.5108
-53.1657
-52.8256
-52.4905
-52.1599
-51.8336
-51.5113
-51.1926
-50.8772
-50.5647
-50.2547
-49.9468
-49.6405
-49.3355
-49.0313
-48.7273
-48.4231
-48.1181
-47.8118
-47.5036
-47.1929
-46.8791
-46.5614
-46.2393
-45.9118
-45.5783
-45.2378
-44.8895
-44.5323
-44.1653
-43.7873
-43.3971
-42.9934
-42.5748
-42.1397
-41.6865
-41.2132
-40.718
-40.1985
-39.6525
-39.0772
-38.4697
-37.8269
-37.1453
-36.4209
-35.6496
-34.8267
-33.9472
-33.0054
-31.9954
-30.9107
-29.7444
-28.489
-27.137
-25.6804
-24.1113
-22.4223
-20.6063
-18.6578
-16.5731
-14.351
-11.9944
-9.51068
-6.91331
-4.2226
-1.46644
1.31948
4.09228
6.8034
9.40117
11.8343
14.0558
16.0273
17.7218
19.1255
20.2377
21.0696
21.6407
21.9764
22.1045
22.0531
21.8486
21.5146
21.0719
20.5382
19.9282
19.2542
18.5263
17.753
16.9413
16.0969
15.2249
14.3295
13.4142
12.4824
11.5367
10.5796
9.61318
8.63948
7.66018
6.67683
5.69081
4.70336
3.71561
2.72854
1.74306
0.759967
-0.220035
-1.19631
-2.16831
-3.13552
-4.09754
-5.05397
-6.0045
-6.94886
-7.88681
-8.81817
-9.74277
-10.6605
-11.5713
-12.475
-13.3717
-14.2613
-15.1439
-16.0194
-16.888
-17.7497
-18.6046
-19.4529
-20.2946
-21.13
-21.9592
-22.7824
-23.5998
-24.4118
-25.2186
-26.0204
-26.8176
-27.6105
-28.3996
-29.1853
-29.9679
-30.748
-31.5261
-32.3027
-33.0784
-33.8538
-34.6295
-35.4062
-36.1847
-36.9657
-37.7499
-38.5382
-39.3313
-40.1301
-40.9355
-41.7484
-42.5694
-43.3996
-44.2397
-45.0904
-45.9524
-46.8263
-47.7125
-48.6114
-49.523
-50.4472
-51.3835
-52.3312
-53.2891
-54.2557
-55.2287
-56.2056
-57.1833
-58.158
-59.1255
-60.081
-61.0194
-61.9353
-62.8231
-63.6775
-64.4934
-65.2663
-65.9922
-66.6684
-67.293
-67.8651
-68.3849
-68.8537
-69.2735
-69.6469
-69.9771
-70.2676
-70.5219
-70.7438
-70.9367
-71.104
-71.2489
-71.3742
-71.4824
-71.5759
-71.6567
-71.7267
-71.7873
-71.8399
-71.8856
-71.9256
-71.9605
-71.9912
-72.0183
-72.0423
-72.0636
-72.0826
-72.0998
-72.1152
-72.1292
-72.142
-72.1537
-72.1645
-72.1745
-72.1838
-72.1925
-72.2007
-72.2084
-72.2157
-72.2227
-72.2293
-72.2356
-72.2417
-72.2476
-72.2532
-72.2587
-72.2639
-72.269
-72.274
-72.2788
-72.2835
-72.2881
-72.2925
-72.2968
-72.301
-72.3051
-72.3092
-72.3131
-72.3169
-72.3206
-72.3242
-72.3277
-72.3312
-72.3345
-72.3378
-72.341
-72.344
-72.347
-72.3499
-72.3527
-72.3555
-72.3581
-72.3606
-72.3631
-72.3655
-72.3677
-72.3699
-72.372
-72.3741
-72.376
-72.3778
-72.3796
-72.3812
-72.3828
-72.3842
-72.3856
-72.3869
-72.3881
-72.3892
-72.3902
-72.3911
-72.3919
-72.3926
-72.3933
-72.3938
-72.3942
-72.3946
-72.3948
-72.395
-72.395
-72.395
-72.3949
-72.3946
-72.3943
-72.3939
-72.3934
-72.3927
-72.392
-72.3912
-72.3903
-72.3893
-72.3882
-72.387
-72.3856
-72.3842
-72.3827
-72.3811
-72.3794
-72.3776
-72.3757
-72.3737
-72.3716
-72.3694
-72.3671
-72.3648
-72.3623
-72.3597
-72.357
-72.3542
-72.3513
-72.3483
-72.3452
-72.342
-72.3388
-72.3354
-72.3319
-72.3283
-72.3246
-72.3209
-72.317
-72.313
-72.3089
-72.3048
-72.3005
-72.2961
-72.2917
-72.2871
-72.2825
-72.2777
-72.2728
-72.2679
-72.2629
-72.2577
-72.2525
-72.2471
-72.2417
-72.2362
-72.2306
-72.2249
-72.2191
-72.2131
-72.2072
-72.2011
-72.1949
-72.1886
-72.1822
-72.1758
-72.1692
-72.1625
-72.1558
-72.149
-72.142
-72.135
-72.1279
-72.1207
-72.1134
-72.106
-72.0986
-72.091
-72.0834
-72.0756
-72.0678
-72.0599
-72.0519
-72.0438
-72.0356
-72.0273
-72.019
-72.0106
-72.002
-71.9934
-71.9847
-71.9759
-71.9671
-71.9581
-71.9491
-71.94
-71.9308
-71.9215
-71.9122
-71.9027
-71.8932
-71.8836
-71.8739
-71.8642
-71.8543
-71.8444
-71.8344
-71.8243
-71.8142
-71.8039
-71.7936
-71.7832
-71.7728
-71.7622
-71.7516
-71.7409
-71.7302
-71.7194
-71.7084
-71.6975
-71.6864
-71.6753
-71.6641
-71.6528
-71.6415
-71.6301
-71.6186
-71.607
-71.5954
-71.5837
-71.572
-71.5602
-71.5483
-71.5363
-71.5243
-71.5122
-71.5001
-71.4879
-71.4756
-71.4632
-71.4508
-71.4384
-71.4258
-71.4132
-71.4006
-71.3879
-71.3751
-71.3623
-71.3494
-71.3364
-71.3234
-71.3103
-71.2972
-71.284
-71.2708
-71.2575
-71.2442
-71.2308
-71.2173
-71.2038
-71.1902
-71.1766
-71.1629
-71.1492
-71.1354
-71.1216
-71.1077
-71.0938
-71.0798
-71.0658
-71.0517
-71.0376
-71.0234
-71.0092
-70.995
-70.9807
-70.9663
-70.9519
-70.9375
-70.923
-70.9085
-70.8939
-70.8793
-70.8646
-70.8499
-70.8352
-70.8204
-70.8056
-70.7907
-70.7758
-70.7609
-70.7459
-70.7309
-70.7159
-70.7008
-70.6857
-70.6705
-70.6553
-70.6401
-70.6248
-70.6095
-70.5942
-70.5788
-70.5634
-70.548
-70.5326
-70.5171
-70.5015
-70.486
-70.4704
-70.4548
-70.4392
-70.4235
-70.4078
-70.3921
-70.3764
-70.3606
-70.3448
-70.329
-70.3131
-70.2973
-70.2814
-70.2654
-70.2495
-70.2335
-70.2176
-70.2015
-70.1855
-70.1695
-70.1534
-70.1373
-70.1212
-70.1051
-70.0889
-70.0728
-70.0566
-70.0404
-70.0242
-70.0079
-69.9917
-69.9754
-69.9591
-69.9428
-69.9265
-69.9102
-69.8939
-69.8775
-69.8612
-69.8448
-69.8284
-69.812
-69.7956
-69.7792
-69.7628
-69.7463
-69.7299
-69.7134
-69.697
-69.6805
-69.664
-69.6475
-69.6311
-69.6146
-69.598
-69.5815
-69.565
-69.5485
-69.532
-69.5154
-69.4989
-69.4824
-69.4658
-69.4493
-69.4327
-69.4162
-69.3996
-69.3831
-69.3665
-69.35
-69.3334
-69.3169
-69.3003
-69.2838
-69.2672
-69.2507
-69.2342
-69.2176
-69.2011
-69.1845
-69.168
-69.1515
-69.1349
-69.1184
-69.1019
-69.0854
-69.0689
-69.0524
-69.0359
-69.0194
-69.0029
-68.9864
-68.97
-68.9535
-68.9371
-68.9206
-68.9042
-68.8878
-68.8713
-68.8549
-68.8385
-68.8221
-68.8058
-68.7894
-68.773
-68.7567
-68.7404
-68.724
-68.7077
-68.6914
-68.6751
-68.6589
-68.6426
-68.6263
-68.6101
-68.5939
-68.5777
-68.5615
-68.5453
-68.5292
-68.513
-68.4969
-68.4808
-68.4647
-68.4486
-68.4325
-68.4165
-68.4004
-68.3844
-68.3684
-68.3524
-68.3365
-68.3205
-68.3046
-68.2887
-68.2728
-68.2569
-68.2411
-68.2253
-68.2094
-68.1936
-68.1779
-68.1621
-68.1464
-68.1307
-68.115
-68.0993
-68.0837
-68.0681
-68.0525
-68.0369
-68.0213
-68.0058
-67.9903
-67.9748
-67.9593
-67.9439
-67.9285
-67.9131
-67.8977
-67.8823
-67.867
-67.8517
-67.8364
-67.8212
-67.806
-67.7908
-67.7756
-67.7604
-67.7453
-67.7302
-67.7152
-67.7001
-67.6851
-67.6701
-67.6551
-67.6402
-67.6253
-67.6104
-67.5955
-67.5807
-67.5659
-67.5511
-67.5364
-67.5217
-67.507
-67.4923
-67.4777
-67.4631
-67.4485
-67.434
-67.4194
-67.405
-67.3905
-67.3761
-67.3617
-67.3473
-67.333
-67.3187
-67.3044
-67.2901
-67.2759
-67.2617
-67.2476
-67.2334
-67.2194
-67.2053
-67.1913
-67.1773
-67.1633
-67.1493
-67.1354
-67.1216
-67.1077
-67.0939
-67.0801
-67.0664
-67.0527
-67.039
-67.0253
-67.0117
-66.9981
-66.9846
-66.9711
-66.9576
-66.9442
-66.9307
-66.9174
-66.904
-66.8907
-66.8774
-66.8642
-66.851
-66.8378
-66.8247
-66.8116
-66.7985
-66.7854
-66.7724
-66.7595
-66.7465
-66.7336
-66.7208
-66.7079
-66.6951
-66.6824
-66.6696
-66.6569
-66.6443
-66.6317
-66.6191
-66.6065
-66.594
-66.5815
-66.5691
-66.5567
-66.4065
-66.1667
-65.861
-65.5044
-65.1074
-64.6782
-64.2233
-63.7479
-63.2562
-62.7516
-62.2369
-61.7146
-61.1864
-60.6539
-60.1186
-59.5814
-59.0432
-58.5047
-57.9666
-57.4292
-56.8928
-56.3577
-55.8241
-55.2918
-54.7608
-54.2311
-53.7022
-53.1738
-52.6455
-52.1167
-51.5868
-51.055
-50.5203
-49.9818
-49.4383
-48.8884
-48.3307
-47.7636
-47.1851
-46.5931
-45.9854
-45.3592
-44.7116
-44.0393
-43.3386
-42.6051
-41.8341
-41.0203
-40.1573
-39.2383
-38.2553
-37.1991
-36.0594
-34.8245
-33.4809
-32.0135
-30.4053
-28.6371
-26.6882
-24.5361
-22.1575
-19.529
-16.6297
-13.4432
-9.96211
-6.19262
-2.1603
2.08498
6.46606
10.8796
15.2029
19.3055
23.0654
26.3841
29.1983
31.4849
33.2583
34.5618
35.4565
36.0102
36.2882
36.3482
36.238
35.9951
35.6479
35.2176
34.7198
34.1657
33.5637
32.9201
32.2398
31.5265
30.7835
30.0135
29.2189
28.4017
27.5639
26.7074
25.8338
24.9446
24.0415
23.1258
22.1988
21.2619
20.3163
19.3631
18.4034
17.4382
16.4686
15.4954
14.5195
13.5416
12.5627
11.5832
10.604
9.6256
8.64856
7.67341
6.70061
5.73061
4.76379
3.80053
2.84113
1.8859
0.935085
-0.0110718
-0.952372
-1.88864
-2.81972
-3.74549
-4.66585
-5.58069
-6.48995
-7.39359
-8.29156
-9.18387
-10.0705
-10.9515
-11.8268
-12.6966
-13.5608
-14.4196
-15.273
-16.1211
-16.9641
-17.802
-18.635
-19.4633
-20.2871
-21.1065
-21.9219
-22.7333
-23.5411
-24.3456
-25.1471
-25.946
-26.7426
-27.5374
-28.3309
-29.1234
-29.9156
-30.708
-31.5013
-32.2962
-33.0933
-33.8934
-34.6973
-35.5059
-36.3201
-37.1409
-37.9692
-38.8061
-39.6526
-40.5099
-41.379
-42.261
-43.1569
-44.0678
-44.9945
-45.9378
-46.8984
-47.8767
-48.8727
-49.8861
-50.9164
-51.9621
-53.0217
-54.0924
-55.171
-56.2534
-57.3346
-58.409
-59.47
-60.5108
-61.5239
-62.5019
-63.4377
-64.3248
-65.1576
-65.9317
-66.6442
-67.2936
-67.8801
-68.405
-68.8709
-69.2813
-69.6404
-69.9527
-70.2229
-70.4558
-70.6557
-70.8269
-70.9732
-71.0981
-71.2047
-71.2957
-71.3735
-71.44
-71.4971
-71.5462
-71.5886
-71.6252
-71.6572
-71.6851
-71.7096
-71.7313
-71.7505
-71.7678
-71.7833
-71.7973
-71.8102
-71.822
-71.8329
-71.843
-71.8525
-71.8614
-71.8699
-71.8779
-71.8856
-71.8929
-71.9
-71.9069
-71.9135
-71.9199
-71.9262
-71.9323
-71.9383
-71.9441
-71.9499
-71.9555
-71.961
-71.9664
-71.9718
-71.977
-71.9822
-71.9873
-71.9923
-71.9972
-72.0021
-72.0069
-72.0116
-72.0162
-72.0208
-72.0253
-72.0297
-72.034
-72.0383
-72.0425
-72.0467
-72.0507
-72.0547
-72.0586
-72.0625
-72.0663
-72.07
-72.0736
-72.0771
-72.0806
-72.084
-72.0873
-72.0905
-72.0937
-72.0968
-72.0998
-72.1027
-72.1055
-72.1083
-72.1109
-72.1135
-72.116
-72.1185
-72.1208
-72.123
-72.1252
-72.1273
-72.1293
-72.1312
-72.133
-72.1347
-72.1364
-72.1379
-72.1394
-72.1407
-72.142
-72.1432
-72.1443
-72.1453
-72.1462
-72.1471
-72.1478
-72.1484
-72.149
-72.1494
-72.1498
-72.15
-72.1502
-72.1503
-72.1503
-72.1501
-72.1499
-72.1496
-72.1492
-72.1487
-72.1481
-72.1474
-72.1466
-72.1458
-72.1448
-72.1437
-72.1425
-72.1413
-72.1399
-72.1384
-72.1369
-72.1352
-72.1334
-72.1316
-72.1296
-72.1276
-72.1254
-72.1232
-72.1209
-72.1184
-72.1159
-72.1132
-72.1105
-72.1077
-72.1048
-72.1017
-72.0986
-72.0954
-72.0921
-72.0887
-72.0852
-72.0816
-72.0779
-72.0741
-72.0702
-72.0662
-72.0621
-72.0579
-72.0536
-72.0493
-72.0448
-72.0402
-72.0356
-72.0308
-72.026
-72.021
-72.016
-72.0108
-72.0056
-72.0003
-71.9949
-71.9894
-71.9838
-71.9781
-71.9723
-71.9664
-71.9604
-71.9544
-71.9482
-71.942
-71.9356
-71.9292
-71.9227
-71.9161
-71.9094
-71.9026
-71.8957
-71.8888
-71.8817
-71.8746
-71.8673
-71.86
-71.8526
-71.8451
-71.8376
-71.8299
-71.8221
-71.8143
-71.8064
-71.7984
-71.7903
-71.7821
-71.7739
-71.7655
-71.7571
-71.7486
-71.74
-71.7313
-71.7226
-71.7137
-71.7048
-71.6958
-71.6867
-71.6776
-71.6684
-71.659
-71.6496
-71.6402
-71.6306
-71.621
-71.6113
-71.6015
-71.5917
-71.5818
-71.5717
-71.5617
-71.5515
-71.5413
-71.531
-71.5206
-71.5102
-71.4997
-71.4891
-71.4784
-71.4677
-71.4569
-71.446
-71.4351
-71.4241
-71.413
-71.4019
-71.3906
-71.3794
-71.368
-71.3566
-71.3451
-71.3336
-71.322
-71.3103
-71.2986
-71.2868
-71.2749
-71.263
-71.251
-71.239
-71.2269
-71.2147
-71.2025
-71.1902
-71.1778
-71.1654
-71.153
-71.1405
-71.1279
-71.1152
-70.957
-70.7058
-70.3872
-70.0175
-69.6081
-69.1679
-68.7038
-68.2212
-67.7248
-67.2181
-66.704
-66.1852
-65.6635
-65.1407
-64.6182
-64.0973
-63.5789
-63.0638
-62.5529
-62.0467
-61.5458
-61.0505
-60.5613
-60.0785
-59.6022
-59.1327
-58.67
-58.2144
-57.7658
-57.3243
-56.8898
-56.4622
-56.0415
-55.6275
-55.22
-54.8189
-54.424
-54.0349
-53.6515
-53.2733
-52.9001
-52.5315
-52.1671
-51.8065
-51.4493
-51.0949
-50.743
-50.3929
-50.0442
-49.6961
-49.3482
-48.9998
-48.6502
-48.2986
-47.9443
-47.5865
-47.2243
-46.8569
-46.4831
-46.1021
-45.7126
-45.3134
-44.9033
-44.4808
-44.0444
-43.5925
-43.1232
-42.6345
-42.1243
-41.5902
-41.0295
-40.4393
-39.8165
-39.1575
-38.4584
-37.7147
-36.9218
-36.0741
-35.1659
-34.1906
-33.141
-32.0094
-30.787
-29.4649
-28.0332
-26.4816
-24.7999
-22.9775
-21.0049
-18.8736
-16.5775
-14.1139
-11.4849
-8.6986
-5.77122
-2.72789
0.396484
3.55734
6.70173
9.77071
12.703
15.4392
17.9267
20.1236
22.0024
23.5508
24.7722
25.6827
26.3082
26.68
26.8318
26.7964
26.6038
26.2804
25.8487
25.3272
24.7311
24.0726
23.3616
22.6061
21.8127
20.9868
20.133
19.255
18.3563
17.4397
16.5078
15.5629
14.607
13.6418
12.6692
11.6906
10.7074
9.72084
8.73202
7.74199
6.75171
5.76202
4.77369
3.78742
2.80383
1.8235
0.846921
-0.125457
-1.09324
-2.05607
-3.01365
-3.96571
-4.91202
-5.85241
-6.78669
-7.71476
-8.63649
-9.55183
-10.4607
-11.3631
-12.259
-13.1484
-14.0313
-14.9078
-15.778
-16.642
-17.4998
-18.3515
-19.1974
-20.0375
-20.8721
-21.7013
-22.5253
-23.3444
-24.1589
-24.9691
-25.7752
-26.5776
-27.3767
-28.1729
-28.9666
-29.7583
-30.5486
-31.3379
-32.1269
-32.9161
-33.7063
-34.4982
-35.2924
-36.0899
-36.8913
-37.6976
-38.5097
-39.3285
-40.1549
-40.9899
-41.8344
-42.6894
-43.5558
-44.4344
-45.3261
-46.2315
-47.1513
-48.0858
-49.0352
-49.9994
-50.978
-51.9702
-52.9746
-53.9895
-55.0125
-56.0406
-57.0702
-58.0969
-59.1158
-60.1213
-61.1076
-62.0683
-62.9972
-63.8881
-64.7356
-65.5346
-66.2812
-66.9725
-67.607
-68.1844
-68.7053
-69.1716
-69.5861
-69.952
-70.2732
-70.5537
-70.7976
-71.0088
-71.1912
-71.3484
-71.4836
-71.5998
-71.6997
-71.7855
-71.8593
-71.9228
-71.9776
-72.025
-72.066
-72.1017
-72.1329
-72.1601
-72.1841
-72.2053
-72.2241
-72.2409
-72.2559
-72.2695
-72.2818
-72.2931
-72.3033
-72.3128
-72.3216
-72.3298
-72.3374
-72.3446
-72.3514
-72.3579
-72.364
-72.3699
-72.3755
-72.3808
-72.386
-72.391
-72.3959
-72.4005
-72.4051
-72.4095
-72.4137
-72.4179
-72.4219
-72.4259
-72.4297
-72.4334
-72.4371
-72.4406
-72.4441
-72.4474
-72.4507
-72.4539
-72.457
-72.46
-72.4629
-72.4658
-72.4685
-72.4712
-72.4738
-72.4763
-72.4787
-72.4811
-72.4833
-72.4855
-72.4876
-72.4896
-72.4915
-72.4933
-72.4951
-72.4967
-72.4983
-72.4998
-72.5012
-72.5025
-72.5037
-72.5048
-72.5059
-72.5068
-72.5077
-72.5085
-72.5091
-72.5097
-72.5102
-72.5106
-72.511
-72.5112
-72.5113
-72.5114
-72.5113
-72.5112
-72.5109
-72.5106
-72.5102
-72.5096
-72.509
-72.5083
-72.5075
-72.5066
-72.5056
-72.5045
-72.5033
-72.502
-72.5006
-72.4992
-72.4976
-72.4959
-72.4942
-72.4923
-72.4903
-72.4883
-72.4861
-72.4839
-72.4815
-72.4791
-72.4765
-72.4739
-72.4711
-72.4683
-72.4654
-72.4623
-72.4592
-72.456
-72.4526
-72.4492
-72.4457
-72.4421
-72.4384
-72.4346
-72.4307
-72.4266
-72.4225
-72.4183
-72.414
-72.4097
-72.4052
-72.4006
-72.3959
-72.3911
-72.3862
-72.3813
-72.3762
-72.371
-72.3658
-72.3604
-72.355
-72.3494
-72.3438
-72.3381
-72.3322
-72.3263
-72.3203
-72.3142
-72.308
-72.3017
-72.2953
-72.2888
-72.2822
-72.2756
-72.2688
-72.2619
-72.255
-72.248
-72.2408
-72.2336
-72.2263
-72.2189
-72.2114
-72.2039
-72.1962
-72.1884
-72.1806
-72.1727
-72.1646
-72.1565
-72.1483
-72.14
-72.1317
-72.1232
-72.1147
-72.1061
-72.0973
-72.0885
-72.0797
-72.0707
-72.0616
-72.0525
-72.0433
-72.034
-72.0246
-72.0151
-72.0056
-71.996
-71.9863
-71.9765
-71.9666
-71.9567
-71.9466
-71.9365
-71.9263
-71.9161
-71.9057
-71.8953
-71.8848
-71.8743
-71.8636
-71.8529
-71.8421
-71.8312
-71.8203
-71.8092
-71.7982
-71.787
-71.7758
-71.7644
-71.7531
-71.7416
-71.7301
-71.7185
-71.7068
-71.6951
-71.6833
-71.6714
-71.6595
-71.6475
-71.6354
-71.6233
-71.6111
-71.5988
-71.5865
-71.5741
-71.5616
-71.5491
-71.5365
-71.5238
-71.5111
-71.4983
-71.4855
-71.4726
-71.4596
-71.4466
-71.4335
-71.4204
-71.4072
-71.3939
-71.3806
-71.3673
-71.3538
-71.3404
-71.3268
-71.3132
-71.2996
-71.2859
-71.2721
-71.2583
-71.2445
-71.2306
-71.2166
-71.2026
-71.1885
-71.1744
-71.1602
-71.146
-71.1318
-71.1174
-71.1031
-71.0887
-71.0742
-71.0597
-71.0452
-71.0306
-71.016
-71.0013
-70.9866
-70.9718
-70.957
-70.9422
-70.9273
-70.9123
-70.8974
-70.8824
-70.8673
-70.8522
-70.8371
-70.8219
-70.8067
-70.7915
-70.7762
-70.7609
-70.7455
-70.7301
-70.7147
-70.6993
-70.6838
-70.6682
-70.6527
-70.6371
-70.6215
-70.6058
-70.5901
-70.5744
-70.5587
-70.5429
-70.5271
-70.5113
-70.4954
-70.4795
-70.4636
-70.4477
-70.4317
-70.4157
-70.3997
-70.3836
-70.3676
-70.3515
-70.3354
-70.3192
-70.3031
-70.2869
-70.2707
-70.2544
-70.2382
-70.2219
-70.2056
-70.1893
-70.173
-70.1567
-70.1403
-70.1239
-70.1075
-70.0911
-70.0747
-70.0582
-70.0418
-70.0253
-70.0088
-69.9923
-69.9758
-69.9592
-69.9427
-69.9261
-69.9095
-69.893
-69.8764
-69.8598
-69.8431
-69.8265
-69.8099
-69.7932
-69.7766
-69.7599
-69.7432
-69.7266
-69.7099
-69.6932
-69.6765
-69.6598
-69.6431
-69.6263
-69.6096
-69.5929
-69.5762
-69.5594
-69.5427
-69.5259
-69.5092
-69.4925
-69.4757
-69.459
-69.4422
-69.4255
-69.4087
-69.392
-69.3752
-69.3585
-69.3417
-69.325
-69.3082
-69.2915
-69.2747
-69.258
-69.2412
-69.2245
-69.2078
-69.1911
-69.1743
-69.1576
-69.1409
-69.1242
-69.1075
-69.0908
-69.0741
-69.0574
-69.0408
-69.0241
-69.0074
-68.9908
-68.9741
-68.9575
-68.9409
-68.9243
-68.9077
-68.8911
-68.8745
-68.8579
-68.8413
-68.8248
-68.8082
-68.7917
-68.7752
-68.7587
-68.7422
-68.7257
-68.7092
-68.6928
-68.6763
-68.6599
-68.6435
-68.6271
-68.6107
-68.5943
-68.578
-68.5616
-68.5453
-68.529
-68.5127
-68.4964
-68.4801
-68.4639
-68.4477
-68.4315
-68.4153
-68.3991
-68.383
-68.3668
-68.3507
-68.3346
-68.3185
-68.3025
-68.2864
-68.2704
-68.2544
-68.2384
-68.2225
-68.2065
-68.1906
-68.1747
-68.1588
-68.143
-68.1271
-68.1113
-68.0955
-68.0797
-68.064
-68.0483
-68.0326
-68.0169
-68.0012
-67.9856
-67.97
-67.9544
-67.9389
-67.9233
-67.9078
-67.8924
-67.8769
-67.8615
-67.8461
-67.8307
-67.8153
-67.8
-67.7847
-67.7694
-67.7541
-67.7389
-67.7237
-67.7085
-67.6934
-67.6783
-67.6632
-67.6481
-67.6331
-67.6181
-67.6031
-67.5881
-67.5732
-67.5583
-67.5434
-67.5286
-67.5138
-67.499
-67.4842
-67.4695
-67.4548
-67.4402
-67.4255
-67.4109
-67.3964
-67.3818
-67.3673
-67.3528
-67.3384
-67.324
-67.3096
-67.2952
-67.2809
-67.2666
-67.2523
-67.2381
-67.2239
-67.2097
-67.1956
-67.1814
-67.1674
-67.1533
-67.1393
-67.1253
-67.1114
-67.0975
-67.0836
-67.0697
-67.0559
-67.0421
-67.0284
-67.0147
-67.001
-66.9873
-66.9737
-66.9601
-66.9466
-66.9331
-66.9196
-66.9062
-66.8928
-66.8794
-66.8661
-66.8527
-66.8395
-66.8262
-66.813
-66.7999
-66.7867
-66.7736
-66.7606
-66.7475
-66.7346
-66.7216
-66.7087
-66.6958
-66.6829
-66.6701
-66.6573
-66.6446
-66.6319
-66.6192
-66.6066
-66.594
-66.5814
-66.5689
-66.5564
-66.544
-66.5315
-66.5192
-66.5068
-66.4945
-66.4823
-66.47
-66.4579
-66.4457
-66.4336
-66.4215
-66.4095
-66.3975
-66.3855
-66.3736
-66.3617
-66.3499
-66.338
-66.3263
-66.3145
-66.3028
-66.2912
-66.2795
-66.2679
-66.2564
-66.2449
-66.2334
-66.222
-66.2106
-66.1992
-66.1879
-66.1766
-66.1654
-66.1542
-66.143
-66.1319
-66.1208
-66.1098
-66.0988
-66.0878
-66.0769
-66.066
-66.0551
-66.0443
-66.0336
-66.0228
-66.0121
-66.0015
-65.9909
-65.9803
-65.9698
-65.9593
-65.9489
-65.9385
-65.9281
-65.9178
-65.9075
-65.8973
-65.8871
-65.8769
-65.8668
-65.8567
-65.8466
-65.8366
-65.8267
-65.8167
-65.8069
-65.797
-65.7872
-65.7774
-65.7677
-65.758
-65.7484
-65.7388
-65.7292
-65.7197
-65.7102
-65.7008
-65.6914
-65.682
-65.6727
-65.6634
-65.6542
-65.645
-65.6359
-65.6268
-65.6177
-65.6087
-65.5997
-65.5907
-65.5818
-65.573
-65.5642
-65.5554
-65.5467
-65.538
-65.5293
-65.5207
-65.5122
-65.5036
-65.4952
-65.4867
-65.4783
-65.47
-65.4617
-65.4534
-65.4452
-65.437
-65.4289
-65.4208
-65.4127
-65.4047
-65.2612
-65.0296
-64.7332
-64.3864
-63.9998
-63.5813
-63.1373
-62.6728
-62.1919
-61.6981
-61.1939
-60.6817
-60.1633
-59.6402
-59.1136
-58.5846
-58.0539
-57.5222
-56.99
-56.4575
-55.9252
-55.3929
-54.8609
-54.3288
-53.7966
-53.264
-52.7304
-52.1954
-51.6584
-51.1184
-50.5748
-50.0263
-49.4718
-48.91
-48.3393
-47.758
-47.1641
-46.5553
-45.9293
-45.2832
-44.6139
-43.9177
-43.1906
-42.428
-41.6249
-40.7751
-39.8721
-38.9081
-37.8743
-36.7608
-35.556
-34.247
-32.8189
-31.2548
-29.5359
-27.6413
-25.548
-23.232
-20.6684
-17.8338
-14.7082
-11.2793
-7.54686
-3.52897
0.732163
5.1659
9.6726
14.1287
18.3981
22.3482
25.8674
28.8788
31.3481
33.2821
34.7206
35.7252
36.366
36.7127
36.827
36.7606
36.5541
36.2383
35.8359
35.3636
34.7852
34.1408
33.4492
32.7206
31.9615
31.1763
30.3683
29.54
28.6937
27.8314
26.9547
26.0652
25.1645
24.254
23.3348
22.4084
21.4757
20.538
19.5962
18.6512
17.704
16.7554
15.8062
14.8571
13.9088
12.9619
12.017
11.0745
10.1351
9.19908
8.2669
7.33891
6.41545
5.49681
4.58327
3.67505
2.77236
1.87539
0.984294
0.0992036
-0.779767
-1.65253
-2.51899
-3.37911
-4.23283
-5.08014
-5.92101
-6.75544
-7.58345
-8.40505
-9.22028
-10.0292
-10.8318
-11.6282
-12.4184
-13.2025
-13.9806
-14.7529
-15.5193
-16.28
-17.0352
-17.7849
-18.5293
-19.2685
-20.0028
-20.7322
-21.457
-22.1774
-22.8936
-23.6059
-24.3144
-25.0196
-25.7216
-26.4208
-27.1175
-27.8122
-28.5053
-29.1971
-29.8881
-30.5788
-31.2697
-31.9615
-32.6546
-33.3496
-34.0474
-34.7484
-35.4534
-36.1632
-36.8785
-37.6
-38.3286
-39.0649
-39.8099
-40.5641
-41.3282
-42.103
-42.8888
-43.686
-44.4948
-45.3152
-46.1469
-46.9894
-47.8415
-48.7019
-49.5688
-50.4396
-51.3116
-52.1812
-53.0445
-53.897
-54.734
-55.5507
-56.342
-57.1032
-57.8299
-58.5182
-59.1651
-59.7681
-60.326
-60.8382
-61.3051
-61.7278
-62.1081
-62.4484
-62.7514
-63.02
-63.2573
-63.4663
-63.65
-63.8113
-63.9529
-64.0772
-64.1864
-64.2826
-64.3675
-64.4427
-64.5097
-64.5695
-64.6233
-64.6719
-64.7161
-64.7566
-64.794
-64.8287
-64.8611
-64.8917
-64.9206
-64.9483
-64.9747
-65.0003
-65.025
-65.0491
-65.0727
-65.0958
-65.1186
-65.141
-65.1632
-65.1852
-65.2071
-65.2289
-65.2505
-65.2721
-65.2937
-65.3153
-65.3368
-65.3583
-65.3799
-65.4015
-65.4231
-65.4447
-65.4664
-65.4881
-65.5098
-65.5316
-65.5535
-65.5754
-65.5973
-65.6192
-65.6413
-65.6633
-65.6854
-65.7075
-65.7297
-65.7519
-65.7741
-65.7963
-65.8186
-65.8409
-65.8632
-65.8855
-65.9079
-65.9302
-65.9526
-65.975
-65.9974
-66.0198
-66.0422
-66.0646
-66.0869
-66.1093
-66.1317
-66.154
-66.1764
-66.1987
-66.221
-66.2433
-66.2655
-66.2877
-66.3099
-66.3321
-66.3542
-66.3763
-66.3984
-66.4204
-66.4424
-66.4643
-66.4862
-66.508
-66.5298
-66.5515
-66.5732
-66.5948
-66.6164
-66.6379
-66.6593
-66.6807
-66.702
-66.7233
-66.7444
-66.7655
-66.7866
-66.8075
-66.8284
-66.8492
-66.87
-66.8906
-66.9112
-66.9317
-66.9521
-66.9725
-66.9927
-67.0129
-67.033
-67.0529
-67.0728
-67.0926
-67.1124
-67.132
-67.1515
-67.1709
-67.1903
-67.2095
-67.2287
-67.2477
-67.2666
-67.2855
-67.3042
-67.3229
-67.3414
-67.3598
-67.3782
-67.3964
-67.4145
-67.4325
-67.4504
-67.4682
-67.4859
-67.5035
-67.5209
-67.5383
-67.5556
-67.5727
-67.5897
-67.6066
-67.6234
-67.6401
-67.6567
-67.6731
-67.6895
-67.7057
-67.7218
-67.7378
-67.7537
-67.7695
-67.7851
-67.8007
-67.8161
-67.8314
-67.8465
-67.8616
-67.8765
-67.8914
-67.9061
-67.9207
-67.9351
-67.9495
-67.9637
-67.9778
-67.9918
-68.0057
-68.0194
-68.033
-68.0465
-68.0599
-68.0732
-68.0863
-68.0993
-68.1123
-68.125
-68.1377
-68.1502
-68.1626
-68.1749
-68.1871
-68.1992
-68.2111
-68.2229
-68.2346
-68.2462
-68.2576
-68.269
-68.2802
-68.2912
-68.3022
-68.3131
-68.3238
-68.3344
-68.3449
-68.3552
-68.3655
-68.3756
-68.3856
-68.3955
-68.4053
-68.4149
-68.4244
-68.4338
-68.4431
-68.4523
-68.4613
-68.4703
-68.4791
-68.4878
-68.4964
-68.5048
-68.5132
-68.5214
-68.5295
-68.5375
-68.5454
-68.5531
-68.5608
-68.5683
-68.5757
-68.583
-68.5902
-68.5972
-68.6042
-68.611
-68.6178
-68.6244
-68.6309
-68.6372
-68.6435
-68.6497
-68.6557
-68.6616
-68.6675
-68.6732
-68.6788
-68.6842
-68.5508
-68.3298
-68.0463
-67.7159
-67.3497
-66.9561
-66.5416
-66.1113
-65.6694
-65.2192
-64.7634
-64.3043
-63.8437
-63.383
-62.9236
-62.4664
-62.0124
-61.5623
-61.1167
-60.6762
-60.241
-59.8117
-59.3885
-58.9716
-58.5612
-58.1575
-57.7605
-57.3704
-56.9871
-56.6106
-56.2409
-55.878
-55.5217
-55.172
-54.8287
-54.4917
-54.1607
-53.8357
-53.5164
-53.2026
-52.8941
-52.5905
-52.2918
-51.9975
-51.7074
-51.4213
-51.1388
-50.8595
-50.5833
-50.3097
-50.0384
-49.769

