-65
-64.9994
-64.9988
-64.9982
-64.9977
-64.9971
-64.9965
-64.996
-64.9954
-64.9949
-64.9943
-64.9938
-64.9932
-64.9927
-64.9922
-64.9917
-64.9912
-64.9906
-64.9901
-64.9896
-64.9891
-64.9886
-64.9881
-64.9876
-64.9872
-64.9867
-64.9862
-64.9857
-64.9852
-64.9848
-64.9843
-64.9838
-64.9834
-64.9829
-64.9825
-64.982
-64.9816
-64.9811
-64.9807
-64.9802
-64.9798
-64.9794
-64.9789
-64.9785
-64.9781
-64.9777
-64.9772
-64.9768
-64.9764
-64.976
-64.9756
-64.9752
-64.9748
-64.9744
-64.974
-64.9736
-64.9732
-64.9728
-64.9725
-64.9721
-64.9717
-64.9713
-64.971
-64.9706
-64.9702
-64.9699
-64.9695
-64.9692
-64.9688
-64.9685
-64.9681
-64.9678
-64.9675
-64.9671
-64.9668
-64.9665
-64.9661
-64.9658
-64.9655
-64.9652
-64.9649
-64.9646
-64.9642
-64.9639
-64.9636
-64.9633
-64.963
-64.9628
-64.9625
-64.9622
-64.9619
-64.9616
-64.9613
-64.9611
-64.9608
-64.9605
-64.9603
-64.96
-64.9598
-64.9595
-64.9592
-64.959
-64.9588
-64.9585
-64.9583
-64.958
-64.9578
-64.9576
-64.9573
-64.9571
-64.9569
-64.9567
-64.9565
-64.9562
-64.956
-64.9558
-64.9556
-64.9554
-64.9552
-64.955
-64.9548
-64.9546
-64.9545
-64.9543
-64.9541
-64.9539
-64.9537
-64.9536
-64.9534
-64.9532
-64.9531
-64.9529
-64.9527
-64.9526
-64.9524
-64.9523
-64.9521
-64.952
-64.9519
-64.9517
-64.9516
-64.9514
-64.9513
-64.9512
-64.9511
-64.9509
-64.9508
-64.9507
-64.9506
-64.9505
-64.9504
-64.9503
-64.9502
-64.95
-64.9499
-64.9499
-64.9498
-64.9497
-64.9496
-64.9495
-64.9494
-64.9493
-64.9492
-64.9492
-64.9491
-64.949
-64.9489
-64.9489
-64.9488
-64.9487
-64.9487
-64.9486
-64.9486
-64.9485
-64.9485
-64.9484
-64.9484
-64.9483
-64.9483
-64.9482
-64.9482
-64.9482
-64.9481
-64.9481
-64.9481
-64.948
-64.948
-64.948
-64.948
-64.948
-64.9479
-64.9479
-64.9479
-64.9479
-64.9479
-64.9479
-64.9479
-64.9479
-64.9479
-64.9479
-64.9479
-64.9479
-64.9479
-64.9479
-64.9479
-64.9479
-64.9479
-64.9479
-64.948
-64.948
-64.948
-64.948
-64.9481
-64.9481
-64.9481
-64.9481
-64.9482
-64.9482
-64.9482
-64.9483
-64.9483
-64.9483
-64.9484
-64.9484
-64.9485
-64.9485
-64.9486
-64.9486
-64.9487
-64.9487
-64.9488
-64.9488
-64.9489
-64.9489
-64.949
-64.9491
-64.9491
-64.9492
-64.9492
-64.9493
-64.9494
-64.9494
-64.9495
-64.9496
-64.9497
-64.9497
-64.9498
-64.9499
-64.95
-64.95
-64.9501
-64.9502
-64.9503
-64.9504
-64.9504
-64.9505
-64.9506
-64.9507
-64.9508
-64.9509
-64.951
-64.951
-64.9511
-64.9512
-64.9513
-64.9514
-64.9515
-64.9516
-64.9517
-64.9518
-64.9519
-64.952
-64.9521
-64.9522
-64.9523
-64.9524
-64.9525
-64.9526
-64.9527
-64.9528
-64.9529
-64.953
-64.9532
-64.9533
-64.9534
-64.9535
-64.9536
-64.9537
-64.9538
-64.9539
-64.954
-64.9542
-64.9543
-64.9544
-64.9545
-64.9546
-64.9547
-64.9548
-64.955
-64.9551
-64.9552
-64.9553
-64.9554
-64.9556
-64.9557
-64.9558
-64.9559
-64.956
-64.9562
-64.9563
-64.9564
-64.9565
-64.9566
-64.9568
-64.9569
-64.957
-64.9571
-64.9573
-64.9574
-64.9575
-64.9576
-64.9578
-64.9579
-64.958
-64.9581
-64.9583
-64.9584
-64.9585
-64.9587
-64.9588
-64.9589
-64.959
-64.9592
-64.9593
-64.9594
-64.9595
-64.9597
-64.9598
-64.9599
-64.96
-64.9602
-64.9603
-64.9604
-64.9606
-64.9607
-64.9608
-64.9609
-64.9611
-64.9612
-64.9613
-64.9614
-64.9616
-64.9617
-64.9618
-64.962
-64.9621
-64.9622
-64.9623
-64.8279
-64.6059
-64.3194
-63.9829
-63.6067
-63.1988
-62.7654
-62.3115
-61.8412
-61.3578
-60.8641
-60.3622
-59.8539
-59.3408
-58.824
-58.3046
-57.7833
-57.2607
-56.7372
-56.2134
-55.6892
-55.1649
-54.6404
-54.1156
-53.5902
-53.064
-52.5364
-52.0069
-51.4748
-50.9394
-50.3996
-49.8545
-49.3027
-48.743
-48.1736
-47.5928
-46.9986
-46.3887
-45.7605
-45.1112
-44.4375
-43.7358
-43.0017
-42.2308
-41.4174
-40.5557
-39.6385
-38.658
-37.6052
-36.4696
-35.2394
-33.9012
-32.4397
-30.8376
-29.0756
-27.1323
-24.9848
-22.6086
-19.9796
-17.0752
-13.8775
-10.3772
-6.57883
-2.50655
1.79029
6.23374
10.7182
15.1172
19.2961
23.1285
26.5124
29.3827
31.7155
33.5258
34.8584
35.7762
36.3486
36.6425
36.7168
36.6202
36.3906
36.057
35.6406
35.1084
34.5034
33.8459
33.1477
32.4159
31.6555
30.8701
30.0628
29.2358
28.3912
27.531
26.6568
25.7702
24.8726
23.9653
23.0498
22.1271
21.1984
20.2648
19.3272
18.3866
17.4439
16.4999
15.5553
14.6109
13.6672
12.725
11.7848
10.847
9.91224
8.98083
8.0532
7.12972
6.21069
5.2964
4.38712
3.48308
2.58447
1.69147
0.804238
-0.0770989
-0.952427
-1.82166
-2.68472
-3.54156
-4.39213
-5.2364
-6.07437
-6.90602
-7.73137
-8.55045
-9.36328
-10.1699
-10.9704
-11.7647
-12.553
-13.3354
-14.1119
-14.8826
-15.6477
-16.4072
-17.1612
-17.9099
-18.6534
-19.392
-20.1256
-20.8546
-21.5791
-22.2993
-23.0155
-23.7278
-24.4367
-25.1422
-25.8448
-26.5448
-27.2426
-27.9385
-28.6329
-29.3262
-30.019
-30.7118
-31.4051
-32.0993
-32.7953
-33.4935
-34.1946
-34.8994
-35.6085
-36.3228
-37.0428
-37.7695
-38.5037
-39.246
-39.9972
-40.7581
-41.5293
-42.3115
-43.1049
-43.9101
-44.727
-45.5557
-46.3956
-47.2461
-48.106
-48.9737
-49.8471
-50.7237
-51.6002
-52.473
-53.3379
-54.1903
-55.0254
-55.8382
-56.6236
-57.3771
-58.0943
-58.7717
-59.4063
-59.9962
-60.5403
-61.0384
-61.4913
-61.9002
-62.2674
-62.5951
-62.8864
-63.1442
-63.3716
-63.5718
-63.7475
-63.9018
-64.0371
-64.156
-64.2604
-64.3525
-64.4339
-64.506
-64.5703
-64.6279
-64.6797
-64.7267
-64.7695
-64.8089
-64.8452
-64.879
-64.9108
-64.9407
-64.9691
-64.9963
-65.0224
-65.0477
-65.0721
-65.096
-65.1194
-65.1424
-65.165
-65.1873
-65.2094
-65.2314
-65.2531
-65.2748
-65.2965
-65.318
-65.3395
-65.361
-65.3826
-65.4041
-65.4256
-65.4471
-65.4687
-65.4903
-65.5119
-65.5336
-65.5553
-65.5771
-65.5989
-65.6207
-65.6426
-65.6645
-65.6865
-65.7085
-65.7305
-65.7526
-65.7747
-65.7968
-65.819
-65.8412
-65.8634
-65.8856
-65.9078
-65.9301
-65.9524
-65.9747
-65.997
-66.0193
-66.0416
-66.0639
-66.0862
-66.1085
-66.1308
-66.153
-66.1753
-66.1976
-66.2198
-66.242
-66.2642
-66.2864
-66.3085
-66.3307
-66.3528
-66.3748
-66.3968
-66.4188
-66.4407
-66.4626
-66.4845
-66.5063
-66.5281
-66.5498
-66.5714
-66.593
-66.6146
-66.6361
-66.6575
-66.6789
-66.7002
-66.7215
-66.7426
-66.7637
-66.7848
-66.8058
-66.8267
-66.8475
-66.8682
-66.8889
-66.9095
-66.93
-66.9505
-66.9708
-66.9911
-67.0113
-67.0314
-67.0514
-67.0713
-67.0912
-67.1109
-67.1306
-67.1501
-67.1696
-67.189
-67.2083
-67.2275
-67.2465
-67.2655
-67.2844
-67.3032
-67.3219
-67.3405
-67.359
-67.3774
-67.3956
-67.4138
-67.4319
-67.4498
-67.4677
-67.4854
-67.5031
-67.5206
-67.538
-67.5553
-67.5725
-67.5896
-67.6066
-67.6235
-67.6402
-67.6569
-67.6734
-67.6898
-67.7061
-67.7223
-67.7384
-67.7543
-67.7702
-67.7859
-67.8015
-67.817
-67.8324
-67.8476
-67.8627
-67.8778
-67.8927
-67.9074
-67.9221
-67.9367
-67.9511
-67.9654
-67.9796
-67.9936
-68.0076
-68.0214
-68.0351
-68.0487
-68.0622
-68.0755
-68.0888
-68.1019
-68.1148
-68.1277
-68.1405
-68.1531
-68.1656
-68.178
-68.1902
-68.2024
-68.2144
-68.2263
-68.238
-68.2497
-68.2612
-68.2727
-68.2839
-68.2951
-68.3062
-68.3171
-68.3279
-68.3386
-68.3492
-68.3596
-68.37
-68.3802
-68.3903
-68.4002
-68.4101
-68.4198
-68.4294
-68.4389
-68.4483
-68.4576
-68.4667
-68.4757
-68.4846
-68.4934
-68.5021
-68.5106
-68.519
-68.5274
-68.5355
-68.5436
-68.5516
-68.5594
-68.5672
-68.5748
-68.5823
-68.5896
-68.5969
-68.6041
-68.6111
-68.618
-68.6248
-68.6315
-68.6381
-68.6446
-68.6509
-68.6572
-68.6633
-68.6693
-68.6752
-68.681
-68.6867
-68.6922
-68.6977
-68.703
-68.7083
-68.7134
-68.7184
-68.7233
-68.7281
-68.7328
-68.7374
-68.7419
-68.7462
-68.7505
-68.7547
-68.7587
-68.7626
-68.7665
-68.7702
-68.7738
-68.7773
-68.7808
-68.7841
-68.7873
-68.7904
-68.7934
-68.7963
-68.7991
-68.8017
-68.8043
-68.8068
-68.8092
-68.8115
-68.8137
-68.8158
-68.8178
-68.8197
-68.8214
-68.8231
-68.8247
-68.8262
-68.8276
-68.8289
-68.8301
-68.8313
-68.8323
-68.8332
-68.834
-68.8348
-68.8354
-68.8359
-68.8364
-68.8368
-68.837
-68.8372
-68.8373
-68.8373
-68.8372
-68.837
-68.8367
-68.8363
-68.8359
-68.8353
-68.8347
-68.834
-68.8332
-68.8323
-68.8313
-68.8303
-68.8291
-68.8279
-68.8265
-68.8251
-68.8237
-68.8221
-68.8204
-68.8187
-68.8169
-68.815
-68.813
-68.8109
-68.8088
-68.8066
-68.8043
-68.8019
-68.7994
-68.7969
-68.7943
-68.7916
-68.7888
-68.786
-68.783
-68.78
-68.777
-68.7738
-68.7706
-68.7673
-68.7639
-68.7605
-68.757
-68.7534
-68.7497
-68.746
-68.7422
-68.7383
-68.7344
-68.7304
-68.7263
-68.7222
-68.718
-68.7137
-68.7093
-68.7049
-68.7004
-68.6959
-68.6913
-68.5456
-68.3094
-68.0074
-67.6551
-67.2635
-66.8411
-66.3946
-65.9292
-65.4494
-64.9586
-64.4597
-63.955
-63.4466
-62.9361
-62.4248
-61.9139
-61.4044
-60.8972
-60.3927
-59.8918
-59.3948
-58.9021
-58.4141
-57.931
-57.4529
-56.9801
-56.5126
-56.0505
-55.5936
-55.1419
-54.6953
-54.2537
-53.8168
-53.3843
-52.956
-52.5315
-52.1105
-51.6924
-51.2768
-50.8631
-50.4509
-50.0394
-49.628
-49.2159
-48.8023
-48.3864
-47.9672
-47.5437
-47.1148
-46.6793
-46.236
-45.7835
-45.3202
-44.8446
-44.3548
-43.8489
-43.3247
-42.7799
-42.2118
-41.6177
-40.9943
-40.338
-39.645
-38.911
-38.1309
-37.2995
-36.4106
-35.4576
-34.4329
-33.3281
-32.1342
-30.8408
-29.4372
-27.9112
-26.2504
-24.4416
-22.4717
-20.3282
-18
-15.479
-12.7612
-9.84928
-6.75462
-3.4995
-0.119034
3.33787
6.80922
10.2225
13.4993
16.5623
19.3418
21.7836
23.8533
25.5388
26.8485
27.8075
28.4518
28.8228
28.9624
28.9097
28.699
28.3592
27.9139
27.3822
26.779
26.1162
25.403
24.6471
23.8544
23.03
22.178
21.302
20.405
19.4899
18.5589
17.6144
16.6582
15.6921
14.7179
13.7369
12.7506
11.7603
10.767
9.77189
8.77591
7.77996
6.78483
5.79128
4.79997
3.81151
2.82645
1.84527
0.868411
-0.103731
-1.07081
-2.03253
-2.98863
-3.93887
-4.88307
-5.82106
-6.75271
-7.67792
-8.5966
-9.50869
-10.4142
-11.313
-12.2052
-13.0908
-13.9698
-14.8423
-15.7083
-16.5416
-17.3535
-18.1491
-18.9311
-19.701
-20.4599
-21.2087
-21.9479
-22.678
-23.3996
-24.1131
-24.8188
-25.5173
-26.2088
-26.8939
-27.5729
-28.2463
-28.9145
-29.578
-30.2372
-30.8927
-31.5449
-32.1943
-32.8416
-33.4872
-34.1317
-34.7757
-35.4198
-36.0647
-36.7109
-37.3591
-38.01
-38.6642
-39.3224
-39.9852
-40.6532
-41.3271
-42.0074
-42.6947
-43.3893
-44.0917
-44.8019
-45.5202
-46.2463
-46.98
-47.7207
-48.4674
-49.2191
-49.9739
-50.7301
-51.4852
-52.2363
-52.9803
-53.7136
-54.4324
-55.1327
-55.8105
-56.4619
-57.0833
-57.6714
-58.2236
-58.7378
-59.2129
-59.6481
-60.0438
-60.4008
-60.7203
-61.0044
-61.2552
-61.4752
-61.667
-61.8332
-61.9765
-62.0993
-62.2041
-62.293
-62.3681
-62.4312
-62.484
-62.528
-62.5644
-62.5944
-62.619
-62.639
-62.6552
-62.6683
-62.6788
-62.6872
-62.6938
-62.6992
-62.7034
-62.7069
-62.7097
-62.7122
-62.7144
-62.7165
-62.7186
-62.7208
-62.7231
-62.7257
-62.7286
-62.7317
-62.7353
-62.7392
-62.7436
-62.7484
-62.7536
-62.7593
-62.7655
-62.7721
-62.7793
-62.7869
-62.795
-62.8036
-62.8126
-62.8222
-62.8322
-62.8426
-62.8535
-62.8649
-62.8767
-62.889
-62.9017
-62.9148
-62.9283
-62.9422
-62.9566
-62.9713
-62.9864
-63.0019
-63.0177
-63.0339
-63.0505
-63.0674
-63.0846
-63.1021
-63.12
-63.1382
-63.1567
-63.1754
-63.1945
-63.2138
-63.2334
-63.2533
-63.2734
-63.2938
-63.3144
-63.3353
-63.3564
-63.3777
-63.3992
-63.4209
-63.4428
-63.465
-63.3689
-63.2052
-62.9978
-62.7608
-62.5038
-62.2335
-61.9547
-61.671
-61.3853
-61.0995
-60.8152
-60.5336
-60.2557
-59.9821
-59.7134
-59.45
-59.1921
-58.94
-58.6939
-58.4539
-58.22
-57.9922
-57.7706
-57.5552
-57.3458
-57.1425
-56.9451
-56.7536
-56.5679
-56.3879
-56.2135
-56.0445
-55.881
-55.7227
-55.5695
-55.4214
-55.2783
-55.1399
-55.0063
-54.8772
-54.7526
-54.6325
-54.5165
-54.4048
-54.2971
-54.1934
-54.0936
-53.9975
-53.9051
-53.8164
-53.7311
-53.6493
-53.5709
-53.4957
-53.4237
-53.3549
-53.2891
-53.2263
-53.1664
-53.1094
-53.0552
-53.0037
-52.9549
-52.9087
-52.8651
-52.8241
-52.7854
-52.7493
-52.7155
-52.684
-52.6548
-52.6279
-52.6031
-52.5806
-52.5601
-52.5418
-52.5255
-52.5112
-52.4989
-52.4886
-52.4802
-52.4737
-52.4691
-52.4663
-52.4653
-52.4661
-52.4686
-52.4728
-52.4788
-52.4864
-52.4956
-52.5065
-52.519
-52.533
-52.5486
-52.5658
-52.5844
-52.6045
-52.6261
-52.6491
-52.6735
-52.6993
-52.7265
-52.755
-52.7849
-52.816
-52.8485
-52.8822
-52.9172
-52.9534
-52.9908
-53.0294
-53.0691
-53.11
-53.152
-53.1951
-53.2393
-53.2846
-53.3309
-53.3782
-53.4265
-53.4758
-53.526
-53.5772
-53.6293
-53.6823
-53.7362
-53.7909
-53.8465
-53.9028
-53.96
-54.0179
-54.0766
-54.136
-54.1961
-54.257
-54.3184
-54.3805
-54.4433
-54.5066
-54.5706
-54.6351
-54.7001
-54.7657
-54.8318
-54.8983
-54.9654
-55.0328
-55.1007
-55.169
-55.2377
-55.3067
-55.3761
-55.4459
-55.5159
-55.5862
-55.6568
-55.7277
-55.7987
-55.8701
-55.9416
-56.0133
-56.0851
-56.1571
-56.2293
-56.3015
-56.3739
-56.4463
-56.5189
-56.5914
-56.6641
-56.7367
-56.8094
-56.8821
-56.9547
-57.0273
-57.0999
-57.1725
-57.2449
-57.3173
-57.3897
-57.4619
-57.534
-57.6059
-57.6778
-57.7495
-57.8211
-57.8925
-57.9637
-58.0347
-58.1056
-58.1763
-58.2467
-58.317
-58.387
-58.4568
-58.5264
-58.5958
-58.6649
-58.7337
-58.8023
-58.8706
-58.9387
-59.0064
-59.074
-59.1412
-59.2081
-59.2748
-59.3411
-59.4071
-59.4729
-59.5383
-59.6035
-59.6683
-59.7328
-59.797
-59.8608
-59.9244
-59.9876
-60.0505
-60.113
-60.1752
-60.2371
-60.2987
-60.3599
-60.4208
-60.4813
-60.5416
-60.6014
-60.661
-60.7201
-60.779
-60.8375
-60.8956
-60.9535
-61.0109
-61.0681
-61.1248
-61.1813
-61.2374
-61.2931
-61.3485
-61.4036
-61.4583
-61.5127
-61.5667
-61.6204
-61.6738
-61.7268
-61.7795
-61.8318
-61.8838
-61.9355
-61.9868
-62.0378
-62.0884
-62.1388
-62.1887
-62.2384
-62.2877
-62.3367
-62.3854
-62.4337
-62.4817
-62.5294
-62.5767
-62.6237
-62.6705
-62.7168
-62.7629
-62.8086
-62.8541
-62.8992
-62.944
-62.9884
-63.0326
-63.0764
-63.12
-63.1632
-63.2061
-63.2487
-63.291
-63.333
-63.3747
-63.4161
-63.4572
-63.498
-63.5385
-63.5787
-63.6186
-63.6582
-63.6975
-63.7365
-63.7753
-63.8137
-63.8518
-63.8897
-63.9273
-63.9646
-64.0016
-64.0383
-64.0748
-64.1109
-64.1468
-64.1824
-64.2177
-64.2528
-64.2876
-64.3221
-64.3563
-64.3903
-64.424
-64.4575
-64.4906
-64.5235
-64.5562
-64.5886
-64.6207
-64.6525
-64.6841
-64.7155
-64.7466
-64.7774
-64.808
-64.8383
-64.8684
-64.8982
-64.9278
-64.9571
-64.9862
-65.015
-65.0436
-65.072
-65.1001
-65.1279
-65.1556
-65.1829
-65.2101
-65.237
-65.2637
-65.2901
-65.3163
-65.3423
-65.3681
-65.3936
-65.4189
-65.4439
-65.4688
-65.4934
-65.5178
-65.5419
-65.5659
-65.5896
-65.6131
-65.6364
-65.6594
-65.6823
-65.7049
-65.7273
-65.7495
-65.7715
-65.7933
-65.8149
-65.8363
-65.7237
-65.5261
-65.2672
-64.962
-64.6209
-64.252
-63.8615
-63.4543
-63.0345
-62.6052
-62.1691
-61.7284
-61.2847
-60.8395
-60.3941
-59.9495
-59.5066
-59.0659
-58.6282
-58.194
-57.7635
-57.3373
-56.9155
-56.4983
-56.086
-55.6785
-55.2761
-54.8786
-54.4862
-54.0987
-53.716
-53.338
-52.9646
-52.5955
-52.2306
-51.8696
-51.5122
-51.1582
-50.8071
-50.4586
-50.1124
-49.768
-49.4249
-49.0827
-48.7409
-48.3989
-48.0562
-47.7121
-47.366
-47.0172
-46.665
-46.3085
-45.947
-45.5796
-45.2053
-44.8231
-44.4319
-44.0305
-43.6176
-43.1919
-42.7518
-42.2958
-41.822
-41.3285
-40.8131
-40.2736
-39.7074
-39.1117
-38.4833
-37.8189
-37.1147
-36.3664
-35.5696
-34.7191
-33.8095
-32.8345
-31.7876
-30.6616
-29.4485
-28.1402
-26.7279
-25.2025
-23.5114
-21.6709
-19.686
-17.5585
-15.2906
-12.8864
-10.354
-7.70719
-4.96646
-2.1606
0.672848
3.48806
6.23253
8.85018
11.2858
13.4901
15.4242
17.0633
18.398
19.433
20.1851
20.6791
20.9442
21.0111
20.9092
20.6653
20.3031
19.8424
19.3001
18.6901
18.0236
17.3101
16.532
15.7123
14.8635
13.9934
13.1077
12.2107
11.3055
10.3949
9.48098
8.56567
7.6505
6.73681
5.82576
4.91835
4.01544
3.11778
2.22603
1.34074
0.462386
-0.408625
-1.27195
-2.12731
-2.97445
-3.8132
-4.64341
-5.46497
-6.27778
-7.08181
-7.87702
-8.66341
-9.441
-10.2098
-10.9699
-11.7214
-12.4643
-13.1987
-13.9247
-14.6425
-15.3521
-16.0536
-16.7473
-17.4332
-18.1115
-18.7824
-19.446
-20.1024
-20.7519
-21.3947
-22.0309
-22.6607
-23.2843
-23.9021
-24.5141
-25.1206
-25.7219
-26.3182
-26.9098
-27.497
-28.0801
-28.6595
-29.2353
-29.808
-30.3779
-30.9455
-31.511
-32.0749
-32.6377
-33.1996
-33.7613
-34.3232
-34.8857
-35.4493
-36.0145
-36.5819
-37.1518
-37.7249
-38.3015
-38.8821
-39.4672
-40.0571
-40.6521
-41.2526
-41.8585
-42.4701
-43.0871
-43.7093
-44.3362
-44.9672
-45.6014
-46.2375
-46.8742
-47.5097
-48.142
-48.7689
-49.388
-49.9967
-50.5923
-51.1721
-51.7337
-52.2746
-52.7926
-53.286
-53.7535
-54.1939
-54.6069
-54.9921
-55.35
-55.6812
-55.9865
-56.2672
-56.5245
-56.76
-56.9752
-57.1717
-57.351
-57.5147
-57.6643
-57.8011
-57.9264
-58.0415
-58.1474
-58.2451
-58.3357
-58.4198
-58.4983
-58.5719
-58.641
-58.7063
-58.7681
-58.827
-58.8833
-58.9374
-58.9894
-59.0397
-59.0884
-59.1359
-59.1822
-59.2275
-59.2719
-59.3155
-59.3586
-59.401
-59.443
-59.4846
-59.5259
-59.5668
-59.6075
-59.648
-59.6883
-59.7285
-59.7686
-59.8086
-59.8485
-59.8883
-59.9282
-59.968
-60.0078
-60.0476
-60.0874
-60.1272
-60.167
-60.2069
-60.2468
-60.2867
-60.3267
-60.3667
-60.4067
-60.4467
-60.4868
-60.527
-60.5672
-60.6074
-60.6476
-60.6879
-60.7282
-60.7685
-60.8089
-60.8493
-60.8897
-60.9301
-60.9706
-61.011
-61.0515
-61.092
-61.1324
-61.1729
-61.2134
-61.2539
-61.2944
-61.3349
-61.3753
-61.4158
-61.4562
-61.4966
-61.537
-61.5774
-61.6178
-61.6581
-61.6983
-61.7386
-61.7788
-61.819
-61.8591
-61.8991
-61.9392
-61.9791
-62.0191
-62.0589
-62.0987
-62.1385
-62.1782
-62.2178
-62.2573
-62.2968
-62.3362
-62.3755
-62.4147
-62.4539
-62.493
-62.532
-62.5709
-62.6097
-62.6485
-62.6871
-62.7257
-62.7641
-62.8025
-62.8407
-62.8789
-62.9169
-62.9549
-62.9927
-63.0305
-63.0681
-63.1056
-63.143
-63.1803
-63.2175
-63.2545
-63.2914
-63.3283
-63.3649
-63.4015
-63.438
-63.4743
-63.5105
-63.5466
-63.5825
-63.6183
-63.654
-63.6895
-63.7249
-63.7602
-63.7954
-63.8304
-63.8652
-63.9
-63.9346
-63.969
-64.0033
-64.0375
-64.0715
-64.1054
-64.1391
-64.1727
-64.2062
-64.2395
-64.2726
-64.3057
-64.3385
-64.3712
-64.4038
-64.4362
-64.4684
-64.5006
-64.5325
-64.5643
-64.596
-64.6275
-64.6588
-64.69
-64.721
-64.7519
-64.7826
-64.8132
-64.8436
-64.8738
-64.9039
-64.9339
-64.9637
-64.9933
-65.0227
-65.052
-65.0812
-65.1102
-65.139
-65.1677
-65.1962
-65.2245
-65.2527
-65.2807
-65.3086
-65.3363
-65.3638
-65.3912
-65.4184
-65.4455
-65.4724
-65.4991
-65.5257
-65.5521
-65.5783
-65.6044
-65.6303
-65.6561
-65.6817
-65.7071
-65.7324
-65.7575
-65.7825
-65.8073
-65.8319
-65.8564
-65.8807
-65.9048
-65.9288
-65.9526
-65.9763
-65.9998
-66.0231
-66.0463
-66.0693
-66.0922
-66.1148
-66.1374
-66.1598
-66.182
-66.204
-66.2259
-66.2476
-66.2692
-66.2906
-66.3119
-66.333
-66.3539
-66.3747
-66.3953
-66.4158
-66.4361
-66.4562
-66.3434
-66.1476
-65.8934
-65.5958
-65.2655
-64.9104
-64.5365
-64.1489
-63.7512
-63.3466
-62.9376
-62.5261
-62.1138
-61.7021
-61.292
-60.8845
-60.4804
-60.0803
-59.6847
-59.2941
-58.9088
-58.5291
-58.1553
-57.7876
-57.426
-57.0708
-56.722
-56.3796
-56.0437
-55.7142
-55.3911
-55.0743
-54.7638
-54.4595
-54.1612
-53.8688
-53.5823
-53.3014
-53.026
-52.7559
-52.4909
-52.2309
-51.9756
-51.7249
-51.4785
-51.2362
-50.9979
-50.7632
-50.532
-50.304
-50.0791
-49.8569
-49.6372
-49.4198
-49.2044
-48.9909
-48.7789
-48.5682
-48.3585
-48.1496
-47.9412
-47.733
-47.5249
-47.3164
-47.1073
-46.8974
-46.6862
-46.4736
-46.2591
-46.0425
-45.8234
-45.6013
-45.3761
-45.1472
-44.9142
-44.6768
-44.4343
-44.1864
-43.9325
-43.6721
-43.4046
-43.1292
-42.8454
-42.5525
-42.2496
-41.9359
-41.6104
-41.2723
-40.9204
-40.5536
-40.1706
-39.7701
-39.3506
-38.9106
-38.4481
-37.9615
-37.4485
-36.907
-36.3345
-35.7284
-35.0857
-34.4034
-33.6781
-32.906
-32.0833
-31.2059
-30.2692
-29.2685
-28.1991
-27.0558
-25.8337
-24.5277
-23.1331
-21.6458
-20.0623
-18.3805
-16.5999
-14.7222
-12.7521
-10.698
-8.57242
-6.39292
-4.18236
-1.96886
0.214833
2.33258
4.34689
6.22144
7.92375
9.42768
10.7152
11.777
12.6126
13.2288
13.6384
13.858
13.9063
13.8029
13.5666
13.2151
12.7647
12.2295
11.622
10.9531
10.2321
9.46696
8.6645
7.8306
6.9703
6.08799
5.18743
4.27194
3.34438
2.4073
1.46292
0.513183
-0.440168
-1.39561
-2.35181
-3.30755
-4.26181
-5.21366
-6.16228
-7.10698
-8.04713
-8.98221
-9.91175
-10.8354
-11.7527
-12.6636
-13.5677
-14.4648
-15.355
-16.2379
-17.1137
-17.9823
-18.8436
-19.6977
-20.5448
-21.3849
-22.218
-23.0445
-23.8644
-24.678
-25.4854
-26.2871
-27.0831
-27.874
-28.6599
-29.4414
-30.2187
-30.9924
-31.7628
-32.5305
-33.2961
-34.06
-34.8229
-35.5853
-36.3479
-37.1115
-37.8766
-38.6439
-39.4144
-40.1885
-40.9673
-41.7513
-42.5415
-43.3384
-44.1429
-44.9557
-45.7774
-46.6085
-47.4496
-48.3011
-49.1632
-50.036
-50.9193
-51.8128
-52.7159
-53.6276
-54.5466
-55.4712
-56.3992
-57.3281
-58.2548
-59.1759
-60.0874
-60.985
-61.8642
-62.7202
-63.5483
-64.3438
-65.1026
-65.8208
-66.4953
-67.1239
-67.705
-68.2382
-68.7238
-69.1629
-69.5575
-69.9098
-70.2227
-70.4993
-70.7427
-70.9562
-71.1429
-71.3057
-71.4475
-71.5708
-71.678
-71.7711
-71.852
-71.9224
-71.9837
-72.0372
-72.0839
-72.1248
-72.1608
-72.1924
-72.2203
-72.2451
-72.2671
-72.2868
-72.3045
-72.3204
-72.3348
-72.3478
-72.3598
-72.3707
-72.3808
-72.3901
-72.3987
-72.4068
-72.4143
-72.4214
-72.4281
-72.4344
-72.4404
-72.4461
-72.4515
-72.4567
-72.4616
-72.4664
-72.4709
-72.4753
-72.4795
-72.4836
-72.4875
-72.4913
-72.495
-72.4985
-72.5019
-72.5052
-72.5084
-72.5115
-72.5144
-72.5173
-72.52
-72.5227
-72.5252
-72.5277
-72.53
-72.5323
-72.5344
-72.5365
-72.5384
-72.5403
-72.542
-72.5437
-72.5453
-72.5468
-72.5481
-72.5494
-72.5506
-72.5517
-72.5527
-72.5536
-72.5544
-72.5551
-72.5557
-72.5562
-72.5567
-72.557
-72.5572
-72.5573
-72.5574
-72.5573
-72.5571
-72.5569
-72.5565
-72.5561
-72.5555
-72.5548
-72.5541
-72.5532
-72.5523
-72.5512
-72.5501
-72.5488
-72.5475
-72.546
-72.5445
-72.5428
-72.5411
-72.5392
-72.5373
-72.5353
-72.5331
-72.5309
-72.5285
-72.5261
-72.5235
-72.5209
-72.5181
-72.5153
-72.5123
-72.5093
-72.5061
-72.5029
-72.4995
-72.4961
-72.4926
-72.3445
-72.1069
-71.807
-71.4614
-71.0819
-70.6773
-70.2544
-69.8185
-69.3737
-68.9235
-68.4705
-68.0169
-67.5644
-67.1146
-66.6685
-66.2272
-65.7914
-65.3618
-64.9389
-64.5232
-64.1149
-63.5907
-63.0016
-62.3728
-61.7198
-61.0531
-60.3805
-59.7077
-59.0392
-58.3782
-57.7271
-57.0878
-56.4615
-55.8492
-55.2515
-54.6687
-54.1011
-53.5486
-53.0111
-52.4884
-51.9803
-51.4862
-51.0059
-50.5388
-50.0843
-49.642
-49.2113
-48.7914
-48.3819
-47.9821
-47.5913
-47.2089
-46.8343
-46.4668
-46.1057
-45.7504
-45.4003
-45.0547
-44.7129
-44.3744
-44.0385
-43.7046
-43.3721
-43.0403
-42.7087
-42.3765
-42.0433
-41.7084
-41.3712
-41.0311
-40.6874
-40.3394
-39.9867
-39.6284
-39.264
-38.8928
-38.5139
-38.1268
-37.7307
-37.3247
-36.9082
-36.4802
-36.04
-35.5866
-35.1192
-34.6367
-34.1383
-33.6229
-33.0895
-32.537
-31.9644
-31.3706
-30.7545
-30.115
-29.4509
-28.7614
-28.0452
-27.3015
-26.5294
-25.728
-24.8967
-24.0349
-23.1424
-22.2189
-21.2645
-20.2796
-19.2648
-18.2212
-17.1499
-16.0528
-14.9318
-13.7894
-12.6286
-11.4525
-10.2649
-9.0699
-7.87198
-6.67617
-5.488
-4.31352
-3.15947
-2.03328
-0.943131
0.10202
1.09254
2.01829
2.86899
3.63462
4.30602
4.87543
5.33705
5.68735
5.9253
6.05232
6.07202
5.98985
5.81261
5.54798
5.2041
4.78916
4.31114
3.77759
3.19553
2.57135
1.91082
1.21911
0.500789
-0.240085
-0.99994
-1.77562
-2.56436
-3.36372
-4.17154
-4.98593
-5.80522
-6.62792
-7.45275
-8.27855
-9.10432
-9.92915
-10.7523
-11.573
-12.3907
-13.2049
-14.0152
-14.8211
-15.6223
-16.4185
-17.2095
-17.9952
-18.7753
-19.5498
-20.3186
-21.0816
-21.839
-22.5905
-23.3365
-24.0768
-24.8116
-25.5411
-26.2653
-26.9846
-27.699
-28.4089
-29.1144
-29.8159
-30.5137
-31.2081
-31.8994
-32.588
-33.2743
-33.9588
-34.6419
-35.3241
-36.0058
-36.6876
-37.37
-38.0536
-38.7388
-39.4264
-40.1169
-40.8108
-41.5088
-42.2115
-42.9194
-43.6331
-44.3531
-45.0799
-45.814
-46.5557
-47.3053
-48.0629
-48.8285
-49.602
-50.3832
-51.1713
-51.9656
-52.765
-53.5681
-54.373
-55.1777
-55.9795
-56.7757
-57.5629
-58.3376
-59.0962
-59.8347
-60.5492
-61.236
-61.8918
-62.5134
-63.0985
-63.6452
-64.1524
-64.6197
-65.0474
-65.4365
-65.7884
-66.1051
-66.3888
-66.642
-66.8672
-67.0671
-67.2441
-67.4008
-67.5395
-67.6623
-67.771
-67.8676
-67.9535
-68.0302
-68.0989
-68.1607
-68.2164
-68.267
-68.3132
-68.3555
-68.3945
-68.4306
-68.4643
-68.4959
-68.5256
-68.5537
-68.5804
-68.6059
-68.6304
-68.654
-68.6767
-68.6988
-68.7203
-68.7412
-68.7616
-68.7816
-68.8012
-68.8205
-68.8394
-68.8581
-68.8765
-68.8947
-68.9127
-68.9304
-68.948
-68.9654
-68.9827
-68.9998
-69.0167
-69.0335
-69.0502
-69.0668
-69.0832
-69.0995
-69.1156
-69.1317
-69.1476
-69.1635
-69.1792
-69.1948
-69.2103
-69.2256
-69.2409
-69.2561
-69.2711
-69.2861
-69.3009
-69.3156
-69.3303
-69.3448
-69.3592
-69.3735
-69.3877
-69.4017
-69.4157
-69.4295
-69.4433
-69.4569
-69.4704
-69.4838
-69.4971
-69.5103
-69.5234
-69.5363
-69.5492
-69.5619
-69.5745
-69.587
-69.5994
-69.6116
-69.6238
-69.6358
-69.6477
-69.6595
-69.6712
-69.6828
-69.6942
-69.7055
-69.7167
-69.7278
-69.7388
-69.7496
-69.7603
-69.7709
-69.7814
-69.7918
-69.802
-69.8122
-69.8222
-69.832
-69.8418
-69.8514
-69.8609
-69.8703
-69.8796
-69.8887
-69.8978
-69.9067
-69.9155
-69.9241
-69.9327
-69.9411
-69.9494
-69.9575
-69.9656
-69.9735
-69.9813
-69.989
-69.9965
-70.004
-70.0113
-70.0185
-70.0255
-70.0325
-70.0393
-70.046
-70.0526
-70.0591
-70.0654
-70.0716
-70.0777
-70.0837
-70.0896
-70.0953
-70.1009
-70.1064
-70.1118
-70.117
-70.1222
-70.1272
-70.1321
-70.1368
-70.1415
-70.146
-70.1505
-70.1548
-70.1589
-70.163
-70.1669
-70.1708
-70.1745
-70.1781
-70.1816
-70.1849
-70.1882
-70.1913
-70.1943
-70.1972
-70.2
-70.2027
-70.2053
-70.2077
-70.21
-70.2123
-70.2144
-70.2164
-70.2182
-70.22
-70.2217
-70.2232
-70.2246
-70.226
-70.2272
-70.2283
-70.2293
-70.2302
-70.231
-70.2316
-70.2322
-70.2327
-70.233
-70.2332
-70.2334
-70.2334
-70.2333
-70.2332
-70.2329
-70.2325
-70.232
-70.2314
-70.2307
-70.2299
-70.229
-70.228
-70.2269
-70.2257
-70.2244
-70.2229
-70.2214
-70.2198
-70.2181
-70.2163
-70.2144
-70.2124
-70.2103
-70.2081
-70.2058
-70.2034
-70.2009
-70.1984
-70.1957
-70.1929
-70.0476
-69.812
-69.5117
-69.1628
-68.7765
-68.3615
-67.9245
-67.4709
-67.0049
-66.5301
-66.0493
-65.5649
-65.0787
-64.5923
-64.1071
-63.6243
-63.1446
-62.669
-62.1981
-61.7324
-61.2725
-60.8187
-60.3713
-59.9306
-59.4968
-59.0701
-58.6506
-58.2384
-57.8335
-57.436
-57.0457
-56.6628
-56.2871
-55.9185
-55.5569
-55.2022
-54.8541
-54.5126
-54.1774
-53.8483
-53.5251
-53.2075
-52.8954
-52.5883
-52.2861
-51.9884
-51.695
-51.4055
-51.1196
-50.837
-50.5573
-50.2802
-50.0053
-49.7323
-49.4606
-49.1901
-48.9201
-48.6504
-48.3805
-48.11
-47.8383
-47.565
-47.2896
-47.0116
-46.7304
-46.4454
-46.1562
-45.8619
-45.562
-45.2557
-44.9422
-44.6209
-44.2908
-43.9509
-43.6004
-43.238
-42.8627
-42.4733
-42.0683
-41.6462
-41.2056
-40.7445
-40.2612
-39.7536
-39.2192
-38.6558
-38.0604
-37.4302
-36.7618
-36.0517
-35.2959
-34.4902
-33.6299
-32.7101
-31.7253
-30.6698
-29.5374
-28.3217
-27.0162
-25.6141
-24.1088
-22.4943
-20.7649
-18.9163
-16.946
-14.8537
-12.6422
-10.3183
-7.89341
-5.38444
-2.81425
-0.211778
2.38826
4.94632
7.41964
9.76454
11.9392
13.9066
15.6377
17.1129
18.3233
19.2706
19.9655
20.4255
20.6724
20.7302
20.6233
20.3745
20.0047
19.5326
18.9741
18.3427
17.6499
16.9053
16.1169
15.2915
14.4349
13.5518
12.6464
11.7224
10.7827
9.83026
8.86736
7.89617
6.91856
5.93624
4.95069
3.96327
2.97516
1.98745
1.00108
0.0169021
-0.964329
-1.94195
-2.91537
-3.88407
-4.84761
-5.8056
-6.75769
-7.70362
-8.64313
-9.57603
-10.5022
-11.4214
-12.3337
-13.2389
-14.1371
-15.0281
-15.9122
-16.7892
-17.6593
-18.5225
-19.379
-20.2289
-21.0723
-21.9095
-22.7406
-23.5658
-24.3855
-25.1999
-26.0092
-26.8139
-27.6142
-28.4106
-29.2035
-29.9933
-30.7805
-31.5657
-32.3494
-33.1322
-33.9146
-34.6975
-35.4814
-36.267
-37.0553
-37.8468
-38.6425
-39.4433
-40.2498
-41.0631
-41.8839
-42.7132
-43.5518
-44.4005
-45.26
-46.131
-47.0141
-47.9097
-48.8181
-49.7393
-50.6731
-51.6191
-52.5764
-53.5438
-54.5195
-55.5013
-56.4866
-57.4719
-58.4535
-59.427
-60.3874
-61.3296
-62.2482
-63.1375
-63.9922
-64.8073
-65.5783
-66.3017
-66.9746
-67.5953
-68.1633
-68.679
-69.1436
-69.5593
-69.9289
-70.2557
-70.543
-70.7946
-71.0141
-71.2049
-71.3704
-71.5138
-71.6377
-71.7449
-71.8374
-71.9174
-71.9867
-72.0466
-72.0986
-72.1438
-72.1833
-72.2177
-72.2479
-72.2744
-72.2979
-72.3187
-72.3372
-72.3538
-72.3686
-72.382
-72.3942
-72.4053
-72.4154
-72.4248
-72.4334
-72.4414
-72.4489
-72.4559
-72.4625
-72.4687
-72.4746
-72.4801
-72.4854
-72.4905
-72.4953
-72.5
-72.5045
-72.5088
-72.5129
-72.5169
-72.5207
-72.5245
-72.528
-72.5315
-72.5349
-72.5381
-72.5413
-72.5443
-72.5473
-72.5501
-72.5529
-72.5555
-72.5581
-72.5605
-72.5629
-72.5652
-72.5674
-72.5694
-72.5715
-72.5734
-72.5752
-72.5769
-72.5786
-72.5801
-72.5816
-72.583
-72.5842
-72.5854
-72.5865
-72.5875
-72.5885
-72.5893
-72.59
-72.5907
-72.5912
-72.5917
-72.592
-72.5923
-72.5925
-72.5926
-72.5925
-72.5924
-72.5922
-72.592
-72.5916
-72.5911
-72.5905
-72.5898
-72.5891
-72.5882
-72.5872
-72.5862
-72.585
-72.5838
-72.5824
-72.581
-72.5794
-72.5778
-72.5761
-72.5742
-72.5723
-72.5703
-72.5682
-72.5659
-72.5636
-72.5612
-72.5587
-72.5561
-72.5533
-72.5505
-72.5476
-72.5446
-72.5415
-72.5383
-72.535
-72.5316
-72.5281
-72.5245
-72.5208
-72.517
-72.5131
-72.5092
-72.5051
-72.5009
-72.4966
-72.4922
-72.4878
-72.4832
-72.4785
-72.4737
-72.4689
-72.4639
-72.4589
-72.4537
-72.4485
-72.4431
-72.4377
-72.4321
-72.4265
-72.4208
-72.415
-72.409
-72.403
-72.3969
-72.3907
-72.3844
-72.378
-72.3716
-72.365
-72.3583
-72.3516
-72.3447
-72.3377
-72.3307
-72.3236
-72.3164
-72.309
-72.3016
-72.2941
-72.2866
-72.2789
-72.2711
-72.1174
-71.872
-71.5615
-71.2025
-70.8067
-70.3831
-69.9386
-69.4785
-69.0073
-68.5286
-68.0451
-67.5592
-67.0729
-66.5877
-66.105
-65.6258
-65.1511
-64.6815
-64.2178
-63.7606
-63.3101
-62.8668
-62.431
-62.003
-61.5828
-61.1707
-60.7668
-60.3711
-59.9837
-59.6046
-59.2337
-58.871
-58.5165
-58.1701
-57.8316
-57.501
-57.1782
-56.8629
-56.5551
-56.2546
-55.9612
-55.6747
-55.395
-55.1218
-54.855
-54.5944
-54.3397
-54.0908
-53.8474
-53.6094
-53.3765
-53.1485
-52.9252
-52.7064
-52.4918
-52.2813
-52.0747
-51.8717
-51.6722
-51.4758
-51.2825
-51.092
-50.9042
-50.7187
-50.5355
-50.3542
-50.1748
-49.997
-49.8207
-49.6456
-49.4715
-49.2983
-49.1257
-48.9535
-48.7817
-48.6098
-48.4378
-48.2655
-48.0926
-47.9189
-47.7442
-47.5683
-47.3909
-47.2118
-47.0307
-46.8475
-46.6617
-46.4732
-46.2817
-46.0867
-45.8881
-45.6854
-45.4783
-45.2665
-45.0494
-44.8267
-44.5978
-44.3624
-44.1198
-43.8696
-43.611
-43.3434
-43.0661
-42.7784
-42.4793
-42.1681
-41.8438
-41.5053
-41.1514
-40.781
-40.3926
-39.985
-39.5563
-39.1051
-38.6293
-38.1269
-37.5958
-37.0335
-36.4374
-35.8047
-35.1324
-34.4171
-33.6553
-32.8433
-31.977
-31.0521
-30.0642
-29.0086
-27.8805
-26.6753
-25.3883
-24.0149
-22.5514
-20.9943
-19.3415
-17.5921
-15.747
-13.8093
-11.7851
-9.6834
-7.51712
-5.30303
-3.06209
-0.819241
1.39699
3.55533
5.62303
7.56745
9.35805
10.9683
12.3775
13.5719
14.5454
15.2994
15.8416
16.1848
16.3453
16.341
16.1909
15.913
15.5244
15.0407
14.4755
13.8408
13.1472
12.4034
11.6172
10.7952
9.94282
9.06502
8.16594
7.24918
6.31789
5.37482
4.42237
3.46268
2.49761
1.52882
0.557771
-0.414242
-1.38607
-2.35671
-3.32527
-4.29095
-5.25308
-6.21105
-7.16435
-8.11251
-9.05515
-9.99195
-10.9226
-11.847
-12.7648
-13.676
-14.5804
-15.478
-16.3687
-17.2526
-18.1297
-19
-19.8636
-20.7207
-21.5713
-22.4157
-23.254
-24.0864
-24.9132
-25.7348
-26.5512
-27.363
-28.1705
-28.9741
-29.7741
-30.5712
-31.3657
-32.1582
-32.9493
-33.7396
-34.5296
-35.3202
-36.112
-36.9057
-37.7021
-38.5021
-39.3063
-40.1157
-40.9312
-41.7535
-42.5836
-43.4222
-44.2702
-45.1284
-45.9974
-46.8779
-47.7703
-48.675
-49.5922
-50.5219
-51.4636
-52.4169
-53.3808
-54.3538
-55.3342
-56.3197
-57.3074
-58.294
-59.2757
-60.2481
-61.2064
-62.1455
-63.0601
-63.945
-64.795
-65.6052
-66.3715
-67.0904
-67.7594
-68.3768
-68.9422
-69.456
-69.9194
-70.3346
-70.7042
-71.0313
-71.3194
-71.572
-71.7926
-71.9846
-72.1513
-72.2958
-72.4207
-72.5287
-72.6219
-72.7023
-72.7718
-72.8318
-72.8836
-72.9285
-72.9674
-73.0011
-73.0304
-73.056
-73.0783
-73.0978
-73.1149
-73.1299
-73.1432
-73.1549
-73.1653
-73.1746
-73.1828
-73.1902
-73.1968
-73.2028
-73.2081
-73.213
-73.2174
-73.2214
-73.225
-73.2283
-73.2313
-73.234
-73.2365
-73.2388
-73.2408
-73.2427
-73.2444
-73.246
-73.2474
-73.2486
-73.2498
-73.2508
-73.2516
-73.2524
-73.253
-73.2535
-73.2539
-73.2542
-73.2544
-73.2545
-73.2545
-73.2544
-73.2542
-73.2539
-73.2535
-73.2531
-73.2525
-73.2518
-73.251
-73.2502
-73.2492
-73.2482
-73.247
-73.2458
-73.2445
-73.243
-73.2415
-73.2399
-73.2382
-73.2364
-73.2345
-73.2326
-73.2305
-73.2283
-73.2261
-73.2237
-73.2213
-73.2187
-73.2161
-73.2134
-73.2106
-73.2076
-73.2046
-73.2015
-73.1983
-73.195
-73.1917
-73.1882
-73.1846
-73.1809
-73.1772
-73.1733
-73.1693
-73.1653
-73.1611
-73.1569
-73.1526
-73.1481
-73.1436
-73.139
-73.1342
-73.1294
-73.1245
-73.1195
-73.1144
-73.1092
-73.1039
-73.0985
-73.093
-73.0875
-73.0818
-73.076
-73.0702
-73.0642
-73.0581
-73.052
-73.0457
-73.0394
-73.033
-73.0264
-73.0198
-73.0131
-73.0063
-72.9994
-72.9924
-72.9853
-72.9781
-72.9708
-72.9635
-72.956
-72.9484
-72.9408
-72.933
-72.9252
-72.9173
-72.9093
-72.9012
-72.893
-72.8847
-72.8763
-72.8678
-72.8593
-72.8506
-72.8419
-72.833
-72.8241
-72.6684
-72.4205
-72.1076
-71.7462
-71.3483
-70.9227
-70.4766
-70.0152
-69.5431
-69.0637
-68.58
-68.0943
-67.6084
-67.124
-66.6424
-66.1647
-65.6917
-65.2242
-64.7629
-64.3083
-63.8607
-63.4205
-62.9881
-62.5637
-62.1474
-61.7393
-61.3396
-60.9484
-60.5656
-60.1912
-59.8253
-59.4678
-59.1186
-58.7776
-58.4448
-58.12
-57.8031
-57.494
-57.1925
-56.8985
-56.6118
-56.3322
-56.0595
-55.7937
-55.5344
-55.2816
-55.0349
-54.7943
-54.5595
-54.3303
-54.1066
-53.8882
-53.6748
-53.4662
-53.2623
-53.0629
-52.8678
-52.6768
-52.4897
-52.3064
-52.1267
-51.9503
-51.7772
-51.6071
-51.4399
-51.2754
-51.1135
-50.9541
-50.7968
-50.6417
-50.4885
-50.3371
-50.1874
-50.0392
-49.8923
-49.7467
-49.6022
-49.4587
-49.3159
-49.1739
-49.0324
-48.8913
-48.7504
-48.6097
-48.469
-48.3281
-48.187
-48.0454
-47.9032
-47.7602
-47.6164
-47.4715
-47.3254
-47.1778
-47.0287
-46.8779
-46.7251
-46.5701
-46.4127
-46.2528
-46.09
-45.9242
-45.7551
-45.5823
-45.4057
-45.2249
-45.0395
-44.8493
-44.6539
-44.4528
-44.2457
-44.0321
-43.8114
-43.5833
-43.3471
-43.1022
-42.848
-42.5838
-42.3088
-42.0223
-41.7233
-41.4109
-41.084
-40.7416
-40.3824
-40.0052
-39.6084
-39.1906
-38.7501
-38.2851
-37.7935
-37.2733
-36.7221
-36.1373
-35.5164
-34.8564
-34.1541
-33.4062
-32.609
-31.7588
-30.8517
-29.8833
-28.8494
-27.7456
-26.5677
-25.3113
-23.9724
-22.5477
-21.0344
-19.4306
-17.7359
-15.9516
-14.081
-12.1302
-10.1082
-8.02761
-5.90454
-3.75916
-1.61536
0.499665
2.55619
4.52321
6.37
8.06795
9.5924
10.9242
12.0509
12.9671
13.674
14.1789
14.4936
14.6332
14.6144
14.4546
14.1708
13.7791
13.2941
12.7289
12.0951
11.4028
10.6608
9.87647
9.05643
8.20623
7.33071
6.43404
5.51987
4.59135
3.65126
2.70203
1.74579
0.784435
-0.180386
-1.14721
-2.11473
-3.08183
-4.04749
-5.01084
-5.9711
-6.92761
-7.87977
-8.82709
-9.76913
-10.7055
-11.636
-12.5602
-13.478
-14.3893
-15.2939
-16.1917
-17.0827
-17.9669
-18.8443
-19.715
-20.579
-21.4365
-22.2877
-23.1326
-23.9715
-24.8047
-25.6324
-26.4548
-27.2724
-28.0855
-28.8944
-29.6996
-30.5015
-31.3007
-32.0977
-32.8929
-33.6871
-34.4809
-35.2749
-36.0698
-36.8664
-37.6654
-38.4676
-39.2739
-40.085
-40.9019
-41.7254
-42.5563
-43.3954
-44.2437
-45.1018
-45.9705
-46.8504
-47.742
-48.6456
-49.5616
-50.4899
-51.4302
-52.382
-53.3445
-54.3164
-55.2959
-56.2809
-57.2689
-58.2565
-59.2402
-60.2157
-61.1785
-62.1236
-63.0459
-63.9401
-64.8011
-65.624
-66.4045
-67.1389
-67.8245
-68.4594
-69.0426
-69.5743
-70.0554
-70.4878
-70.8739
-71.2166
-71.5192
-71.7851
-72.0178
-72.2208
-72.3973
-72.5504
-72.683
-72.7976
-72.8966
-72.9821
-73.0558
-73.1194
-73.1744
-73.2218
-73.2628
-73.2982
-73.3289
-73.3556
-73.3787
-73.3987
-73.4162
-73.4315
-73.4448
-73.4564
-73.4666
-73.4756
-73.4834
-73.4903
-73.4964
-73.5017
-73.5064
-73.5105
-73.5142
-73.3775
-73.159
-72.887
-72.5786
-72.2451
-71.8949
-71.534
-71.1669
-70.7971
-70.4271
-70.059
-69.6942
-69.334
-68.9791
-68.6304
-68.2882
-67.953
-67.625
-67.3045
-66.9914
-66.686
-66.3882
-66.0979
-65.8153
-65.5401
-65.2723
-65.0118
-64.7585
-64.5122
-64.2729
-64.0404
-63.8146
-63.5953
-63.3824
-63.1757
-62.9751
-62.7805
-62.5916
-62.4085
-62.2309
-62.0587
-61.8918
-61.73
-61.5732
-61.4213
-61.2742
-61.1317
-60.9938
-60.8602
-60.731
-60.6059
-60.485
-60.368
-60.2549
-60.1456
-60.04
-59.938
-59.8395
-59.7444
-59.6527
-59.5642
-59.479
-59.3968
-59.3177
-59.2415
-59.1682
-59.0977
-59.03
-58.9649
-58.9025
-58.8427
-58.7853
-58.7304
-58.6779
-58.6278
-58.5799
-58.5342
-58.4907
-58.4494
-58.4102
-58.3729
-58.3377
-58.3045
-58.2731
-58.2436
-58.216
-58.1901
-58.166
-58.1436
-58.1228
-58.1037
-58.0863
-58.0703
-58.056
-58.0431
-58.0317
-58.0218
-58.0133
-58.0061
-58.0004
-57.9959
-57.9928
-57.9909
-57.9903
-57.9909
-57.9927
-57.9957
-57.9998
-58.005
-58.0114
-58.0188
-58.0273
-58.0368
-58.0473
-58.0589
-58.0713
-58.0848
-58.0991
-58.1144
-58.1306
-58.1476
-58.1655
-58.1842
-58.2037
-58.2241
-58.2452
-58.267
-58.2896
-58.313
-58.337
-58.3618
-58.3872
-58.4133
-58.44
-58.4673
-58.4953
-58.5239
-58.553
-58.5828
-58.6131
-58.6439
-58.6752
-58.7071
-58.7394
-58.7723
-58.8056
-58.8394
-58.8736
-58.9083
-58.9434
-58.9789
-59.0148
-59.051
-59.0877
-59.1247
-59.1621
-59.1998
-59.2378
-59.2761
-59.3148
-59.3537
-59.393
-59.4325
-59.4722
-59.5122
-59.5525
-59.593
-59.6337
-59.6747
-59.7158
-59.7571
-59.7987
-59.8404
-59.8822
-59.9243
-59.9665
-60.0088
-60.0513
-60.0939
-60.1366
-60.1794
-60.2223
-60.2654
-60.3085
-60.3517
-60.395
-60.4383
-60.4818
-60.5252
-60.5687
-60.6123
-60.6559
-60.6995
-60.7432
-60.7869
-60.8305
-60.8742
-60.9179
-60.9616
-61.0053
-61.0489
-61.0926
-61.1362
-61.1797
-61.2233
-61.2668
-61.3103
-61.3537
-61.397
-61.4403
-61.4835
-61.5267
-61.5698
-61.6128
-61.6558
-61.6986
-61.7414
-61.7841
-61.8267
-61.8692
-61.9116
-61.9538
-61.996
-62.0381
-62.0801
-62.1219
-62.1636
-62.2052
-62.2467
-62.288
-62.3292
-62.3703
-62.4113
-62.4521
-62.4928
-62.5333
-62.5737
-62.6139
-62.654
-62.6939
-62.7337
-62.7734
-62.8128
-62.8521
-62.8913
-62.9303
-62.9691
-63.0078
-63.0463
-63.0846
-63.1228
-63.1607
-63.1986
-63.2362
-63.2737
-63.311
-63.3481
-63.385
-63.4217
-63.4583
-63.4947
-63.5309
-63.5669
-63.6028
-63.6384
-63.6739
-63.7092
-63.7442
-63.7791
-63.8138
-63.8484
-63.8827
-63.9168
-63.9508
-63.9845
-64.0181
-64.0514
-64.0846
-64.1176
-64.1504
-64.183
-64.2153
-64.2475
-64.2795
-64.3113
-64.3429
-64.3743
-64.4055
-64.4366
-64.4674
-64.498
-64.5284
-64.5586
-64.5886
-64.6185
-64.6481
-64.6775
-64.7067
-64.7358
-64.7646
-64.7932
-64.8217
-64.8499
-64.8779
-64.9058
-64.9334
-64.9609
-64.9881
-65.0152
-65.042
-65.0687
-65.0952
-65.1214
-65.1475
-65.1734
-65.199
-65.2245
-65.2498
-65.2749
-65.2998
-65.3245
-65.349
-65.3733
-65.3975
-65.4214
-65.4452
-65.4687
-65.4921
-65.5152
-65.5382
-65.561
-65.5836
-65.606
-65.6282
-65.6503
-65.6721
-65.6938
-65.7153
-65.7365
-65.7577
-65.7786
-65.7993
-65.8198
-65.8402
-65.8604
-65.8804
-65.9002
-65.9198
-65.9393
-65.9586
-65.9777
-65.9966
-66.0153
-66.0339
-66.0522
-66.0704
-66.0885
-66.1063
-66.124
-66.1415
-66.1588
-66.176
-66.193
-66.2098
-66.2264
-66.2429
-66.2592
-66.2753
-66.2913
-66.3071
-66.3227
-66.3382
-66.3535
-66.3686
-66.3836
-66.3984
-66.413
-66.4275
-66.4418
-66.456
-66.47
-66.4838
-66.4975
-66.511
-66.5243
-66.5375
-66.5506
-66.5635
-66.5762
-66.5888
-66.6012
-66.6135
-66.6256
-66.6376
-66.6494
-66.6611
-66.6726
-66.684
-66.6952
-66.7063
-66.7172
-66.728
-66.7386
-66.7491
-66.7594
-66.7697
-66.7797
-66.7896
-66.7994
-66.8091
-66.8186
-66.8279
-66.8372
-66.8462
-66.8552
-66.864
-66.8727
-66.8812
-66.8896
-66.8979
-66.9061
-66.9141
-66.922
-66.9297
-66.9373
-66.9448
-66.9522
-66.9594
-66.9665
-66.9735
-66.9804
-66.9871
-66.9937
-67.0002
-67.0066
-67.0128
-67.0189
-67.0249
-67.0308
-67.0366
-67.0422
-67.0478
-67.0532
-67.0585
-67.0636
-67.0687
-67.0736
-67.0785
-67.0832
-67.0878
-67.0923
-67.0967
-67.101
-67.1051
-67.1092
-67.1131
-67.117
-67.1207
-67.1243
-67.1278
-67.1313
-67.1346
-67.1378
-67.1409
-67.1439
-67.1468
-67.1496
-67.1523
-67.1549
-67.1574
-67.1598
-67.1621
-67.1643
-67.1664
-67.1685
-67.1704
-67.1722
-67.1739
-67.1756
-67.1771
-67.1786
-67.18
-67.1812
-67.1824
-67.1835
-67.1845
-67.1855
-67.1863
-67.187
-67.1877
-67.1883
-67.1888
-67.1892
-67.1895
-67.0513
-66.8238
-66.531
-66.1879
-65.8054
-65.3917
-64.9533
-64.4954
-64.0224
-63.5376
-63.0438
-62.5435
-62.0385
-61.5304
-61.0206
-60.5102
-60.0002
-59.4912
-58.9841
-58.4793
-57.9772
-57.4782
-56.9826
-56.4905
-56.0021
-55.5174
-55.0364
-54.5591
-54.0852
-53.6147
-53.1472
-52.6824
-52.2201
-51.7596
-51.3006
-50.8424
-50.3844
-49.9259
-49.4661
-49.0041
-48.539
-48.0697
-47.595
-47.1137
-46.6244
-46.1256
-45.6156
-45.0924
-44.5542
-43.9987
-43.4234
-42.8255
-42.2021
-41.5496
-40.8645
-40.1425
-39.3788
-38.5683
-37.705
-36.7824
-35.793
-34.7285
-33.5796
-32.3361
-30.9865
-29.5182
-27.9175
-26.1697
-24.2596
-22.1715
-19.8904
-17.403
-14.6992
-11.7744
-8.63209
-5.28663
-1.76648
1.88368
5.60212
9.31155
12.9235
16.3457
19.491
22.2871
24.6844
26.6595
28.2153
29.3764
30.1823
30.6804
30.9191
30.944
30.795
30.5055
30.1024
29.6071
29.0361
28.3601
27.6158
26.822
25.9903
25.1283
24.2417
23.3347
22.4109
21.4729
20.5233
19.5641
18.5972
17.6243
16.6468
15.6663
14.662
13.6508
12.6399
11.6332
10.6328
9.64012
8.65609
7.68131
6.71622
5.76112
4.81626
3.88178
2.95781
2.0444
1.1416
0.249405
-0.632205
-1.50327
-2.36385
-3.21403
-4.0539
-4.88357
-5.70315
-6.51276
-7.31254
-8.10263
-8.88318
-9.65434
-10.4163
-11.1691
-11.913
-12.6482
-13.3748
-14.093
-14.803
-15.5049
-16.1989
-16.8852
-17.564
-18.2355
-18.8999
-19.5573
-20.2079
-20.8521
-21.4899
-22.1216
-22.7475
-23.3677
-23.9825
-24.5923
-25.1971
-25.7974
-26.3934
-26.9854
-27.5737
-28.1587
-28.7408
-29.3202
-29.8974
-30.4728
-31.0468
-31.6198
-32.1922
-32.7647
-33.3375
-33.9113
-34.4865
-35.0636
-35.6432
-36.2257
-36.8117
-37.4017
-37.9962
-38.5954
-39.2
-39.8101
-40.426
-41.0479
-41.6757
-42.3092
-42.9482
-43.592
-44.24
-44.8909
-45.5435
-46.1962
-46.8471
-47.4939
-48.1343
-48.7657
-49.3853
-49.9903
-50.5781
-51.146
-51.6917
-52.213
-52.7085
-53.1767
-53.6169
-54.0287
-54.4122
-54.7677
-55.0961
-55.3983
-55.6757
-55.9297
-56.1619
-56.3737
-56.5668
-56.7428
-56.9033
-57.0497
-57.1833
-57.3056
-57.4176
-57.5205
-57.6153
-57.7029
-57.7841
-57.8597
-57.9303
-57.9966
-58.059
-58.118
-58.1741
-58.2276
-58.2788
-58.3281
-58.3756
-58.4217
-58.4664
-58.5101
-58.5528
-58.5947
-58.6358
-58.6764
-58.7165
-58.7561
-58.7954
-58.8344
-58.8732
-58.9117
-58.9502
-58.9885
-59.0267
-59.0649
-59.1031
-59.1413
-59.1794
-59.2177
-59.2559
-59.2942
-59.3326
-59.371
-59.4096
-59.4482
-59.4869
-59.5257
-59.5646
-59.6036
-59.6427
-59.6819
-59.7211
-59.7605
-59.8
-59.8396
-59.8793
-59.919
-59.9589
-59.9988
-60.0389
-60.079
-60.1192
-60.1595
-60.1998
-60.2402
-60.2807
-60.3213
-60.3619
-60.4025
-60.4433
-60.484
-60.5249
-60.5657
-60.6066
-60.6476
-60.6885
-60.7295
-60.7706
-60.8116
-60.8527
-60.8938
-60.9349
-60.976
-61.0171
-61.0582
-61.0993
-61.1404
-61.1815
-61.2226
-61.2637
-61.3047
-61.3457
-61.3867
-61.4277
-61.4687
-61.5096
-61.5504
-61.5913
-61.6321
-61.6728
-61.7135
-61.7542
-61.7948
-61.8353
-61.8758
-61.9162
-61.9566
-61.9969
-62.0371
-62.0773
-62.1173
-62.1574
-62.1973
-62.2371
-62.2769
-62.3166
-62.3562
-62.3957
-62.4351
-62.4744
-62.5137
-62.5528
-62.5918
-62.6308
-62.6696
-62.7084
-62.747
-62.7855
-62.8239
-62.8622
-62.9004
-62.9385
-62.9765
-63.0143
-63.052
-63.0896
-63.1271
-63.1645
-63.2018
-63.2389
-63.2759
-63.3127
-63.3495
-63.2648
-63.1081
-62.9031
-62.6641
-62.4008
-62.1201
-61.8275
-61.5267
-61.221
-60.9127
-60.6037
-60.2955
-59.9891
-59.6855
-59.3855
-59.0896
-58.7984
-58.5121
-58.231
-57.9555
-57.6856
-57.4215
-57.1633
-56.9111
-56.6648
-56.4245
-56.1903
-55.9619
-55.7395
-55.523
-55.3122
-55.1072
-54.9078
-54.7139
-54.5255
-54.3425
-54.1647
-53.9921
-53.8245
-53.6619
-53.5041
-53.351
-53.2026
-53.0587
-52.9191
-52.7839
-52.6529
-52.5259
-52.403
-52.284
-52.1687
-52.0572
-51.9493
-51.845
-51.7441
-51.6465
-51.5523
-51.4612
-51.3734
-51.2885
-51.2067
-51.1278
-51.0518
-50.9786
-50.9082
-50.8405
-50.7754
-50.7129
-50.6529
-50.5955
-50.5405
-50.4879
-50.4377
-50.3899
-50.3443
-50.3011
-50.26
-50.2212
-50.1846
-50.1501
-50.1177
-50.0875
-50.0593
-50.0332
-50.0091
-49.9871
-49.967
-49.949
-49.9329
-49.9188
-49.9066
-49.8964
-49.888
-49.8816
-49.8771
-49.8745
-49.8737
-49.8749
-49.8779
-49.8827
-49.8894
-49.898
-49.9084
-49.9206
-49.9347
-49.9506
-49.9683
-49.9879
-50.0092
-50.0324
-50.0574
-50.0842
-50.1128
-50.1432
-50.1754
-50.2093
-50.2451
-50.2826
-50.322
-50.3631
-50.4059
-50.4506
-50.497
-50.5451
-50.595
-50.6467
-50.7
-50.7551
-50.812
-50.8705
-50.9307
-50.9926
-51.0562

