-65
-64.9994
-64.9988
-64.9982
-64.9977
-64.9971
-64.9965
-64.996
-64.9954
-64.9949
-64.9943
-64.9938
-64.9932
-64.9927
-64.9922
-64.9917
-64.9912
-64.9906
-64.9901
-64.9896
-64.9891
-64.9886
-64.9881
-64.9876
-64.9872
-64.9867
-64.9862
-64.9857
-64.9852
-64.9848
-64.9843
-64.9838
-64.9834
-64.9829
-64.9825
-64.982
-64.9816
-64.9811
-64.9807
-64.9802
-64.9798
-64.9794
-64.9789
-64.9785
-64.9781
-64.9777
-64.9772
-64.9768
-64.9764
-64.976
-64.9756
-64.9752
-64.9748
-64.9744
-64.974
-64.9736
-64.9732
-64.9728
-64.9725
-64.9721
-64.9717
-64.9713
-64.971
-64.9706
-64.9702
-64.9699
-64.9695
-64.9692
-64.9688
-64.9685
-64.9681
-64.9678
-64.9675
-64.9671
-64.9668
-64.9665
-64.9661
-64.9658
-64.9655
-64.9652
-64.9649
-64.9646
-64.9642
-64.9639
-64.9636
-64.9633
-64.963
-64.9628
-64.9625
-64.9622
-64.9619
-64.9616
-64.9613
-64.9611
-64.9608
-64.9605
-64.9603
-64.96
-64.9598
-64.9595
-64.9592
-64.959
-64.9588
-64.9585
-64.9583
-64.958
-64.9578
-64.9576
-64.9573
-64.9571
-64.9569
-64.9567
-64.9565
-64.9562
-64.956
-64.9558
-64.9556
-64.9554
-64.9552
-64.955
-64.9548
-64.9546
-64.9545
-64.9543
-64.9541
-64.9539
-64.9537
-64.9536
-64.9534
-64.9532
-64.9531
-64.9529
-64.9527
-64.9526
-64.9524
-64.9523
-64.9521
-64.952
-64.9519
-64.9517
-64.9516
-64.9514
-64.9513
-64.9512
-64.9511
-64.9509
-64.9508
-64.9507
-64.9506
-64.9505
-64.9504
-64.9503
-64.9502
-64.95
-64.9499
-64.9499
-64.9498
-64.9497
-64.9496
-64.9495
-64.9494
-64.9493
-64.9492
-64.9492
-64.9491
-64.949
-64.9489
-64.9489
-64.9488
-64.9487
-64.9487
-64.9486
-64.9486
-64.9485
-64.9485
-64.9484
-64.9484
-64.9483
-64.9483
-64.9482
-64.9482
-64.9482
-64.9481
-64.9481
-64.9481
-64.948
-64.948
-64.948
-64.948
-64.948
-64.9479
-64.9479
-64.9479
-64.9479
-64.9479
-64.9479
-64.9479
-64.9479
-64.9479
-64.9479
-64.9479
-64.9479
-64.9479
-64.9479
-64.9479
-64.9479
-64.9479
-64.9479
-64.948
-64.948
-64.948
-64.948
-64.9481
-64.9481
-64.9481
-64.9481
-64.9482
-64.9482
-64.9482
-64.9483
-64.9483
-64.9483
-64.9484
-64.9484
-64.9485
-64.9485
-64.9486
-64.9486
-64.9487
-64.9487
-64.9488
-64.9488
-64.9489
-64.9489
-64.949
-64.9491
-64.9491
-64.9492
-64.9492
-64.9493
-64.9494
-64.9494
-64.9495
-64.9496
-64.9497
-64.9497
-64.9498
-64.9499
-64.95
-64.95
-64.9501
-64.9502
-64.9503
-64.9504
-64.9504
-64.9505
-64.9506
-64.9507
-64.9508
-64.9509
-64.951
-64.951
-64.9511
-64.9512
-64.9513
-64.9514
-64.9515
-64.9516
-64.9517
-64.9518
-64.9519
-64.952
-64.9521
-64.9522
-64.9523
-64.9524
-64.9525
-64.9526
-64.9527
-64.9528
-64.9529
-64.953
-64.9532
-64.9533
-64.9534
-64.9535
-64.9536
-64.9537
-64.9538
-64.9539
-64.954
-64.9542
-64.9543
-64.9544
-64.9545
-64.9546
-64.9547
-64.9548
-64.955
-64.9551
-64.9552
-64.9553
-64.9554
-64.9556
-64.9557
-64.9558
-64.9559
-64.956
-64.9562
-64.9563
-64.9564
-64.9565
-64.9566
-64.9568
-64.9569
-64.957
-64.9571
-64.9573
-64.9574
-64.9575
-64.9576
-64.9578
-64.9579
-64.958
-64.9581
-64.9583
-64.9584
-64.9585
-64.9587
-64.9588
-64.9589
-64.959
-64.9592
-64.9593
-64.9594
-64.9595
-64.9597
-64.9598
-64.9599
-64.96
-64.9602
-64.9603
-64.9604
-64.9606
-64.9607
-64.9608
-64.9609
-64.9611
-64.9612
-64.9613
-64.9614
-64.9616
-64.9617
-64.9618
-64.962
-64.9621
-64.9622
-64.9623
-64.9625
-64.9626
-64.9627
-64.9628
-64.963
-64.9631
-64.9632
-64.9633
-64.9635
-64.9636
-64.9637
-64.9638
-64.964
-64.9641
-64.9642
-64.9643
-64.9645
-64.9646
-64.9647
-64.9648
-64.8303
-64.6083
-64.3219
-63.9854
-63.6092
-63.2012
-62.7678
-62.3139
-61.8435
-61.3602
-60.8664
-60.3645
-59.8562
-59.3431
-58.8263
-58.3068
-57.7854
-57.2628
-56.7394
-56.2155
-55.6914
-55.1671
-54.6426
-54.1177
-53.5924
-53.0661
-52.5386
-52.0091
-51.4771
-50.9417
-50.402
-49.8569
-49.3052
-48.7454
-48.1761
-47.5954
-47.0013
-46.3915
-45.7635
-45.1143
-44.4408
-43.7392
-43.0054
-42.2346
-41.4215
-40.5601
-39.6433
-38.6632
-37.6107
-36.4756
-35.246
-33.9085
-32.4477
-30.8465
-29.0854
-27.1433
-24.997
-22.6222
-19.9947
-17.0919
-13.896
-10.3975
-6.60082
-2.53008
1.76555
6.20829
10.6927
15.0924
19.2728
23.1074
26.494
29.3672
31.703
33.5161
34.8513
35.7714
36.3455
36.6408
36.7163
36.6205
36.3916
36.0585
35.6425
35.1592
34.62
34.0331
33.4047
32.7398
32.0419
31.3144
30.5597
29.7803
28.9782
28.1553
27.3134
26.4541
25.579
24.6895
23.787
22.8729
21.9485
20.9848
20.0036
19.0142
18.0211
17.027
16.0337
15.0422
14.0536
13.0685
12.0875
11.1111
10.1398
9.17395
8.21386
7.25986
6.31221
5.37112
4.4368
3.50942
2.58911
1.67598
0.770131
-0.128369
-1.01947
-1.90313
-2.77934
-3.64809
-4.5094
-5.36329
-6.2098
-7.04896
-7.88084
-8.7055
-9.52302
-10.3335
-11.1369
-11.9335
-12.7233
-13.5065
-14.283
-15.0532
-15.817
-16.5747
-17.3264
-18.0722
-18.8123
-19.5469
-20.2762
-21.0003
-21.7195
-22.4341
-23.1441
-23.85
-24.552
-25.2504
-25.9454
-26.6375
-27.327
-28.0144
-28.6999
-29.3841
-30.0674
-30.7503
-31.4334
-32.1172
-32.8024
-33.4894
-34.1791
-34.872
-35.5688
-36.2704
-36.9774
-37.6906
-38.4107
-39.1385
-39.8747
-40.62
-41.3751
-42.1405
-42.9166
-43.7037
-44.502
-45.3113
-46.1312
-46.961
-47.7997
-48.6456
-49.4968
-50.3507
-51.2044
-52.0543
-52.8963
-53.7262
-54.5391
-55.3304
-56.0954
-56.8293
-57.5283
-58.1888
-58.8079
-59.3838
-59.9154
-60.4024
-60.8455
-61.2458
-61.6054
-61.9266
-62.2121
-62.4647
-62.6874
-62.8833
-63.0551
-63.2056
-63.3373
-63.4526
-63.5536
-63.6422
-63.7201
-63.7888
-63.8497
-63.9038
-63.9522
-63.9957
-64.035
-63.9586
-63.8195
-63.6425
-63.4415
-63.2256
-63.0006
-62.7709
-62.5393
-62.308
-62.0786
-61.852
-61.6291
-61.4105
-61.1966
-60.9877
-60.7839
-60.5854
-60.3922
-60.2043
-60.0218
-59.8446
-59.6727
-59.5059
-59.3443
-59.1877
-59.036
-58.8891
-58.747
-58.6095
-58.4766
-58.3481
-58.2239
-58.1039
-57.988
-57.8762
-57.7683
-57.6642
-57.5639
-57.4672
-57.374
-57.2844
-57.1981
-57.1151
-57.0354
-56.9587
-56.8852
-56.8146
-56.747
-56.6822
-56.6202
-56.5609
-56.5043
-56.4502
-56.3987
-56.3497
-56.3031
-56.2588
-56.2168
-56.1771
-56.1396
-56.1042
-56.0709
-56.0397
-56.0105
-55.9833
-55.958
-55.9345
-55.9129
-55.8931
-55.8751
-55.8588
-55.8441
-55.8312
-55.8198
-55.81
-55.8018
-55.795
-55.7898
-55.786
-55.7836
-55.7826
-55.783
-55.7847
-55.7877
-55.792
-55.7976
-55.8043
-55.8123
-55.8215
-55.8318
-55.8432
-55.8557
-55.8693
-55.884
-55.8997
-55.9164
-55.9341
-55.9528
-55.9724
-55.9929
-56.0144
-56.0368
-56.06
-56.0841
-56.109
-56.1347
-56.1612
-56.1885
-56.2166
-56.2454
-56.2749
-56.3051
-56.3361
-56.3677
-56.3999
-56.4329
-56.4664
-56.5006
-56.5353
-56.5707
-56.6066
-56.6431
-56.6801
-56.7177
-56.7557
-56.7943
-56.8333
-56.8729
-56.9128
-56.9533
-56.9942
-57.0354
-57.0772
-57.1193
-57.1618
-57.2046
-57.2479
-57.2914
-57.3354
-57.3796
-57.4242
-57.4691
-57.5143
-57.5597
-57.6055
-57.6515
-57.6978
-57.7443
-57.7911
-57.8381
-57.8853
-57.9327
-57.9803
-58.0281
-58.0761
-58.1243
-58.1726
-58.2211
-58.2698
-58.3186
-58.3675
-58.4165
-58.4657
-58.515
-58.5644
-58.6138
-58.6634
-58.7131
-58.7628
-58.8126
-58.8624
-58.9124
-58.9623
-59.0123
-59.0624
-59.1124
-59.1625
-59.2127
-59.2628
-59.3129
-59.3631
-59.4132
-59.4634
-59.5135
-59.5636
-59.6136
-59.6637
-59.7137
-59.7637
-59.8136
-59.8635
-59.9133
-59.9631
-60.0128
-60.0625
-60.1121
-60.1616
-60.211
-60.2604
-60.1935
-60.057
-59.8732
-59.6556
-59.4134
-59.1533
-58.8804
-58.5984
-58.3104
-58.0188
-57.7253
-57.4314
-57.1382
-56.8467
-56.5577
-56.2716
-55.9891
-55.7105
-55.436
-55.166
-54.9007
-54.6402
-54.3845
-54.1339
-53.8883
-53.6477
-53.4122
-53.1818
-52.9564
-52.7359
-52.5204
-52.3098
-52.1039
-51.9027
-51.7061
-51.514
-51.3264
-51.143
-50.9639
-50.7888
-50.6178
-50.4506
-50.2871
-50.1273
-49.9711
-49.8183
-49.5761
-49.2841
-48.9607
-48.6168
-48.2595
-47.8936
-47.5227
-47.1492
-46.7749
-46.4012
-46.0287
-45.6582
-45.2899
-44.924
-44.5605
-44.1994
-43.8405
-43.4836
-43.1284
-42.7746
-42.4219
-42.0699
-41.7182
-41.3664
-41.0141
-40.6606
-40.3057
-39.9488
-39.5893
-39.2268
-38.8607
-38.4903
-38.1152
-37.6677
-37.1786
-36.6616
-36.124
-35.57
-35.0023
-34.4223
-33.8307
-33.2279
-32.6136
-31.9876
-31.3492
-30.6977
-30.0323
-29.3523
-28.6566
-27.9444
-27.2148
-26.4667
-25.6992
-24.9115
-24.1027
-23.2719
-22.4184
-21.5415
-20.6405
-19.7151
-18.7648
-17.7896
-16.7894
-15.7647
-14.7163
-13.6452
-12.5532
-11.4429
-10.3177
-9.18215
-8.04199
-6.90459
-5.77892
-4.67558
-3.60673
-2.58568
-1.62639
-0.742676
0.0526463
0.748638
1.33695
1.81231
2.17269
2.41915
2.55544
2.58745
2.52259
2.36916
2.13587
1.83137
1.46397
1.04145
0.570944
0.0588815
-0.488985
-1.06756
-1.67234
-2.29938
-2.94519
-3.60674
-4.28133
-4.96662
-5.66052
-6.36122
-7.06709
-7.7767
-8.48881
-9.2023
-9.91618
-10.6296
-11.3418
-12.052
-12.7598
-13.4645
-14.1657
-14.8631
-15.5563
-16.245
-16.9289
-17.6079
-18.2817
-18.9504
-19.6136
-20.2714
-20.9238
-21.5707
-22.212
-22.8479
-23.4783
-24.1034
-24.7232
-25.3378
-25.9473
-26.5519
-27.1517
-27.7468
-28.3376
-28.9241
-29.5065
-30.0852
-30.6603
-31.2322
-31.801
-32.3672
-32.931
-33.4927
-34.0527
-34.6114
-35.1691
-35.7262
-36.2831
-36.8403
-37.3982
-37.9573
-38.5179
-39.0805
-39.6457
-40.2138
-40.7853
-41.3606
-41.9402
-42.5245
-43.1138
-43.7084
-44.3084
-44.9142
-45.5256
-46.1426
-46.7649
-47.3922
-48.0237
-48.6587
-49.2961
-49.9344
-50.572
-51.2071
-51.8375
-52.4607
-53.0742
-53.6754
-54.2614
-54.8296
-55.3774
-55.9025
-56.403
-56.8772
-57.3239
-57.7424
-58.1325
-58.4943
-58.8284
-59.1358
-59.4177
-59.6754
-59.9105
-60.1247
-60.3198
-60.4972
-60.6588
-60.806
-60.9404
-61.0634
-61.1761
-61.2798
-61.3755
-61.4641
-61.5466
-61.6236
-61.6958
-61.7639
-61.8282
-61.8893
-61.9477
-62.0035
-62.0572
-62.109
-62.1591
-62.2078
-62.2552
-62.3015
-62.3467
-62.3911
-62.4347
-62.4777
-62.52
-62.5618
-62.6031
-62.644
-62.6845
-62.7246
-62.7644
-62.804
-62.8432
-62.8823
-62.9211
-62.9597
-62.9982
-63.0364
-63.0745
-63.1125
-63.1503
-63.1879
-63.2255
-63.2629
-63.3001
-63.3373
-63.3744
-63.4113
-63.4481
-63.4848
-63.5214
-63.5579
-63.5943
-63.6306
-63.6668
-63.7028
-63.7388
-63.7746
-63.8104
-63.846
-63.8816
-63.917
-63.9523
-63.9875
-64.0226
-64.0576
-64.0925
-64.1273
-64.1619
-64.1965
-64.2309
-64.2652
-64.2994
-64.3334
-64.3674
-64.4012
-64.4349
-64.4685
-64.502
-64.5353
-64.5685
-64.6016
-64.6345
-64.6674
-64.7001
-64.7326
-64.7651
-64.7973
-64.8295
-64.8615
-64.8934
-64.9252
-64.9568
-64.9883
-65.0197
-65.0509
-65.0819
-65.1129
-65.1437
-65.1743
-65.2048
-65.2352
-65.2654
-65.2954
-65.3254
-65.3551
-65.3848
-65.4143
-65.4436
-65.4728
-65.5018
-65.5307
-65.5595
-65.5881
-65.6165
-65.6448
-65.6729
-65.7009
-65.7288
-65.7565
-65.784
-65.8114
-65.8386
-65.8657
-65.8926
-65.9194
-65.946
-65.9724
-65.9987
-66.0249
-66.0509
-66.0767
-66.1024
-66.1279
-66.1533
-66.1785
-66.2036
-66.2285
-66.2532
-66.2778
-66.3023
-66.3265
-66.3507
-66.3746
-66.3984
-66.4221
-66.4456
-66.4689
-66.4921
-66.5151
-66.538
-66.5607
-66.5833
-66.6057
-66.6279
-66.65
-66.6719
-66.6937
-66.7153
-66.7368
-66.7581
-66.7792
-66.8002
-66.821
-66.8417
-66.8623
-66.8826
-66.9028
-66.9229
-66.9428
-66.9626
-66.9822
-67.0016
-67.0209
-67.0401
-67.059
-67.0779
-67.0965
-67.1151
-67.1334
-67.1517
-67.1697
-67.1877
-67.2054
-67.223
-67.2405
-67.2578
-67.275
-67.292
-67.3088
-67.1914
-66.9906
-66.7313
-66.4288
-66.0938
-65.7344
-65.3568
-64.9658
-64.5654
-64.1586
-63.7479
-63.3353
-62.9224
-62.5106
-62.1011
-61.6946
-61.292
-60.894
-60.501
-60.1134
-59.7317
-59.356
-58.9868
-58.624
-58.2679
-57.9186
-57.5762
-57.2406
-56.912
-56.5902
-56.2753
-55.9673
-55.6659
-55.3712
-55.0831
-54.8014
-54.526
-54.2568
-53.9936
-53.7364
-53.4848
-53.2389
-52.9983
-52.763
-52.5328
-52.3074
-52.0867
-51.8705
-51.6586
-51.4509
-51.2472
-51.0472
-50.8508
-50.6579
-50.4681
-50.2814
-50.0975
-49.9164
-49.7377
-49.5613
-49.3871
-49.2149
-49.0444
-48.8756
-48.7082
-48.5421
-48.3771
-48.213
-48.0497
-47.887
-47.7247
-47.5626
-47.4005
-47.2384
-47.0759
-46.9129
-46.7493
-46.5847
-46.4191
-46.2522
-46.0838
-45.9137
-45.7417
-45.5674
-45.3907
-45.2114
-45.0291
-44.8435
-44.6544
-44.4614
-44.2643
-44.0626
-43.8559
-43.644
-43.4263
-43.2024
-42.9717
-42.7339
-42.4884
-42.2344
-41.9715
-41.6988
-41.4158
-41.1214
-40.815
-40.4955
-40.162
-39.8133
-39.4483
-39.0657
-38.6641
-38.242
-37.7977
-37.3295
-36.8355
-36.3135
-35.7614
-35.1767
-34.5567
-33.8987
-33.1995
-32.456
-31.6647
-30.822
-29.9239
-28.9664
-27.9455
-26.8569
-25.6965
-24.4603
-23.1447
-21.7466
-20.2637
-18.6947
-17.04
-15.302
-13.4854
-11.5983
-9.65212
-7.66238
-5.64891
-3.63573
-1.65058
0.276129
2.11277
3.82848
5.39524
6.78976
7.995
9.00095
9.80462
10.4094
10.824
11.061
11.1352
11.0629
10.8605
10.5437
10.1272
9.62445
9.0475
8.40692
7.71199
6.97077
6.19029
5.3766
4.53499
3.67004
2.78572
1.88552
0.972481
0.049263
-0.881793
-1.81863
-2.75944
-3.70262
-4.64677
-5.59067
-6.53322
-7.47348
-8.41062
-9.34392
-10.2728
-11.1966
-12.115
-13.0275
-13.9339
-14.8338
-15.7271
-16.6136
-17.4932
-18.3658
-19.2314
-20.0899
-20.9415
-21.7862
-22.624
-23.4552
-24.2799
-25.0983
-25.9106
-26.7171
-27.5181
-28.3139
-29.1048
-29.8913
-30.6737
-31.4526
-32.2283
-33.0013
-33.7723
-34.5418
-35.3104
-36.0788
-36.8475
-37.6173
-38.3889
-39.163
-39.9404
-40.7218
-41.508
-42.2998
-43.098
-43.9032
-44.7162
-45.5376
-46.3682
-47.2084
-48.0586
-48.9192
-49.7904
-50.672
-51.564
-52.4658
-53.3766
-54.2953
-55.2204
-56.1501
-57.082
-58.0134
-58.9411
-59.8614
-60.7703
-61.6635
-62.5363
-63.3841
-64.2023
-64.9864
-65.7323
-66.4367
-67.0967
-67.7103
-68.2766
-68.7951
-69.2666
-69.6925
-70.0747
-70.4158
-70.7185
-70.986
-71.2214
-71.4278
-71.6084
-71.7659
-71.9032
-72.0226
-72.1264
-72.2166
-72.295
-72.3632
-72.4225
-72.4742
-72.5193
-72.5587
-72.5932
-72.6236
-72.6502
-72.6738
-72.6946
-72.7131
-72.7295
-72.7442
-72.7574
-72.7693
-72.78
-72.7897
-72.7985
-72.8065
-72.8139
-72.8207
-72.8269
-72.8326
-72.838
-72.8429
-72.8476
-72.8519
-72.8559
-72.8597
-72.8632
-72.8666
-72.8697
-72.8727
-72.8754
-72.8781
-72.8805
-72.8829
-72.885
-72.8871
-72.889
-72.8908
-72.8925
-72.8941
-72.8955
-72.8969
-72.8981
-72.8992
-72.9002
-72.9012
-72.902
-72.9027
-72.9033
-72.9038
-72.9042
-72.9046
-72.9048
-72.9049
-72.9049
-72.9049
-72.9047
-72.9044
-72.9041
-72.9036
-72.903
-72.9024
-72.9016
-72.9008
-72.8998
-72.8988
-72.8977
-72.8964
-72.8951
-72.8937
-72.8921
-72.8905
-72.8888
-72.887
-72.885
-72.883
-72.8809
-72.8787
-72.8764
-72.874
-72.8715
-72.8689
-72.8661
-72.8633
-72.8604
-72.8574
-72.8543
-72.8511
-72.8479
-72.8445
-72.841
-72.8374
-72.8337
-72.8299
-72.826
-72.822
-72.8179
-72.8138
-72.8095
-72.8051
-72.8006
-72.796
-72.7914
-72.7866
-72.7817
-72.7768
-72.7717
-72.7665
-72.7613
-72.7559
-72.7505
-72.7449
-72.7393
-72.7335
-72.7277
-72.7217
-72.7157
-72.7096
-72.7033
-72.697
-72.6906
-72.6841
-72.6775
-72.6708
-72.664
-72.6571
-72.6501
-72.643
-72.6358
-72.6286
-72.6212
-72.6138
-72.6062
-72.5986
-72.5908
-72.583
-72.5751
-72.5671
-72.559
-72.5508
-72.5425
-72.5341
-72.5257
-72.5171
-72.5085
-72.4998
-72.4909
-72.482
-72.473
-72.464
-72.4548
-72.4455
-72.4362
-72.4268
-72.4173
-72.4076
-72.398
-72.3882
-72.3783
-72.3684
-72.3584
-72.3483
-72.3381
-72.3278
-72.3174
-72.307
-72.2965
-72.2859
-72.2752
-72.2645
-72.2536
-72.2427
-72.2317
-72.2206
-72.2095
-72.1982
-72.1869
-72.1755
-72.1641
-72.1525
-72.1409
-72.1292
-72.1175
-72.1056
-72.0937
-72.0817
-72.0697
-72.0575
-72.0453
-72.0331
-72.0207
-72.0083
-71.9958
-71.9833
-71.9706
-71.9579
-71.9452
-71.9323
-71.9194
-71.9065
-71.8934
-71.8803
-71.8672
-71.854
-71.8407
-71.8273
-71.8139
-71.8004
-71.7869
-71.7733
-71.7596
-71.7459
-71.7321
-71.7182
-71.7043
-71.6903
-71.6763
-71.6622
-71.6481
-71.6339
-71.6196
-71.6053
-71.5909
-71.5765
-71.562
-71.5475
-71.5329
-71.5183
-71.5036
-71.4888
-71.474
-71.4592
-71.4443
-71.4293
-71.4143
-71.3993
-71.3842
-71.3691
-71.3539
-71.3386
-71.3233
-71.308
-71.2926
-71.2772
-71.2618
-71.2462
-71.2307
-71.2151
-71.1995
-71.1838
-71.1681
-71.1523
-71.1365
-71.1206
-71.1048
-71.0888
-71.0729
-71.0569
-71.0408
-71.0248
-71.0087
-70.9925
-70.9763
-70.9601
-70.9439
-70.9276
-70.9113
-70.8949
-70.8785
-70.8621
-70.8457
-70.8292
-70.8127
-70.7962
-70.7796
-70.763
-70.7464
-70.7297
-70.713
-70.6963
-70.6796
-70.6628
-70.6461
-70.6293
-70.6124
-70.5956
-70.5787
-70.5618
-70.5448
-70.5279
-70.5109
-70.4939
-70.4769
-70.4599
-70.4428
-70.4257
-70.4087
-70.3915
-70.3744
-70.3573
-70.3401
-70.3229
-70.3057
-70.2885
-70.2713
-70.254
-70.2368
-70.2195
-70.2022
-70.1849
-70.1676
-70.1503
-70.1329
-70.1156
-70.0982
-70.0809
-70.0635
-70.0461
-70.0287
-70.0113
-69.9939
-69.9764
-69.959
-69.9416
-69.9241
-69.9067
-69.8892
-69.8717
-69.8543
-69.8368
-69.8193
-69.8018
-69.7844
-69.7669
-69.7494
-69.7319
-69.7144
-69.6969
-69.6794
-69.6619
-69.6444
-69.6269
-69.6094
-69.5919
-69.5744
-69.5569
-69.5394
-69.5219
-69.5044
-69.4869
-69.4695
-69.452
-69.4345
-69.417
-69.3996
-69.3821
-69.3647
-69.3472
-69.3298
-69.3123
-69.1517
-68.8985
-68.5775
-68.2042
-67.7898
-67.3429
-66.8703
-66.3774
-65.8687
-65.3477
-64.8175
-64.2805
-63.7387
-63.1939
-62.6475
-62.1007
-61.5545
-61.0098
-60.4673
-59.9275
-59.391
-58.8582
-58.3294
-57.8048
-57.2846
-56.7688
-56.2576
-55.7508
-55.2484
-54.7503
-54.2561
-53.7657
-53.2786
-52.7944
-52.3127
-51.833
-51.3545
-50.8765
-50.3984
-49.9192
-49.438
-48.9537
-48.4652
-47.9711
-47.4701
-46.9606
-46.441
-45.9093
-45.3634
-44.8012
-44.2201
-43.6172
-42.9896
-42.3336
-41.6455
-40.9209
-40.155
-39.3422
-38.4765
-37.551
-36.5578
-35.4881
-34.3322
-33.0788
-31.7157
-30.2291
-28.604
-26.824
-24.8719
-22.7298
-20.3803
-17.8075
-14.9987
-11.9472
-8.65506
-5.13693
-1.42312
2.4376
6.37732
10.3112
14.1427
17.7723
21.1075
24.0723
26.6154
28.7134
30.3707
31.6142
32.4868
33.0394
33.3243
33.3901
33.2793
33.0272
32.6617
32.2047
31.6731
31.0796
30.4338
29.7434
29.0143
28.2512
27.4579
26.6379
25.794
24.9286
24.044
23.1424
22.2256
21.2952
20.3531
19.3721
18.3731
17.3654
16.3537
15.3409
14.3291
13.3195
12.3132
11.311
10.3136
9.32161
8.33546
7.35559
6.38237
5.41613
4.45713
3.50562
2.56177
1.62577
0.697722
-0.222251
-1.13408
-2.0377
-2.93308
-3.82021
-4.69909
-5.56974
-6.43219
-7.28649
-8.1327
-8.97088
-9.80112
-10.6235
-11.4381
-12.2451
-13.0445
-13.8366
-14.6213
-15.3988
-16.1694
-16.9331
-17.6901
-18.4405
-19.1846
-19.9225
-20.6545
-21.3806
-22.1013
-22.8166
-23.5268
-24.2323
-24.9333
-25.63
-26.3228
-27.0122
-27.6983
-28.3816
-29.0625
-29.7415
-30.419
-31.0954
-31.7714
-32.4474
-33.1241
-33.8019
-34.4816
-35.1638
-35.8491
-36.5383
-37.232
-37.931
-38.636
-39.3477
-40.0667
-40.7938
-41.5296
-42.2746
-43.0292
-43.7938
-44.5686
-45.3535
-46.1482
-46.9523
-47.7648
-48.5845
-49.4097
-50.2382
-51.0674
-51.8942
-52.7152
-53.5262
-54.3232
-55.1015
-55.8566
-56.5843
-57.2804
-57.9411
-58.5636
-59.1456
-59.6854
-60.1825
-60.6369
-61.0496
-61.4219
-61.7559
-62.054
-62.3187
-62.5529
-62.7595
-62.9411
-63.1006
-63.2404
-63.3629
-63.4703
-63.5646
-63.6474
-63.7204
-63.7849
-63.8422
-63.8933
-63.939
-63.9803
-64.0178
-64.052
-64.0835
-64.1127
-64.14
-64.1657
-64.19
-64.2132
-64.2355
-64.257
-64.2779
-64.2983
-64.3183
-64.3381
-64.3575
-64.3769
-64.396
-64.4152
-64.4342
-64.4533
-64.4724
-64.4916
-64.5108
-64.53
-64.5494
-64.5689
-64.5884
-64.6081
-64.6279
-64.6478
-64.6678
-64.688
-64.7083
-64.7287
-64.7492
-64.7698
-64.7906
-64.8115
-64.8325
-64.8536
-64.8748
-64.8962
-64.9176
-64.9392
-64.9608
-64.9825
-65.0044
-65.0263
-65.0483
-65.0704
-65.0925
-65.1147
-65.137
-65.1594
-65.1818
-65.2043
-65.2268
-65.2494
-65.2721
-65.2948
-65.3175
-65.3403
-65.3631
-65.3859
-65.4087
-65.4316
-65.4545
-65.4775
-65.5004
-65.5233
-65.5463
-65.5693
-65.5922
-65.6152
-65.6382
-65.6611
-65.6841
-65.707
-65.73
-65.7529
-65.7758
-65.7987
-65.8215
-65.8443
-65.8671
-65.8899
-65.9126
-65.9353
-65.958
-65.9806
-66.0032
-66.0257
-66.0482
-66.0707
-66.093
-66.1154
-66.1377
-66.1599
-66.1821
-66.2042
-66.2263
-66.2482
-66.2702
-66.292
-66.3138
-66.3356
-66.3572
-66.3788
-66.4003
-66.4217
-66.4431
-66.4644
-66.4856
-66.5067
-66.5277
-66.5487
-66.5696
-66.5904
-66.6111
-66.6317
-66.6522
-66.6726
-66.693
-66.7132
-66.7334
-66.7534
-66.7734
-66.7933
-66.8131
-66.8327
-66.8523
-66.8718
-66.8912
-66.9105
-66.9296
-66.9487
-66.9677
-66.9865
-67.0053
-67.024
-67.0425
-67.0609
-67.0793
-67.0975
-67.1156
-67.1336
-67.1515
-67.1693
-67.187
-67.2046
-67.222
-67.2393
-67.2566
-67.2737
-67.2907
-67.3076
-67.3244
-67.341
-67.3576
-67.374
-67.3903
-67.4065
-67.4226
-67.4385
-67.4544
-67.4701
-67.4857
-67.5012
-67.5166
-67.5318
-67.547
-67.562
-67.5769
-67.5917
-67.6063
-67.6209
-67.6353
-67.6496
-67.6638
-67.6779
-67.6918
-67.7056
-67.7193
-67.7329
-67.7464
-67.7597
-67.7729
-67.786
-67.799
-67.8119
-67.8246
-67.8372
-67.8497
-67.8621
-67.8744
-67.8865
-67.8985
-67.9104
-67.9222
-67.9338
-67.9454
-67.9568
-67.9681
-67.9793
-67.9903
-68.0013
-68.0121
-68.0228
-68.0334
-68.0438
-68.0542
-68.0644
-68.0745
-68.0845
-68.0943
-68.1041
-68.1137
-68.1232
-68.1326
-68.1419
-68.151
-68.1601
-68.169
-68.1778
-68.1865
-68.1951
-68.2035
-68.2119
-68.2201
-68.2282
-68.2362
-68.2441
-68.2518
-68.2595
-68.267
-68.2744
-68.2817
-68.2889
-68.296
-68.303
-68.3098
-68.3166
-68.3232
-68.3297
-68.3361
-68.3424
-68.3486
-68.3547
-68.3606
-68.3665
-68.3722
-68.3779
-68.3834
-68.3888
-68.3941
-68.3993
-68.4044
-68.4094
-68.4142
-68.419
-68.4237
-68.4282
-68.2937
-68.071
-67.785
-67.4513
-67.0808
-66.6819
-66.2612
-65.8238
-65.3739
-64.9149
-64.4496
-63.9802
-63.5086
-63.0363
-62.5646
-62.0946
-61.6272
-61.1632
-60.7031
-60.2476
-59.7971
-59.3519
-58.9124
-58.4788
-58.0512
-57.63
-57.215
-56.8065
-56.4044
-56.0087
-55.6193
-55.2363
-54.8594
-54.4885
-54.1235
-53.7643
-53.4105
-53.062
-52.7185
-52.3797
-52.0453
-51.7151
-51.3887
-51.0656
-50.7457
-50.4284
-50.1134
-49.8002
-49.4884
-49.1775
-48.867
-48.5564
-48.2451
-47.9327
-47.6184
-47.3018
-46.9821
-46.6586
-46.3306
-45.9973
-45.658
-45.3117
-44.9575
-44.5944
-44.2214
-43.8372
-43.4406
-43.0303
-42.6048
-42.1625
-41.7016
-41.2204
-40.7166
-40.188
-39.6322
-39.0464
-38.4275
-37.7723
-37.0771
-36.3379
-35.5503
-34.7094
-33.81
-32.8462
-31.8118
-30.7001
-29.5037
-28.2151
-26.8263
-25.329
-23.7152
-21.9772
-20.108
-18.1022
-15.9564
-13.6703
-11.2479
-8.69817
-6.03677
-3.2866
-0.478633
2.34822
5.14792
7.86926
10.4589
12.8651
15.0422
16.9542
18.578
19.9042
20.9368
21.6904
22.1878
22.4564
22.5249
22.4217
22.1729
21.8014
21.3274
20.7674
20.1356
19.4434
18.7004
17.9145
17.0922
16.239
15.3596
14.4581
13.5377
12.6015
11.6523
10.6922
9.7234
8.74772
7.76684
6.78223
5.79524
4.80706
3.81878
2.83137
1.84568
0.862502
-0.117483
-1.09366
-2.06549
-3.03249
-3.99425
-4.95041
-5.90064
-6.8447
-7.78235
-8.7134
-9.63772
-10.5552
-11.4657
-12.3692
-13.2657
-14.1551
-15.0375
-15.9129
-16.7814
-17.6431
-18.498
-19.3462
-20.188
-21.0234
-21.8527
-22.676
-23.4936
-24.3057
-25.1127
-25.9147
-26.7121
-27.5053
-28.2947
-29.0806
-29.8635
-30.6438
-31.4222
-32.1991
-32.975
-33.7507
-34.5267
-35.3037
-36.0824
-36.8636
-37.6481
-38.4366
-39.23
-40.029
-40.8347
-41.6477
-42.469
-43.2995
-44.1398
-44.9909
-45.8532
-46.7276
-47.6143
-48.5138
-49.426
-50.351
-51.2883
-52.2371
-53.1963
-54.1644
-55.1391
-56.118
-57.098
-58.0752
-59.0454
-60.0039
-60.9455
-61.8648
-62.7562
-63.6143
-64.4339
-65.2105
-65.9402
-66.6199
-67.2479
-67.8232
-68.346
-68.8175
-69.2396
-69.6152
-69.9472
-70.2393
-70.495
-70.718
-70.9119
-71.08
-71.2255
-71.3512
-71.4599
-71.5537
-71.6348
-71.705
-71.7658
-71.8185
-71.8644
-71.9044
-71.9394
-71.9702
-71.9973
-72.0213
-72.0427
-72.0618
-72.0789
-72.0944
-72.1084
-72.1212
-72.133
-72.1438
-72.1539
-72.1632
-72.172
-72.1802
-72.1879
-72.1953
-72.2023
-72.209
-72.2153
-72.2215
-72.2274
-72.2331
-72.2386
-72.2439
-72.2491
-72.2541
-72.259
-72.2637
-72.2683
-72.2728
-72.2772
-72.2815
-72.2857
-72.2898
-72.2937
-72.2976
-72.3014
-72.3051
-72.3087
-72.3122
-72.3156
-72.319
-72.3222
-72.3253
-72.3284
-72.3314
-72.3343
-72.3371
-72.3398
-72.3424
-72.3449
-72.3474
-72.3497
-72.352
-72.3542
-72.3563
-72.3583
-72.3602
-72.362
-72.3638
-72.3654
-72.3669
-72.3684
-72.3698
-72.371
-72.3722
-72.3733
-72.3743
-72.3752
-72.376
-72.3767
-72.3773
-72.3779
-72.3783
-72.3786
-72.3789
-72.379
-72.379
-72.379
-72.3788
-72.3786
-72.3783
-72.3778
-72.3773
-72.3766
-72.3759
-72.3751
-72.3742
-72.3731
-72.372
-72.3708
-72.3695
-72.3681
-72.3665
-72.3649
-72.3632
-72.3614
-72.3595
-72.3575
-72.3554
-72.3532
-72.3509
-72.3484
-72.3459
-72.3433
-72.3406
-72.3378
-72.3349
-72.3319
-72.3288
-72.3256
-72.3223
-72.3189
-72.3155
-72.3119
-72.3082
-72.3044
-72.3005
-72.2965
-72.2924
-72.2882
-72.284
-72.2796
-72.2751
-72.2705
-72.2659
-72.2611
-72.2562
-72.2513
-72.2462
-72.2411
-72.2358
-72.2305
-72.2251
-72.2195
-72.2139
-72.2082
-72.2023
-72.1964
-72.1904
-72.1843
-72.1781
-72.1718
-72.1655
-72.159
-72.1524
-72.1458
-72.139
-72.1322
-72.1252
-72.1182
-72.1111
-72.1039
-72.0966
-72.0892
-72.0817
-72.0741
-72.0665
-72.0587
-72.0509
-72.043
-72.035
-72.0269
-72.0187
-72.0104
-72.0021
-71.9936
-71.9851
-71.9765
-71.9678
-71.959
-71.9501
-71.9412
-71.9322
-71.923
-71.9138
-71.9046
-71.8952
-71.8858
-71.8762
-71.8666
-71.8569
-71.8472
-71.8373
-71.8274
-71.8174
-71.8073
-71.7972
-71.787
-71.7766
-71.7663
-71.7558
-71.7453
-71.7346
-71.724
-71.7132
-71.7024
-71.6915
-71.6805
-71.6694
-71.6583
-71.6471
-71.6358
-71.6245
-71.6131
-71.6016
-71.5901
-71.5785
-71.5668
-71.555
-71.5432
-71.5313
-71.5194
-71.5074
-71.4953
-71.4831
-71.4709
-71.4587
-71.4463
-71.4339
-71.4215
-71.4089
-71.3964
-71.3837
-71.371
-71.3582
-71.3454
-71.3325
-71.3196
-71.3066
-71.2935
-71.2804
-71.2672
-71.254
-71.2407
-71.2274
-71.214
-71.2005
-71.187
-71.1735
-71.1599
-71.1462
-71.1325
-71.1187
-71.1049
-71.0911
-71.0771
-71.0632
-71.0492
-71.0351
-71.021
-71.0069
-70.9927
-70.9784
-70.9641
-70.9498
-70.9354
-70.921
-70.9065
-70.892
-70.8774
-70.8628
-70.8482
-70.8335
-70.8188
-70.804
-70.7892
-70.7744
-70.7595
-70.7446
-70.7296
-70.7146
-70.6996
-70.6845
-70.6694
-70.6543
-70.6391
-70.6239
-70.6087
-70.5934
-70.5781
-70.5627
-70.5473
-70.5319
-70.5165
-70.501
-70.4855
-70.47
-70.4545
-70.4389
-70.4233
-70.4076
-70.3919
-70.3763
-70.3605
-70.3448
-70.329
-70.3132
-70.2974
-70.2815
-70.2657
-70.2498
-70.2338
-70.2179
-70.2019
-70.186
-70.17
-70.1539
-70.1379
-70.1218
-70.1057
-70.0896
-70.0735
-70.0574
-70.0412
-70.025
-70.0088
-69.9926
-69.9764
-69.9602
-69.9439
-69.9277
-69.9114
-69.8951
-69.8788
-69.8625
-69.8461
-69.8298
-69.8134
-69.7971
-69.7807
-69.7643
-69.7479
-69.7315
-69.7151
-69.6986
-69.6822
-69.6658
-69.6493
-69.6328
-69.6164
-69.5999
-69.5834
-69.567
-69.5505
-69.534
-69.5175
-69.501
-69.4845
-69.468
-69.4515
-69.4349
-69.4184
-69.4019
-69.3854
-69.3689
-69.3524
-69.3358
-69.3193
-69.3028
-69.2863
-69.2698
-69.2532
-69.2367
-69.2202
-69.2037
-69.1872
-69.1707
-69.1542
-68.9949
-68.7431
-68.4238
-68.0523
-67.6399
-67.1951
-66.7246
-66.2338
-65.7273
-65.2085
-64.6805
-64.1457
-63.6062
-63.0636
-62.5194
-61.9747
-61.4307
-60.888
-60.3475
-59.8097
-59.2751
-58.7442
-58.2171
-57.6941
-57.1754
-56.6611
-56.1512
-55.6457
-55.1444
-54.6472
-54.1538
-53.6639
-53.1772
-52.6933
-52.2116
-51.7316
-51.2526
-50.7739
-50.2947
-49.8142
-49.3312
-48.8448
-48.3537
-47.8566
-47.352
-46.8384
-46.3141
-45.777
-45.225
-44.6558
-44.0667
-43.4549
-42.817
-42.1496
-41.4485
-40.7092
-39.9267
-39.0952
-38.2083
-37.2587
-36.2382
-35.1377
-33.9466
-32.6535
-31.2454
-29.7078
-28.0251
-26.1803
-24.1557
-21.9332
-19.4954
-16.8269
-13.9167
-10.7607
-7.365
-3.74973
0.0477397
3.97066
7.94312
11.8735
15.6613
19.2068
22.4212
25.2366
27.6124
29.5368
31.0249
32.1121
32.8466
33.2816
33.4693
33.4564
33.2828
32.9809
32.576
32.0877
31.531
30.917
30.2546
29.5503
28.8096
28.0368
27.2353
26.4084
25.5586
24.6884
23.7999
22.8951
21.9757
21.0436
20.1001
19.1469
18.1852
17.2164
16.2417
15.2621
14.2787
13.2924
12.3043
11.3151
10.3256
9.33644
8.3484
7.36203
6.37789
5.39648
4.41827
3.44367
2.47305
1.50675
0.545077
-0.411718
-1.3634
-2.30976
-3.25063
-4.18587
-5.11534
-6.03896
-6.95663
-7.86832
-8.77397
-9.67357
-10.5671
-11.4546
-12.3361
-13.2116
-14.0813
-14.9451
-15.8031
-16.6555
-17.5024
-18.3439
-19.1802
-20.0114
-20.8378
-21.6595
-22.4768
-23.2899
-24.0992
-24.9048
-25.7072
-26.5067
-27.3037
-28.0987
-28.8921
-29.6844
-30.4762
-31.2681
-32.0606
-32.8545
-33.6504
-34.4492
-35.2517
-36.0587
-36.871
-37.6898
-38.5158
-39.3502
-40.1939
-41.048
-41.9135
-42.7915
-43.6829
-44.5886
-45.5096
-46.4464
-47.3995
-48.3694
-49.3559
-50.3587
-51.377
-52.4095
-53.4543
-54.5089
-55.57
-56.6336
-57.6948
-58.7481
-59.7875
-60.8061
-61.797
-62.7533
-63.6683
-64.5358
-65.3506
-66.1086
-66.8071
-67.4447
-68.0215
-68.5387
-68.9989
-69.4053
-69.7617
-70.0726
-70.3424
-70.5755
-70.7762
-70.9486
-71.0963
-71.2228
-71.3311
-71.4237
-71.5031
-71.5711
-71.6296
-71.6799
-71.7234
-71.7612
-71.794
-71.8227
-71.8479
-71.8701
-71.8899
-71.9075
-71.9234
-71.9377
-71.9508
-71.9627
-71.9737
-71.9839
-71.9934
-72.0022
-72.0106
-72.0186
-72.0261
-72.0333
-72.0402
-72.0468
-72.0532
-72.0594
-72.0655
-72.0713
-72.077
-72.0825
-72.088
-72.0933
-72.0985
-72.1035
-72.1085
-72.1134
-72.1182
-72.1229
-72.1275
-72.1321
-72.1366
-72.1409
-72.1452
-72.1495
-72.1536
-72.1577
-72.1617
-72.1656
-72.1694
-72.1732
-72.1769
-72.1805
-72.184
-72.1875
-72.1909
-72.1942
-72.1974
-72.2005
-72.2036
-72.2066
-72.2095
-72.2123
-72.2151
-72.2177
-72.2203
-72.2228
-72.2252
-72.2275
-72.2298
-72.2319
-72.234
-72.236
-72.2379
-72.2397
-72.2414
-72.2431
-72.2446
-72.2461
-72.2475
-72.2487
-72.2499
-72.251
-72.252
-72.253
-72.2538
-72.2545
-72.2552
-72.2557
-72.2562
-72.2565
-72.2568
-72.257
-72.2571
-72.2571
-72.257
-72.2568
-72.2565
-72.2561
-72.2556
-72.255
-72.2543
-72.2535
-72.2527
-72.2517
-72.2506
-72.2495
-72.2482
-72.2469
-72.2454
-72.2439
-72.2422
-72.2405
-72.2386
-72.2367
-72.2347
-72.2325
-72.2303
-72.228
-72.2256
-72.223
-72.2204
-72.2177
-72.2149
-72.212
-72.209
-72.2059
-72.2027
-72.1993
-72.1959
-72.1925
-72.1889
-72.1852
-72.1814
-72.1775
-72.1735
-72.1694
-72.1653
-72.161
-72.1566
-72.1522
-72.1476
-72.143
-72.1382
-72.1334
-72.1284
-72.1234
-72.1183
-72.113
-72.1077
-72.1023
-72.0968
-72.0912
-72.0855
-72.0797
-72.0738
-72.0679
-72.0618
-72.0556
-72.0494
-72.0431
-72.0366
-72.0301
-72.0235
-72.0168
-72.01
-72.0031
-71.9961
-71.9891
-71.9819
-71.9747
-71.9673
-71.9599
-71.9524
-71.9448
-71.9371
-71.9294
-71.9215
-71.9136
-71.9055
-71.8974
-71.8892
-71.8809
-71.8726
-71.8641
-71.8556
-71.847
-71.8383
-71.8295
-71.8206
-71.8117
-71.8026
-71.7935
-71.7843
-71.7751
-71.7657
-71.7563
-71.7468
-71.7372
-71.7275
-71.7178
-71.708
-71.6981
-71.6881
-71.678
-71.6679
-71.6577
-71.6474
-71.6371
-71.6267
-71.6162
-71.6056
-71.5949
-71.5842
-71.5734
-71.5626
-71.5517
-71.5407
-71.5296
-71.5184
-71.5072
-71.496
-71.4846
-71.4732
-71.4617
-71.4502
-71.4386
-71.4269
-71.4151
-71.4033
-71.3914
-71.3795
-71.3675
-71.3554
-71.3433
-71.3311
-71.3189
-71.3066
-71.2942
-71.2817
-71.2693
-71.2567
-71.2441
-71.2314
-71.2187
-71.2059
-71.1931
-71.1802
-71.1672
-71.1542
-71.1411
-71.128
-71.1148
-71.1016
-71.0883
-71.075
-71.0616
-71.0482
-71.0347
-71.0212
-71.0076
-70.9939
-70.9803
-70.9665
-70.9527
-70.9389
-70.925
-70.9111
-70.8972
-70.8831
-70.8691
-70.855
-70.8408
-70.8266
-70.8124
-70.7981
-70.7838
-70.7694
-70.755
-70.7406
-70.7261
-70.7116
-70.697
-70.6824
-70.6678
-70.6531
-70.6384
-70.6236
-70.6088
-70.594
-70.5791
-70.5642
-70.5493
-70.5343
-70.5193
-70.5043
-70.4892
-70.4741
-70.459
-70.4438
-70.4286
-70.4134
-70.3982
-70.3829
-70.3676
-70.3522
-70.3369
-70.3215
-70.306
-70.2906
-70.2751
-70.2596
-70.2441
-70.2285
-70.213
-70.1974
-70.1817
-70.1661
-70.1504
-70.1347
-70.119
-70.1033
-70.0875
-70.0717
-70.0559
-70.0401
-70.0243
-70.0084
-69.9926
-69.9767
-69.9608
-69.9448
-69.9289
-69.9129
-69.897
-69.881
-69.865
-69.849
-69.8329
-69.8169
-69.8008
-69.7847
-69.7687
-69.7526
-69.7365
-69.7203
-69.7042
-69.6881
-69.6719
-69.6558
-69.6396
-69.6234
-69.6072
-69.591
-69.5748
-69.5586
-69.5424
-69.5262
-69.51
-69.4937
-69.4775
-69.4612
-69.445
-69.4287
-69.4125
-69.3962
-69.38
-69.3637
-69.3474
-69.3311
-69.3149
-69.2986
-69.2823
-69.266
-69.2498
-69.2335
-69.2172
-69.2009
-69.1847
-69.1684
-69.1521
-69.1359
-69.1196
-69.1033
-69.0871
-69.0708
-69.0546
-69.0383
-69.0221
-69.0058
-68.9896
-68.9734
-68.9571
-68.9409
-68.9247
-68.9085
-68.8923
-68.8761
-68.8599
-68.8438
-68.8276
-68.8114
-68.7953
-68.7791
-68.763
-68.7469
-68.7308
-68.7147
-68.6986
-68.6825
-68.6664
-68.6504
-68.6343
-68.6183
-68.6023
-68.5863
-68.5703
-68.5543
-68.5383
-68.5223
-68.3647
-68.1154
-67.7988
-67.4302
-67.0208
-66.579
-66.1114
-65.6234
-65.1195
-64.6032
-64.0773
-63.5444
-63.0065
-62.4652
-61.9219
-61.3778
-60.8339
-60.291
-59.7498
-59.2108
-58.6745
-58.1412
-57.6112
-57.0848
-56.5619
-56.0427
-55.5271
-55.0149
-54.5061
-54.0003
-53.4972
-52.9965
-52.4976
-52
-51.503
-51.006
-50.508
-50.0083
-49.5057
-48.9991
-48.4873
-47.9688
-47.4422
-46.9056
-46.3572
-45.7949
-45.2163
-44.6189
-43.9997
-43.3556
-42.6828
-41.9775
-41.235
-40.4501
-39.6172
-38.7297
-37.7802
-36.7604
-35.6607
-34.4706
-33.1779
-31.7692
-30.2293
-28.5416
-26.688
-24.6492
-22.4052
-19.9364
-17.2251
-14.2575
-11.0267
-7.53692
-3.80713
0.124479
4.19793
8.33136
12.4247
16.3678
20.051
23.378
26.2766
28.7057
30.657
32.1512
33.2306
33.95
34.3676
34.5393
34.5141
34.3329
34.0281
33.6246
33.1416
32.5931
31.9898
31.3398
30.6493
29.9233
29.1656
28.3796
27.5681
26.7337
25.8786
25.0048
24.1142
23.2085
22.2893
21.3583
20.4167
19.466
18.5075
17.5422
16.5713
15.5959
14.6169
13.6353
12.6519
11.6675
10.6828
9.69853
8.71529
7.73368
6.75422
5.77739
4.80363
3.83336
2.86692
1.90465
0.946838
-0.00626267
-0.954421
-1.89744
-2.83515
-3.76741
-4.69409
-5.61509
-6.53033
-7.43976
-8.34333
-9.24103
-10.1328
-11.0188
-11.8989
-12.7731
-13.6417
-14.5045
-15.3617
-16.2135
-17.0598
-17.9009
-18.7368
-19.5678
-20.394
-21.2157
-22.0329
-22.8461
-23.6554
-24.4612
-25.2637
-26.0634
-26.8605
-27.6556
-28.4491
-29.2414
-30.033
-30.8247
-31.6169
-32.4103
-33.2057
-34.0037
-34.8053
-35.6111
-36.4222
-37.2393
-38.0636
-38.896
-39.7376
-40.5893
-41.4523
-42.3276
-43.2161
-44.119
-45.0371
-45.9711
-46.9216
-47.8891
-48.8737
-49.8752
-50.893
-51.926
-52.9725
-54.0302
-55.0961
-56.1663
-57.2364
-58.3008
-59.3536
-60.3882
-61.3974
-62.3742
-63.3115
-64.2028
-65.0425
-65.8259
-66.5498
-67.2123
-67.8129
-68.3527
-68.8337
-69.259
-69.6325
-69.9586
-70.2416
-70.4861
-70.6967
-70.8774
-71.0323
-71.1647
-71.2779
-71.3747
-71.4574
-71.5283
-71.5891
-71.6414
-71.6864
-71.7254
-71.7593
-71.7889
-71.8148
-71.8377
-71.8579
-71.876
-71.8922
-71.9068
-71.9201
-71.9322
-71.9434
-71.9537
-71.9634
-71.9724
-71.9809
-71.9889
-71.9966
-72.0039
-72.0109
-72.0176
-72.0241
-72.0304
-72.0365
-72.0425
-72.0483
-72.0539
-72.0594
-72.0648
-72.0701
-72.0753
-72.0804
-72.0854
-72.0903
-72.0951
-72.0999
-72.1045
-72.1091
-72.1136
-72.118
-72.1224
-72.1266
-72.1308
-72.135
-72.139
-72.143
-72.1469
-72.1507
-72.1545
-72.1581
-72.1617
-72.1652
-72.1687
-72.1721
-72.1753
-72.1786
-72.1817
-72.1847
-72.1877
-72.1906
-72.1934
-72.1962
-72.1988
-72.2014
-72.2039
-72.2063
-72.2086
-72.2108
-72.213
-72.215
-72.217
-72.2189
-72.2207
-72.2224
-72.224
-72.2256
-72.227
-72.2284
-72.2296
-72.2308
-72.2319
-72.2329
-72.2338
-72.2346
-72.2354
-72.236
-72.2365
-72.237
-72.2373
-72.2376
-72.2377
-72.2378
-72.2378
-72.2377
-72.2375
-72.2372
-72.2368
-72.2363
-72.2357
-72.235
-72.2342
-72.2333
-72.2323
-72.2312
-72.2301
-72.2288
-72.2274
-72.226
-72.2244
-72.2227
-72.221
-72.2191
-72.2172
-72.2151
-72.213
-72.2108
-72.2084
-72.206
-72.2034
-72.2008
-72.1981
-72.1953
-72.1923
-72.1893
-72.1862
-72.183
-72.1797
-72.1762
-72.1727
-72.1691
-72.1654
-72.1616
-72.1577
-72.1537
-72.1497
-72.1455
-72.1412
-72.1368
-72.1323
-72.1278
-72.1231
-72.1184
-72.1135
-72.1086
-72.1035
-72.0984
-72.0931
-72.0878
-72.0824
-72.0769
-72.0713
-72.0656
-72.0598
-72.0539
-72.0479
-72.0418
-72.0357
-72.0294
-72.0231
-72.0166
-72.0101
-72.0035
-71.9968
-71.99
-71.9831
-71.9761
-71.969
-71.9619
-71.9546
-71.9473
-71.9399
-71.9323
-71.9247
-71.9171
-71.9093
-71.9014
-71.8935
-71.8854
-71.8773
-71.8691
-71.8608
-71.8525
-71.844
-71.8355
-71.8269
-71.8182
-71.8094
-71.8005
-71.7916
-71.7825
-71.7734
-71.7642
-71.755
-71.7456
-71.7362
-71.7267
-71.7171
-71.7074
-71.6977
-71.6879
-71.678
-71.668
-71.6579
-71.6478
-71.6376
-71.6273
-71.617
-71.6066
-71.5961
-71.5855
-71.5749
-71.5642
-71.5534
-71.5425
-71.5316
-71.5206
-71.5095
-71.4984
-71.4872
-71.4759
-71.4646
-71.4532
-71.4417
-71.4302
-71.4186
-71.4069
-71.3952
-71.3834
-71.3715
-71.3596
-71.3476
-71.3355
-71.3234
-71.3112
-71.299
-71.2867
-71.2743
-71.2619
-71.2494
-71.2369
-71.2243
-71.2116
-71.1989
-71.1861
-71.1733
-71.1604
-71.1475
-71.1345
-71.1214
-71.1083
-71.0952
-71.082
-71.0687
-71.0554
-71.042
-71.0286
-71.0151
-71.0016
-70.988
-70.9744
-70.9607
-70.947
-70.9333
-70.9195
-70.9056
-70.8917
-70.8777
-70.8637
-70.8497
-70.8356
-70.8215
-70.8073
-70.7931
-70.7788
-70.7645
-70.7502
-70.7358
-70.7214
-70.7069
-70.6924
-70.6779
-70.6633
-70.6487
-70.634
-70.6193
-70.6046
-70.5898
-70.575
-70.5602
-70.5453
-70.5304
-70.5154
-70.5005
-70.4855
-70.4704
-70.4553
-70.4402
-70.4251
-70.4099
-70.3947
-70.3795
-70.3643
-70.349
-70.3337
-70.3183
-70.3029
-70.2875
-70.2721
-70.2567
-70.2412
-70.2257
-70.2102
-70.1946
-70.1791
-70.1635
-70.1478
-70.1322
-70.1165
-70.1008
-70.0851
-70.0694
-70.0537
-70.0379
-70.0221
-70.0063
-69.9905
-69.9746
-69.9588
-69.9429
-69.927
-69.9111
-69.8952
-69.8792
-69.8633
-69.8473
-69.8313
-69.8153
-69.7993
-69.7833
-69.7672
-69.7512
-69.7351
-69.719
-69.703
-69.6869
-69.6708
-69.6546
-69.6385
-69.6224
-69.6062
-69.5901
-69.5739
-69.5578
-69.5416
-69.5254
-69.5092
-69.493
-69.4768
-69.4606
-69.4444
-69.4282
-69.412
-69.3957
-69.3795
-69.3633
-69.3471
-69.3308
-69.3146
-69.2984
-69.2821
-69.2659
-69.2496
-69.2334
-69.2172
-69.2009
-69.1847
-69.1684
-69.1522
-69.136
-69.1197
-69.1035
-69.0873
-69.0711
-69.0548
-69.0386
-69.0224
-69.0062
-68.99
-68.9738
-68.9576
-68.9414
-68.9252
-68.9091
-68.8929
-68.8767
-68.8606
-68.8444
-68.8283
-68.8122
-68.7961
-68.7799
-68.7638
-68.7478
-68.7317
-68.7156
-68.6995
-68.6835
-68.6674
-68.6514
-68.6354
-68.6194
-68.6034
-68.5874
-68.5714
-68.5555
-68.5395
-68.5236
-68.5077
-68.4918
-68.4759
-68.46
-68.4441
-68.4283
-68.4125
-68.3966
-68.3808
-68.3651
-68.3493
-68.3335
-68.3178
-68.3021
-68.2864
-68.2707
-68.255
-68.2394
-68.2237
-68.2081
-68.1925
-68.1769
-68.1614
-68.1458
-68.1303
-68.1148
-68.0993
-68.0839
-68.0684
-68.053
-68.0376
-68.0222
-68.0069
-67.9915
-67.9762
-67.9609
-67.9457
-67.9304
-67.9152
-67.9
-67.8848
-67.8696
-67.8545
-67.8394
-67.8243
-67.8092
-67.7942
-67.7792
-67.7642
-67.7492
-67.7343
-67.7193
-67.7044
-67.6896
-67.6747
-67.6599
-67.6451
-67.6303
-67.6156
-67.6008
-67.5862
-67.5715
-67.5568
-67.5422
-67.5276
-67.5131
-67.4985
-67.484
-67.4696
-67.4551
-67.4407
-67.4263
-67.4119
-67.3976
-67.3833
-67.369
-67.3548
-67.3405
-67.3263
-67.3122
-67.298
-67.2839
-67.2698
-67.2558
-67.2418
-67.2278
-67.2138
-67.1999
-67.186
-67.1721
-67.1583
-67.1445
-67.1307
-67.1169
-67.1032
-67.0895
-67.0759
-67.0623
-67.0487
-67.0351
-67.0216
-67.0081
-66.9946
-66.9812
-66.9678
-66.9544
-66.9411
-66.9278
-66.9145
-66.9013
-66.8881
-66.8749
-66.8618
-66.8487
-66.8356
-66.8226
-66.8096
-66.7966
-66.7836
-66.7707
-66.7579
-66.745
-66.7322
-66.7194
-66.7067
-66.694
-66.6813
-66.6687
-66.6561
-66.6435
-66.631
-66.6185
-66.606
-66.5936
-66.5812
-66.5689
-66.5566
-66.5443
-66.532
-66.5198
-66.5076
-66.4955
-66.4834
-66.4713
-66.4593
-66.4473
-66.4353
-66.4234
-66.4115
-66.3997
-66.3879
-66.3761
-66.3644
-66.3527
-66.341
-66.3294
-66.3178
-66.3062
-66.2947
-66.2832
-66.2717
-66.2603
-66.249
-66.2376
-66.2263
-66.215
-66.2038
-66.1926
-66.1815
-66.1704
-66.1593
-66.1482
-66.1372
-66.1263
-66.1154
-66.1045
-66.0936
-66.0828
-66.072
-66.0613
-66.0506
-66.04
-66.0293
-66.0188
-66.0082
-65.9977
-65.9873
-65.9769
-65.9665
-65.9561
-65.9458
-65.9356
-65.9253
-65.9152
-65.905
-65.8949
-65.8848
-65.8748
-65.8648
-65.8549
-65.845
-65.8351
-65.8252
-65.8155
-65.8057
-65.796
-65.7863
-65.7767
-65.7671
-65.7575
-65.748
-65.7385
-65.7291
-65.7197
-65.7103
-65.701
-65.6917
-65.6825
-65.6733
-65.6641
-65.655
-65.6459
-65.6369
-65.6279
-65.6189
-65.61
-65.6011
-65.5923
-65.5835
-65.5747
-65.566
-65.5573
-65.5487
-65.5401
-65.5316
-65.5231
-65.5146
-65.5062
-65.4978
-65.4895
-65.4812
-65.4729
-65.4647
-65.4565
-65.4484
-65.4403
-65.4323
-65.4243
-65.4163
-65.4084
-65.4005
-65.3926
-65.3848
-65.3771
-65.3693
-65.3617
-65.354
-65.3464
-65.3389
-65.1959
-64.965
-64.6693
-64.3234
-63.9376
-63.52
-63.0768
-62.6132
-62.1332
-61.6402
-61.137
-60.6256
-60.108
-59.5858
-59.06
-58.5317
-58.0018
-57.4707
-56.9391
-56.4073
-55.8754
-55.3437
-54.812
-54.2803
-53.7483
-53.2158
-52.6823
-52.1472
-51.6099
-51.0697
-50.5255
-49.9764
-49.4211
-48.8583
-48.2864
-47.7036
-47.1079
-46.4972
-45.8688
-45.22
-44.5474
-43.8476
-43.1164
-42.3491
-41.5405
-40.6845
-39.7743
-38.8021
-37.759
-36.6348
-35.4178
-34.0948
-32.6506
-31.0681
-29.3282
-27.4097
-25.2894
-22.9429
-20.3455
-17.4738
-14.3086
-10.8385
-7.06532
-3.00983
1.28234
5.73663
10.2497
14.6951
18.9359
22.8406
26.3011
29.2457
31.6455
33.5124
34.8903
35.8426
36.4404
36.7526
36.84
36.7528
36.5302
36.2019
35.7898
35.3096
34.773
34.1884
33.5621
32.8988
32.2024
31.476
30.6794
29.8431
28.9803
28.0977
27.1993
26.2879
25.3655
24.4338
23.4942
22.5482
21.5968
20.6412
19.6824
18.7213
17.7588
16.7957
15.8329
14.8709
13.9104
12.9521
11.9965
11.044
10.0953
9.15057
8.21033
7.27489
6.34454
5.41958
4.50023
3.58673
2.67924
1.77793
0.882934
-0.00562672
-0.88766
-1.7631
-2.63187
-3.49395
-4.3493
-5.19792
-6.03979
-6.87495
-7.7034
-8.52519
-9.34035
-10.1489
-10.951
-11.7467
-12.536
-13.319
-14.0958
-14.8666
-15.6314
-16.3903
-17.1436
-17.8912
-18.6334
-19.3704
-20.1022
-20.8291
-21.5513
-22.2689
-22.9823
-23.6917
-24.3972
-25.0993
-25.7981
-26.4941
-27.1876
-27.879
-28.5686
-29.257
-29.9445
-30.6316
-31.319
-32.007
-32.6964
-33.3877
-34.0815
-34.7786
-35.4797
-36.1854
-36.8965
-37.6138
-38.3381
-39.07
-39.8104
-40.56
-41.3193
-42.0891
-42.8698
-43.6617
-44.465
-45.2796
-46.1054
-46.9416
-47.7872
-48.6409
-49.5007
-50.3642
-51.2285
-52.0902
-52.9454
-53.7895
-54.6181
-55.4261
-56.2088
-56.9614
-57.6797
-58.3598
-58.9988
-59.5943
-60.1451
-60.6507
-61.1115
-61.5287
-61.904
-62.2398
-62.5386
-62.8036
-63.0375
-63.2436
-63.4247
-63.5836
-63.723
-63.8453
-63.9527
-64.0472
-64.1305
-64.2043
-64.2698
-64.3283
-64.3808
-64.4282
-64.4712
-64.5106
-64.5468
-64.5805
-64.6119
-64.6414
-64.6694
-64.696
-64.7216
-64.7462
-64.7701
-64.7934
-64.8161
-64.8385
-64.8605
-64.8822
-64.9037
-64.925
-64.9463
-64.9674
-64.9885
-65.0095
-65.0305
-65.0516
-65.0726
-65.0937
-65.1148
-65.136
-65.1572
-65.1785
-65.1998
-65.2212
-65.2426
-65.2642
-65.2858
-65.3074
-65.3291
-65.3509
-65.3728
-65.3947
-65.4167
-65.4387
-65.4608
-65.4829
-65.5051
-65.5273
-65.5496
-65.5719
-65.5943
-65.6167
-65.6391
-65.6616
-65.6841
-65.7066
-65.7292
-65.7517
-65.7743
-65.7969
-65.8195
-65.8421
-65.8647
-65.8873
-65.9099
-65.9325
-65.9551
-65.9777
-66.0003
-66.0229
-66.0455
-66.068
-66.0905
-66.113
-66.1355
-66.1579
-66.1803
-66.2027
-66.225
-66.2473
-66.2696
-66.2918
-66.314
-66.3361
-66.3582
-66.3803
-66.4022
-66.4242
-66.446
-66.4679
-66.4896
-66.5113
-66.533
-66.5545
-66.576
-66.5975
-66.6188
-66.6401
-66.6614
-66.6825
-66.7036
-66.7246
-66.7455
-66.7664
-66.7871
-66.8078
-66.8284
-66.8489
-66.8693
-66.8897
-66.9099
-66.9301
-66.9502
-66.9702
-66.99
-67.0098
-67.0295
-67.0492
-67.0687
-67.0881
-67.1074
-67.1266
-67.1457
-67.1647
-67.1837
-67.2025
-67.2212
-67.2398
-67.2583
-67.2767
-67.295
-67.3131
-67.3312
-67.3492
-67.367
-67.3848
-67.4024
-67.4199
-67.4374
-67.4547
-67.4719
-67.4889
-67.5059
-67.5228
-67.5395
-67.5561
-67.5726
-67.589
-67.6053
-67.6215
-67.6375
-67.6535
-67.6693
-67.685
-67.7006
-67.716
-67.7314
-67.7466
-67.7617
-67.7767
-67.7916
-67.8063
-67.821
-67.8355
-67.8499
-67.8641
-67.8783
-67.8923
-67.9062
-67.92
-67.9337
-67.9473
-67.9607
-67.974
-67.9872
-68.0003
-68.0132
-68.026
-68.0388
-68.0513
-68.0638
-68.0762
-68.0884
-68.1005
-68.1125
-68.1243
-68.1361
-68.1477
-68.1592
-68.1706
-68.1818
-68.193
-68.204
-68.2149
-68.2256
-68.2363
-68.2468
-68.2573
-68.2675
-68.2777
-68.2878
-68.2977
-68.3075
-68.3172
-68.3268
-68.3363
-68.3456
-68.3548
-68.3639
-68.3729
-68.3818
-68.3906
-68.3992
-68.4077
-68.4161
-68.4244
-68.4326
-68.4406
-68.4485
-68.4564
-68.4641
-68.4716
-68.4791
-68.4865
-68.4937
-68.5008
-68.5078
-68.5147
-68.5215
-68.5282
-68.5348
-68.5412
-68.5475
-68.5538
-68.5599
-68.5659
-68.5717
-68.5775
-68.5832
-68.4501
-68.2293
-67.946
-67.6158
-67.2496
-66.856
-66.4412
-66.0106
-65.5683
-65.1175
-64.6611
-64.2012
-63.7397
-63.278
-62.8175
-62.3591
-61.9038
-61.4523

