-65
-64.9994
-64.9988
-64.9982
-64.9977
-64.9971
-64.9965
-64.996
-64.9954
-64.9949
-64.9943
-64.9938
-64.9932
-64.9927
-64.9922
-64.9917
-64.9912
-64.9906
-64.9901
-64.9896
-64.9891
-64.9886
-64.9881
-64.9876
-64.9872
-64.9867
-64.9862
-64.9857
-64.9852
-64.9848
-64.9843
-64.9838
-64.9834
-64.9829
-64.9825
-64.982
-64.9816
-64.9811
-64.9807
-64.9802
-64.9798
-64.9794
-64.9789
-64.9785
-64.9781
-64.9777
-64.9772
-64.9768
-64.9764
-64.976
-64.9756
-64.9752
-64.9748
-64.9744
-64.974
-64.9736
-64.9732
-64.9728
-64.9725
-64.9721
-64.9717
-64.9713
-64.971
-64.9706
-64.9702
-64.9699
-64.9695
-64.9692
-64.9688
-64.9685
-64.9681
-64.9678
-64.9675
-64.9671
-64.9668
-64.9665
-64.9661
-64.9658
-64.9655
-64.9652
-64.9649
-64.9646
-64.9642
-64.9639
-64.9636
-64.9633
-64.963
-64.9628
-64.9625
-64.9622
-64.9619
-64.9616
-64.9613
-64.9611
-64.9608
-64.9605
-64.9603
-64.96
-64.9598
-64.9595
-64.9592
-64.959
-64.9588
-64.9585
-64.9583
-64.958
-64.9578
-64.9576
-64.9573
-64.9571
-64.9569
-64.9567
-64.9565
-64.9562
-64.956
-64.9558
-64.9556
-64.9554
-64.9552
-64.955
-64.9548
-64.9546
-64.9545
-64.9543
-64.9541
-64.9539
-64.9537
-64.9536
-64.9534
-64.9532
-64.9531
-64.9529
-64.9527
-64.9526
-64.9524
-64.9523
-64.9521
-64.952
-64.9519
-64.9517
-64.9516
-64.9514
-64.9513
-64.9512
-64.9511
-64.9509
-64.9508
-64.9507
-64.9506
-64.9505
-64.9504
-64.9503
-64.9502
-64.95
-64.9499
-64.9499
-64.9498
-64.9497
-64.9496
-64.9495
-64.9494
-64.9493
-64.9492
-64.9492
-64.9491
-64.949
-64.9489
-64.9489
-64.9488
-64.9487
-64.9487
-64.9486
-64.9486
-64.9485
-64.9485
-64.9484
-64.9484
-64.9483
-64.9483
-64.9482
-64.9482
-64.9482
-64.9481
-64.9481
-64.9481
-64.948
-64.948
-64.948
-64.948
-64.948
-64.9479
-64.9479
-64.9479
-64.9479
-64.9479
-64.9479
-64.9479
-64.9479
-64.9479
-64.9479
-64.9479
-64.9479
-64.9479
-64.9479
-64.9479
-64.9479
-64.9479
-64.9479
-64.948
-64.948
-64.948
-64.948
-64.9481
-64.9481
-64.9481
-64.9481
-64.9482
-64.9482
-64.9482
-64.9483
-64.9483
-64.9483
-64.9484
-64.9484
-64.9485
-64.9485
-64.9486
-64.9486
-64.9487
-64.9487
-64.9488
-64.9488
-64.9489
-64.9489
-64.949
-64.9491
-64.9491
-64.9492
-64.9492
-64.9493
-64.9494
-64.9494
-64.9495
-64.9496
-64.9497
-64.9497
-64.9498
-64.9499
-64.95
-64.95
-64.9501
-64.9502
-64.9503
-64.9504
-64.9504
-64.9505
-64.9506
-64.9507
-64.9508
-64.9509
-64.951
-64.951
-64.9511
-64.9512
-64.9513
-64.9514
-64.9515
-64.9516
-64.9517
-64.9518
-64.9519
-64.952
-64.9521
-64.9522
-64.9523
-64.9524
-64.9525
-64.9526
-64.9527
-64.9528
-64.9529
-64.953
-64.9532
-64.9533
-64.9534
-64.9535
-64.9536
-64.9537
-64.9538
-64.9539
-64.954
-64.9542
-64.9543
-64.9544
-64.9545
-64.9546
-64.9547
-64.9548
-64.955
-64.9551
-64.9552
-64.9553
-64.9554
-64.9556
-64.9557
-64.9558
-64.9559
-64.956
-64.9562
-64.9563
-64.9564
-64.9565
-64.9566
-64.9568
-64.9569
-64.957
-64.9571
-64.9573
-64.9574
-64.9575
-64.9576
-64.9578
-64.9579
-64.958
-64.9581
-64.9583
-64.9584
-64.9585
-64.9587
-64.9588
-64.9589
-64.959
-64.9592
-64.9593
-64.9594
-64.9595
-64.9597
-64.9598
-64.9599
-64.96
-64.9602
-64.9603
-64.9604
-64.9606
-64.9607
-64.9608
-64.9609
-64.9611
-64.9612
-64.9613
-64.9614
-64.9616
-64.9617
-64.9618
-64.962
-64.9621
-64.9622
-64.9623
-64.9625
-64.9626
-64.9627
-64.9628
-64.963
-64.9631
-64.9632
-64.9633
-64.9635
-64.9636
-64.9637
-64.9638
-64.964
-64.9641
-64.9642
-64.9643
-64.9645
-64.9646
-64.9647
-64.9648
-64.9649
-64.9651
-64.9652
-64.9653
-64.9654
-64.9655
-64.9657
-64.9658
-64.9659
-64.966
-64.9661
-64.9663
-64.9664
-64.9665
-64.9666
-64.9667
-64.9668
-64.967
-64.9671
-64.9672
-64.9673
-64.9674
-64.9675
-64.9677
-64.9678
-64.9679
-64.968
-64.9681
-64.9682
-64.9683
-64.9684
-64.9685
-64.9687
-64.9688
-64.9689
-64.969
-64.9691
-64.9692
-64.9693
-64.9694
-64.9695
-64.9696
-64.9697
-64.9698
-64.9699
-64.97
-64.9701
-64.9702
-64.9703
-64.9704
-64.9705
-64.9706
-64.9707
-64.9708
-64.9709
-64.971
-64.9711
-64.9712
-64.9713
-64.9714
-64.9715
-64.9716
-64.9717
-64.9718
-64.9719
-64.972
-64.9721
-64.9722
-64.9722
-64.9723
-64.9724
-64.9725
-64.9726
-64.9727
-64.9728
-64.9729
-64.9729
-64.973
-64.9731
-64.9732
-64.9733
-64.9734
-64.9734
-64.9735
-64.9736
-64.9737
-64.9738
-64.9738
-64.9739
-64.974
-64.9741
-64.9741
-64.9742
-64.9743
-64.9744
-64.9744
-64.9745
-64.9746
-64.9747
-64.9747
-64.9748
-64.9749
-64.9749
-64.975
-64.9751
-64.9751
-64.9752
-64.9753
-64.9753
-64.9754
-64.9755
-64.9755
-64.9756
-64.9757
-64.9757
-64.8411
-64.619
-64.3325
-63.9958
-63.6195
-63.2114
-62.7779
-62.3238
-61.8534
-61.3699
-60.876
-60.3739
-59.8655
-59.3523
-58.8354
-58.3158
-57.7943
-57.2716
-56.7481
-56.2242
-55.7
-55.1756
-54.651
-54.1262
-53.6008
-53.0745
-52.547
-52.0175
-51.4855
-50.9502
-50.4106
-49.8656
-49.314
-48.7545
-48.1854
-47.6049
-47.0111
-46.4016
-45.774
-45.1253
-44.4522
-43.7512
-43.0181
-42.2481
-41.4359
-40.5754
-39.6597
-38.6809
-37.6299
-36.4964
-35.2687
-33.9333
-32.475
-30.8766
-29.1187
-27.1802
-25.0379
-22.6676
-20.0451
-17.1477
-13.9575
-10.4647
-6.67359
-2.60775
1.68412
6.12481
10.6094
15.0117
19.1973
23.0392
26.4348
29.318
31.6638
33.4865
34.8301
35.7573
36.3374
36.6374
36.7165
36.6236
36.3969
36.0655
35.6509
35.1688
34.6305
34.0444
33.4168
32.7525
32.0552
31.3282
30.574
29.795
28.9933
28.1707
27.3291
26.4328
25.5084
24.567
23.6143
22.6538
21.6875
20.7172
19.7442
18.7695
17.794
16.8187
15.8443
14.8714
13.9008
12.9329
11.9684
11.0077
10.0513
9.09945
8.15263
7.21113
6.27522
5.34517
4.42119
3.50346
2.59216
1.68743
0.789374
-0.101906
-0.986335
-1.86385
-2.73443
-3.59803
-4.45466
-5.3043
-6.14699
-6.98273
-7.81158
-8.63358
-9.44878
-10.242
-11.0196
-11.7844
-12.5376
-13.2801
-14.0124
-14.7351
-15.4486
-16.153
-16.8487
-17.5361
-18.2153
-18.8868
-19.5506
-20.2072
-20.8568
-21.4996
-22.136
-22.7662
-23.3905
-24.0093
-24.6228
-25.2314
-25.8354
-26.4352
-27.0311
-27.6235
-28.2128
-28.7994
-29.3837
-29.9661
-30.5472
-31.1274
-31.7071
-32.287
-32.8674
-33.449
-34.0323
-34.6179
-35.2062
-35.7979
-36.3934
-36.9934
-37.5983
-38.2085
-38.8245
-39.4465
-40.0748
-40.7095
-41.3504
-41.9973
-42.6498
-43.3071
-43.9684
-44.6322
-45.2971
-45.9612
-46.6223
-47.2778
-47.9252
-48.5616
-49.184
-49.7895
-50.3754
-50.9389
-51.4778
-51.9902
-52.4745
-52.9297
-53.3551
-53.7508
-54.1169
-54.4542
-54.7637
-55.0466
-55.3043
-55.5385
-55.7508
-55.943
-56.1166
-56.2734
-56.4149
-56.5426
-56.658
-56.7623
-56.8568
-56.9426
-57.0206
-57.0918
-57.157
-57.2169
-57.2722
-57.3235
-57.3713
-57.4161
-57.4582
-57.498
-57.5359
-57.5722
-57.607
-57.6407
-57.6733
-57.7051
-57.7363
-57.7669
-57.797
-57.8268
-57.8564
-57.8858
-57.9151
-57.9444
-57.9736
-58.0029
-58.0324
-58.0619
-58.0916
-58.1215
-58.1515
-58.1818
-58.2123
-58.2431
-58.2741
-58.3054
-58.3369
-58.3687
-58.4008
-58.4332
-58.4659
-58.4988
-58.532
-58.5655
-58.5993
-58.6333
-58.6677
-58.7023
-58.7371
-58.7722
-58.8076
-58.8433
-58.8792
-58.9153
-58.9517
-58.9883
-59.0251
-59.0622
-59.0995
-59.1369
-59.1747
-59.2126
-59.2507
-59.2889
-59.3274
-59.3661
-59.4049
-59.4439
-59.4831
-59.5224
-59.5619
-59.6015
-59.6412
-59.6811
-59.7211
-59.7613
-59.8015
-59.8419
-59.8824
-59.923
-59.9637
-60.0045
-60.0453
-60.0863
-60.1273
-60.1684
-60.2096
-60.2509
-60.2922
-60.3335
-60.3749
-60.4164
-60.4579
-60.4994
-60.541
-60.5826
-60.6242
-60.6659
-60.7075
-60.7492
-60.7909
-60.8326
-60.8743
-60.916
-60.9576
-60.9993
-61.041
-61.0826
-61.1243
-61.1659
-61.2075
-61.249
-61.2905
-61.332
-61.3735
-61.4149
-61.3414
-61.2016
-61.0185
-60.8058
-60.5726
-60.3253
-60.0687
-59.8062
-59.5407
-59.274
-59.0079
-58.7434
-58.4815
-58.2229
-57.9683
-57.718
-57.4723
-57.2316
-56.996
-56.7658
-56.5409
-56.3214
-56.1074
-55.899
-55.696
-55.4985
-55.3065
-55.1198
-54.9385
-54.7624
-54.5915
-54.4257
-54.265
-54.1091
-53.9581
-53.8119
-53.6703
-53.5332
-53.4006
-53.2724
-53.1484
-53.0286
-52.9129
-52.8012
-52.6934
-52.5894
-52.4892
-52.3925
-52.2995
-52.2099
-52.1237
-52.0409
-51.9613
-51.8849
-51.8117
-51.7414
-51.6742
-51.6099
-51.5485
-51.4899
-51.434
-51.3808
-51.3303
-51.2824
-51.2371
-51.1943
-51.1539
-51.116
-51.0805
-51.0473
-51.0164
-50.9878
-50.9614
-50.9373
-50.9153
-50.8955
-50.8778
-50.8622
-50.8487
-50.8372
-50.8277
-50.8202
-50.8146
-50.811
-50.8093
-50.8095
-50.7178
-50.5741
-50.3972
-50.1978
-49.9831
-49.7579
-49.5259
-49.2897
-49.0512
-48.8118
-48.5726
-48.3344
-48.0977
-47.8632
-47.631
-47.4015
-47.1747
-46.9509
-46.7301
-46.5123
-46.2975
-46.0858
-45.8771
-45.6713
-45.4684
-45.2683
-45.071
-44.8763
-44.6842
-44.4945
-44.3072
-44.1221
-43.9392
-43.7583
-43.5793
-43.4021
-43.2267
-43.0527
-42.8803
-42.7092
-42.5393
-42.3705
-42.2027
-42.0358
-41.8697
-41.7042
-41.5392
-41.3746
-41.2103
-41.0461
-40.882
-40.7179
-40.5535
-40.3887
-40.2235
-40.0577
-39.8912
-39.7238
-39.5553
-39.3857
-39.2148
-39.0424
-38.8684
-38.6926
-38.5148
-38.3348
-38.1524
-37.9675
-37.7798
-37.5891
-37.3952
-37.1978
-36.9967
-36.7915
-36.5821
-36.368
-36.149
-35.9247
-35.6948
-35.4588
-35.2163
-34.9669
-34.7102
-34.4455
-34.1724
-33.8902
-33.5984
-33.2963
-32.9832
-32.6583
-32.3208
-31.9698
-31.6045
-31.2237
-30.8265
-30.4117
-29.9781
-29.5244
-29.0494
-28.5515
-28.0294
-27.4815
-26.9062
-26.3021
-25.6675
-25.001
-24.3012
-23.567
-22.7974
-21.992
-21.1508
-20.2745
-19.3647
-18.3923
-17.3799
-16.3415
-15.2887
-14.2331
-13.1865
-12.1615
-11.1707
-10.2273
-9.34365
-8.53139
-7.80052
-7.15909
-6.61286
-6.1652
-5.81708
-5.56734
-5.41296
-5.34948
-5.37132
-5.47223
-5.64559
-5.88468
-6.18288
-6.53384
-6.93157
-7.37052
-7.84558
-8.3521
-8.88585
-9.44305
-10.0203
-10.6146
-11.2231
-11.8435
-12.4737
-13.1116
-13.7557
-14.4043
-15.0563
-15.7103
-16.3654
-17.0207
-17.6752
-18.3285
-18.9797
-19.6284
-20.2742
-20.9166
-21.5553
-22.1901
-22.8207
-23.447
-24.0687
-24.6859
-25.2984
-25.9063
-26.5095
-27.108
-27.7021
-28.2916
-28.8768
-29.4577
-30.0346
-30.6076
-31.1769
-31.7427
-32.3053
-32.865
-33.422
-33.9765
-34.5291
-35.0799
-35.6293
-36.1776
-36.7254
-37.2729
-37.8205
-38.3688
-38.918
-39.4688
-40.0214
-40.5764
-41.1341
-41.6951
-42.2598
-42.8285
-43.4017
-43.9797
-44.5627
-45.151
-45.7448
-46.3442
-46.9489
-47.5589
-48.1737
-48.7928
-49.4154
-50.0406
-50.667
-51.2932
-51.9173
-52.5374
-53.1512
-53.7562
-54.3498
-54.9293
-55.4921
-56.0356
-56.5573
-57.0553
-57.5276
-57.9731
-58.3907
-58.78
-59.141
-59.474
-59.78
-60.0599
-60.315
-60.5469
-60.7572
-60.9476
-61.1197
-61.2753
-61.4159
-61.5431
-61.6583
-61.7629
-61.858
-61.9448
-62.0242
-62.0972
-62.1645
-62.2269
-62.285
-62.3394
-62.3905
-62.4387
-62.4845
-62.5281
-62.5699
-62.6101
-62.6489
-62.6865
-62.723
-62.7587
-62.7936
-62.8278
-62.8614
-62.8946
-62.9273
-62.9597
-62.9918
-63.0236
-63.0552
-63.0866
-63.1178
-63.1489
-63.1799
-63.2108
-63.2416
-63.2724
-63.3031
-63.3337
-63.3644
-63.3949
-63.4255
-63.4561
-63.4866
-63.5171
-63.5476
-63.5782
-63.6087
-63.6391
-63.6696
-63.7001
-63.7306
-63.7611
-63.7915
-63.822
-63.8524
-63.8828
-63.9133
-63.9437
-63.974
-64.0044
-64.0348
-64.0651
-64.0954
-64.1256
-64.1559
-64.1861
-64.0959
-63.936
-63.7308
-63.4947
-63.2371
-62.9652
-62.6838
-62.3967
-62.1068
-61.8163
-61.5268
-61.2396
-60.9557
-60.6759
-60.4006
-60.1305
-59.8658
-59.6068
-59.3537
-59.1066
-58.8657
-58.6309
-58.4023
-58.1798
-57.9636
-57.7534
-57.5493
-57.3512
-57.1589
-56.9725
-56.7918
-56.6168
-56.4472
-56.2831
-56.1242
-55.9706
-55.822
-55.6784
-55.5397
-55.4057
-55.2763
-55.1515
-55.031
-54.9149
-54.8031
-54.6953
-54.5915
-54.4917
-54.3957
-54.3034
-54.2148
-54.1297
-54.0481
-53.97
-53.8951
-53.8234
-53.7549
-53.6895
-53.6272
-53.5678
-53.5112
-53.4575
-53.4066
-53.3583
-53.3127
-53.2697
-53.2293
-53.1913
-53.1558
-53.1226
-53.0918
-53.0633
-53.037
-53.0129
-52.991
-52.9713
-52.9536
-52.9379
-52.9243
-52.9127
-52.903
-52.8952
-52.8892
-52.8852
-52.8829
-52.8824
-52.8837
-52.8866
-52.8913
-52.8977
-52.9056
-52.9152
-52.9264
-52.9392
-52.9534
-52.9692
-52.9865
-53.0052
-53.0254
-53.047
-53.07
-53.0943
-53.12
-53.1471
-53.1754
-53.205
-53.2358
-53.2679
-53.3012
-53.3357
-53.3714
-53.4082
-53.4461
-53.4852
-53.5253
-53.5665
-53.6088
-53.6521
-53.6964
-53.7416
-53.7879
-53.835
-53.8831
-53.9321
-53.982
-54.0328
-54.0844
-54.1368
-54.19
-54.244
-54.2987
-54.3542
-54.4104
-54.4673
-54.5249
-54.5832
-54.6421
-54.7016
-54.7617
-54.8224
-54.8837
-54.9455
-55.0078
-55.0707
-55.134
-55.1978
-55.2621
-55.3267
-55.3918
-55.4573
-55.5232
-55.5894
-55.6559
-55.7228
-55.79
-55.8575
-55.9252
-55.9933
-56.0615
-56.13
-56.1986
-56.2675
-56.3365
-56.4057
-56.475
-56.5445
-56.6141
-56.6838
-56.7535
-56.8233
-56.8932
-56.9632
-57.0331
-57.1031
-57.1731
-57.2431
-57.313
-57.383
-57.4529
-57.5227
-57.5925
-57.6622
-57.7318
-57.8013
-57.8707
-57.94
-58.0091
-58.0782
-58.1471
-58.2158
-58.2844
-58.3528
-58.421
-58.4891
-58.5569
-58.6246
-58.6921
-58.7593
-58.8264
-58.8932
-58.9597
-59.0261
-59.0922
-59.1581
-59.2237
-59.289
-59.3541
-59.419
-59.4835
-59.5478
-59.6118
-59.6756
-59.739
-59.8022
-59.8651
-59.9277
-59.9899
-60.0519
-60.1136
-60.175
-60.2361
-60.2969
-60.3573
-60.4175
-60.4773
-60.5369
-60.5961
-60.655
-60.7135
-60.7718
-60.8297
-60.8873
-60.9446
-61.0016
-61.0582
-61.1146
-61.1705
-61.2262
-61.2816
-61.3366
-61.3913
-61.4456
-61.4996
-61.5534
-61.6067
-61.6598
-61.7125
-61.7649
-61.817
-61.8687
-61.9202
-61.9713
-62.022
-62.0725
-62.1226
-62.1724
-62.2219
-62.2711
-62.3199
-62.3684
-62.4166
-62.4645
-62.512
-62.5593
-62.6062
-62.6528
-62.6991
-62.7451
-62.7908
-62.8361
-62.8812
-62.9259
-62.9703
-63.0144
-63.0583
-63.1018
-63.145
-63.1878
-63.2304
-63.2727
-63.3147
-63.3564
-63.3978
-63.4389
-63.4797
-63.5202
-63.5604
-63.6003
-63.6399
-63.6792
-63.7183
-63.757
-63.7955
-63.8337
-63.8715
-63.9092
-63.9465
-63.9835
-64.0203
-64.0568
-64.093
-64.1289
-64.1645
-64.1999
-64.235
-64.2698
-64.3044
-64.3387
-64.3727
-64.4065
-64.4399
-64.4732
-64.5061
-64.5388
-64.5712
-64.6034
-64.6353
-64.667
-64.6984
-64.7295
-64.7604
-64.791
-64.8214
-64.8515
-64.8814
-64.911
-64.9404
-64.9695
-64.9984
-65.0271
-65.0555
-65.0836
-65.1115
-65.1392
-65.1667
-65.1939
-65.2208
-65.2475
-65.274
-65.3003
-65.3263
-65.3521
-65.3777
-65.403
-65.4281
-65.453
-65.4776
-65.5021
-65.5263
-65.5503
-65.574
-65.5976
-65.6209
-65.644
-65.6669
-65.6896
-65.712
-65.7343
-65.7563
-65.7781
-65.7997
-65.8211
-65.8423
-65.8633
-65.8841
-65.9047
-65.925
-65.9452
-65.9652
-65.9849
-66.0045
-66.0238
-66.043
-66.062
-66.0807
-66.0993
-66.1177
-66.1359
-66.1539
-66.1717
-66.1893
-66.2067
-66.224
-66.241
-66.2579
-66.2745
-66.291
-66.3073
-66.3235
-66.3394
-66.3552
-66.3708
-66.3862
-66.4014
-66.4164
-66.4313
-66.446
-66.4605
-66.4749
-66.4891
-66.5031
-66.5169
-66.5306
-66.5441
-66.5574
-66.5706
-66.5836
-66.5964
-66.6091
-66.6216
-66.6339
-66.6461
-66.6582
-66.67
-66.6817
-66.6933
-66.7047
-66.7159
-66.727
-66.7379
-66.7487
-66.7593
-66.7698
-66.7802
-66.7903
-66.8004
-66.8102
-66.82
-66.8296
-66.839
-66.8483
-66.8574
-66.8665
-66.8753
-66.8841
-66.8926
-66.9011
-66.9094
-66.9176
-66.9256
-66.9335
-66.9413
-66.9489
-66.9564
-66.9638
-66.971
-66.9781
-66.9851
-66.9919
-66.9986
-67.0052
-67.0117
-67.018
-67.0242
-67.0303
-67.0363
-67.0421
-67.0478
-67.0534
-67.0589
-67.0642
-67.0695
-67.0746
-67.0796
-67.0845
-67.0892
-67.0939
-67.0984
-67.1028
-67.1071
-67.1113
-67.1154
-67.1194
-67.1232
-67.127
-67.1306
-67.1342
-67.1376
-67.1409
-67.1441
-67.1473
-67.1503
-67.1532
-67.156
-67.1587
-67.1613
-67.1638
-67.1661
-67.1684
-67.1706
-67.1727
-67.1747
-67.1766
-67.1785
-67.1802
-67.1818
-67.1833
-67.1848
-67.1861
-67.1873
-67.1885
-67.1896
-67.1905
-67.1914
-67.1922
-67.1929
-67.1936
-67.1941
-67.1946
-67.1949
-67.1952
-67.1954
-67.1955
-67.1956
-67.1955
-67.1954
-67.1952
-67.1949
-67.1945
-67.1941
-67.1935
-67.1929
-67.1923
-67.1915
-67.1907
-67.1898
-67.1888
-67.1877
-67.1866
-67.1854
-67.1841
-67.1828
-67.1814
-67.1799
-67.1783
-67.1767
-67.175
-67.1732
-67.1714
-67.1695
-67.1675
-67.1655
-67.1634
-67.1613
-67.159
-67.1568
-67.1544
-67.152
-67.1495
-67.147
-67.1444
-67.1417
-67.139
-67.1363
-67.1334
-67.1306
-67.1276
-67.1246
-67.1215
-67.1184
-67.1153
-67.112
-67.1088
-67.1054
-67.1021
-67.0986
-67.0951
-67.0916
-67.088
-67.0844
-67.0807
-67.0769
-67.0731
-67.0693
-67.0654
-67.0615
-67.0575
-67.0535
-67.0494
-67.0453
-67.0411
-67.0369
-67.0327
-67.0284
-67.0241
-67.0197
-67.0153
-67.0108
-67.0063
-67.0018
-66.9972
-66.9925
-66.9879
-66.9832
-66.9784
-66.9737
-66.9689
-66.964
-66.9591
-66.9542
-66.9492
-66.9442
-66.9392
-66.9341
-66.929
-66.9239
-66.9187
-66.9135
-66.9083
-66.903
-66.8977
-66.8924
-66.8871
-66.8817
-66.8763
-66.8708
-66.8653
-66.8598
-66.8543
-66.8487
-66.8431
-66.8375
-66.8319
-66.8262
-66.8205
-66.8148
-66.809
-66.8032
-66.7974
-66.7916
-66.7857
-66.7799
-66.6359
-66.4026
-66.1036
-65.7539
-65.3642
-64.9427
-64.4959
-64.029
-63.5462
-63.051
-62.5463
-62.0342
-61.5169
-60.9957
-60.4722
-59.9474
-59.4222
-58.8973
-58.3734
-57.8511
-57.3305
-56.8122
-56.2962
-55.7828
-55.2718
-54.7634
-54.2573
-53.7535
-53.2516
-52.7512
-52.2521
-51.7536
-51.2551
-50.7561
-50.2557
-49.7531
-49.2472
-48.7371
-48.2214
-47.6989
-47.1679
-46.6269
-46.074
-45.5071
-44.924
-44.3221
-43.6986
-43.0503
-42.3736
-41.6647
-40.9191
-40.1317
-39.297
-38.4085
-37.4591
-36.4408
-35.3442
-34.1591
-32.8739
-31.4756
-29.9496
-28.2801
-26.4498
-24.4402
-22.2323
-19.8076
-17.1489
-14.2431
-11.0834
-7.67314
-4.02963
-0.188281
3.79447
7.84057
11.8532
15.7238
19.3429
22.6128
25.4593
27.84
29.7457
31.1971
32.2367
32.9192
33.3026
33.442
33.3857
33.1737
32.838
32.4032
31.8881
31.3069
30.6702
29.9864
29.2617
28.5013
27.7093
26.8891
26.0438
25.1761
24.2883
23.3825
22.4607
21.5248
20.5764
19.6172
18.6486
17.672
16.6888
15.6766
14.6531
13.626
12.5994
11.5759
10.5569
9.5436
8.5367
7.53681
6.54439
5.55982
4.58338
3.61532
2.65584
1.70509
0.763194
-0.169761
-1.09371
-2.00861
-2.91446
-3.81125
-4.69901
-5.57778
-6.44761
-7.30856
-8.16072
-9.00417
-9.83901
-10.6653
-11.4833
-12.293
-13.0945
-13.8881
-14.6738
-15.4518
-16.2222
-16.9853
-17.7411
-18.4899
-19.2319
-19.9672
-20.696
-21.4186
-22.1353
-22.8461
-23.5514
-24.2515
-24.9466
-25.637
-26.3231
-27.0052
-27.6835
-28.3586
-29.0308
-29.7005
-30.3681
-31.0342
-31.6992
-32.3636
-33.028
-33.693
-34.359
-35.0269
-35.697
-36.3703
-37.0472
-37.7285
-38.4149
-39.1071
-39.8056
-40.5113
-41.2247
-41.9463
-42.6767
-43.4162
-44.1651
-44.9236
-45.6914
-46.4683
-47.2536
-48.0463
-48.8453
-49.6486
-50.4542
-51.2594
-52.0612
-52.856
-53.6399
-54.4089
-55.1587
-55.8849
-56.5835
-57.2506
-57.8829
-58.4777
-59.033
-59.5474
-60.0207
-60.4529
-60.8452
-61.1989
-61.5162
-61.7993
-62.0508
-62.2735
-62.4699
-62.6427
-62.7946
-62.928
-63.0449
-63.1476
-63.2379
-63.3173
-63.3874
-63.4495
-63.5048
-63.5541
-63.5984
-63.6385
-63.6749
-63.7083
-63.7391
-63.7677
-63.7945
-63.8197
-63.8437
-63.8667
-63.8887
-63.9101
-63.9309
-63.9513
-63.9713
-63.991
-64.0105
-64.0299
-64.0492
-64.0684
-64.0877
-64.1069
-64.1262
-64.1456
-64.165
-64.1845
-64.2042
-64.2239
-64.2438
-64.2638
-64.284
-64.3042
-64.3247
-64.3452
-64.3659
-64.3868
-64.4078
-64.4289
-64.4501
-64.4715
-64.4931
-64.5147
-64.5365
-64.5584
-64.5804
-64.6025
-64.6248
-64.6471
-64.6696
-64.6921
-64.7148
-64.7375
-64.7604
-64.7833
-64.8063
-64.8294
-64.8525
-64.8757
-64.899
-64.9224
-64.9458
-64.9692
-64.9927
-65.0163
-65.0399
-65.0635
-65.0872
-65.1109
-65.1347
-65.1584
-65.1822
-65.206
-65.2299
-65.2537
-65.2776
-65.3014
-65.3253
-65.3491
-65.373
-65.3969
-65.4207
-65.4446
-65.4684
-65.4922
-65.516
-65.5398
-65.5636
-65.5873
-65.611
-65.6347
-65.6583
-65.6819
-65.7055
-65.729
-65.7525
-65.7759
-65.7993
-65.8227
-65.846
-65.8692
-65.8924
-65.9156
-65.9387
-65.9617
-65.9846
-66.0075
-66.0304
-66.0531
-66.0758
-66.0985
-66.121
-66.1435
-66.1659
-66.1883
-66.2105
-66.2327
-66.2548
-66.2768
-66.2988
-66.3206
-66.3424
-66.3641
-66.3857
-66.4072
-66.4286
-66.4499
-66.4711
-66.4923
-66.5133
-66.5343
-66.5551
-66.5759
-66.5965
-66.6171
-66.6376
-66.6579
-66.6782
-66.6983
-66.7184
-66.7383
-66.7582
-66.7779
-66.7976
-66.8171
-66.8365
-66.8558
-66.875
-66.8941
-66.9131
-66.932
-66.9507
-66.9694
-66.9879
-67.0063
-67.0246
-67.0428
-67.0609
-67.0789
-67.0967
-67.1145
-67.1321
-67.1496
-67.167
-67.1842
-67.2014
-67.2184
-67.2353
-67.2521
-67.2688
-67.2854
-67.3018
-67.3181
-67.3343
-67.3504
-67.3663
-67.3822
-67.3979
-67.4135
-67.429
-67.4443
-67.4596
-67.4747
-67.4896
-67.5045
-67.5193
-67.5339
-67.5484
-67.5628
-67.577
-67.5912
-67.6052
-67.6191
-67.6328
-67.6465
-67.66
-67.6734
-67.6867
-67.6998
-67.7129
-67.7258
-67.7386
-67.7512
-67.7638
-67.7762
-67.7885
-67.8007
-67.8127
-67.8246
-67.8364
-67.8481
-67.8597
-67.8711
-67.8825
-67.8937
-67.9048
-67.9157
-67.9266
-67.9373
-67.9479
-67.9583
-67.9687
-67.9789
-67.9891
-67.9991
-68.0089
-68.0187
-68.0283
-68.0378
-68.0472
-68.0565
-68.0657
-68.0747
-68.0837
-68.0925
-68.1012
-68.1097
-68.1182
-68.1265
-68.1348
-68.1429
-68.1509
-68.1587
-68.1665
-68.1741
-68.1817
-68.1891
-68.1964
-68.2036
-68.2106
-68.2176
-68.2244
-68.2312
-68.2378
-68.2443
-68.2507
-68.257
-68.2631
-68.2692
-68.2752
-68.281
-68.2867
-68.2923
-68.2979
-68.3033
-68.3085
-68.3137
-68.3188
-68.185
-67.9632
-67.678
-67.3452
-66.9756
-66.5776
-66.1577
-65.7211
-65.2721
-64.8139
-64.3493
-63.8805
-63.4096
-62.9379
-62.4667
-61.9972
-61.5303
-61.0667
-60.607
-60.1518
-59.7015
-59.2565
-58.8172
-58.3837
-57.9562
-57.535
-57.12
-56.7114
-56.3091
-55.9132
-55.5236
-55.1402
-54.7629
-54.3916
-54.0261
-53.6663
-53.3118
-52.9626
-52.6183
-52.2786
-51.9433
-51.612
-51.2843
-50.96
-50.6387
-50.3199
-50.0033
-49.6883
-49.3746
-49.0616
-48.7489
-48.4359
-48.1221
-47.8068
-47.4896
-47.1697
-46.8465
-46.5193
-46.1872
-45.8496
-45.5056
-45.1542
-44.7945
-44.4254
-44.0459
-43.6548
-43.2506
-42.8321
-42.3977
-41.9458
-41.4744
-40.9817
-40.4655
-39.9233
-39.3527
-38.7506
-38.114
-37.4393
-36.7227
-35.9601
-35.1468
-34.2778
-33.3474
-32.3498
-31.2783
-30.1259
-28.8853
-27.5484
-26.1072
-24.5536
-22.8794
-21.0773
-19.1409
-17.0656
-14.8494
-12.4938
-10.0051
-7.39542
-4.68387
-1.89734
0.929106
3.75268
6.52421
9.1907
11.6988
13.9989
16.0496
17.821
19.2969
20.4748
21.3645
21.9854
22.3631
22.5261
22.5034
22.3223
22.0076
21.5807
21.0601
20.4609
19.796
19.0759
18.309
17.5028
16.663
15.7949
14.9027
13.9901
13.0603
12.1161
11.16
10.1942
9.22075
8.24127
7.25738
6.2705
5.28189
4.2927
3.30394
2.31653
1.3313
0.348962
-0.629819
-1.60447
-2.57449
-3.53942
-4.49888
-5.45253
-6.40009
-7.3413
-8.27598
-9.20395
-10.1251
-11.0393
-11.9464
-12.8465
-13.7396
-14.6255
-15.5045
-16.3764
-17.2414
-18.0996
-18.951
-19.7959
-20.6343
-21.4664
-22.2925
-23.1126
-23.9272
-24.7364
-25.5405
-26.3398
-27.1348
-27.9256
-28.7128
-29.4967
-30.2778
-31.0566
-31.8336
-32.6095
-33.3847
-34.1598
-34.9357
-35.7128
-36.4921
-37.2742
-38.0598
-38.85
-39.6453
-40.4468
-41.2552
-42.0715
-42.8964
-43.7307
-44.5753
-45.431
-46.2982
-47.1775
-48.0695
-48.9741
-49.8915
-50.8214
-51.7632
-52.7159
-53.6783
-54.6484
-55.6241
-56.6024
-57.5799
-58.5526
-59.516
-60.4651
-61.3948
-62.2994
-63.1735
-64.0118
-64.8093
-65.5618
-66.266
-66.9193
-67.5203
-68.0688
-68.5653
-69.0116
-69.4098
-69.7631
-70.0746
-70.348
-70.5869
-70.795
-70.9757
-71.1322
-71.2676
-71.3846
-71.4857
-71.573
-71.6485
-71.7139
-71.7706
-71.8199
-71.8628
-71.9004
-71.9333
-71.9622
-71.9878
-72.0105
-72.0308
-72.049
-72.0653
-72.0801
-72.0936
-72.106
-72.1173
-72.1278
-72.1376
-72.1467
-72.1552
-72.1633
-72.1709
-72.1781
-72.185
-72.1916
-72.1979
-72.204
-72.2099
-72.2155
-72.221
-72.2263
-72.2315
-72.2365
-72.2413
-72.2461
-72.2507
-72.2552
-72.2596
-72.2639
-72.2681
-72.2722
-72.2762
-72.2801
-72.2839
-72.2876
-72.2912
-72.2947
-72.2982
-72.3015
-72.3048
-72.3079
-72.311
-72.314
-72.3169
-72.3197
-72.3225
-72.3251
-72.3277
-72.3301
-72.3325
-72.3348
-72.337
-72.3391
-72.3411
-72.3431
-72.3449
-72.3467
-72.3483
-72.3499
-72.3513
-72.3527
-72.354
-72.3552
-72.3563
-72.3573
-72.3582
-72.3591
-72.3598
-72.3604
-72.361
-72.3614
-72.3618
-72.362
-72.3622
-72.3622
-72.3622
-72.362
-72.3618
-72.3615
-72.3611
-72.3605
-72.3599
-72.3592
-72.3584
-72.3575
-72.3565
-72.3554
-72.3541
-72.3528
-72.3514
-72.3499
-72.3483
-72.3466
-72.3448
-72.3429
-72.3409
-72.3388
-72.3366
-72.3343
-72.3319
-72.3294
-72.3268
-72.3242
-72.3214
-72.3185
-72.3155
-72.3124
-72.3092
-72.3059
-72.3025
-72.2991
-72.2955
-72.2918
-72.288
-72.2841
-72.2802
-72.2761
-72.2719
-72.2676
-72.2633
-72.2588
-72.2542
-72.2496
-72.2448
-72.24
-72.235
-72.23
-72.2248
-72.2196
-72.2143
-72.2088
-72.2033
-72.1977
-72.192
-72.1862
-72.1803
-72.1743
-72.1682
-72.162
-72.1557
-72.1493
-72.1429
-72.1363
-72.1297
-72.1229
-72.1161
-72.1092
-72.1022
-72.095
-72.0879
-72.0806
-72.0732
-72.0657
-72.0582
-72.0505
-72.0428
-72.035
-72.027
-72.019
-72.011
-72.0028
-71.9945
-71.9862
-71.9778
-71.9692
-71.9606
-71.9519
-71.9432
-71.9343
-71.9254
-71.9164
-71.9073
-71.8981
-71.8888
-71.8795
-71.87
-71.8605
-71.8509
-71.8412
-71.8315
-71.8217
-71.8118
-71.8018
-71.7917
-71.7816
-71.7713
-71.761
-71.7507
-71.7402
-71.7297
-71.7191
-71.7084
-71.6977
-71.6869
-71.676
-71.665
-71.654
-71.6428
-71.6317
-71.6204
-71.6091
-71.5977
-71.5862
-71.5747
-71.5631
-71.5514
-71.5397
-71.5279
-71.516
-71.5041
-71.4921
-71.48
-71.4679
-71.4557
-71.4435
-71.4311
-71.4188
-71.4063
-71.3938
-71.3812
-71.3686
-71.3559
-71.3432
-71.3304
-71.3175
-71.3046
-71.2916
-71.2786
-71.2655
-71.2523
-71.2391
-71.2258
-71.2125
-71.1991
-71.1857
-71.1722
-71.1587
-71.1451
-71.1314
-71.1178
-71.104
-71.0902
-71.0764
-71.0625
-71.0485
-71.0345
-71.0205
-71.0064
-70.9923
-70.9781
-70.9639
-70.9496
-70.9353
-70.9209
-70.9065
-70.8921
-70.8776
-70.8631
-70.8485
-70.8339
-70.8192
-70.8045
-70.7898
-70.775
-70.7602
-70.7453
-70.7304
-70.7155
-70.7005
-70.6855
-70.6704
-70.6554
-70.6402
-70.6251
-70.6099
-70.5947
-70.5794
-70.5642
-70.5488
-70.5335
-70.5181
-70.5027
-70.4872
-70.4718
-70.4563
-70.4407
-70.4252
-70.4096
-70.394
-70.3783
-70.3627
-70.347
-70.3312
-70.3155
-70.2997
-70.2839
-70.2681
-70.2523
-70.2364
-70.2205
-70.2046
-70.1886
-70.1727
-70.1567
-70.1407
-70.1247
-70.1087
-70.0926
-70.0765
-70.0604
-70.0443
-70.0282
-70.012
-69.9959
-69.9797
-69.9635
-69.9473
-69.9311
-69.9148
-69.8986
-69.8823
-69.866
-69.8497
-69.8334
-69.8171
-69.8008
-69.7844
-69.7681
-69.7517
-69.7354
-69.719
-69.7026
-69.6862
-69.6698
-69.6534
-69.637
-69.6205
-69.6041
-69.5877
-69.5712
-69.5548
-69.5383
-69.5218
-69.5054
-69.4889
-69.4724
-69.456
-69.4395
-69.423
-69.4065
-69.39
-69.3735
-69.357
-69.3405
-69.3241
-69.3076
-69.2911
-69.2746
-69.2581
-69.2416
-69.2251
-69.2086
-69.1922
-69.1757
-69.1592
-69.1427
-69.1263
-69.1098
-69.0933
-69.0769
-69.0604
-69.044
-69.0276
-69.0111
-68.9947
-68.9783
-68.9619
-68.9455
-68.9291
-68.9127
-68.8963
-68.8799
-68.8636
-68.8472
-68.8309
-68.8145
-68.7982
-68.7819
-68.7656
-68.7493
-68.733
-68.7168
-68.7005
-68.6842
-68.668
-68.6518
-68.6356
-68.6194
-68.6032
-68.587
-68.5709
-68.5547
-68.5386
-68.5225
-68.5064
-68.4903
-68.4742
-68.4582
-68.4422
-68.4262
-68.4102
-68.3942
-68.3782
-68.3623
-68.3463
-68.3304
-68.3145
-68.2986
-68.2828
-68.2669
-68.2511
-68.2353
-68.2195
-68.2037
-68.188
-68.1723
-68.1566
-68.1409
-68.1252
-68.1096
-68.094
-68.0784
-68.0628
-68.0472
-68.0317
-68.0162
-68.0007
-67.9852
-67.9698
-67.9543
-67.9389
-67.9236
-67.9082
-67.8929
-67.8776
-67.8623
-67.847
-67.8318
-67.8166
-67.8014
-67.7863
-67.7711
-67.756
-67.7409
-67.7259
-67.7108
-67.6958
-67.6809
-67.6659
-67.651
-67.6361
-67.6212
-67.6064
-67.5915
-67.5767
-67.562
-67.5472
-67.5325
-67.5179
-67.5032
-67.4886
-67.474
-67.4594
-67.4449
-67.4304
-67.4159
-67.4014
-67.387
-67.3726
-67.3583
-67.3439
-67.3296
-67.3154
-67.3011
-67.2869
-67.2727
-67.2586
-67.2444
-67.2304
-67.2163
-67.2023
-67.1883
-67.1743
-67.1604
-67.1464
-67.1326
-67.1187
-67.1049
-66.9522
-66.7092
-66.4
-66.0395
-65.6384
-65.205
-64.7458
-64.2661
-63.7702
-63.2615
-62.7428
-62.2166
-61.6848
-61.149
-60.6104
-60.0704
-59.5296
-58.9889
-58.4489
-57.9101
-57.3729
-56.8374
-56.3038
-55.7723
-55.2427
-54.7151
-54.1891
-53.6646
-53.1411
-52.6182
-52.0952
-51.5717
-51.0467
-50.5194
-49.9889
-49.4539
-48.9132
-48.3653
-47.8087
-47.2416
-46.6619
-46.0675
-45.4557
-44.8239
-44.1688
-43.487
-42.7743
-42.0264
-41.2382
-40.4038
-39.5168
-38.5698
-37.5543
-36.4607
-35.2782
-33.9942
-32.5948
-31.0641
-29.3846
-27.5367
-25.4993
-23.2501
-20.7664
-18.0269
-15.0134
-11.7143
-8.12924
-4.27341
-0.183273
4.07966
8.42782
12.7511
16.9257
20.8274
24.347
27.4031
29.9512
31.9846
33.5301
34.6377
35.3704
35.7934
35.9679
35.9463
35.7713
35.476
35.0855
34.6184
34.0884
33.5055
32.8774
32.2096
31.5067
30.7722
30.0094
29.2206
28.4083
27.5746
26.7213
25.8502
24.963
24.0613
23.1465
22.2201
21.2833
20.3375
19.3837
18.4233
17.4571
16.4863
15.5117
14.5342
13.5547
12.5739
11.5926
10.6114
9.631
8.6519
7.67465
6.69974
5.72761
4.75867
3.79329
2.83179
1.87448
0.921621
-0.0265478
-0.96982
-1.90801
-2.84098
-3.76858
-4.6907
-5.60726
-6.51819
-7.42342
-8.32294
-9.21673
-10.1048
-10.9871
-11.8637
-12.7347
-13.6001
-14.46
-15.3144
-16.1635
-17.0074
-17.8461
-18.6799
-19.509
-20.3334
-21.1534
-21.9693
-22.7812
-23.5894
-24.3943
-25.1961
-25.9952
-26.7921
-27.587
-28.3805
-29.173
-29.9652
-30.7575
-31.5507
-32.3453
-33.142
-33.9418
-34.7453
-35.5534
-36.367
-37.1871
-38.0147
-38.8507
-39.6963
-40.5525
-41.4204
-42.3011
-43.1955
-44.1048
-45.0298
-45.9713
-46.9298
-47.9058
-48.8994
-49.9103
-50.9379
-51.9808
-53.0374
-54.1051
-55.1807
-56.26
-57.3383
-58.41
-59.4685
-60.5071
-61.5183
-62.495
-63.43
-64.3167
-65.1497
-65.9245
-66.6381
-67.2891
-67.8774
-68.4043
-68.8724
-69.2851
-69.6464
-69.9609
-70.2332
-70.4679
-70.6696
-70.8424
-70.9902
-71.1164
-71.2242
-71.3162
-71.3949
-71.4622
-71.52
-71.5697
-71.6125
-71.6496
-71.6819
-71.7102
-71.7349
-71.7568
-71.7763
-71.7937
-71.8093
-71.8235
-71.8364
-71.8483
-71.8592
-71.8694
-71.8789
-71.8879
-71.8963
-71.9043
-71.912
-71.9193
-71.9264
-71.9332
-71.9398
-71.9462
-71.9524
-71.9585
-71.9644
-71.9702
-71.9759
-71.9815
-71.987
-71.9923
-71.9976
-72.0028
-72.0079
-72.0129
-72.0179
-72.0227
-72.0275
-72.0322
-72.0369
-72.0414
-72.0459
-72.0504
-72.0547
-72.059
-72.0632
-72.0673
-72.0714
-72.0754
-72.0793
-72.0831
-72.0869
-72.0906
-72.0942
-72.0977
-72.1012
-72.1046
-72.1079
-72.1111
-72.1143
-72.1174
-72.1203
-72.1233
-72.1261
-72.1288
-72.1315
-72.1341
-72.1366
-72.139
-72.1413
-72.1436
-72.1457
-72.1478
-72.1498
-72.1517
-72.1535
-72.1552
-72.1569
-72.1584
-72.1599
-72.1612
-72.1625
-72.1637
-72.1648
-72.1658
-72.1667
-72.1675
-72.1683
-72.1689
-72.1695
-72.1699
-72.1703
-72.1705
-72.1707
-72.1708
-72.1707
-72.1706
-72.1704
-72.1701
-72.1697
-72.1692
-72.1686
-72.1679
-72.1671
-72.1662
-72.1653
-72.1642
-72.163
-72.1617
-72.1604
-72.1589
-72.1573
-72.1557
-72.1539
-72.1521
-72.1501
-72.1481
-72.1459
-72.1437
-72.1413
-72.1389
-72.1364
-72.1337
-72.131
-72.1282
-72.1252
-72.1222
-72.1191
-72.1159
-72.1126
-72.1092
-72.1057
-72.102
-72.0983
-72.0945
-72.0906
-72.0867
-72.0826
-72.0784
-72.0741
-72.0697
-72.0653
-72.0607
-72.056
-72.0513
-72.0464
-72.0415
-72.0364
-72.0313
-72.0261
-72.0208
-72.0153
-72.0098
-72.0042
-71.9985
-71.9927
-71.9869
-71.9809
-71.9748
-71.9687
-71.9624
-71.9561
-71.9496
-71.9431
-71.9365
-71.9298
-71.923
-71.9161
-71.9092
-71.9021
-71.895
-71.8877
-71.8804
-71.873
-71.8655
-71.8579
-71.8502
-71.8425
-71.8347
-71.8267
-71.8187
-71.8106
-71.8024
-71.7942
-71.7858
-71.7774
-71.7689
-71.7603
-71.7516
-71.7428
-71.734
-71.7251
-71.7161
-71.707
-71.6978
-71.6886
-71.6792
-71.6698
-71.6604
-71.6508
-71.6412
-71.6315
-71.6217
-71.6118
-71.6019
-71.5919
-71.5818
-71.5716
-71.5614
-71.5511
-71.5407
-71.5302
-71.5197
-71.5091
-71.4984
-71.4877
-71.4769
-71.466
-71.455
-71.444
-71.4329
-71.4218
-71.4105
-71.3992
-71.3879
-71.3765
-71.365
-71.3534
-71.3418
-71.3301
-71.3183
-71.3065
-71.2947
-71.2827
-71.2707
-71.2587
-71.2465
-71.2343
-71.2221
-71.2098
-71.1974
-71.185
-71.1725
-71.16
-71.1474
-71.1347
-71.122
-71.1093
-71.0964
-71.0836
-71.0706
-71.0576
-71.0446
-71.0315
-71.0184
-71.0052
-70.9919
-70.9786
-70.9653
-70.9519
-70.9384
-70.9249
-70.9114
-70.8978
-70.8842
-70.8705
-70.8567
-70.8429
-70.8291
-70.8152
-70.8013
-70.7874
-70.7734
-70.7593
-70.7452
-70.7311
-70.7169
-70.7027
-70.6884
-70.6741
-70.6598
-70.6454
-70.631
-70.6165
-70.602
-70.5875
-70.5729
-70.5583
-70.5437
-70.3841
-70.1313
-69.8107
-69.4384
-69.0257
-68.5813
-68.1121
-67.6236
-67.1204
-66.606
-66.0835
-65.5554
-65.0236
-64.4899
-63.9558
-63.4224
-62.8908
-62.3619
-61.8364
-61.3149
-60.7979
-60.2859
-59.7793
-59.2782
-58.7831
-58.294
-57.811
-57.3342
-56.8636
-56.3993
-55.9411
-55.4888
-55.0425
-54.6017
-54.1664
-53.7362
-53.3108
-52.8897
-52.4727
-52.0593
-51.649
-51.2411
-50.8353
-50.4307
-50.0268
-49.6228
-49.218
-48.8114
-48.4022
-47.9894
-47.572
-47.1489
-46.7187
-46.2803
-45.8322
-45.3728
-44.9005
-44.4134
-43.9095
-43.3867
-42.8425
-42.2743
-41.679
-41.0535
-40.3941
-39.6968
-38.9571
-38.17
-37.3298
-36.4304
-35.4649
-34.4254
-33.3034
-32.0894
-30.7731
-29.343
-27.7871
-26.0924
-24.2458
-22.2341
-20.0449
-17.6677
-15.0949
-12.3242
-9.35986
-6.21549
-2.91594
0.501115
3.98478
7.4721
10.8912
14.1661
17.2229
19.9963
22.4356
24.509
26.2047
27.5306
28.5099
29.177
29.5715
29.7343
29.7037
29.5139
29.1939
28.7673
28.2534
27.6673
27.021
26.3239
25.5836
24.8061
23.9964
23.1587
22.2965
21.4129
20.5105
19.5918
18.6589
17.7136
16.7579
15.7933
14.8214
13.8434
12.8607
11.8744
10.8855
9.89517
8.90414
7.91328
6.92335
5.93503
4.94894
3.96564
2.98565
2.00941
1.03733
0.0697877
-0.892911
-1.85048
-2.80267
-3.74928
-4.69012
-5.62504
-6.55392
-7.47665
-8.39316
-9.30341
-10.2074
-11.105
-11.9963
-12.8813
-13.7601
-14.6327
-15.4993
-16.3597
-17.2143
-18.0631
-18.9062
-19.7438
-20.5761
-21.4033
-22.2255
-23.0432
-23.8564
-24.6654
-25.4707
-26.2726
-27.0713
-27.8674
-28.6612
-29.4532
-30.2441
-31.0342
-31.8242
-32.6147
-33.4064
-34.2
-34.9963
-35.7961
-36.6002
-37.4094
-38.2248
-39.0472
-39.8777
-40.7171
-41.5665
-42.4269
-43.2992
-44.1844
-45.0833
-45.9966
-46.9249
-47.8687
-48.8282
-49.8032
-50.7934
-51.7978
-52.8153
-53.8438
-54.8809
-55.9234
-56.9674
-58.0083
-59.041
-60.0595
-61.0575
-62.0286
-62.966
-63.8636
-64.7154
-65.5166
-66.2632
-66.9526
-67.5833
-68.1552
-68.6695
-69.1284
-69.5348
-69.8925
-70.2054
-70.4777
-70.7137
-70.9176
-71.0932
-71.2441
-71.3737
-71.4848
-71.5801
-71.6619
-71.7322
-71.7926
-71.8447
-71.8897
-71.9288
-71.9628
-71.9924
-72.0185
-72.0414
-72.0618
-72.0799
-72.0961
-72.1107
-72.1239
-72.136
-72.147
-72.1572
-72.1666
-72.1754
-72.1836
-72.1914
-72.1987
-72.2057
-72.2123
-72.2187
-72.2248
-72.2307
-72.2363
-72.2418
-72.2471
-72.2523
-72.2573
-72.2622
-72.267
-72.2716
-72.2762
-72.2806
-72.285
-72.2892
-72.2934
-72.2974
-72.3014
-72.3053
-72.3091
-72.3128
-72.3164
-72.32
-72.3235
-72.3268
-72.3302
-72.3334
-72.3365
-72.3396
-72.3426
-72.3455
-72.3483
-72.3511
-72.3537
-72.3563
-72.3588
-72.3612
-72.3635
-72.3658
-72.3679
-72.37
-72.372
-72.3739
-72.3757
-72.3775
-72.3791
-72.3807
-72.3821
-72.3835
-72.3848
-72.386
-72.3871
-72.3882
-72.3891
-72.3899
-72.3907
-72.3914
-72.3919
-72.3924
-72.3928
-72.3931
-72.3933
-72.3934
-72.3934
-72.3933
-72.3932
-72.3929
-72.3925
-72.3921
-72.3915
-72.3909
-72.3901
-72.3893
-72.3883
-72.3873
-72.3862
-72.385
-72.3836
-72.3822
-72.3807
-72.3791
-72.3774
-72.3756
-72.3737
-72.3717
-72.3696
-72.3674
-72.3651
-72.3627
-72.3602
-72.3576
-72.3549
-72.3522
-72.3493
-72.3463
-72.3432
-72.3401
-72.3368
-72.3334
-72.33
-72.3264
-72.3228
-72.319
-72.3152
-72.3112
-72.3072
-72.303
-72.2988
-72.2945
-72.29
-72.2855
-72.2809
-72.2761
-72.2713
-72.2664
-72.2614
-72.2563
-72.2511
-72.2458
-72.2404
-72.235
-72.2294
-72.2237
-72.2179
-72.2121
-72.2061
-72.2001
-72.1939
-72.1877
-72.1814
-72.175
-72.1685
-72.1619
-72.1552
-72.1484
-72.1415
-72.1345
-72.1275
-72.1203
-72.1131
-72.1058
-72.0984
-72.0909
-72.0833
-72.0756
-72.0678
-72.06
-72.052
-72.044
-72.0359
-72.0277
-72.0194
-72.011
-72.0025
-71.994
-71.9854
-71.9766
-71.9678
-71.959
-71.95
-71.9409
-71.9318
-71.9226
-71.9133
-71.9039
-71.8945
-71.8849
-71.8753
-71.8656
-71.8558
-71.846
-71.8361
-71.826
-71.816
-71.8058
-71.7955
-71.7852
-71.7748
-71.7644
-71.7538
-71.7432
-71.7325
-71.7217
-71.7109
-71.7
-71.689
-71.6779
-71.6668
-71.6556
-71.6443
-71.633
-71.6216
-71.6101
-71.5986
-71.5869
-71.5753
-71.5635
-71.5517
-71.5398
-71.5278
-71.5158
-71.5037
-71.4916
-71.4794
-71.4671
-71.4548
-71.4424
-71.4299
-71.4174
-71.4048
-71.3921
-71.3794
-71.3667
-71.3538
-71.341
-71.328
-71.315
-71.3019
-71.2888
-71.2757
-71.2624
-71.2491
-71.2358
-71.2224
-71.209
-71.1955
-71.1819
-71.1683
-71.1546
-71.1409
-71.1272
-71.1133
-71.0995
-71.0856
-71.0716
-71.0576
-71.0435
-71.0294
-71.0153
-71.0011
-70.9868
-70.9725
-70.9582
-70.9438
-70.9294
-70.9149
-70.9004
-70.8859
-70.8713
-70.8566
-70.8419
-70.8272
-70.8124
-70.7976
-70.7828
-70.7679
-70.753
-70.738
-70.723
-70.708
-70.6929
-70.6778
-70.6627
-70.6475
-70.6323
-70.6171
-70.6018
-70.5865
-70.5711
-70.5558
-70.5404
-70.5249
-70.5095
-70.494
-70.4784
-70.4629
-70.4473
-70.4317
-70.416
-70.4004
-70.3847
-70.3689
-70.3532
-70.3374
-70.3216
-70.3058
-70.2899
-70.274
-70.2581
-70.2422
-70.2263
-70.2103
-70.1943
-70.1783
-70.1623
-70.1462
-70.1302
-70.1141
-70.098
-70.0819
-70.0657
-70.0495
-70.0334
-70.0172
-70.001
-69.9847
-69.9685
-69.9522
-69.936
-69.9197
-69.9034
-69.8871
-69.8707
-69.8544
-69.838
-69.8217
-69.8053
-69.7889
-69.7725
-69.7561
-69.7397
-69.7233
-69.7068
-69.6904
-69.674
-69.6575
-69.641
-69.6246
-69.6081
-69.5916
-69.5751
-69.5586
-69.5421
-69.5256
-69.5091
-69.4926
-69.4761
-69.4595
-69.443
-69.4265
-69.41
-69.3934
-69.3769
-69.3604
-69.3438
-69.3273
-69.3108
-69.2942
-69.2777
-69.2612
-69.2447
-69.2281
-69.2116
-69.1951
-69.1786
-69.1621
-69.1455
-69.129
-69.1125
-69.096
-69.0795
-69.063
-69.0466
-69.0301
-69.0136
-68.9972
-68.9807
-68.9642
-68.9478
-68.9314
-68.9149
-68.8985
-68.8821
-68.8657
-68.8493
-68.8329
-68.8166
-68.8002
-68.7839
-68.7675
-68.7512
-68.7349
-68.7186
-68.7023
-68.686
-68.6697
-68.6534
-68.6372
-68.621
-68.6047
-68.5885
-68.5724
-68.5562
-68.54
-68.5239
-68.5077
-68.4916
-68.4755
-68.4594
-68.4434
-68.4273
-68.4113
-68.3953
-68.3793
-68.3633
-68.3473
-68.3314
-68.3154
-68.2995
-68.2836
-68.2677
-68.2519
-68.2361
-68.2202
-68.2044
-68.1887
-68.1729
-68.1572
-68.1414
-68.1257
-68.1101
-68.0944
-68.0788
-68.0632
-68.0476
-68.032
-68.0165
-68.0009
-67.9854
-67.97
-67.9545
-67.9391
-67.9237
-67.9083
-67.8929
-67.8776
-67.8623
-67.847
-67.8317
-67.8165
-67.8013
-67.7861
-67.7709
-67.7558
-67.7407
-67.7256
-67.7105
-67.6955
-67.6805
-67.6655
-67.6505
-67.6356
-67.6207
-67.6058
-67.5909
-67.5761
-67.5613
-67.5466
-67.5318
-67.5171
-67.5024
-67.4878
-67.4732
-67.4586
-67.444
-67.4295
-67.4149
-67.4005
-67.386
-67.3716
-67.3572
-67.3428
-67.3285
-67.3142
-67.2999
-67.2857
-67.2715
-67.2573
-67.2432
-67.229
-67.2149
-67.2009
-67.1869
-67.1729
-67.1589
-67.145
-67.1311
-67.1172
-67.1033
-67.0895
-67.0758
-67.062
-67.0483
-67.0346
-67.021
-67.0074
-66.9938
-66.9803
-66.9668
-66.9533
-66.9398
-66.9264
-66.9131
-66.8997
-66.8864
-66.8731
-66.8599
-66.8467
-66.8335
-66.8204
-66.8073
-66.7942
-66.7812
-66.7681
-66.7552
-66.7422
-66.7293
-66.7165
-66.7036
-66.6908
-66.6781
-66.6654
-66.6527
-66.64
-66.6274
-66.6148
-66.6023
-66.5898
-66.5773
-66.5648
-66.5524
-66.5401
-66.5277
-66.5154
-66.5032
-66.491
-66.4788
-66.4666
-66.4545
-66.4425
-66.4304
-66.4184
-66.4065
-66.3946
-66.3827
-66.3708
-66.359
-66.3472
-66.3355
-66.3238
-66.3121
-66.3005
-66.2889
-66.2774
-66.2658
-66.2544
-66.2429
-66.2315
-66.2202
-66.2088
-66.1975
-66.1863
-66.1751
-66.1639
-66.1528
-66.1417
-66.1306
-66.1196
-66.1086
-66.0977
-66.0868
-66.0759
-66.0651
-66.0543
-66.0436
-66.0329
-66.0222
-66.0116
-66.001
-65.9904
-65.9799
-65.9695
-65.959
-65.9487
-65.9383
-65.928
-65.9177
-65.9075
-65.8973
-65.8872
-65.8771
-65.867
-65.857
-65.847
-65.837
-65.8271
-65.8172
-65.8074
-65.7976
-65.7879
-65.7782
-65.7685
-65.7588
-65.7493
-65.7397
-65.7302
-65.7207
-65.7113
-65.7019
-65.6925
-65.6832
-65.674
-65.6647
-65.6555
-65.6464
-65.6373
-65.6282
-65.6192
-65.6102
-65.6013
-65.5924
-65.5835
-65.5747
-65.5659
-65.5572
-65.5485
-65.5399
-65.5313
-65.5227
-65.5142
-65.5057
-65.4972
-65.4888
-65.4805
-65.4722
-65.4639
-65.4557
-65.4475
-65.4394
-65.4312
-65.4232
-65.4152
-65.4072
-65.3992
-65.3914
-65.3835
-65.3757
-65.2324
-65.0011
-64.705
-64.3586
-63.9724
-63.5543
-63.1106
-62.6465
-62.166
-61.6726
-61.1688
-60.6569
-60.1389
-59.6162
-59.0899
-58.5613
-58.0309
-57.4995
-56.9675
-56.4354
-55.9032
-55.3712
-54.8393
-54.3074
-53.7753
-53.2427
-52.7092
-52.1742
-51.637
-51.097
-50.5531
-50.0044
-49.4496
-48.8874
-48.3161
-47.7342
-47.1396
-46.53
-45.903
-45.2557
-44.5851
-43.8873
-43.1585
-42.394
-41.5886
-40.7362
-39.8302
-38.8628
-37.8251
-36.7071
-35.4973
-34.1825
-32.7476
-31.1759
-29.4483
-27.5438
-25.4393
-23.1107
-20.5332
-17.6832
-14.5413
-11.0954
-7.34618
-3.31287
0.960952
5.40306
9.91225
14.3638
18.6212
22.5523
26.047
29.0306
31.4709
33.3769
34.7901
35.7728
36.3956
36.7278
36.8309
36.7558
36.5425
36.2214
35.8149
35.3393
34.8063
34.2248
33.6011
32.94
32.2456
31.5209
30.7686
29.9912
29.1906
28.3688
27.5276
26.6687
25.7935
24.9037
24.0007
23.0856
22.16
21.2249
20.2815
19.331
18.3743
17.4125
16.4464
15.477
14.5051
13.5315
12.5568
11.5818
10.6071
9.63317
8.66068
7.69009
6.72184
5.75635
4.79401
3.83516
2.88012
1.92917
0.982546
0.0404875
-0.896816
-1.82919
-2.7565
-3.67861
-4.59542
-5.50684
-6.4128
-7.31326
-8.2082
-9.09759
-9.98144
-10.8598
-11.7326
-12.5999
-13.4619
-14.3185
-15.1698
-16.0161
-16.8572
-17.6935
-18.525
-19.3519
-20.1743
-20.9926
-21.8068
-22.6172
-23.4242
-24.2279
-25.0288
-25.8271
-26.6233
-27.4177
-28.2109
-29.0032
-29.7954
-30.5878
-31.3812
-32.1763
-32.9737
-33.7742
-34.5787
-35.3879
-36.2029
-37.0245
-37.8538
-38.6919
-39.5397
-40.3985
-41.2692
-42.153
-43.051
-43.9641
-44.8934
-45.8395
-46.8032
-47.7848
-48.7845
-49.802
-50.8365
-51.8869
-52.9513
-54.0272
-55.1111
-56.199
-57.2857
-58.3654
-59.4317
-60.4773
-61.4947
-62.4766
-63.4155
-64.305
-65.1394
-65.9144
-66.627
-67.2759
-67.8612
-68.3845
-68.8484
-69.2567
-69.6134
-69.9234
-70.1912
-70.4218
-70.6195
-70.7886
-70.9331
-71.0563
-71.1614
-71.251
-71.3276
-71.3931
-71.4492
-71.4975
-71.5391
-71.5752
-71.6066
-71.6341
-71.6582
-71.6796
-71.6986
-71.7156
-71.7309
-71.7448
-71.7576
-71.7693
-71.7801
-71.7902
-71.7997
-71.8086
-71.8171
-71.8251
-71.8328
-71.8402
-71.8474
-71.8543
-71.861
-71.8675
-71.8739
-71.8801
-71.8861
-71.8921
-71.8979
-71.9036
-71.9093
-71.9148
-71.9203
-71.9256
-71.9309
-71.9361
-71.9413
-71.9463
-71.815
-71.6046
-71.3426
-71.0456
-70.7248
-70.3881
-70.0412
-69.6886
-69.3335
-68.9784
-68.6252
-68.2752
-67.9297
-67.5895
-67.2552
-66.9272
-66.6059
-66.2917
-65.9845
-65.6847
-65.3921
-65.1069
-64.8291
-64.5585
-64.2951
-64.0389
-63.7897
-63.5475
-63.312
-63.0833
-62.8611
-62.6454
-62.436
-62.2327
-62.0355
-61.8442
-61.6586
-61.4787
-61.3042
-61.1351
-60.9712
-60.8124
-60.6586
-60.5097
-60.3654
-60.2258
-60.0907
-59.9599
-59.8335
-59.7111
-59.5929
-59.4786
-59.3681
-59.2615
-59.1585
-59.059
-58.9631
-58.8706
-58.7814
-58.6954
-58.6126
-58.5329
-58.4562
-58.3824
-58.3115
-58.2434
-58.1781
-58.1154
-58.0554
-57.9979
-57.9429
-57.8903
-57.8401
-57.7923
-57.7467
-57.7034
-57.6622
-57.6232
-57.5863
-57.5514
-57.5185
-57.4875
-57.4585
-57.4313
-57.406
-57.3825
-57.3607
-57.3407
-57.3223
-57.3056
-57.2906
-57.2771
-57.2651
-57.2547
-57.2458
-57.2383
-57.2323
-57.2277
-57.2245
-57.2226
-57.222
-57.2227
-57.2247
-57.228
-57.2324
-57.2381
-57.2449
-57.2529
-57.262
-57.2723
-57.2836
-57.2959
-57.3093
-57.3237
-57.3391
-57.3555
-57.3729
-57.3912
-57.4104
-57.4305
-57.4514
-57.4733
-57.4959
-57.5194
-57.5437
-57.5688
-57.5947
-57.6213
-57.6486
-57.6767
-57.7054
-57.7349
-57.765
-57.7957
-57.8271
-57.8592
-57.8918
-57.925
-57.9588
-57.9932
-58.0281
-58.0635
-58.0994
-58.1359
-58.1728
-58.2103
-58.2481
-58.2865
-58.3252
-58.3644
-58.404
-58.444
-58.4844
-58.5252
-58.5663
-58.6077
-58.6495
-58.6917
-58.7341
-58.7768
-58.8198
-58.8631
-58.9067
-58.9505
-58.9946
-59.0389
-59.0834
-59.1282
-59.1731
-59.2183
-59.2636
-59.3091
-59.3548
-59.4006
-59.4466
-59.4927
-59.539
-59.5854
-59.6318
-59.6784
-59.7251
-59.7719
-59.8188
-59.8657
-59.9127
-59.9598
-60.0069
-60.054
-60.1012
-60.1485
-60.1957
-60.243
-60.2902
-60.3375
-60.3848
-60.432
-60.4793
-60.5265
-60.5737
-60.6209
-60.668
-60.7151
-60.7622
-60.8091
-60.8561
-60.9029
-60.9497
-60.9965
-61.0431
-61.0897
-61.1362
-61.1826
-61.2289
-61.2751
-61.3212
-61.3671
-61.413
-61.4588
-61.5044
-61.55
-61.5954
-61.6407
-61.6858
-61.7308
-61.7757
-61.8204
-61.865
-61.9095
-61.9538
-61.9979
-62.0419
-62.0858
-62.1294
-62.173
-62.2163
-62.2595
-62.3025
-62.3454
-62.3881
-62.4306

