-65
-64.9994
-64.9988
-64.9982
-64.9977
-64.9971
-64.9965
-64.996
-64.9954
-64.9949
-64.9943
-64.9938
-64.9932
-64.9927
-64.9922
-64.9917
-64.9912
-64.9906
-64.9901
-64.9896
-64.9891
-64.9886
-64.9881
-64.9876
-64.9872
-64.9867
-64.9862
-64.9857
-64.9852
-64.9848
-64.9843
-64.9838
-64.9834
-64.9829
-64.9825
-64.982
-64.9816
-64.9811
-64.9807
-64.9802
-64.9798
-64.9794
-64.9789
-64.9785
-64.9781
-64.9777
-64.9772
-64.9768
-64.9764
-64.976
-64.9756
-64.9752
-64.9748
-64.9744
-64.974
-64.9736
-64.9732
-64.9728
-64.9725
-64.9721
-64.9717
-64.9713
-64.971
-64.9706
-64.9702
-64.9699
-64.9695
-64.9692
-64.9688
-64.9685
-64.9681
-64.9678
-64.9675
-64.9671
-64.9668
-64.9665
-64.9661
-64.9658
-64.9655
-64.9652
-64.9649
-64.9646
-64.9642
-64.9639
-64.9636
-64.9633
-64.963
-64.9628
-64.9625
-64.9622
-64.9619
-64.9616
-64.9613
-64.9611
-64.9608
-64.9605
-64.9603
-64.96
-64.9598
-64.9595
-64.9592
-64.959
-64.9588
-64.9585
-64.9583
-64.958
-64.9578
-64.9576
-64.9573
-64.9571
-64.9569
-64.9567
-64.9565
-64.9562
-64.956
-64.9558
-64.9556
-64.9554
-64.9552
-64.955
-64.9548
-64.9546
-64.9545
-64.9543
-64.9541
-64.9539
-64.9537
-64.9536
-64.9534
-64.9532
-64.9531
-64.9529
-64.9527
-64.9526
-64.9524
-64.9523
-64.9521
-64.952
-64.9519
-64.9517
-64.9516
-64.9514
-64.9513
-64.9512
-64.9511
-64.9509
-64.9508
-64.9507
-64.9506
-64.9505
-64.9504
-64.9503
-64.9502
-64.95
-64.9499
-64.9499
-64.9498
-64.9497
-64.9496
-64.9495
-64.9494
-64.9493
-64.9492
-64.9492
-64.9491
-64.949
-64.9489
-64.9489
-64.9488
-64.9487
-64.9487
-64.9486
-64.9486
-64.9485
-64.9485
-64.9484
-64.9484
-64.9483
-64.9483
-64.9482
-64.9482
-64.9482
-64.9481
-64.9481
-64.9481
-64.948
-64.948
-64.948
-64.948
-64.948
-64.9479
-64.9479
-64.9479
-64.9479
-64.9479
-64.9479
-64.9479
-64.9479
-64.9479
-64.9479
-64.9479
-64.9479
-64.9479
-64.9479
-64.9479
-64.9479
-64.9479
-64.9479
-64.948
-64.948
-64.948
-64.948
-64.9481
-64.9481
-64.9481
-64.9481
-64.9482
-64.9482
-64.9482
-64.9483
-64.9483
-64.9483
-64.9484
-64.9484
-64.9485
-64.9485
-64.9486
-64.9486
-64.9487
-64.9487
-64.9488
-64.9488
-64.9489
-64.9489
-64.949
-64.9491
-64.9491
-64.9492
-64.9492
-64.9493
-64.9494
-64.9494
-64.9495
-64.9496
-64.9497
-64.9497
-64.9498
-64.9499
-64.95
-64.95
-64.9501
-64.9502
-64.9503
-64.9504
-64.9504
-64.9505
-64.9506
-64.9507
-64.9508
-64.9509
-64.951
-64.951
-64.9511
-64.9512
-64.9513
-64.9514
-64.9515
-64.9516
-64.9517
-64.9518
-64.9519
-64.952
-64.9521
-64.9522
-64.9523
-64.9524
-64.9525
-64.9526
-64.9527
-64.9528
-64.9529
-64.953
-64.9532
-64.9533
-64.9534
-64.9535
-64.9536
-64.9537
-64.9538
-64.9539
-64.954
-64.9542
-64.9543
-64.9544
-64.9545
-64.9546
-64.9547
-64.9548
-64.955
-64.9551
-64.9552
-64.9553
-64.9554
-64.9556
-64.9557
-64.9558
-64.9559
-64.956
-64.9562
-64.9563
-64.9564
-64.9565
-64.9566
-64.9568
-64.9569
-64.957
-64.9571
-64.9573
-64.9574
-64.9575
-64.9576
-64.9578
-64.9579
-64.958
-64.9581
-64.9583
-64.9584
-64.9585
-64.9587
-64.9588
-64.9589
-64.959
-64.9592
-64.9593
-64.9594
-64.9595
-64.9597
-64.9598
-64.9599
-64.96
-64.9602
-64.9603
-64.9604
-64.9606
-64.9607
-64.9608
-64.9609
-64.9611
-64.9612
-64.9613
-64.9614
-64.9616
-64.9617
-64.9618
-64.962
-64.9621
-64.9622
-64.9623
-64.9625
-64.9626
-64.9627
-64.9628
-64.963
-64.9631
-64.9632
-64.9633
-64.9635
-64.9636
-64.9637
-64.9638
-64.964
-64.9641
-64.9642
-64.9643
-64.9645
-64.9646
-64.9647
-64.9648
-64.9649
-64.9651
-64.9652
-64.9653
-64.8308
-64.4755
-63.9712
-63.3573
-62.6601
-61.8993
-61.0904
-60.2455
-59.3743
-58.4847
-57.583
-56.674
-55.7615
-54.8486
-53.9374
-53.0293
-52.1255
-51.2262
-50.3314
-49.4406
-48.5529
-47.6669
-46.7809
-45.8926
-44.9993
-44.0979
-43.1849
-42.2558
-41.3061
-40.3302
-39.3219
-38.2744
-37.1797
-36.0289
-34.8123
-33.5184
-32.135
-30.648
-29.0421
-27.3005
-25.405
-23.3365
-21.0757
-18.6037
-15.9041
-12.9648
-9.7811
-6.35946
-2.72095
1.09523
5.03011
9.0059
12.9303
16.7041
20.2308
23.4265
26.2277
28.5968
30.5231
32.0215
33.1269
33.8872
34.3558
34.5856
34.6241
34.465
34.1707
33.7775
33.3091
32.7815
32.2063
31.5913
30.9428
30.265
29.5618
28.8359
28.0897
27.3255
26.5451
25.7502
24.9423
24.1228
23.2931
22.4544
21.6079
20.7547
19.8957
19.032
18.1644
17.2937
16.4208
15.5464
14.6711
13.7956
12.9205
12.0464
11.1737
10.3029
9.43452
8.56887
7.70633
6.84724
5.9919
5.14059
4.29356
3.45102
2.61318
1.78022
0.952279
0.129506
-0.687985
-1.50009
-2.30673
-3.10782
-3.90333
-4.69319
-5.47738
-6.25587
-7.02866
-7.79574
-8.55712
-9.31283
-10.0629
-10.8073
-11.5461
-12.2794
-13.0073
-13.7296
-14.4467
-15.1584
-15.865
-16.5665
-17.2629
-17.9545
-18.6412
-19.3233
-20.0009
-20.6742
-21.3432
-22.0082
-22.6693
-23.3269
-23.981
-24.6319
-25.2799
-25.9252
-26.5683
-27.2092
-27.8486
-28.4865
-29.1236
-29.7602
-30.3966
-31.0335
-31.6713
-32.3105
-32.9516
-33.5952
-34.242
-34.8925
-35.5473
-36.2071
-36.8724
-37.544
-38.2224
-38.9081
-39.6018
-40.3038
-41.0145
-41.7341
-42.3955
-43.0312
-43.6543
-44.2706
-44.8827
-45.4915
-46.0965
-46.6968
-47.2905
-47.8756
-48.4496
-49.0097
-49.5533
-50.0775
-50.5797
-51.0574
-51.5084
-51.9312
-52.3244
-52.6873
-53.0197
-53.3218
-53.5942
-53.8381
-54.0547
-54.2457
-54.4128
-54.5579
-54.6828
-54.7895
-54.8797
-54.9553
-55.0178
-55.0689
-55.1099
-55.1422
-55.1669
-55.1851
-55.1978
-55.2058
-55.2098
-55.2105
-55.2086
-55.2045
-55.1987
-55.1916
-55.1835
-55.1747
-55.1655
-55.1561
-55.1468
-55.1376
-55.1287
-55.1202
-55.1124
-55.1051
-55.0986
-55.0928
-55.0879
-55.0838
-55.0807
-55.0785
-55.0773
-55.0771
-55.0778
-55.0796
-55.0824
-55.0862
-55.091
-55.0968
-55.1037
-55.1115
-55.1203
-55.1302
-55.141
-55.1528
-55.1655
-55.1792
-55.1938
-55.2093
-55.2258
-55.2431
-55.2613
-55.2804
-55.3004
-55.3211
-55.3427
-55.3651
-55.3883
-55.4123
-55.437
-55.4625
-55.4888
-55.5157
-55.5434
-55.5717
-55.6008
-55.6305
-55.6608
-55.6918
-55.7234
-55.7556
-55.7884
-55.8218
-55.8558
-55.8904
-55.9254
-55.9611
-55.9972
-56.0339
-56.071
-56.1087
-56.1468
-56.1854
-56.2244
-56.2639
-56.3038
-56.3441
-56.3848
-56.4259
-56.4675
-56.5093
-56.5516
-56.5942
-56.6372
-56.6805
-56.7241
-56.768
-56.8123
-56.8568
-56.9017
-56.9468
-56.9922
-57.0378
-57.0837
-57.1299
-57.1763
-57.2229
-57.2697
-57.3168
-57.3641
-57.4115
-57.4592
-57.507
-57.555
-57.6032
-57.6515
-57.7
-57.7486
-57.7973
-57.8462
-57.8953
-57.9444
-57.9936
-58.043
-58.0925
-58.142
-58.1916
-58.2414
-58.2911
-58.341
-58.3909
-58.4409
-58.4909
-58.541
-58.5912
-58.6413
-58.6915
-58.7417
-58.792
-58.8422
-58.8925
-58.9428
-58.993
-59.0433
-59.0936
-59.1438
-59.1941
-59.2443
-59.2945
-59.3446
-59.3948
-59.4449
-59.4949
-59.5449
-59.5949
-59.6448
-59.6947
-59.7445
-59.7942
-59.8439
-59.8935
-59.943
-59.9925
-60.0419
-60.0912
-60.1404
-60.1895
-60.2385
-60.2875
-60.3363
-60.3851
-60.4337
-60.4823
-60.5307
-60.579
-60.6273
-60.6754
-60.7234
-60.7712
-60.819
-60.8666
-60.9141
-60.9615
-61.0087
-61.0559
-61.1029
-61.1497
-61.1964
-61.243
-61.2894
-61.3357
-61.3819
-61.4279
-61.4737
-61.5194
-61.565
-61.6104
-61.6557
-61.7008
-61.7457
-61.7905
-61.8351
-61.8796
-61.9239
-61.968
-62.012
-62.0558
-62.0995
-62.143
-62.1863
-62.2294
-62.2724
-62.3152
-62.3578
-62.4003
-62.4426
-62.4847
-62.5266
-62.5684
-62.6099
-62.6513
-62.6926
-62.7336
-62.7745
-62.8151
-62.8556
-62.8959
-62.9361
-62.976
-63.0158
-63.0554
-63.0948
-63.134
-63.173
-63.2118
-63.2505
-63.2889
-63.3272
-63.3653
-63.4032
-63.4409
-63.4784
-63.5157
-63.5528
-63.5898
-63.6265
-63.6631
-63.6995
-63.7356
-63.7716
-63.8074
-63.843
-63.8784
-63.9136
-63.9487
-63.9835
-64.0181
-64.0526
-64.0868
-64.1209
-64.1547
-64.1884
-64.2219
-64.2552
-64.2883
-64.3212
-64.2265
-64.053
-63.8244
-63.5553
-63.2558
-62.9334
-62.5941
-62.2422
-61.8814
-61.5145
-61.1438
-60.7711
-60.3979
-60.0254
-59.6547
-59.2864
-58.9214
-58.5602
-58.2032
-57.8508
-57.5033
-57.161
-56.8241
-56.4927
-56.167
-55.8469
-55.5327
-55.2243
-54.9216
-54.6248
-54.3337
-54.0482
-53.7684
-53.494
-53.225
-52.9613
-52.7028
-52.4492
-52.2005
-51.9565
-51.717
-51.4819
-51.251
-51.024
-50.8009
-50.5815
-50.3655
-50.1527
-49.943
-49.7362
-49.532
-49.3303
-49.1308
-48.9334
-48.7378
-48.5439
-48.3514
-48.16
-47.9697
-47.7802
-47.5912
-47.4025
-47.2139
-47.0252
-46.8362
-46.6465
-46.4559
-46.2643
-46.0712
-45.8765
-45.6799
-45.481
-45.2796
-45.0753
-44.8678
-44.6568
-44.4418
-44.2225
-43.9984
-43.7692
-43.5343
-43.2932
-43.0455
-42.7905
-42.5276
-42.2562
-41.9755
-41.6848
-41.3833
-41.0701
-40.7442
-40.4045
-40.05
-39.6794
-39.2914
-38.8846
-38.4573
-38.0078
-37.5343
-37.0348
-36.5069
-35.9484
-35.3566
-34.7286
-34.0613
-33.3514
-32.5952
-31.7889
-30.9284
-30.0092
-29.0266
-27.9759
-26.852
-25.6501
-24.3653
-22.9931
-21.5296
-19.9718
-18.3183
-16.5693
-14.7281
-12.8009
-10.7982
-8.73525
-6.63256
-4.51606
-2.41655
-0.367988
1.58624
3.40758
5.06293
6.52631
7.78011
8.81562
9.63253
10.2378
10.6441
10.8676
10.9268
10.8405
10.6272
10.3043
9.88743
9.39059
8.826
8.20424
7.53443
6.82434
6.08065
5.30907
4.51449
3.70113
2.87261
2.03207
1.18224
0.325481
-0.536142
-1.40082
-2.267
-3.13328
-3.99847
-4.86152
-5.72152
-6.57768
-7.42931
-8.2758
-9.11667
-9.95146
-10.7627
-11.5567
-12.336
-13.1021
-13.8556
-14.5972
-15.3273
-16.0461
-16.7539
-17.4512
-18.138
-18.8146
-19.4813
-20.1384
-20.7861
-21.4247
-22.0544
-22.6754
-23.2882
-23.8928
-24.4897
-25.0791
-25.6613
-26.2366
-26.8053
-27.3676
-27.924
-28.4748
-29.0202
-29.5606
-30.0964
-30.6279
-31.1555
-31.6796
-32.2006
-32.7187
-33.2346
-33.7486
-34.261
-34.7724
-35.2833
-35.7939
-36.3049
-36.8167
-37.3297
-37.8443
-38.3612
-38.8805
-39.4029
-39.9287
-40.4582
-40.9917
-41.5295
-42.0717
-42.6183
-43.1694
-43.7247
-44.2838
-44.8462
-45.4111
-45.9777
-46.5447
-47.1107
-47.6741
-48.2329
-48.7851
-49.3286
-49.8609
-50.3799
-50.8831
-51.3685
-51.8341
-52.2783
-52.6996
-53.0971
-53.47
-53.8183
-54.1419
-54.4413
-54.7172
-54.9705
-55.2025
-55.4143
-55.6074
-55.7831
-55.9428
-56.088
-56.22
-56.34
-56.4493
-56.549
-56.6402
-56.7237
-56.8005
-56.8714
-56.9371
-56.9981
-57.0552
-57.1087
-57.1592
-57.207
-57.2525
-57.296
-57.3378
-57.3782
-57.4173
-57.4554
-57.4926
-57.529
-57.5648
-57.6002
-57.6351
-57.6698
-57.7042
-57.7384
-57.7725
-57.8066
-57.8407
-57.8748
-57.9089
-57.9432
-57.9776
-58.0121
-58.0467
-58.0815
-58.1165
-58.1517
-58.1871
-58.2227
-58.2585
-58.2946
-58.3308
-58.3673
-58.404
-58.4409
-58.4781
-58.5154
-58.553
-58.5908
-58.6288
-58.6671
-58.7055
-58.7442
-58.783
-58.8221
-58.8613
-58.9007
-58.9404
-58.9802
-59.0201
-59.0603
-59.1006
-59.1411
-59.1817
-59.2225
-59.2634
-59.3045
-59.3457
-59.387
-59.4284
-59.47
-59.5117
-59.5535
-59.5954
-59.6374
-59.6795
-59.7217
-59.764
-59.8063
-59.8488
-59.8913
-59.9338
-59.9765
-60.0192
-60.0619
-60.1047
-60.1475
-60.1904
-60.2333
-60.2763
-60.3192
-60.3622
-60.4052
-60.4483
-60.4913
-60.5344
-60.5774
-60.6204
-60.6635
-60.7065
-60.7495
-60.7926
-60.8355
-60.8785
-60.9214
-60.9644
-61.0072
-61.0501
-61.0929
-61.1357
-61.1784
-61.221
-61.2637
-61.3062
-61.3487
-61.3912
-61.4336
-61.4759
-61.5182
-61.5603
-61.6025
-61.6445
-61.6864
-61.7283
-61.7701
-61.8118
-61.8535
-61.895
-61.9364
-61.9778
-62.0191
-62.0602
-62.1013
-62.1422
-62.1831
-62.2238
-62.2645
-62.305
-62.3454
-62.3857
-62.4259
-62.466
-62.5059
-62.5457
-62.5855
-62.625
-62.6645
-62.7039
-62.6226
-62.4694
-62.2678
-62.0318
-61.7711
-61.4926
-61.2016
-60.9022
-60.5973
-60.2895
-59.9806
-59.6721
-59.3651
-59.0607
-58.7596
-58.4624
-58.1695
-57.8814
-57.5984
-57.3207
-57.0485
-56.7819
-56.5212
-56.2662
-56.0172
-55.774
-55.5368
-55.3054
-55.0798
-54.8601
-54.6461
-54.4378
-54.235
-54.0378
-53.846
-53.6595
-53.4782
-53.3021
-53.131
-52.9647
-52.8033
-52.6466
-52.4945
-52.3468
-52.2035
-52.0645
-51.9297
-51.7989
-51.672
-51.5491
-51.4299
-51.3143
-51.2024
-51.0939
-50.9889
-50.8872
-50.7887
-50.6934
-50.6012
-50.512
-50.4257
-50.3424
-50.2618
-50.184
-50.109
-50.0365
-49.9667
-49.8994
-49.8346
-49.7722
-49.7123
-49.6547
-49.5994
-49.5464
-49.4957
-49.4472
-49.4009
-49.3567
-49.3147
-49.2748
-49.2369
-49.2011
-49.1674
-49.1356
-49.1059
-49.0782
-49.0524
-49.0286
-49.0067
-48.9868
-48.9688
-48.9527
-48.9385
-48.9262
-48.9158
-48.9073
-48.9006
-48.8958
-48.8929
-48.8919
-48.8927
-48.8954
-48.9
-48.9064
-48.9147
-48.9249
-48.9369
-48.9508
-48.9666
-48.9843
-49.0038
-49.0252
-49.0486
-49.0738
-49.1009
-49.1299
-49.1608
-49.1936
-49.2283
-49.2649
-49.3035
-49.344
-49.3864
-49.4307
-49.477
-49.5253
-49.5754
-49.6276
-49.6816
-49.7376
-49.7956
-49.8555
-49.9173
-49.9811
-50.0468
-50.1145
-50.1841
-50.2556
-50.3291
-50.4045
-50.4817
-50.5609
-50.642
-50.7249
-50.8097
-50.8964
-50.9849
-51.0752
-51.1672
-51.2611
-51.3567
-51.454
-51.553
-51.6537
-51.7561
-51.86
-51.9655
-52.0725
-52.1811
-52.2911
-52.4025
-52.5153
-52.6295
-52.7449
-52.8616
-52.9794
-53.0984
-53.2185
-53.3396
-53.4617
-53.5847
-53.7085
-53.8332
-53.9586
-54.0847
-54.2114
-54.3386
-54.4664
-54.5945
-54.723
-54.8518
-54.9809
-55.1101
-55.2394
-55.3688
-55.4981
-55.6274
-55.7564
-55.8853
-56.0139
-56.1422
-56.2701
-56.3976
-56.5246
-56.651
-56.7768
-56.9019
-57.0264
-57.1501
-57.2731
-57.3952
-57.5164
-57.6367
-57.7561
-57.8746
-57.992
-58.1084
-58.2237
-58.3379
-58.4511
-58.5631
-58.6739
-58.7836
-58.8921
-58.9994
-59.1056
-59.2105
-59.3142
-59.4167
-59.5179
-59.618
-59.7168
-59.8143
-59.9107
-60.0058
-60.0997
-60.1923
-60.2838
-60.3741
-60.4632
-60.5511
-60.6378
-60.7233
-60.8077
-60.891
-60.9731
-61.0541
-61.134
-61.2128
-61.2906
-61.3672
-61.4428
-61.5174
-61.591
-61.6636
-61.7351
-61.8057
-61.8754
-61.9441
-62.0118
-62.0787
-62.1446
-62.2097
-62.2738
-62.3372
-62.3996
-62.4613
-62.5221
-62.5822
-62.6414
-62.6999
-62.7576
-62.8146
-62.8709
-62.9264
-62.9812
-63.0353
-63.0888
-63.1415
-63.1936
-63.2451
-63.2959
-63.3461
-63.3957
-63.4446
-63.493
-63.5408
-63.588
-63.6347
-63.6808
-63.7263
-63.7714
-63.8159
-63.8598
-63.9033
-63.9462
-63.9887
-64.0307
-64.0722
-64.1132
-64.1538
-64.1939
-64.2336
-64.2728
-64.3116
-64.3499
-64.3878
-64.4254
-64.4625
-64.4992
-64.5355
-64.5714
-64.6069
-64.642
-64.6768
-64.7112
-64.7452
-64.7789
-64.8122
-64.8451
-64.8777
-64.91
-64.9419
-64.9735
-65.0047
-65.0356
-65.0663
-65.0965
-65.1265
-65.1562
-65.1855
-65.2145
-65.2433
-65.2717
-65.2999
-65.3277
-65.3553
-65.3826
-65.4096
-65.4363
-65.4628
-65.4889
-65.5148
-65.5405
-65.5658
-65.591
-65.6158
-65.6404
-65.6647
-65.6888
-65.7126
-65.7362
-65.7596
-65.7826
-65.8055
-65.8281
-65.8505
-65.8726
-65.8945
-65.9162
-65.9376
-65.9589
-65.9798
-66.0006
-66.0212
-66.0415
-66.0616
-66.0815
-66.1011
-66.1206
-66.1398
-66.1589
-66.1777
-66.1963
-66.2148
-66.233
-66.251
-66.2688
-66.2864
-66.3038
-66.321
-66.338
-66.3549
-66.3715
-66.3879
-66.4042
-66.4203
-66.4361
-66.4518
-66.4673
-66.4827
-66.4978
-66.5128
-66.5275
-66.5421
-66.5566
-66.5708
-66.5849
-66.5988
-66.6125
-66.6261
-66.6394
-66.6527
-66.6657
-66.5426
-66.3326
-66.0598
-65.7392
-65.3816
-64.995
-64.5858
-64.1591
-63.719
-63.2688
-62.8112
-62.3485
-61.8824
-61.4146
-60.9462
-60.4783
-60.0119
-59.5476
-59.0861
-58.6279
-58.1735
-57.7232
-57.2774
-56.8361
-56.3997
-55.9682
-55.5417
-55.1202
-54.7038
-54.2923
-53.8856
-53.4837
-53.0863
-52.6933
-52.3044
-51.9193
-51.5377
-51.1593
-50.7837
-50.4105
-50.0392
-49.6693
-49.3004
-48.9318
-48.563
-48.1933
-47.822
-47.4484
-47.0717
-46.6911
-46.3057
-45.9144
-45.4283
-44.8823
-44.2927
-43.6683
-43.0145
-42.3347
-41.6304
-40.9021
-40.1495
-39.3713
-38.5656
-37.7298
-36.8609
-35.9553
-35.0088
-34.0168
-32.9741
-31.8751
-30.7134
-29.4825
-28.1752
-26.784
-25.3011
-23.7186
-22.0288
-20.2245
-18.2993
-16.2484
-14.0693
-11.7629
-9.33398
-6.79302
-4.15688
-1.44989
1.29557
4.03918
6.73377
9.32747
11.7672
14.003
15.9928
17.7062
19.127
20.2535
21.0969
21.678
22.0239
22.1641
22.1282
21.9435
21.6343
21.2217
20.7232
20.153
19.5232
18.8434
18.1214
17.3637
16.5758
15.7623
14.927
14.0732
13.2038
12.3214
11.4282
10.5263
9.61728
8.70291
7.78458
6.86361
5.94116
5.0183
4.09598
3.17505
2.25629
1.34039
0.427974
-0.48041
-1.38427
-2.28317
-3.17674
-4.06464
-4.94657
-5.82228
-6.69158
-7.55426
-8.41019
-9.25925
-10.1013
-10.9364
-11.7644
-12.5852
-13.399
-14.2056
-15.0051
-15.7976
-16.5831
-17.3617
-18.1335
-18.8985
-19.6569
-20.4089
-21.1545
-21.8939
-22.6273
-23.3548
-24.0768
-24.7933
-25.5047
-26.2112
-26.913
-27.6105
-28.3039
-28.9937
-29.6802
-30.3637
-31.0446
-31.7235
-32.4007
-33.0767
-33.752
-34.4271
-35.1027
-35.7792
-36.4573
-37.1375
-37.8206
-38.5071
-39.1977
-39.893
-40.5938
-41.3007
-42.0142
-42.735
-43.4636
-44.2005
-44.9462
-45.7008
-46.4645
-47.2372
-48.0188
-48.8087
-49.6061
-50.41
-51.2188
-52.0306
-52.8432
-53.6537
-54.459
-55.2556
-56.0396
-56.8069
-57.5532
-58.2745
-58.9667
-59.6264
-60.2503
-60.8361
-61.382
-61.8872
-62.3514
-62.7752
-63.1597
-63.5067
-63.8183
-64.097
-64.3453
-64.5659
-64.7616
-64.935
-65.0885
-65.2245
-65.345
-65.4521
-65.5475
-65.6327
-65.7091
-65.778
-65.8403
-65.897
-65.9488
-65.9966
-66.0408
-66.0819
-66.1205
-66.1569
-66.1913
-66.2241
-66.2555
-66.2857
-66.3148
-66.3431
-66.3706
-66.3974
-66.4237
-66.4495
-66.4748
-66.4998
-66.5244
-66.5488
-66.5729
-66.5968
-66.6205
-66.644
-66.6674
-66.6906
-66.7137
-66.7367
-66.7596
-66.7824
-66.8051
-66.8278
-66.8503
-66.8728
-66.8952
-66.9175
-66.9397
-66.9619
-66.9841
-67.0061
-67.0281
-67.05
-67.0719
-67.0937
-67.1154
-67.1371
-67.1586
-67.1802
-67.2016
-67.223
-67.2443
-67.2655
-67.2867
-67.3078
-67.3288
-67.3498
-67.3706
-67.3914
-67.4121
-67.4327
-67.4533
-67.4737
-67.4941
-67.5144
-67.5345
-67.5546
-67.5747
-67.5946
-67.6144
-67.6341
-67.6538
-67.6733
-67.6928
-67.7121
-67.7314
-67.7505
-67.7696
-67.7885
-67.8074
-67.8261
-67.8448
-67.8633
-67.8818
-67.9001
-67.9183
-67.9364
-67.9544
-67.9723
-67.9901
-68.0077
-68.0253
-68.0427
-68.0601
-68.0773
-68.0944
-68.1114
-68.1282
-68.145
-68.1616
-68.1781
-68.1945
-68.2108
-68.227
-68.243
-68.259
-68.2748
-68.2905
-68.306
-68.3215
-68.3368
-68.352
-68.3671
-68.382
-68.3969
-68.4116
-68.4262
-68.4406
-68.455
-68.4692
-68.4833
-68.4972
-68.5111
-68.5248
-68.5384
-68.5519
-68.5652
-68.5784
-68.5915
-68.6045
-68.6173
-68.63
-68.6426
-68.6551
-68.6674
-68.6796
-68.6917
-68.7037
-68.7155
-68.7272
-68.7388
-68.7503
-68.7616
-68.7728
-68.7839
-68.7948
-68.8057
-68.8164
-68.8269
-68.8374
-68.8477
-68.8579
-68.868
-68.8779
-68.8878
-68.8975
-68.907
-68.9165
-68.9258
-68.935
-68.9441
-68.9531
-68.9619
-68.9706
-68.9792
-68.9877
-68.996
-69.0042
-69.0123
-69.0203
-69.0282
-69.0359
-69.0435
-69.051
-69.0583
-69.0656
-69.0727
-69.0797
-69.0866
-69.0934
-69.1
-69.1066
-69.113
-69.1193
-69.1254
-69.1315
-69.1374
-69.1433
-69.149
-69.1545
-69.16
-69.1654
-69.1706
-69.1757
-69.1807
-69.1856
-69.1904
-69.1951
-69.1996
-69.2041
-69.2084
-69.2126
-69.2167
-69.2207
-69.2246
-69.2283
-69.232
-69.2356
-69.239
-69.2423
-69.2455
-69.2486
-69.2516
-69.2545
-69.2573
-69.26
-69.2625
-69.265
-69.2674
-69.2696
-69.2718
-69.2738
-69.2757
-69.2776
-69.2793
-69.2809
-69.2824
-69.2838
-69.2852
-69.2864
-69.2875
-69.2885
-69.2894
-69.2902
-69.2909
-69.2915
-69.2921
-69.2925
-69.2928
-69.293
-69.2931
-69.2931
-69.2931
-69.2929
-69.2926
-69.2923
-69.2918
-69.2913
-69.2906
-69.2899
-69.2891
-69.2882
-69.2872
-69.2861
-69.2849
-69.2836
-69.2822
-69.2807
-69.2792
-69.2775
-69.2758
-69.274
-69.2721
-69.2701
-69.268
-69.2658
-69.2636
-69.2613
-69.2588
-69.2563
-69.2537
-69.2511
-69.2483
-69.2455
-69.2425
-69.2395
-69.2364
-69.2333
-69.23
-69.2267
-69.2233
-69.2198
-69.2163
-69.2126
-69.2089
-69.2051
-69.2012
-69.1973
-69.1933
-69.1892
-69.185
-69.1807
-69.1764
-69.172
-69.1676
-69.163
-69.1584
-69.1537
-69.149
-69.1441
-69.1392
-69.1343
-69.1292
-69.1241
-69.1189
-69.1137
-69.1084
-69.103
-69.0976
-69.0921
-69.0865
-69.0809
-69.0751
-69.0694
-69.0635
-69.0576
-69.0517
-69.0457
-69.0396
-69.0334
-69.0272
-69.021
-69.0146
-69.0082
-69.0018
-68.9953
-68.9887
-68.9821
-68.9754
-68.9687
-68.9619
-68.9551
-68.9481
-68.9412
-68.9342
-68.9271
-68.92
-68.9128
-68.9056
-68.8983
-68.891
-68.8836
-68.8761
-68.8686
-68.8611
-68.8535
-68.8459
-68.8382
-68.8304
-68.8226
-68.8148
-68.8069
-68.799
-68.791
-68.783
-68.7749
-68.7668
-68.7587
-68.7505
-68.7422
-68.7339
-68.7256
-68.7172
-68.7088
-68.7003
-68.6918
-68.6833
-68.6747
-68.6661
-68.6574
-68.6487
-68.64
-68.6312
-68.6224
-68.6135
-68.6046
-68.5957
-68.5867
-68.5777
-68.5687
-68.5596
-68.5505
-68.5414
-68.5322
-68.523
-68.5137
-68.5045
-68.4952
-68.4858
-68.4764
-68.467
-68.4576
-68.4481
-68.4386
-68.4291
-68.4196
-68.41
-68.4004
-68.3907
-68.381
-68.3713
-68.3616
-68.3519
-68.3421
-68.3323
-68.3225
-68.3126
-68.3027
-68.2928
-68.2829
-68.2729
-68.263
-68.253
-68.243
-68.2329
-68.2228
-68.2128
-68.2027
-68.1925
-68.1824
-68.1722
-68.162
-68.1518
-68.1416
-68.1313
-68.1211
-68.1108
-68.1005
-68.0902
-68.0798
-68.0695
-68.0591
-68.0487
-68.0383
-68.0279
-68.0175
-68.007
-67.9966
-67.9861
-67.9756
-67.9651
-67.9546
-67.9441
-67.9335
-67.923
-67.9124
-67.9018
-67.8913
-67.8807
-67.8701
-67.8594
-67.8488
-67.8382
-67.8275
-67.8169
-67.8062
-67.7955
-67.7849
-67.7742
-67.7635
-67.7528
-67.7421
-67.7313
-67.7206
-67.7099
-67.6992
-67.6884
-67.6777
-67.6669
-67.6562
-67.6454
-67.6346
-67.6239
-67.6131
-67.6023
-67.5916
-67.5808
-67.57
-67.5592
-67.5484
-67.5376
-67.5268
-67.5161
-67.5053
-67.4945
-67.4837
-67.4729
-67.4621
-67.4513
-67.4405
-67.4297
-67.419
-67.4082
-67.3974
-67.3866
-67.3758
-67.3651
-67.3543
-67.3435
-67.3328
-67.322
-67.3112
-67.3005
-67.2897
-67.279
-67.2682
-67.2575
-67.2468
-67.236
-67.2253
-67.2146
-67.2039
-67.1932
-67.1825
-67.1718
-67.1611
-67.1504
-67.1398
-67.1291
-67.1185
-67.1078
-67.0972
-67.0865
-67.0759
-67.0653
-67.0547
-67.0441
-67.0335
-67.023
-67.0124
-67.0018
-66.9913
-66.9808
-66.9703
-66.9597
-66.9492
-66.9388
-66.9283
-66.9178
-66.9074
-66.8969
-66.8865
-66.8761
-66.8657
-66.8553
-66.8449
-66.8346
-66.8242
-66.8139
-66.8036
-66.7933
-66.783
-66.7727
-66.7624
-66.7522
-66.7419
-66.7317
-66.7215
-66.7113
-66.7011
-66.691
-66.6808
-66.6707
-66.6606
-66.6505
-66.6404
-66.6303
-66.6203
-66.6102
-66.6002
-66.5902
-66.5802
-66.5703
-66.5603
-66.5504
-66.5405
-66.5306
-66.5208
-66.5109
-66.5011
-66.4913
-66.4815
-66.4717
-66.462
-66.4522
-66.4425
-66.4328
-66.4231
-66.4135
-66.4039
-66.3942
-66.3846
-66.3751
-66.3655
-66.356
-66.3465
-66.337
-66.3275
-66.3181
-66.3086
-66.2992
-66.2898
-66.2805
-66.2711
-66.2618
-66.2525
-66.2432
-66.234
-66.2247
-66.2155
-66.2063
-66.1972
-66.188
-66.1789
-66.1698
-66.1607
-66.1517
-66.1426
-66.1336
-66.1247
-66.1157
-66.1068
-66.0979
-66.089
-66.0801
-66.0713
-66.0625
-66.0537
-66.045
-66.0362
-66.0275
-66.0188
-66.0102
-66.0016
-65.9929
-65.9844
-65.9758
-65.9673
-65.9588
-65.9503
-65.9419
-65.9335
-65.9251
-65.9167
-65.9084
-65.9
-65.8918
-65.8835
-65.8753
-65.867
-65.8589
-65.8507
-65.8426
-65.8345
-65.8264
-65.8183
-65.8103
-65.8023
-65.7943
-65.7864
-65.7785
-65.7706
-65.7627
-65.7549
-65.7471
-65.7393
-65.7316
-65.7238
-65.7161
-65.7085
-65.7008
-65.6932
-65.6856
-65.6781
-65.6706
-65.6631
-65.6556
-65.6482
-65.6408
-65.6334
-65.626
-65.6187
-65.6114
-65.6042
-65.5969
-65.5897
-65.5826
-65.5754
-65.5683
-65.5612
-65.5542
-65.5472
-65.5402
-65.5332
-65.5263
-65.5194
-65.5125
-65.5057
-65.4989
-65.4921
-65.4854
-65.4787
-65.472
-65.4653
-65.4587
-65.4521
-65.4456
-65.439
-65.4325
-65.4261
-65.4196
-65.4132
-65.4069
-65.4005
-65.3942
-65.3879
-65.3817
-65.3754
-65.3692
-65.3631
-65.3569
-65.3508
-65.3448
-65.3387
-65.3327
-65.3267
-65.3208
-65.3149
-65.309
-65.3031
-65.2973
-65.2915
-65.2857
-65.28
-65.2743
-65.2686
-65.263
-65.2574
-65.2518
-65.2463
-65.2408
-65.2353
-65.2298
-65.2244
-65.219
-65.2137
-65.2084
-65.2031
-65.1978
-65.1926
-65.1874
-65.1822
-65.1771
-65.172
-65.1669
-65.1619
-65.1569
-65.1519
-65.147
-65.1421
-65.1372
-65.1324
-65.1275
-65.1228
-65.118
-65.1133
-65.1086
-65.104
-65.0994
-65.0948
-65.0902
-65.0857
-65.0812
-65.0768
-65.0723
-65.0679
-65.0636
-65.0593
-65.055
-65.0507
-65.0465
-65.0423
-65.0381
-65.034
-65.0299
-65.0258
-65.0218
-65.0178
-65.0138
-65.0099
-65.006
-65.0021
-64.9982
-64.9944
-64.9906
-64.9869
-64.9832
-64.9795
-64.9758
-64.9722
-64.9686
-64.9651
-64.9615
-64.958
-64.9546
-64.9511
-64.9477
-64.9444
-64.941
-64.9377
-64.9344
-64.9312
-64.9279
-64.9247
-64.9216
-64.9185
-64.9154
-64.9123
-64.9092
-64.9062
-64.9032
-64.9003
-64.8974
-64.8945
-64.8916
-64.8888
-64.886
-64.8832
-64.8805
-64.8777
-64.8751
-64.8724
-64.8698
-64.8672
-64.8646
-64.8621
-64.8596
-64.8571
-64.8546
-64.8522
-64.8498
-64.8475
-64.8451
-64.8428
-64.8405
-64.8383
-64.8361
-64.8339
-64.8317
-64.8296
-64.8275
-64.8254
-64.8233
-64.8213
-64.8193
-64.8174
-64.8154
-64.8135
-64.8116
-64.8098
-64.8079
-64.8061
-64.8044
-64.8026
-64.8009
-64.7992
-64.7976
-64.7959
-64.7943
-64.7927
-64.7912
-64.7896
-64.7881
-64.7866
-64.7852
-64.7838
-64.7824
-64.781
-64.7796
-64.7783
-64.777
-64.7758
-64.7745
-64.7733
-64.7721
-64.7709
-64.7698
-64.7687
-64.7676
-64.7665
-64.7655
-64.7644
-64.7634
-64.7625
-64.7615
-64.7606
-64.7597
-64.7588
-64.758
-64.7571
-64.7563
-64.7555
-64.7548
-64.754
-64.7533
-64.7526
-64.752
-64.7513
-64.7507
-64.7501
-64.7495
-64.749
-64.7484
-64.7479
-64.7474
-64.747
-64.7465
-64.7461
-64.7457
-64.7453
-64.745
-64.7446
-64.7443
-64.744
-64.7437
-64.7434
-64.7432
-64.743
-64.7428
-64.7426
-64.7425
-64.7423
-64.7422
-64.7421
-64.742
-64.7419
-64.7419
-64.7419
-64.7419
-64.7419
-64.7419
-64.7419
-64.742
-64.7421
-64.7422
-64.7423
-64.7425
-64.7426
-64.7428
-64.743
-64.7432
-64.7434
-64.7436
-64.7439
-64.7441
-64.7444
-64.7447
-64.745
-64.7454
-64.7457
-64.7461
-64.7465
-64.7469
-64.7473
-64.7477
-64.7481
-64.7486
-64.7491
-64.7495
-64.75
-64.7505
-64.7511
-64.7516
-64.7522
-64.7527
-64.7533
-64.7539
-64.7545
-64.7551
-64.7557
-64.7564
-64.757
-64.7577
-64.7584
-64.7591
-64.7598
-64.7605
-64.7612
-64.7619
-64.7627
-64.7634
-64.7642
-64.765
-64.7658
-64.7666
-64.7674
-64.7682
-64.7691
-64.7699
-64.7707
-64.7716
-64.7725
-64.7734
-64.7742
-64.7751
-64.776
-64.777
-64.7779
-64.7788
-64.7798
-64.7807
-64.7817
-64.7826
-64.7836
-64.7846
-64.7856
-64.7866
-64.7876
-64.7886
-64.7896
-64.7906
-64.7917
-64.7927
-64.7937
-64.7948
-64.6616
-64.4411
-64.1564
-63.8217
-63.4475
-63.0416
-62.6103
-62.1586
-61.6905
-61.2094
-60.7178
-60.2182
-59.7121
-59.2012
-58.6866
-58.1693
-57.6501
-57.1296
-56.6082
-56.0863
-55.5641
-55.0417
-54.5191
-53.996
-53.4724
-52.9478
-52.4218
-51.8939
-51.3633
-50.8293
-50.291
-49.7472
-49.1967
-48.6382
-48.07
-47.4904
-46.8975
-46.2888
-45.6619
-45.014
-44.3417
-43.6415
-42.9091
-42.1401
-41.3289
-40.4697
-39.5555
-38.5786
-37.5299
-36.3994
-35.1753
-33.8444
-32.3919
-30.8006
-29.0518
-27.1245
-24.9962
-22.6431
-20.0417
-17.1696
-14.0094
-10.5516
-6.79986
-2.77686
1.47056
5.86783
10.3131
14.6832
18.8458
22.6751
26.0676
28.9554
31.3111
33.1462
34.5027
35.4416
36.0311
36.3379
36.4212
36.3298
36.1025
35.7686
35.35
34.8626
34.3181
33.7251
33.09
32.4177
31.7122
30.9767
30.2139
29.4262
28.6159
27.7847
26.9345
26.0671
25.1839
24.2865
23.3764
22.4548
21.523
20.5824
19.6339
18.6788
17.718
16.7525
15.7832
14.8111
13.8368
12.8612
11.885
10.9088
9.93323
8.95885
7.98619
7.01572
6.04789
5.08308
4.12167
3.16398
2.21031
1.26093
0.316072
-0.624058
-1.55928
-2.48943
-3.41437
-4.334
-5.24823
-6.15699
-7.06021
-7.95786
-8.84992
-9.73639
-10.6173
-11.4926
-12.3624
-13.2267
-14.0856
-14.9392
-15.7876
-16.6309
-17.4691
-18.3025
-19.1312
-19.9554
-20.7752
-21.5909
-22.4028
-23.211
-24.0158
-24.8177
-25.6168
-26.4137
-27.2086
-28.0021
-28.7947
-29.5868
-30.379
-31.1719
-31.9663
-32.7627
-33.562
-34.3649
-35.1724
-35.9852
-36.8045
-37.631
-38.4659
-39.3103
-40.1652
-41.0317
-41.9109
-42.8039
-43.7117
-44.6353
-45.5755
-46.5329
-47.5081
-48.5013
-49.5122
-50.5404
-51.5847
-52.6434
-53.7143
-54.7941
-55.879
-56.9642
-58.0442
-59.1125
-60.1622
-61.1859
-62.1762
-63.1257
-64.0278
-64.8764
-65.6669
-66.3959
-67.0617
-67.664
-68.204
-68.6839
-69.1072
-69.478
-69.8007
-70.0801
-70.3209
-70.5277
-70.7049
-70.8562
-70.9854
-71.0957
-71.1897
-71.2701
-71.3388
-71.3977
-71.4483
-71.4919
-71.5297
-71.5625
-71.5912
-71.6164
-71.6387
-71.6584
-71.6761
-71.692
-71.7065
-71.7196
-71.7317
-71.7429
-71.7533
-71.763
-71.7722
-71.7809
-71.7891
-71.797
-71.8046
-71.8119
-71.8189
-71.8258
-71.8324
-71.8389
-71.8452
-71.8514
-71.8575
-71.8634
-71.8692
-71.7398
-71.5325
-71.275
-70.9838
-70.6699
-70.3411
-70.003
-69.6599
-69.315
-68.9705
-68.6282
-68.2896
-67.9556
-67.627
-67.3044
-66.9881
-66.6786
-66.376
-66.0805
-65.7921
-65.511
-65.2369
-64.9701
-64.7103
-64.4575
-64.2117
-63.9727
-63.7404
-63.5147
-63.2954
-63.0825
-62.8757
-62.6751
-62.4803
-62.2914
-62.1081
-61.9303
-61.758
-61.5909
-61.4289
-61.272
-61.1199
-60.9726
-60.8299
-60.6918
-60.5581
-60.4287
-60.3035
-60.1824
-60.0652
-59.952
-59.8426
-59.7368
-59.6347
-59.5361
-59.4409
-59.3491
-59.2605
-59.1752
-59.0929
-59.0137
-58.9374
-58.8641
-58.7935
-58.7258
-58.6607
-58.5982
-58.5383
-58.4809
-58.426
-58.3735
-58.3233
-58.2754
-58.2298
-58.1863
-58.145
-58.1058
-58.0686
-58.0334
-58.0002
-57.9689
-57.9395
-57.9119
-57.8861
-57.8621
-57.8398
-57.8192
-57.8002
-57.7829
-57.7671
-57.7529
-57.7402
-57.729
-57.7192
-57.7109
-57.7039
-57.6984
-57.6941
-57.6912
-57.6896
-57.6892
-57.6901
-57.6922
-57.6955
-57.6999
-57.7054
-57.7121
-57.7199
-57.7287
-57.7386
-57.7495
-57.7614
-57.7743
-57.7882
-57.803
-57.8187
-57.8353
-57.8528
-57.8712
-57.8904
-57.9104
-57.9313
-57.9529
-57.9753
-57.9985
-58.0224
-58.047
-58.0724
-58.0984
-58.1251
-58.1524
-58.1804
-58.209
-58.2383
-58.2681
-58.2985
-58.3295
-58.361
-58.393
-58.4256
-58.4587
-58.4923
-58.5264
-58.5609
-58.5959
-58.6314
-58.6672
-58.7035
-58.7402
-58.7773
-58.8148
-58.8527
-58.8909
-58.9294
-58.9683
-58.8937
-58.7512
-58.5625
-58.3409
-58.0953
-57.8323
-57.5568
-57.2725
-56.9825
-56.689
-56.3938
-56.0982
-55.8035
-55.5104
-55.2198
-54.9322
-54.648
-54.3677
-54.0914
-53.8194
-53.552
-53.2891
-53.0309
-52.7774
-52.5287
-52.2847
-52.0455
-51.8109
-51.5809
-51.3555
-51.1346
-50.9181
-50.7058
-50.4977
-50.2936
-50.0935
-49.8971
-49.7044
-49.5153
-49.3296
-49.1472
-48.9679
-48.7917
-48.6183
-48.4476
-48.2796
-48.1141
-47.9508
-47.7899
-47.631
-47.474
-47.3189
-47.1655
-47.0137
-46.8634
-46.7144
-46.5666
-46.4199
-46.2742
-46.1293
-45.9852
-45.8418
-45.6988
-45.5562
-45.4139
-45.2718
-45.1296
-44.9874
-44.845
-44.7022
-44.5589
-44.4151
-44.2705
-44.1251
-43.9786
-43.831
-43.682
-43.5316
-43.3796
-43.2258
-43.07
-42.9121
-42.7518
-42.589
-42.4234
-42.2549
-42.0832
-41.908
-41.7291
-41.5462
-41.3591
-41.1675
-40.9709
-40.7691
-40.5617
-40.3484
-40.1286
-39.902
-39.6681
-39.4265
-39.1764
-38.9175
-38.6491
-38.3706
-38.0812
-37.7802
-37.4668
-37.1402
-36.7994
-36.4434
-36.0713
-35.6819
-35.274
-34.8464
-34.3975
-33.9261
-33.4305
-32.909
-32.36
-31.7816
-31.1718
-30.5285
-29.8496
-29.1328
-28.376
-27.5767
-26.7326
-25.8415
-24.901
-23.9092
-22.8643
-21.7649
-20.6101
-19.3998
-18.1348
-16.817
-15.4499
-14.0387
-12.5906
-11.1153
-9.62485
-8.13384
-6.65932
-5.22021
-3.83669
-2.52917
-1.3172
-0.218342
0.752933
1.58595
2.27424
2.81555
3.21152
3.46705
3.58961
3.58843
3.47382
3.25653
2.94725
2.5563
2.09338
1.56743
0.986565
0.358111
-0.311408
-1.01619
-1.7511
-2.51161
-3.2937
-4.09386
-4.90896
-5.73627
-6.57336
-7.4181
-8.2686
-9.12319
-9.98041
-10.839
-11.6977
-12.5557
-13.412
-14.2659
-15.1167
-15.9639
-16.807
-17.6455
-18.4791
-19.3076
-20.1307
-20.9483
-21.7602
-22.5665
-23.3669
-24.1617
-24.9507
-25.7342
-26.5123
-27.285
-28.0527
-28.8155
-29.5738
-30.3277
-31.0777
-31.8241
-32.5673
-33.3077
-34.0458
-34.782
-35.5169
-36.2509
-36.9847
-37.7188
-38.4539
-39.1904
-39.9292
-40.6708
-41.4159
-42.1651
-42.9191
-43.6785
-44.4441
-45.2163
-45.9957
-46.7828
-47.5782
-48.382
-49.1946
-50.0161
-50.8465
-51.6856
-52.5328
-53.3877
-54.2491
-55.116
-55.9868
-56.8595
-57.7319
-58.6013
-59.4646
-60.3184
-61.1592
-61.9828
-62.7852
-63.5623
-64.3101
-65.0247
-65.703
-66.342
-66.9396
-67.4943
-68.0056
-68.4735
-68.8988
-69.283
-69.6281
-69.9364
-70.2105
-70.4533
-70.6676
-70.8561
-71.0216
-71.1666
-71.2936
-71.4047
-71.5018
-71.5868
-71.6612
-71.7264
-71.7836
-71.8339
-71.8783
-71.9175
-71.9523
-71.9832
-72.0107
-72.0354
-72.0576
-72.0776
-72.0958
-72.1123
-72.1274
-72.1412
-72.154
-72.1658
-72.1768
-72.187
-72.1966
-72.2056
-72.2141
-72.2222
-72.2298
-72.2371
-72.244
-72.2506
-72.257
-72.263
-72.2689
-72.2745
-72.28
-72.2852
-72.2903
-72.2952
-72.3
-72.3046
-72.3091
-72.3134
-72.3176
-72.3216
-72.3256
-72.3294
-72.3331
-72.3366
-72.3401
-72.3435
-72.3467
-72.3498
-72.3528
-72.3557
-72.3585
-72.3612
-72.3638
-72.3663
-72.3687
-72.371
-72.3731
-72.3752
-72.3772
-72.379
-72.3808
-72.3824
-72.384
-72.3854
-72.3868
-72.388
-72.3892
-72.3902
-72.3911
-72.3919
-72.3927
-72.3933
-72.3938
-72.3942
-72.3945
-72.3947
-72.3948
-72.3948
-72.3947
-72.3945
-72.3941
-72.3937
-72.3932
-72.3926
-72.3918
-72.391
-72.39
-72.389
-72.3878
-72.3866
-72.3852
-72.3837
-72.3822
-72.3805
-72.3787
-72.3768
-72.3748
-72.3728
-72.3706
-72.3683
-72.3658
-72.3633
-72.3607
-72.358
-72.3552
-72.3523
-72.3492
-72.3461
-72.3429
-72.3395
-72.3361
-72.3326
-72.3289
-72.3252
-72.3213
-72.3174
-72.3133
-72.3092
-72.3049
-72.3006
-72.2961
-72.2916
-72.2869
-72.2821
-72.2773
-72.2723
-72.2673
-72.2621
-72.2569
-72.2515
-72.2461
-72.2405
-72.2349
-72.2291
-72.2233
-72.2173
-72.2113
-72.2052
-72.1989
-72.1926
-72.1862
-72.1797
-72.173
-72.1663
-72.1595
-72.1526
-72.1456
-72.1386
-72.1314
-72.1241
-72.1168
-72.1093
-72.1018
-72.0941
-72.0864
-72.0786
-72.0707
-72.0627
-72.0546
-72.0464
-72.0382
-72.0298
-72.0214
-72.0128
-72.0042
-71.9955
-71.9867
-71.9779
-71.9689
-71.9599
-71.9507
-71.9415
-71.9322
-71.9229
-71.9134
-71.9039
-71.8942
-71.8845
-71.8747
-71.8649
-71.8549
-71.8449
-71.8348
-71.8246
-71.8143
-71.804
-71.7936
-71.7831
-71.7725
-71.7618
-71.7511
-71.7403
-71.7294
-71.7185
-71.7075
-71.6964
-71.6852
-71.6739
-71.6626
-71.6512
-71.6398
-71.6282
-71.6166
-71.605
-71.5932
-71.5814
-71.5696
-71.5576
-71.5456
-71.5335
-71.5214
-71.5092
-71.4969
-71.4846
-71.4722
-71.4597
-71.4472
-71.4346
-71.4219
-71.4092
-71.3965
-71.3836
-71.3707
-71.3578
-71.3448
-71.3317
-71.3185
-71.3054
-71.2921
-71.2788
-71.2655
-71.252
-71.2386
-71.225
-71.2115
-71.1978
-71.1841
-71.1704
-71.1566
-71.1428
-71.1289
-71.1149
-71.1009
-71.0869
-71.0728
-71.0587
-71.0445
-71.0302
-71.016
-71.0016
-70.9873
-70.9728
-70.9584
-70.9439
-70.9293
-70.9147
-70.9001
-70.8854
-70.8707
-70.8559
-70.8411
-70.8262
-70.8113
-70.7964
-70.7814
-70.7664
-70.7514
-70.7363
-70.7212
-70.706
-70.6908
-70.6756
-70.6603
-70.6451
-70.6297
-70.6144
-70.599
-70.5835
-70.5681
-70.5526
-70.537
-70.5215
-70.5059
-70.4903
-70.4746
-70.459
-70.4433
-70.4275
-70.4118
-70.396
-70.3802
-70.3643
-70.3485
-70.3326
-70.3167
-70.3007
-70.2848
-70.2688
-70.2528
-70.2368
-70.2207
-70.2046
-70.1886
-70.1724
-70.1563
-70.1402
-70.124
-70.1078
-70.0916
-70.0754
-70.0591
-70.0429
-70.0266
-70.0103
-69.994
-69.9777
-69.9613
-69.945
-69.9286
-69.9122
-69.8958
-69.8794
-69.863
-69.8466
-69.8301
-69.8137
-69.7972
-69.7807
-69.7643
-69.7478
-69.7313
-69.7148
-69.6982
-69.6817
-69.6652
-69.6486
-69.6321
-69.6156
-69.599
-69.5824
-69.5659
-69.5493
-69.5327
-69.5161
-69.4996
-69.483
-69.4664
-69.4498
-69.4332
-69.4166
-69.4
-69.3834
-69.3668
-69.3502
-69.3336
-69.317
-69.3004
-69.2838
-69.2672
-69.2507
-69.2341
-69.2175
-69.2009
-69.1843
-69.1677
-69.1512
-69.1346
-69.118
-69.1015
-69.0849
-69.0684
-69.0518
-69.0353
-69.0188
-69.0023
-68.9858
-68.9693
-68.9528
-68.9363
-68.9198
-68.9033
-68.8869
-68.8704
-68.854
-68.8375
-68.8211
-68.8047
-68.7883
-68.7719
-68.7555
-68.7392
-68.7228
-68.7065
-68.6901
-68.6738
-68.6575
-68.6412
-68.625
-68.6087
-68.5925
-68.5762
-68.56
-68.5438
-68.5276
-68.5114
-68.4953
-68.4792
-68.463
-68.4469
-68.4308
-68.4148
-68.3987
-68.3827
-68.3667
-68.3507
-68.3347
-68.3187
-68.3028
-68.2868
-68.2709
-68.2551
-68.2392
-68.2233
-68.2075
-68.1917
-68.1759
-68.1601
-68.1444
-68.1287
-68.113
-68.0973
-68.0816
-68.066
-68.0504
-68.0348
-68.0192
-68.0037
-67.9882
-67.9727
-67.9572
-67.9417
-67.9263
-67.9109
-67.8955
-67.8802
-67.8648
-67.8495
-67.8343
-67.819
-67.8038
-67.7886
-67.7734
-67.7582
-67.7431
-67.728
-67.7129
-67.6979
-67.6829
-67.6679
-67.6529
-67.638
-67.623
-67.6082
-67.5933
-67.5785
-67.5637
-67.5489
-67.5341
-67.5194
-67.5047
-67.4901
-67.4755
-67.4609
-67.4463
-67.4317
-67.4172
-67.4027
-67.3883
-67.3739
-67.3595
-67.3451
-67.3308
-67.3165
-67.3022
-67.288
-67.2738
-67.2596
-67.2454
-67.2313
-67.2172
-67.2032
-67.1892
-67.1752
-67.1612
-67.1473
-67.1334
-67.1195
-67.1057
-67.0919
-67.0781
-67.0644
-67.0507
-67.037
-67.0234
-67.0098
-66.9962
-66.9827
-66.9692
-66.9557
-66.9423
-66.9289
-66.9155
-66.9022
-66.8889
-66.8756
-66.8624
-66.8492
-66.8361
-66.8229
-66.8098
-66.7968
-66.7838
-66.7708
-66.7578
-66.7449
-66.732
-66.7192
-66.7064
-66.6936
-66.6808
-66.6681
-66.6555
-66.6428
-66.6302
-66.6177
-66.6051
-66.5926
-66.5802
-66.5678
-66.5554
-66.543
-66.5307
-66.5185
-66.5062
-66.494
-66.4819
-66.4698
-66.4577
-66.4456
-66.4336
-66.4216
-66.4097
-66.3978
-66.386
-66.3741
-66.3623
-66.3506
-66.3389
-66.3272
-66.3156
-66.304
-66.2924
-66.2809
-66.2694
-66.258
-66.2465
-66.2352
-66.2238
-66.2125
-66.2013
-66.1901
-66.1789
-66.1677
-66.1566
-66.1456
-66.1345
-66.1235
-66.1126
-66.1017
-66.0908
-66.08
-66.0692
-66.0584
-66.0477
-66.0371
-66.0264
-66.0158
-66.0053
-65.9948
-65.9843
-65.9739
-65.9635
-65.9531
-65.9428
-65.9325
-65.9223
-65.9121
-65.9019
-65.8918
-65.8818
-65.8717
-65.8617
-65.8518
-65.8419
-65.832
-65.8221
-65.8123
-65.8026
-65.7929
-65.7832
-65.7736
-65.764
-65.7544
-65.7449
-65.7354
-65.726
-65.7166
-65.7072
-65.6979
-65.6886
-65.6794
-65.6702
-65.6611
-65.6519
-65.6429
-65.6338
-65.6249
-65.6159
-65.607
-65.5981
-65.5893
-65.5805
-65.5718
-65.5631
-65.5545
-65.5458
-65.5373
-65.5287
-65.5203
-65.5118
-65.5034
-65.4951
-65.4867
-65.4785
-65.4702
-65.462
-65.4539
-65.4458
-65.4377
-65.4297
-65.4217
-65.4138
-65.4059
-65.398
-65.3902
-65.3824
-65.3747
-65.367
-65.3593
-65.3517
-65.3441
-65.3366
-65.3291
-65.3217
-65.3143
-65.3069
-65.2996
-65.2923
-65.285
-65.2778
-65.2707
-65.2636
-65.2565
-65.2495
-65.2425
-65.2355
-65.2286
-65.2217
-65.2149
-65.2081
-65.2014
-65.1947
-65.188
-65.1814
-65.1748
-65.1683
-65.1618
-65.1554
-65.149
-65.1426
-65.1363
-65.13
-65.1238
-65.1176
-65.1114
-65.1053
-65.0993
-65.0932
-65.0872
-65.0813
-65.0754
-65.0696
-65.0637
-65.058
-65.0522
-65.0466
-65.0409
-65.0353
-65.0297
-65.0242
-65.0188
-65.0133
-65.0079
-65.0026
-64.9973
-64.992
-64.9868
-64.9816
-64.9765
-64.9714
-64.9663
-64.9613
-64.9564
-64.9514
-64.9465
-64.9417
-64.9369
-64.9321
-64.9274
-64.9227
-64.9181
-64.9135
-64.9089
-64.9044
-64.8999
-64.8954
-64.891
-64.8867
-64.8824
-64.8781
-64.8738
-64.8696
-64.8655
-64.8613
-64.8573
-64.8532
-64.8492
-64.8453
-64.8413
-64.8374
-64.8336
-64.8298
-64.826
-64.8223
-64.8186
-64.815
-64.8114
-64.8078
-64.8043
-64.8008
-64.7973
-64.7939
-64.7905
-64.7872
-64.7839
-64.7807
-64.7774
-64.7743
-64.7711
-64.768
-64.765
-64.7619
-64.759
-64.756
-64.7531
-64.7502
-64.7474
-64.7446
-64.7418
-64.7391
-64.7364
-64.7338
-64.7312
-64.7286
-64.7261
-64.7236
-64.7211
-64.7187
-64.7163
-64.714
-64.7116
-64.7094
-64.7071
-64.7049
-64.7028
-64.7006
-64.6985
-64.6965
-64.6945
-64.6925
-64.6905
-64.6886
-64.6867
-64.6849
-64.6831
-64.6813
-64.6796
-64.6779
-64.6762
-64.6746
-64.673
-64.6714
-64.6699
-64.6684
-64.6669
-64.6655
-64.6641
-64.6627
-64.6614
-64.6601
-64.6588
-64.6576
-64.6564
-64.6552
-64.6541
-64.653
-64.6519
-64.6509
-64.6499
-64.6489
-64.648
-64.6471
-64.6462
-64.6453
-64.6445
-64.6437
-64.643
-64.6423
-64.6416
-64.6409
-64.6403
-64.6397
-64.6391
-64.6385
-64.638
-64.6375
-64.6371
-64.6366
-64.6362
-64.6359
-64.6355
-64.6352
-64.6349
-64.6347
-64.6344
-64.6342
-64.6341
-64.6339
-64.6338
-64.6337
-64.6336
-64.6336
-64.6336
-64.6336
-64.6336
-64.6337
-64.6337
-64.6339
-64.634
-64.6342
-64.6343
-64.6345
-64.6348
-64.635
-64.6353
-64.6356
-64.636
-64.6363
-64.6367
-64.6371
-64.6375
-64.6379
-64.6384
-64.6389
-64.6394
-64.6399
-64.6405
-64.6411
-64.6417
-64.6423
-64.6429
-64.6436
-64.6443
-64.645
-64.6457
-64.6464
-64.6472
-64.6479
-64.6487
-64.6496
-64.6504
-64.6512
-64.6521
-64.653
-64.6539
-64.6548
-64.6558
-64.6567
-64.6577
-64.6587
-64.6597
-64.6608
-64.6618
-64.6629
-64.6639
-64.665
-64.6661
-64.6673
-64.6684
-64.6696
-64.6707
-64.6719
-64.6731
-64.6743
-64.6755
-64.6768
-64.678
-64.6793
-64.6806
-64.6819
-64.6832
-64.6845
-64.6858
-64.6872
-64.6885
-64.6899
-64.6913
-64.6927
-64.6941
-64.6955
-64.6969
-64.6983
-64.6998
-64.7012
-64.7027
-64.7042
-64.7057
-64.7071
-64.7087
-64.7102
-64.7117
-64.7132
-64.7148
-64.7163
-64.7179
-64.7194
-64.721
-64.7226
-64.7242
-64.7258
-64.7274
-64.729
-64.7306
-64.7322
-64.7338
-64.7355
-64.7371
-64.7387
-64.7404
-64.7421
-64.7437
-64.7454
-64.7471
-64.7487
-64.7504
-64.7521
-64.7538
-64.7555
-64.7572
-64.7589
-64.7606
-64.7623
-64.764
-64.7657
-64.7675
-64.7692
-64.7709
-64.7726
-64.7744
-64.7761
-64.7778
-64.7796
-64.7813
-64.7831
-64.7848
-64.7865
-64.7883
-64.79
-64.7918
-64.7935
-64.7953
-64.797
-64.7988
-64.8005
-64.8023
-64.6697
-64.4499
-64.1658
-63.8318
-63.4582
-63.0529
-62.6221
-62.1709
-61.7033
-61.2227
-60.7317
-60.2325
-59.7269
-59.2164
-58.7023
-58.1854
-57.6666
-57.1465
-56.6255
-56.104
-55.5822
-55.0601
-54.5378
-54.0151
-53.4918
-52.9675
-52.4418
-51.9142
-51.3839
-50.8502
-50.3121
-49.7685
-49.2182
-48.6599
-48.0919
-47.5125
-46.9196
-46.311
-45.6842
-45.0362
-44.3639
-43.6636
-42.9311
-42.1618
-41.3503
-40.4907
-39.5759
-38.5983
-37.5488
-36.4172
-35.1918
-33.8594
-32.4049
-30.8113
-29.0597
-27.1291
-24.9968
-22.6392
-20.0324
-17.1542
-13.9871
-10.5218
-6.76224
-2.73144
1.52322
5.92657
10.3762
14.7488
18.9119
22.7402
26.131
29.0171
31.3716
33.2064
34.5634
35.5035
36.0948
36.4036
36.489
36.4
36.1751
35.8437
35.4276
34.9427
34.4008
33.8104
33.178
32.5084
31.8056
31.0729
30.3128
29.5279
28.7202
27.8917
27.0442
26.1793
25.2987
24.4038
23.4961
22.5768
21.6474
20.7089
19.7625
18.8094
17.8505
16.8869
15.9194
14.9488
13.9761
13.002
12.0272
11.0522
10.0778
9.10454
8.13288
7.16332
6.1963
5.23224
4.27148
3.31437
2.3612
1.41224
0.467725
-0.472129
-1.40714
-2.33716
-3.26203
-4.18166
-5.09595
-6.00481
-6.90819
-7.80606
-8.69839
-9.58518
-10.4664
-11.3422
-12.2124
-13.0773
-13.9367
-14.7909
-15.6399
-16.4838
-17.3227
-18.1568
-18.9863
-19.8112
-20.6318
-21.4483
-22.261
-23.07
-23.8757
-24.6784
-25.4784
-26.2761
-27.0719
-27.8662
-28.6596
-29.4525
-30.2455
-31.0392
-31.8343
-32.6315
-33.4315
-34.2351
-35.0432
-35.8567
-36.6765
-37.5036
-38.339
-39.1839
-40.0393
-40.9063
-41.786
-42.6795
-43.5878
-44.512
-45.4528
-46.411
-47.3871
-48.3812
-49.3934
-50.423
-51.469
-52.5298
-53.6031
-54.6858
-55.774
-56.863
-57.9471
-59.0202
-60.0751
-61.1045
-62.1008
-63.0567
-63.9652
-64.8204
-65.6174
-66.3528
-67.0247
-67.6328
-68.178
-68.6628
-69.0904
-69.465
-69.7911
-70.0734
-70.3166
-70.5256
-70.7044
-70.8573
-70.9877
-71.0989
-71.1938
-71.2748
-71.3441
-71.4034
-71.4544
-71.4983
-71.5364
-71.5694
-71.5982
-71.6235
-71.6459
-71.6657
-71.6835
-71.6994
-71.7139
-71.7271
-71.7392
-71.6178
-71.421
-71.1767
-70.9011
-70.6052
-70.2963
-69.9798
-69.6596
-69.3386
-69.019
-68.7022
-68.3894
-68.0816
-67.7792
-67.4829
-67.1928
-66.9093
-66.6325
-66.3623
-66.099
-65.8424
-65.5925
-65.3493
-65.1127
-64.8826
-64.6589
-64.4414
-64.2301
-64.0248
-63.8254
-63.6317
-63.4437
-63.2613
-63.0842
-62.9124
-62.7457
-62.584
-62.4272
-62.2752
-62.1278
-61.985
-61.8465
-61.7124
-61.5825
-61.4567
-61.3349
-61.217
-61.1029
-60.9925
-60.8858
-60.7825
-60.6827
-60.5863
-60.4931
-60.4032
-60.3163
-60.2326
-60.1517
-60.0738
-59.9987
-59.9264
-59.8568
-59.7898
-59.7254
-59.6635
-59.6041
-59.547
-59.4924
-59.44
-59.3898
-59.3419
-59.296
-59.2523
-59.2106
-59.1709
-59.1332
-59.0974
-59.0634
-59.0313
-59.001
-58.9724
-58.9455
-58.9203
-58.8968
-58.8748
-58.8545
-58.8356
-58.8183
-58.8024
-58.788
-58.7749
-58.7633
-58.753
-58.744
-58.7363
-58.7299
-58.7247
-58.7208
-58.718
-58.7164
-58.7159
-58.7165
-58.7183
-58.7211
-58.7249
-58.7298
-58.7356
-58.7424
-58.7502
-58.759
-58.7686
-58.7792
-58.7906
-58.8029
-58.816
-58.8299
-58.8447
-58.8602
-58.8765
-58.8936
-58.9114
-58.9299
-58.9491
-58.969
-58.9895
-59.0108
-59.0326
-59.0551
-59.0782
-59.1018
-59.1261
-59.1509
-59.1763
-59.2022
-59.2287
-59.2556
-59.283
-59.311
-59.3394
-59.3682
-59.3976
-59.4273
-59.344
-59.1937
-58.9987
-58.7723
-58.5234
-58.2586
-57.9828
-57.6996
-57.4119
-57.1218
-56.8311
-56.5412
-56.253
-55.9675
-55.6852
-55.4068
-55.1325
-54.8627
-54.5978
-54.3377
-54.0828
-53.833
-53.5885
-53.3493
-53.1153
-52.8866
-52.6631
-52.4448
-52.2315
-52.0234
-51.8201
-51.6218
-51.4281
-51.2392
-51.0548
-50.8748
-50.6991
-50.5277
-50.3603
-50.197
-50.0375
-49.8817
-49.7296
-49.5811
-49.4359
-49.2941
-49.1555
-49.02
-48.8875
-48.7579

