-65
-64.9994
-64.9988
-64.9982
-64.9977
-64.9971
-64.9965
-64.996
-64.9954
-64.9949
-64.9943
-64.9938
-64.9932
-64.9927
-64.9922
-64.9917
-64.9912
-64.9906
-64.9901
-64.9896
-64.9891
-64.9886
-64.9881
-64.9876
-64.9872
-64.9867
-64.9862
-64.9857
-64.9852
-64.9848
-64.9843
-64.9838
-64.9834
-64.9829
-64.9825
-64.982
-64.9816
-64.9811
-64.9807
-64.9802
-64.9798
-64.9794
-64.9789
-64.9785
-64.9781
-64.9777
-64.9772
-64.9768
-64.9764
-64.976
-64.9756
-64.9752
-64.9748
-64.9744
-64.974
-64.9736
-64.9732
-64.9728
-64.9725
-64.9721
-64.9717
-64.9713
-64.971
-64.9706
-64.9702
-64.9699
-64.9695
-64.9692
-64.9688
-64.9685
-64.9681
-64.9678
-64.9675
-64.9671
-64.9668
-64.9665
-64.9661
-64.9658
-64.9655
-64.9652
-64.9649
-64.9646
-64.9642
-64.9639
-64.9636
-64.9633
-64.963
-64.9628
-64.9625
-64.9622
-64.9619
-64.9616
-64.9613
-64.9611
-64.9608
-64.9605
-64.9603
-64.96
-64.9598
-64.9595
-64.9592
-64.959
-64.9588
-64.9585
-64.9583
-64.958
-64.9578
-64.9576
-64.9573
-64.9571
-64.9569
-64.9567
-64.9565
-64.9562
-64.956
-64.9558
-64.9556
-64.9554
-64.9552
-64.955
-64.9548
-64.9546
-64.9545
-64.9543
-64.9541
-64.9539
-64.9537
-64.9536
-64.9534
-64.9532
-64.9531
-64.9529
-64.9527
-64.9526
-64.9524
-64.9523
-64.9521
-64.952
-64.9519
-64.9517
-64.9516
-64.9514
-64.9513
-64.9512
-64.9511
-64.9509
-64.9508
-64.9507
-64.9506
-64.9505
-64.9504
-64.9503
-64.9502
-64.95
-64.9499
-64.9499
-64.9498
-64.9497
-64.9496
-64.9495
-64.9494
-64.9493
-64.9492
-64.9492
-64.9491
-64.949
-64.9489
-64.9489
-64.9488
-64.9487
-64.9487
-64.9486
-64.9486
-64.9485
-64.9485
-64.9484
-64.9484
-64.9483
-64.9483
-64.9482
-64.9482
-64.9482
-64.9481
-64.9481
-64.9481
-64.948
-64.948
-64.948
-64.948
-64.948
-64.9479
-64.9479
-64.9479
-64.9479
-64.9479
-64.9479
-64.9479
-64.9479
-64.9479
-64.9479
-64.9479
-64.9479
-64.9479
-64.9479
-64.9479
-64.9479
-64.9479
-64.9479
-64.948
-64.948
-64.948
-64.948
-64.9481
-64.9481
-64.9481
-64.9481
-64.9482
-64.9482
-64.9482
-64.9483
-64.9483
-64.9483
-64.9484
-64.9484
-64.9485
-64.9485
-64.9486
-64.9486
-64.9487
-64.9487
-64.9488
-64.9488
-64.9489
-64.9489
-64.949
-64.9491
-64.9491
-64.9492
-64.9492
-64.9493
-64.9494
-64.9494
-64.9495
-64.9496
-64.9497
-64.9497
-64.9498
-64.9499
-64.95
-64.95
-64.9501
-64.9502
-64.9503
-64.9504
-64.9504
-64.9505
-64.9506
-64.9507
-64.9508
-64.9509
-64.951
-64.951
-64.9511
-64.9512
-64.9513
-64.9514
-64.9515
-64.9516
-64.9517
-64.9518
-64.9519
-64.952
-64.9521
-64.9522
-64.9523
-64.9524
-64.9525
-64.9526
-64.9527
-64.9528
-64.9529
-64.953
-64.9532
-64.9533
-64.9534
-64.9535
-64.9536
-64.9537
-64.9538
-64.9539
-64.954
-64.9542
-64.9543
-64.9544
-64.9545
-64.9546
-64.9547
-64.9548
-64.955
-64.9551
-64.9552
-64.9553
-64.9554
-64.9556
-64.9557
-64.9558
-64.9559
-64.956
-64.9562
-64.9563
-64.9564
-64.9565
-64.9566
-64.9568
-64.9569
-64.957
-64.9571
-64.9573
-64.9574
-64.9575
-64.9576
-64.9578
-64.9579
-64.958
-64.9581
-64.9583
-64.9584
-64.9585
-64.9587
-64.9588
-64.9589
-64.959
-64.9592
-64.9593
-64.9594
-64.9595
-64.9597
-64.9598
-64.9599
-64.96
-64.9602
-64.9603
-64.9604
-64.9606
-64.9607
-64.9608
-64.9609
-64.9611
-64.9612
-64.9613
-64.9614
-64.9616
-64.9617
-64.9618
-64.962
-64.9621
-64.9622
-64.9623
-64.9625
-64.9626
-64.9627
-64.9628
-64.963
-64.9631
-64.9632
-64.9633
-64.9635
-64.9636
-64.9637
-64.9638
-64.964
-64.9641
-64.9642
-64.9643
-64.9645
-64.9646
-64.9647
-64.9648
-64.9649
-64.9651
-64.9652
-64.9653
-64.9654
-64.9655
-64.9657
-64.9658
-64.9659
-64.966
-64.9661
-64.9663
-64.9664
-64.9665
-64.9666
-64.9667
-64.9668
-64.967
-64.9671
-64.9672
-64.9673
-64.9674
-64.9675
-64.9677
-64.9678
-64.9679
-64.968
-64.9681
-64.9682
-64.9683
-64.9684
-64.9685
-64.9687
-64.9688
-64.9689
-64.969
-64.9691
-64.9692
-64.9693
-64.9694
-64.9695
-64.9696
-64.9697
-64.9698
-64.9699
-64.97
-64.9701
-64.9702
-64.9703
-64.9704
-64.9705
-64.9706
-64.9707
-64.9708
-64.9709
-64.971
-64.9711
-64.9712
-64.9713
-64.9714
-64.9715
-64.9716
-64.9717
-64.9718
-64.9719
-64.972
-64.9721
-64.9722
-64.9722
-64.9723
-64.9724
-64.9725
-64.9726
-64.9727
-64.9728
-64.9729
-64.9729
-64.973
-64.9731
-64.9732
-64.9733
-64.9734
-64.9734
-64.9735
-64.9736
-64.9737
-64.9738
-64.9738
-64.9739
-64.974
-64.9741
-64.9741
-64.9742
-64.9743
-64.9744
-64.9744
-64.9745
-64.9746
-64.9747
-64.9747
-64.9748
-64.9749
-64.9749
-64.975
-64.9751
-64.9751
-64.9752
-64.9753
-64.9753
-64.9754
-64.9755
-64.9755
-64.9756
-64.9757
-64.9757
-64.8411
-64.619
-64.3325
-63.9958
-63.6195
-63.2114
-62.7779
-62.3238
-61.8534
-61.3699
-60.876
-60.3739
-59.8655
-59.3523
-58.8354
-58.3158
-57.7943
-57.2716
-56.7481
-56.2242
-55.7
-55.1756
-54.651
-54.1262
-53.6008
-53.0745
-52.547
-52.0175
-51.4855
-50.9502
-50.4106
-49.8656
-49.314
-48.7545
-48.1854
-47.6049
-47.0111
-46.4016
-45.774
-45.1253
-44.4522
-43.7512
-43.0181
-42.2481
-41.4359
-40.5754
-39.6597
-38.6809
-37.6299
-36.4964
-35.2687
-33.9333
-32.475
-30.8766
-29.1187
-27.1802
-25.0379
-22.6676
-20.0451
-17.1477
-13.9575
-10.4647
-6.67359
-2.60775
1.68412
6.12481
10.6094
15.0117
19.1973
23.0392
26.4348
29.318
31.6638
33.4865
34.8301
35.7573
36.3374
36.6374
36.7165
36.6236
36.3969
36.0655
35.6509
35.1688
34.6305
34.0444
33.4168
32.7525
32.0552
31.3282
30.574
29.795
28.9933
28.1707
27.3291
26.4701
25.5952
24.706
23.8037
22.8898
21.9655
21.032
20.0905
19.1419
18.1875
17.228
16.2645
15.2977
14.3286
13.3578
12.386
11.414
10.4423
9.47152
8.50215
7.53468
6.56956
5.6072
4.64797
3.6922
2.7402
1.79225
0.84858
-0.0905824
-1.02505
-1.95465
-2.87926
-3.79874
-4.71301
-5.62197
-6.52558
-7.42376
-8.31651
-9.20381
-10.0857
-10.9621
-11.8331
-12.6988
-13.5591
-14.4143
-15.2643
-16.1092
-16.9492
-17.7845
-18.615
-19.4411
-20.2629
-21.0806
-21.8944
-22.7046
-23.5114
-24.3151
-25.1162
-25.9148
-26.7114
-27.5066
-28.3006
-29.094
-29.8874
-30.6813
-31.4765
-32.2735
-33.0731
-33.8761
-34.6834
-35.4958
-36.3142
-37.1397
-37.9732
-38.8159
-39.6688
-40.533
-41.4096
-42.2998
-43.2046
-44.1251
-45.0621
-46.0164
-46.9887
-47.9792
-48.9881
-50.0148
-51.0587
-52.1183
-53.1915
-54.2755
-55.3667
-56.4607
-57.5521
-58.6347
-59.7018
-60.746
-61.7596
-62.7351
-63.6654
-64.5439
-65.3653
-66.1257
-66.8227
-67.4552
-68.0239
-68.5308
-68.9789
-69.3722
-69.7149
-70.0121
-70.2684
-70.4886
-70.6772
-70.8383
-70.9758
-71.093
-71.1929
-71.2781
-71.3509
-71.4131
-71.4665
-71.5125
-71.5521
-71.5865
-71.6165
-71.6427
-71.6658
-71.6863
-71.7046
-71.7209
-71.7357
-71.7492
-71.7615
-71.7729
-71.7834
-71.7932
-71.8025
-71.8112
-71.8195
-71.8274
-71.835
-71.8423
-71.8493
-71.8561
-71.8627
-71.8691
-71.8754
-71.8815
-71.8875
-71.8934
-71.8992
-71.9049
-71.9105
-71.916
-71.9214
-71.9267
-71.9319
-71.9371
-71.9422
-71.9472
-71.9522
-71.9571
-71.9619
-71.9666
-71.9713
-71.9759
-71.9804
-71.9849
-71.9893
-71.9936
-71.8604
-71.6466
-71.3797
-71.0764
-70.7478
-70.4021
-70.0453
-69.6818
-69.3151
-68.9477
-68.5817
-68.2185
-67.8596
-67.5056
-67.1574
-66.8154
-66.4802
-66.1519
-65.8309
-65.5172
-65.2109
-64.9121
-64.6209
-64.3371
-64.0608
-63.7918
-63.5302
-63.2757
-63.0283
-62.7878
-62.5542
-62.3274
-62.1071
-61.8932
-61.6857
-61.4843
-61.2889
-61.0995
-60.9158
-60.7377
-60.5651
-60.3979
-60.2358
-60.0789
-59.9269
-59.7798
-59.6374
-59.4996
-59.3663
-59.2374
-59.1127
-58.9922
-58.8757
-58.7632
-58.6546
-58.5497
-58.4484
-58.3508
-58.2566
-58.1659
-58.0784
-57.9942
-57.9132
-57.8352
-57.7603
-57.6882
-57.6191
-57.5528
-57.4892
-57.4283
-57.37
-57.3142
-57.261
-57.2102
-57.1618
-57.1158
-57.072
-57.0305
-56.9911
-56.9539
-56.9188
-56.8858
-56.8547
-56.8257
-56.7986
-56.7733
-56.7499
-56.7284
-56.7086
-56.6905
-56.6742
-56.6595
-56.6465
-56.6351
-56.6253
-56.617
-56.6103
-56.605
-56.6012
-56.5989
-56.5979
-56.5984
-56.6002
-56.6033
-56.6077
-56.6134
-56.6204
-56.6285
-56.6379
-56.6485
-56.6603
-56.6731
-56.6871
-56.7022
-56.7184
-56.7356
-56.7539
-56.7731
-56.7934
-56.8146
-56.8368
-56.8599
-56.8839
-56.9088
-56.9346
-56.9613
-56.9888
-57.0171
-56.9371
-56.7929
-56.6056
-56.3879
-56.1482
-55.8929
-55.6265
-55.3525
-54.9695
-54.524
-54.0393
-53.5292
-53.0036
-52.4693
-51.9316
-51.394
-50.8595
-50.3301
-49.8073
-49.292
-48.7849
-48.2865
-47.7968
-47.316
-46.844
-46.3804
-45.9249
-45.4773
-45.037
-44.6035
-44.1764
-43.755
-43.3387
-42.927
-42.5193
-42.1148
-41.7129
-41.3131
-40.9146
-40.5167
-40.1188
-39.7203
-39.3203
-38.9183
-38.5136
-38.1055
-37.6932
-37.2762
-36.8536
-36.4247
-35.9889
-35.5455
-35.0936
-34.6326
-34.1617
-33.6801
-33.1871
-32.682
-32.1639
-31.6321
-31.0858
-30.5242
-29.9466
-29.3523
-28.7404
-28.1104
-27.4615
-26.7932
-26.1047
-25.3957
-24.6656
-23.9141
-23.1409
-22.3458
-21.5287
-20.6897
-19.829
-18.9469
-18.0439
-17.1207
-16.1782
-15.2173
-14.2394
-13.246
-12.239
-11.2204
-10.1929
-9.15958
-8.12412
-7.09096
-6.06543
-5.05385
-4.06364
-3.10335
-2.18256
-1.31169
-0.501603
0.236905
0.893718
1.46006
1.92907
2.29618
2.55936
2.71909
2.77809
2.74097
2.61376
2.40344
2.11749
1.76349
1.3489
0.880806
0.365799
-0.19008
-0.781368
-1.40317
-2.05113
-2.72137
-3.4105
-4.11547
-4.83364
-5.56266
-6.30044
-7.04516
-7.79519
-8.54911
-9.30564
-10.0637
-10.8222
-11.5804
-12.3374
-13.0926
-13.8454
-14.5953
-15.3417
-16.0844
-16.823
-17.5572
-18.2867
-19.0114
-19.7311
-20.4457
-21.155
-21.8592
-22.558
-23.2515
-23.9398
-24.6229
-25.3009
-25.9738
-26.6418
-27.3051
-27.9638
-28.6181
-29.2681
-29.9143
-30.5567
-31.1956
-31.8315
-32.4644
-33.0949
-33.7232
-34.3498
-34.9749
-35.5991
-36.2227
-36.8462
-37.47
-38.0946
-38.7206
-39.3483
-39.9784
-40.6112
-41.2474
-41.8875
-42.5319
-43.1811
-43.8356
-44.4958
-45.1621
-45.8348
-46.5141
-47.2003
-47.8933
-48.593
-49.2992
-50.0113
-50.7287
-51.4504
-52.1752
-52.9016
-53.6276
-54.3511
-55.0696
-55.7802
-56.48
-57.1655
-57.8335
-58.4806
-59.1036
-59.6996
-60.2659
-60.8003
-61.3014
-61.768
-62.1999
-62.5972
-62.9607
-63.2915
-63.5912
-63.8618
-64.1052
-64.3237
-64.5194
-64.6946
-64.8513
-64.9916
-65.1173
-65.2301
-65.3316
-65.4232
-65.5062
-65.5816
-65.6504
-65.7136
-65.7719
-65.8259
-65.8762
-65.9233
-65.9677
-66.0096
-66.0495
-66.0875
-66.124
-66.1591
-66.1931
-66.226
-66.258
-66.2892
-66.3197
-66.3496
-66.379
-66.4078
-66.4363
-66.4643
-66.492
-66.5194
-66.5465
-66.5734
-66.6
-66.6264
-66.6526
-66.6786
-66.7044
-66.73
-66.7555
-66.7809
-66.8061
-66.8312
-66.8561
-66.8809
-66.9056
-66.9302
-66.9546
-66.9789
-67.0031
-67.0272
-67.0512
-67.075
-67.0987
-67.1224
-67.1459
-67.1693
-67.1925
-67.2157
-67.2388
-67.2617
-67.2845
-67.3072
-67.3298
-67.3523
-67.3747
-67.3969
-67.419
-67.441
-67.4629
-67.4847
-67.5064
-67.5279
-67.5493
-67.5706
-67.5917
-67.6128
-67.6337
-67.6545
-67.6752
-67.6957
-67.7161
-67.7364
-67.7566
-67.7766
-67.7965
-67.8163
-67.836
-67.8555
-67.8749
-67.8942
-67.9133
-67.9323
-67.9512
-67.9699
-67.9885
-68.007
-68.0254
-68.0436
-68.0617
-68.0796
-68.0974
-68.1151
-68.1326
-68.15
-68.1673
-68.1845
-68.2015
-68.2183
-68.2351
-68.2517
-68.2681
-68.2845
-68.3006
-68.3167
-68.3326
-68.3484
-68.364
-68.3795
-68.3949
-68.4102
-68.4253
-68.4402
-68.455
-68.4697
-68.4843
-68.4987
-68.513
-68.5271
-68.5411
-68.555
-68.5687
-68.5823
-68.5958
-68.6091
-68.6223
-68.6353
-68.6483
-68.661
-68.6737
-68.6862
-68.6986
-68.7108
-68.7229
-68.7349
-68.7467
-68.7584
-68.7699
-68.7814
-68.7927
-68.8038
-68.8149
-68.8257
-68.8365
-68.8471
-68.8576
-68.868
-68.8782
-68.8883
-68.8983
-68.9081
-68.9178
-68.9274
-68.9368
-68.9461
-68.9553
-68.9644
-68.9733
-68.9821
-68.9908
-68.9993
-69.0077
-69.016
-69.0241
-69.0321
-69.04
-69.0478
-69.0555
-69.063
-69.0704
-69.0776
-69.0848
-69.0918
-69.0987
-69.1055
-69.1121
-69.1186
-69.125
-69.1313
-69.1374
-69.1435
-69.1494
-69.1552
-69.1609
-69.1664
-69.1718
-69.1771
-69.1823
-69.1874
-69.1924
-69.1972
-69.2019
-69.2065
-69.211
-69.2154
-69.2196
-69.2238
-69.2278
-69.2317
-69.2355
-69.2392
-69.2427
-69.2462
-69.2495
-69.2528
-69.2559
-69.2589
-69.2618
-69.2646
-69.2672
-69.2698
-69.2723
-69.2746
-69.2769
-69.279
-69.281
-69.1426
-68.9152
-68.6243
-68.2856
-67.9103
-67.5068
-67.0818
-66.6404
-66.187
-65.7249
-65.2569
-64.7853
-64.3119
-63.8384
-63.3659
-62.8957
-62.4285
-61.9652
-61.5065
-61.0528
-60.6046
-60.1622
-59.7261
-59.2964
-58.8734
-58.4572
-58.0479
-57.6456
-57.2503
-56.8621
-56.4809
-56.1067
-55.7393
-55.3787
-55.0248
-54.6774
-54.3364
-54.0015
-53.6726
-53.3495
-53.0319
-52.7195
-52.4122
-52.1096
-51.8115
-51.5176
-51.2275
-50.941
-50.6576
-50.3771
-50.0992
-49.8234
-49.5494
-49.2768
-49.0052
-48.7342
-48.4634
-48.1923
-47.9205
-47.6476
-47.373
-47.0963
-46.8169
-46.5343
-46.2479
-45.9571
-45.6612
-45.3597
-45.0517
-44.7365
-44.4133
-44.0812
-43.7393
-43.3867
-43.0221
-42.6445
-42.2526
-41.845
-41.4203
-40.9769
-40.5129
-40.0264
-39.5155
-38.9777
-38.4105
-37.8113
-37.177
-36.5044
-35.7897
-35.0292
-34.2185
-33.3531
-32.4279
-31.4375
-30.3762
-29.2378
-28.0162
-26.7046
-25.2966
-23.7856
-22.1657
-20.4315
-18.5789
-16.6057
-14.512
-12.3012
-9.98052
-7.56226
-5.06423
-2.51035
0.069208
2.63843
5.15652
7.57975
9.86402
11.9679
13.8559
15.5009
16.8865
18.007
18.8673
19.4804
19.8656
20.0458
20.0452
19.8878
19.5957
19.1892
18.6859
18.1009
17.447
16.7351
15.9742
15.1719
14.3347
13.468
12.5763
11.6638
10.7338
9.78933
8.83307
7.86732
6.89414
5.91536
4.9326
3.94732
2.96081
1.97423
0.988591
0.00482029
-0.976273
-1.95397
-2.92764
-3.89673
-4.86074
-5.81927
-6.77194
-7.71844
-8.65852
-9.59196
-10.5186
-11.4382
-12.3508
-13.2563
-14.1546
-15.0457
-15.9296
-16.8064
-17.6762
-18.5389
-19.3947
-20.2438
-21.0863
-21.9224
-22.7522
-23.576
-24.394
-25.2066
-26.0139
-26.8164
-27.6143
-28.4081
-29.1982
-29.9849
-30.7689
-31.5505
-32.3304
-33.1091
-33.8872
-34.6653
-35.4442
-36.2246
-37.0071
-37.7926
-38.5818
-39.3756
-40.1748
-40.9803
-41.7928
-42.6133
-43.4426
-44.2814
-45.1305
-45.9906
-46.8623
-47.7459
-48.6419
-49.5502
-50.4709
-51.4035
-52.3472
-53.301
-54.2633
-55.2321
-56.205
-57.1788
-58.1501
-59.1147
-60.068
-61.005
-61.9205
-62.8091
-63.6655
-64.4846
-65.2619
-65.9935
-66.6765
-67.3087
-67.8893
-68.4181
-68.8962
-69.3255
-69.7082
-70.0476
-70.3469
-70.6095
-70.8392
-71.0393
-71.2132
-71.3641
-71.4947
-71.6078
-71.7056
-71.7902
-71.8635
-71.927
-71.9822
-72.0302
-72.072
-72.1086
-72.1407
-72.1689
-72.1938
-72.2159
-72.2356
-72.2532
-72.2691
-72.2834
-72.2963
-72.3082
-72.319
-72.329
-72.3382
-72.3467
-72.3547
-72.3622
-72.3693
-72.3759
-72.3822
-72.3882
-72.3939
-72.3994
-72.4046
-72.4096
-72.4145
-72.4191
-72.4236
-72.428
-72.4322
-72.4362
-72.4402
-72.444
-72.4477
-72.4513
-72.4547
-72.4581
-72.4614
-72.4645
-72.4676
-72.4706
-72.4734
-72.4762
-72.4789
-72.4815
-72.484
-72.4864
-72.4887
-72.491
-72.4931
-72.4952
-72.4971
-72.499
-72.5008
-72.5024
-72.504
-72.5055
-72.5069
-72.5083
-72.5095
-72.5106
-72.5117
-72.5126
-72.5135
-72.5142
-72.5149
-72.5155
-72.516
-72.5164
-72.5167
-72.5169
-72.517
-72.517
-72.5169
-72.5167
-72.5165
-72.5161
-72.5156
-72.5151
-72.5144
-72.5136
-72.5128
-72.5118
-72.5108
-72.5096
-72.5084
-72.5071
-72.5056
-72.5041
-72.5024
-72.5007
-72.4989
-72.497
-72.4949
-72.4928
-72.4906
-72.4883
-72.4858
-72.4833
-72.4807
-72.478
-72.4752
-72.4723
-72.4692
-72.322
-72.0858
-71.7878
-71.4446
-71.0681
-70.6669
-70.2478
-69.8161
-69.3759
-68.9305
-68.4827
-68.0345
-67.5877
-67.1437
-66.7036
-66.2683
-65.8388
-65.4155
-64.9989
-64.5896
-64.1878
-63.7937
-63.4077
-63.0297
-62.66
-62.2986
-61.9456
-61.6008
-61.2644
-60.9363
-60.6164
-60.3047
-60.001
-59.7052
-59.4173
-59.1371
-58.8645
-58.5993
-58.3415
-58.0908
-57.8471
-57.6102
-57.3801
-57.1565
-56.9392
-56.7282
-56.5233
-56.3243
-56.131
-55.9433
-55.7611
-55.5842
-55.4124
-55.2457
-55.0838
-54.9267
-54.7741
-54.626
-54.4823
-54.3427
-54.2073
-54.0758
-53.9482
-53.8243
-53.7041
-53.5874
-53.4741
-53.3642
-53.2576
-53.1541
-53.0537
-52.9563
-52.8618
-52.7701
-52.6813
-52.5951
-52.5116
-52.4306
-52.3522
-52.2762
-52.2027
-52.1315
-52.0626
-51.9959
-51.9315
-51.8692
-51.8091
-51.7511
-51.6952
-51.6412
-51.5893
-51.5394
-51.4914
-51.4453
-51.4011
-51.3588
-51.3183
-51.2797
-51.2429
-51.2078
-51.1746
-51.1431
-51.1134
-51.0855
-51.0592
-51.0347
-51.012
-50.9909
-50.9716
-50.954
-50.938
-50.9238
-50.9113
-50.9004
-50.8913
-50.8838
-50.8781
-50.874
-50.8717
-50.871
-50.872
-50.8748
-50.8793
-50.8855
-50.8934
-50.903
-50.9144
-50.9275
-50.9424
-50.9591
-50.9775
-50.9977
-51.0197
-51.0434
-51.069
-51.0964
-51.1255
-51.1565
-51.1893
-51.224
-51.2605
-51.2988
-51.339
-51.3811
-51.425
-51.4709
-51.5186
-51.5681
-51.6196
-51.673
-51.7282
-51.7853
-51.8444
-51.9053
-51.9681
-52.0327
-52.0993
-52.1678
-52.2381
-52.3102
-52.3843
-52.4601
-52.5378
-52.6173
-52.6986
-52.7817
-52.8665
-52.9531
-53.0414
-53.1314
-53.2231
-53.3163
-53.4112
-53.5077
-53.6058
-53.7053
-53.8063
-53.9087
-54.0126
-54.1178
-54.2242
-54.332
-54.4409
-54.551
-54.6623
-54.7745
-54.8878
-55.002
-55.1171
-55.2331
-55.3498
-55.4672
-55.5853
-55.704
-55.8232
-55.9429
-56.063
-56.1834
-56.3041
-56.425
-56.5461
-56.6673
-56.7885
-56.9097
-57.0308
-57.1518
-57.2725
-57.393
-57.5132
-57.633
-57.7524
-57.8713
-57.9897
-58.1075
-58.2247
-58.3413
-58.4571
-58.5722
-58.6866
-58.8001
-58.9127
-59.0245
-59.1353
-59.2452
-59.3541
-59.4621
-59.569
-59.6749
-59.7797
-59.8834
-59.986
-60.0876
-60.188
-60.2872
-60.3854
-60.4824
-60.5782
-60.6729
-60.7665
-60.8588
-60.9501
-61.0401
-61.129
-61.2168
-61.3034
-61.3888
-61.4731
-61.5563
-61.6383
-61.7193
-61.7991
-61.8778
-61.9555
-62.032
-62.1075
-62.1819
-62.2553
-62.3277
-62.399
-62.4693
-62.5386
-62.607
-62.6743
-62.7407
-62.8062
-62.8707
-62.9343
-62.997
-63.0588
-63.1198
-63.1798
-63.2391
-63.2974
-63.355
-63.4117
-63.4677
-63.5228
-63.5772
-63.6308
-63.6837
-63.7358
-63.7872
-63.8379
-63.8879
-63.9372
-63.9858
-64.0338
-64.0811
-64.1277
-64.1737
-64.2191
-64.2639
-64.3081
-64.3517
-64.3947
-64.4371
-64.479
-64.5203
-64.561
-64.6012
-64.6409
-64.6801
-64.7187
-64.7569
-64.7946
-64.8317
-64.8684
-64.9046
-64.9404
-64.9757
-65.0105
-65.0449
-65.0789
-65.1124
-65.1455
-65.1782
-65.2104
-65.2423
-65.2738
-65.3048
-65.3355
-65.3658
-65.3957
-65.4253
-65.4544
-65.4832
-65.5117
-65.5398
-65.5676
-65.595
-65.6221
-65.6488
-65.6752
-65.7013
-65.7271
-65.7525
-65.7777
-65.8025
-65.6934
-65.4991
-65.2436
-64.9416
-64.6037
-64.2379
-63.8505
-63.4464
-63.0296
-62.6033
-62.1701
-61.7322
-61.2914
-60.8492
-60.4067
-59.965
-59.5249
-59.0872
-58.6525
-58.2211
-57.7937
-57.3704
-56.9516
-56.5375
-56.1282
-55.7239
-55.3245
-54.9302
-54.5409
-54.1566
-53.7771
-53.4024
-53.0322
-52.6665
-52.3049
-51.9473
-51.5933
-51.2427
-50.8951
-50.5503
-50.2077
-49.867
-49.5277
-49.1895
-48.8517
-48.5139
-48.1755
-47.8359
-47.4945
-47.1506
-46.8036
-46.4526
-46.0968
-45.7355
-45.3677
-44.9925
-44.6087
-44.2153
-43.811
-43.3946
-42.9646
-42.5196
-42.0578
-41.5773
-41.0763
-40.5526
-40.0037
-39.427
-38.8197
-38.1786
-37.5002
-36.7806
-36.0156
-35.2007
-34.3305
-33.3997
-32.402
-31.3308
-30.1789
-28.9388
-27.6023
-26.1609
-24.6062
-22.9295
-21.1231
-19.1798
-17.0946
-14.8648
-12.4914
-9.98035
-7.34392
-4.60188
-1.78254
1.07673
3.93003
6.72454
9.40354
11.9106
14.1946
16.2139
17.9406
19.3617
20.4787
21.3053
21.8641
22.1833
22.2928
22.2222
21.9987
21.6469
21.1876
20.6385
20.0142
19.3271
18.587
17.8022
16.9797
16.1252
15.2435
14.3388
13.4147
12.4744
11.5205
10.5556
9.58173
8.60086
7.6147
6.62481
5.63256
4.63921
3.64587
2.65354
1.66312
0.675412
-0.308874
-1.28911
-2.26473
-3.23524
-4.20023
-5.15932
-6.11218
-7.05855
-7.99819
-8.93092
-9.85659
-10.7751
-11.6863
-12.5902
-13.4868
-14.376
-15.2578
-16.1324
-16.9997
-17.8599
-18.713
-19.5592
-20.3986
-21.2314
-22.0578
-22.8779
-23.692
-24.5004
-25.3033
-26.1011
-26.894
-27.6824
-28.4667
-29.2472
-30.0245
-30.799
-31.5712
-32.3417
-33.1109
-33.8796
-34.6483
-35.4177
-36.1884
-36.9613
-37.7371
-38.5165
-39.3004
-40.0895
-40.8847
-41.6869
-42.4968
-43.3153
-44.1431
-44.981
-45.8296
-46.6895
-47.5611
-48.4448
-49.3407
-50.2486
-51.1682
-52.0987
-53.0391
-53.9879
-54.9431
-55.9023
-56.8625
-57.8202
-58.7713
-59.7112
-60.6352
-61.5379
-62.4141
-63.2584
-64.066
-64.8322
-65.5534
-66.2264
-66.8494
-67.4213
-67.9422
-68.413
-68.8356
-69.2123
-69.5463
-69.8408
-70.0993
-70.3252
-70.5222
-70.6934
-70.842
-70.9707
-71.0822
-71.1788
-71.2625
-71.3351
-71.3982
-71.4531
-71.501
-71.543
-71.5798
-71.6123
-71.6411
-71.6666
-71.6895
-71.71
-71.7285
-71.7453
-71.7606
-71.7746
-71.7876
-71.7996
-71.8108
-71.8212
-71.8311
-71.8404
-71.8492
-71.8576
-71.8656
-71.8733
-71.8807
-71.8879
-71.8948
-71.9015
-71.908
-71.9143
-71.9205
-71.9265
-71.9324
-71.9381
-71.9437
-71.9492
-71.9546
-71.9599
-71.965
-71.9701
-71.9751
-71.9799
-71.9847
-71.9894
-71.994
-71.9985
-72.0029
-72.0072
-72.0114
-72.0156
-72.0196
-72.0236
-72.0275
-72.0313
-72.035
-72.0386
-72.0421
-72.0456
-72.0489
-72.0522
-72.0554
-72.0585
-72.0615
-72.0644
-72.0672
-72.07
-72.0726
-72.0751
-72.0776
-72.08
-72.0822
-72.0844
-72.0865
-72.0885
-72.0904
-72.0922
-72.0939
-72.0956
-72.0971
-72.0985
-72.0998
-72.1011
-72.1022
-72.1033
-72.1042
-72.1051
-72.1058
-72.1065
-72.107
-72.1075
-72.1078
-72.1081
-72.1083
-72.1083
-72.1083
-72.1082
-72.108
-72.1076
-72.1072
-72.1067
-72.106
-72.1053
-72.1045
-72.1036
-72.1025
-72.1014
-72.1002
-72.0989
-72.0974
-72.0959
-72.0943
-72.0926
-72.0907
-72.0888
-72.0868
-72.0846
-72.0824
-72.0801
-72.0777
-72.0751
-72.0725
-72.0698
-72.067
-72.064
-72.061
-72.0579
-72.0547
-72.0514
-72.0479
-72.0444
-72.0408
-72.0371
-72.0333
-72.0294
-72.0253
-72.0212
-72.017
-72.0127
-72.0083
-72.0038
-71.9992
-71.9945
-71.9898
-71.9849
-71.9799
-71.9748
-71.9697
-71.9644
-71.959
-71.9536
-71.948
-71.9424
-71.9366
-71.9308
-71.7799
-71.5381
-71.2318
-70.8775
-70.487
-70.069
-69.6304
-69.1766
-68.712
-68.24
-67.7635
-67.2848
-66.8057
-66.3279
-65.8526
-65.3809
-64.9138
-64.4518
-63.9958
-63.5461
-63.1033
-62.6676
-62.2394
-61.8189
-61.4063
-61.0016
-60.6051
-60.2168
-59.8366
-59.4647
-59.1009
-58.7453
-58.3978
-58.0583
-57.7266
-57.4028
-57.0865
-56.7779
-56.4765
-56.1824
-55.8953
-55.6151
-55.3416
-55.0745
-54.8138
-54.5592
-54.3105
-54.0675
-53.83
-53.5978
-53.3707
-53.1485
-52.931
-52.718
-52.5092
-52.3046
-52.1038
-51.9067
-51.7131
-51.5228
-51.3355
-51.1512
-50.9696
-50.7905
-50.6137
-50.4391
-50.2665
-50.0957
-49.9265
-49.7587
-49.5921
-49.4267
-49.2621
-49.0983
-48.935
-48.772
-48.6093
-48.4465
-48.2836
-48.1203
-47.9565
-47.7919
-47.6263
-47.4596
-47.2915
-47.1219
-46.9504
-46.7768
-46.601
-46.4227
-46.2415
-46.0572
-45.8696
-45.6782
-45.4828
-45.2831
-45.0786
-44.869
-44.6538
-44.4327
-44.2051
-43.9705
-43.7284
-43.4782
-43.2192
-42.869
-42.4604
-42.0086
-41.5218
-41.0047
-40.4605
-39.8908
-39.2963
-38.6769
-38.0322
-37.3611
-36.6622
-35.9338
-35.1738
-34.3799
-33.5496
-32.6801
-31.7685
-30.8116
-29.8062
-28.7488
-27.6362
-26.4649
-25.2316
-23.9334
-22.5675
-21.1319
-19.6249
-18.0462
-16.3965
-14.6776
-12.8936
-11.0501
-9.15506
-7.21892
-5.25461
-3.27767
-1.30625
0.639171
2.5361
4.36064
6.0883
7.69511
9.1589
10.4607
11.5861
12.526
13.2769
13.8415
14.2269
14.4444
14.508
14.433
14.2351
13.9297
13.531
13.052
12.5043
11.8981
11.2421
10.544
9.81006
9.046
8.25657
7.44587
6.61747
5.77445
4.91951
4.05501
3.183
2.30532
1.42356
0.539146
-0.346659
-1.23275
-2.11813
-3.00194
-3.8834
-4.76185
-5.63668
-6.50738
-7.37347
-8.23459
-9.09037
-9.94054
-10.7848
-11.6231
-12.4551
-13.2807
-14.0999
-14.9125
-15.7186
-16.518
-17.3108
-18.0971
-18.8768
-19.65
-20.4169
-21.1775
-21.9319
-22.6803
-23.4229
-24.1598
-24.8913
-25.6175
-26.3387
-27.0553
-27.7673
-28.4753
-29.1794
-29.8801
-30.5777
-31.2727
-31.9655
-32.6565
-33.3462
-34.0351
-34.7237
-35.4127
-36.1025
-36.7938
-37.4872
-38.1834
-38.8829
-39.5864
-40.2946
-41.0082
-41.7278
-42.4541
-43.1875
-43.9288
-44.6783
-45.4364
-46.2036
-46.9798
-47.7652
-48.5594
-49.3621
-50.1725
-50.9895
-51.8118
-52.6375
-53.4645
-54.2901
-55.1113
-55.9244
-56.7258
-57.5114
-58.2769
-59.0182
-59.731
-60.4117
-61.0568
-61.6638
-62.2305
-62.7558
-63.2392
-63.681
-64.0821
-64.4442
-64.7694
-65.06
-65.3186
-65.5481
-65.7512
-65.9306
-66.0889
-66.2285
-66.3517
-66.4606
-66.557
-66.6425
-66.7187
-66.7867
-66.8478
-66.9029
-66.9528
-66.9983
-67.0401
-67.0786
-67.1144
-67.1477
-67.1791
-67.2087
-67.2368
-67.2636
-67.2893
-67.3141
-67.338
-67.3613
-67.384
-67.4061
-67.4278
-67.4491
-67.47
-67.4907
-67.5111
-67.5312
-67.5512
-67.571
-67.5906
-67.6101
-67.6294
-67.6487
-67.6678
-67.6869
-67.7058
-67.7247
-67.7435
-67.7622
-67.7809
-67.7995
-67.818
-67.8364
-67.8548
-67.8731
-67.8914
-67.9096
-67.9278
-67.9458
-67.9639
-67.9818
-67.9997
-68.0176
-68.0353
-68.053
-68.0707
-68.0883
-68.1058
-68.1232
-68.1406
-68.1579
-68.1751
-68.1922
-68.2093
-68.2263
-68.2432
-68.2601
-68.2769
-68.2935
-68.3101
-68.3267
-68.3431
-68.3595
-68.3757
-68.3919
-68.408
-68.424
-68.4399
-68.4558
-68.4715
-68.4871
-68.5027
-68.5181
-68.5335
-68.5488
-68.5639
-68.579
-68.594
-68.6088
-68.6236
-68.6383
-68.6528
-68.6673
-68.6817
-68.6959
-68.7101
-68.7241
-68.7381
-68.7519
-68.7656
-68.7792
-68.7927
-68.8062
-68.8194
-68.8326
-68.8457
-68.8587
-68.8715
-68.8843
-68.8969
-68.9094
-68.9218
-68.9341
-68.9463
-68.9584
-68.9703
-68.9822
-68.9939
-69.0055
-69.017
-69.0284
-69.0396
-69.0508
-69.0618
-69.0727
-69.0835
-69.0942
-69.1048
-69.1152
-69.1256
-69.1358
-69.1459
-69.1559
-69.1657
-69.1755
-69.1851
-69.1946
-69.204
-69.2133
-69.2225
-69.2315
-69.2404
-69.2493
-69.2579
-69.2665
-69.275
-69.2833
-69.2915
-69.2996
-69.3076
-69.3155
-69.3232
-69.3309
-69.3384
-69.3458
-69.3531
-69.3602
-69.3673
-69.3742
-69.381
-69.3877
-69.3943
-69.4008
-69.4072
-69.4134
-69.4195
-69.4255
-69.4314
-69.4372
-69.4429
-69.4484
-69.4539
-69.4592
-69.4644
-69.4695
-69.4745
-69.4793
-69.4841
-69.4887
-69.4933
-69.4977
-69.502
-69.5062
-69.5103
-69.5142
-69.5181
-69.5219
-69.5255
-69.529
-69.5325
-69.5358
-69.539
-69.5421
-69.5451
-69.548
-69.5507
-69.5534
-69.556
-69.5584
-69.5607
-69.563
-69.5651
-69.5672
-69.5691
-69.5709
-69.5726
-69.5742
-69.5757
-69.5771
-69.5784
-69.5796
-69.5807
-69.5817
-69.5826
-69.5834
-69.5841
-69.5847
-69.5852
-69.5856
-69.5859
-69.5861
-69.5862
-69.5862
-69.5861
-69.5859
-69.5856
-69.5852
-69.5847
-69.5842
-69.5835
-69.5827
-69.5819
-69.5809
-69.5798
-69.5787
-69.5775
-69.5761
-69.5747
-69.5732
-69.5716
-69.5699
-69.5681
-69.5662
-69.5643
-69.5622
-69.5601
-69.5579
-69.5555
-69.5531
-69.5507
-69.5481
-69.5454
-69.5427
-69.5398
-69.5369
-69.5339
-69.5308
-69.5277
-69.5244
-69.5211
-69.5177
-69.5142
-69.5106
-69.5069
-69.5032
-69.4994
-69.4955
-69.4915
-69.4874
-69.4833
-69.4791
-69.4748
-69.4704
-69.466
-69.4615
-69.4569
-69.4522
-69.4475
-69.4426
-69.4378
-69.4328
-69.4278
-69.4226
-69.4175
-69.4122
-69.4069
-69.4015
-69.396
-69.3905
-69.3849
-69.3792
-69.3735
-69.3677
-69.3618
-69.3559
-69.3499
-69.3438
-69.3377
-69.3315
-69.3252
-69.3189
-69.3125
-69.306
-69.2995
-69.2929
-69.2863
-69.2796
-69.2728
-69.266
-69.2591
-69.2521
-69.2451
-69.238
-69.2309
-69.2237
-69.2165
-69.2092
-69.2018
-69.1944
-69.187
-69.1794
-69.1719
-69.1642
-69.1566
-69.1488
-69.141
-69.1332
-69.1253
-69.1173
-69.1093
-69.1013
-69.0932
-69.085
-69.0768
-69.0686
-69.0603
-69.052
-69.0436
-69.0351
-69.0266
-69.0181
-69.0095
-69.0009
-68.9922
-68.9835
-68.9748
-68.966
-68.9571
-68.9482
-68.9393
-68.9303
-68.9213
-68.9123
-68.9032
-68.894
-68.8848
-68.8756
-68.8664
-68.8571
-68.8477
-68.8383
-68.8289
-68.8195
-68.81
-68.8005
-68.7909
-68.7813
-68.7717
-68.762
-68.7523
-68.7426
-68.7328
-68.723
-68.7132
-68.7033
-68.6934
-68.6835
-68.6736
-68.6636
-68.6536
-68.6435
-68.6334
-68.6233
-68.6132
-68.603
-68.5928
-68.5826
-68.5723
-68.5621
-68.5518
-68.5414
-68.5311
-68.5207
-68.5103
-68.4999
-68.4894
-68.4789
-68.4684
-68.4579
-68.4474
-68.4368
-68.4262
-68.4156
-68.4049
-68.3943
-68.3836
-68.3729
-68.3622
-68.3515
-68.3407
-68.3299
-68.3191
-68.3083
-68.2975
-68.2866
-68.2758
-68.2649
-68.254
-68.2431
-68.2322
-68.2212
-68.2103
-68.1993
-68.1883
-68.1773
-68.1663
-68.1552
-68.1442
-68.1331
-68.1221
-68.111
-68.0999
-68.0888
-68.0777
-68.0665
-68.0554
-68.0443
-68.0331
-68.0219
-68.0108
-67.9996
-67.9884
-67.9772
-67.966
-67.9547
-67.9435
-67.9323
-67.9211
-67.9098
-67.8986
-67.8873
-67.876
-67.8648
-67.8535
-67.8422
-67.8309
-67.8197
-67.8084
-67.7971
-67.7858
-67.7745
-67.7632
-67.7519
-67.7405
-67.7292
-67.7179
-67.7066
-67.6953
-67.684
-67.6727
-67.6613
-67.65
-67.6387
-67.6274
-67.4763
-67.2345
-66.9264
-66.5669
-66.1669
-65.7348
-65.2772
-64.7994
-64.3055
-63.7993
-63.2835
-62.7605
-62.2323
-61.7005
-61.1665
-60.6315
-60.0963
-59.5618
-59.0286
-58.4972
-57.9681
-57.4415
-56.9178
-56.3971
-55.8793
-55.3646
-54.8528
-54.3438
-53.8374
-53.3332
-52.8308
-52.3298
-51.8297
-51.3298
-50.8294
-50.3277
-49.8237
-49.3165
-48.8048
-48.2875
-47.763
-47.2299
-46.6863
-46.1304
-45.5599
-44.9726
-44.3658
-43.7364
-43.0813
-42.3966
-41.6783
-40.9217
-40.1215
-39.2718
-38.366
-37.3963
-36.3543
-35.2303
-34.0133
-32.6911
-31.2498
-29.6742
-27.9474
-26.0511
-23.9662
-21.6729
-19.1522
-16.3876
-13.3667
-10.0855
-6.55125
-2.78723
1.16355
5.23615
9.34429
13.3849
17.2469
20.8226
24.0205
26.7756
29.0556
30.8607
32.2188
33.1769
33.792
34.1221
34.2215
34.1368
33.9062
33.5597
33.1203
32.6056
32.0286
31.399
30.7246
30.011
29.2629
28.4842
27.678
26.8473
25.9943
25.1214
24.2306
23.3237
22.4025
21.4686
20.5236
19.5688
18.6056
17.6352
16.6589
15.6777
14.6927
13.7048
12.715
11.7241
10.7328
9.74183
8.75193
7.76367
6.77762
5.79427
4.8141
3.83752
2.86492
1.89664
0.932988
-0.0257745
-0.979404
-1.92769
-2.87047
-3.80757
-4.73888
-5.66428
-6.5837
-7.49707
-8.40435
-9.30552
-10.2006
-11.0895
-11.9724
-12.8492
-13.72
-14.562
-15.3849
-16.1931
-16.9886
-17.7728
-18.5467
-19.3109
-20.0658
-20.812
-21.5499
-22.2798
-23.0021
-23.7172
-24.4254
-25.1272
-25.8228
-26.5128
-27.1975
-27.8774
-28.5528
-29.2242
-29.8922
-30.5572
-31.2198
-31.8804
-32.5396
-33.198
-33.8562
-34.5149
-35.1746
-35.836
-36.4998
-37.1667
-37.8374
-38.5126
-39.193
-39.8792
-40.5719
-41.2718
-41.9794
-42.6951
-43.4195
-44.1528
-44.8951
-45.6463
-46.406
-47.1738
-47.9487
-48.7294
-49.5143
-50.3012
-51.0876
-51.8704
-52.6462
-53.4112
-54.1613
-54.8922
-55.5995
-56.2792
-56.9273
-57.5404
-58.1157
-58.6511
-59.1453
-59.5978
-60.0087
-60.3791
-60.7104
-61.0046
-61.2642
-61.4918
-61.6901
-61.862
-62.01
-62.137
-62.2454
-62.3374
-62.4153
-62.4809
-62.5358
-62.5817
-62.6199
-62.6515
-62.6776
-62.6991
-62.7167
-62.731
-62.7427
-62.7522
-62.76
-62.7664
-62.7717
-62.7762
-62.78
-62.7835
-62.7866
-62.7896
-62.7926
-62.7956
-62.7988
-62.8022
-62.8058
-62.8097
-62.814
-62.8187
-62.8237
-62.8292
-62.8351
-62.8415
-62.8483
-62.8555
-62.8632
-62.8714
-62.8801
-62.8892
-62.8987
-62.9088
-62.9193
-62.9302
-62.9415
-62.9533
-62.9656
-62.9782
-62.9913
-63.0048
-63.0187
-63.0329
-63.0476
-63.0626
-63.078
-63.0938
-63.1099
-63.1264
-63.1432
-63.1603
-63.1777
-63.1955
-63.2136
-63.2319
-63.2506
-63.2695
-63.2887
-63.3082
-63.3279
-63.3479
-63.3682
-63.3887
-63.4094
-63.4303
-63.4515
-63.4729
-63.4945
-63.5162
-63.5382
-63.5604
-63.5827
-63.6052
-63.6279
-63.6508
-63.6738
-63.6969
-63.7202
-63.7437
-63.7673
-63.791
-63.8148
-63.8388
-63.8629
-63.887
-63.9113
-63.9357
-63.9602
-63.9848
-64.0094
-64.0342
-64.059
-64.0839
-64.1088
-64.1338
-64.1589
-64.1841
-64.2092
-64.2345
-64.2598
-64.2851
-64.3105
-64.3358
-64.3613
-64.3867
-64.4122
-64.4377
-64.4632
-64.4887
-64.5143
-64.5398
-64.5653
-64.5909
-64.6164
-64.642
-64.6675
-64.693
-64.7185
-64.744
-64.7694
-64.7949
-64.8203
-64.8457
-64.8711
-64.8964
-64.9217
-64.947
-64.9722
-64.9974
-65.0225
-65.0476
-65.0726
-65.0976
-65.1226
-65.1475
-65.1723
-65.1971
-65.2218
-65.2465
-65.2711
-65.2956
-65.3201
-65.3445
-65.3688
-65.3931
-65.4173
-65.4414
-65.4654
-65.4894
-65.5132
-65.537
-65.5608
-65.5844
-65.608
-65.6314
-65.6548
-65.6781
-65.7013
-65.7244
-65.7475
-65.7704
-65.7932
-65.816
-65.8386
-65.8612
-65.8836
-65.906
-65.9282
-65.9504
-65.9724
-65.9944
-66.0162
-66.038
-66.0596
-66.0811
-66.1026
-66.1239
-66.1451
-66.1662
-66.1872
-66.2081
-66.2288
-66.2495
-66.27
-66.2905
-66.3108
-66.331
-66.3511
-66.3711
-66.3909
-66.4107
-66.4303
-66.4498
-66.4692
-66.4885
-66.5077
-66.5267
-66.5456
-66.5644
-66.5831
-66.6017
-66.6201
-66.6384
-66.6566
-66.6747
-66.6927
-66.7105
-66.7282
-66.7458
-66.7633
-66.7806
-66.7978
-66.8149
-66.8319
-66.8488
-66.8655
-66.8821
-66.8986
-66.9149
-66.9311
-66.9472
-66.9632
-66.9791
-66.9948
-67.0104
-67.0259
-67.0412
-67.0565
-67.0716
-67.0865
-67.1014
-67.1161
-67.1307
-67.1452
-67.1595
-67.1738
-67.1879
-67.2018
-67.2157
-67.2294
-67.243
-67.2565
-67.2698
-67.283
-67.2961
-67.3091
-67.322
-67.3347
-67.3473
-67.3598
-67.3721
-67.3843
-67.3964
-67.4084
-67.4203
-67.432
-67.4436
-67.4551
-67.4665
-67.4777
-67.4888
-67.4998
-67.5107
-67.5214
-67.5321
-67.5426
-67.553
-67.5632
-67.5734
-67.5834
-67.5933
-67.6031
-67.6127
-67.6223
-67.6317
-67.641
-67.6502
-67.6593
-67.6682
-67.5398
-67.3243
-67.0463
-66.7213
-66.3601
-65.9708
-65.56
-65.1328
-64.6933
-64.2449
-63.7901
-63.3312
-62.8702
-62.4083
-61.9471
-61.4874
-61.0302
-60.5761
-60.126
-59.6801
-59.2391
-58.8032
-58.3727
-57.948
-57.529
-57.1161
-56.7092
-56.3084
-55.9138
-55.5253
-55.1428
-54.7663
-54.3957
-54.0307
-53.6713
-53.3173
-52.9683
-52.6243
-52.2849
-51.9498
-51.6188
-51.2915
-50.9676
-50.6466
-50.3283
-50.0122
-49.6979
-49.385
-49.0729
-48.7612
-48.4495
-48.137
-47.8234
-47.5079
-47.1901
-46.8692
-46.5445
-46.2153
-45.8809
-45.5404
-45.1929
-44.8376
-44.4733
-44.0991
-43.7138
-43.3162
-42.9048
-42.4782
-42.0349
-41.5731
-41.0909
-40.5863
-40.0569
-39.5003
-38.9137
-38.2942
-37.6385
-36.9428
-36.2033
-35.4156
-34.5747
-33.6756
-32.7124
-31.6789
-30.5685
-29.3739
-28.0875
-26.7015
-25.2078
-23.5984
-21.8657
-20.0029
-18.0045
-15.8675
-13.5916
-11.1809
-8.64463
-5.99853
-3.26579
-0.477688
2.3265
5.10032
7.79223
10.3487
12.7181
14.8555
16.7258
18.3074
19.5924
20.5858
21.3035
21.769
22.0095
22.054
21.9303
21.6641
21.2779
20.7913
20.2206
19.5796
18.8793
18.1293
17.3372
16.5094
15.6514
14.7678
13.8626
12.939
12.0002
11.0487
10.0868
9.11658
8.1399
7.15839
6.17352
5.18661
4.19885
3.2113
2.22491
1.24054
0.258939
-0.71921
-1.69331
-2.66284
-3.62732
-4.58637
-5.53962
-6.48677
-7.42758
-8.36183
-9.28934
-10.21
-11.1236
-12.0302
-12.9297
-13.8221
-14.7073
-15.5855
-16.4566
-17.3206
-18.1778
-19.0282
-19.872
-20.7092
-21.5401
-22.3648
-23.1836
-23.9967
-24.8043
-25.6068
-26.4044
-27.1975
-27.9865
-28.7717
-29.5535
-30.3325
-31.1091
-31.8838
-32.6572
-33.4298
-34.2023
-34.9753
-35.7496
-36.5257
-37.3045
-38.0868
-38.8734
-39.665
-40.4625
-41.2667
-42.0786
-42.8988
-43.7283
-44.5678
-45.418
-46.2795
-47.153
-48.0386
-48.9368
-49.8475
-50.7704
-51.705
-52.6505
-53.6054
-54.5682
-55.5366
-56.5077
-57.4784
-58.4447
-59.4022
-60.3462
-61.2714
-62.1725
-63.0441
-63.8809
-64.6779
-65.431
-66.1366
-66.7922
-67.3963
-67.9483
-68.4489
-68.8993
-69.302
-69.6595
-69.9753
-70.2528
-70.4956
-70.7072
-70.8911
-71.0506
-71.1887
-71.3082
-71.4114
-71.5007
-71.578
-71.6449
-71.703
-71.7534
-71.7975
-71.8359
-71.8697
-71.8994
-71.9257
-71.949
-71.9699
-71.9885
-72.0054
-72.0206
-72.0345
-72.0472
-72.0589
-72.0697
-72.0797
-72.0891
-72.098
-72.1063
-72.1142
-72.1216
-72.1288
-72.1356
-72.1421
-72.1484
-72.1545
-72.1604
-72.1661
-72.1716
-72.177
-72.1822
-72.1872
-72.1922
-72.197
-72.2017
-72.2063
-72.2108
-72.2152
-72.2195
-72.2236
-72.2277
-72.2317
-72.2356
-72.2394
-72.2431
-72.2468
-72.2503
-72.2537
-72.2571
-72.2604
-72.2635
-72.2666
-72.2696
-72.2726
-72.2754
-72.2781
-72.2808
-72.2833
-72.2858
-72.2882
-72.2905
-72.2927
-72.2948
-72.2968
-72.2987
-72.3006
-72.3023
-72.304
-72.3055
-72.307
-72.3084
-72.3097
-72.3109
-72.312
-72.313
-72.3139
-72.3147
-72.3154
-72.316
-72.3165
-72.317
-72.3173
-72.3175
-72.3177
-72.3177
-72.3177
-72.3175
-72.3173
-72.3169
-72.3165
-72.3159
-72.3153
-72.3146
-72.3137
-72.3128
-72.3117
-72.3106
-72.3094
-72.308
-72.3066
-72.3051
-72.3035
-72.3017
-72.2999
-72.298
-72.2959
-72.2938
-72.2916
-72.2893
-72.2868
-72.2843
-72.2817
-72.279
-72.1322
-71.8965
-71.5988
-71.2557
-70.8791
-70.4775
-70.0578
-69.6253
-69.184
-68.7374
-68.2881
-67.8382
-67.3896
-66.9435
-66.5013
-66.0637
-65.6317
-65.2059
-64.7867
-64.3746
-63.97
-63.573
-63.184
-62.8031
-62.4303
-62.0658
-61.7096
-61.3617
-61.0221
-60.6908
-60.3676
-60.0527
-59.7457
-59.4467
-59.1556
-58.8721
-58.5962
-58.3278
-58.0667
-57.8128
-57.5658
-57.3257
-57.0923
-56.8655
-56.645
-56.4307
-56.2225
-56.0202
-55.8236
-55.6327
-55.4471
-55.2668
-55.0917
-54.9215
-54.7562
-54.5956
-54.4395
-54.2879
-54.1405
-53.9973
-53.8581
-53.7229
-53.5915
-53.4637
-53.3395
-53.2188
-53.1015
-52.9874
-52.8765
-52.7687
-52.6639
-52.562
-52.463
-52.3667
-52.2731
-52.1821
-52.0936
-52.0076
-51.9241
-51.8429
-51.764
-51.6873
-51.6129
-51.5406
-51.4704
-51.4023
-51.3362
-51.272
-51.2099
-51.1496
-51.0912
-51.0347
-50.98
-50.9271
-50.876
-50.8266
-50.7789
-50.733
-50.6887
-50.6461
-50.6052
-50.5659
-50.5282
-50.4922
-50.4578
-50.425
-50.3937
-50.3641
-50.336
-50.3096
-50.2846
-50.2613
-50.2395
-50.2193
-50.2007
-50.1836
-50.1681
-50.1542
-50.1419
-50.1311
-50.122
-50.1145
-50.1086
-50.1043
-50.0052
-49.8498
-49.6559
-49.4343
-49.1919
-48.9338
-48.6636
-48.384
-48.097
-47.8042
-47.5066
-47.2051
-46.9003
-46.5925
-46.2821
-45.9693
-45.654
-45.3363
-45.016
-44.6931
-44.3673
-44.0384
-43.706
-43.3698
-43.0295
-42.6845
-42.3345
-41.9789
-41.6172
-41.2487
-40.8728
-40.4889
-40.0961
-39.6937
-39.2809
-38.8567
-38.4202
-37.9704
-37.5062
-37.0264
-36.5298
-36.0151
-35.4809
-34.9258
-34.3482
-33.7465
-33.119
-32.4638
-31.7792
-31.0631
-30.3136
-29.5285
-28.7059
-27.8437
-26.9396
-25.9918
-24.9982
-23.9571
-22.867
-21.7264
-20.5347
-19.2912
-17.9961
-16.6504
-15.2556
-13.8145
-12.3309
-10.8101
-9.25868
-7.68501
-6.09925
-4.5135
-2.9418
-1.40009
0.094075
1.522
2.86458
4.1032
5.22088
6.20328
7.03969
7.72359
8.25286
8.62955
8.85937
8.95086
8.91451
8.76198
8.50529
8.15631
7.72631
7.22575
6.6641
6.04984
5.39047
4.69257
3.96192
3.20355
2.42182
1.62057
0.803128
-0.0275738
-0.86898
-1.71885
-2.57519
-3.43628
-4.30057
-5.16672
-6.03354
-6.89997
-7.76508
-8.62807
-9.48822
-10.3449
-11.1976
-12.0458
-12.8892
-13.7274
-14.56
-15.3869
-16.2079
-17.0228
-17.8315
-18.6339
-19.4301
-20.2198
-21.0033
-21.7805
-22.5515
-23.3164
-24.0753
-24.8284
-25.5759
-26.3179
-27.0546
-27.7864
-28.5134
-29.2361
-29.9546
-30.6694
-31.3809
-32.0893
-32.7952
-33.499
-34.2012
-34.9022
-35.6026
-36.3029
-37.0038
-37.7057
-38.4092
-39.1151
-39.8238
-40.5362
-41.2527
-41.974
-42.7009
-43.4337
-44.1733
-44.9201
-45.6745
-46.4371
-47.208
-47.9877
-48.776
-49.573
-50.3783
-51.1914
-52.0116
-52.8376
-53.6682
-54.5014
-55.3352
-56.1668
-56.9934
-57.8115
-58.6174
-59.4072
-60.1767
-60.9219
-61.6388
-62.3235
-62.9729
-63.5842
-64.1553
-64.6849
-65.1726
-65.6185
-66.0236
-66.3893
-66.7178
-67.0113
-67.2724
-67.504
-67.7087
-67.8894
-68.0485
-68.1886
-68.3119
-68.4205
-68.5164
-68.601
-68.676
-68.7427
-68.8021
-68.8554
-68.9033
-68.9465
-68.9859
-69.0218
-69.0548
-69.0852
-69.1135
-69.1399
-69.1647
-69.1882
-69.2104
-69.2315
-69.2518
-69.2713
-69.29
-69.3082
-69.3258
-69.343
-69.3598
-69.3762
-69.3923
-69.408
-69.4236
-69.4389
-69.4539
-69.4688
-69.4835
-69.4981
-69.5125
-69.5267
-69.5408
-69.4236
-69.2302
-68.9873
-68.7107
-68.4112
-68.0962
-67.7714
-67.4409
-67.1078
-66.7746
-66.4431
-66.1146
-65.7902
-65.4708
-65.1569
-64.849
-64.5474
-64.2525
-63.9644
-63.6831
-63.4089
-63.1416
-62.8814
-62.628
-62.3816
-62.1421
-61.9092
-61.683
-61.4634
-61.2502
-61.0433
-60.8425
-60.6479
-60.4591
-60.2762
-60.0989
-59.9272
-59.7609
-59.5998
-59.444
-59.2931
-59.1472
-59.006
-58.8695
-58.7376
-58.6101
-58.487
-58.3681
-58.2532
-58.1424
-58.0356
-57.9325
-57.8331
-57.7374
-57.6452
-57.5565
-57.4712
-57.3891
-57.3102
-57.2345
-57.1618
-57.0921
-57.0253
-56.9614
-56.9002
-56.8417
-56.7859
-56.7327
-56.682
-56.6338
-56.588
-56.5445
-56.5034
-56.4645
-56.4279
-56.3934
-56.361
-56.3307
-56.3024
-56.2761
-56.2517
-56.2293
-56.2087
-56.1899
-56.1729
-56.1577
-56.1442
-56.1323
-56.1221
-56.1135
-56.1065
-56.1011
-56.0971
-56.0947
-56.0937
-56.0941
-56.096
-56.0992
-56.1038
-56.1096
-56.1168
-56.1253
-56.135
-56.1459
-56.158
-56.1713
-56.1857
-56.2012
-56.2179
-56.2356
-56.2544
-56.2743
-56.2951
-56.3169
-56.3398
-56.3635
-56.3882
-56.4139
-56.4404
-56.4678
-56.496
-56.5251
-56.555
-56.5857
-56.6172
-56.6494
-56.6824
-56.7161
-56.7506
-56.7857
-56.8215
-56.858
-56.8951
-56.9328
-56.9712
-57.0101
-57.0497
-57.0898
-57.1304
-57.1716
-57.2133
-57.2555
-57.2982
-57.3414
-57.385
-57.4291
-57.4736
-57.4081
-57.2771
-57.1017
-56.8947
-56.6648
-56.4183
-56.1599
-55.8932
-55.6209
-55.3453
-55.068
-54.7904
-54.5135
-54.2382
-53.9651
-53.6948
-53.4277
-53.1641
-52.9043
-52.6485
-52.3969
-52.1495
-51.9065
-51.668
-51.4338
-51.204
-50.9787
-50.7577
-50.541
-50.3286
-50.1203
-49.9162
-49.716
-49.5197
-49.3272
-49.1384
-48.9532
-48.7715
-48.5931
-48.4179
-48.2458
-48.0767
-47.8216
-47.5185
-47.1854
-46.8325
-46.4664
-46.092
-45.7122
-45.3296
-44.9455
-44.5612
-44.1774
-43.7945
-43.4127
-43.0321
-42.6527
-42.2742
-41.8966
-41.5194
-41.1423
-40.765
-40.3871
-40.0082
-39.6277
-39.2452
-38.8602
-38.4721
-38.0805
-37.6847
-37.2842
-36.8785
-36.4668
-36.0486
-35.6233
-35.1901
-34.7485
-34.2977
-33.837
-33.3657
-32.8831
-32.3883
-31.8808
-31.3595
-30.8238
-30.2729
-29.7058
-29.1219
-28.5202
-27.8999
-27.2602
-26.6003
-25.9194
-25.2166
-24.4913
-23.7427
-22.9702
-22.1732
-21.3512
-20.5038
-19.6306
-18.7317
-17.807
-16.8569
-15.8821
-14.8836
-13.8627
-12.8006
-11.714
-10.6132
-9.50629
-8.40126
-7.30649
-6.2312
-5.18559
-4.18073
-3.22836
-2.34043
-1.52851
-0.803178
-0.173318
0.354386
0.775818
1.08954
1.2967
1.40071
1.40683
1.32169
1.15275
0.907914
0.595125
0.22211
-0.203824
-0.675901
-1.18794
-1.73437
-2.31021
-2.91104
-3.53295
-4.1725
-4.82665
-5.49276
-6.16846
-6.85171
-7.5407
-8.23385
-8.92975
-9.62718
-10.3251
-11.0225
-11.7185
-12.4125
-13.1039
-13.792
-14.4764
-15.1567
-15.8325
-16.5035
-17.1695
-17.8304
-18.4858
-19.1357
-19.78
-20.4186
-21.0515
-21.6786
-22.3
-22.9157
-23.5258
-24.1303
-24.7293
-25.3229
-25.9113
-26.4946
-27.0729
-27.6464
-28.2154
-28.7799
-29.3403
-29.8968
-30.4495
-30.9989
-31.5451
-32.0885
-32.6294
-33.1681
-33.7049
-34.2402
-34.7744
-35.3078
-35.8409
-36.3741
-36.9077
-37.4422
-37.9781
-38.5158
-39.0557
-39.5982
-40.1438
-40.6929
-41.2459
-41.803
-42.3646
-42.931
-43.5023
-44.0785
-44.6597
-45.2457
-45.8362
-46.4306
-47.0283
-47.6284
-48.2298
-48.831
-49.4305
-50.0264
-50.6166
-51.199
-51.7711
-52.3305
-52.8749
-53.4019
-53.9092
-54.3951
-54.858
-55.2964
-55.7097
-56.0973
-56.4591
-56.7954
-57.1069
-57.3944
-57.6591
-57.9021
-58.1249
-58.3289
-58.5157
-58.6866
-58.8431
-58.9866
-59.1184
-59.2396
-59.3514
-59.4548
-59.5508
-59.6401
-59.7236
-59.8019
-59.8757
-59.9454
-60.0116
-60.0747
-60.135
-60.1929
-60.2487
-60.3026
-60.3549
-60.4058
-60.4554
-60.5038
-60.5513
-60.598
-60.6439
-60.6891
-60.7337
-60.7778
-60.8215
-60.8647
-60.9076
-60.9502
-60.9925
-61.0346
-61.0764
-61.118
-61.1595
-61.2008
-61.242
-61.283
-61.3239
-61.3647
-61.4054
-61.4461
-61.4866
-61.5271
-61.5675
-61.6078
-61.648
-61.6882
-61.7284
-61.7684
-61.8085
-61.8484
-61.8883
-61.9281
-61.9679
-62.0077
-62.0473
-62.0869
-62.1265
-62.166
-62.2054
-62.2448
-62.2841
-62.3233
-62.3625
-62.4016
-62.4407
-62.4796
-62.5185
-62.5573
-62.5961
-62.6347
-62.6733
-62.7118
-62.7502
-62.7886
-62.8268
-62.865
-62.903
-62.941
-62.9789
-63.0167
-63.0544
-63.092
-63.1295
-63.1669
-63.2042
-63.2414
-63.2784
-63.3154
-63.3523
-63.389
-63.4257
-63.4622
-63.4986
-63.5349
-63.5711
-63.6072
-63.6431
-63.679
-63.7147
-63.7502
-63.7857
-63.821
-63.8562
-63.8913
-63.9262
-63.961
-63.9957
-64.0303
-64.0647
-64.099
-64.1331
-64.1671
-64.201
-64.2347
-64.2683
-64.3018
-64.3351
-64.3683
-64.4013
-64.4342
-64.4669
-64.4995
-64.532
-64.5643
-64.5965
-64.6285
-64.6603
-64.6921
-64.7236
-64.7551
-64.7863
-64.8174
-64.8484
-64.8792
-64.9099
-64.9404
-64.9708
-65.001
-65.031
-65.0609
-65.0907
-65.1203
-65.1497
-65.179
-65.2081
-65.2371
-65.2659
-65.2945
-65.323
-65.3513
-65.3795
-65.4075
-65.4354
-65.4631
-65.4907
-65.518
-65.5453
-65.5723
-65.5992
-65.626
-65.6526
-65.679
-65.7053
-65.7314
-65.7574
-65.7832
-65.8088
-65.8343
-65.8596
-65.8847
-65.9097
-65.9346
-65.9592
-65.9838
-66.0081
-66.0323
-66.0563
-66.0802
-66.1039
-66.1275
-66.1509
-66.1741
-66.1972
-66.2201
-66.2429
-66.2655
-66.2879
-66.3102
-66.3323
-66.3543
-66.3761
-66.3978
-66.4193
-66.4406
-66.4618
-66.4828
-66.5036
-66.5243
-66.5449
-66.5653
-66.5855
-66.6056
-66.6255
-66.6453
-66.6649
-66.6843
-66.7036
-66.7228
-66.7418
-66.7606
-66.7793
-66.7978
-66.8162
-66.8344
-66.8525
-66.8704
-66.8881
-66.9057
-66.9232
-66.9405
-66.9577
-66.9747
-66.9915
-67.0082
-67.0248
-67.0412
-67.0574
-67.0735
-67.0895
-67.1053
-67.1209
-67.1364
-67.1518
-67.167
-67.1821
-67.197
-67.0766
-66.8713
-66.6057
-66.295

