-65
-64.9994
-64.9988
-64.9982
-64.9977
-64.9971
-64.9965
-64.996
-64.9954
-64.9949
-64.9943
-64.9938
-64.9932
-64.9927
-64.9922
-64.9917
-64.9912
-64.9906
-64.9901
-64.9896
-64.9891
-64.9886
-64.9881
-64.9876
-64.9872
-64.9867
-64.9862
-64.9857
-64.9852
-64.9848
-64.9843
-64.9838
-64.9834
-64.9829
-64.9825
-64.982
-64.9816
-64.9811
-64.9807
-64.9802
-64.9798
-64.9794
-64.9789
-64.9785
-64.9781
-64.9777
-64.9772
-64.9768
-64.9764
-64.976
-64.9756
-64.9752
-64.9748
-64.9744
-64.974
-64.9736
-64.9732
-64.9728
-64.9725
-64.9721
-64.9717
-64.9713
-64.971
-64.9706
-64.9702
-64.9699
-64.9695
-64.9692
-64.9688
-64.9685
-64.9681
-64.9678
-64.9675
-64.9671
-64.9668
-64.9665
-64.9661
-64.9658
-64.9655
-64.9652
-64.9649
-64.9646
-64.9642
-64.9639
-64.9636
-64.9633
-64.963
-64.9628
-64.9625
-64.9622
-64.9619
-64.9616
-64.9613
-64.9611
-64.9608
-64.9605
-64.9603
-64.96
-64.9598
-64.9595
-64.9592
-64.959
-64.9588
-64.9585
-64.9583
-64.958
-64.9578
-64.9576
-64.9573
-64.9571
-64.9569
-64.9567
-64.9565
-64.9562
-64.956
-64.9558
-64.9556
-64.9554
-64.9552
-64.955
-64.9548
-64.9546
-64.9545
-64.9543
-64.9541
-64.9539
-64.9537
-64.9536
-64.9534
-64.9532
-64.9531
-64.9529
-64.9527
-64.9526
-64.9524
-64.9523
-64.9521
-64.952
-64.9519
-64.9517
-64.9516
-64.9514
-64.9513
-64.9512
-64.9511
-64.9509
-64.9508
-64.9507
-64.9506
-64.9505
-64.9504
-64.9503
-64.9502
-64.95
-64.9499
-64.9499
-64.9498
-64.9497
-64.9496
-64.9495
-64.9494
-64.9493
-64.9492
-64.9492
-64.9491
-64.949
-64.9489
-64.9489
-64.9488
-64.9487
-64.9487
-64.9486
-64.9486
-64.9485
-64.9485
-64.9484
-64.9484
-64.9483
-64.9483
-64.9482
-64.9482
-64.9482
-64.9481
-64.9481
-64.9481
-64.948
-64.948
-64.948
-64.948
-64.948
-64.9479
-64.9479
-64.9479
-64.9479
-64.9479
-64.9479
-64.9479
-64.9479
-64.9479
-64.9479
-64.9479
-64.9479
-64.9479
-64.9479
-64.9479
-64.9479
-64.9479
-64.9479
-64.948
-64.948
-64.948
-64.948
-64.9481
-64.9481
-64.9481
-64.9481
-64.9482
-64.9482
-64.9482
-64.9483
-64.9483
-64.9483
-64.9484
-64.9484
-64.9485
-64.9485
-64.9486
-64.9486
-64.9487
-64.9487
-64.9488
-64.9488
-64.9489
-64.9489
-64.949
-64.9491
-64.9491
-64.9492
-64.9492
-64.9493
-64.9494
-64.9494
-64.9495
-64.9496
-64.9497
-64.9497
-64.9498
-64.9499
-64.95
-64.95
-64.9501
-64.9502
-64.9503
-64.9504
-64.9504
-64.9505
-64.9506
-64.9507
-64.9508
-64.9509
-64.951
-64.951
-64.9511
-64.9512
-64.9513
-64.9514
-64.9515
-64.9516
-64.9517
-64.9518
-64.9519
-64.952
-64.9521
-64.9522
-64.9523
-64.9524
-64.9525
-64.9526
-64.9527
-64.9528
-64.9529
-64.953
-64.9532
-64.9533
-64.9534
-64.9535
-64.9536
-64.9537
-64.9538
-64.9539
-64.954
-64.9542
-64.9543
-64.9544
-64.9545
-64.9546
-64.9547
-64.9548
-64.955
-64.9551
-64.9552
-64.9553
-64.9554
-64.9556
-64.9557
-64.9558
-64.9559
-64.956
-64.9562
-64.9563
-64.9564
-64.9565
-64.9566
-64.9568
-64.9569
-64.957
-64.9571
-64.9573
-64.9574
-64.9575
-64.9576
-64.9578
-64.9579
-64.958
-64.9581
-64.9583
-64.9584
-64.9585
-64.9587
-64.9588
-64.9589
-64.959
-64.9592
-64.9593
-64.9594
-64.9595
-64.9597
-64.9598
-64.9599
-64.96
-64.9602
-64.9603
-64.9604
-64.9606
-64.9607
-64.9608
-64.9609
-64.9611
-64.9612
-64.9613
-64.9614
-64.9616
-64.9617
-64.9618
-64.962
-64.9621
-64.9622
-64.8277
-64.6057
-64.3193
-63.9828
-63.6066
-63.1987
-62.7653
-62.3114
-61.8411
-61.3577
-60.864
-60.3621
-59.8538
-59.3407
-58.8239
-58.3045
-57.7831
-57.2605
-56.7371
-56.2133
-55.6891
-55.1648
-54.6403
-54.1155
-53.5901
-53.0638
-52.5363
-52.0068
-51.4747
-50.9393
-50.3995
-49.8544
-49.3026
-48.7428
-48.1734
-47.5926
-46.9984
-46.3885
-45.7604
-45.1111
-44.4374
-43.7356
-43.0016
-42.2306
-41.4172
-40.5554
-39.6383
-38.6578
-37.6049
-36.4692
-35.239
-33.9008
-32.4392
-30.8371
-29.075
-27.1317
-24.9841
-22.6079
-19.9788
-17.0743
-13.8765
-10.3761
-6.57767
-2.5053
1.7916
6.23509
10.7196
15.1185
19.2974
23.1296
26.5134
29.3835
31.7161
33.5263
34.8588
35.7765
36.3488
36.6426
36.7169
36.6201
36.3906
36.0569
35.6405
35.1568
34.6173
34.0301
33.4016
32.7364
32.0384
31.3107
30.5559
29.7764
28.9742
28.1512
27.3092
26.4498
25.5746
24.685
23.7825
22.8683
21.9125
20.9376
19.9532
18.9639
17.9727
16.9814
15.991
15.0028
14.0173
13.0353
12.0572
11.0837
10.1151
9.15183
8.1942
7.24252
6.29705
5.35803
4.42565
3.50008
2.58148
1.66995
0.765596
-0.131514
-1.02132
-1.90378
-2.77888
-3.64661
-4.50699
-5.36001
-6.20573
-7.04419
-7.87542
-8.6995
-9.51651
-10.3265
-11.1296
-11.9258
-12.7153
-13.4982
-14.2746
-15.0446
-15.8084
-16.566
-17.3176
-18.0635
-18.8037
-19.5384
-20.2677
-20.992
-21.7114
-22.4262
-23.1365
-23.8427
-24.545
-25.2436
-25.939
-26.6315
-27.3214
-28.0092
-28.6951
-29.3798
-30.0636
-30.747
-31.4306
-32.115
-32.8007
-33.4884
-34.1786
-34.8721
-35.5697
-36.2719
-36.9796
-37.6935
-38.4144
-39.143
-39.88
-40.6262
-41.3822
-42.1485
-42.9255
-43.7136
-44.5129
-45.3233
-46.1443
-46.9753
-47.8151
-48.6622
-49.5146
-50.3698
-51.2247
-52.0757
-52.919
-53.75
-54.5642
-55.3566
-56.1226
-56.8577
-57.5576
-58.2189
-58.8389
-59.4156
-59.9478
-60.4354
-60.879
-61.2799
-61.6399
-61.9615
-62.2473
-62.5003
-62.7233
-62.9194
-63.0915
-63.2423
-63.3743
-63.4899
-63.5911
-63.68
-63.7582
-63.8272
-63.8883
-63.9427
-63.9914
-64.0351
-64.0748
-64.1109
-64.1441
-64.1748
-64.2034
-64.2303
-64.2557
-64.2798
-64.303
-64.2115
-64.0581
-63.8674
-63.6533
-63.4246
-63.1874
-62.9458
-62.7027
-62.4603
-62.2202
-61.9832
-61.7503
-61.522
-61.2987
-61.0806
-60.8679
-60.6608
-60.4593
-60.2634
-60.073
-59.8882
-59.7089
-59.535
-59.3664
-59.203
-59.0448
-58.8916
-58.7433
-58.5998
-58.4611
-58.3269
-58.1972
-58.0719
-57.9509
-57.8341
-57.7213
-57.6125
-57.5076
-57.4065
-57.309
-57.1143
-56.8691
-56.5951
-56.3047
-56.0054
-55.7025
-55.3996
-55.0992
-54.8031
-54.5124
-54.228
-53.9505
-53.6802
-53.4173
-53.162
-52.9144
-52.6742
-52.4416
-52.2164
-51.9985
-51.7877
-51.584
-51.387
-51.1967
-51.013
-50.8355
-50.6642
-50.4988
-50.3393
-50.1854
-50.0369
-49.8938
-49.7559
-49.623
-49.495
-49.3717
-49.253
-49.1387
-49.0289
-48.9232
-48.8217
-48.7242
-48.6305
-48.5407
-48.4546
-48.3721
-48.2931
-48.2176
-48.1454
-48.0765
-48.0109
-47.9484
-47.8889
-47.8325
-47.7791
-47.7285
-47.6808
-47.6359
-47.5937
-47.5543
-47.5175
-47.4833
-47.4516
-47.4225
-47.3959
-47.3718
-47.3501
-47.3307
-47.3137
-47.2991
-47.2867
-47.2766
-47.2688
-47.2631
-47.2597
-47.2584
-47.2592
-47.2622
-47.2672
-47.2743
-47.2835
-47.2947
-47.3079
-47.3231
-47.3402
-47.3593
-47.3803
-47.4032
-47.428
-47.4547
-47.4832
-47.5135
-47.5457
-47.5796
-47.6153
-47.6528
-47.6919
-47.7328
-47.7754
-47.8196
-47.8655
-47.9131
-47.9622
-48.0129
-48.0652
-48.1191
-48.1745
-48.2314
-48.2897
-48.3496
-48.4108
-48.4735
-48.5376
-48.603
-48.6698
-48.7379
-48.8073
-48.878
-48.9499
-49.023
-49.0974
-49.1729
-49.2495
-49.3273
-49.4061
-49.486
-49.5669
-49.6489
-49.7318
-49.8157
-49.9005
-49.9862
-50.0727
-50.1601
-50.2483
-50.3372
-50.4269
-50.5174
-50.6085
-50.7002
-50.7926
-50.8856
-50.9791
-51.0732
-51.1678
-51.2629
-51.3584
-51.4543
-51.5506
-51.6473
-51.7442
-51.7469
-51.6958
-51.6099
-51.5001
-51.3732
-51.2343
-51.0869
-50.9336
-50.7764
-50.6167
-50.4557
-50.2943
-50.1331
-49.9728
-49.8138
-49.6564
-49.5009
-49.3475
-49.1965
-49.048
-48.9021
-48.759
-48.6187
-48.4812
-48.3467
-48.2151
-48.0865
-47.9608
-47.8382
-47.7186
-47.6019
-47.4882
-47.3775
-47.2697
-47.1648
-47.0628
-46.9636
-46.8673
-46.7737
-46.6829
-46.5948
-46.5093
-46.4265
-46.3463
-46.2687
-46.1937
-46.1211
-46.051
-45.9834
-45.9181
-45.8553
-45.7948
-45.7366
-45.6808
-45.6272
-45.5759
-45.5268
-45.4799
-45.4352
-45.3926
-45.3522
-45.314
-45.2779
-45.2438
-45.2119
-45.182
-45.1542
-45.1285
-45.1048
-45.0832
-45.0636
-45.046
-45.0304
-45.0169
-45.0054
-44.9958
-44.9883
-44.9828
-44.9793
-44.9779
-44.9784
-44.9809
-44.9855
-44.9921
-45.0007
-45.0113
-45.0239
-45.0386
-45.0554
-45.0741
-45.0949
-45.1178
-45.1428
-45.1698
-45.1989
-45.2301
-45.2634
-45.2989
-45.3364
-45.3761
-45.4179
-45.4619
-45.5081
-45.5564
-45.6069
-45.6596
-45.7145
-45.7717
-45.831
-45.8926
-45.9565
-46.0226
-46.091
-46.1617
-46.2347
-46.3099
-46.3875
-46.4674
-46.5496
-46.6341
-46.721
-46.8102
-46.9017
-46.9956
-47.0919
-47.1904
-47.2914
-47.3946
-47.5002
-47.6082
-47.7184
-47.831
-47.9458
-48.063
-48.1824
-48.3041
-48.428
-48.554
-48.6823
-48.8127
-48.9453
-49.0799
-49.2165
-49.3552
-49.4958
-49.6383
-49.7827
-49.9288
-50.0767
-50.2263
-50.3775
-50.5302
-50.6844
-50.84
-50.997
-51.1551
-51.3144
-51.4748
-51.6362
-51.7984
-51.9615
-52.1252
-52.2895
-52.4543
-52.6195
-52.785
-52.9507
-53.1165
-53.2823
-53.4479
-53.6133
-53.7784
-53.943
-54.1071
-54.2706
-54.4334
-54.5953
-54.7564
-54.9164
-55.0754
-55.2332
-55.3898
-55.545
-55.6989
-55.8513
-56.0022
-56.1516
-56.2993
-56.4453
-56.5897
-56.7323
-56.873
-57.012
-57.1492
-57.2844
-57.4178
-57.5492
-57.6788
-57.8064
-57.9321
-58.0559
-58.1778
-58.2977
-58.4157
-58.5319
-58.6461
-58.7585
-58.869
-58.9777
-59.0846
-59.1897
-59.2931
-59.3947
-59.4946
-59.5928
-59.6894
-59.7843
-59.8776
-59.9694
-60.0597
-60.1484
-60.2357
-60.3215
-60.4059
-60.489
-60.5706
-60.651
-60.7301
-60.8079
-60.8845
-60.9599
-61.0341
-61.1072
-61.1792
-61.25
-61.3199
-61.3886
-61.4564
-61.5232
-61.589
-61.6538
-61.7178
-61.7809
-61.8431
-61.9044
-61.9649
-62.0246
-62.0835
-62.1417
-62.1991
-62.2557
-62.1897
-62.0484
-61.8551
-61.6236
-61.3636
-61.0824
-60.7854
-60.4769
-60.16
-59.8375
-59.5114
-59.1834
-58.8549
-58.527
-58.2004
-57.8761
-57.5546
-57.2364
-56.9219
-56.6115
-56.3054
-56.004
-55.7072
-55.4154
-55.1287
-54.847
-54.5705
-54.2992
-54.0332
-53.7723
-53.5166
-53.2661
-53.0206
-52.7802
-52.5447
-52.314
-52.0882
-51.8669
-51.6503
-51.4381
-51.2301
-51.0264
-50.8268
-50.631
-50.4391
-50.2508
-50.066
-49.8846
-49.7064
-49.5314
-49.3592
-49.1899
-49.0232
-48.859
-48.6972
-48.5377
-48.3802
-48.2246
-48.0709
-47.9187
-47.7682
-47.6189
-47.4709
-47.324
-47.178
-47.0329
-46.8883
-46.7443
-46.6006
-46.4571
-46.3137
-46.1701
-46.0263
-45.882
-45.7372
-45.5915
-45.445
-45.2972
-45.1482
-44.9976
-44.8453
-44.691
-44.5345
-44.3756
-44.2141
-44.0496
-43.8818
-43.7106
-43.5355
-43.3563
-43.1726
-42.9839
-42.7899
-42.5902
-42.3842
-42.1715
-41.9516
-41.7238
-41.4875
-41.2421
-40.9867
-40.7207
-40.443
-40.1529
-39.8492
-39.5309
-39.1967
-38.8453
-38.4753
-38.0851
-37.6729
-37.2369
-36.7751
-36.2851
-35.7646
-35.2108
-34.621
-33.9918
-33.3199
-32.6016
-31.833
-31.0099
-30.1279
-29.1824
-28.1688
-27.0824
-25.9188
-24.6739
-23.3446
-21.9286
-20.4253
-18.8365
-17.1665
-15.4233
-13.619
-11.77
-9.89746
-8.0269
-6.18699
-4.40841
-2.72183
-1.1559
0.264663
1.52058
2.59888
3.49309
4.20282
4.73286
5.09201
5.29193
5.34594
5.26811
5.0725
4.77265
4.38122
3.90984
3.369
2.76809
2.11543
1.41838
0.683408
-0.0838101
-0.878275
-1.6956
-2.53194
-3.38389
-4.24847
-5.12305
-6.00531
-6.89321
-7.78494
-8.67893
-9.57378
-10.4683
-11.3613
-12.252
-13.1395
-14.0231
-14.9022
-15.7763
-16.6449
-17.5078
-18.3645
-19.2149
-20.0589
-20.8962
-21.7267
-22.5506
-23.3677
-24.1782
-24.9821
-25.7796
-26.5708
-27.3093
-28.0156
-28.6992
-29.3652
-30.0171
-30.657
-31.2866
-31.9071
-32.5197
-33.125
-33.7238
-34.3169
-34.9049
-35.4883
-36.0677
-36.6437
-37.2169
-37.7878
-38.357
-38.925
-39.4925
-40.0599
-40.6278
-41.1968
-41.7674
-42.34
-42.9153
-43.4937
-44.0757
-44.6616
-45.2518
-45.8466
-46.4463
-47.0508
-47.6602
-48.2744
-48.8931
-49.5156
-50.1414
-50.7695
-51.3986
-52.0273
-52.6537
-53.2758
-53.8912
-54.4973
-55.0914
-55.6705
-56.2317
-56.772
-57.2887
-57.7794
-58.2419
-58.6745
-59.076
-59.4458
-59.7838
-60.0903
-60.3661
-60.6125
-60.831
-61.0234
-61.1916
-61.3376
-61.4634
-61.5711
-61.6626
-61.7396
-61.8039
-61.8572
-61.9008
-61.936
-61.964
-61.9859
-62.0026
-62.0149
-62.0235
-62.029
-62.032
-62.0329
-62.0322
-62.0301
-62.0271
-62.0234
-62.0191
-62.0145
-62.0098
-62.0051
-62.0004
-61.996
-61.9918
-61.988
-61.9846
-61.9816
-61.9792
-61.9773
-61.976
-61.9752
-61.975
-61.9755
-61.9766
-61.9783
-61.9806
-61.9835
-61.8743
-61.7029
-61.4928
-61.2577
-61.0064
-60.7453
-60.4786
-60.2096
-59.9408
-59.6737
-59.4098
-59.1499
-58.8948
-58.6449
-58.4007
-58.1624
-57.9302
-57.7042
-57.4845
-57.271
-57.0638
-56.8629
-56.668
-56.4793
-56.2966
-56.1197
-55.9486
-55.7832
-55.6234
-55.469
-55.3199
-55.1761
-55.0372
-54.9034
-54.7743
-54.65
-54.5303
-54.4151
-54.3042
-54.1975
-54.0951
-53.9966
-53.9021
-53.8115
-53.7246
-53.6413
-53.5616
-53.4854
-53.4126
-53.343
-53.2767
-53.2135
-53.1534
-53.0963
-53.0421
-52.9908
-52.9423
-52.8965
-52.8533
-52.8128
-52.7748
-52.7393
-52.7063
-52.6756
-52.6473
-52.6213
-52.5975
-52.5759
-52.5564
-52.5391
-52.5238
-52.5105
-52.4993
-52.4899
-52.4825
-52.477
-52.4733
-52.4714
-52.4712
-52.4728
-52.4761
-52.4811
-52.4877
-52.4959
-52.5057
-52.5171
-52.5299
-52.5443
-52.5601
-52.5774
-52.5961
-52.6162
-52.6376
-52.6604
-52.6845
-52.7099
-52.7365
-52.7644
-52.7935
-52.8238
-52.8553
-52.8879
-52.9217
-52.9566
-52.9925
-53.0295
-53.0676
-53.1067
-53.1468
-53.1878
-53.2298
-53.2728
-53.3166
-53.3614
-53.407
-53.4535
-53.5008
-53.549
-53.5979
-53.6476
-53.6981
-53.7493
-53.8012
-53.8539
-53.9072
-53.9612
-54.0158
-54.0711
-54.127
-54.1834
-54.2405
-54.2981
-54.3562
-54.4148
-54.474
-54.5336
-54.5938
-54.6543
-54.7153
-54.7768
-54.8386
-54.9008
-54.9634
-55.0264
-55.0897
-55.1533
-55.2172
-55.2814
-55.3459
-55.4107
-55.4757
-55.541
-55.6065
-55.6722
-55.7381
-55.8041
-55.8704
-55.9368
-56.0033
-56.07
-56.1368
-56.2037
-56.2707
-56.3378
-56.405
-56.4722
-56.5395
-56.6068
-56.6741
-56.7415
-56.8089
-56.8762
-56.9436
-57.0109
-57.0782
-57.1455
-57.2127
-57.2799
-57.347
-57.4141
-57.481
-57.5479
-57.6147
-57.6813
-57.7479
-57.8143
-57.8807
-57.9469
-58.0129
-58.0788
-58.1446
-58.2102
-58.2757
-58.341
-58.4061
-58.471
-58.5358
-58.6004
-58.6647
-58.7289
-58.7929
-58.8567
-58.9203
-58.9837
-59.0468
-59.1098
-59.1725
-59.235
-59.2972
-59.3592
-59.421
-59.4826
-59.5439
-59.605
-59.6658
-59.7264
-59.7867
-59.8468
-59.9066
-59.9662
-60.0255
-60.0846
-60.1434
-60.2019
-60.2601
-60.3181
-60.3758
-60.4333
-60.4905
-60.5474
-60.604
-60.6604
-60.7165
-60.7723
-60.8278
-60.8831
-60.9381
-60.9928
-61.0472
-61.1013
-61.1552
-61.2088
-61.2621
-61.3151
-61.3678
-61.4203
-61.4724
-61.5243
-61.5759
-61.6272
-61.6782
-61.729
-61.7794
-61.8296
-61.8795
-61.9291
-61.9785
-62.0275
-62.0763
-62.1247
-62.1729
-62.2208
-62.2685
-62.3158
-62.3629
-62.4097
-62.4562
-62.5024
-62.5483
-62.594
-62.6394
-62.6845
-62.7293
-62.7738
-62.8181
-62.8621
-62.9058
-62.9492
-62.9924
-63.0353
-63.0779
-63.1202
-63.1623
-63.2041
-63.2456
-63.2868
-63.3278
-63.3685
-63.4089
-63.4491
-63.489
-63.5286
-63.568
-63.6071
-63.6459
-63.6845
-63.7228
-63.7608
-63.7986
-63.8361
-63.8734
-63.9104
-63.9471
-63.9836
-64.0198
-64.0558
-64.0915
-64.1269
-64.1621
-64.197
-64.2317
-64.2662
-64.3003
-64.3343
-64.368
-64.4014
-64.4346
-64.4675
-64.5002
-64.5327
-64.5649
-64.5968
-64.6285
-64.66
-64.6912
-64.7222
-64.753
-64.7835
-64.8138
-64.8438
-64.8736
-64.9032
-64.9325
-64.9616
-64.9905
-65.0191
-65.0475
-65.0757
-65.1036
-65.1313
-65.1588
-65.1861
-65.2131
-65.2399
-65.2665
-65.2929
-65.319
-65.3449
-65.3706
-65.3961
-65.4214
-65.4464
-65.4713
-65.4959
-65.5203
-65.5445
-65.5684
-65.5922
-65.6157
-65.6391
-65.6622
-65.6851
-65.7078
-65.7303
-65.7526
-65.7747
-65.7966
-65.8183
-65.8398
-65.861
-65.8821
-65.903
-65.9237
-65.9442
-65.9644
-65.9845
-66.0044
-66.0241
-66.0436
-66.0629
-66.0821
-66.101
-66.1197
-66.1383
-66.1566
-66.1748
-66.1928
-66.2106
-66.2282
-66.2456
-66.2629
-66.2799
-66.2968
-66.3135
-66.33
-66.3464
-66.3625
-66.3785
-66.3943
-66.41
-66.4254
-66.4407
-66.4558
-66.4708
-66.4855
-66.5001
-66.5146
-66.5288
-66.5429
-66.5569
-66.5706
-66.5842
-66.5976
-66.6109
-66.624
-66.637
-66.6497
-66.6624
-66.6748
-66.6871
-66.6993
-66.7113
-66.7231
-66.7348
-66.7463
-66.7577
-66.7689
-66.78
-66.7909
-66.8016
-66.8122
-66.8227
-66.833
-66.8432
-66.8532
-66.8631
-66.8728
-66.8824
-66.8919
-66.9012
-66.9103
-66.9194
-66.9283
-66.937
-66.9456
-66.9541
-66.8253
-66.6086
-66.328
-65.9987
-65.6313
-65.234
-64.8134
-64.3746
-63.9216
-63.4579
-62.9863
-62.5089
-62.0278
-61.5445
-61.0601
-60.576
-60.0929
-59.6117
-59.1329
-58.6572
-58.185
-57.7165
-57.2523
-56.7923
-56.3369
-55.8861
-55.44
-54.9986
-54.5618
-54.1296
-53.7018
-53.2783
-52.8588
-52.4431
-52.0308
-51.6217
-51.2153
-50.8112
-50.4089
-50.0079
-49.6077
-49.2075
-48.8068
-48.4047
-48.0006
-47.5936
-47.1827
-46.767
-46.3454
-45.9167
-45.4798
-45.0333
-44.5757
-44.1055
-43.6208
-43.1199
-42.6005
-42.0606
-41.4975
-40.9085
-40.2906
-39.6404
-38.9542
-38.2278
-37.4566
-36.6356
-35.7591
-34.8207
-33.8136
-32.73
-31.5614
-30.2987
-28.9319
-27.4501
-25.8421
-24.0963
-22.201
-20.1452
-17.9194
-15.5165
-12.9334
-10.1727
-7.23203
-4.14828
-0.962379
2.27596
5.50721
8.66387
11.6743
14.4687
16.9857
19.1786
21.0196
22.5009
23.6332
24.4414
24.9597
25.2263
25.2793
25.1546
24.8833
24.492
24.0027
23.4331
22.7975
22.1073
21.3716
20.5979
19.7921
18.9593
18.1036
17.2287
16.3375
15.4328
14.517
13.5921
12.6601
11.7225
10.781
9.83676
8.89116
7.94527
7.00008
6.05649
5.1153
4.17724
3.24296
2.31303
1.38797
0.468229
-0.445793
-1.35375
-2.25534
-3.1503
-4.03842
-4.9195
-5.79339
-6.65998
-7.51915
-8.37084
-9.215
-10.0516
-10.8806
-11.7021
-12.516
-13.3225
-14.1214
-14.913
-15.6973
-16.4744
-17.2444
-18.0074
-18.7635
-19.5128
-20.2556
-20.992
-21.7221
-22.4462
-23.1645
-23.8771
-24.5843
-25.2863
-25.9835
-26.6761
-27.3643
-28.0487
-28.7294
-29.4069
-30.0815
-30.7536
-31.4238
-32.0924
-32.7599
-33.4269
-34.0939
-34.7614
-35.43
-36.1004
-36.7731
-37.4488
-38.128
-38.8116
-39.5002
-40.1943
-40.8947
-41.6019
-42.3165
-43.0392
-43.7702
-44.5099
-45.2586
-46.0164
-46.783
-47.5581
-48.3411
-49.131
-49.9265
-50.7259
-51.5271
-52.3276
-53.1244
-53.9141
-54.693
-55.4571
-56.2024
-56.9247
-57.62
-58.2846
-58.9154
-59.5095
-60.0652
-60.5811
-61.0568
-61.4924
-61.8889
-62.2478
-62.5709
-62.8604
-63.119
-63.3491
-63.5534
-63.7344
-63.8948
-64.0367
-64.1625
-64.274
-64.3732
-64.4615
-64.5405
-64.6114
-64.6753
-64.7333
-64.7861
-64.8345
-64.8792
-64.9206
-64.9592
-64.9955
-65.0298
-65.0624
-65.0936
-65.1235
-65.1523
-65.1803
-65.2075
-65.234
-65.26
-65.2856
-65.3107
-65.3356
-65.3601
-65.3844
-65.4085
-65.4325
-65.4563
-65.48
-65.5037
-65.5272
-65.5507
-65.5741
-65.5975
-65.6209
-65.6442
-65.6675
-65.6908
-65.7141
-65.7374
-65.7606
-65.7839
-65.8072
-65.8304
-65.8536
-65.8769
-65.9001
-65.9233
-65.9465
-65.9697
-65.9929
-66.0161
-66.0392
-66.0624
-66.0855
-66.1086
-66.1317
-66.1548
-66.1778
-66.2008
-66.2238
-66.2467
-66.2696
-66.2925
-66.3153
-66.3381
-66.3608
-66.3835
-66.4062
-66.4288
-66.4514
-66.4739
-66.4963
-66.5187
-66.5411
-66.5633
-66.5856
-66.6077
-66.6298
-66.6519
-66.6738
-66.6957
-66.7175
-66.7393
-66.7609
-66.7825
-66.8041
-66.8255
-66.8469
-66.8681
-66.8893
-66.9105
-66.9315
-66.9524
-66.9733
-66.994
-67.0147
-67.0353
-67.0558
-67.0762
-67.0965
-67.1167
-67.1368
-67.1568
-67.1767
-67.1965
-67.2162
-67.2359
-67.2554
-67.2748
-67.2941
-67.3133
-67.3323
-67.3513
-67.3702
-67.389
-67.4076
-67.4262
-67.4446
-67.4629
-67.4811
-67.4992
-67.5172
-67.5351
-67.5529
-67.5705
-67.5881
-67.6055
-67.6228
-67.64
-67.657
-67.674
-67.6908
-67.7075
-67.7241
-67.7406
-67.7569
-67.7732
-67.7893
-67.8053
-67.8212
-67.8369
-67.8526
-67.8681
-67.8835
-67.8987
-67.9139
-67.9289
-67.9438
-67.9586
-67.9732
-67.9878
-68.0022
-68.0165
-68.0306
-68.0447
-68.0586
-68.0724
-68.0861
-68.0996
-68.113
-68.1263
-68.1395
-68.1525
-68.1655
-68.1783
-68.1909
-68.2035
-68.2159
-68.2282
-68.2404
-68.2525
-68.2644
-68.2762
-68.2879
-68.2995
-68.3109
-68.3222
-68.3334
-68.3445
-68.3554
-68.3662
-68.3769
-68.3875
-68.398
-68.4083
-68.4185
-68.4286
-68.4385
-68.4484
-68.4581
-68.4677
-68.4772
-68.4865
-68.4958
-68.5049
-68.5139
-68.5227
-68.5315
-68.5401
-68.5486
-68.557
-68.5653
-68.5735
-68.5815
-68.5894
-68.5972
-68.6049
-68.6125
-68.6199
-68.6272
-68.6344
-68.6415
-68.6485
-68.6554
-68.6621
-68.6687
-68.6752
-68.6816
-68.6879
-68.6941
-68.7001
-68.7061
-68.7119
-68.7176
-68.7232
-68.7287
-68.7341
-68.7394
-68.7445
-68.7496
-68.7545
-68.7593
-68.764
-68.7686
-68.7731
-68.7775
-68.7818
-68.7859
-68.79
-68.7939
-68.7978
-68.8015
-68.8051
-68.8087
-68.8121
-68.8154
-68.8186
-68.8217
-68.8247
-68.8276
-68.8304
-68.833
-68.8356
-68.8381
-68.8405
-68.8428
-68.8449
-68.847
-68.849
-68.8509
-68.8526
-68.8543
-68.8559
-68.8574
-68.8587
-68.86
-68.8612
-68.8623
-68.8633
-68.8642
-68.865
-68.8657
-68.8663
-68.8668
-68.8672
-68.8676
-68.8678
-68.868
-68.868
-68.868
-68.8678
-68.8676
-68.8673
-68.8669
-68.8664
-68.8658
-68.8652
-68.8644
-68.8635
-68.8626
-68.8616
-68.8605
-68.8593
-68.858
-68.8566
-68.8552
-68.8537
-68.852
-68.8503
-68.8486
-68.8467
-68.8447
-68.8427
-68.8406
-68.8384
-68.8361
-68.8338
-68.8313
-68.8288
-68.8262
-68.8236
-68.8208
-68.818
-68.8151
-68.8121
-68.8091
-68.806
-68.8028
-68.7995
-68.7961
-68.7927
-68.7892
-68.7856
-68.782
-68.7783
-68.7745
-68.7706
-68.7667
-68.7627
-68.7586
-68.7545
-68.7503
-68.746
-68.7417
-68.7372
-68.7328
-68.7282
-68.7236
-68.7189
-68.7142
-68.7094
-68.7045
-68.6996
-68.6946
-68.6895
-68.6844
-68.6792
-68.674
-68.6687
-68.6633
-68.6579
-68.6524
-68.6468
-68.6412
-68.6356
-68.6298
-68.624
-68.6182
-68.6123
-68.6064
-68.6004
-68.5943
-68.5882
-68.582
-68.5758
-68.5695
-68.5632
-68.5568
-68.5503
-68.5438
-68.5373
-68.5307
-68.5241
-68.5174
-68.5106
-68.5038
-68.497
-68.3492
-68.1105
-67.8055
-67.4497
-67.0541
-66.6272
-66.1755
-65.7044
-65.2183
-64.7207
-64.2145
-63.702
-63.1853
-62.666
-62.1455
-61.625
-61.1054
-60.5876
-60.0722
-59.5599
-59.051
-58.5461
-58.0453
-57.549
-57.0573
-56.5704
-56.0882
-55.6108
-55.138
-54.6699
-54.2062
-53.7467
-53.2911
-52.8391
-52.3903
-51.9443
-51.5006
-51.0586
-50.6178
-50.1774
-49.7367
-49.2949
-48.8512
-48.4045
-47.9538
-47.498
-47.0358
-46.5659
-46.0868
-45.597
-45.0945
-44.5776
-44.0441
-43.4916
-42.9176
-42.3193
-41.6934
-41.0364
-40.3446
-39.6134
-38.8381
-38.0132
-37.1326
-36.1895
-35.1763
-34.0845
-32.9046
-31.6261
-30.2375
-28.7263
-27.0787
-25.2806
-23.3173
-21.1742
-18.8378
-16.2973
-13.5454
-10.5814
-7.41344
-4.06104
-0.557805
3.0472
6.68958
10.292
13.7692
17.0351
20.0116
22.6362
24.8685
26.6927
28.1165
29.1662
29.8811
30.3063
30.4877
30.4676
30.2832
29.9657
29.5401
29.0262
28.4398
27.7928
27.0948
26.3533
25.5743
24.7628
23.9228
23.0579
22.171
21.2649
20.3419
19.4043
18.4539
17.4925
16.5219
15.5435
14.5587
13.5689
12.5752
11.5787
10.5805
9.58147
8.58251
7.58437
6.58779
5.59342
4.60185
3.61361
2.62919
1.64903
0.673498
-0.297049
-1.26231
-2.22203
-3.17597
-4.12394
-5.06577
-6.00132
-6.93049
-7.85319
-8.76936
-9.67896
-10.582
-11.4784
-12.3682
-13.2515
-14.1283
-14.9987
-15.8627
-16.7205
-17.5721
-18.4178
-19.2576
-20.0917
-20.9203
-21.7436
-22.5619
-23.3753
-24.1841
-24.9887
-25.7894
-26.5864
-27.3802
-28.1713
-28.9599
-29.7467
-30.5321
-31.3167
-32.1011
-32.8859
-33.6717
-34.4594
-35.2495
-36.043
-36.8407
-37.6433
-38.4519
-39.2673
-40.0905
-40.9225
-41.7641
-42.6164
-43.4802
-44.3565
-45.246
-46.1495
-47.0674
-48.0002
-48.9481
-49.9109
-50.8881
-51.8788
-52.8818
-53.8951
-54.9162
-55.942
-56.9687
-57.9918
-59.0062
-60.0062
-60.9857
-61.9383
-62.8578
-63.7379
-64.5732
-65.3589
-66.0912
-66.7676
-67.3867
-67.9485
-68.454
-68.9054
-69.3057
-69.6582
-69.9669
-70.236
-70.4695
-70.6715
-70.8457
-70.9957
-71.1246
-71.2353
-71.3305
-71.4123
-71.4827
-71.5435
-71.5959
-71.6414
-71.6809
-71.7154
-71.7456
-71.7722
-71.7957
-71.8166
-71.8353
-71.8521
-71.8674
-71.8812
-71.8939
-71.9055
-71.9163
-71.9264
-71.9358
-71.9447
-71.9531
-71.9611
-71.9687
-71.976
-71.983
-71.9897
-71.9962
-72.0025
-72.0087
-72.0146
-72.0205
-72.0261
-72.0317
-72.0371
-72.0424
-72.0476
-72.0527
-72.0577
-72.0627
-72.0675
-72.0722
-72.0769
-72.0814
-72.0859
-72.0903
-72.0946
-72.0989
-72.103
-72.1071
-72.1111
-72.115
-72.1189
-72.1226
-72.1263
-72.1299
-72.1334
-72.1369
-72.1402
-72.1435
-72.1467
-72.1498
-72.1529
-72.1558
-72.1587
-72.1615
-72.1641
-72.1668
-72.1693
-72.1717
-72.1741
-72.1764
-72.1785
-72.1806
-72.1826
-72.1845
-72.1864
-72.1881
-72.1898
-72.1913
-72.1928
-72.1941
-72.1954
-72.1966
-72.1977
-72.1987
-72.1996
-72.2005
-72.2012
-72.2018
-72.2023
-72.2028
-72.2031
-72.2034
-72.2035
-72.2036
-72.2036
-72.2034
-72.2032
-72.2029
-72.2025
-72.202
-72.2013
-72.2006
-72.1998
-72.1989
-72.1979
-72.1968
-72.1956
-72.1943
-72.1929
-72.1914
-72.1899
-72.1882
-72.1864
-72.1845
-72.1825
-72.1804
-72.1782
-72.176
-72.1736
-72.1711
-72.1685
-72.1659
-72.1631
-72.1602
-72.1573
-72.1542
-72.151
-72.1478
-72.1444
-72.141
-72.1374
-72.1338
-72.13
-72.1262
-72.1222
-72.1182
-72.1141
-72.1098
-72.1055
-72.1011
-72.0966
-72.0919
-72.0872
-72.0824
-72.0775
-72.0725
-72.0674
-72.0622
-72.0569
-72.0516
-72.0461
-72.0405
-72.0349
-72.0291
-72.0233
-72.0173
-72.0113
-72.0052
-71.999
-71.9926
-71.9862
-71.9797
-71.9732
-71.9665
-71.9597
-71.9529
-71.9459
-71.9389
-71.9318
-71.9246
-71.9173
-71.9099
-71.9024
-71.8948
-71.8872
-71.8794
-71.8716
-71.8637
-71.8557
-71.8476
-71.8395
-71.8312
-71.8229
-71.8144
-71.8059
-71.7974
-71.7887
-71.7799
-71.7711
-71.7622
-71.7532
-71.7441
-71.7349
-71.7257
-71.7164
-71.707
-71.6975
-71.688
-71.6783
-71.6686
-71.6588
-71.649
-71.639
-71.629
-71.6189
-71.6087
-71.5985
-71.5882
-71.5778
-71.5673
-71.5568
-71.5462
-71.5355
-71.5248
-71.5139
-71.503
-71.4921
-71.481
-71.4699
-71.4588
-71.4475
-71.4362
-71.4248
-71.4134
-71.4019
-71.3903
-71.3787
-71.367
-71.3552
-71.3434
-71.3315
-71.3195
-71.3075
-71.2954
-71.2833
-71.2711
-71.2588
-71.2465
-71.2341
-71.2216
-71.2091
-71.1965
-71.1839
-71.1712
-71.1585
-71.1457
-71.1329
-71.1199
-71.107
-71.094
-71.0809
-71.0678
-71.0546
-71.0414
-71.0281
-71.0148
-71.0014
-70.9879
-70.9745
-70.9609
-70.9473
-70.9337
-70.92
-70.9063
-70.8925
-70.8787
-70.8648
-70.8509
-70.837
-70.823
-70.8089
-70.7948
-70.7807
-70.7665
-70.7523
-70.738
-70.7237
-70.7094
-70.695
-70.6806
-70.6661
-70.6516
-70.6371
-70.6225
-70.6079
-70.5932
-70.5785
-70.5638
-70.549
-70.5342
-70.5194
-70.5045
-70.4896
-70.4747
-70.4597
-70.4447
-70.4297
-70.4146
-70.3995
-70.3844
-70.3693
-70.3541
-70.3389
-70.3236
-70.3084
-70.2931
-70.2777
-70.2624
-70.247
-70.2316
-70.2162
-70.2007
-70.1852
-70.1697
-70.1542
-70.1387
-70.1231
-70.1075
-70.0919
-70.0762
-70.0606
-70.0449
-70.0292
-70.0135
-69.9977
-69.982
-69.9662
-69.9504
-69.9346
-69.9188
-69.9029
-69.8871
-69.8712
-69.8553
-69.8394
-69.8235
-69.8075
-69.7916
-69.7756
-69.7596
-69.7437
-69.7277
-69.7116
-69.6956
-69.6796
-69.6635
-69.6475
-69.6314
-69.6154
-69.5993
-69.5832
-69.5671
-69.4075
-69.1551
-68.8351
-68.463
-68.0499
-67.6046
-67.1338
-66.6429
-66.1365
-65.6182
-65.0908
-64.557
-64.0186
-63.4775
-62.9351
-62.3926
-61.851
-61.3111
-60.7737
-60.2394
-59.7087
-59.182
-58.5425
-57.8368
-57.0879
-56.31
-55.5131
-54.7045
-53.8896
-53.0725
-52.256
-51.4422
-50.6323
-49.8271
-49.0265
-48.2304
-47.4378
-46.6477
-45.8585
-45.0683
-44.2749
-43.4758
-42.668
-41.8481
-41.0125
-40.157
-39.2771
-38.3675
-37.4227
-36.4365
-35.4019
-34.3113
-33.1564
-31.9278
-30.6157
-29.2091
-27.6962
-26.0646
-24.3014
-22.3935
-20.3282
-18.0939
-15.6814
-13.0852
-10.305
-7.3482
-4.2312
-0.981466
2.36182
5.74808
9.11727
12.4032
15.5379
18.4568
21.1034
23.4337
25.4195
27.0498
28.3308
29.2833
29.939
30.3355
30.5122
30.5064
30.3513
30.075
29.7005
29.246
28.7256
28.1503
27.5287
26.8676
26.1721
25.4467
24.6949
23.9198
23.1239
22.3096
21.479
20.6338
19.7758
18.9066
18.0277
17.1402
16.2456
15.3448
14.4392
13.5295
12.6167
11.7018
10.7855
9.86852
8.95157
8.03528
7.12024
6.20696
5.29594
4.38763
3.48243
2.5807
1.68279
0.78898
-0.100454
-0.985275
-1.86527
-2.74026
-3.61008
-4.47459
-5.33369
-6.18726
-7.03523
-7.87754
-8.71413
-9.54499
-10.3701
-11.1894
-12.003
-12.8109
-13.613
-14.4095
-15.2004
-15.9858
-16.7658
-17.5404
-18.3097
-19.0739
-19.8331
-20.5875
-21.3371
-22.0823
-22.8232
-23.5599
-24.2928
-25.022
-25.7479
-26.4708
-27.191
-27.9088
-28.6246
-29.3389
-30.052
-30.7644
-31.4767
-32.1893
-32.9029
-33.618
-34.3352
-35.0553
-35.7789
-36.5068
-37.2396
-37.9782
-38.7234
-39.4759
-40.2365
-41.006
-41.7853
-42.5748
-43.3754
-44.1875
-45.0116
-45.8478
-46.6963
-47.5568
-48.4287
-49.3112
-50.2029
-51.102
-52.0063
-52.9127
-53.818
-54.718
-55.6082
-56.4839
-57.3397
-58.1704
-58.9708
-59.7361
-60.462
-61.1447
-61.7816
-62.3708
-62.9118
-63.4045
-63.8502
-64.2507
-64.6085
-64.9264
-65.2077
-65.4557
-65.6737
-65.865
-66.0327
-66.1797
-66.3086
-66.4218
-66.5215
-66.6096
-66.6876
-66.7571
-66.8194
-66.8754
-66.9261
-66.9724
-67.0148
-67.0541
-67.0905
-67.1246
-67.0359
-66.8793
-66.6808
-66.4553
-66.2125
-65.959
-65.6995
-65.4372
-65.1747
-64.9137
-64.6555
-64.401
-64.1509
-63.9057
-63.6658
-63.4314
-63.2026
-62.9796
-62.7624
-62.551
-62.3454
-62.1456
-61.9514
-61.7628
-61.5798
-61.4022
-61.2299
-61.0628
-60.9008
-60.7438
-60.5917
-60.4444
-60.3018
-60.1637
-60.03
-59.9007
-59.7757
-59.6548
-59.5379
-59.4249
-59.3158
-59.2104
-59.1087
-59.0105
-58.9159
-58.8246
-58.7366
-58.6518
-58.5702
-58.4917
-58.4161
-58.3435
-58.2738
-58.2068
-58.1426
-58.081
-58.022
-57.9655
-57.9115
-57.86
-57.8108
-57.7639
-57.7192
-57.6768
-57.6365
-57.5983
-57.5622
-57.5281
-57.4959
-57.4657
-57.4374
-57.4109
-57.3862
-57.3633
-57.3421
-57.3225
-57.3046
-57.2884
-57.2737
-57.2605
-57.2489
-57.2388
-57.2301
-57.2228
-57.2169
-57.2123
-57.2091
-57.2072
-57.2065
-57.2072
-57.209
-57.212
-57.2162
-57.2215
-57.228
-57.2355
-57.2442
-57.2538
-57.2645
-57.2763
-57.289
-57.3026
-57.3172
-57.3328
-57.3492
-57.3665
-57.3847
-57.4037
-57.4235
-57.4442
-57.4656
-57.4879
-57.5108
-57.5346
-57.559
-57.5841
-57.61
-57.6365
-57.6636
-57.6914
-57.7198
-57.7488
-57.7785
-57.8087
-57.8394
-57.8707
-57.9026
-57.935
-57.9679
-58.0013
-58.0351
-58.0695
-58.1043
-58.1396
-58.1752
-58.2113
-58.2479
-58.2848
-58.3221
-58.3598
-58.3978
-58.4362
-58.475
-58.514
-58.5534
-58.5931
-58.6331
-58.6734
-58.714
-58.7548
-58.7959
-58.8373
-58.8789
-58.9207
-58.9628
-59.005
-59.0475
-59.0902
-59.133
-59.1761
-59.2193
-59.2626
-59.3062
-59.3498
-59.3937
-59.4376
-59.4817
-59.5259
-59.5702
-59.6146
-59.6591
-59.7037
-59.7484
-59.7932
-59.838
-59.8829
-59.9279
-59.9729
-60.018
-60.0631
-60.1082
-60.1534
-60.1985
-60.2438
-60.289
-60.3342
-60.3794
-60.4247
-60.4699
-60.5151
-60.5603
-60.6055
-60.6506
-60.6957
-60.7408
-60.7858
-60.7128
-60.5685
-60.3754
-60.1471
-59.893
-59.6201
-59.3334
-59.037
-58.734
-58.4269
-58.1175
-57.8074
-57.4978
-57.1897
-56.884
-56.5811
-56.2818
-55.9863
-55.695
-55.4083
-55.1263
-54.8491
-54.5769
-54.3098
-54.0479
-53.7911
-53.5395
-53.2931
-53.0518
-52.8155
-52.5843
-52.3581
-52.1367
-51.9201
-51.7081
-51.5007
-51.2978
-51.0992
-50.9048
-50.7145
-50.5282
-50.3457
-50.1669
-49.9917
-49.82
-49.6516
-49.4864
-49.3242
-49.165
-49.0086
-48.8549
-48.7038
-48.5551
-48.4088
-48.2647
-48.1227
-47.9826
-47.8445
-47.7081
-47.5734
-47.4402
-47.3084
-47.1781
-47.0489
-46.9209
-46.7939
-46.6678
-46.5426
-46.4181
-46.2943
-46.171
-46.0481
-45.9256
-45.8033
-45.6812
-45.5591
-45.4369
-45.3145
-45.1919
-45.0688
-44.9453
-44.8211
-44.6962
-44.5704
-44.4436
-44.3157
-44.1865
-44.0559
-43.9237
-43.7898
-43.6541
-43.5163
-43.3762
-43.2337
-43.0886
-42.9407
-42.7897
-42.6354
-42.4775
-42.3158
-42.1501
-41.9799
-41.805
-41.625
-41.4396
-41.2484
-41.0509
-40.8467
-40.6354
-40.4163
-40.189
-39.9529
-39.7073
-39.4516
-39.1849
-38.9065
-38.6155
-38.3111
-37.9921
-37.6575
-37.3062
-36.9368
-36.548
-36.1383
-35.7062
-35.2498
-34.7673
-34.2568
-33.7161
-33.1428
-32.5345
-31.8887
-31.2024
-30.4728
-29.6968
-28.8712
-27.9929
-27.0586
-26.0652
-25.0097
-23.8895
-22.7025
-21.4475
-20.1242
-18.7337
-17.2789
-15.765
-14.1996
-12.5937
-10.961
-9.31876
-7.68728
-6.08909
-4.54822
-3.08877
-1.73359
-0.502828
0.587268
1.5251
2.30405
2.92239
3.38267
3.69105
3.85629
3.88899
3.80067
3.6032
3.30825
2.92698
2.46978
1.94619
1.36483
0.733443
0.0589066
-0.652664
-1.39587
-2.16595
-2.95869
-3.77039
-4.59779
-5.438
-6.28848
-7.14698
-8.01153
-8.88037
-9.75198
-10.625
-11.4982
-12.3706
-13.2413
-14.1095
-14.9744
-15.8355
-16.6924
-17.5445
-18.3915
-19.2331
-20.0691
-20.8994
-21.7238
-22.5422
-23.3546
-24.1611
-24.9617
-25.7565
-26.5456
-27.3293
-28.1077
-28.881
-29.6497
-30.4138
-31.1739
-31.9303
-32.6835
-33.4337
-34.1816
-34.9276
-35.6723
-36.4162
-37.16
-37.9041
-38.6493
-39.3961
-40.1454
-40.8977
-41.6537
-42.4141
-43.1796
-43.9509
-44.7287
-45.5134
-46.3058
-47.1063
-47.9154
-48.7333
-49.5604
-50.3968
-51.2423
-52.0967
-52.9594
-53.8298
-54.7068
-55.5889
-56.4746
-57.3617
-58.2476
-59.1296
-60.0043
-60.8683
-61.7174
-62.5478
-63.355
-64.135
-64.8837
-65.5974
-66.2728
-66.9074
-67.4992
-68.047
-68.5504
-69.01
-69.4266
-69.8021
-70.1386
-70.4386
-70.7049
-70.9403
-71.1477
-71.33
-71.4898
-71.6296
-71.7518
-71.8586
-71.9518
-72.0333
-72.1045
-72.1667
-72.2213
-72.2691
-72.3111
-72.3481
-72.3808
-72.4098
-72.4354
-72.4583
-72.4787
-72.497
-72.5135
-72.5283
-72.5418
-72.554
-72.5652
-72.5754
-72.5848
-72.5935
-72.6016
-72.609
-72.616
-72.6225
-72.6285
-72.6342
-72.6396
-72.6447
-72.6495
-72.6541
-72.6584
-72.6625
-72.6664
-72.6701
-72.6736
-72.677
-72.6802
-72.6832
-72.6862
-72.6889
-72.6916
-72.6941
-72.6965
-72.6987
-72.7009
-72.7029
-72.7048
-72.7066
-72.7083
-72.7099
-72.7114
-72.7128
-72.714
-72.7152
-72.7162
-72.7172
-72.718
-72.7187
-72.7194
-72.7199
-72.7203
-72.7207
-72.7209
-72.721
-72.7211
-72.721
-72.7208
-72.7205
-72.7201
-72.7196
-72.7191
-72.7184
-72.7176
-72.7167
-72.7157
-72.7146
-72.7134
-72.7121
-72.7107
-72.7092
-72.7076
-72.7059
-72.7041
-72.7021
-72.7001
-72.698
-72.6958
-72.6935
-72.6911
-72.6885
-72.6859
-72.6832
-72.6803
-72.6774
-72.6744
-72.6712
-72.668
-72.6647
-72.6612
-72.6577
-72.654
-72.6503
-72.6464
-72.6425
-72.6385
-72.6343
-72.6301
-72.6257
-72.6213
-72.6167
-72.612
-72.6073
-72.6024
-72.5975
-72.5924
-72.5873
-72.582
-72.5767
-72.5712
-72.5657
-72.5601
-72.5543
-72.5485
-72.5425
-72.5365
-72.5304
-72.5241
-72.5178
-72.5114
-72.5049
-72.4983
-72.4915
-72.4847
-72.4778
-72.4708
-72.4637
-72.4566
-72.4493
-72.4419
-72.4344
-72.4269
-72.4192
-72.4115
-72.4036
-72.3957
-72.3877
-72.3796
-72.3714
-72.3631
-72.3547
-72.3462
-72.3376
-72.329
-72.3203
-72.3114
-72.3025
-72.2935
-72.2844
-72.2752
-72.266
-72.2566
-72.2472
-72.2376
-72.228
-72.2183
-72.2086
-72.1987
-72.1888
-72.1787
-72.1686
-72.1584
-72.1481
-72.1378
-72.1274
-72.1168
-72.1062
-72.0956
-72.0848
-72.074
-72.0631
-72.0521
-72.041
-72.0299
-72.0186
-72.0073
-71.996
-71.9845
-71.973
-71.9614
-71.9497
-71.938
-71.9262
-71.9143
-71.9023
-71.8903
-71.8782
-71.866
-71.8538
-71.8414
-71.8291
-71.8166
-71.8041
-71.7915
-71.7789
-71.7661
-71.7533
-71.7405
-71.7276
-71.7146
-71.7016
-71.6884
-71.6753
-71.662
-71.6487
-71.6354
-71.622
-71.6085
-71.5949
-71.5813
-71.5677
-71.554
-71.5402
-71.5263
-71.5125
-71.4985
-71.4845
-71.4704
-71.4563
-71.4422
-71.4279
-71.4137
-71.3993
-71.3849
-71.3705
-71.356
-71.3415
-71.3269
-71.3123
-71.2976
-71.2828
-71.268
-71.2532
-71.2383
-71.2234
-71.2084
-71.1934
-71.1783
-71.1632
-71.1481
-71.1329
-71.1176
-71.1023
-71.087
-71.0716
-71.0562
-71.0408
-71.0253
-71.0098
-70.9942
-70.9786
-70.9629
-70.9472
-70.9315
-70.9158
-70.9
-70.8841
-70.8683
-70.8523
-70.8364
-70.8204
-70.8044
-70.7884
-70.7723
-70.7562
-70.7401
-70.7239
-70.7077
-70.6915
-70.6752
-70.659
-70.6426
-70.6263
-70.6099
-70.5935
-70.5771
-70.5607
-70.5442
-70.5277
-70.5112
-70.4946
-70.4781
-70.4615
-70.4448
-70.4282
-70.4115
-70.3949
-70.3782
-70.3614
-70.3447
-70.3279
-70.3111
-70.2943
-70.2775
-70.2607
-70.2438
-70.227
-70.2101
-70.1932
-70.1763
-70.1593
-70.1424
-70.1254
-70.1084
-70.0914
-70.0744
-70.0574
-70.0404
-70.0234
-70.0063
-69.9893
-69.9722
-69.9551
-69.938
-69.9209
-69.9038
-69.8867
-69.8696
-69.8524
-69.8353
-69.8182
-69.801
-69.7839
-69.7667
-69.7495
-69.7324
-69.7152
-69.698
-69.6808
-69.6637
-69.6465
-69.6293
-69.6121
-69.5949
-69.5777
-69.5605
-69.5433
-69.5261
-69.5089
-69.4917
-69.4745
-69.4574
-69.4402
-69.423
-69.4058
-69.3886
-69.3714
-69.3543
-69.3371
-69.3199
-69.3028
-69.2856
-69.2685
-69.2513
-69.2342
-69.2171
-69.1999
-69.1828
-69.1657
-69.1486
-69.1315
-69.1144
-69.0974
-69.0803
-69.0632
-69.0462
-69.0292
-69.0121
-68.9951
-68.9781
-68.9611
-68.9441
-68.9272
-68.9102
-68.8933
-68.8763
-68.8594
-68.8425
-68.8256
-68.8087
-68.7919
-68.775
-68.7582
-68.7413
-68.7245
-68.7077
-68.691
-68.6742
-68.6575
-68.6407
-68.624
-68.6073
-68.5907
-68.574
-68.5574
-68.5407
-68.5241
-68.5076
-68.491
-68.4744
-68.4579
-68.4414
-68.4249
-68.4085
-68.392
-68.3756
-68.3592
-68.3428
-68.3264
-68.3101
-68.2938
-68.2775
-68.2612
-68.245
-68.2287
-68.2125
-68.1963
-68.1802
-68.164
-68.1479
-68.1318
-68.1157
-68.0997
-68.0837
-68.0677
-68.0517
-68.0358
-68.0199
-68.004
-67.9881
-67.9723
-67.9564
-67.9407
-67.9249
-67.9092
-67.8934
-67.8778
-67.8621
-67.8465
-67.8309
-67.8153
-67.7998
-67.7842
-67.7688
-67.7533
-67.7379
-67.7225
-67.7071
-67.6917
-67.6764
-67.6611
-67.5058
-67.2596
-66.9467
-66.5821
-66.1768
-65.739
-65.2754
-64.7913
-64.291
-63.778
-63.2552
-62.725
-62.1893
-61.6499
-61.108
-60.5648
-60.0213
-59.4781
-58.9361
-58.3956
-57.8572
-57.321
-56.7872
-56.2561
-55.7277
-55.2018
-54.6785
-54.1573
-53.6382
-53.1207
-52.6042
-52.0884
-51.5725
-51.0559
-50.5375
-50.0166
-49.492
-48.9625
-48.4267
-47.8832
-47.3302
-46.7658
-46.188
-45.5945
-44.9826
-44.3495
-43.6918
-43.006
-42.2878
-41.5328
-40.7356
-39.8903
-38.9904
-38.0281
-36.9948
-35.8808
-34.6751
-33.3649
-31.9363
-30.3734
-28.6585
-26.7727
-24.6951
-22.4046
-19.8799
-17.1017
-14.0547
-10.7314
-7.13573
-3.28826
0.769552
4.97226
9.23063
13.4361
17.4702
21.217
24.5772
27.4796
29.8877
31.8002
33.2456
34.2734
34.9436
35.3181
35.4545
35.402
35.2009
34.8825
34.4709
33.9838
33.4345
32.8329
32.1862
31.5003
30.7796
30.0278
29.248
28.4428
27.6146
26.7654
25.8973
25.0121
24.1113
23.1967
22.2698
21.3318
20.3842
19.4282
18.4649
17.4957
16.5213
15.543
14.5615
13.5778
12.5927
11.6069
10.6211
9.63595
8.65211
7.67009
6.69041
5.71353
4.73987
3.7698
2.80369
1.84183
0.884505
-0.0680403
-1.01559
-1.95796
-2.89498
-3.82652
-4.75247
-5.67274
-6.58724
-7.49594
-8.39877
-9.29575
-10.1869
-11.0721
-11.9516
-12.8252
-13.6932
-14.5555
-15.4122
-16.2635
-17.1094
-17.9501
-18.7858
-19.6166
-20.4426
-21.2641
-22.0814
-22.8946
-23.7041
-24.5101
-25.3129
-26.113
-26.9107
-27.7064
-28.5006
-29.2939
-30.0866
-30.8795
-31.6731
-32.4682
-33.2653
-34.0654
-34.8692
-35.6776
-36.4914
-37.3117
-38.1394
-38.9755
-39.8211
-40.6773
-41.5451
-42.4256
-43.3198
-44.2287
-45.1531
-46.0939
-47.0516
-48.0266
-49.0188
-50.0281
-51.0538
-52.0944
-53.1483
-54.2129
-55.2849
-56.3603
-57.4341
-58.5008
-59.554
-60.5868
-61.592
-62.5624
-63.4911
-64.3716
-65.1985
-65.9675
-66.6757
-67.3218
-67.9057
-68.4288
-68.8936
-69.3035
-69.6626
-69.9753
-70.2462
-70.4799
-70.6809
-70.8532
-71.0006
-71.1267
-71.2344
-71.3265
-71.4053
-71.4727
-71.5306
-71.5805
-71.6235
-71.6608
-71.6933
-71.7217
-71.7466
-71.7686
-71.7882
-71.8057
-71.8215
-71.8357
-71.8487
-71.8606
-71.8716
-71.8819
-71.8914
-71.9004
-71.9089
-71.9169
-71.9246
-71.9319
-71.939
-71.9458
-71.9524
-71.9588
-71.965
-71.971
-71.9769
-71.9827
-71.9883
-71.9939
-71.9993
-72.0046
-72.0099
-72.015
-72.0201
-72.0251
-72.0299
-72.0348
-72.0395
-72.0442
-72.0487
-72.0533
-72.0577
-72.0621
-72.0663
-72.0706
-72.0747
-72.0788
-72.0828
-72.0867
-72.0905
-72.0943
-72.098
-72.1016
-72.1052
-72.1086
-72.112
-72.1154
-72.1186
-72.1217
-72.1248
-72.1278
-72.1307
-72.1336
-72.1363
-72.139
-72.1416
-72.1441
-72.1465
-72.1488
-72.1511
-72.1533
-72.1553
-72.1573
-72.1592
-72.1611
-72.1628
-72.1644
-72.166
-72.1674
-72.1688
-72.1701
-72.1713
-72.1724
-72.1734
-72.1743
-72.1751
-72.1759
-72.1765
-72.1771
-72.1775
-72.1779
-72.1781
-72.1783
-72.1784
-72.1784
-72.1783
-72.1781
-72.1778
-72.1774
-72.1769
-72.1763
-72.1756
-72.1748
-72.1739
-72.173
-72.1719
-72.1707
-72.1694
-72.1681
-72.1666
-72.1651
-72.1634
-72.1617
-72.1598
-72.1579
-72.1558
-72.1537
-72.1514
-72.1491
-72.1467
-72.1441
-72.1415
-72.1388
-72.136
-72.133
-72.13
-72.1269
-72.1237
-72.1204
-72.117
-72.1135
-72.1099
-72.1062
-72.1024
-72.0985
-72.0945
-72.0904
-72.0862
-72.082
-72.0776
-72.0731
-72.0686
-72.0639
-72.0591
-72.0543
-72.0494
-72.0443
-72.0392
-72.034
-72.0286
-72.0232
-72.0177
-72.0121
-72.0064
-72.0006
-71.9948
-71.9888
-71.9827
-71.9766
-71.9703
-71.964
-71.9576
-71.951
-71.9444
-71.9377
-71.9309
-71.9241
-71.9171
-71.7649
-71.5212
-71.2127
-70.8558
-70.4621
-70.0406
-69.598
-69.1399
-68.6705
-68.1934
-67.7115
-67.227
-66.7418
-66.2577
-65.7758
-65.2973
-64.823
-64.3538
-63.8903
-63.4329
-62.9822
-62.5386
-62.1022
-61.6734
-61.2524
-60.8392
-60.4341
-60.037
-59.648
-59.2671
-58.8943
-58.5296
-58.1729
-57.8241
-57.483
-57.1497
-56.8239
-56.5056
-56.1945
-55.8905
-55.5933
-55.303
-55.0191
-54.7416
-54.4702
-54.2047
-53.9449
-53.6905
-53.4414
-53.1974
-52.9581
-52.7234
-52.4931
-52.2668
-52.0445
-51.8258
-51.6104
-51.3983
-51.1891
-50.9826
-50.7787
-50.5769
-50.3772
-50.1793
-49.9829
-49.7878
-49.5939
-49.4007
-49.2082
-49.0161
-48.8241
-48.6319
-48.4394
-48.2463
-48.0522
-47.857
-47.6604
-47.462
-47.2615
-47.0588
-46.8533
-46.6449
-46.4331
-46.2176
-45.998
-45.7738
-45.5447
-45.3101
-45.0696
-44.8227
-44.5688
-44.3073
-44.0375
-43.7587
-43.4703
-43.1713
-42.861
-42.5383
-42.2024
-41.852
-41.4859
-41.1029
-40.7016
-40.2803
-39.8374
-39.3711
-38.8794
-38.3601
-37.8108
-37.2288
-36.6115
-35.9557
-35.2581
-34.5151
-33.7228
-32.877
-31.9732
-31.0068
-29.9728
-28.8659
-27.6808
-26.4123
-25.055
-23.604
-22.055
-20.4042
-18.6494
-16.7898
-14.8269
-12.7647
-10.6107
-8.37616
-6.07649
-3.73176
-1.36664
0.989901
3.30532
5.54459
7.6719
9.65256
11.4553
13.0544
14.4312
15.5755
16.4855
17.1671
17.6323
17.898
17.9834
17.9089
17.6946
17.3595
16.9208
16.3937
15.7915
15.1257
14.4059
13.6405
12.8364
11.9996
11.1353
10.2479
9.34097
8.41798
7.48173
6.53475
5.57924
4.61717
3.65025
2.68002
1.70785
0.734946
-0.237624
-1.2089
-2.17806
-3.14433
-4.10708
-5.06573
-6.01977
-6.96879
-7.91239
-8.85028
-9.78218
-10.7079
-11.6272
-12.54
-13.4461
-14.3455
-15.2383
-16.1242
-17.0034
-17.876
-18.7419
-19.6013
-20.4542
-21.301
-22.1416
-22.9763
-23.8053
-24.6289
-25.4473
-26.2609
-27.0699
-27.8747
-28.6757
-29.4734
-30.2682
-31.0605
-31.8509
-32.64
-33.4284
-34.2166
-35.0054
-35.7955
-36.5875
-37.3823
-38.1806
-38.9833
-39.7912
-40.6051
-41.426
-42.2547
-43.092
-43.9388
-44.7958
-45.6638
-46.5434
-47.4352
-48.3396
-49.2568
-50.1867
-51.1292
-52.0838
-53.0494
-54.0249
-55.0084
-55.9978
-56.9903
-57.9825
-58.9707
-59.9504
-60.9169
-61.8649
-62.7892
-63.6841
-64.5445
-65.3653
-66.1422
-66.8715
-67.5504
-68.1772
-68.7512
-69.2728
-69.7432
-70.1644
-70.5392
-70.741
-70.8298
-70.8365
-70.7804
-70.6757
-70.533
-70.3606
-70.1653
-69.9524
-69.7263
-69.4906
-69.2483
-69.0016
-68.7525
-68.5026
-68.2532
-68.0054
-67.76
-67.5176
-67.2788
-67.0441
-66.8138
-66.588
-66.367
-66.151
-65.9399
-65.7339
-65.533
-65.3372
-65.1464
-64.9607
-64.7799
-64.6039
-64.4329
-64.2665
-64.1048
-63.9477
-63.7951
-63.6469
-63.503
-63.3634
-63.2278
-63.0963
-62.9687
-62.845
-62.7251
-62.6089
-62.4962
-62.3871
-62.2814
-62.179
-62.0799
-61.9841
-61.8913
-61.8016
-61.7149
-61.6311
-61.5501
-61.4719
-61.3965
-61.3236
-61.2534
-61.1857
-61.1205
-61.0576
-60.9972
-60.939
-60.8831
-60.8294
-60.7779
-60.7284
-60.681
-60.6356
-60.5922
-60.5507
-60.5111
-60.4733
-60.4373
-60.4031
-60.3706
-60.3398
-60.3106
-60.283
-60.257
-60.2325
-60.2095
-60.188
-60.1679
-60.1493
-60.132
-60.116
-60.1014
-60.0881
-60.076
-60.0652
-60.0556
-60.0471
-60.0398
-59.9217
-59.7405
-59.5187
-59.2698
-59.0027
-58.7237
-58.4374
-58.1474
-57.856
-57.5654
-57.277
-56.9918
-56.7108
-56.4346
-56.1637
-55.8984
-55.639
-55.3857
-55.1386
-54.8977
-54.6632
-54.4351
-54.2132
-53.9975
-53.7881
-53.5847
-53.3873
-53.1958
-53.0102
-52.8302
-52.6558
-52.4868
-52.3231
-52.1646
-52.0112
-51.8628
-51.7192
-51.5802
-51.4459
-51.316
-51.1905
-51.0693
-50.9521
-50.839
-50.7299
-50.6245
-50.523
-50.425
-50.3306
-50.2397
-50.1522
-50.0681
-49.9871
-49.9093
-49.8347
-49.7631
-49.6944
-49.6287
-49.5658
-49.5058
-49.4485
-49.3939
-49.3419
-49.2926
-49.2459
-49.2017
-49.16
-49.1208
-49.084
-49.0496
-49.0176
-48.9879
-48.9605
-48.9354
-48.9126
-48.892
-48.8737
-48.8575
-48.8435
-48.8317
-48.822
-48.8144
-48.809
-48.8056
-48.8043
-48.8051
-48.8079
-48.8127
-48.8196
-48.8285
-48.8394
-48.8523
-48.8672
-48.884
-48.9028
-48.9235
-48.9462
-48.9708
-48.9973
-49.0257
-49.056
-49.0881
-49.1222
-49.1581
-49.1958
-49.2354
-49.2768
-49.32
-49.3649
-49.4117
-49.4602
-49.5105
-49.5626
-49.6163
-49.6718
-49.7289
-49.7878
-49.8482
-49.9104
-49.9741
-50.0395
-50.1064
-50.1749
-50.2449
-50.3164
-50.3894
-50.4639
-50.5398
-50.6171
-50.6958
-50.7759
-50.8573
-50.94
-51.024
-51.1093
-51.1957
-51.2833
-51.3721
-51.4619
-51.5529

