-65
-64.9994
-64.9988
-64.9982
-64.9977
-64.9971
-64.9965
-64.996
-64.9954
-64.9949
-64.9943
-64.9938
-64.9932
-64.9927
-64.9922
-64.9917
-64.9912
-64.9906
-64.9901
-64.9896
-64.9891
-64.9886
-64.9881
-64.9876
-64.9872
-64.9867
-64.9862
-64.9857
-64.9852
-64.9848
-64.9843
-64.9838
-64.9834
-64.9829
-64.9825
-64.982
-64.9816
-64.9811
-64.9807
-64.9802
-64.9798
-64.9794
-64.9789
-64.9785
-64.9781
-64.9777
-64.9772
-64.9768
-64.9764
-64.976
-64.9756
-64.9752
-64.9748
-64.9744
-64.974
-64.9736
-64.9732
-64.9728
-64.9725
-64.9721
-64.9717
-64.9713
-64.971
-64.9706
-64.9702
-64.9699
-64.9695
-64.9692
-64.9688
-64.9685
-64.9681
-64.9678
-64.9675
-64.9671
-64.9668
-64.9665
-64.9661
-64.9658
-64.9655
-64.9652
-64.9649
-64.9646
-64.9642
-64.9639
-64.9636
-64.9633
-64.963
-64.9628
-64.9625
-64.9622
-64.9619
-64.9616
-64.9613
-64.9611
-64.9608
-64.9605
-64.9603
-64.96
-64.9598
-64.9595
-64.9592
-64.959
-64.9588
-64.9585
-64.9583
-64.958
-64.9578
-64.9576
-64.9573
-64.9571
-64.9569
-64.9567
-64.9565
-64.9562
-64.956
-64.9558
-64.9556
-64.9554
-64.9552
-64.955
-64.9548
-64.9546
-64.9545
-64.9543
-64.9541
-64.9539
-64.9537
-64.9536
-64.9534
-64.9532
-64.9531
-64.9529
-64.9527
-64.9526
-64.9524
-64.9523
-64.9521
-64.952
-64.9519
-64.9517
-64.9516
-64.9514
-64.9513
-64.9512
-64.9511
-64.9509
-64.9508
-64.9507
-64.9506
-64.9505
-64.9504
-64.9503
-64.9502
-64.95
-64.9499
-64.9499
-64.9498
-64.9497
-64.9496
-64.9495
-64.9494
-64.9493
-64.9492
-64.9492
-64.9491
-64.949
-64.9489
-64.9489
-64.9488
-64.9487
-64.9487
-64.9486
-64.9486
-64.9485
-64.9485
-64.9484
-64.9484
-64.9483
-64.9483
-64.9482
-64.9482
-64.9482
-64.9481
-64.9481
-64.9481
-64.948
-64.948
-64.948
-64.948
-64.948
-64.9479
-64.9479
-64.9479
-64.9479
-64.9479
-64.9479
-64.9479
-64.9479
-64.9479
-64.9479
-64.9479
-64.9479
-64.9479
-64.9479
-64.9479
-64.9479
-64.9479
-64.9479
-64.948
-64.948
-64.948
-64.948
-64.9481
-64.9481
-64.9481
-64.9481
-64.9482
-64.9482
-64.9482
-64.9483
-64.9483
-64.9483
-64.9484
-64.9484
-64.9485
-64.9485
-64.9486
-64.9486
-64.9487
-64.9487
-64.9488
-64.9488
-64.9489
-64.9489
-64.949
-64.9491
-64.9491
-64.9492
-64.9492
-64.9493
-64.9494
-64.9494
-64.9495
-64.9496
-64.9497
-64.9497
-64.9498
-64.9499
-64.95
-64.95
-64.9501
-64.9502
-64.9503
-64.9504
-64.9504
-64.9505
-64.9506
-64.9507
-64.9508
-64.9509
-64.951
-64.951
-64.9511
-64.9512
-64.9513
-64.9514
-64.9515
-64.9516
-64.9517
-64.9518
-64.9519
-64.952
-64.9521
-64.9522
-64.9523
-64.9524
-64.9525
-64.9526
-64.9527
-64.9528
-64.9529
-64.953
-64.9532
-64.9533
-64.9534
-64.9535
-64.9536
-64.9537
-64.9538
-64.9539
-64.954
-64.9542
-64.9543
-64.9544
-64.9545
-64.9546
-64.9547
-64.9548
-64.955
-64.9551
-64.9552
-64.9553
-64.9554
-64.9556
-64.9557
-64.9558
-64.9559
-64.956
-64.9562
-64.9563
-64.9564
-64.9565
-64.9566
-64.9568
-64.9569
-64.957
-64.9571
-64.9573
-64.9574
-64.9575
-64.9576
-64.9578
-64.9579
-64.958
-64.9581
-64.9583
-64.9584
-64.9585
-64.9587
-64.9588
-64.9589
-64.959
-64.9592
-64.9593
-64.9594
-64.9595
-64.9597
-64.9598
-64.9599
-64.96
-64.9602
-64.9603
-64.9604
-64.9606
-64.9607
-64.9608
-64.9609
-64.9611
-64.9612
-64.9613
-64.9614
-64.9616
-64.9617
-64.9618
-64.962
-64.9621
-64.9622
-64.9623
-64.9625
-64.9626
-64.9627
-64.9628
-64.963
-64.9631
-64.9632
-64.9633
-64.9635
-64.9636
-64.9637
-64.9638
-64.964
-64.9641
-64.9642
-64.9643
-64.9645
-64.9646
-64.9647
-64.9648
-64.9649
-64.9651
-64.9652
-64.9653
-64.9654
-64.9655
-64.9657
-64.9658
-64.9659
-64.966
-64.9661
-64.9663
-64.9664
-64.9665
-64.9666
-64.9667
-64.9668
-64.967
-64.9671
-64.9672
-64.9673
-64.9674
-64.9675
-64.9677
-64.9678
-64.9679
-64.968
-64.9681
-64.9682
-64.9683
-64.9684
-64.9685
-64.9687
-64.9688
-64.9689
-64.969
-64.9691
-64.9692
-64.9693
-64.9694
-64.9695
-64.9696
-64.9697
-64.9698
-64.9699
-64.97
-64.9701
-64.9702
-64.9703
-64.9704
-64.9705
-64.9706
-64.9707
-64.9708
-64.9709
-64.971
-64.9711
-64.9712
-64.9713
-64.9714
-64.9715
-64.9716
-64.9717
-64.9718
-64.9719
-64.972
-64.9721
-64.9722
-64.9722
-64.9723
-64.9724
-64.9725
-64.9726
-64.9727
-64.9728
-64.9729
-64.9729
-64.973
-64.9731
-64.9732
-64.9733
-64.9734
-64.9734
-64.9735
-64.9736
-64.9737
-64.9738
-64.9738
-64.9739
-64.974
-64.9741
-64.9741
-64.9742
-64.9743
-64.9744
-64.9744
-64.9745
-64.9746
-64.9747
-64.9747
-64.9748
-64.9749
-64.9749
-64.975
-64.9751
-64.9751
-64.9752
-64.9753
-64.9753
-64.9754
-64.9755
-64.9755
-64.9756
-64.9757
-64.9757
-64.9758
-64.9758
-64.9759
-64.976
-64.976
-64.9761
-64.9761
-64.9762
-64.9762
-64.9763
-64.9764
-64.9764
-64.9765
-64.9765
-64.9766
-64.9766
-64.9767
-64.9767
-64.9768
-64.9768
-64.9769
-64.9769
-64.977
-64.977
-64.9771
-64.9771
-64.9771
-64.9772
-64.9772
-64.9773
-64.9773
-64.9774
-64.9774
-64.9774
-64.9775
-64.9775
-64.9776
-64.9776
-64.9776
-64.9777
-64.9777
-64.9778
-64.9778
-64.9778
-64.9779
-64.9779
-64.9779
-64.978
-64.978
-64.978
-64.9781
-64.9781
-64.9781
-64.9781
-64.8435
-64.6214
-64.3348
-63.9981
-63.6217
-63.2136
-62.78
-62.3259
-61.8554
-61.3719
-60.8779
-60.3758
-59.8674
-59.3541
-58.8371
-58.3175
-57.796
-57.2733
-56.7497
-56.2257
-55.7015
-55.177
-54.6525
-54.1276
-53.6022
-53.0759
-52.5483
-52.0188
-51.4868
-50.9515
-50.4118
-49.8668
-49.3153
-48.7557
-48.1866
-47.6061
-47.0123
-46.4029
-45.7753
-45.1266
-44.4536
-43.7526
-43.0195
-42.2495
-41.4374
-40.577
-39.6614
-38.6827
-37.6318
-36.4985
-35.2709
-33.9357
-32.4776
-30.8794
-29.1218
-27.1835
-25.0416
-22.6717
-20.0495
-17.1525
-13.9626
-10.4703
-6.67952
-2.61397
1.67774
6.11843
10.6032
15.0059
19.1921
23.0347
26.4312
29.3152
31.6619
33.4853
34.8297
35.7574
36.338
36.6383
36.7177
36.625
36.3985
36.0673
35.6528
35.1707
34.6325
34.0465
33.419
32.7547
32.0575
31.3305
30.5764
29.7975
28.9958
28.1733
27.3317
26.4727
25.5979
24.7087
23.8064
22.8926
21.9683
21.0348
20.0933
19.1448
18.1903
17.2308
16.2673
15.3006
14.3314
13.3606
12.3889
11.4169
10.4452
9.47436
8.50497
7.53749
6.57236
5.60999
4.65075
3.69497
2.74296
1.79499
0.851306
-0.0878713
-1.02235
-1.95198
-2.8766
-3.7961
-4.71038
-5.61936
-6.52298
-7.42118
-8.31395
-9.20127
-10.0831
-10.9596
-11.8306
-12.6963
-13.5567
-14.4118
-15.2618
-16.1068
-16.9468
-17.7821
-18.6127
-19.4388
-20.2606
-21.0783
-21.8921
-22.7023
-23.5091
-24.3129
-25.1139
-25.9125
-26.7092
-27.5043
-28.2983
-29.0917
-29.8851
-30.6791
-31.4742
-32.2712
-33.0708
-33.8739
-34.6811
-35.4935
-36.3119
-37.1374
-37.9709
-38.8135
-39.6664
-40.4631
-41.2355
-41.9973
-42.7559
-43.5157
-44.2795
-45.0489
-45.8251
-46.6087
-47.3998
-48.1984
-49.0038
-49.815
-50.6306
-51.4485
-52.2664
-53.0813
-53.8896
-54.6873
-55.4701
-56.2331
-56.9713
-57.6798
-58.3537
-58.9887
-59.581
-60.1274
-60.6259
-61.0753
-61.4755
-61.8274
-62.1325
-62.3932
-62.6124
-62.7934
-62.9397
-63.055
-63.1426
-63.206
-63.2485
-63.2728
-63.2819
-63.2779
-63.2631
-63.2394
-63.2084
-63.1714
-63.1297
-63.0844
-63.0363
-62.9861
-62.9345
-62.8821
-62.8291
-62.7761
-62.7234
-62.6711
-62.6195
-62.5687
-62.519
-62.4703
-62.4229
-62.3767
-62.3318
-62.2883
-62.2462
-62.2054
-62.1661
-62.1283
-62.0918
-62.0568
-62.0232
-61.991
-61.9602
-61.9307
-61.9027
-61.8759
-61.8505
-61.8264
-61.8036
-61.782
-61.7617
-61.7426
-61.7247
-61.708
-61.6924
-61.6779
-61.6646
-61.6523
-61.6411
-61.631
-61.6218
-61.6137
-61.6066
-61.6004
-61.5951
-61.5908
-61.5874
-61.5849
-61.5832
-61.5824
-61.5824
-61.5833
-61.5849
-61.5873
-61.5905
-61.5944
-61.599
-61.6044
-61.6104
-61.6171
-61.6245
-61.6326
-61.6413
-61.6506
-61.6605
-61.671
-61.6821
-61.6938
-61.706
-61.7187
-61.732
-61.7458
-61.7601
-61.7749
-61.7902
-61.6916
-61.5285
-61.3242
-61.0924
-60.8422
-60.58
-60.3104
-60.0369
-59.7619
-59.4875
-59.215
-58.9456
-58.68
-58.419
-58.1629
-57.9122
-57.6671
-57.4277
-57.1942
-56.9667
-56.7453
-56.5298
-56.3204
-56.1169
-55.9193
-55.7276
-55.5417
-55.3614
-55.1866
-55.0174
-54.8535
-54.6949
-54.5414
-54.393
-54.2495
-54.1108
-53.9768
-53.8475
-53.7225
-53.602
-53.4857
-53.3737
-53.2656
-53.1616
-53.0614
-52.965
-52.8723
-52.7831
-52.6975
-52.6154
-52.5366
-52.461
-52.3887
-52.3195
-52.2534
-52.1902
-52.13
-52.0727
-52.0181
-51.9663
-51.9173
-51.8708
-51.827
-51.7857
-51.7469
-51.7105
-51.6765
-51.6449
-51.6156
-51.5886
-51.5639
-51.5413
-51.521
-51.5027
-51.4866
-51.4725
-51.4605
-51.4505
-51.4424
-51.4364
-51.4322
-51.4299
-51.4295
-51.431
-51.4342
-51.4393
-51.4461
-51.4547
-51.465
-51.477
-51.4907
-51.5061
-51.523
-51.5416
-51.5618
-51.5836
-51.6069
-51.6318
-51.6581
-51.686
-51.7153
-51.7461
-51.7783
-51.8119
-51.8468
-51.7872
-51.6737
-51.5254
-51.3532
-51.1644
-50.9642
-50.7561
-50.5429
-50.3267
-50.109
-49.8909
-49.6733
-49.4569
-49.2422
-49.0297
-48.8195
-48.6121
-48.4075
-48.2059
-48.0073
-47.8119
-47.6197
-47.4307
-47.2449
-47.0622
-46.8827
-46.7063
-46.533
-46.3627
-46.1953
-46.0309
-45.8692
-45.7103
-45.5541
-45.4005
-45.2494
-45.1008
-44.9545
-44.8105
-44.6688
-44.5292
-44.3916
-44.256
-44.1224
-43.9906
-43.8605
-43.7322
-43.6054
-43.4803
-43.3566
-43.2344
-43.1135
-42.9939
-42.8756
-42.7584
-42.6424
-42.5274
-42.4134
-42.3004
-42.1883
-42.0769
-41.9664
-41.8565
-41.7473
-41.6387
-41.5307
-41.4231
-41.316
-41.2092
-41.1028
-40.9966
-40.8906
-40.7847
-40.6788
-40.573
-40.4671
-40.3611
-40.2548
-40.1483
-40.0414
-39.934
-39.8262
-39.7176
-39.6084
-39.4984
-39.3875
-39.2755
-39.1625
-39.0481
-38.9324
-38.8152
-38.6964
-38.5758
-38.4532
-38.3285
-38.2016
-38.0721
-37.94
-37.8051
-37.667
-37.5255
-37.3805
-37.2316
-37.0785
-36.9209
-36.7586
-36.591
-36.418
-36.2389
-36.0535
-35.8611
-35.6614
-35.4538
-35.2377
-35.0124
-34.7773
-34.5317
-34.2747
-34.0057
-33.7235
-33.4274
-33.1162
-32.7889
-32.4442
-32.081
-31.6978
-31.2933
-30.8659
-30.4142
-29.9364
-29.431
-28.8961
-28.3301
-27.7313
-27.0982
-26.4292
-25.7232
-24.9793
-24.197
-23.3766
-22.5188
-21.6255
-20.6995
-19.7451
-18.7677
-17.7744
-16.7736
-15.7753
-14.7904
-13.831
-12.9094
-12.0376
-11.2274
-10.4889
-9.8309
-9.26015
-8.78129
-8.3968
-8.10717
-7.9111
-7.80574
-7.7871
-7.85026
-7.98976
-8.19978
-8.47442
-8.80781
-9.19425
-9.62834
-10.105
-10.6194
-11.1671
-11.7443
-12.3471
-12.9723
-13.6168
-14.2778
-14.9529
-15.6399
-16.3368
-17.0418
-17.7533
-18.4699
-19.1902
-19.9133
-20.6381
-21.3637
-22.0893
-22.8144
-23.5383
-24.2606
-24.9808
-25.6986
-26.4138
-27.1261
-27.8355
-28.5417
-29.2448
-29.9449
-30.6419
-31.3359
-32.0271
-32.7157
-33.4019
-34.086
-34.7681
-35.4488
-36.1282
-36.8068
-37.4851
-38.1633
-38.842
-39.5216
-40.2027
-40.8858
-41.5712
-42.2597
-42.9517
-43.6477
-44.3483
-45.054
-45.7652
-46.4825
-47.2062
-47.9367
-48.6743
-49.4193
-50.1717
-50.9316
-51.6989
-52.4732
-53.254
-54.0408
-54.8325
-55.628
-56.4258
-57.2241
-58.0208
-58.8134
-59.5992
-60.3752
-61.1379
-61.884
-62.6099
-63.312
-63.9869
-64.6315
-65.243
-65.8191
-66.3581
-66.859
-67.3214
-67.7456
-68.1323
-68.4829
-68.7991
-69.0831
-69.337
-69.5633
-69.7645
-69.9428
-70.1006
-70.2402
-70.3636
-70.4725
-70.5689
-70.6541
-70.7296
-70.7965
-70.8561
-70.9092
-70.9567
-70.9992
-71.0375
-71.0721
-71.1034
-71.1319
-71.158
-71.1819
-71.2039
-71.2243
-71.2433
-71.2609
-71.2775
-71.293
-71.3077
-71.3217
-71.3349
-71.3475
-71.3596
-71.3712
-71.3823
-71.393
-71.4034
-71.4134
-71.4231
-71.4325
-71.4417
-71.4506
-71.4593
-71.4678
-71.4761
-71.4842
-71.4921
-71.4999
-71.5075
-71.5149
-71.5222
-71.5293
-71.5363
-71.5432
-71.5499
-71.5564
-71.5629
-71.5692
-71.5754
-71.5815
-71.5874
-71.5932
-71.5989
-71.6045
-71.61
-71.6153
-71.6206
-71.6257
-71.6307
-71.6356
-71.6403
-71.645
-71.6495
-71.6539
-71.6582
-71.6624
-71.6665
-71.6705
-71.6743
-71.6781
-71.6817
-71.6852
-71.5479
-71.3251
-71.0439
-70.7206
-70.367
-69.9914
-69.6003
-69.1987
-68.7904
-68.3787
-67.9658
-67.5538
-67.1442
-66.7382
-66.3369
-65.9411
-65.5513
-65.1681
-64.792
-64.4232
-64.062
-63.7086
-63.363
-63.0255
-62.6959
-62.3745
-62.061
-61.7556
-61.4581
-61.1685
-60.8867
-60.6125
-60.346
-60.0869
-59.8352
-59.5906
-59.3532
-59.1227
-58.8989
-58.6819
-58.4713
-58.2671
-58.0691
-57.8772
-57.6912
-57.511
-57.3364
-57.1674
-57.0037
-56.8452
-56.6918
-56.5434
-56.3999
-56.261
-56.1268
-55.997
-55.8716
-55.7504
-55.6334
-55.5204
-55.4113
-55.3061
-55.2046
-55.1068
-55.0125
-54.9217
-54.8343
-54.7502
-54.6693
-54.5915
-54.5169
-54.4452
-54.3765
-54.3107
-54.2476
-54.1874
-54.1298
-54.0749
-54.0225
-53.9727
-53.9254
-53.8805
-53.838
-53.7979
-53.76
-53.7244
-53.6911
-53.6599
-53.6309
-53.6041
-53.5793
-53.5565
-53.5358
-53.5171
-53.5003
-53.4855
-53.4726
-53.4616
-53.4524
-53.445
-53.4395
-53.4358
-53.4338
-53.4335
-53.435
-53.4382
-53.443
-53.4495
-53.4577
-53.4675
-53.4788
-53.4918
-53.5063
-53.5224
-53.54
-53.5591
-53.5797
-53.6018
-53.6253
-53.6503
-53.6766
-53.7044
-53.7336
-53.7642
-53.7961
-53.8293
-53.8638
-53.8997
-53.9368
-53.9752
-54.0149
-54.0558
-54.0979
-54.1412
-54.1856
-54.2312
-54.278
-54.3259
-54.3748
-54.4249
-54.476
-54.5281
-54.5813
-54.6354
-54.6905
-54.7466
-54.8036
-54.8615
-54.9204
-54.98
-55.0406
-55.1019
-55.1641
-55.227
-55.2907
-55.3551
-55.4202
-55.486
-55.5525
-55.6196
-55.6874
-55.7557
-55.8246
-55.894
-55.964
-56.0344
-56.1054
-56.1768
-56.2486
-56.3208
-56.3934
-56.4664
-56.5397
-56.6133
-56.6872
-56.7614
-56.8359
-56.9105
-56.9854
-57.0604
-57.1357
-57.211
-57.2865
-57.362
-57.4377
-57.5134
-57.5892
-57.6649
-57.7407
-57.8165
-57.8922
-57.9679
-58.0435
-58.119
-58.1944
-58.2698
-58.3449
-58.42
-58.4949
-58.5696
-58.6441
-58.7184
-58.7925
-58.8663
-58.94
-59.0134
-59.0865
-59.1593
-59.2319
-59.3042
-59.3761
-59.4478
-59.5191
-59.5901
-59.6608
-59.7311
-59.8011
-59.8707
-59.94
-60.0089
-60.0774
-60.1455
-60.2133
-60.2807
-60.3476
-60.4142
-60.4803
-60.5461
-60.6114
-60.6764
-60.7409
-60.805
-60.8686
-60.9319
-60.9947
-61.0571
-61.1191
-61.1806
-61.2417
-61.3024
-61.3627
-61.4225
-61.4819
-61.5408
-61.5994
-61.6575
-61.7151
-61.7724
-61.8291
-61.8855
-61.9415
-61.997
-62.0521
-62.1067
-62.1609
-62.2148
-62.2681
-62.3211
-62.3737
-62.4258
-62.4775
-62.5288
-62.5797
-62.6302
-62.6802
-62.7299
-62.7792
-62.828
-62.8765
-62.9245
-62.9722
-63.0194
-63.0663
-63.1128
-63.1589
-63.2046
-63.2499
-63.2949
-63.3394
-63.3836
-63.4274
-63.4709
-63.514
-63.5567
-63.599
-63.641
-63.6826
-63.7238
-63.7647
-63.8053
-63.8455
-63.8853
-63.9248
-63.964
-64.0028
-64.0413
-64.0794
-64.1172
-64.1547
-64.1918
-64.2286
-64.2651
-64.3013
-64.3371
-64.3726
-64.4078
-64.4427
-64.4772
-64.5115
-64.5454
-64.5791
-64.6124
-64.6454
-64.6782
-64.7106
-64.7427
-64.7745
-64.8061
-64.8373
-64.8683
-64.899
-64.9293
-64.9594
-64.9893
-65.0188
-65.0481
-65.0771
-65.1058
-65.1342
-65.1624
-65.1903
-65.2179
-65.2453
-65.2724
-65.2992
-65.3258
-65.3521
-65.3782
-65.404
-65.4296
-65.4549
-65.4799
-65.5047
-65.5293
-65.5536
-65.5777
-65.6015
-65.6251
-65.6485
-65.6716
-65.6944
-65.7171
-65.7395
-65.6278
-65.4307
-65.1719
-64.8662
-64.5242
-64.1539
-63.7615
-63.3519
-62.9293
-62.4969
-62.0572
-61.6125
-61.1647
-60.715
-60.2649
-59.8153
-59.3671
-58.921
-58.4776
-58.0374
-57.6009
-57.1683
-56.74
-56.3162
-55.8969
-55.4824
-55.0726
-54.6676
-54.2673
-53.8716
-53.4806
-53.0939
-52.7115
-52.3331
-51.9584
-51.5872
-51.2192
-50.854
-50.4913
-50.1305
-49.7714
-49.4133
-49.0559
-48.6985
-48.3405
-47.9814
-47.6205
-47.257
-46.8902
-46.5193
-46.1434
-45.7616
-45.3729
-44.9762
-44.5705
-44.1544
-43.7266
-43.2857
-42.8301
-42.3581
-41.8678
-41.3572
-40.8241
-40.2659
-39.6801
-39.0636
-38.4132
-37.7253
-36.9959
-36.2207
-35.3948
-34.513
-33.5694
-32.5576
-31.4707
-30.3013
-29.0411
-27.6818
-26.2143
-24.6295
-22.9184
-21.0723
-19.0839
-16.9472
-14.6593
-12.2211
-9.6387
-6.92496
-4.10081
-1.19637
1.74865
4.68546
7.55817
10.307
12.8731
15.2034
17.2558
19.0029
20.4329
21.5494
22.3686
22.9153
23.2196
23.313
23.2263
22.9875
22.6214
22.1491
21.5882
20.9535
20.2569
19.5082
18.7156
17.8858
17.0244
16.1362
15.2252
14.2949
13.3485
12.3886
11.4176
10.4376
9.45057
8.45817
7.46196
6.46331
5.46348
4.46358
3.46462
2.46751
1.47304
0.481948
-0.50513
-1.48763
-2.46505
-3.43695
-4.40295
-5.36272
-6.31599
-7.26252
-8.2021
-9.13459
-10.0599
-10.9778
-11.8884
-12.7915
-13.6872
-14.5755
-15.4564
-16.33
-17.1963
-18.0554
-18.9076
-19.7528
-20.5912
-21.4231
-22.2486
-23.0679
-23.8813
-24.689
-25.4914
-26.2887
-27.0812
-27.8694
-28.6536
-29.4343
-30.2119
-30.9868
-31.7597
-32.531
-33.3013
-34.0713
-34.8416
-35.6128
-36.3858
-37.1612
-37.9398
-38.7224
-39.5098
-40.3029
-41.1025
-41.9094
-42.7245
-43.5485
-44.3824
-45.2266
-46.082
-46.9491
-47.8281
-48.7195
-49.6232
-50.539
-51.4664
-52.4045
-53.352
-54.3074
-55.2683
-56.2321
-57.1954
-58.1545
-59.1051
-60.0423
-60.9611
-61.8561
-62.7219
-63.5532
-64.3453
-65.0939
-65.7955
-66.4475
-67.0486
-67.5981
-68.0966
-68.5455
-68.9469
-69.3037
-69.6191
-69.8965
-70.1393
-70.3513
-70.5357
-70.6959
-70.8347
-70.955
-71.0592
-71.1494
-71.2276
-71.2955
-71.3545
-71.406
-71.451
-71.4904
-71.5251
-71.5558
-71.583
-71.6073
-71.6291
-71.6487
-71.6664
-71.6826
-71.6973
-71.7109
-71.7235
-71.7352
-71.7462
-71.7564
-71.7661
-71.7753
-71.7841
-71.7924
-71.8004
-71.8081
-71.8156
-71.8227
-71.8297
-71.8364
-71.843
-71.8494
-71.8557
-71.8618
-71.8677
-71.8736
-71.8793
-71.8849
-71.8904
-71.8957
-71.901
-71.9062
-71.9113
-71.9163
-71.9212
-71.926
-71.9307
-71.9354
-71.9399
-71.9444
-71.9488
-71.9531
-71.9573
-71.9614
-71.9654
-71.9693
-71.9732
-71.977
-71.9806
-71.9842
-71.9878
-71.9912
-71.9945
-71.9977
-72.0009
-72.004
-72.0069
-72.0098
-72.0126
-72.0153
-72.018
-72.0205
-72.0229
-72.0253
-72.0275
-72.0297
-72.0317
-72.0337
-72.0356
-72.0373
-72.039
-72.0406
-72.0421
-72.0435
-72.0448
-72.046
-72.0471
-72.0481
-72.0491
-72.0499
-72.0506
-72.0512
-72.0517
-72.0522
-72.0525
-72.0527
-72.0529
-72.0529
-72.0528
-72.0527
-72.0524
-72.0521
-72.0516
-72.051
-72.0504
-72.0496
-72.0488
-72.0478
-72.0467
-72.0456
-71.9013
-71.6689
-71.3753
-71.0371
-70.6661
-70.2708
-69.858
-69.4328
-68.9994
-68.5609
-68.1202
-67.6792
-67.2396
-66.8028
-66.3701
-65.9422
-65.5199
-65.1039
-64.6946
-64.2924
-63.8977
-63.5107
-63.1317
-62.7606
-62.3977
-62.043
-61.6965
-61.3583
-61.0283
-60.7064
-60.3927
-60.087
-59.7892
-59.4993
-59.2171
-58.9425
-58.6753
-58.4155
-58.1629
-57.9173
-57.6786
-57.4467
-57.2213
-57.0024
-56.7897
-56.5832
-56.3826
-56.1879
-55.9988
-55.8152
-55.637
-55.464
-55.2961
-55.1331
-54.9749
-54.8213
-54.6723
-54.5277
-54.3873
-54.2511
-54.1189
-53.9907
-53.8662
-53.7454
-53.6283
-53.5146
-53.4043
-53.2974
-53.1936
-53.093
-52.9955
-52.9009
-52.8092
-52.7203
-52.6342
-52.5507
-52.4699
-52.3917
-52.316
-52.2427
-52.1718
-52.1032
-52.037
-51.973
-51.9113
-51.8517
-51.7942
-51.7389
-51.6856
-51.6344
-51.5851
-51.5379
-51.4926
-51.4492
-51.4078
-51.3682
-51.3305
-51.2947
-51.2607
-51.2285
-51.1981
-51.1694
-51.1426
-51.1175
-51.0942
-51.0727
-51.0528
-51.0348
-51.0184
-51.0038
-50.9909
-50.9798
-50.9703
-50.9626
-50.9566
-50.9523
-50.9497
-50.9489
-50.9497
-50.9523
-50.9566
-50.9627
-50.9704
-50.9799
-50.9912
-51.0042
-51.019
-51.0355
-51.0538
-51.0738
-51.0956
-51.1192
-51.1446
-51.1718
-51.2008
-51.2315
-51.2641
-51.2985
-51.3347
-51.3728
-51.4127
-51.4544
-51.498
-51.5434
-51.5906
-51.6397
-51.6906
-51.7434
-51.7981
-51.8545
-51.9128
-51.973
-52.035
-52.0989
-52.1645
-52.232
-52.3013
-52.3725
-52.4453
-52.52
-52.5965
-52.6747
-52.7546
-52.8362
-52.9196
-53.0046
-53.0913
-53.1796
-53.2695
-53.361
-53.454
-53.5485
-53.6445
-53.742
-53.8408
-53.9411
-54.0426
-54.1455
-54.2495
-54.3548
-54.4613
-54.5688
-54.6774
-54.787
-54.8975
-55.009
-55.1213
-55.2344
-55.3482
-55.4627
-55.5779
-55.6935
-55.8097
-55.9264
-56.0434
-56.1608
-56.2784
-56.3963
-56.5143
-56.6324
-56.7505
-56.8686
-56.9867
-57.1046
-57.2223
-57.3398
-57.4571
-57.5739
-57.6904
-57.8065
-57.922
-58.0371
-58.1515
-58.2654
-58.3786
-58.4911
-58.6029
-58.7139
-58.8241
-58.9335
-59.042
-59.1497
-59.2564
-59.3623
-59.4671
-59.571
-59.6739
-59.7757
-59.8766
-59.9764
-60.0752
-60.1729
-60.2695
-60.365
-60.4595
-60.5528
-60.6451
-60.7363
-60.8264
-60.9153
-61.0032
-61.09
-61.1757
-61.2603
-61.3439
-61.4263
-61.5077
-61.588
-61.6673
-61.7455
-61.8226
-61.8988
-61.9739
-62.048
-62.1211
-62.1932
-62.2643
-62.3344
-62.4036
-62.4719
-62.5392
-62.6056
-62.6711
-62.7356
-62.7993
-62.8622
-62.9241
-62.9852
-63.0455
-63.1049
-63.1636
-63.2214
-63.2784
-63.3347
-63.3902
-63.4449
-63.4989
-63.5522
-63.6048
-63.6566
-63.7078
-63.7582
-63.808
-63.8571
-63.9056
-63.9534
-64.0006
-64.0472
-64.0932
-64.1385
-64.1833
-64.2275
-64.2711
-64.3141
-64.3566
-64.3985
-64.4399
-64.4808
-64.5211
-64.561
-64.6003
-64.6391
-64.6775
-64.7153
-64.7527
-64.7896
-64.826
-64.862
-64.8976
-64.9327
-64.9673
-65.0016
-65.0354
-65.0688
-65.1018
-65.1343
-65.1665
-65.1983
-65.2297
-65.2607
-65.2914
-65.3216
-65.3515
-65.3811
-65.4103
-65.4391
-65.4676
-65.4957
-65.5235
-65.551
-65.5781
-65.6049
-65.6314
-65.6576
-65.6834
-65.709
-65.7342
-65.7592
-65.7838
-65.8081
-65.8322
-65.8559
-65.8794
-65.9026
-65.9255
-65.9481
-65.9705
-65.9926
-66.0144
-66.0359
-66.0572
-66.0783
-66.0991
-66.1196
-66.1399
-66.1599
-66.1797
-66.1992
-66.2185
-66.2376
-66.2564
-66.275
-66.2933
-66.3114
-66.3293
-66.347
-66.3645
-66.3817
-66.3987
-66.4155
-66.4321
-66.4485
-66.4646
-66.4806
-66.4963
-66.5119
-66.5272
-66.5423
-66.5573
-66.572
-66.5865
-66.6009
-66.615
-66.629
-66.5067
-66.2972
-66.0247
-65.704
-65.346
-64.9588
-64.5487
-64.1208
-63.6793
-63.2275
-62.7681
-62.3034
-61.8351
-61.3649
-60.894
-60.4234
-59.9542
-59.487
-59.0225
-58.5611
-58.1034
-57.6497
-57.2002
-56.7552
-56.3148
-55.8792
-55.4485
-55.0225
-54.6013
-54.1848
-53.7729
-53.3654
-52.9622
-52.5629
-52.1673
-51.7751
-51.3859
-50.9994
-50.615
-50.2325
-49.8511
-49.4704
-49.0899
-48.7087
-48.3263
-47.942
-47.5549
-47.1641
-46.7689
-46.3681
-45.9608
-45.5459
-45.122
-44.6879
-44.2421
-43.7831
-43.3092
-42.8185
-42.309
-41.7785
-41.2246
-40.6445
-40.0354
-39.394
-38.7165
-37.9992
-37.2374
-36.4264
-35.5606
-34.6341
-33.6403
-32.5718
-31.4206
-30.1781
-28.835
-27.3812
-25.8063
-24.0996
-22.2506
-20.2495
-18.0876
-15.759
-13.261
-10.5966
-7.77541
-4.81581
-1.74656
1.39235
4.54977
7.66503
10.6713
13.5005
16.0899
18.3877
20.3584
21.9849
23.2682
24.2248
24.8822
25.2742
25.4368
25.4048
25.21
24.8801
24.4384
23.9043
23.2933
22.6183
21.8895
21.1152
20.3024
19.4566
18.5826
17.6845
16.7658
15.8295
14.8784
13.9147
12.9407
11.9583
10.9692
9.97496
8.97703
7.9767
6.97513
5.97338
4.97242
3.9731
2.9762
1.98242
0.992383
0.00664154
-0.974311
-1.95004
-2.92017
-3.88436
-4.84234
-5.79386
-6.73872
-7.67674
-8.6078
-9.53178
-10.4486
-11.3582
-12.2607
-13.1558
-14.0438
-14.9246
-15.7983
-16.6649
-17.5246
-18.3774
-19.2236
-20.0632
-20.8964
-21.7235
-22.5445
-23.3598
-24.1696
-24.9742
-25.7738
-26.5689
-27.3597
-28.1467
-28.9302
-29.7107
-30.4886
-31.2645
-32.039
-32.8125
-33.5857
-34.3592
-35.1338
-35.9101
-36.6888
-37.4708
-38.2569
-39.0478
-39.8444
-40.6477
-41.4583
-42.2773
-43.1055
-43.9436
-44.7924
-45.6527
-46.5251
-47.4099
-48.3076
-49.2182
-50.1417
-51.0775
-52.025
-52.9831
-53.95
-54.9237
-55.9015
-56.8802
-57.856
-58.8246
-59.7811
-60.7202
-61.6364
-62.5242
-63.378
-64.1926
-64.9636
-65.687
-66.36
-66.9809
-67.5488
-68.0641
-68.5282
-68.9432
-69.3119
-69.6374
-69.9235
-70.1737
-70.3917
-70.5811
-70.7453
-70.8874
-71.0101
-71.1162
-71.2079
-71.2872
-71.3558
-71.4154
-71.4672
-71.5123
-71.5518
-71.5865
-71.617
-71.6441
-71.6681
-71.6896
-71.709
-71.7264
-71.7423
-71.7568
-71.7701
-71.7824
-71.7938
-71.8045
-71.8145
-71.8239
-71.8329
-71.8414
-71.8495
-71.8573
-71.8647
-71.8719
-71.8789
-71.8857
-71.8922
-71.8986
-71.9048
-71.9109
-71.9168
-71.9226
-71.9283
-71.9338
-71.9393
-71.9446
-71.9499
-71.955
-71.96
-71.965
-71.9699
-71.9746
-71.9793
-71.9839
-71.9884
-71.9928
-71.9972
-72.0014
-72.0056
-72.0097
-72.0137
-72.0176
-72.0215
-72.0252
-72.0289
-72.0325
-72.036
-72.0394
-72.0427
-72.0459
-72.0491
-72.0521
-72.0551
-72.058
-72.0608
-72.0635
-72.0661
-72.0687
-72.0711
-72.0735
-72.0757
-72.0779
-72.08
-72.082
-72.0839
-72.0857
-72.0874
-72.089
-72.0905
-72.0919
-72.0933
-72.0945
-72.0957
-72.0967
-72.0977
-72.0985
-72.0993
-72.0999
-72.1005
-72.101
-72.1013
-72.1016
-72.1018
-72.1019
-72.1019
-72.1017
-72.1015
-72.1012
-72.1008
-72.1003
-72.0997
-72.099
-72.0982
-72.0973
-72.0963
-72.0951
-72.0939
-72.0926
-72.0912
-72.0897
-72.0881
-72.0864
-72.0846
-72.0827
-72.0807
-72.0786
-72.0764
-72.0741
-72.0717
-72.0692
-72.0666
-72.064
-72.0612
-72.0583
-72.0553
-72.0522
-72.049
-72.0457
-72.0423
-72.0388
-72.0353
-72.0316
-72.0278
-72.0239
-72.0199
-72.0159
-72.0117
-72.0074
-72.0031
-71.9986
-71.9941
-71.9894
-71.9847
-71.9798
-71.9749
-71.9698
-71.9647
-71.9595
-71.9542
-71.9487
-71.9432
-71.9376
-71.9319
-71.9261
-71.9203
-71.9143
-71.9082
-71.9021
-71.8958
-71.8895
-71.883
-71.8765
-71.8699
-71.8632
-71.8564
-71.8495
-71.8425
-71.8354
-71.8283
-71.821
-71.8137
-71.8063
-71.7988
-71.7912
-71.7835
-71.7758
-71.7679
-71.76
-71.7519
-71.7438
-71.7356
-71.7274
-71.719
-71.7106
-71.702
-71.6934
-71.6847
-71.676
-71.6671
-71.6582
-71.6492
-71.6401
-71.6309
-71.6216
-71.6123
-71.6029
-71.5934
-71.5838
-71.5742
-71.5645
-71.5547
-71.5448
-71.5349
-71.5248
-71.5147
-71.5046
-71.4943
-71.484
-71.4736
-71.4632
-71.4526
-71.442
-71.4314
-71.4206
-71.4098
-71.3989
-71.388
-71.3769
-71.3658
-71.3547
-71.3435
-71.3322
-71.3208
-71.3094
-71.2979
-71.2863
-71.2747
-71.263
-71.2513
-71.2395
-71.2276
-71.2157
-71.2037
-71.1916
-71.1795
-71.1673
-71.1551
-71.1428
-71.1304
-71.118
-71.1056
-71.093
-71.0804
-71.0678
-71.0551
-71.0424
-71.0296
-71.0167
-71.0038
-70.9908
-70.9778
-70.9647
-70.9516
-70.9384
-70.9252
-70.9119
-70.8986
-70.8852
-70.8718
-70.8583
-70.8448
-70.8313
-70.8176
-70.804
-70.7903
-70.7765
-70.7627
-70.7489
-70.735
-70.7211
-70.7071
-70.6931
-70.679
-70.6649
-70.6508
-70.6366
-70.6224
-70.6081
-70.5938
-70.5795
-70.5651
-70.5507
-70.5362
-70.5218
-70.5072
-70.4927
-70.4781
-70.4635
-70.4488
-70.4341
-70.4194
-70.4046
-70.3898
-70.375
-70.3601
-70.3452
-70.3303
-70.3153
-70.3004
-70.2853
-70.2703
-70.2552
-70.2401
-70.225
-70.2099
-70.1947
-70.1795
-70.1642
-70.149
-70.1337
-70.1184
-70.1031
-70.0877
-70.0724
-70.057
-70.0415
-70.0261
-70.0106
-69.9952
-69.9797
-69.9641
-69.9486
-69.933
-69.9174
-69.9018
-69.8862
-69.8706
-69.8549
-69.8393
-69.8236
-69.8079
-69.7922
-69.7765
-69.7607
-69.745
-69.7292
-69.7134
-69.6976
-69.6818
-69.666
-69.6501
-69.6343
-69.6184
-69.6026
-69.5867
-69.5708
-69.5549
-69.539
-69.5231
-69.5072
-69.4913
-69.4753
-69.4594
-69.4434
-69.4275
-69.4115
-69.3956
-69.3796
-69.3636
-69.3477
-69.3317
-69.3157
-69.2997
-69.2837
-69.2677
-69.2517
-69.2357
-69.2197
-69.2037
-69.1877
-69.1717
-69.1557
-69.1397
-69.1237
-69.1077
-69.0917
-69.0757
-69.0597
-69.0437
-69.0277
-69.0117
-68.9958
-68.9798
-68.9638
-68.9478
-68.9319
-68.9159
-68.9
-68.884
-68.8681
-68.8521
-68.8362
-68.8203
-68.8043
-68.7884
-68.7725
-68.7566
-68.7407
-68.7249
-68.709
-68.6931
-68.6773
-68.6614
-68.6456
-68.6298
-68.614
-68.5982
-68.5824
-68.5666
-68.5508
-68.5351
-68.5193
-68.5036
-68.4879
-68.4722
-68.4565
-68.4408
-68.4252
-68.4095
-68.3939
-68.3783
-68.3627
-68.3471
-68.3315
-68.3159
-68.3004
-68.2849
-68.2694
-68.2539
-68.2384
-68.2229
-68.2075
-68.192
-68.1766
-68.1612
-68.1459
-68.1305
-68.1152
-68.0999
-68.0846
-68.0693
-68.054
-68.0388
-68.0236
-68.0084
-67.9932
-67.978
-67.9629
-67.9478
-67.9327
-67.9176
-67.9025
-67.8875
-67.8725
-67.8575
-67.8425
-67.8276
-67.8127
-67.7978
-67.7829
-67.768
-67.7532
-67.7384
-67.7236
-67.7089
-67.6941
-67.6794
-67.6647
-67.6501
-67.6354
-67.6208
-67.6062
-67.5917
-67.5771
-67.5626
-67.5481
-67.5337
-67.5192
-67.5048
-67.4905
-67.4761
-67.4618
-67.4475
-67.4332
-67.419
-67.4048
-67.3906
-67.3764
-67.3623
-67.3482
-67.3341
-67.32
-67.306
-67.292
-67.2781
-67.2641
-67.2502
-67.2363
-67.2225
-67.2087
-67.1949
-67.1811
-67.1674
-67.1537
-67.14
-67.1264
-67.1128
-67.0992
-67.0856
-67.0721
-67.0586
-67.0451
-67.0317
-67.0183
-67.005
-66.9916
-66.9783
-66.9651
-66.9518
-66.9386
-66.9254
-66.9123
-66.8992
-66.8861
-66.8731
-66.8601
-66.8471
-66.8341
-66.8212
-66.8083
-66.7955
-66.7827
-66.7699
-66.7571
-66.7444
-66.7317
-66.7191
-66.7065
-66.6939
-66.6813
-66.6688
-66.6563
-66.6439
-66.6314
-66.6191
-66.6067
-66.5944
-66.5821
-66.5699
-66.5577
-66.5455
-66.5334
-66.5213
-66.5092
-66.4972
-66.4852
-66.4732
-66.4613
-66.4494
-66.4375
-66.4257
-66.4139
-66.4022
-66.3905
-66.3788
-66.3672
-66.3556
-66.344
-66.3325
-66.321
-66.3095
-66.2981
-66.2867
-66.2754
-66.264
-66.2528
-66.2415
-66.2303
-66.2191
-66.208
-66.1969
-66.1859
-66.1748
-66.1638
-66.1529
-66.142
-66.1311
-66.1203
-66.1095
-66.0987
-66.088
-66.0773
-66.0667
-66.0561
-66.0455
-66.035
-66.0245
-66.014
-66.0036
-65.9932
-65.9829
-65.9726
-65.9624
-65.9521
-65.942
-65.9318
-65.9217
-65.9116
-65.9016
-65.8916
-65.8817
-65.8718
-65.8619
-65.8521
-65.8423
-65.8325
-65.8228
-65.8131
-65.8035
-65.7939
-65.7843
-65.7748
-65.7653
-65.7558
-65.7464
-65.7371
-65.7277
-65.7184
-65.7092
-65.7
-65.6908
-65.6817
-65.6726
-65.6635
-65.6545
-65.6455
-65.6366
-65.6277
-65.6189
-65.61
-65.6013
-65.5925
-65.5838
-65.5752
-65.5666
-65.558
-65.5495
-65.541
-65.5326
-65.5241
-65.5158
-65.5075
-65.4992
-65.4909
-65.4827
-65.4746
-65.4665
-65.4584
-65.4504
-65.4424
-65.4344
-65.4265
-65.4186
-65.4108
-65.403
-65.3952
-65.3875
-65.2443
-65.0131
-64.7171
-64.3707
-63.9845
-63.5664
-63.1228
-62.6587
-62.1783
-61.6848
-61.1811
-60.6693
-60.1514
-59.6287
-59.1026
-58.574
-58.0438
-57.5125
-56.9808
-56.4488
-55.9169
-55.3852
-54.8536
-54.3221
-53.7905
-53.2584
-52.7254
-52.191
-51.6546
-51.1154
-50.5724
-50.0247
-49.4711
-48.9102
-48.3405
-47.7603
-47.1676
-46.5602
-45.9356
-45.2912
-44.6236
-43.9295
-43.2048
-42.4449
-41.6447
-40.7983
-39.8992
-38.9396
-37.9109
-36.8033
-35.6053
-34.3041
-32.885
-31.3313
-29.6245
-27.7439
-25.6668
-23.3692
-20.8265
-18.0153
-14.9155
-11.5141
-7.81027
-3.82051
0.414963
4.82798
9.32146
13.774
18.0506
22.0187
25.565
28.61
31.116
33.0865
34.5591
35.5934
36.259
36.6255
36.7552
36.7004
36.5025
36.193
35.7951
35.3261
34.7981
34.2204
33.5996
32.9408
32.2481
31.5247
30.7734
29.9966
29.1964
28.3748
27.5336
26.6744
25.7989
24.9086
24.0049
23.0891
22.1626
21.2266
20.2822
19.3306
18.3728
17.4098
16.4426
15.472
14.4989
13.524
12.548
11.5718
10.5958
9.62064
8.64692
7.67511
6.70566
5.739
4.77551
3.81554
2.8594
1.90738
0.959732
0.0166746
-0.921592
-1.8549
-2.7831
-3.70607
-4.62369
-5.5359
-6.44261
-7.34378
-8.23939
-9.12942
-10.0139
-10.8928
-11.7661
-12.634
-13.4964
-14.3534
-15.2052
-16.0518
-16.8933
-17.7298
-18.5616
-19.3887
-20.2114
-21.0299
-21.8442
-22.6548
-23.4619
-24.2657
-25.0667
-25.865
-26.6612
-27.4557
-28.2489
-29.0412
-29.8333
-30.6257
-31.4191
-32.2141
-33.0114
-33.8118
-34.6162
-35.4253
-36.2402
-37.0617
-37.8909
-38.7288
-39.5764
-40.435
-41.3055
-42.1891
-43.0868
-43.9997
-44.9286
-45.8744
-46.8376
-47.8187
-48.8178
-49.8346
-50.8684
-51.9179
-52.9813
-54.056
-55.1387
-56.2251
-57.3102
-58.3883
-59.4526
-60.4962
-61.5116
-62.4913
-63.4281
-64.3154
-65.1477
-65.9207
-66.6314
-67.2785
-67.8623
-68.3842
-68.8469
-69.2541
-69.61
-69.9192
-70.1865
-70.4166
-70.614
-70.7829
-70.9271
-71.0502
-71.1552
-71.2448
-71.3213
-71.3868
-71.4429
-71.4912
-71.5329
-71.569
-71.6004
-71.6279
-71.6521
-71.6734
-71.6925
-71.7095
-71.7249
-71.7389
-71.7516
-71.7633
-71.7742
-71.7843
-71.7938
-71.8028
-71.8113
-71.8193
-71.8271
-71.8345
-71.8416
-71.8486
-71.8553
-71.8618
-71.8682
-71.8744
-71.8805
-71.8865
-71.8923
-71.8981
-71.9037
-71.9093
-71.9147
-71.9201
-71.9254
-71.9306
-71.9358
-71.9409
-71.9459
-71.9508
-71.9557
-71.9605
-71.9652
-71.9698
-71.9744
-71.9789
-71.9834
-71.9877
-71.992
-71.9963
-72.0004
-72.0045
-72.0085
-72.0125
-72.0163
-72.0201
-72.0238
-72.0275
-72.031
-72.0345
-72.038
-72.0413
-72.0445
-72.0477
-72.0508
-72.0538
-72.0568
-72.0596
-72.0624
-72.0651
-72.0677
-72.0702
-72.0726
-72.075
-72.0773
-72.0794
-72.0815
-72.0835
-72.0855
-72.0873
-72.089
-72.0907
-72.0922
-72.0937
-72.0951
-72.0964
-72.0976
-72.0987
-72.0997
-72.1006
-72.1015
-72.1022
-72.1029
-72.1034
-72.1039
-72.1042
-72.1045
-72.1047
-72.1048
-72.1048
-72.1047
-72.1045
-72.1042
-72.1038
-72.1033
-72.1027
-72.102
-72.1012
-72.1003
-72.0994
-72.0983
-72.0971
-72.0959
-72.0945
-72.093
-72.0915
-72.0898
-72.0881
-72.0862
-72.0843
-72.0822
-72.0801
-72.0779
-72.0755
-72.0731
-72.0706
-72.0679
-72.0652
-72.0624
-72.0595
-72.0565
-72.0534
-72.0501
-72.0468
-72.0434
-72.0399
-72.0363
-72.0326
-72.0288
-72.025
-72.021
-72.0169
-72.0127
-71.8642
-71.6257
-71.3241
-70.9758
-70.5926
-70.1832
-69.7545
-69.3116
-68.859
-68.4
-67.9373
-67.4732
-67.0095
-66.5477
-66.0889
-65.6343
-65.1847
-64.7407
-64.3029
-63.8718
-63.4478
-63.0312
-62.6222
-62.2211
-61.828
-61.4429
-61.0661
-60.6974
-60.337
-59.9847
-59.6407
-59.3047
-58.9768
-58.6568
-58.3447
-58.0402
-57.7434
-57.4541
-57.172
-56.8972
-56.6293
-56.3683
-56.1139
-55.8661
-55.6246
-55.3892
-55.1598
-54.9362
-54.7183
-54.5058
-54.2985
-54.0963
-53.8991
-53.7066
-53.5187
-53.3351
-53.1559
-52.9806
-52.8094
-52.6418
-52.4779
-52.3174
-52.1603
-52.0063
-51.8553
-51.7072
-51.5619
-51.4192
-51.279
-51.1412
-51.0057
-50.8722
-50.7409
-50.6114
-50.4837
-50.3577
-50.2333
-50.1104
-49.9889
-49.8687
-49.7497
-49.6318
-49.5149
-49.3989
-49.2837
-49.1692
-49.0554
-48.9421
-48.8293
-48.7169
-48.6047
-48.4927
-48.3809
-48.269
-48.157
-48.0449
-47.9324
-47.8196
-47.7063
-47.5924
-47.4777
-47.3623
-47.246
-47.1286
-47.01
-46.8902
-46.7689
-46.646
-46.5214
-46.395
-46.2665
-46.1358
-46.0027
-45.8671
-45.7287
-45.5873
-45.4427
-45.2947
-45.143
-44.9873
-44.8274
-44.663
-44.4936
-44.3191
-44.139
-43.9528
-43.7603
-43.5609
-43.3542
-43.1396
-42.9165
-42.6843
-42.4425
-42.1901
-41.9266
-41.6511
-41.3626
-41.0602
-40.7428
-40.4093
-40.0585
-39.6889
-39.2992
-38.8877
-38.4528
-37.9925
-37.5048
-36.9875
-36.4382
-35.8543
-35.2331
-34.5715
-33.8664
-33.1142
-32.3113
-31.4538
-30.5376
-29.5585
-28.512
-27.3939
-26.1997
-24.9253
-23.5668
-22.1211
-20.5856
-18.9592
-17.2422
-15.4368
-13.548
-11.5835
-9.55465
-7.47668
-5.36897
-3.25504
-1.16215
0.879497
2.83807
4.68184
6.38112
7.9103
9.24951
10.3857
11.3132
12.033
12.5522
12.8824
13.0385
13.037
12.895
12.6292
12.2554
11.7881
11.2402
10.6233
9.94731
9.221
8.45187
7.64643
6.81031
5.94837
5.06485
4.16341
3.24726
2.31922
1.38175
0.437011
-0.513079
-1.46684
-2.4228
-3.37964
-4.33621
-5.29151
-6.24465
-7.19484
-8.14142
-9.0838
-10.0215
-10.954
-11.881
-12.8022
-13.7174
-14.6263
-15.5288
-16.4247
-17.3141
-18.1969
-19.0731
-19.9427
-20.8057
-21.6624
-22.5128
-23.3571
-24.1955
-25.0282
-25.8554
-26.6776
-27.4949
-28.3077
-29.1164
-29.9215
-30.7234
-31.5226
-32.3196
-33.1149
-33.9093
-34.7032
-35.4974
-36.2926
-37.0894
-37.8888
-38.6913
-39.498
-40.3095
-41.1268
-41.9506
-42.7818
-43.6213
-44.4698
-45.3281
-46.1969
-47.0768
-47.9682
-48.8716
-49.7872
-50.7149
-51.6544
-52.6053
-53.5666
-54.5371
-55.5151
-56.4986
-57.4848
-58.4708
-59.4528
-60.4268
-61.3884
-62.3326
-63.2544
-64.1487
-65.0103
-65.8346
-66.6172
-67.3544
-68.0433
-68.6821
-69.2696
-69.8059
-70.2918
-70.729
-71.1198
-71.4671
-71.774
-72.0439
-72.2803
-72.4866
-72.6661
-72.8218
-72.9565
-73.0731
-73.1736
-73.2604
-73.3351
-73.3995
-73.455
-73.5029
-73.5441
-73.5796
-73.6103
-73.6368
-73.6596
-73.6794
-73.6965
-73.7112
-73.724
-73.7351
-73.7447
-73.753
-73.7601
-73.7663
-73.7716
-73.7762
-73.7801
-73.7835
-73.7863
-73.7887
-73.7906
-73.7922
-73.7935
-73.7945
-73.7952
-73.7957
-73.7959
-73.796
-73.7958
-73.7955
-73.795
-73.7944
-73.7936
-73.7927
-73.7916
-73.7904
-73.7891
-73.7877
-73.7861
-73.7845
-73.7827
-73.7809
-73.7789
-73.7768
-73.7746
-73.7724
-73.77
-73.7675
-73.6215
-73.3894
-73.0995
-72.7687
-72.4091
-72.0291
-71.6352
-71.2325
-70.8247
-70.4149
-70.0053
-69.5979
-69.194
-68.7949
-68.4013
-68.014
-67.6335
-67.2604
-66.8948
-66.537
-66.1872
-65.8454
-65.5119
-65.1865
-64.8693
-64.5602
-64.2593
-63.9663
-63.6812
-63.4039
-63.1342
-62.8722
-62.6175
-62.3701
-62.1299
-61.8966
-61.6702
-61.4505
-61.2373
-61.0306
-60.8301
-60.6356
-60.4472
-60.2645
-60.0875
-59.9161
-59.75
-59.5892
-59.4335
-59.2828
-59.137
-58.9959
-58.8595
-58.7275
-58.6
-58.4767
-58.3576
-58.2426
-58.1315
-58.0243
-57.9209
-57.8211
-57.7249
-57.6323
-57.543
-57.4571
-57.3744
-57.2948
-57.2184
-57.145
-57.0745
-57.007
-56.9422
-56.8802
-56.8209
-56.7642
-56.71
-56.6584
-56.6093
-56.5625
-56.5181
-56.4761
-56.4362
-56.3986
-56.3632
-56.3298
-56.2986
-56.2693
-56.2421
-56.2168
-56.1935
-56.172
-56.1524
-56.1346
-56.1185
-56.1042
-56.0916
-56.0807
-56.0715
-56.0638
-56.0578
-56.0533
-56.0503
-56.0489
-56.0489
-56.0503
-56.0532
-56.0575
-56.0632
-56.0702
-56.0786
-56.0882
-56.0992
-56.1113
-56.1248
-56.1394
-56.1552
-56.1722
-56.1903
-56.2096
-56.2299
-56.2514
-56.2739
-56.2974
-56.322
-56.3476
-56.3741
-56.4017
-56.4301
-56.4595
-56.4898
-56.521
-56.5531
-56.586
-56.6198
-56.6543
-56.6897
-56.7259
-56.7628
-56.8004
-56.8388
-56.8778
-56.9176
-56.9581
-56.9992
-57.0409
-57.0833
-57.1263
-57.1698
-57.2139
-57.2586
-57.3038
-57.3496
-57.3958
-57.4426
-57.4898
-57.5375
-57.5857
-57.6342
-57.6832
-57.7326
-57.7823
-57.8325
-57.883
-57.9338
-57.985
-58.0364
-58.0882
-58.1403
-58.1926
-58.2452
-58.298
-58.3511
-58.4044
-58.4579
-58.5116
-58.5655
-58.6195
-58.6737
-58.7281
-58.7826
-58.8372
-58.8919
-58.9467
-59.0016
-59.0566
-59.1117
-59.1668
-59.222
-59.2772
-59.3324
-59.3877
-59.4429
-59.4982
-59.5535
-59.6087
-59.664
-59.7192
-59.7743
-59.8294
-59.8845
-59.9394
-59.9944
-60.0492
-60.1039
-60.1586
-60.2132
-60.2676
-60.322
-60.3762
-60.4303
-60.4843
-60.5381
-60.5918
-60.6454
-60.6988
-60.752
-60.8051
-60.858
-60.9108
-60.9634
-61.0158
-61.068
-61.12
-61.1718
-61.2235
-61.2749
-61.3262
-61.3772
-61.4281
-61.4787
-61.5291
-61.5793
-61.6293
-61.679
-61.7286
-61.7779
-61.827
-61.8758
-61.9244
-61.9728
-62.0209
-62.0688
-62.1165
-62.1639
-62.2111
-62.258
-62.3047
-62.3511
-62.3973
-62.4432
-62.4889
-62.5343
-62.5794
-62.6244
-62.669
-62.7134
-62.7576
-62.8014
-62.8451
-62.8884
-62.9315
-62.9744
-63.017
-63.0593
-63.1013
-63.1431
-63.1847
-63.226
-63.267
-63.3077
-63.3482
-63.3884
-63.4284
-63.4681
-63.5075
-63.5467
-63.5856
-63.6243
-63.6626
-63.7008
-63.7386
-63.7762
-63.8136
-63.8507
-63.8875
-63.924
-63.9604
-63.9964
-64.0322
-64.0677
-64.103
-64.138
-64.1728
-64.2073
-64.2415
-64.2755
-64.3092
-64.3427
-64.376
-64.409
-64.4417
-64.4742
-64.5064
-64.5384
-64.5701
-64.6016
-64.6328
-64.6638
-64.6946
-64.7251
-64.7553
-64.7854
-64.8151
-64.8447
-64.874
-64.903
-64.9318
-64.9604
-64.9887
-65.0168
-65.0447
-65.0723
-65.0997
-65.1269
-65.1538
-65.1806
-65.207
-65.2333
-65.2593
-65.2851
-65.3106
-65.336
-65.3611
-65.386
-65.4106
-65.4351
-65.4593
-65.4833
-65.5071
-65.5306
-65.554
-65.5771
-65.6
-65.6228
-65.6452
-65.6675
-65.6896
-65.7114
-65.7331
-65.7545
-65.7758
-65.7968
-65.8176
-65.8382
-65.8586
-65.8788
-65.8988
-65.9186
-65.9382
-65.9576
-65.8423
-65.641
-65.3776
-65.0669
-64.7194
-64.3432
-63.9446
-63.5286
-63.0993
-62.66
-62.2132
-61.7613
-61.306
-60.8488
-60.391
-59.9336
-59.4775
-59.0234
-58.572
-58.1237
-57.6789
-57.2381
-56.8013
-56.369
-55.9412
-55.5179
-55.0993
-54.6854
-54.276
-53.8712
-53.4707
-53.0744
-52.6822
-52.2936
-51.9086
-51.5267
-51.1477
-50.771
-50.3964
-50.0232
-49.6511
-49.2795
-48.9078
-48.5353
-48.1615
-47.7856
-47.4068
-47.0243
-46.6373
-46.2447
-45.8456
-45.4389
-45.0233
-44.5978
-44.1607
-43.7108
-43.2462
-42.7654
-42.2663
-41.7468
-41.2046
-40.6372
-40.0418
-39.4152
-38.7541
-38.0547
-37.3128
-36.5238
-35.6827
-34.7837
-33.8207
-32.787
-31.675
-30.4767
-29.1834
-27.7858
-26.2742
-24.6387
-22.8692
-20.9565
-18.8921
-16.6698
-14.2862
-11.7424
-9.04519
-6.20906
-3.25733
-0.223426
2.84885
5.90616
8.88793
11.7303
14.3711
16.7556
18.842
20.6042
22.0336
23.1376
23.9362
24.4581
24.7364
24.8049
24.6959
24.4383
24.0571
23.5733
23.0044
22.3645
21.6653
20.916
20.1244
19.2968
18.4385
17.5541
16.6472
15.7213
14.7792
13.8236
12.8567
11.8805
10.8969
9.90761
8.91403
7.91755
6.9194
5.92069
4.92242
3.92549
2.93072
1.93882
0.950449
-0.0338107
-1.01345
-1.98801
-2.9571
-3.92037
-4.87753
-5.82832
-6.77252
-7.70996
-8.64049
-9.564
-10.4804
-11.3896
-12.2917
-13.1866
-14.0742
-14.9547
-15.8281
-16.6945
-17.554
-18.4066
-19.2526
-20.092
-20.925
-21.7518
-22.5727
-23.3878
-24.1974
-25.0018
-25.8013
-26.5961
-27.3868
-28.1736
-28.9569
-29.7372
-30.515
-31.2908
-32.0651
-32.8384
-33.6115
-34.3849
-35.1594
-35.9355
-36.7142
-37.4961
-38.2821
-39.073
-39.8696
-40.6728
-41.4834
-42.3024
-43.1305
-43.9686
-44.8175
-45.6778
-46.5501
-47.353
-48.1226
-48.8744
-49.6162
-50.3525
-51.0853
-51.8155
-52.543
-53.267
-53.986
-54.698
-55.4006
-56.091
-56.7659
-57.4219
-58.0554
-58.6625
-59.2396
-59.7835
-60.2909
-60.7594
-61.187
-61.5727
-61.916
-62.2173
-62.4775
-62.6984
-62.8821
-63.0312
-63.1486
-63.2371
-63.2999
-63.3399
-63.36
-63.3627
-63.3507
-63.3261
-63.291
-63.2472
-63.1963
-63.1396
-63.0784
-63.0138
-62.9466
-62.8775
-62.8073
-62.7365
-62.6655
-62.5946
-62.5244
-62.4549
-62.3865
-62.3192
-62.2533
-62.1888
-62.1259
-62.0646
-62.005
-61.947
-61.8909
-61.8364
-61.7838
-61.7329
-61.6838
-61.6364
-61.5908
-61.5469
-61.5047
-61.4643
-61.4254
-61.3882
-61.3527
-61.3187
-61.2863
-61.2554
-61.226
-61.1981
-61.1717
-61.1467
-61.1231
-61.1008
-61.0799
-61.0603
-61.042
-61.025
-61.0092
-60.9946
-60.9813
-60.969
-60.958
-60.948
-60.9391
-60.9313
-60.9245
-60.9188
-60.9141
-60.9103
-60.9075
-60.9057
-60.9048
-60.9047
-60.9056
-60.9073
-60.9098
-60.9132
-60.9174
-60.9223
-60.9281
-60.9346
-60.9418
-60.9497
-60.9584
-60.9677
-60.9777
-60.9884
-60.9997
-61.0116
-61.0242
-61.0373
-61.0511
-61.0654
-61.0802
-61.0956
-61.1116
-61.128
-61.145
-61.1624
-61.1804
-61.1988
-61.2177
-61.237
-61.2567
-61.2769
-61.2975
-61.3185
-61.3398
-61.3616
-61.3837
-61.4062
-61.4291
-61.4523
-61.4758
-61.4997
-61.5238
-61.5483
-61.5731
-61.5982
-61.6235
-61.6491
-61.675
-61.7011
-61.7275
-61.7542
-61.781
-61.8081
-61.8354
-61.8629
-61.8906
-61.9185
-61.9467
-61.9749
-62.0034
-61.9138
-61.7547
-61.5493
-61.3115
-61.0508
-60.774
-60.4862
-60.1913
-59.8922
-59.5913
-59.2902
-58.9905
-58.6931
-58.399
-58.1088
-57.8231
-57.5423
-57.2667
-56.9966
-56.7321
-56.4734
-56.2207
-55.9739
-55.7331
-55.4983
-55.2695
-55.0467
-54.8297
-54.6186
-54.4133
-54.2137
-54.0197
-53.8312
-53.6481
-53.4703
-53.2977
-53.1301
-52.9676
-52.8099
-52.657
-52.5087
-52.365
-52.2256
-52.0906
-51.9598
-51.8331
-51.7104
-51.5916
-51.4767
-51.3654
-51.2577
-51.1536
-51.053
-50.9557
-50.8617
-50.7709
-50.6833
-50.5987
-50.5171
-50.4385
-50.3627
-50.2898
-50.2196
-50.1522
-50.0873
-50.0251
-49.9655
-49.9084
-49.8537
-49.8015
-49.7517
-49.7043
-49.6591
-49.6163
-49.5758
-49.5375
-49.5014
-49.4675
-49.4358
-49.4062
-49.3788
-49.3534
-49.3302
-49.309
-49.2898
-49.2728
-49.2577
-49.2447
-49.2337
-49.2246
-49.2176
-49.2126
-49.2095
-49.2084
-49.2092
-49.212
-49.2167
-49.2234
-49.232
-49.2425
-49.255
-49.2694
-49.2857
-49.304
-49.3241
-49.3462
-49.3701
-49.396
-49.4238
-49.4535
-49.4851
-49.5186
-49.554
-49.5912
-49.6304
-49.6714
-49.7144
-49.7592
-49.8058
-49.8543
-49.9047
-49.9569
-50.011
-50.0669
-50.1247
-50.1842
-50.2455
-50.3087
-50.3736
-50.4403
-50.5088
-50.579
-50.6509
-50.7245
-50.7999
-50.8769
-50.9555
-51.0358
-51.1177
-51.2012
-51.2862
-51.3728
-51.4609
-51.5505
-51.6416
-51.734
-51.8279
-51.9231
-52.0196
-52.1174
-52.2165
-52.3167
-52.4182
-52.5208
-52.6244
-52.7291
-52.8349
-52.9415
-53.0491
-53.1576
-53.2669
-53.377
-53.4877
-53.5992
-53.7113
-53.824
-53.9372
-54.0509
-54.165
-54.2795
-54.3943
-54.5094
-54.6248
-54.7403
-54.8559
-54.9717
-55.0874
-55.2032
-55.3188
-55.4344
-55.5498
-55.6651
-55.78
-55.8947
-56.0091
-56.1231
-56.2367
-56.3499
-56.4626
-56.5748
-56.6864
-56.7974
-56.9079
-57.0177
-57.1268
-57.2353
-57.343
-57.45
-57.5562
-57.6616
-57.7663
-57.8701
-57.9731
-58.0752
-58.1764
-58.2768
-58.3763
-58.4749
-58.5726
-58.6694
-58.7652
-58.8601
-58.9541
-59.0472
-59.1393
-59.2305
-59.3208
-59.4101
-59.4985
-59.5859
-59.6724
-59.758
-59.8427
-59.9264
-60.0092
-60.0912
-60.1722
-60.2523
-60.3315
-60.4099
-60.4874
-60.564
-60.6397
-60.7146
-60.7887
-60.8619
-60.9344
-61.006
-61.0768
-61.1468
-61.216
-61.2844
-61.3521
-61.419
-61.4852
-61.5506
-61.6153
-61.6793
-61.7426
-61.8052
-61.8671
-61.9283
-61.9889
-62.0488
-62.108
-62.1666
-62.2246
-62.2819
-62.3386
-62.3947
-62.4502
-62.5052
-62.5595
-62.6133
-62.6665
-62.7191
-62.7712
-62.8228
-62.8738
-62.9243
-62.9742
-63.0237
-63.0726
-63.1211
-63.1691
-63.2165
-63.2635
-63.31
-63.3561
-63.4017
-63.4468
-63.4915
-63.5358
-63.5796
-63.623
-63.6659
-63.7085
-63.7506
-63.7923
-63.8336
-63.8745
-63.915
-63.9551
-63.9948
-64.0342
-64.0731
-64.1117
-64.15
-64.1878
-64.2253
-64.2625
-64.2993
-64.3357
-64.3718
-64.4075
-64.443
-64.478
-64.5128
-64.5472
-64.5813
-64.6151
-64.6485
-64.6817
-64.7145
-64.747
-64.7793
-64.8112
-64.8428
-64.8741
-64.9051
-64.9359

