-65
-64.9994
-64.9988
-64.9982
-64.9977
-64.9971
-64.9965
-64.996
-64.9954
-64.9949
-64.9943
-64.9938
-64.9932
-64.9927
-64.9922
-64.9917
-64.9912
-64.9906
-64.9901
-64.9896
-64.9891
-64.9886
-64.9881
-64.9876
-64.9872
-64.9867
-64.9862
-64.9857
-64.9852
-64.9848
-64.9843
-64.9838
-64.9834
-64.9829
-64.9825
-64.982
-64.9816
-64.9811
-64.9807
-64.9802
-64.9798
-64.9794
-64.9789
-64.9785
-64.9781
-64.9777
-64.9772
-64.9768
-64.9764
-64.976
-64.9756
-64.9752
-64.9748
-64.9744
-64.974
-64.9736
-64.9732
-64.9728
-64.9725
-64.9721
-64.9717
-64.9713
-64.971
-64.9706
-64.9702
-64.9699
-64.9695
-64.9692
-64.9688
-64.9685
-64.9681
-64.9678
-64.9675
-64.9671
-64.9668
-64.9665
-64.9661
-64.9658
-64.9655
-64.9652
-64.9649
-64.9646
-64.9642
-64.9639
-64.9636
-64.9633
-64.963
-64.9628
-64.9625
-64.9622
-64.9619
-64.9616
-64.9613
-64.9611
-64.9608
-64.9605
-64.9603
-64.96
-64.9598
-64.9595
-64.9592
-64.959
-64.9588
-64.9585
-64.9583
-64.958
-64.9578
-64.9576
-64.9573
-64.9571
-64.9569
-64.9567
-64.9565
-64.9562
-64.956
-64.9558
-64.9556
-64.9554
-64.9552
-64.955
-64.9548
-64.9546
-64.9545
-64.9543
-64.9541
-64.9539
-64.9537
-64.9536
-64.9534
-64.9532
-64.9531
-64.9529
-64.9527
-64.9526
-64.9524
-64.9523
-64.9521
-64.952
-64.9519
-64.9517
-64.9516
-64.9514
-64.9513
-64.9512
-64.9511
-64.9509
-64.9508
-64.9507
-64.9506
-64.9505
-64.9504
-64.9503
-64.9502
-64.95
-64.9499
-64.9499
-64.9498
-64.9497
-64.9496
-64.9495
-64.9494
-64.9493
-64.9492
-64.9492
-64.9491
-64.949
-64.9489
-64.9489
-64.9488
-64.9487
-64.9487
-64.9486
-64.9486
-64.9485
-64.9485
-64.9484
-64.9484
-64.9483
-64.9483
-64.9482
-64.9482
-64.9482
-64.9481
-64.9481
-64.9481
-64.948
-64.948
-64.948
-64.948
-64.948
-64.9479
-64.9479
-64.9479
-64.9479
-64.9479
-64.9479
-64.9479
-64.9479
-64.9479
-64.9479
-64.9479
-64.9479
-64.9479
-64.9479
-64.9479
-64.9479
-64.9479
-64.9479
-64.948
-64.948
-64.948
-64.948
-64.9481
-64.9481
-64.9481
-64.9481
-64.9482
-64.9482
-64.9482
-64.9483
-64.9483
-64.9483
-64.9484
-64.9484
-64.9485
-64.9485
-64.9486
-64.9486
-64.9487
-64.9487
-64.9488
-64.9488
-64.9489
-64.9489
-64.949
-64.9491
-64.9491
-64.9492
-64.9492
-64.9493
-64.9494
-64.9494
-64.9495
-64.9496
-64.9497
-64.9497
-64.9498
-64.9499
-64.95
-64.95
-64.9501
-64.9502
-64.9503
-64.9504
-64.9504
-64.9505
-64.9506
-64.9507
-64.9508
-64.9509
-64.951
-64.951
-64.9511
-64.9512
-64.9513
-64.9514
-64.9515
-64.9516
-64.9517
-64.9518
-64.9519
-64.952
-64.9521
-64.9522
-64.9523
-64.9524
-64.9525
-64.9526
-64.9527
-64.9528
-64.9529
-64.953
-64.9532
-64.9533
-64.9534
-64.9535
-64.9536
-64.9537
-64.9538
-64.9539
-64.954
-64.9542
-64.9543
-64.9544
-64.9545
-64.9546
-64.9547
-64.9548
-64.955
-64.9551
-64.9552
-64.9553
-64.9554
-64.9556
-64.9557
-64.9558
-64.9559
-64.956
-64.9562
-64.9563
-64.9564
-64.9565
-64.9566
-64.9568
-64.9569
-64.957
-64.9571
-64.9573
-64.9574
-64.9575
-64.9576
-64.9578
-64.9579
-64.958
-64.9581
-64.9583
-64.9584
-64.9585
-64.9587
-64.9588
-64.9589
-64.959
-64.9592
-64.9593
-64.9594
-64.9595
-64.9597
-64.9598
-64.9599
-64.96
-64.9602
-64.9603
-64.9604
-64.9606
-64.9607
-64.9608
-64.9609
-64.9611
-64.9612
-64.9613
-64.9614
-64.9616
-64.9617
-64.9618
-64.962
-64.9621
-64.9622
-64.9623
-64.9625
-64.9626
-64.9627
-64.9628
-64.963
-64.9631
-64.9632
-64.9633
-64.9635
-64.9636
-64.9637
-64.9638
-64.964
-64.9641
-64.9642
-64.9643
-64.9645
-64.9646
-64.9647
-64.9648
-64.9649
-64.9651
-64.9652
-64.9653
-64.9654
-64.9655
-64.9657
-64.9658
-64.9659
-64.966
-64.9661
-64.9663
-64.9664
-64.9665
-64.9666
-64.9667
-64.9668
-64.967
-64.9671
-64.9672
-64.9673
-64.9674
-64.9675
-64.9677
-64.9678
-64.9679
-64.968
-64.9681
-64.9682
-64.9683
-64.9684
-64.9685
-64.9687
-64.9688
-64.9689
-64.969
-64.9691
-64.9692
-64.9693
-64.9694
-64.8349
-64.6128
-64.3263
-63.9898
-63.6136
-63.2056
-62.7721
-62.3181
-61.8478
-61.3643
-60.8705
-60.3686
-59.8602
-59.3471
-58.8302
-58.3107
-57.7893
-57.2667
-56.7433
-56.2194
-55.6952
-55.1709
-54.6463
-54.1215
-53.5962
-53.0699
-52.5424
-52.0129
-51.4809
-50.9456
-50.4059
-49.8609
-49.3093
-48.7496
-48.1804
-47.5998
-47.0059
-46.3962
-45.7684
-45.1195
-44.4462
-43.7449
-43.0114
-42.241
-41.4284
-40.5674
-39.5738
-38.4733
-37.273
-35.9723
-34.5661
-33.0456
-31.3992
-29.6125
-27.6685
-25.5486
-23.2322
-20.6987
-17.9283
-14.9045
-11.6173
-8.06727
-4.27028
-0.262242
3.89742
8.12515
12.317
16.3569
20.1294
23.533
26.4923
28.9654
30.9457
32.4576
33.5481
34.2766
34.7057
34.8942
34.8929
34.7433
34.4778
34.121
33.6909
33.2009
32.6609
32.0782
31.4583
30.8056
30.1236
29.4152
28.6829
27.9289
27.1552
26.3635
25.5556
24.7329
23.8969
23.049
22.1904
21.3222
20.4458
19.562
18.672
17.7767
16.877
15.9737
15.0676
14.1596
13.2501
12.34
11.4299
10.5202
9.61152
8.70435
7.79912
6.89625
5.99611
5.09904
4.20536
3.31536
2.42928
1.54737
0.669825
-0.203171
-1.07145
-1.93488
-2.79333
-3.64671
-4.49491
-5.33788
-6.17555
-7.00789
-7.83486
-8.65644
-9.47265
-10.2835
-11.0889
-11.889
-12.6838
-13.4734
-14.2578
-15.037
-15.8112
-16.5805
-17.3449
-18.1045
-18.8596
-19.6102
-20.3564
-21.0986
-21.8367
-22.5712
-23.3021
-24.0297
-24.7543
-25.4762
-26.1957
-26.9131
-27.6289
-28.3434
-29.057
-29.7703
-30.4837
-31.1978
-31.9132
-32.6303
-33.35
-34.0729
-34.7997
-35.5311
-36.268
-37.011
-37.7612
-38.5192
-39.286
-40.0623
-40.849
-41.6468
-42.4564
-43.2784
-44.1132
-44.9611
-45.8221
-46.6959
-47.582
-48.4794
-49.3865
-50.3015
-51.2218
-52.1442
-53.065
-53.9798
-54.8839
-55.7721
-56.6388
-57.4786
-58.2861
-59.0565
-59.7855
-60.4695
-61.1061
-61.6936
-62.2316
-62.7206
-63.1619
-63.5577
-63.9105
-64.2236
-64.5001
-64.7435
-64.9573
-65.1447
-65.3088
-65.4525
-65.5785
-65.6891
-65.7865
-65.8725
-65.9488
-66.0167
-66.0776
-66.1325
-66.1822
-66.2276
-66.2693
-66.3079
-66.3439
-66.3776
-66.4094
-66.4397
-66.4685
-66.4963
-66.523
-66.5489
-66.5741
-66.5987
-66.6228
-66.6465
-66.6698
-66.6928
-66.7155
-66.738
-66.7602
-66.7824
-66.8043
-66.8261
-66.8479
-66.8695
-66.891
-66.9125
-66.9339
-66.9552
-66.9764
-66.9977
-67.0188
-67.0399
-67.061
-67.082
-67.103
-67.124
-67.1449
-67.1657
-67.1865
-67.2073
-67.228
-67.2487
-67.2694
-67.29
-67.3105
-67.331
-67.3515
-67.3719
-67.3922
-67.4125
-67.4327
-67.4529
-67.473
-67.4931
-67.5131
-67.5331
-67.5529
-67.5727
-67.5925
-67.6122
-67.6318
-67.6513
-67.6708
-67.6902
-67.7095
-67.7287
-67.7479
-67.7669
-67.7859
-67.8049
-67.8237
-67.8424
-67.8611
-67.8797
-67.8982
-67.9166
-67.9349
-67.9531
-67.9712
-67.9892
-68.0072
-68.025
-68.0428
-68.0604
-68.0779
-68.0954
-68.1127
-68.13
-68.1471
-68.1642
-68.1811
-68.198
-68.2147
-68.2313
-68.2478
-68.2642
-68.2805
-68.2967
-68.3128
-68.3288
-68.3446
-68.3604
-68.376
-68.3916
-68.407
-68.4223
-68.4375
-68.4525
-68.4675
-68.4823
-68.4971
-68.5117
-68.5262
-68.5405
-68.5548
-68.5689
-68.583
-68.5969
-68.6107
-68.6243
-68.6379
-68.6513
-68.6646
-68.6778
-68.6909
-68.7039
-68.7167
-68.7294
-68.742
-68.7545
-68.7668
-68.779
-68.7911
-68.8031
-68.815
-68.8267
-68.8383
-68.8498
-68.8612
-68.8725
-68.8836
-68.8946
-68.9055
-68.9163
-68.9269
-68.9374
-68.9478
-68.9581
-68.9683
-68.9783
-68.9882
-68.998
-69.0077
-69.0172
-69.0267
-69.036
-69.0452
-69.0542
-69.0632
-69.072
-69.0807
-69.0893
-69.0977
-69.1061
-69.1143
-69.1224
-69.1304
-69.1382
-69.1459
-69.1536
-69.1611
-69.1684
-69.1757
-69.1828
-69.1899
-69.1968
-69.2036
-69.2102
-69.2168
-69.2232
-69.2295
-69.2357
-69.2418
-69.2478
-69.2537
-69.2594
-69.265
-69.2705
-69.2759
-69.2812
-69.2863
-69.2914
-69.2963
-69.3012
-69.3059
-69.3105
-69.3149
-69.3193
-69.3236
-69.3277
-69.3318
-69.3357
-69.3395
-69.3432
-69.3468
-69.3503
-69.3536
-69.3569
-69.3601
-69.3631
-69.3661
-69.3689
-69.3716
-69.3742
-69.3768
-69.3792
-69.3815
-69.3837
-69.3858
-69.3877
-69.3896
-69.3914
-69.3931
-69.3946
-69.2556
-69.0277
-68.7364
-68.3974
-68.0219
-67.6185
-67.1936
-66.7526
-66.2997
-65.8383
-65.3712
-64.9005
-64.4283
-63.9559
-63.4848
-63.016
-62.5504
-62.0888
-61.6317
-61.1797
-60.7333
-60.2929
-59.8587
-59.431
-59.0099
-58.5958
-58.1885
-57.7882
-57.395
-57.0089
-56.6297
-56.2575
-55.8922
-55.5336
-55.1817
-54.8363
-54.4972
-54.1643
-53.8373
-53.516
-53.2002
-52.8896
-52.584
-52.2831
-51.9866
-51.6943
-51.4057
-51.1207
-50.8388
-50.5597
-50.2831
-50.0085
-49.7357
-49.4643
-49.1938
-48.9239
-48.654
-48.3839
-48.113
-47.8409
-47.567
-47.291
-47.0122
-46.7301
-46.4441
-46.1536
-45.858
-45.5565
-45.2486
-44.9332
-44.6098
-44.2773
-43.9348
-43.5813
-43.2158
-42.8369
-42.4434
-42.034
-41.6071
-41.161
-40.6938
-40.2038
-39.6885
-39.1458
-38.5729
-37.967
-37.3249
-36.6434
-35.9184
-35.1461
-34.3217
-33.4406
-32.4973
-31.4862
-30.4012
-29.2357
-27.9831
-26.6364
-25.1885
-23.6325
-21.9621
-20.1716
-18.2569
-16.2156
-14.0484
-11.7591
-9.35626
-6.85378
-4.27161
-1.63627
1.01908
3.65529
6.22854
8.69254
11.0014
13.113
14.9923
16.6142
17.9648
19.042
19.8541
20.4174
20.7542
20.8894
20.8484
20.6561
20.3348
19.9045
19.3825
18.7832
18.119
17.4001
16.6349
15.8307
14.9934
14.1281
13.2392
12.3302
11.4046
10.465
9.51403
8.55384
7.58637
6.61338
5.63641
4.65685
3.67593
2.69477
1.71437
0.735596
-0.240753
-1.21398
-2.18347
-3.14867
-4.10911
-5.06436
-6.01407
-6.95793
-7.89568
-8.82709
-9.75198
-10.6702
-11.5817
-12.4863
-13.384
-14.2748
-15.1587
-16.0357
-16.9058
-17.7692
-18.6258
-19.4759
-20.3195
-21.1569
-21.9881
-22.8135
-23.6331
-24.4473
-25.2563
-26.0605
-26.8601
-27.6555
-28.4471
-29.2353
-30.0206
-30.8034
-31.5842
-32.3636
-33.1421
-33.9205
-34.6992
-35.479
-36.2607
-37.0449
-37.8324
-38.6241
-39.4207
-40.2231
-41.0322
-41.8488
-42.6738
-43.508
-44.3522
-45.207
-46.0733
-46.9516
-47.8423
-48.7457
-49.6618
-50.5906
-51.5315
-52.4838
-53.4463
-54.4174
-55.3949
-56.3763
-57.3583
-58.3371
-59.3087
-60.268
-61.2102
-62.1296
-63.0209
-63.8786
-64.6976
-65.4735
-66.2023
-66.8812
-67.5084
-68.0829
-68.6051
-69.076
-69.4977
-69.8729
-70.2047
-70.4966
-70.7522
-70.9752
-71.169
-71.3371
-71.4826
-71.6083
-71.7169
-71.8107
-71.8917
-71.9617
-72.0222
-72.0748
-72.1204
-72.1601
-72.1948
-72.2252
-72.252
-72.2755
-72.2965
-72.3151
-72.3317
-72.3467
-72.3602
-72.3725
-72.3836
-72.3939
-72.4033
-72.412
-72.4202
-72.4277
-72.4349
-72.4415
-72.4479
-72.4539
-72.4596
-72.465
-72.4702
-72.4752
-72.48
-72.4846
-72.4891
-72.4933
-72.4975
-72.5015
-72.5054
-72.5091
-72.5128
-72.5163
-72.5197
-72.523
-72.5263
-72.5294
-72.5324
-72.5353
-72.5381
-72.5409
-72.5435
-72.546
-72.5485
-72.5509
-72.5531
-72.5553
-72.5574
-72.5594
-72.5613
-72.5632
-72.5649
-72.5666
-72.5681
-72.5696
-72.571
-72.5722
-72.5734
-72.5745
-72.5755
-72.5765
-72.5773
-72.578
-72.5787
-72.5792
-72.5797
-72.5801
-72.5803
-72.5805
-72.5806
-72.5806
-72.5805
-72.5803
-72.58
-72.5796
-72.5791
-72.5785
-72.5778
-72.5771
-72.5762
-72.5752
-72.5742
-72.573
-72.5718
-72.5704
-72.5689
-72.5674
-72.5658
-72.564
-72.5622
-72.5602
-72.5582
-72.5561
-72.5538
-72.5515
-72.5491
-72.5465
-72.5439
-72.5412
-72.5384
-72.5354
-72.5324
-72.5293
-72.5261
-72.5228
-72.5193
-72.5158
-72.5122
-72.5085
-72.5047
-72.5008
-72.4968
-72.4927
-72.4885
-72.4842
-72.4798
-72.4753
-72.4707
-72.466
-72.4613
-72.4564
-72.4514
-72.4463
-72.4412
-72.4359
-72.4305
-72.4251
-72.4195
-72.4139
-72.4081
-72.4023
-72.3963
-72.3903
-72.3842
-72.378
-72.3717
-72.3652
-72.3587
-72.3521
-72.3455
-72.3387
-72.3318
-72.3248
-72.3178
-72.3106
-72.3034
-72.296
-72.2886
-72.2811
-72.2735
-72.2658
-72.258
-72.2501
-72.2422
-72.2341
-72.226
-72.2177
-72.2094
-72.201
-72.1925
-72.184
-72.1753
-72.1665
-72.1577
-72.1488
-72.1398
-72.1307
-72.1215
-72.1122
-72.1029
-72.0934
-72.0839
-72.0743
-71.9185
-71.6702
-71.3558
-70.9919
-70.5901
-70.1594
-69.7066
-69.2373
-68.7559
-68.2661
-67.7707
-67.2721
-66.7723
-66.273
-65.7755
-65.2809
-64.7902
-64.3043
-63.8237
-63.3491
-62.8809
-62.4196
-61.9654
-61.5186
-61.0795
-60.6482
-60.2248
-59.8094
-59.4021
-59.0029
-58.6118
-58.2287
-57.8536
-57.4865
-57.1271
-56.7754
-56.4313
-56.0945
-55.765
-55.4426
-55.1269
-54.818
-54.5155
-54.2192
-53.9288
-53.6443
-53.3652
-53.0913
-52.8225
-52.5583
-52.2986
-52.0431
-51.7915
-51.5436
-51.2989
-51.0573
-50.8185
-50.5821
-50.348
-50.1156
-49.8849
-49.6554
-49.4269
-49.199
-48.9714
-48.7437
-48.5157
-48.287
-48.0572
-47.826
-47.593
-47.3577
-47.1199
-46.8789
-46.6345
-46.3861
-46.1333
-45.8755
-45.6121
-45.3427
-45.0665
-44.7829
-44.4912
-44.1907
-43.8804
-43.5596
-43.2273
-42.8825
-42.524
-42.1507
-41.7612
-41.3541
-40.9279
-40.4809
-40.0112
-39.5168
-38.9956
-38.445
-37.8625
-37.2452
-36.59
-35.8934
-35.1518
-34.361
-33.5167
-32.6143
-31.6486
-30.6144
-29.5061
-28.3177
-27.0433
-25.677
-24.2129
-22.6458
-20.9709
-19.1848
-17.2854
-15.2732
-13.151
-10.9253
-8.60664
-6.21002
-3.75556
-1.26844
1.22134
3.67963
6.06931
8.35194
10.4898
12.4483
14.1983
15.7178
16.9937
18.0222
18.8078
19.3623
19.703
19.8503
19.826
19.652
19.3488
18.9351
18.4275
17.8404
17.186
16.4748
15.7155
14.9155
14.0811
13.2177
12.3297
11.4211
10.4952
9.55515
8.60337
7.64219
6.67362
5.69946
4.72129
3.74054
2.75846
1.77618
0.794702
-0.185083
-1.16239
-2.13651
-3.10684
-4.07283
-5.03401
-5.98998
-6.94037
-7.8849
-8.8233
-9.75537
-10.6809
-11.5999
-12.5121
-13.4175
-14.3161
-15.2078
-16.0927
-16.9708
-17.8422
-18.7069
-19.5651
-20.417
-21.2625
-22.1021
-22.9358
-23.7638
-24.5866
-25.4042
-26.217
-27.0255
-27.8298
-28.6305
-29.428
-30.2227
-31.0151
-31.8058
-32.5953
-33.3843
-34.1734
-34.9632
-35.7546
-36.5481
-37.3447
-38.1452
-38.9502
-39.7609
-40.5779
-41.4022
-42.2347
-43.0763
-43.9277
-44.7898
-45.6633
-46.5489
-47.4471
-48.3583
-49.2827
-50.2202
-51.1705
-52.133
-53.1067
-54.0902
-55.0814
-56.078
-57.0769
-58.0746
-59.0669
-60.0492
-61.0164
-61.9631
-62.8836
-63.7723
-64.624
-65.4337
-66.1971
-66.911
-67.5729
-68.1815
-68.7365
-69.2388
-69.69
-70.0925
-70.4494
-70.7641
-71.0402
-71.2814
-71.4914
-71.6736
-71.8313
-71.9677
-72.0854
-72.1869
-72.2745
-72.35
-72.4152
-72.4715
-72.5203
-72.5626
-72.5993
-72.6312
-72.6591
-72.6836
-72.705
-72.724
-72.7407
-72.7556
-72.7688
-72.7807
-72.7914
-72.801
-72.8097
-72.8177
-72.825
-72.8316
-72.8378
-72.8435
-72.8487
-72.8536
-72.8582
-72.8625
-72.8666
-72.8704
-72.874
-72.8774
-72.8806
-72.8836
-72.8865
-72.8892
-72.8918
-72.8943
-72.8966
-72.8989
-72.901
-72.903
-72.9048
-72.9066
-72.9083
-72.9099
-72.9114
-72.9128
-72.9141
-72.9153
-72.9164
-72.9174
-72.9183
-72.9191
-72.9199
-72.9205
-72.9211
-72.9215
-72.9219
-72.9222
-72.9224
-72.9225
-72.9225
-72.9224
-72.9222
-72.922
-72.9216
-72.9212
-72.9206
-72.92
-72.9193
-72.9185
-72.9175
-72.9165
-72.9155
-72.9143
-72.913
-72.9116
-72.9101
-72.9086
-72.9069
-72.9052
-72.9033
-72.9014
-72.8993
-72.8972
-72.895
-72.8927
-72.8902
-72.8877
-72.8851
-72.8824
-72.8796
-72.7327
-72.4976
-72.2019
-71.8622
-71.4905
-71.0954
-70.6836
-70.2604
-69.8297
-69.3949
-68.9584
-68.5224
-68.0885
-67.6581
-67.2321
-66.8115
-66.397
-65.9891
-65.5884
-65.1951
-64.8095
-64.4319
-64.0624
-63.7012
-63.3482
-63.0035
-62.6672
-62.3392
-62.0194
-61.7079
-61.4044
-61.109
-60.8216
-60.5419
-60.2699
-60.0055
-59.7484
-59.4987
-59.2561
-59.0205
-58.7917
-58.5696
-58.354
-58.1448
-57.9418
-57.7449
-57.5539
-57.3687
-57.1892
-57.0151
-56.8464
-56.6828
-56.5244
-56.3709
-56.2221
-56.0781
-55.9386
-55.8036
-55.6728
-55.5463
-55.4239
-55.3054
-55.1908
-55.08
-54.9729
-54.8694
-54.7693
-54.6727
-54.5794
-54.4893
-54.4025
-54.3186
-54.2379
-54.16
-54.0851
-54.0129
-53.9435
-53.8769
-53.8128
-53.7514
-53.6924
-53.636
-53.582
-53.5304
-53.4812
-53.4343
-53.3896
-53.3472
-53.3069
-53.2689
-53.2329
-53.1991
-53.1673
-53.1376
-53.1099
-53.0841
-53.0604
-52.937
-52.7551
-52.5342
-52.2857
-52.0175
-51.7351
-51.4427
-51.1434
-50.8395
-50.5327
-50.2244
-49.9155
-49.607
-49.2992
-48.9927
-48.6877
-48.3844
-48.0829
-47.7833
-47.4856
-47.1896
-46.8953
-46.6025
-46.3111
-46.021
-45.7318
-45.4433
-45.1554
-44.8677
-44.5798
-44.2916
-44.0027
-43.7128
-43.4214
-43.1282
-42.8329
-42.535
-42.2341
-41.9297
-41.6215
-41.3089
-40.9914
-40.6684
-40.3396
-40.0042
-39.6617
-39.3114
-38.9528
-38.585
-38.2074
-37.8192
-37.4195
-37.0077
-36.5826
-36.1435
-35.6894
-35.2191
-34.7316
-34.2258
-33.7005
-33.1545
-32.5865
-31.9951
-31.379
-30.7367
-30.0669
-29.3681
-28.6389
-27.8778
-27.0833
-26.2542
-25.3892
-24.4871
-23.5468
-22.5677
-21.549
-20.4904
-19.3921
-18.2543
-17.0781
-15.8648
-14.6165
-13.3359
-12.0265
-10.6926
-9.3398
-7.97443
-6.60418
-5.23806
-3.88645
-2.56112
-1.27517
-0.0427473
1.12131
2.2021
3.18538
4.05839
4.81069
5.43475
5.92637
6.28476
6.51235
6.61432
6.59799
6.4722
6.24662
5.93127
5.53601
5.0703
4.54294
3.96197
3.33468
2.66753
1.96627
1.23597
0.481092
-0.294466
-1.08727
-1.89432
-2.71296
-3.54087
-4.376
-5.21656
-6.06095
-6.90778
-7.75582
-8.60397
-9.45128
-10.2969
-11.1401
-11.9803
-12.8168
-13.6493
-14.4772
-15.3003
-16.1182
-16.9308
-17.7377
-18.5388
-19.3341
-20.1235
-20.9068
-21.6842
-22.4556
-23.221
-23.9807
-24.7346
-25.4829
-26.2258
-26.9635
-27.6962
-28.4241
-29.1475
-29.8667
-30.582
-31.2938
-32.0025
-32.7083
-33.4118
-34.1135
-34.8137
-35.5129
-36.2118
-36.9107
-37.6103
-38.3112
-39.014
-39.7191
-40.4274
-41.1393
-41.8555
-42.5766
-43.3032
-44.0359
-44.7753
-45.5217
-46.2758
-47.0378
-47.808
-48.5866
-49.3736
-50.1688
-50.9719
-51.7824
-52.5993
-53.4215
-54.2475
-55.0756
-55.9035
-56.7286
-57.5479
-58.3582
-59.1557
-59.9367
-60.6971
-61.4329
-62.1402
-62.8155
-63.4556
-64.0579
-64.6205
-65.1421
-65.6223
-66.0614
-66.4603
-66.8206
-67.1443
-67.4336
-67.6912
-67.9197
-68.1218
-68.3003
-68.4576
-68.5963
-68.7184
-68.826
-68.921
-69.0051
-69.0795
-69.1457
-69.2048
-69.2577
-69.3053
-69.3483
-69.3873
-69.423
-69.4557
-69.4859
-69.5139
-69.54
-69.5645
-69.5876
-69.6094
-69.6302
-69.6501
-69.6691
-69.6875
-69.7052
-69.7223
-69.739
-69.7552
-69.7711
-69.7866
-69.8018
-69.8167
-69.8314
-69.8458
-69.86
-69.874
-69.8879
-69.9015
-69.915
-69.9284
-69.9416
-69.9547
-69.9677
-69.9805
-69.9932
-70.0058
-70.0182
-70.0306
-70.0428
-70.055
-70.067
-70.0789
-70.0908
-70.1025
-70.1141
-70.1256
-70.137
-70.1483
-70.1595
-70.1706
-70.1816
-70.1925
-70.2033
-70.214
-70.2246
-70.2351
-70.2454
-70.2557
-70.2659
-70.276
-70.2859
-70.2958
-70.3055
-70.3152
-70.3247
-70.3341
-70.3435
-70.3527
-70.3618
-70.3708
-70.3797
-70.3885
-70.3971
-70.4057
-70.4141
-70.4225
-70.4307
-70.4388
-70.4468
-70.4547
-70.4625
-70.4702
-70.4778
-70.4852
-70.4925
-70.4998
-70.5069
-70.5139
-70.5207
-70.5275
-70.5342
-70.5407
-70.5471
-70.5534
-70.5596
-70.5657
-70.5717
-70.5775
-70.5833
-70.5889
-70.5944
-70.5998
-70.6051
-70.6102
-70.6153
-70.6202
-70.625
-70.6297
-70.6343
-70.6388
-70.6432
-70.6474
-70.6515
-70.6555
-70.6594
-70.6632
-70.6669
-70.6705
-70.6739
-70.6772
-70.6804
-70.6835
-70.6865
-70.6894
-70.6922
-70.6948
-70.6974
-70.6998
-70.7021
-70.7043
-70.7064
-70.7083
-70.7102
-70.7119
-70.7136
-70.7151
-70.7165
-70.7178
-70.719
-70.7201
-70.7211
-70.7219
-70.7227
-70.7233
-70.7239
-70.7243
-70.7246
-70.7248
-70.7249
-70.7249
-70.7248
-70.7246
-70.7243
-70.7238
-70.7233
-70.7227
-70.7219
-70.7211
-70.7201
-70.719
-70.7179
-70.7166
-70.7152
-70.7138
-70.7122
-70.7105
-70.7087
-70.7068
-70.7049
-70.7028
-70.7006
-70.6983
-70.6959
-70.6934
-70.6909
-70.6882
-70.6854
-70.6825
-70.6795
-70.6765
-70.6733
-70.67
-70.6667
-70.6632
-70.6597
-70.656
-70.6523
-70.6485
-70.6446
-70.6405
-70.6364
-70.6322
-70.6279
-70.6236
-70.6191
-70.6145
-70.6099
-70.6051
-70.6003
-70.5954
-70.5904
-70.5853
-70.5801
-70.5748
-70.5695
-70.5641
-70.5585
-70.5529
-70.5472
-70.5415
-70.5356
-70.5297
-70.5236
-70.5175
-70.5113
-70.5051
-70.4987
-70.4923
-70.4858
-70.4792
-70.4725
-70.4658
-70.459
-70.4521
-70.4451
-70.438
-70.4309
-70.4237
-70.4164
-70.4091
-70.4016
-70.3941
-70.3866
-70.3789
-70.3712
-70.3634
-70.3555
-70.3476
-70.3396
-70.3315
-70.3234
-70.3152
-70.3069
-70.2986
-70.2901
-70.2817
-70.2731
-70.2645
-70.2558
-70.2471
-70.2383
-70.2294
-70.2205
-70.2115
-70.2024
-70.1933
-70.1841
-70.1749
-70.1656
-70.1562
-70.1468
-70.1373
-70.1277
-70.1181
-70.1085
-70.0988
-70.089
-70.0792
-70.0693
-70.0593
-70.0493
-70.0393
-70.0292
-70.019
-70.0088
-69.9985
-69.9882
-69.9779
-69.9674
-69.957
-69.9465
-69.9359
-69.9253
-69.9146
-69.9039
-69.8931
-69.8823
-69.8715
-69.8606
-69.8496
-69.8386
-69.8276
-69.8165
-69.8054
-69.7942
-69.783
-69.7717
-69.7604
-69.7491
-69.7377
-69.7263
-69.7148
-69.7033
-69.6917
-69.6801
-69.6685
-69.6569
-69.6452
-69.6334
-69.6217
-69.6098
-69.598
-69.5861
-69.5742
-69.5622
-69.5503
-69.5382
-69.5262
-69.5141
-69.502
-69.4898
-69.4776
-69.4654
-69.4532
-69.4409
-69.4286
-69.4163
-69.4039
-69.3915
-69.3791
-69.3666
-69.3542
-69.3417
-69.3291
-69.3166
-69.1612
-68.9137
-68.599
-68.2327
-67.8259
-67.3872
-66.9234
-66.4399
-65.9411
-65.4306
-64.9114
-64.3858
-63.856
-63.3237
-62.7901
-62.2567
-61.7242
-61.1937
-60.6658
-60.1411
-59.6201
-59.1032
-58.5908
-58.0832
-57.5804
-57.0827
-56.59
-56.1025
-55.6201
-55.1427
-54.67
-54.202
-53.7384
-53.2788
-52.823
-52.3704
-51.9206
-51.4731
-51.0273
-50.5825
-50.1381
-49.6932
-49.247
-48.7985
-48.3467
-47.8906
-47.4289
-46.9603
-46.4835
-45.9967
-45.4984
-44.9866
-44.4594
-43.9144
-43.3492
-42.761
-42.1468
-41.5032
-40.8266
-40.1126
-39.3566
-38.5535
-37.6973
-36.7815
-35.7988
-34.741
-33.599
-32.3625
-31.0203
-29.5601
-27.9685
-26.2313
-24.3336
-22.2605
-19.9974
-17.5319
-14.8545
-11.9613
-8.8561
-5.55311
-2.07978
1.52136
5.19213
8.86015
12.4429
15.854
19.011
21.8436
24.3008
26.3547
28.0013
29.258
30.1579
30.7432
31.06
31.1528
31.0618
30.8215
30.4601
30.0003
29.4599
28.8529
28.19
27.4797
26.7287
25.9425
25.1255
24.2814
23.4136
22.5247
21.6173
20.6937
19.7559
18.8057
17.8449
16.875
15.8976
14.9139
13.9253
12.9328
11.9376
10.9406
9.94278
8.94494
7.94785
6.95222
5.95869
4.96783
3.98018
2.99621
2.01635
1.04097
0.0704279
-0.894992
-1.85502
-2.80944
-3.75804
-4.70067
-5.63719
-6.56748
-7.49146
-8.40906
-9.32025
-10.225
-11.1233
-12.0152
-12.9006
-13.7797
-14.6526
-15.5192
-16.3797
-17.2342
-18.0828
-18.9257
-19.763
-20.595
-21.4217
-22.2435
-23.0606
-23.8732
-24.6816
-25.4862
-26.2873
-27.0853
-27.8806
-28.6736
-29.4648
-30.2548
-31.044
-31.8331
-32.6227
-33.4135
-34.1496
-34.8576
-35.5494
-36.2315
-36.9077
-37.5807
-38.2525
-38.9245
-39.598
-40.2739
-40.9531
-41.6365
-42.3249
-43.0188
-43.7188
-44.4254
-45.139
-45.8597
-46.5876
-47.3227
-48.0644
-48.8121
-49.5649
-50.3215
-51.08
-51.8385
-52.5944
-53.3446
-54.0858
-54.8142
-55.5258
-56.2164
-56.8817
-57.5177
-58.1205
-58.6868
-59.2138
-59.6995
-60.1428
-60.5431
-60.901
-61.2174
-61.4942
-61.7335
-61.938
-62.1105
-62.254
-62.3714
-62.4656
-62.5395
-62.5955
-62.6362
-62.6637
-62.6799
-62.6866
-62.6854
-62.6776
-62.6643
-62.6466
-62.6254
-62.6013
-62.5751
-62.5473
-62.5183
-62.4886
-62.4584
-62.4281
-62.3978
-62.3678
-62.3382
-62.3092
-62.2808
-62.2532
-62.2264
-62.2005
-62.1756
-62.1516
-62.1286
-62.1066
-62.0857
-62.0658
-62.0469
-62.0291
-62.0124
-61.9966
-61.9819
-61.9682
-61.9556
-61.9439
-61.9332
-61.9235
-61.9147
-61.9069
-61.9
-61.894
-61.8889
-61.8846
-61.8813
-61.8788
-61.8771
-61.8762
-61.8762
-61.8769
-61.8784
-61.8806
-61.8836
-61.8873
-61.8917
-61.8967
-61.9025
-61.9089
-61.916
-61.9237
-61.932
-61.941
-61.9505
-61.9606
-61.9713
-61.9825
-61.9943
-62.0066
-62.0194
-62.0327
-62.0465
-62.0608
-62.0756
-62.0908
-62.1064
-62.1225
-62.139
-62.156
-62.1733
-62.1911
-62.2092
-62.2277
-62.2465
-62.2658
-62.2853
-62.3052
-62.3254
-62.346
-62.3669
-62.388
-62.4095
-62.4312
-62.4532
-62.4755
-62.4981
-62.5209
-62.5439
-62.5672
-62.5907
-62.6144
-62.6384
-62.6626
-62.6869
-62.7115
-62.7363
-62.7612
-62.7863
-62.8116
-62.8371
-62.8627
-62.8884
-62.9144
-62.9404
-62.9666
-62.9929
-63.0194
-63.0459
-63.0726
-63.0994
-63.1263
-63.1533
-63.1804
-63.2075
-63.2348
-63.2621
-63.2895
-63.317
-63.3446
-63.3722
-63.3998
-63.4275
-63.4553
-63.4831
-63.511
-63.5389
-63.5668
-63.5948
-63.6228
-63.6508
-63.6788
-63.7068
-63.7349
-63.763
-63.791
-63.8191
-63.8472
-63.8753
-63.9033
-63.9314
-63.9594
-63.9874
-64.0154
-64.0434
-64.0714
-64.0993
-64.1272
-64.1551
-64.1829
-64.2107
-64.2385
-64.2662
-64.2939
-64.3215
-64.3491
-64.3766
-64.4041
-64.4315
-64.4589
-64.4862
-64.5135
-64.5406
-64.5678
-64.5948
-64.6218
-64.6487
-64.6756
-64.7023
-64.729
-64.7556
-64.7822
-64.8086
-64.835
-64.8613
-64.8875
-64.9136
-64.9396
-64.9655
-64.9914
-65.0172
-65.0428
-65.0684
-65.0938
-65.1192
-65.1445
-65.1697
-65.1947
-65.2197
-65.2446
-65.2694
-65.294
-65.3186
-65.343
-65.3674
-65.3916
-65.4157
-65.4397
-65.4636
-65.4874
-65.5111
-65.5346
-65.5581
-65.5814
-65.6046
-65.6277
-65.6507
-65.6735
-65.6963
-65.7189
-65.7414
-65.7638
-65.786
-65.8082
-65.8302
-65.8521
-65.8738
-65.8955
-65.917
-65.9384
-65.9596
-65.9808
-66.0018
-66.0227
-66.0434
-66.064
-66.0845
-66.1049
-66.1251
-66.1453
-66.1652
-66.1851
-66.2048
-66.2244
-66.2439
-66.2632
-66.2824
-66.3015
-66.3204
-66.3392
-66.3579
-66.3764
-66.3948
-66.4131
-66.4313
-66.4493
-66.4672
-66.4849
-66.5025
-66.52
-66.5373
-66.5546
-66.5716
-66.5886
-66.6054
-66.6221
-66.6386
-66.6551
-66.6713
-66.6875
-66.7035
-66.7194
-66.7351
-66.7507
-66.7662
-66.7816
-66.7968
-66.8119
-66.8268
-66.8417
-66.8563
-66.8709
-66.8853
-66.8996
-66.9138
-66.9278
-66.9417
-66.9555
-66.9691
-66.9826
-66.996
-67.0092
-67.0223
-67.0353
-67.0481
-67.0609
-67.0735
-67.0859
-67.0982
-67.1104
-67.1225
-67.1345
-67.1463
-67.158
-67.1695
-67.181
-67.1923
-67.2034
-67.2145
-67.2254
-67.2362
-67.2469
-67.2574
-67.2678
-67.2781
-67.2883
-67.2983
-67.3083
-67.3181
-67.3277
-67.3373
-67.3467
-67.356
-67.3652
-67.3743
-67.3832
-67.392
-67.4007
-67.4093
-67.4178
-67.4261
-67.4343
-67.4424
-67.4504
-67.4583
-67.466
-67.4736
-67.4811
-67.4885
-67.4958
-67.503
-67.51
-67.517
-67.5238
-67.5305
-67.5371
-67.5435
-67.5499
-67.5562
-67.5623
-67.5683
-67.5742
-67.58
-67.5857
-67.5913
-67.5968
-67.6022
-67.6074
-67.6126
-67.6176
-67.6225
-67.6274
-67.6321
-67.6367
-67.6412
-67.6456
-67.6499
-67.6541
-67.6582
-67.6622
-67.6661
-67.6698
-67.6735
-67.6771
-67.6806
-67.684
-67.6872
-67.6904
-67.6935
-67.6965
-67.6993
-67.7021
-67.7048
-67.7074
-67.7099
-67.7123
-67.7146
-67.7168
-67.7189
-67.7209
-67.7229
-67.7247
-67.7264
-67.7281
-67.7296
-67.7311
-67.7325
-67.7338
-67.735
-67.7361
-67.7371
-67.738
-67.7388
-67.7396
-67.7403
-67.7409
-67.7413
-67.7418
-67.7421
-67.7423
-67.7425
-67.7426
-67.7426
-67.7425
-67.7423
-67.742
-67.7417
-67.7413
-67.7408
-67.7402
-67.7396
-67.7388
-67.738
-67.5979
-67.3681
-67.0731
-66.7279
-66.3435
-65.9282
-65.4886
-65.03
-64.5566
-64.0718
-63.5786
-63.0792
-62.5756
-62.0694
-61.562
-61.0545
-60.5478
-60.0428
-59.5401
-59.0402
-58.5437
-58.0509
-57.5621
-57.0775
-56.5972
-56.1214
-55.6501
-55.1833
-54.7208
-54.2626
-53.8086
-53.3583
-52.9117
-52.4682
-52.0276
-51.5895
-51.1532
-50.7182
-50.284
-49.8498
-49.415
-48.9786
-48.5398
-48.0977
-47.6512
-47.1991
-46.7403
-46.2733
-45.7966
-45.3088
-44.8079
-44.2922
-43.7594
-43.2072
-42.6331
-42.0342
-41.4073
-40.749
-40.0553
-39.322
-38.5441
-37.7162
-36.8323
-35.8856
-34.8686
-33.7728
-32.5889
-31.3066
-29.9144
-28.4002
-26.7506
-24.9518
-22.9895
-20.85
-18.5206
-15.9909
-13.2551
-10.3133
-7.17448
-3.85921
-0.401655
3.14884
6.72799
10.2591
13.6579
16.8402
19.73
22.2676
24.4155
26.1608
27.5131
28.5001
29.1614
29.5414
29.6849
29.633
29.4216
29.0805
28.634
28.1012
27.4973
26.8339
26.1204
25.3642
24.5712
23.7463
22.8937
22.0169
21.1188
20.2022
19.2695
18.3229
17.3642
16.3954
15.418
14.4337
13.4436
12.4493
11.4518
10.4522
9.45147
8.45061
7.45042
6.45165
5.455
4.46109
3.4705
2.48373
1.50124
0.523434
-0.449318
-1.4167
-2.37844
-3.33429
-4.28404
-5.22753
-6.16461
-7.09515
-8.01907
-8.9363
-9.84679
-10.7505
-11.6475
-12.5378
-13.4213
-14.2982
-15.1684
-16.0322
-16.8895
-17.7406
-18.5854
-19.4243
-20.2573
-21.0846
-21.9064
-22.7231
-23.5347
-24.3416
-25.1441
-25.9001
-26.6295
-27.3408
-28.0388
-28.7262
-29.4048
-30.0762
-30.7414
-31.4012
-32.0563
-32.7076
-33.3557
-34.0013
-34.6449
-35.2873
-35.9291
-36.571
-37.2137
-37.8577
-38.5038
-39.1527
-39.805
-40.4614
-41.1226
-41.789
-42.4613
-43.14
-43.8255
-44.5181
-45.2181
-45.9256
-46.6403
-47.3621
-48.0902
-48.824
-49.5621
-50.303
-51.0448
-51.7851
-52.5212
-53.2499
-53.9678
-54.671
-55.3557
-56.0178
-56.6535
-57.2591
-57.8313
-58.3675
-58.8657
-59.3244
-59.7432
-60.122
-60.4619
-60.7641
-61.0305
-61.2635
-61.4655
-61.6391
-61.7871
-61.9122
-62.0168
-62.1035
-62.1745
-62.2318
-62.2773
-62.3128
-62.3397
-62.3593
-62.3728
-62.3812
-62.3854
-62.3861
-62.384
-62.3797
-62.3735
-62.366
-62.3575
-62.3482
-62.3385
-62.3285
-62.3184
-62.3083
-62.2985
-62.2889
-62.2797
-62.2709
-62.2627
-62.255
-62.2479
-62.2414
-62.2356
-62.2304
-62.226
-62.2222
-62.2191
-62.2168
-62.2151
-62.2141
-62.2139
-62.2143
-62.2154
-62.2172
-62.2197
-62.2229
-62.2267
-62.2311
-62.2362
-62.242
-62.2483
-62.2553
-62.2628
-62.2709
-62.2796
-62.2889
-62.2987
-62.309
-62.3199
-62.3313
-62.3432
-62.3556
-62.3685
-62.3818
-62.3956
-62.4099
-62.4246
-62.4397
-62.4553
-62.4712
-62.4876
-62.5044
-62.5215
-62.539
-62.5569
-62.5751
-62.5937
-62.6126
-62.6319
-62.6514
-62.6713
-62.6915
-62.7119
-62.7327
-62.7537
-62.775
-62.7966
-62.8184
-62.8404
-62.8627
-62.8853
-62.908
-62.931
-62.9542
-62.9776
-63.0012
-63.0249
-63.0489
-63.073
-63.0974
-63.1218
-63.1465
-63.1713
-63.1962
-63.2213
-63.2465
-63.2719
-63.2974
-63.323
-63.3487
-63.3745
-63.4005
-63.4265
-63.4526
-63.4789
-63.5052
-63.5316
-63.558
-63.5846
-63.6112
-63.6379
-63.6646
-63.6914
-63.7182
-63.7451
-63.7721
-63.799
-63.826
-63.8531
-63.8802
-63.9073
-63.9344
-63.9615
-63.9887
-64.0158
-64.043
-64.0702
-64.0974
-64.1245
-64.1517
-64.1789
-64.206
-64.2332
-64.2603
-64.2874
-64.3145
-64.3416
-64.3686
-64.3956
-64.4226
-64.4495
-64.4764
-64.5033
-64.5301
-64.5569
-64.5836
-64.6103
-64.637
-64.6635
-64.6901
-64.7165
-64.743
-64.7693
-64.7956
-64.8218
-64.848
-64.8741
-64.9001
-64.9261
-64.952
-64.9778
-65.0035
-65.0292
-65.0547
-65.0802
-65.1056
-65.131
-65.1562
-65.1814
-65.2064
-65.2314
-65.2563
-65.2811
-65.3058
-65.2019
-65.0194
-64.7824
-64.5058
-64.2
-63.8725
-63.5293
-63.1748
-62.8126
-62.4455
-62.0758
-61.7054
-61.3355
-60.9675
-60.6022
-60.2406
-59.8831
-59.5304
-59.1828
-58.8408
-58.5045
-58.1743
-57.8503
-57.5326
-57.2213
-56.9164
-56.6181
-56.3263
-56.0409
-55.762
-55.4895
-55.2233
-54.9634
-54.7096
-54.4619
-54.2201
-53.9841
-53.7539
-53.5291
-53.3098
-53.0958
-52.8869
-52.683
-52.484
-52.2896
-52.0998
-51.9145
-51.7333
-51.5563
-51.3832
-51.214
-51.0485
-50.8864
-50.7278
-50.5725
-50.4203
-50.2711
-50.1248
-49.9813
-49.8404
-49.702
-49.5661
-49.4324
-49.3009
-49.1715
-49.044
-48.9184
-48.7946
-48.6725
-48.5519
-48.4329
-48.3152
-48.1988
-48.0836
-47.9695
-47.8565
-47.7444
-47.6332
-47.5228
-47.4131
-47.304
-47.1955
-47.0874
-46.9796
-46.8722
-46.765
-46.6579
-46.5508
-46.4437
-46.3364
-46.2289
-46.1211
-46.0129
-45.9042
-45.7948
-45.6848
-45.5739
-45.4621
-45.3492
-45.2352
-45.1199
-45.0032
-44.8849
-44.7649
-44.6431
-44.5193
-44.3933
-44.2649
-44.1341
-44.0005
-43.864
-43.7243
-43.5812
-43.4345
-43.2839
-43.1292
-42.97
-42.806
-42.6369
-42.4622
-42.2817
-42.095
-41.9014
-41.7007
-41.4922
-41.2755
-41.0498
-40.8147
-40.5693
-40.313
-40.0449
-39.7642
-39.4699
-39.161
-38.8364
-38.495
-38.1354
-37.7562
-37.356
-36.933
-36.4856
-36.0118
-35.5095
-34.9765
-34.4105
-33.8087
-33.1686
-32.487
-31.7609
-30.9869
-30.1617
-29.2815
-28.3428
-27.3419
-26.2751
-25.139
-23.9306
-22.6474
-21.2877
-19.8512
-18.3387
-16.7534
-15.1006
-13.3889
-11.6298
-9.83876
-8.03483
-6.24046
-4.4809
-2.78304
-1.174
0.3205
1.67783
2.87978
3.9135
4.77189
5.4534
5.96142
6.30332
6.48945
6.53201
6.44423
6.23951
5.93094
5.53092
5.05087
4.5012
3.89125
3.22931
2.52274
1.778
1.00077
0.19606
-0.631767
-1.47886
-2.34183
-3.21771
-4.10389
-4.99806
-5.89819
-6.8025
-7.70942
-8.61756
-9.52572
-10.4328
-11.3379
-12.2403
-13.1391
-14.0339
-14.9241
-15.8092
-16.6889
-17.563
-18.4312
-19.2932
-20.149
-20.9986
-21.8418
-22.6786
-23.5092
-24.3337
-25.1521
-25.9646
-26.7715
-27.5729
-28.3691
-29.1605
-29.9474
-30.7302
-31.5093
-32.285
-33.058
-33.8287
-34.5977
-35.3655
-36.1328
-36.9001
-37.6682
-38.4377
-39.2093
-39.9838
-40.7618
-41.5442
-42.3317
-43.1251
-43.9249
-44.7321
-45.5472
-46.3708
-47.2036
-48.0459
-48.8981
-49.7604
-50.6329
-51.5155
-52.4077
-53.309
-54.2184
-55.1346
-56.0561
-56.9808
-57.9063
-58.8298
-59.748
-60.6571
-61.5532
-62.432
-63.289
-64.1197
-64.9197
-65.6848
-66.4113
-67.0961
-67.7367
-68.3313
-68.8794
-69.3807
-69.8362
-70.2474
-70.6163
-70.9454
-71.2375
-71.4957
-71.7231
-71.9225
-72.0971
-72.2494
-72.3823
-72.4979
-72.5984
-72.6858
-72.7617
-72.8277
-72.8851
-72.935
-72.9785
-73.0165
-73.0496
-73.0785
-73.1039
-73.1262
-73.1457
-73.163
-73.1782
-73.1916
-73.2035
-73.2141
-73.2235
-73.2319
-73.2394
-73.2462
-73.2522
-73.2576
-73.2624
-73.2668
-73.2707
-73.2743
-73.2775
-73.2804
-73.2829
-73.2853
-73.2873
-73.2892
-73.2908
-73.2923
-73.2936
-73.2947
-73.2956
-73.2964
-73.297
-73.2975
-73.2979
-73.2982
-73.2983
-73.2983
-73.2982
-73.2979
-73.2976
-73.2971
-73.2966
-73.2959
-73.2951
-73.2943
-73.2933
-73.2922
-73.291
-73.2897
-73.2883
-73.2869
-73.2853
-73.2836
-73.2818
-73.2799
-73.2779
-73.2759
-73.2737
-73.2714
-73.269
-73.2666
-73.264
-73.2613
-73.2586
-73.2557
-73.2528
-73.2497
-73.2466
-73.2433
-73.24
-73.2365
-73.233
-73.2294
-73.2256
-73.2218
-73.2178
-73.2138
-73.2097
-73.2055
-73.2011
-73.1967
-73.1922
-73.1876
-73.1829
-73.1781
-73.1732
-73.1682
-73.1631
-73.1579
-73.1526
-73.1472
-73.1417
-73.1361
-73.1304
-73.1246
-73.1188
-73.1128
-73.1067
-73.1005
-73.0943
-73.0879
-73.0815
-73.0749
-73.0683
-73.0615
-73.0547
-73.0478
-73.0407
-73.0336
-73.0264
-73.0191
-73.0117
-73.0042
-72.9966
-72.9889
-72.9811
-72.9732
-72.9653
-72.9572
-72.9491
-72.9408
-72.9325
-72.924
-72.9155
-72.9069
-72.8982
-72.8894
-72.8805
-72.8715
-72.8625
-72.8533
-72.8441
-72.8347
-72.8253
-72.8158
-72.8062
-72.7965
-72.7867
-72.7769
-72.7669
-72.7569
-72.7468
-72.7366
-72.7263
-72.7159
-72.7054
-72.6949
-72.6842
-72.6735
-72.6627
-72.6518
-72.6409
-72.6298
-72.6187
-72.6075
-72.5962
-72.5848
-72.5733
-72.5618
-72.5502
-72.5385
-72.5267
-72.5149
-72.5029
-72.4909
-72.4788
-72.4667
-72.4544
-72.4421
-72.4297
-72.4173
-72.4047
-72.3921
-72.3794
-72.3667
-72.3538
-72.3409
-72.3279
-72.3149
-72.3018
-72.2886
-72.2753
-72.262
-72.2486
-72.2351
-72.2216
-72.208
-72.1943
-72.1805
-72.1667
-72.1529
-72.1389
-72.1249
-72.1109
-72.0967
-72.0825
-72.0683
-72.0539
-72.0396
-72.0251
-72.0106
-71.996
-71.9814
-71.9667
-71.952
-71.9372
-71.9223
-71.9074
-71.8924
-71.8774
-71.8623
-71.8472
-71.832
-71.8167
-71.8014
-71.786
-71.7706
-71.7551
-71.7396
-71.724
-71.7084
-71.6927
-71.677
-71.6613
-71.6454
-71.6296
-71.6136
-71.5977
-71.5817
-71.5656
-71.5495
-71.5333
-71.5171
-71.5009
-71.4846
-71.4683
-71.4519
-71.4355
-71.4191
-71.4026
-71.386
-71.3694
-71.3528
-71.3362
-71.3195
-71.3027
-71.286
-71.2692
-71.2523
-71.2354
-71.2185
-71.2016
-71.1846
-71.1675
-71.1505
-71.1334
-71.1163
-71.0991
-71.0819
-71.0647
-71.0475
-71.0302
-71.0129
-70.9956
-70.9782
-70.9608
-70.9434
-70.9259
-70.9085
-70.891
-70.8734
-70.8559
-70.8383
-70.8207
-70.8031
-70.7855
-70.7678
-70.7501
-70.7324
-70.7146
-70.6969
-70.6791
-70.6613
-70.6435
-70.6257
-70.6078
-70.59
-70.5721
-70.5542
-70.5362
-70.5183
-70.5004
-70.4824
-70.4644
-70.4464
-70.4284
-70.4104
-70.3923
-70.3743
-70.3562
-70.3382
-70.3201
-70.302
-70.2839
-70.2658
-70.2476
-70.2295
-70.2114
-70.1932
-70.1751
-70.1569
-70.1387
-70.1206
-70.1024
-70.0842
-70.066
-70.0478
-70.0296
-70.0114
-69.9932
-69.975
-69.9568
-69.9386
-69.9203
-69.9021
-69.8839
-69.8657
-69.8475
-69.8293
-69.811
-69.7928
-69.7746
-69.7564
-69.7382
-69.72
-69.7018
-69.6836
-69.6654
-69.6472
-69.629
-69.6108
-69.5926
-69.5744
-69.5563
-69.5381
-69.52
-69.5018
-69.4837
-69.4655
-69.4474
-69.4293
-69.4112
-69.3931
-69.375
-69.3569
-69.3388
-69.3208
-69.3027
-69.2847
-69.2667
-69.2487
-69.2307
-69.2127
-69.1947
-69.1767
-69.1588
-69.1408
-69.1229
-69.105
-69.0871
-69.0692
-69.0514
-69.0335
-69.0157
-68.9979
-68.9801
-68.9623
-68.9445
-68.9268
-68.9091
-68.8913
-68.8736
-68.856
-68.8383
-68.8207
-68.8031
-68.7855
-68.7679
-68.7503
-68.7328
-68.5731
-68.3213
-68.0021
-67.6307
-67.2182
-66.7731
-66.3022
-65.8108
-65.3033
-64.7834
-64.254
-63.7174
-63.1758
-62.6309
-62.084
-61.5363
-60.9888
-60.4424
-59.8977
-59.3554
-58.8158
-58.2793
-57.7463
-57.2169
-56.6912
-56.1693
-55.6511
-55.1366
-54.6256
-54.1179
-53.6131
-53.1109
-52.6108
-52.1122
-51.6146
-51.1173
-50.6195
-50.1202
-49.6185
-49.1133
-48.6034
-48.0874
-47.5638
-47.031
-46.4872
-45.9302
-45.3579
-44.7678
-44.1571
-43.5227
-42.8612
-42.1687
-41.4408
-40.6727
-39.8589
-38.9933
-38.0688
-37.0774
-36.0104
-34.8575
-33.6073
-32.2472
-30.7627
-29.138
-27.356
-25.398
-23.2446
-20.8764
-18.2752
-15.4258
-12.3187
-8.95349
-5.34282
-1.51642
2.47567
6.56184
10.651
14.6384
18.4156
21.8817
24.9546
27.5801
29.7353
31.4276
32.6891
33.5679
34.12
34.4018
34.4647
34.3529
34.1024
33.7414
33.2916
32.7695
32.1872
31.5543
30.8776
30.1629
29.4145
28.6361
27.8308
27.0014
26.1501
25.2791
24.3905
23.486
22.5673
21.6361
20.6938
19.7417
18.7813
17.8138
16.8402
15.8618
14.8795
13.8942
12.9069
11.9184
10.9294
9.94065
8.95283
7.96652
6.98227
6.00059
5.02194
4.04674
3.07536
2.10815
1.14541
0.187405
-0.76562
-1.71346
-2.65594
-3.5929
-4.52421
-5.44977
-6.36949
-7.28332
-8.19121
-9.09313
-9.98907
-10.879
-11.763
-12.6412
-13.5134
-14.3799
-15.2406
-16.0958
-16.9455
-17.7898
-18.6288
-19.4628
-20.292
-21.1164
-21.9364
-22.7522
-23.564
-24.3721
-25.177
-25.9788
-26.778
-27.5751
-28.3704
-29.1644
-29.9578
-30.751
-31.5446
-32.3394
-33.136
-33.9351
-34.7377
-35.5444
-36.3563
-37.1742
-37.9991
-38.8319
-39.6739
-40.5259
-41.3891
-42.2645
-43.1531
-44.0559
-44.9739
-45.9077
-46.858
-47.8252
-48.8095
-49.8107
-50.8281
-51.8608
-52.907
-53.9645
-55.0303
-56.1005
-57.1707
-58.2356
-59.2889
-60.3242
-61.3345
-62.3126
-63.2514
-64.1445
-64.9862
-65.7719
-66.4981
-67.1631
-67.7663
-68.3086
-68.7922
-69.22
-69.596
-69.9243
-70.2094
-70.456
-70.6684
-70.8508
-71.0071
-71.141
-71.2554
-71.3533
-71.437
-71.5087
-71.5703
-71.6233
-71.6689
-71.7085
-71.7428
-71.7728
-71.7991
-71.8223
-71.8428
-71.8612
-71.8776
-71.8924
-71.9059
-71.9182
-71.9295
-71.9399
-71.9497
-71.9588
-71.9674
-71.9755
-71.9832
-71.9906
-71.9977
-72.0044
-72.011
-72.0173
-72.0235
-72.0294
-72.0353
-72.0409
-72.0465
-72.0519
-72.0572
-72.0624
-72.0676
-72.0726
-72.0775
-72.0823
-72.0871
-72.0917
-72.0963
-72.1008
-72.1053
-72.1096
-72.1139
-72.1181
-72.1223
-72.1263
-72.1303
-72.1342
-72.138
-72.1418
-72.1454
-72.149
-72.1526
-72.156
-72.1594
-72.1627
-72.1659
-72.169
-72.1721
-72.1751
-72.178
-72.1808
-72.1835
-72.1862
-72.1887
-72.1912
-72.1936
-72.1959
-72.1982
-72.2003
-72.2024
-72.2044
-72.2062
-72.208
-72.2098
-72.2114
-72.2129
-72.2144
-72.2157
-72.217
-72.2182
-72.2193
-72.2203
-72.2212
-72.222
-72.2227
-72.2233
-72.2239
-72.2243
-72.2247
-72.2249
-72.2251
-72.2252
-72.2251
-72.225
-72.2248
-72.2245
-72.2241
-72.2236
-72.223
-72.2223
-72.2215
-72.2206
-72.2196
-72.2185
-72.2174
-72.2161
-72.2147
-72.2133
-72.2117
-72.21
-72.2083
-72.2064
-72.2045
-72.2024
-72.2003
-72.198
-72.1957
-72.1932
-72.1907
-72.1881
-72.1853
-72.1825
-72.1796
-72.1766
-72.1734
-72.1702
-72.1669
-72.1635
-72.16
-72.1564
-72.1527
-72.1489
-72.145
-72.141
-72.1369
-72.1327
-72.1284
-72.124
-72.1196
-72.115
-72.1103
-72.1056
-72.1007
-72.0958
-72.0907
-72.0856
-72.0803
-72.075
-72.0696
-72.0641
-72.0585
-72.0528
-72.047
-72.0411
-72.0351
-72.029
-72.0229
-72.0166
-72.0103
-72.0038
-71.9973
-71.9907
-71.9839
-71.9771
-71.9703
-71.9633
-71.811
-71.5673
-71.2587
-70.9018
-70.5082
-70.0868
-69.6445
-69.1865
-68.7175
-68.2407
-67.7592
-67.2752
-66.7906
-66.307
-65.8257
-65.3479
-64.8743
-64.4058
-63.9431
-63.4866
-63.0367
-62.594
-62.1585
-61.7307
-61.3106
-60.8985
-60.4944
-60.0983
-59.7104
-59.3307
-58.959
-58.5954
-58.2399
-57.8922
-57.5524
-57.2203
-56.8958
-56.5788
-56.269
-55.9663
-55.6706
-55.3816
-55.0992
-54.8231
-54.5532
-54.2893
-54.0311
-53.7784
-53.531
-53.2887
-53.0513
-52.8185
-52.5901
-52.3658
-52.1456
-51.929
-51.716
-51.5062
-51.2995
-51.0956
-50.8943
-50.6954
-50.4986
-50.3037
-50.1106
-49.9189
-49.7284
-49.539
-49.3504
-49.1623
-48.9746
-48.787
-48.5992
-48.4111
-48.2223
-48.0326
-47.8418
-47.6496
-47.4557
-47.2599
-47.0617
-46.861
-46.6574
-46.4505
-46.2401
-46.0257
-45.8069
-45.5834
-45.3546
-45.1202
-44.8795
-44.6322
-44.3775
-44.1149
-43.8438
-43.5633
-43.2729
-42.9715
-42.6584
-42.3326
-41.993
-41.6385
-41.2679
-40.8798
-40.4728
-40.0452
-39.5954
-39.1215
-38.6213
-38.0928
-37.5334
-36.9405
-36.3111
-35.6423
-34.9305
-34.1721
-33.3632
-32.4995
-31.5765
-30.5895
-29.5335
-28.4032
-27.1936
-25.8994
-24.5154
-23.0371
-21.4605
-19.7823
-18.001
-16.1166
-14.1314
-12.0507
-9.88318
-7.64141
-5.34228
-3.00723
-0.662119
1.66313
3.93539
6.11965
8.18072
10.0853
11.8041
13.3141
14.5995
15.6532
16.476
17.0758
17.4663
17.665
17.6915
17.5658
17.3075
16.9349
16.4643
15.9102
15.2851
14.6
13.8638
13.0845
12.2687
11.4221
10.5494
9.65498
8.74233
7.81463
6.87462
5.9247
4.96701
4.00341
3.03558
2.06498
1.09293
0.120573
-0.851047
-1.82102
-2.78409
-3.73888
-4.68447
-5.62024
-6.54576
-7.46078
-8.36513
-9.25873
-10.1416
-11.0136
-11.875
-12.7257
-13.566
-14.3959
-15.2155
-16.0251
-16.8248
-17.6149
-18.3954
-19.1667
-19.929
-20.6824
-21.4273
-22.1638
-22.8924
-23.6131
-24.3264
-25.0326
-25.7319
-26.4246
-27.1111
-27.7919
-28.4671
-29.1373
-29.8027
-30.464
-31.1214
-31.7754
-32.4265
-33.0752
-33.722
-34.3674
-35.012
-35.6563
-36.3008
-36.9463
-37.5932
-38.2423
-38.894
-39.5491
-40.2081
-40.8717
-41.5404
-42.2147
-42.8953
-43.5825
-44.2767
-44.9783
-45.6873
-46.4038
-47.1277
-47.8585
-48.514
-49.1307
-49.7236
-50.2997
-50.8621
-51.4118
-51.9485
-52.471
-52.9774
-53.4655
-53.9329
-54.3772
-54.796
-55.187
-55.5486
-55.8793
-56.1781
-56.4448
-56.6794
-56.8826
-57.0556
-57.1997
-57.3169
-57.4091
-57.4784
-57.5271
-57.5574
-57.5714
-57.5712
-57.5586
-57.5356
-57.5037
-57.4643
-57.4189
-57.3686
-57.3143
-57.2571
-57.1977
-57.1367
-57.0748
-57.0125
-56.9501
-56.8881
-56.8268
-56.7664
-56.7071
-56.6491
-56.5925
-56.5375
-56.4842
-56.4326
-56.3828
-56.3348
-56.2887
-56.2445
-56.2022
-56.1618
-56.1233
-56.0867
-56.052
-56.0192
-55.9882
-55.9591
-55.9318
-55.9062
-55.8824
-55.8604
-55.84
-55.8213
-55.8043
-55.7889
-55.7751
-55.7628
-55.7521
-55.7429
-55.7351
-55.7288
-55.724
-55.7205
-55.7184
-55.7176
-55.7181
-55.7199
-55.723
-55.7273
-55.7327
-55.7394
-55.7473
-55.7562
-55.7663
-55.7775
-55.7897
-55.803
-55.8173
-55.8326
-55.8488
-55.8661
-55.8842
-55.9033
-55.9233
-55.9441
-55.9659
-55.9884
-56.0118
-56.036
-56.0609
-56.0866
-56.1131
-56.1403
-56.1683
-56.1969
-56.2262
-56.2562
-56.2869
-56.3181
-56.35
-56.2813
-56.157
-55.9985
-55.8175
-55.6221
-55.4174
-55.2075
-54.9949
-54.7818
-54.5696
-54.3594
-54.1521
-53.9482
-53.7483
-53.5526
-53.3615
-53.175
-52.9933
-52.8165
-52.6447
-52.4778
-52.3158
-52.1587
-52.0064
-51.859
-51.7164
-51.5784
-51.4451
-51.3162
-51.1919
-51.0719
-50.9562
-50.8447
-50.7373
-50.634
-50.5345
-50.439
-50.3472
-50.2592
-50.1747
-50.0938
-50.0164
-49.9423
-49.8716
-49.8041
-49.7398
-49.6786
-49.6204
-49.5652
-49.513
-49.4636
-49.4171
-49.3733
-49.3322
-49.2938
-49.258
-49.2248
-49.194
-49.1658
-49.14
-49.1166
-49.0956
-49.0769
-49.0604
-49.0463
-49.0343
-49.0245
-49.0169
-49.0114
-49.008
-49.0067
-49.0074
-49.0102
-49.0149
-49.0215
-49.0301
-49.0406
-49.053
-49.0673
-49.0834
-49.1013
-49.121
-49.1424
-49.1656
-49.1906
-49.2172
-49.2456
-49.2755
-49.3072
-49.3404
-49.3753
-49.4117
-49.4497
-49.4893
-49.5303
-49.5729
-49.617
-49.6624
-49.7094
-49.7577
-49.8075
-49.8586
-49.9111
-49.9649
-50.02
-50.0764
-50.134
-50.193
-50.2531
-50.3144
-50.3769
-50.4405
-50.5053
-50.5712
-50.6382
-50.7062
-50.7753
-50.8453
-50.9164
-50.9884
-51.0614
-51.1353
-51.21
-51.2857
-51.3621
-51.4394
-51.5175
-51.5963
-51.6759
-51.7562
-51.8371
-51.9188
-52.001
-52.0839
-52.1674
-52.2514
-52.3359
-52.421
-52.5065
-52.5925
-52.6789
-52.7657
-52.8529
-52.9405
-53.0284
-53.1166
-53.2051
-53.2938
-53.3828
-53.4719
-53.5613
-53.6508
-53.7405
-53.8303
-53.9202
-54.0101
-54.1002
-54.1902
-54.2803
-54.3703
-54.4604
-54.5504
-54.6403
-54.7302
-54.8199
-54.9095
-54.999
-55.0884
-55.1776
-55.2666
-55.3554
-55.444
-55.5324
-55.6206
-55.7085
-55.7961
-55.8835
-55.9706
-56.0574
-56.1438
-56.23
-56.3158
-56.4013
-56.4865
-56.5713
-56.6557
-56.7398
-56.8235
-56.9068
-56.9897
-57.0723
-57.1544
-57.2361
-57.208
-57.1141
-56.9757
-56.8053
-56.6115
-56.4006
-56.177
-55.9444
-55.7054
-55.4622
-55.2165
-54.9695
-54.7224
-54.476
-54.2309
-53.9877
-53.7469
-53.5088
-53.2737
-53.042
-52.8137
-52.589
-52.3682
-52.1511
-51.938
-51.7288
-51.5237
-51.3225
-51.1254
-50.9322
-50.743
-50.5577
-50.3763

