-65
-64.9994
-64.9988
-64.9982
-64.9977
-64.9971
-64.9965
-64.996
-64.9954
-64.9949
-64.9943
-64.9938
-64.9932
-64.9927
-64.9922
-64.9917
-64.9912
-64.9906
-64.9901
-64.9896
-64.9891
-64.9886
-64.9881
-64.9876
-64.9872
-64.9867
-64.9862
-64.9857
-64.9852
-64.9848
-64.9843
-64.9838
-64.9834
-64.9829
-64.9825
-64.982
-64.9816
-64.9811
-64.9807
-64.9802
-64.9798
-64.9794
-64.9789
-64.9785
-64.9781
-64.9777
-64.9772
-64.9768
-64.9764
-64.976
-64.9756
-64.9752
-64.9748
-64.9744
-64.974
-64.9736
-64.9732
-64.9728
-64.9725
-64.9721
-64.9717
-64.9713
-64.971
-64.9706
-64.9702
-64.9699
-64.9695
-64.9692
-64.9688
-64.9685
-64.9681
-64.9678
-64.9675
-64.9671
-64.9668
-64.9665
-64.9661
-64.9658
-64.9655
-64.9652
-64.9649
-64.9646
-64.9642
-64.9639
-64.9636
-64.9633
-64.963
-64.9628
-64.9625
-64.9622
-64.9619
-64.9616
-64.9613
-64.9611
-64.9608
-64.9605
-64.9603
-64.96
-64.9598
-64.9595
-64.9592
-64.959
-64.9588
-64.9585
-64.9583
-64.958
-64.9578
-64.9576
-64.9573
-64.9571
-64.9569
-64.9567
-64.9565
-64.9562
-64.956
-64.9558
-64.9556
-64.9554
-64.9552
-64.955
-64.9548
-64.9546
-64.9545
-64.9543
-64.9541
-64.9539
-64.9537
-64.9536
-64.9534
-64.9532
-64.9531
-64.9529
-64.9527
-64.9526
-64.9524
-64.9523
-64.9521
-64.952
-64.9519
-64.9517
-64.9516
-64.9514
-64.9513
-64.9512
-64.9511
-64.9509
-64.9508
-64.9507
-64.9506
-64.9505
-64.9504
-64.9503
-64.9502
-64.95
-64.9499
-64.9499
-64.9498
-64.9497
-64.9496
-64.9495
-64.9494
-64.9493
-64.9492
-64.9492
-64.9491
-64.949
-64.9489
-64.9489
-64.9488
-64.9487
-64.9487
-64.9486
-64.9486
-64.9485
-64.9485
-64.9484
-64.9484
-64.9483
-64.9483
-64.9482
-64.9482
-64.9482
-64.9481
-64.9481
-64.9481
-64.948
-64.948
-64.948
-64.948
-64.948
-64.9479
-64.9479
-64.9479
-64.9479
-64.9479
-64.9479
-64.9479
-64.9479
-64.9479
-64.9479
-64.9479
-64.9479
-64.9479
-64.9479
-64.9479
-64.9479
-64.9479
-64.9479
-64.948
-64.948
-64.948
-64.948
-64.9481
-64.9481
-64.9481
-64.9481
-64.9482
-64.9482
-64.9482
-64.9483
-64.9483
-64.9483
-64.9484
-64.9484
-64.9485
-64.9485
-64.9486
-64.9486
-64.9487
-64.9487
-64.9488
-64.9488
-64.9489
-64.9489
-64.949
-64.9491
-64.9491
-64.9492
-64.9492
-64.9493
-64.9494
-64.9494
-64.9495
-64.9496
-64.9497
-64.9497
-64.9498
-64.9499
-64.95
-64.95
-64.9501
-64.9502
-64.9503
-64.9504
-64.9504
-64.9505
-64.9506
-64.9507
-64.9508
-64.9509
-64.951
-64.951
-64.9511
-64.9512
-64.9513
-64.9514
-64.9515
-64.9516
-64.9517
-64.9518
-64.9519
-64.952
-64.9521
-64.9522
-64.9523
-64.9524
-64.9525
-64.9526
-64.9527
-64.9528
-64.9529
-64.953
-64.9532
-64.9533
-64.9534
-64.9535
-64.9536
-64.9537
-64.9538
-64.9539
-64.954
-64.9542
-64.9543
-64.9544
-64.9545
-64.9546
-64.9547
-64.9548
-64.955
-64.9551
-64.9552
-64.9553
-64.9554
-64.9556
-64.9557
-64.9558
-64.9559
-64.956
-64.9562
-64.9563
-64.9564
-64.9565
-64.9566
-64.9568
-64.9569
-64.957
-64.9571
-64.9573
-64.9574
-64.9575
-64.9576
-64.9578
-64.9579
-64.958
-64.9581
-64.9583
-64.9584
-64.9585
-64.9587
-64.9588
-64.9589
-64.959
-64.9592
-64.9593
-64.9594
-64.9595
-64.9597
-64.9598
-64.9599
-64.96
-64.9602
-64.9603
-64.9604
-64.9606
-64.9607
-64.9608
-64.9609
-64.9611
-64.9612
-64.9613
-64.9614
-64.9616
-64.9617
-64.9618
-64.962
-64.9621
-64.9622
-64.9623
-64.9625
-64.9626
-64.9627
-64.9628
-64.963
-64.9631
-64.9632
-64.9633
-64.9635
-64.9636
-64.9637
-64.9638
-64.964
-64.9641
-64.9642
-64.9643
-64.9645
-64.9646
-64.9647
-64.9648
-64.9649
-64.9651
-64.9652
-64.9653
-64.9654
-64.9655
-64.9657
-64.9658
-64.9659
-64.966
-64.9661
-64.9663
-64.9664
-64.9665
-64.9666
-64.9667
-64.9668
-64.967
-64.9671
-64.9672
-64.9673
-64.9674
-64.9675
-64.9677
-64.9678
-64.9679
-64.968
-64.9681
-64.9682
-64.9683
-64.9684
-64.9685
-64.9687
-64.9688
-64.9689
-64.969
-64.9691
-64.9692
-64.9693
-64.9694
-64.9695
-64.9696
-64.9697
-64.9698
-64.9699
-64.97
-64.9701
-64.9702
-64.9703
-64.9704
-64.9705
-64.9706
-64.9707
-64.9708
-64.9709
-64.971
-64.9711
-64.9712
-64.9713
-64.9714
-64.9715
-64.9716
-64.9717
-64.9718
-64.9719
-64.972
-64.9721
-64.9722
-64.9722
-64.9723
-64.9724
-64.9725
-64.9726
-64.9727
-64.9728
-64.9729
-64.9729
-64.973
-64.9731
-64.9732
-64.9733
-64.9734
-64.9734
-64.9735
-64.9736
-64.9737
-64.9738
-64.9738
-64.9739
-64.974
-64.9741
-64.9741
-64.9742
-64.9743
-64.9744
-64.9744
-64.9745
-64.9746
-64.9747
-64.9747
-64.9748
-64.9749
-64.9749
-64.975
-64.9751
-64.9751
-64.9752
-64.9753
-64.9753
-64.9754
-64.9755
-64.9755
-64.9756
-64.9757
-64.9757
-64.9758
-64.9758
-64.9759
-64.976
-64.976
-64.9761
-64.9761
-64.9762
-64.9762
-64.9763
-64.9764
-64.9764
-64.9765
-64.9765
-64.9766
-64.9766
-64.9767
-64.9767
-64.9768
-64.9768
-64.9769
-64.9769
-64.977
-64.977
-64.9771
-64.9771
-64.9771
-64.9772
-64.9772
-64.9773
-64.9773
-64.9774
-64.9774
-64.9774
-64.9775
-64.9775
-64.9776
-64.9776
-64.9776
-64.9777
-64.9777
-64.9778
-64.9778
-64.9778
-64.9779
-64.9779
-64.9779
-64.978
-64.978
-64.978
-64.9781
-64.9781
-64.9781
-64.9781
-64.9782
-64.9782
-64.9782
-64.9783
-64.9783
-64.9783
-64.9783
-64.9784
-64.9784
-64.9784
-64.9784
-64.9785
-64.9785
-64.9785
-64.9785
-64.9785
-64.9786
-64.9786
-64.9786
-64.9786
-64.9786
-64.9787
-64.9787
-64.9787
-64.9787
-64.9787
-64.9787
-64.9787
-64.9788
-64.9788
-64.9788
-64.9788
-64.9788
-64.9788
-64.9788
-64.9789
-64.9789
-64.9789
-64.9789
-64.9789
-64.9789
-64.9789
-64.9789
-64.9789
-64.9789
-64.9789
-64.9789
-64.9789
-64.979
-64.979
-64.979
-64.979
-64.979
-64.979
-64.979
-64.979
-64.979
-64.979
-64.979
-64.979
-64.979
-64.979
-64.979
-64.979
-64.979
-64.979
-64.979
-64.979
-64.979
-64.979
-64.979
-64.979
-64.979
-64.979
-64.979
-64.9789
-64.9789
-64.9789
-64.9789
-64.9789
-64.9789
-64.9789
-64.9789
-64.9789
-64.9789
-64.9789
-64.9789
-64.9789
-64.9789
-64.9788
-64.9788
-64.9788
-64.9788
-64.9788
-64.9788
-64.9788
-64.9788
-64.9788
-64.9787
-64.9787
-64.9787
-64.9787
-64.9787
-64.9787
-64.9787
-64.9787
-64.9786
-64.9786
-64.9786
-64.9786
-64.9786
-64.9786
-64.9786
-64.9785
-64.9785
-64.9785
-64.9785
-64.9785
-64.9785
-64.9784
-64.9784
-64.9784
-64.9784
-64.9784
-64.9783
-64.9783
-64.9783
-64.9783
-64.9783
-64.9783
-64.9782
-64.9782
-64.9782
-64.9782
-64.9782
-64.9781
-64.9781
-64.9781
-64.9781
-64.9781
-64.978
-64.978
-64.978
-64.978
-64.9779
-64.9779
-64.9779
-64.9779
-64.9779
-64.9778
-64.9778
-64.9778
-64.9778
-64.9778
-64.9777
-64.9777
-64.9777
-64.9777
-64.9776
-64.9776
-64.9776
-64.9776
-64.9775
-64.9775
-64.9775
-64.9775
-64.9774
-64.9774
-64.9774
-64.9774
-64.9774
-64.9773
-64.9773
-64.9773
-64.9773
-64.9772
-64.9772
-64.9772
-64.9772
-64.9771
-64.9771
-64.9771
-64.9771
-64.977
-64.977
-64.977
-64.977
-64.9769
-64.9769
-64.9769
-64.9769
-64.9768
-64.9768
-64.9768
-64.9768
-64.9767
-64.9767
-64.9767
-64.9767
-64.9766
-64.9766
-64.9766
-64.9766
-64.9765
-64.9765
-64.9765
-64.9765
-64.9764
-64.9764
-64.9764
-64.9764
-64.9763
-64.9763
-64.9763
-64.9763
-64.9762
-64.9762
-64.9762
-64.9762
-64.9761
-64.9761
-64.9761
-64.9761
-64.976
-64.976
-64.976
-64.976
-64.9759
-64.9759
-64.9759
-64.9759
-64.9758
-64.9758
-64.9758
-64.9758
-64.9757
-64.9757
-64.9757
-64.9757
-64.9756
-64.9756
-64.9756
-64.9756
-64.9755
-64.9755
-64.9755
-64.9755
-64.9754
-64.9754
-64.9754
-64.9754
-64.9753
-64.9753
-64.9753
-64.9753
-64.9753
-64.9752
-64.9752
-64.9752
-64.9752
-64.9751
-64.9751
-64.9751
-64.9751
-64.975
-64.975
-64.975
-64.975
-64.975
-64.9749
-64.9749
-64.9749
-64.9749
-64.9748
-64.9748
-64.9748
-64.9748
-64.9748
-64.9747
-64.9747
-64.9747
-64.9747
-64.9747
-64.9746
-64.9746
-64.9746
-64.9746
-64.9746
-64.9745
-64.9745
-64.9745
-64.9745
-64.9745
-64.9744
-64.9744
-64.9744
-64.9744
-64.9744
-64.9743
-64.9743
-64.9743
-64.9743
-64.9743
-64.9742
-64.9742
-64.9742
-64.9742
-64.9742
-64.9742
-64.9741
-64.9741
-64.9741
-64.9741
-64.9741
-64.9741
-64.974
-64.974
-64.974
-64.974
-64.974
-64.974
-64.9739
-64.9739
-64.9739
-64.9739
-64.9739
-64.9739
-64.9738
-64.9738
-64.9738
-64.9738
-64.9738
-64.9738
-64.9737
-64.9737
-64.9737
-64.9737
-64.9737
-64.9737
-64.9737
-64.9736
-64.9736
-64.9736
-64.9736
-64.9736
-64.9736
-64.9736
-64.9736
-64.9735
-64.9735
-64.9735
-64.9735
-64.9735
-64.9735
-64.9735
-64.9735
-64.9734
-64.9734
-64.9734
-64.9734
-64.9734
-64.9734
-64.9734
-64.9734
-64.9733
-64.9733
-64.9733
-64.9733
-64.9733
-64.9733
-64.9733
-64.9733
-64.9733
-64.9733
-64.9732
-64.9732
-64.9732
-64.9732
-64.9732
-64.9732
-64.9732
-64.9732
-64.9732
-64.9732
-64.9732
-64.9731
-64.9731
-64.9731
-64.9731
-64.9731
-64.9731
-64.9731
-64.9731
-64.9731
-64.9731
-64.9731
-64.9731
-64.9731
-64.973
-64.973
-64.973
-64.973
-64.973
-64.973
-64.973
-64.973
-64.973
-64.973
-64.973
-64.973
-64.973
-64.973
-64.973
-64.973
-64.973
-64.9729
-64.9729
-64.9729
-64.9729
-64.9729
-64.9729
-64.9729
-64.9729
-64.9729
-64.9729
-64.9729
-64.9729
-64.9729
-64.9729
-64.9729
-64.9729
-64.9729
-64.9729
-64.9729
-64.9729
-64.9729
-64.9729
-64.9729
-64.9729
-64.9729
-64.9729
-64.9728
-64.9728
-64.9728
-64.9728
-64.9728
-64.9728
-64.9728
-64.9728
-64.9728
-64.9728
-64.9728
-64.9728
-64.9728
-64.9728
-64.9728
-64.9728
-64.9728
-64.9728
-64.9728
-64.9728
-64.9728
-64.9728
-64.9728
-64.9728
-64.9728
-64.9728
-64.9728
-64.9728
-64.9728
-64.9728
-64.9728
-64.9728
-64.9728
-64.9728
-64.9728
-64.9728
-64.9728
-64.9728
-64.9728
-64.9728
-64.9728
-64.9728
-64.9728
-64.9728
-64.9728
-64.9728
-64.9728
-64.9728
-64.9728
-64.9728
-64.9728
-64.9728
-64.9728
-64.9728
-64.9728
-64.9728
-64.9728
-64.9728
-64.9728
-64.9729
-64.9729
-64.9729
-64.9729
-64.9729
-64.9729
-64.9729
-64.9729
-64.9729
-64.9729
-64.9729
-64.9729
-64.9729
-64.9729
-64.9729
-64.9729
-64.9729
-64.9729
-64.9729
-64.9729
-64.9729
-64.9729
-64.9729
-64.9729
-64.9729
-64.9729
-64.9729
-64.9729
-64.9729
-64.9729
-64.9729
-64.9729
-64.9729
-64.9729
-64.973
-64.973
-64.973
-64.973
-64.973
-64.973
-64.973
-64.973
-64.973
-64.973
-64.973
-64.973
-64.973
-64.973
-64.973
-64.973
-64.973
-64.973
-64.973
-64.973
-64.973
-64.973
-64.973
-64.973
-64.9731
-64.9731
-64.9731
-64.9731
-64.9731
-64.9731
-64.9731
-64.9731
-64.9731
-64.9731
-64.9731
-64.9731
-64.9731
-64.9731
-64.9731
-64.9731
-64.9731
-64.9731
-64.9731
-64.9731
-64.9731
-64.9732
-64.9732
-64.9732
-64.9732
-64.9732
-64.9732
-64.9732
-64.9732
-64.9732
-64.9732
-64.9732
-64.9732
-64.9732
-64.9732
-64.9732
-64.9732
-64.9732
-64.9732
-64.9732
-64.9732
-64.9733
-64.9733
-64.9733
-64.9733
-64.9733
-64.9733
-64.9733
-64.9733
-64.9733
-64.9733
-64.9733
-64.9733
-64.9733
-64.9733
-64.9733
-64.9733
-64.9733
-64.9733
-64.9733
-64.9733
-64.9734
-64.9734
-64.9734
-64.9734
-64.9734
-64.9734
-64.9734
-64.9734
-64.9734
-64.9734
-64.9734
-64.9734
-64.9734
-64.9734
-64.9734
-64.9734
-64.9734
-64.9734
-64.9734
-64.9734
-64.9735
-64.9735
-64.9735
-64.9735
-64.9735
-64.9735
-64.9735
-64.9735
-64.9735
-64.9735
-64.9735
-64.9735
-64.9735
-64.9735
-64.9735
-64.9735
-64.9735
-64.9735
-64.9735
-64.9735
-64.9736
-64.9736
-64.9736
-64.9736
-64.9736
-64.9736
-64.9736
-64.9736
-64.9736
-64.9736
-64.9736
-64.9736
-64.9736
-64.9736
-64.9736
-64.9736
-64.9736
-64.9736
-64.9736
-64.9736
-64.9736
-64.9736
-64.9737
-64.9737
-64.9737
-64.9737
-64.9737
-64.9737
-64.9737
-64.9737
-64.9737
-64.9737
-64.9737
-64.9737
-64.9737
-64.9737
-64.9737
-64.9737
-64.9737
-64.9737
-64.9737
-64.9737
-64.9737
-64.9737
-64.9737
-64.9737
-64.9738
-64.9738
-64.9738
-64.9738
-64.9738
-64.9738
-64.9738
-64.9738
-64.9738
-64.9738
-64.9738
-64.9738
-64.9738
-64.9738
-64.9738
-64.9738
-64.9738
-64.9738
-64.9738
-64.9738
-64.9738
-64.9738
-64.9738
-64.9738
-64.9738
-64.9738
-64.9738
-64.9739
-64.9739
-64.9739
-64.9739
-64.9739
-64.9739
-64.9739
-64.9739
-64.9739
-64.9739
-64.9739
-64.9739
-64.9739
-64.9739
-64.9739
-64.9739
-64.9739
-64.9739
-64.9739
-64.9739
-64.9739
-64.9739
-64.9739
-64.9739
-64.9739
-64.9739
-64.9739
-64.9739
-64.9739
-64.9739
-64.9739
-64.9739
-64.9739
-64.9739
-64.9739
-64.9739
-64.974
-64.974
-64.974
-64.974
-64.974
-64.974
-64.974
-64.974
-64.974
-64.974
-64.974
-64.974
-64.974
-64.974
-64.974
-64.974
-64.974
-64.974
-64.974
-64.974
-64.974
-64.974
-64.974
-64.974
-64.974
-64.974
-64.974
-64.974
-64.974
-64.974
-64.974
-64.974
-64.974
-64.974
-64.974
-64.974
-64.974
-64.974
-64.974
-64.974
-64.974
-64.974
-64.974
-64.974
-64.974
-64.974
-64.974
-64.974
-64.974
-64.974
-64.974
-64.974
-64.974
-64.974
-64.974
-64.974
-64.974
-64.974
-64.974
-64.974
-64.9741
-64.9741
-64.9741
-64.9741
-64.9741
-64.9741
-64.9741
-64.9741
-64.9741
-64.9741
-64.9741
-64.9741
-64.9741
-64.9741
-64.9741
-64.9741
-64.9741
-64.9741
-64.9741
-64.9741
-64.9741
-64.9741
-64.9741
-64.9741
-64.9741
-64.9741
-64.9741
-64.9741
-64.9741
-64.9741
-64.9741
-64.9741
-64.9741
-64.9741
-64.9741
-64.9741
-64.9741
-64.9741
-64.9741
-64.9741
-64.9741
-64.9741
-64.9741
-64.9741
-64.9741
-64.9741
-64.9741
-64.9741
-64.9741
-64.9741
-64.9741
-64.9741
-64.9741
-64.9741
-64.9741
-64.9741
-64.9741
-64.9741
-64.9741
-64.9741
-64.9741
-64.9741
-64.9741
-64.9741
-64.9741
-64.9741
-64.9741
-64.9741
-64.9741
-64.9741
-64.9741
-64.9741
-64.9741
-64.9741
-64.9741
-64.9741
-64.9741
-64.9741
-64.9741
-64.9741
-64.9741
-64.9741
-64.9741
-64.9741
-64.9741
-64.9741
-64.9741
-64.9741
-64.9741
-64.9741
-64.9741
-64.9741
-64.9741
-64.9741
-64.9741
-64.9741
-64.9741
-64.9741
-64.9741
-64.9741
-64.9741
-64.9741
-64.9741
-64.9741
-64.9741
-64.9741
-64.9741
-64.9741
-64.9741
-64.9741
-64.9741
-64.9741
-64.9741
-64.9741
-64.9741
-64.9741
-64.9741
-64.974
-64.974
-64.974
-64.974
-64.974
-64.974
-64.974
-64.974
-64.974
-64.974
-64.974
-64.974
-64.974
-64.974
-64.974
-64.974
-64.974
-64.974
-64.974
-64.974
-64.974
-64.974
-64.974
-64.974
-64.974
-64.974
-64.974
-64.974
-64.974
-64.974
-64.974
-64.974
-64.974
-64.974
-64.974
-64.974
-64.974
-64.974
-64.974
-64.974
-64.974
-64.974
-64.974
-64.974
-64.974
-64.974
-64.974
-64.974
-64.974
-64.974
-64.974
-64.974
-64.974
-64.974
-64.974
-64.974
-64.974
-64.974
-64.974
-64.974
-64.974
-64.974
-64.974
-64.974
-64.974
-64.974
-64.974
-64.974
-64.974
-64.974
-64.974
-64.974
-64.974
-64.974
-64.974
-64.974
-64.974
-64.974
-64.8393
-64.6172
-64.3305
-63.9939
-63.6175
-63.2094
-62.7758
-62.3217
-61.8512
-61.3676
-60.8737
-60.3716
-59.8631
-59.3498
-58.8328
-58.3132
-57.7917
-57.2689
-56.7454
-56.2213
-55.697
-55.1726
-54.648
-54.123
-53.5976
-53.0712
-52.5436
-52.014
-51.4819
-50.9465
-50.4067
-49.8616
-49.3099
-48.7502
-48.1809
-47.6002
-47.0061
-46.3964
-45.7685
-45.1195
-44.4462
-43.7448
-43.0112
-42.2407
-41.428
-40.5669
-39.6505
-38.6709
-37.6191
-36.4847
-35.2559
-33.9192
-32.4594
-30.8593
-29.0996
-27.1589
-25.0143
-22.6414
-20.0159
-17.1153
-13.9216
-10.4253
-6.63083
-2.56192
1.7324
6.17458
10.6594
15.0605
19.2434
23.0813
26.4719
29.3494
31.6895
33.5067
34.8454
35.7684
36.345
36.6422
36.7192
36.6246
36.3966
36.0642
35.6488
35.166
34.6271
34.0406
33.4125
32.7478
32.0503
31.3229
30.5685
29.7893
28.9873
28.1646
27.3228
26.4636
25.5885
24.6991
23.7967
22.8827
21.9583
21.0247
20.083
19.1344
18.1799
17.2203
16.2568
15.29
14.3208
13.3499
12.3782
11.4061
10.4344
9.46359
8.4942
7.52673
6.56161
5.59925
4.64002
3.68427
2.73228
1.78435
0.840697
-0.0984448
-1.03289
-1.96247
-2.88705
-3.8065
-4.72074
-5.62967
-6.53324
-7.4314
-8.32411
-9.21138
-10.0932
-10.9696
-11.8406
-12.7062
-13.5665
-14.4216
-15.2716
-16.1165
-16.9565
-17.7917
-18.6222
-19.4483
-20.2701
-21.0877
-21.9015
-22.7116
-23.5184
-24.3222
-25.1232
-25.9218
-26.7184
-27.5135
-28.3075
-29.101
-29.8944
-30.6883
-31.4835
-32.2805
-33.0802
-33.8832
-34.6906
-35.503
-36.3215
-37.1471
-37.9807
-38.8234
-39.6764
-40.5407
-41.4175
-42.3078
-43.2128
-44.1334
-45.0705
-46.025
-46.9974
-47.9881
-48.9971
-50.0241
-51.0681
-52.1278
-53.2011
-54.2852
-55.3765
-56.4704
-57.5618
-58.6443
-59.7112
-60.7551
-61.7685
-62.7436
-63.6733
-64.5513
-65.3722
-66.1321
-66.8284
-67.4603
-68.0285
-68.5348
-68.9824
-69.3751
-69.7174
-70.0142
-70.2701
-70.49
-70.6784
-70.8393
-70.9766
-71.0936
-71.1933
-71.2784
-71.3511
-71.4132
-71.4665
-71.5124
-71.552
-71.5864
-71.6163
-71.6425
-71.6656
-71.6861
-71.7043
-71.7207
-71.7354
-71.7489
-71.7612
-71.7726
-71.7831
-71.7929
-71.8022
-71.8109
-71.8192
-71.8271
-71.8346
-71.8419
-71.8489
-71.8557
-71.8623
-71.8688
-71.8751
-71.8812
-71.8872
-71.8931
-71.8989
-71.9045
-71.9101
-71.9156
-71.921
-71.9263
-71.9316
-71.9368
-71.9419
-71.9469
-71.9518
-71.9567
-71.9615
-71.9663
-71.9709
-71.9755
-71.9801
-71.9846
-71.9889
-71.9933
-71.9975
-72.0017
-72.0058
-72.0099
-72.0139
-72.0178
-72.0216
-72.0253
-72.029
-72.0326
-72.0361
-72.0396
-72.043
-72.0463
-72.0495
-72.0526
-72.0557
-72.0587
-72.0615
-72.0644
-72.0671
-72.0698
-72.0723
-72.0748
-72.0772
-72.0795
-72.0818
-72.0839
-72.086
-72.0879
-72.0898
-72.0916
-72.0933
-72.0949
-72.0965
-72.0979
-72.0992
-72.1005
-72.1017
-72.1028
-72.1037
-72.1046
-72.1054
-72.1061
-72.1068
-72.1073
-72.1077
-72.108
-72.1083
-72.1084
-72.1085
-72.1084
-72.1083
-72.1081
-72.1077
-72.1073
-72.1068
-72.1062
-72.1055
-72.1047
-72.1037
-72.1027
-72.1016
-72.1005
-72.0992
-72.0978
-72.0963
-72.0947
-72.093
-72.0912
-72.0894
-72.0874
-72.0853
-72.0832
-72.0809
-72.0785
-72.0761
-72.0735
-72.0709
-72.0681
-72.0653
-72.0623
-72.0593
-72.0562
-72.0529
-72.0496
-72.0462
-72.0426
-72.039
-72.0353
-72.0315
-72.0276
-72.0236
-72.0195
-72.0153
-72.011
-72.0066
-72.0021
-71.9975
-71.9929
-71.9881
-71.9832
-71.9783
-71.9732
-71.9681
-71.9629
-71.9575
-71.9521
-71.9466
-71.941
-71.9353
-71.9295
-71.9236
-71.9176
-71.9115
-71.9054
-71.8991
-71.8928
-71.8864
-71.8798
-71.8732
-71.8665
-71.8597
-71.8529
-71.8459
-71.8388
-71.8317
-71.8245
-71.8171
-71.8097
-71.8023
-71.7947
-71.787
-71.7793
-71.7714
-71.7635
-71.7555
-71.7474
-71.7393
-71.731
-71.7227
-71.7142
-71.7057
-71.6972
-71.6885
-71.6798
-71.6709
-71.662
-71.653
-71.644
-71.6348
-71.6256
-71.6163
-71.6069
-71.5975
-71.5879
-71.5783
-71.5686
-71.5589
-71.549
-71.5391
-71.5291
-71.5191
-71.5089
-71.4987
-71.4885
-71.4781
-71.4677
-71.4572
-71.4466
-71.436
-71.4253
-71.4145
-71.4036
-71.3927
-71.3818
-71.3707
-71.3596
-71.3484
-71.3371
-71.3258
-71.3144
-71.303
-71.2915
-71.2799
-71.2683
-71.2566
-71.2448
-71.233
-71.2211
-71.2091
-71.1971
-71.185
-71.1729
-71.1607
-71.1484
-71.1361
-71.1238
-71.1113
-71.0989
-71.0863
-71.0737
-71.0611
-71.0484
-71.0356
-71.0228
-71.0099
-70.997
-70.984
-70.971
-70.9579
-70.9448
-70.9316
-70.9184
-70.9051
-70.8917
-70.8784
-70.8649
-70.8515
-70.8379
-70.8244
-70.8107
-70.7971
-70.7834
-70.7696
-70.7558
-70.742
-70.7281
-70.7141
-70.7002
-70.6862
-70.6721
-70.658
-70.6439
-70.6297
-70.6155
-70.6012
-70.5869
-70.5726
-70.5582
-70.5438
-70.5293
-70.5148
-70.5003
-70.4858
-70.4712
-70.4566
-70.4419
-70.4272
-70.4125
-70.3977
-70.3829
-70.3681
-70.3532
-70.3383
-70.3234
-70.3085
-70.2935
-70.2785
-70.2635
-70.2484
-70.2333
-70.2182
-70.203
-70.1879
-70.1727
-70.1574
-70.1422
-70.1269
-70.1116
-70.0963
-70.081
-70.0656
-70.0502
-70.0348
-70.0194
-70.0039
-69.9884
-69.9729
-69.9574
-69.9419
-69.9263
-69.9108
-69.8952
-69.8796
-69.8639
-69.8483
-69.8326
-69.817
-69.8013
-69.7856
-69.7698
-69.7541
-69.7384
-69.7226
-69.7068
-69.691
-69.6752
-69.6594
-69.6436
-69.6278
-69.6119
-69.5961
-69.5802
-69.5643
-69.5484
-69.5325
-69.5166
-69.5007
-69.4848
-69.4689
-69.453
-69.437
-69.4211
-69.4051
-69.3892
-69.3732
-69.3572
-69.3413
-69.3253
-69.3093
-69.2933
-69.2774
-69.2614
-69.2454
-69.2294
-69.0705
-68.8192
-68.5004
-68.1295
-67.7177
-67.2736
-66.8039
-66.3141
-65.8086
-65.291
-64.7642
-64.2308
-63.6927
-63.1516
-62.609
-62.0661
-61.5239
-60.9831
-60.4446
-59.9089
-59.3765
-58.8478
-58.3231
-57.8026
-57.2865
-56.7749
-56.2678
-55.7652
-55.2669
-54.7729
-54.2828
-53.7965
-53.3135
-52.8335
-52.3559
-51.8802
-51.4059
-50.9321
-50.4581
-49.9832
-49.5062
-49.0262
-48.542
-48.0524
-47.556
-47.0512
-46.5364
-46.0097
-45.4691
-44.9124
-44.337
-43.7402
-43.1189
-42.4698
-41.7891
-41.0723
-40.3149
-39.5114
-38.6557
-37.741
-36.7597
-35.703
-34.5613
-33.3235
-31.9775
-30.5095
-28.9047
-27.1467
-25.2182
-23.1012
-20.7779
-18.2318
-15.4496
-12.4232
-9.15316
-5.65218
-1.94849
1.91121
5.86065
9.81576
13.6798
17.3515
20.7356
23.7527
26.3478
28.4948
30.1956
31.4762
32.3794
32.9567
33.2613
33.343
33.2453
33.0042
32.6484
32.2003
31.6768
31.0911
30.453
29.77
29.0482
28.2922
27.5061
26.6932
25.8563
24.9979
24.1202
23.2254
22.3153
21.3916
20.456
19.51
18.5549
17.5922
16.6229
15.6483
14.6695
13.6874
12.7029
11.717
10.7304
9.74388
8.75808
7.77364
6.79115
5.81112
4.83403
3.86031
2.89036
1.92452
0.963115
0.00641347
-0.945335
-1.89192
-2.83315
-3.76887
-4.69894
-5.62326
-6.54174
-7.45431
-8.36092
-9.26155
-10.1562
-11.0448
-11.9275
-12.8043
-13.6751
-14.5402
-15.3995
-16.2532
-17.1013
-17.9441
-18.7816
-19.614
-20.4416
-21.2644
-22.0827
-22.8967
-23.7068
-24.5131
-25.3161
-26.1161
-26.9134
-27.7085
-28.5018
-29.2938
-30.085
-30.876
-31.6674
-32.4598
-33.254
-34.0506
-34.8505
-35.6545
-36.4634
-37.2783
-38.0999
-38.9294
-39.7677
-40.6159
-41.4749
-42.3459
-43.2299
-44.1277
-45.0403
-45.9684
-46.9126
-47.8735
-48.851
-49.8451
-50.8552
-51.8802
-52.9187
-53.9684
-55.0264
-56.0892
-57.1524
-58.2107
-59.2585
-60.2892
-61.296
-62.272
-63.2102
-64.1042
-64.9481
-65.7374
-66.4684
-67.139
-67.7486
-68.2978
-68.7884
-69.2233
-69.606
-69.9409
-70.2321
-70.4843
-70.7017
-70.8887
-71.0491
-71.1865
-71.304
-71.4045
-71.4906
-71.5643
-71.6275
-71.6819
-71.7287
-71.7693
-71.8045
-71.8352
-71.862
-71.8857
-71.9066
-71.9252
-71.9419
-71.8239
-71.6297
-71.3872
-71.113
-70.8178
-70.5094
-70.1931
-69.8729
-69.5517
-69.2316
-68.9143
-68.6009
-68.2924
-67.9894
-67.6923
-67.4014
-67.1171
-66.8394
-66.5684
-66.3042
-66.0468
-65.7961
-65.552
-65.3145
-65.0836
-64.859
-64.6407
-64.4285
-64.2224
-64.0222
-63.8278
-63.639
-63.4557
-63.2778
-63.1052
-62.9378
-62.7754
-62.6178
-62.465
-62.3169
-62.1733
-62.0342
-61.8994
-61.7688
-61.6423
-61.5198
-61.4012
-61.2864
-61.1753
-61.0679
-60.964
-60.8636
-60.7665
-60.6727
-60.5821
-60.4946
-60.4102
-60.3287
-60.2502
-60.1745
-60.1015
-60.0313
-59.9637
-59.8987
-59.8362
-59.7762
-59.7186
-59.6633
-59.6103
-59.5596
-59.5111
-59.4647
-59.4204
-59.3781
-59.3378
-59.2995
-59.2632
-59.2286
-59.196
-59.1651
-59.1359
-59.1085
-59.0827
-59.0586
-59.0361
-59.0151
-58.9957
-58.9778
-58.9614
-58.9464
-58.9328
-58.9206
-58.9097
-58.9002
-58.892
-58.885
-58.8792
-58.8747
-58.8713
-58.8691
-58.8681
-58.8681
-58.8693
-58.8715
-58.8747
-58.879
-58.8843
-58.8905
-58.8977
-58.9058
-58.9149
-58.9248
-58.9356
-58.9473
-58.9598
-58.9732
-58.9873
-59.0022
-59.0179
-59.0343
-59.0515
-59.0694
-59.088
-59.1072
-59.1271
-59.1477
-59.1689
-59.1908
-59.2132
-59.2362
-59.2598
-59.284
-59.3087
-59.334
-59.3598
-59.3861
-59.4129
-59.4401
-59.4679
-59.4961
-59.5247
-59.5538
-59.5833
-59.6133
-59.6436
-59.6743
-59.7054
-59.7368
-59.7687
-59.8008
-59.8333
-59.8661
-59.8993
-59.9327
-59.9664
-60.0005
-60.0348
-60.0693
-60.1042
-60.1392
-60.1746
-60.2101
-60.2459
-60.2819
-60.318
-60.3544
-60.391
-60.4278
-60.4647
-60.5018
-60.5391
-60.5765
-60.6141
-60.6518
-60.6896
-60.7276
-60.7656
-60.8038
-60.8421
-60.8805
-60.919
-60.9576
-60.9962
-61.0349
-61.0737
-61.1126
-61.1515
-61.1904
-61.2294
-61.2685
-61.3075
-61.3466
-61.3858
-61.4249
-61.4641
-61.5032
-61.5424
-61.5816
-61.6208
-61.6599
-61.6991
-61.7382
-61.7773
-61.8164
-61.8555
-61.8945
-61.9335
-61.9724
-62.0113
-62.0502
-62.089
-62.1277
-62.1664
-62.205
-62.2436
-62.2821
-62.3205
-62.3589
-62.3971
-62.4353
-62.4734
-62.5114
-62.5494
-62.5872
-62.6249
-62.6626
-62.7001
-62.7376
-62.7749
-62.8121
-62.8493
-62.8863
-62.9232
-62.96
-62.9966
-63.0332
-63.0696
-63.1059
-63.1421
-63.1781
-63.214
-63.2498
-63.2855
-63.321
-63.3564
-63.3916
-63.4268
-63.4617
-63.4965
-63.5312
-63.5658
-63.6002
-63.6344
-63.6685
-63.7025
-63.7363
-63.7699
-63.8034
-63.8367
-63.8699
-63.903
-63.9358
-63.9685
-64.0011
-64.0335
-64.0657
-64.0978
-64.1297
-64.1615
-64.193
-64.2244
-64.2557
-64.2868
-64.3177
-64.3485
-64.379
-64.4095
-64.4397
-64.4698
-64.4997
-64.5294
-64.559
-64.5884
-64.6176
-64.6466
-64.6755
-64.7042
-64.7328
-64.7611
-64.7893
-64.8173
-64.8451
-64.8728
-64.9003
-64.9276
-64.9547
-64.9817
-65.0085
-65.0351
-65.0615
-65.0878
-65.1139
-65.1398
-65.1655
-65.1911
-65.2164
-65.2416
-65.2667
-65.2915
-65.3162
-65.3407
-65.365
-65.3892
-65.4131
-65.4369
-65.4606
-65.484
-65.5073
-65.5304
-65.5533
-65.5761
-65.5986
-65.621
-65.6433
-65.6653
-65.6872
-65.7089
-65.7304
-65.7518
-65.773
-65.794
-65.8148
-65.8355
-65.856
-65.8764
-65.8965
-65.9165
-65.9363
-65.956
-65.9755
-65.9948
-66.0139
-66.0329
-66.0517
-66.0704
-66.0889
-66.1072
-66.1253
-66.1433
-66.1611
-66.1788
-66.1962
-66.2136
-66.2307
-66.2477
-66.2646
-66.2812
-66.2977
-66.3141
-66.3303
-66.3463
-66.3622
-66.3779
-66.3934
-66.4088
-66.4241
-66.4391
-66.4541
-66.4688
-66.4834
-66.4979
-66.5122
-66.5263
-66.5403
-66.5542
-66.5679
-66.5814
-66.5948
-66.608
-66.6211
-66.634
-66.6468
-66.6595
-66.6719
-66.6843
-66.6965
-66.7085
-66.7204
-66.7322
-66.7438
-66.7553
-66.7666
-66.7778
-66.7888
-66.7997
-66.8105
-66.8211
-66.8316
-66.8419
-66.8521
-66.8622
-66.8721
-66.8819
-66.8915
-66.9011
-66.9104
-66.9197
-66.9288
-66.9378
-66.9466
-66.9554
-66.9639
-66.9724
-66.9807
-66.9889
-66.997
-67.0049
-67.0127
-67.0204
-67.028
-67.0354
-67.0427
-67.0499
-67.057
-67.0639
-67.0707
-67.0774
-67.084
-67.0904
-67.0968
-67.103
-67.1091
-67.1151
-67.1209
-67.1267
-67.1323
-67.1378
-67.1432
-67.1485
-67.1536
-67.1587
-67.1636
-67.1685
-67.1732
-67.1778
-67.1823
-67.1867
-67.191
-67.1951
-67.1992
-67.2031
-67.207
-67.2107
-67.2144
-67.2179
-67.2214
-67.2247
-67.2279
-67.231
-67.2341
-67.237
-67.2398
-67.2425
-67.2452
-67.2477
-67.2501
-67.2525
-67.2547
-67.2568
-67.2589
-67.2608
-67.2627
-67.2645
-67.2661
-67.2677
-67.2692
-67.2706
-67.2719
-67.2731
-67.2743
-67.2753
-67.2763
-67.2771
-67.2779
-67.2786
-67.2792
-67.2797
-67.2802
-67.2805
-67.2808
-67.281
-67.2811
-67.2811
-67.2811
-67.2809
-67.2807
-67.2804
-67.2801
-67.2796
-67.2791
-67.2785
-67.2778
-67.2771
-67.2762
-67.2753
-67.2743
-67.2733
-67.2722
-67.271
-67.2697
-67.2684
-67.2669
-67.2655
-67.2639
-67.2623
-67.2606
-67.2589
-67.257
-67.2551
-67.2532
-67.2512
-67.2491
-67.2469
-67.2447
-67.2424
-67.2401
-67.2377
-67.2352
-67.2327
-67.2301
-67.2274
-67.2247
-67.2219
-67.2191
-67.2162
-67.2133
-67.2103
-67.2072
-67.2041
-67.2009
-67.1977
-67.1944
-67.1911
-67.1877
-67.1842
-67.1807
-67.1772
-67.1736
-67.1699
-67.1662
-67.1624
-67.1586
-67.1548
-67.1509
-67.1469
-67.1429
-67.1389
-67.1348
-67.1306
-67.1264
-67.1222
-67.1179
-67.1136
-67.1092
-67.1048
-67.1003
-67.0958
-67.0913
-67.0867
-67.0821
-67.0774
-67.0727
-67.0679
-67.0632
-67.0583
-67.0535
-67.0486
-67.0436
-67.0386
-67.0336
-67.0286
-67.0235
-67.0183
-67.0132
-67.008
-67.0027
-66.9975
-66.9922
-66.9868
-66.9815
-66.9761
-66.9706
-66.9652
-66.9597
-66.9542
-66.9486
-66.943
-66.9374
-66.9318
-66.9261
-66.9204
-66.9147
-66.9089
-66.9031
-66.8973
-66.8915
-66.8856
-66.8797
-66.8738
-66.8679
-66.8619
-66.8559
-66.8499
-66.8438
-66.8378
-66.8317
-66.8256
-66.8194
-66.8133
-66.8071
-66.8009
-66.7947
-66.7884
-66.7822
-66.7759
-66.7696
-66.7633
-66.7569
-66.7506
-66.7442
-66.7378
-66.7314
-66.7249
-66.7185
-66.712
-66.7056
-66.6991
-66.6925
-66.686
-66.6795
-66.6729
-66.6663
-66.6598
-66.6532
-66.6465
-66.6399
-66.6333
-66.6266
-66.62
-66.6133
-66.6066
-66.5999
-66.5932
-66.5865
-66.5798
-66.573
-66.5663
-66.5595
-66.5528
-66.546
-66.5392
-66.5324
-66.5256
-66.5188
-66.512
-66.5052
-66.4984
-66.4915
-66.4847
-66.4778
-66.471
-66.4641
-66.4573
-66.4504
-66.4436
-66.4367
-66.4298
-66.4229
-66.416
-66.4091
-66.4023
-66.3954
-66.3885
-66.3816
-66.3747
-66.3677
-66.3608
-66.3539
-66.347
-66.3401
-66.3332
-66.3263
-66.3194
-66.3124
-66.3055
-66.2986
-66.2917
-66.2848
-66.2779
-66.2709
-66.264
-66.2571
-66.2502
-66.2433
-66.2364
-66.2295
-66.2226
-66.2157
-66.2088
-66.2019
-66.195
-66.1881
-66.1812
-66.1744
-66.1675
-66.1606
-66.1538
-66.1469
-66.1401
-66.1332
-66.1264
-66.1196
-66.1127
-66.1059
-66.0991
-66.0923
-66.0855
-66.0787
-66.0719
-66.0651
-66.0584
-66.0516
-66.0449
-66.0381
-66.0314
-66.0247
-66.0179
-66.0112
-66.0045
-65.9979
-65.9912
-65.9845
-65.9779
-65.9712
-65.9646
-65.9579
-65.9513
-65.9447
-65.9381
-65.9315
-65.925
-65.9184
-65.9119
-65.9053
-65.8988
-65.8923
-65.8858
-65.8793
-65.8728
-65.8663
-65.8598
-65.8534
-65.847
-65.8405
-65.8341
-65.8277
-65.8213
-65.815
-65.8086
-65.8023
-65.7959
-65.7896
-65.7833
-65.777
-65.7708
-65.7645
-65.7583
-65.752
-65.7458
-65.7396
-65.7334
-65.7272
-65.7211
-65.715
-65.7088
-65.7027
-65.6966
-65.6906
-65.6845
-65.6785
-65.6724
-65.6664
-65.6604
-65.6544
-65.6485
-65.6425
-65.6366
-65.6307
-65.6248
-65.619
-65.6131
-65.6073
-65.6015
-65.5957
-65.5899
-65.5841
-65.5784
-65.5726
-65.5669
-65.5613
-65.5556
-65.5499
-65.5443
-65.5387
-65.5331
-65.5275
-65.522
-65.5165
-65.5109
-65.5055
-65.5
-65.4945
-65.4891
-65.4837
-65.4783
-65.4729
-65.4676
-65.4623
-65.4569
-65.4517
-65.4464
-65.4411
-65.4359
-65.4307
-65.4255
-65.4203
-65.4152
-65.4101
-65.4049
-65.3999
-65.3948
-65.3897
-65.3847
-65.3797
-65.3747
-65.3698
-65.3648
-65.3599
-65.355
-65.3501
-65.3453
-65.3404
-65.3356
-65.3308
-65.326
-65.3213
-65.3166
-65.3118
-65.3072
-65.3025
-65.2978
-65.2932
-65.2886
-65.2841
-65.2795
-65.275
-65.2705
-65.266
-65.2615
-65.2571
-65.2526
-65.2482
-65.2439
-65.2395
-65.2352
-65.2309
-65.2266
-65.2223
-65.2181
-65.2139
-65.2097
-65.2055
-65.2014
-65.1973
-65.1932
-65.1891
-65.185
-65.181
-65.177
-65.173
-65.1691
-65.1651
-65.1612
-65.1573
-65.1535
-65.1496
-65.1458
-65.142
-65.1382
-65.1345
-65.1308
-65.1271
-65.1234
-65.1197
-65.1161
-65.1125
-65.1089
-65.1054
-65.1018
-65.0983
-65.0948
-65.0914
-65.088
-65.0845
-65.0811
-65.0778
-65.0744
-65.0711
-65.0678
-65.0646
-65.0613
-65.0581
-65.0549
-65.0517
-65.0486
-65.0455
-65.0424
-65.0393
-65.0362
-65.0332
-65.0302
-65.0272
-65.0242
-65.0213
-65.0184
-65.0155
-65.0127
-65.0098
-65.007
-65.0042
-65.0014
-64.9987
-64.996
-64.9933
-64.9906
-64.988
-64.9853
-64.9827
-64.9801
-64.9776
-64.975
-64.9725
-64.97
-64.9676
-64.9651
-64.9627
-64.9603
-64.9579
-64.9556
-64.9532
-64.9509
-64.9486
-64.9464
-64.9441
-64.9419
-64.9397
-64.9375
-64.9353
-64.9332
-64.9311
-64.929
-64.9269
-64.9249
-64.9229
-64.9209
-64.9189
-64.9169
-64.915
-64.9131
-64.9112
-64.9093
-64.9074
-64.9056
-64.9038
-64.902
-64.9002
-64.8985
-64.8968
-64.8951
-64.8934
-64.8917
-64.8901
-64.8885
-64.7524
-64.529
-64.2413
-63.9036
-63.5263
-63.1174
-62.6831
-62.2284
-61.7573
-61.2733
-60.7789
-60.2764
-59.7676
-59.254
-58.7369
-58.2171
-57.6954
-57.1725
-56.6489
-56.1249
-55.6006
-55.0763
-54.5518
-54.0271
-53.5019
-52.9759
-52.4486
-51.9196
-51.3882
-50.8535
-50.3146
-49.7706
-49.2201
-48.6619
-48.0943
-47.5157
-46.924
-46.317
-45.6923
-45.047
-44.3779
-43.6815
-42.9537
-42.19
-41.3851
-40.5331
-39.6274
-38.6602
-37.6229
-36.5054
-35.2965
-33.9832
-32.5508
-30.9828
-29.2607
-27.364
-25.2704
-22.9567
-20.3989
-17.5749
-14.4662
-11.0619
-7.36314
-3.38922
0.817428
5.18702
9.62212
14.0026
18.1966
22.0758
25.5319
28.4905
30.9178
32.8198
34.2351
35.2229
35.8514
36.1882
36.2937
36.2185
36.0027
35.6766
35.2632
34.7789
34.2361
33.6436
33.0081
32.3349
31.6278
30.8904
30.1253
29.335
28.5217
27.6874
26.834
25.9632
25.0765
24.1755
23.2617
22.3364
21.401
20.4566
19.5044
18.5455
17.5811
16.612
15.6392
14.6636
13.686
12.7071
11.7277
10.7484
9.76991
8.79268
7.81729
6.84422
5.8739
4.90674
3.94311
2.98332
2.02769
1.07647
0.129904
-0.81181
-1.74849
-2.67997
-3.60613
-4.52685
-5.44204
-6.35164
-7.25559
-8.15386
-9.04643
-9.9333
-10.8145
-11.69
-12.5599
-13.4242
-14.283
-15.1364
-15.9845
-16.8274
-17.6651
-18.498
-19.3261
-20.1495
-20.9686
-21.7835
-22.5944
-23.4016
-24.2055
-25.0063
-25.8043
-26.6
-27.3937
-28.186
-28.9772
-29.768
-30.5588
-31.3504
-32.1433
-32.9383
-33.7361
-34.5376
-35.3435
-36.1547
-36.9723
-37.7972
-38.6304
-39.473
-40.326
-41.1905
-42.0676
-42.9584
-43.8638
-44.7848
-45.7221
-46.6765
-47.6484
-48.6378
-49.6447
-50.6685
-51.7079
-52.7614
-53.8265
-54.9001
-55.9783
-57.0564
-58.1289
-59.1893
-60.2309
-61.2464
-62.2285
-63.1699
-64.0641
-64.9053
-65.6888
-66.4115
-67.0716
-67.6689
-68.2045
-68.6808
-69.101
-69.4693
-69.79
-70.0679
-70.3075
-70.5134
-70.6899
-70.8408
-70.9697
-71.0798
-71.1738
-71.2541
-71.3228
-71.3818
-71.4325
-71.4762
-71.5141
-71.547
-71.5758
-71.6011
-71.6235
-71.6434
-71.6612
-71.6772
-71.6917
-71.705
-71.7172
-71.7284
-71.7389
-71.7487
-71.758
-71.7667
-71.775
-71.783
-71.7906
-71.798
-71.8051
-71.812
-71.8187
-71.8252
-71.8316
-71.8378
-71.8439
-71.8499
-71.8558
-71.8616
-71.8673
-71.8729
-71.8784
-71.8839
-71.8892
-71.8945
-71.8997
-71.9048
-71.9099
-71.9149
-71.9198
-71.9246
-71.9294
-71.9341
-71.9388
-71.9433
-71.9478
-71.9523
-71.9566
-71.9609
-71.9651
-71.9693
-71.9733
-71.9773
-71.9812
-71.9851
-71.9889
-71.9926
-71.9962
-71.9997
-72.0032
-72.0066
-72.0099
-72.0131
-72.0162
-72.0193
-72.0223
-72.0252
-72.028
-72.0307
-72.0334
-72.036
-72.0384
-72.0408
-72.0431
-72.0454
-72.0475
-72.0495
-72.0515
-72.0534
-72.0552
-72.0569
-72.0585
-72.06
-72.0614
-72.0627
-72.064
-72.0651
-72.0662
-72.0671
-72.068
-72.0688
-72.0695
-72.07
-72.0705
-72.0709
-72.0712
-72.0715
-72.0716
-72.0716
-72.0715
-72.0714
-72.0711
-72.0707
-72.0703
-72.0697
-72.0691
-72.0683
-72.0675
-72.0665
-72.0655
-72.0643
-72.0631
-72.0618
-72.0604
-72.0588
-72.0572
-72.0555
-72.0537
-72.0517
-72.0497
-72.0476
-72.0454
-72.0431
-72.0407
-72.0382
-72.0356
-72.0329
-72.0301
-72.0272
-72.0242
-72.0211
-72.018
-72.0147
-72.0113
-72.0078
-72.0043
-72.0006
-71.9968
-71.993
-71.989
-71.985
-71.9808
-71.9766
-71.9722
-71.9678
-71.9633
-71.9586
-71.9539
-71.9491
-71.9442
-71.9392
-71.9341
-71.9289
-71.9236
-71.9182
-71.9128
-71.9072
-71.9016
-71.8958
-71.89
-71.884
-71.878
-71.8719
-71.8657
-71.8594
-71.853
-71.8465
-71.84
-71.8333
-71.8266
-71.8197
-71.8128
-71.8058
-71.7987
-71.7915
-71.7843
-71.7769
-71.7695
-71.7619
-71.7543
-71.7466
-71.7388
-71.7309
-71.723
-71.7149
-71.7068
-71.6986
-71.6903
-71.682
-71.6735
-71.665
-71.6563
-71.6476
-71.6389
-71.63
-71.6211
-71.612
-71.6029
-71.5938
-71.5845
-71.5752
-71.5658
-71.5563
-71.5467
-71.5371
-71.5274
-71.5176
-71.5077
-71.4978
-71.4877
-71.4777
-71.4675
-71.4573
-71.447
-71.4366
-71.4261
-71.4156
-71.405
-71.3944
-71.3836
-71.3728
-71.362
-71.351
-71.34
-71.329
-71.3178
-71.3066
-71.2953
-71.284
-71.2726
-71.2611
-71.2496
-71.238
-71.2264
-71.2146
-71.2029
-71.191
-71.1791
-71.1672
-71.1551
-71.143
-71.1309
-71.1187
-71.1064
-71.0941
-71.0817
-71.0693
-71.0568
-71.0443
-71.0317
-71.019
-71.0063
-70.9935
-70.9807
-70.9679
-70.9549
-70.942
-70.9289
-70.9158
-70.9027
-70.8895
-70.8763
-70.863
-70.8497
-70.8363
-70.8229
-70.8094
-70.7959
-70.7823
-70.7687
-70.7551
-70.7414
-70.7276
-70.7138
-70.7
-70.6861
-70.6722
-70.6583
-70.6442
-70.6302
-70.6161
-70.602
-70.5878
-70.5736
-70.5594
-70.5451
-70.5308
-70.5164
-70.502
-70.4876
-70.4731
-70.4586
-70.4441
-70.4295
-70.4149
-70.4003
-70.3856
-70.3709
-70.3562
-70.3414
-70.3266
-70.3118
-70.2969
-70.282
-70.2671
-70.2522
-70.2372
-70.2222
-70.2072
-70.1921
-70.177
-70.1619
-70.1468
-70.1316
-70.1164
-70.1012
-70.086
-70.0707
-70.0554
-70.0401
-70.0248
-70.0094
-69.9941
-69.9787
-69.9632
-69.9478
-69.9324
-69.9169
-69.9014
-69.8859
-69.8704
-69.8548
-69.8392
-69.8237
-69.8081
-69.7925
-69.7768
-69.7612
-69.7455
-69.7299
-69.7142
-69.6985
-69.6828
-69.667
-69.6513
-69.6355
-69.6198
-69.604
-69.5882
-69.5724
-69.5566
-69.5408
-69.525
-69.5092
-69.4933
-69.4775
-69.4616
-69.4458
-69.4299
-69.414
-69.3981
-69.3823
-69.3664
-69.3505
-69.3346
-69.3187
-69.3028
-69.2868
-69.2709
-69.255
-69.2391
-69.2232
-69.2072
-69.1913
-69.1754
-69.1595
-69.1435
-69.1276
-69.1117
-69.0957
-69.0798
-69.0639
-69.048
-69.032
-69.0161
-69.0002
-68.9843
-68.9684
-68.9525
-68.9366
-68.9207
-68.9048
-68.8889
-68.873
-68.8571
-68.8413
-68.8254
-68.8095
-68.7937
-68.7778
-68.762
-68.7462
-68.7303
-68.7145
-68.6987
-68.6829
-68.6671
-68.6513
-68.6356
-68.6198
-68.604
-68.5883
-68.5726
-68.5569
-68.5411
-68.5254
-68.5098
-68.4941
-68.4784
-68.4628
-68.4472
-68.4315
-68.4159
-68.4003
-68.3848
-68.3692
-68.3536
-68.3381
-68.3226
-68.3071
-68.2916
-68.2761
-68.2606
-68.2452
-68.2298
-68.2144
-68.199
-68.1836
-68.1682
-68.1529
-68.1376
-68.1222
-68.107
-68.0917
-68.0764
-68.0612
-68.046
-68.0308
-68.0156
-68.0005
-67.9853
-67.9702
-67.9551
-67.94
-67.925
-67.9099
-67.8949
-67.8799
-67.865
-67.85
-67.8351
-67.8202
-67.8053
-67.7905
-67.7756
-67.7608
-67.746
-67.7313
-67.5763
-67.3305
-67.018
-66.6539
-66.2491
-65.8119
-65.3489
-64.8655
-64.3659
-63.8537
-63.3318
-62.8025
-62.2678
-61.7295
-61.1887
-60.6467
-60.1045
-59.5627
-59.022
-58.483
-57.9461
-57.4115
-56.8795
-56.3501
-55.8235
-55.2996
-54.7783
-54.2593
-53.7423
-53.2271
-52.7132
-52.1999
-51.6868
-51.173
-50.6578
-50.1401
-49.619
-49.0932
-48.5615
-48.0222
-47.4739
-46.9145
-46.3422
-45.7546
-45.1491
-44.523
-43.873
-43.1955
-42.4866
-41.7417
-40.9558
-40.123
-39.2369
-38.29
-37.2738
-36.1789
-34.9944
-33.7079
-32.3057
-30.7721
-29.0899
-27.2399
-25.2017
-22.9538
-20.4745
-17.7437
-14.7449
-11.4682
-7.91474
-4.10134
-0.0652414
4.1324
8.40579
12.6482
16.7406
20.5639
24.0134
27.0112
29.5141
31.515
33.0388
34.1329
34.8576
35.2758
35.4467
35.4217
35.2427
34.9426
34.5465
34.0729
33.5358
32.9453
32.3091
31.6331
30.922
30.1793
29.4084
28.6118
27.792
26.951
26.0908
25.2133
24.3201
23.4127
22.4928
21.5617
20.6207
19.671
18.714
17.7506
16.7819
15.809
14.8328
13.8541
12.8737
11.8924
10.9109
9.92988
8.9499
7.97154
6.99531
6.02167
5.05105
4.08384
3.12039
2.16101
1.206
0.255591
-0.689982
-1.63053
-2.56588
-3.49589
-4.42044
-5.33943
-6.25279
-7.14944
-8.03273
-8.90402
-9.76406
-10.6134
-11.4523
-12.2811
-13.1001
-13.9096
-14.7098
-15.501
-16.2834
-17.0573
-17.8229
-18.5805
-19.3303
-20.0727
-20.8078
-21.536
-22.2575
-22.9727
-23.6818
-24.3851
-25.0831
-25.7761
-26.4643
-27.1483
-27.8284
-28.505
-29.1786
-29.8496
-30.5185
-31.1859
-31.8523
-32.5182
-33.1842
-33.851
-34.5191
-35.1892
-35.8621
-36.5383
-37.2187
-37.9038
-38.5945
-39.2914
-39.9953
-40.7067
-41.4264
-42.1548
-42.8924
-43.6396
-44.3965
-45.1631
-45.9391
-46.7241
-47.5172
-48.3171
-49.1223
-49.9306
-50.7396
-51.5461
-52.3467
-53.1375
-53.9143
-54.6726
-55.4079
-56.116
-56.7926
-57.4342
-58.0376
-58.6006
-59.1216
-59.6
-60.0358
-60.4298
-60.7835
-61.0989
-61.3784
-61.6247
-61.8404
-62.0286
-62.192
-62.3333
-62.455
-62.5597
-62.6494
-62.7262
-62.7918
-62.8477
-62.8955
-62.9363
-62.9712
-63.001
-63.0267
-63.0488
-63.068
-63.0848
-63.0996
-63.1128
-63.1246
-63.1355
-63.1455
-63.155
-63.1639
-63.1726
-63.1811
-63.1895
-63.1978
-63.2063
-63.2148
-63.2236
-63.2325
-63.2417
-63.2511
-63.2608
-63.2709
-63.2813
-63.292
-63.303
-63.3144
-63.3262
-63.3383
-63.3507
-63.3635
-63.3767
-63.3902
-63.4041
-63.4183
-63.4329
-63.4478
-63.463
-63.4786
-63.4945
-63.5106
-63.5271
-63.5439
-63.561
-63.5784
-63.5961
-63.614
-63.6322
-63.6507
-63.6695
-63.6884
-63.7077
-63.7271
-63.7468
-63.7667
-63.7869
-63.8072
-63.8278
-63.8485
-63.8694
-63.8906
-63.9119
-63.9334
-63.955
-63.9769
-63.9988
-64.021
-64.0432
-64.0657
-64.0882
-64.1109
-64.1337
-64.1567
-64.1797
-64.2029
-64.2262
-64.2495
-64.273
-64.2966
-64.3202
-64.3439
-64.3678
-64.3916
-64.4156
-64.4396
-64.4637
-64.4879
-64.5121
-64.5363
-64.5606
-64.585
-64.6093
-64.6338
-64.6582
-64.6827
-64.7072
-64.7317
-64.7563
-64.7808
-64.8054
-64.83
-64.8546
-64.8791
-64.9037
-64.9283
-64.9529
-64.9775
-65.002
-65.0266
-65.0511
-65.0756
-65.1001
-65.1246
-65.149
-65.1734
-65.1978
-65.2221
-65.2464
-65.2707
-65.2949
-65.3191
-65.3433
-65.3673
-65.3914
-65.4154
-65.4393
-65.4632
-65.487
-65.5108
-65.5345
-65.5582
-65.5818
-65.6053
-65.6287
-65.6521
-65.6754
-65.6987
-65.7218
-65.7449
-65.7679
-65.7909
-65.8137
-65.8365
-65.8592
-65.8818
-65.9044
-65.9268
-65.9492
-65.9714
-65.9936
-66.0157
-66.0377
-66.0596
-66.0815
-66.1032
-66.1248
-66.1463
-66.1678
-66.1891
-66.2103
-66.2315
-66.2525
-66.2734
-66.2943
-66.315
-66.3356
-66.3561
-66.3766
-66.3969
-66.4171
-66.4372
-66.4571
-66.477
-66.4968
-66.5164
-66.536
-66.5554
-66.5747
-66.594
-66.6131
-66.632
-66.6509
-66.6697
-66.6883
-66.7068
-66.7252
-66.7435
-66.7617
-66.7797
-66.7977
-66.8155
-66.8332
-66.8508
-66.8683
-66.8856
-66.9028
-66.92
-66.9369
-66.9538
-66.9706
-66.9872
-67.0037
-67.0201
-67.0363
-67.0525
-67.0685
-67.0844
-67.1002
-67.1159
-67.1314
-67.1468
-67.1621
-67.1773
-67.1923
-67.2072
-67.222
-67.2367
-67.2513
-67.2657
-67.28
-67.2942
-67.3083
-67.3222
-67.336
-67.3497
-67.3633
-67.3767
-67.3901
-67.4033
-67.4163
-67.4293
-67.4421
-67.4548
-67.4674
-67.4799
-67.4922
-67.5045
-67.5166
-67.5285
-67.5404
-67.5521
-67.5637
-67.5752
-67.5866
-67.5979
-67.609
-67.62
-67.6309
-67.6416
-67.6523
-67.6628
-67.6732
-67.6835
-67.6936
-67.7037
-67.7136
-67.7234
-67.7331
-67.7427
-67.7521
-67.7614
-67.7707
-67.7797
-67.7887
-67.7976
-67.8063
-67.6776
-67.4619
-67.184
-66.8592
-66.4984
-66.1099
-65.7001
-65.2742
-64.8362
-64.3894
-63.9366
-63.48
-63.0214
-62.5622
-62.1038
-61.6471
-61.1931
-60.7425
-60.2959
-59.7358
-59.1103
-58.443
-57.7485
-57.0372
-56.3165
-55.5922
-54.8686
-54.1489
-53.4355
-52.7301
-52.0341
-51.348
-50.6724
-50.0074
-49.3529
-48.7086
-48.0739
-47.4481
-46.8305
-46.2201
-45.6158
-45.0164
-44.4205
-43.8268
-43.2337
-42.6396
-42.0428
-41.4413
-40.8333
-40.2166
-39.5889
-38.9481
-38.2915
-37.6165
-36.9202
-36.1997
-35.4518
-34.673
-33.8597
-33.0081
-32.1139
-31.173
-30.1807
-29.1322
-28.0225
-26.8466
-25.5992
-24.2753
-22.8699
-21.3784
-19.7969
-18.1222
-16.3526
-14.4878
-12.5297
-10.4825
-8.35354
-6.15364
-3.89715
-1.60239
0.708377
3.0091
5.27041
7.46029
9.54525
11.4919
13.2688
14.8492
16.2124
17.3464
18.2477
18.9217
19.3807
19.6425
19.7279
19.6585
19.4557
19.1392
18.7266
18.233
17.6713
17.0526
16.3857
15.6781
14.9363
14.1653
13.3696
12.5531
11.7189
10.8699
10.0085
9.13688
8.257
7.37054
6.47902
5.58382
4.68616
3.78713
2.88774
1.98887
1.09131
0.195788
-0.697065
-1.58667
-2.47253
-3.35419
-4.23125
-5.10336
-5.97022
-6.83156
-7.68715
-8.53681
-9.38036
-10.2177
-11.0487
-11.8732
-12.6913
-13.5028
-14.3078
-15.1063
-15.8982
-16.6837
-17.4627
-18.2353
-19.0017
-19.7618
-20.5158
-21.2639
-22.0062
-22.7428
-23.4739
-24.1997
-24.9204
-25.6363
-26.3476
-27.0545
-27.7574
-28.4565
-29.1522
-29.8448
-30.5348
-31.2224
-31.9082
-32.5926
-33.2761
-33.9591
-34.6422
-35.3259
-36.0108
-36.6975
-37.3867
-38.0789
-38.7748
-39.475
-40.1802
-40.8912
-41.6084
-42.3326
-43.0643
-43.8042
-44.5526
-45.31
-46.0767
-46.8529
-47.6384
-48.4332
-49.2367
-50.0481
-50.8665
-51.6903
-52.5176
-53.3462
-54.1734
-54.9959
-55.8102
-56.6123
-57.3981
-58.1632
-58.9033
-59.6142
-60.2922
-60.9339
-61.5367
-62.0987
-62.6186
-63.0963
-63.5322
-63.9274
-64.2837
-64.6032
-64.8885
-65.1423
-65.3673
-65.5665
-65.7426
-65.8981
-66.0355
-66.157
-66.2647
-66.3603
-66.4456
-66.5218
-66.5902
-66.6521
-66.7082
-66.7594
-66.8064
-66.8499
-66.8902
-66.928
-66.9634
-66.997
-67.0289
-67.0594
-67.0886
-67.1168
-67.1441
-67.1706
-67.1964
-67.2217
-67.2464
-67.2707
-67.2945
-67.3181
-67.3413
-67.3643
-67.387
-67.4095
-67.4318
-67.4539
-67.4759
-67.4977
-67.5193
-67.5409
-67.5623
-67.5836
-67.6048
-67.6259
-67.6469
-67.6678
-67.6886
-67.7094
-67.73
-67.7505
-67.771
-67.7913
-67.8116
-67.8318
-67.8519
-67.8719
-67.8918
-67.9117
-67.9314
-67.9511
-67.9707
-67.9902
-68.0096
-68.0289
-68.0481
-68.0672
-68.0862
-68.1052
-68.124
-68.1427
-68.1614
-68.1799
-68.1984
-68.2167
-68.235
-68.2531
-68.2712
-68.2891
-68.3069
-68.3247
-68.3423
-68.3598
-68.3772
-68.3945
-68.4117
-68.4288
-68.4458
-68.4626
-68.4794
-68.496
-68.5126
-68.529
-68.5453
-68.5614
-68.5775
-68.5935
-68.6093
-68.625
-68.6406
-68.6561
-68.6715
-68.6867
-68.7018
-68.7169
-68.7317
-68.7465
-68.7612
-68.7757
-68.7901
-68.8044
-68.8185
-68.8325
-68.8465
-68.8602
-68.8739
-68.8875
-68.9009
-68.9142
-68.9273
-68.9404
-68.9533
-68.9661
-68.9788
-68.9913
-69.0037
-69.016
-69.0282
-69.0402
-69.0521
-69.0639
-69.0756
-69.0871
-69.0985
-69.1098
-69.121
-69.132
-69.1429
-69.1537
-69.1643
-69.1749
-69.1853
-69.1955
-69.2057
-69.2157
-69.2256
-69.2354
-69.245
-69.2545
-69.2639
-69.2732
-69.2823
-69.2913
-69.3002
-69.309
-69.3176
-69.3262
-69.3346
-69.3428
-69.351
-69.359
-69.3669
-69.3747
-69.3823
-69.3898
-69.3972
-69.4045
-69.4117
-69.4187
-69.4256
-69.4324
-69.4391
-69.4456
-69.452
-69.4584
-69.4645
-69.4706
-69.4766
-69.4824
-69.4881
-69.4937
-69.4991
-69.5045
-69.5097
-69.5148
-69.5198
-69.5247
-69.5295
-69.5341
-69.5386
-69.543
-69.5473
-69.5515
-69.5556
-69.5595
-69.5634
-69.5671
-69.5707
-69.5742
-69.5776
-69.5809
-69.584
-69.5871
-69.59
-69.5928
-69.5955
-69.5981
-69.6006
-69.603
-69.6053
-69.6074
-69.6095
-69.6114
-69.6133
-69.615
-69.6166
-69.6182

