-65
-64.9994
-64.9988
-64.9982
-64.9977
-64.9971
-64.9965
-64.996
-64.9954
-64.9949
-64.9943
-64.9938
-64.9932
-64.9927
-64.9922
-64.9917
-64.9912
-64.9906
-64.9901
-64.9896
-64.9891
-64.9886
-64.9881
-64.9876
-64.9872
-64.9867
-64.9862
-64.9857
-64.9852
-64.9848
-64.9843
-64.9838
-64.9834
-64.9829
-64.9825
-64.982
-64.9816
-64.9811
-64.9807
-64.9802
-64.9798
-64.9794
-64.9789
-64.9785
-64.9781
-64.9777
-64.9772
-64.9768
-64.9764
-64.976
-64.9756
-64.9752
-64.9748
-64.9744
-64.974
-64.9736
-64.9732
-64.9728
-64.9725
-64.9721
-64.9717
-64.9713
-64.971
-64.9706
-64.9702
-64.9699
-64.9695
-64.9692
-64.9688
-64.9685
-64.9681
-64.9678
-64.9675
-64.9671
-64.9668
-64.9665
-64.9661
-64.9658
-64.9655
-64.9652
-64.9649
-64.9646
-64.9642
-64.9639
-64.9636
-64.9633
-64.963
-64.9628
-64.9625
-64.9622
-64.9619
-64.9616
-64.9613
-64.9611
-64.9608
-64.9605
-64.9603
-64.96
-64.9598
-64.9595
-64.9592
-64.959
-64.9588
-64.9585
-64.9583
-64.958
-64.9578
-64.9576
-64.9573
-64.9571
-64.9569
-64.9567
-64.9565
-64.9562
-64.956
-64.9558
-64.9556
-64.9554
-64.9552
-64.955
-64.9548
-64.9546
-64.9545
-64.9543
-64.9541
-64.9539
-64.9537
-64.9536
-64.9534
-64.9532
-64.9531
-64.9529
-64.9527
-64.9526
-64.9524
-64.9523
-64.9521
-64.952
-64.9519
-64.9517
-64.9516
-64.9514
-64.9513
-64.9512
-64.9511
-64.9509
-64.9508
-64.9507
-64.9506
-64.9505
-64.9504
-64.9503
-64.9502
-64.95
-64.9499
-64.9499
-64.9498
-64.9497
-64.9496
-64.9495
-64.9494
-64.9493
-64.9492
-64.9492
-64.9491
-64.949
-64.9489
-64.9489
-64.9488
-64.9487
-64.9487
-64.9486
-64.9486
-64.9485
-64.9485
-64.9484
-64.9484
-64.9483
-64.9483
-64.9482
-64.9482
-64.9482
-64.9481
-64.9481
-64.9481
-64.948
-64.948
-64.948
-64.948
-64.948
-64.9479
-64.9479
-64.9479
-64.9479
-64.9479
-64.9479
-64.9479
-64.9479
-64.9479
-64.9479
-64.9479
-64.9479
-64.9479
-64.9479
-64.9479
-64.9479
-64.9479
-64.9479
-64.948
-64.948
-64.948
-64.948
-64.9481
-64.9481
-64.9481
-64.9481
-64.9482
-64.9482
-64.9482
-64.9483
-64.9483
-64.9483
-64.9484
-64.9484
-64.9485
-64.9485
-64.9486
-64.9486
-64.9487
-64.9487
-64.9488
-64.9488
-64.9489
-64.9489
-64.949
-64.9491
-64.9491
-64.9492
-64.9492
-64.9493
-64.9494
-64.9494
-64.9495
-64.9496
-64.9497
-64.9497
-64.9498
-64.9499
-64.95
-64.95
-64.9501
-64.9502
-64.9503
-64.9504
-64.9504
-64.9505
-64.9506
-64.9507
-64.9508
-64.9509
-64.951
-64.951
-64.9511
-64.9512
-64.9513
-64.9514
-64.9515
-64.9516
-64.9517
-64.9518
-64.9519
-64.952
-64.9521
-64.9522
-64.9523
-64.9524
-64.9525
-64.9526
-64.9527
-64.9528
-64.9529
-64.953
-64.9532
-64.9533
-64.9534
-64.9535
-64.9536
-64.9537
-64.9538
-64.9539
-64.954
-64.9542
-64.9543
-64.9544
-64.9545
-64.9546
-64.9547
-64.9548
-64.955
-64.9551
-64.9552
-64.9553
-64.9554
-64.9556
-64.9557
-64.9558
-64.9559
-64.956
-64.9562
-64.9563
-64.9564
-64.9565
-64.9566
-64.9568
-64.9569
-64.957
-64.9571
-64.9573
-64.9574
-64.9575
-64.9576
-64.9578
-64.9579
-64.958
-64.9581
-64.9583
-64.9584
-64.9585
-64.9587
-64.9588
-64.9589
-64.959
-64.9592
-64.9593
-64.9594
-64.9595
-64.9597
-64.9598
-64.9599
-64.96
-64.9602
-64.9603
-64.9604
-64.9606
-64.9607
-64.9608
-64.9609
-64.9611
-64.9612
-64.9613
-64.9614
-64.9616
-64.9617
-64.9618
-64.962
-64.9621
-64.9622
-64.9623
-64.9625
-64.9626
-64.9627
-64.9628
-64.963
-64.9631
-64.9632
-64.9633
-64.9635
-64.9636
-64.9637
-64.9638
-64.964
-64.9641
-64.9642
-64.9643
-64.9645
-64.9646
-64.9647
-64.9648
-64.9649
-64.9651
-64.9652
-64.9653
-64.9654
-64.9655
-64.9657
-64.9658
-64.9659
-64.966
-64.9661
-64.9663
-64.9664
-64.9665
-64.9666
-64.9667
-64.9668
-64.967
-64.9671
-64.9672
-64.9673
-64.9674
-64.9675
-64.9677
-64.9678
-64.9679
-64.968
-64.9681
-64.9682
-64.9683
-64.9684
-64.9685
-64.9687
-64.9688
-64.9689
-64.969
-64.9691
-64.9692
-64.9693
-64.9694
-64.9695
-64.9696
-64.9697
-64.9698
-64.9699
-64.97
-64.9701
-64.9702
-64.9703
-64.9704
-64.9705
-64.9706
-64.9707
-64.9708
-64.8363
-64.6142
-64.3277
-63.9912
-63.6149
-63.2069
-62.7734
-62.3194
-61.8491
-61.3656
-60.8718
-60.3698
-59.8615
-59.3483
-58.8314
-58.3119
-57.7905
-57.2679
-56.7444
-56.2205
-55.6963
-55.172
-54.6475
-54.1226
-53.5973
-53.071
-52.5435
-52.014
-51.4821
-50.9467
-50.4071
-49.862
-49.3104
-48.7508
-48.1817
-47.6011
-47.0072
-46.3976
-45.7698
-45.121
-44.4477
-43.7465
-43.0131
-42.2428
-41.4303
-40.5694
-39.6533
-38.674
-37.6225
-36.4885
-35.26
-33.9239
-32.4646
-30.8651
-29.1061
-27.1662
-25.0224
-22.6505
-20.0261
-17.1268
-13.9344
-10.4395
-6.64639
-2.57879
1.71441
6.15578
10.6402
15.0415
19.225
23.0641
26.4563
29.3357
31.6778
33.4969
34.8374
35.7619
36.3398
36.6381
36.7158
36.6218
36.3943
36.0623
35.6472
35.1646
34.6259
34.0395
33.4116
32.7471
32.0496
31.3223
30.568
29.7888
28.987
28.1643
27.3225
26.4634
25.5884
24.6991
23.7967
22.8827
21.9584
21.0248
20.0832
19.1347
18.1802
17.2207
16.2571
15.2904
14.3212
13.3504
12.3787
11.4067
10.435
9.4642
8.49485
7.5274
6.56231
5.59998
4.64078
3.68505
2.73309
1.78517
0.841545
-0.0975758
-1.032
-1.96156
-2.88612
-3.80556
-4.71261
-5.60851
-6.49372
-7.36852
-8.23314
-9.0878
-9.93269
-10.768
-11.594
-12.4109
-13.2188
-14.018
-14.8087
-15.5911
-16.3654
-17.132
-17.8909
-18.6425
-19.3869
-20.1245
-20.8555
-21.5801
-22.2987
-23.0115
-23.7188
-24.4209
-25.1182
-25.8111
-26.4998
-27.1849
-27.8666
-28.5454
-29.2218
-29.8963
-30.5693
-31.2414
-31.9132
-32.5851
-33.258
-33.9322
-34.6087
-35.2319
-35.8298
-36.4145
-36.9923
-37.5667
-38.1402
-38.7144
-39.2905
-39.8694
-40.4518
-41.0383
-41.6292
-42.2248
-42.825
-43.4298
-44.0388
-44.6514
-45.2668
-45.8837
-46.5008
-47.1161
-47.7277
-48.333
-48.9294
-49.5139
-50.0835
-50.6351
-51.1657
-51.6725
-52.1529
-52.6049
-53.0267
-53.4172
-53.7758
-54.1024
-54.3975
-54.6619
-54.897
-55.1043
-55.2855
-55.4426
-55.5776
-55.6925
-55.7892
-55.8698
-55.936
-55.9896
-56.0321
-56.0649
-56.0894
-56.1067
-56.1179
-56.124
-56.1257
-56.1239
-56.1191
-56.1119
-56.1029
-56.0924
-56.0809
-56.0686
-56.0559
-56.0429
-56.0299
-56.0171
-56.0047
-55.9926
-55.9812
-55.9704
-55.9603
-55.951
-55.9426
-55.9351
-55.9285
-55.923
-55.9184
-55.9148
-55.9122
-55.9107
-55.9102
-55.9108
-55.9124
-55.915
-55.9187
-55.9234
-55.9291
-55.9358
-55.9435
-55.9522
-55.9619
-55.9726
-55.9842
-55.9967
-56.0101
-56.0245
-56.0397
-56.0559
-56.0729
-56.0907
-56.1094
-56.1288
-56.1491
-56.1702
-56.192
-56.2146
-56.238
-56.2621
-56.2868
-56.3123
-56.3385
-56.3653
-56.3928
-56.421
-56.4497
-56.4791
-56.5091
-56.5397
-56.5708
-56.6026
-56.6348
-56.6676
-56.701
-56.7348
-56.7692
-56.804
-56.8393
-56.8751
-56.9113
-56.948
-56.9851
-57.0226
-57.0606
-57.0989
-57.1377
-57.1768
-57.2162
-57.2561
-57.2963
-57.3368
-57.3776
-57.4188
-57.4603
-57.5021
-57.5441
-57.5865
-57.6291
-57.672
-57.7152
-57.7586
-57.8022
-57.8461
-57.8902
-57.9345
-57.979
-58.0237
-58.0686
-58.1137
-58.159
-58.2044
-58.25
-58.2958
-58.3417
-58.3878
-58.4339
-58.4803
-58.5267
-58.5732
-58.6199
-58.6667
-58.7135
-58.7605
-58.8075
-58.8546
-58.9018
-58.9491
-58.9964
-59.0438
-59.0912
-59.1387
-59.1862
-59.2337
-59.2813
-59.3289
-59.3765
-59.4242
-59.4719
-59.5195
-59.5672
-59.6149
-59.6625
-59.7102
-59.7578
-59.8054
-59.853
-59.9006
-59.9481
-59.9956
-60.0431
-60.0905
-60.1379
-60.1852
-60.2325
-60.2797
-60.3269
-60.374
-60.421
-60.468
-60.5149
-60.5617
-60.6085
-60.6552
-60.7017
-60.7482
-60.7946
-60.841
-60.8872
-60.9333
-60.9793
-61.0253
-61.0711
-61.1168
-61.1624
-61.2079
-61.2533
-61.2985
-61.3437
-61.3887
-61.4336
-61.4784
-61.5231
-61.5676
-61.612
-61.6563
-61.7004
-61.7444
-61.7883
-61.832
-61.8756
-61.9191
-61.9624
-62.0055
-62.0485
-62.0914
-62.1341
-62.1767
-62.2191
-62.2614
-62.3035
-62.3454
-62.3872
-62.4289
-62.4704
-62.5117
-62.5529
-62.5939
-62.6347
-62.6754
-62.7159
-62.7562
-62.7964
-62.8364
-62.8762
-62.9159
-62.9554
-62.9948
-63.0339
-63.0729
-63.1117
-63.1504
-63.1888
-63.2271
-63.2652
-63.3032
-63.3409
-63.3785
-63.4159
-63.4531
-63.4902
-63.5271
-63.4391
-63.2747
-63.0575
-62.8018
-62.5176
-62.2123
-61.8913
-61.5592
-61.2192
-60.8741
-60.5261
-60.1768
-59.8276
-59.4797
-59.1339
-58.7911
-58.4518
-58.1166
-57.7858
-57.4598
-57.1388
-56.8232
-56.513
-56.2083
-55.9093
-55.6161
-55.3286
-55.0469
-54.7709
-54.5007
-54.2362
-53.9773
-53.724
-53.4761
-53.2336
-52.9963
-52.7642
-52.5371
-52.3149
-52.0975
-51.8846
-51.6763
-51.4723
-51.2725
-51.0767
-50.8848
-50.6966
-50.512
-50.3309
-50.1531
-49.9784
-49.8066
-49.6377
-49.4716
-49.3079
-49.1466
-48.9876
-48.8307
-48.6758
-48.5227
-48.3713
-48.2215
-48.073
-47.9259
-47.7798
-47.6348
-47.4907
-47.3472
-47.2044
-47.062
-46.92
-46.7781
-46.6362
-46.4943
-46.3521
-46.2095
-46.0663
-45.9224
-45.7777
-45.6319
-45.4849
-45.3366
-45.1866
-45.0349
-44.8813
-44.7254
-44.5672
-44.4064
-44.2427
-44.0759
-43.9057
-43.7318
-43.554
-43.3718
-43.185
-42.9932
-42.7961
-42.5931
-42.3838
-42.1678
-41.9446
-41.7136
-41.4742
-41.2257
-40.9675
-40.6989
-40.419
-40.127
-39.8219
-39.5028
-39.1684
-38.8176
-38.4492
-38.0616
-37.6534
-37.223
-36.7684
-36.2877
-35.7788
-35.2394
-34.6669
-34.0587
-33.4118
-32.7231
-31.9892
-31.2064
-30.3712
-29.4793
-28.5267
-27.5092
-26.4225
-25.2626
-24.0257
-22.7085
-21.3085
-19.8244
-18.2567
-16.6077
-14.8828
-13.0905
-11.2432
-9.35782
-7.45542
-5.5613
-3.70406
-1.91418
-0.222255
1.34306
2.75702
4.00041
5.06048
5.9312
6.61283
7.11103
7.4356
7.59919
7.61607
7.50117
7.26923
6.93432
6.50946
6.0065
5.43605
4.80748
4.12907
3.40806
2.65077
1.86272
1.04874
0.213063
-0.640627
-1.50909
-2.38946
-3.27926
-4.17626
-5.07854
-5.98437
-6.89226
-7.80088
-8.70906
-9.61578
-10.5202
-11.4214
-12.3188
-13.2119
-14.1001
-14.983
-15.8602
-16.7315
-17.5966
-18.4554
-19.3076
-20.1534
-20.9925
-21.825
-22.6509
-23.4704
-24.2834
-25.0902
-25.891
-26.6859
-27.4751
-28.259
-29.0379
-29.8121
-30.5819
-31.3477
-32.11
-32.8693
-33.626
-34.3807
-35.1338
-35.886
-36.6378
-37.39
-38.143
-38.8977
-39.6547
-40.4147
-41.1784
-41.9466
-42.7199
-43.499
-44.2847
-45.0776
-45.8784
-46.6875
-47.5055
-48.3328
-49.1696
-50.0161
-50.8724
-51.7381
-52.6128
-53.4959
-54.3862
-55.2826
-56.1832
-57.0859
-57.9884
-58.8876
-59.7802
-60.6626
-61.5306
-62.3802
-63.2067
-64.006
-64.7737
-65.5059
-66.1992
-66.8507
-67.4583
-68.0208
-68.5375
-69.009
-69.4362
-69.8208
-70.1651
-70.4717
-70.7434
-70.9832
-71.1942
-71.3791
-71.541
-71.6823
-71.8055
-71.913
-72.0065
-72.0881
-72.1591
-72.2212
-72.2753
-72.3227
-72.3642
-72.4007
-72.4329
-72.4612
-72.4863
-72.5087
-72.5285
-72.5463
-72.5623
-72.5766
-72.5896
-72.6014
-72.6122
-72.622
-72.631
-72.6393
-72.647
-72.6541
-72.5225
-72.3099
-72.0443
-71.7424
-71.4156
-71.0721
-70.7177
-70.3571
-69.9936
-69.6298
-69.2677
-68.9088
-68.5543
-68.2051
-67.8619
-67.5251
-67.1951
-66.8723
-66.5568
-66.2488
-65.9483
-65.6553
-65.3698
-65.0918
-64.7001
-64.2473
-63.7589
-63.2499
-62.7303
-62.2071
-61.6855
-61.1689
-60.6602
-60.1611
-59.6731
-59.1971
-58.7337
-58.2833
-57.8461
-57.4221
-57.0114
-56.6139
-56.2292
-55.8573
-55.4978
-55.1505
-54.815
-54.4911
-54.1783
-53.8763
-53.5848
-53.3036
-53.0321
-52.7701
-52.5173
-52.2733
-52.0378
-51.8105
-51.5912
-51.3795
-51.1752
-50.9779
-50.7875
-50.6036
-50.4261
-50.2547
-50.0893
-49.9294
-49.7751
-49.6261
-49.4822
-49.3433
-49.2091
-49.0795
-48.9545
-48.8337
-48.7172
-48.6047
-48.4962
-48.3916
-48.2906
-48.1933
-48.0996
-48.0093
-47.9224
-47.8387
-47.7583
-47.681
-47.6068
-47.5356
-47.4674
-47.402
-47.3396
-47.2799
-47.2229
-47.1687
-47.1172
-47.0683
-47.022
-46.9783
-46.9371
-46.8984
-46.8623
-46.8285
-46.7973
-46.7684
-46.7419
-46.7179
-46.6961
-46.6768
-46.6597
-46.645
-46.6326
-46.6224
-46.6146
-46.609
-46.6057
-46.6047
-46.6059
-46.6093
-46.615
-46.6228
-46.6329
-46.6453
-46.6598
-46.6765
-46.6953
-46.7164
-46.7397
-46.7651
-46.7926
-46.8224
-46.8542
-46.8037
-46.7077
-46.5832
-46.4397
-46.2832
-46.118
-45.9469
-45.7721
-45.595
-45.417
-45.2387
-45.0608
-44.8838
-44.7081
-44.534
-44.3616
-44.1911
-44.0228
-43.8565
-43.6925
-43.5308
-43.3714
-43.2143
-43.0596
-42.9072
-42.7572
-42.6095
-42.4641
-42.3209
-42.1801
-42.0415
-41.9051
-41.7709
-41.6388
-41.5088
-41.3809
-41.2551
-41.1313
-41.0095
-40.8896
-40.7717
-40.6556
-40.5414
-40.429
-40.3185
-40.2097
-40.1027
-39.9974
-39.8939
-39.792
-39.6918
-39.5932
-39.4963
-39.401
-39.3073
-39.2151
-39.1246
-39.0355
-38.948
-38.8621
-38.7776
-38.6946
-38.6132
-38.5331
-38.4546
-38.3775
-38.3018
-38.2276
-38.1548
-38.0834
-38.0134
-37.9448
-37.8775
-37.8116
-37.7471
-37.6838
-37.6219
-37.5613
-37.502
-37.4439
-37.3871
-37.3315
-37.277
-37.2238
-37.1717
-37.1207
-37.0708
-37.022
-36.9741
-36.9273
-36.8814
-36.8363
-36.7922
-36.7488
-36.7061
-36.6642
-36.6228
-36.582
-36.5417
-36.5018
-36.4622
-36.4228
-36.3836
-36.3444
-36.3051
-36.2656
-36.2259
-36.1857
-36.1449
-36.1033
-36.0609
-36.0174
-35.9726
-35.9265
-35.8786
-35.8289
-35.7771
-35.723
-35.6662
-35.6065
-35.5435
-35.4771
-35.4067
-35.3321
-35.2528
-35.1684
-35.0784
-34.9825
-34.88
-34.7704
-34.6532
-34.5277
-34.3932
-34.2491
-34.0947
-33.9291
-33.7515
-33.5612
-33.3571
-33.1384
-32.9041
-32.6532
-32.3847
-32.0976
-31.791
-31.4639
-31.1153
-30.7445
-30.3508
-29.9336
-29.4926
-29.0277
-28.5392
-28.0276
-27.4941
-26.9402
-26.3679
-25.78
-25.1797
-24.571
-23.9584
-23.3469
-22.7421
-22.1497
-21.5758
-21.0263
-20.5072
-20.0239
-19.5815
-19.1843
-18.8359
-18.5392
-18.2963
-18.1082
-17.9755
-17.8977
-17.874
-17.9029
-17.9824
-18.1103
-18.2841
-18.5012
-18.7587
-19.0538
-19.3837
-19.7456
-20.137
-20.5551
-20.9975
-21.462
-21.9463
-22.4484
-22.9665
-23.4987
-24.0435
-24.5994
-25.165
-25.7391
-26.3206
-26.9085
-27.5019
-28.0999
-28.7019
-29.3073
-29.9155
-30.5261
-31.1386
-31.7528
-32.3684
-32.9852
-33.6031
-34.2221
-34.842
-35.4629
-36.0849
-36.7081
-37.3326
-37.9587
-38.5866
-39.2165
-39.7787
-40.3042
-40.8071
-41.2953
-41.7739
-42.2462
-42.7146
-43.1809
-43.6463
-44.1118
-44.5783
-45.0465
-45.5168
-45.9898
-46.4658
-46.9452
-47.4283
-47.9151
-48.4057
-48.9002
-49.3984
-49.9
-50.4047
-50.9118
-51.4207
-51.9304
-52.4397
-52.9473
-53.4517
-53.9509
-54.4431
-54.9261
-55.3977
-55.8555
-56.2974
-56.7211
-57.1245
-57.5059
-57.8638
-58.197
-58.5048
-58.7868
-59.043
-59.2738
-59.4799
-59.6623
-59.8223
-59.9613
-60.0807
-60.1823
-60.2674
-60.3379
-60.3951
-60.4406
-60.4757
-60.5018
-60.5199
-60.5312
-60.5367
-60.5372
-60.5335
-60.5262
-60.5162
-60.5037
-60.4894
-60.4736
-60.4568
-60.4391
-60.421
-60.4025
-60.3841
-60.3657
-60.3475
-60.3298
-60.3125
-60.2958
-60.2798
-60.2645
-60.2499
-60.2362
-60.2233
-60.2113
-60.2002
-60.19
-60.1808
-60.1725
-60.1651
-60.1586
-60.1531
-60.1485
-60.1449
-60.1421
-60.1403
-60.1394
-60.1394
-60.1402
-60.1419
-60.1445
-60.1479
-60.1522
-60.1572
-60.1631
-60.1697
-60.1771
-60.1853
-60.1942
-60.2039
-60.2142
-60.2253
-60.237
-60.2494
-60.2625
-60.2762
-60.2905
-60.3055
-60.321
-60.3372
-60.3539
-60.3712
-60.389
-60.4074
-60.4263
-60.4457
-60.4656
-60.486
-60.5069
-60.5282
-60.55
-60.5722
-60.5949
-60.618
-60.6415
-60.6654
-60.6897
-60.7144
-60.7394
-60.7648
-60.7906
-60.8167
-60.8431
-60.8698
-60.8969
-60.9242
-60.9519
-60.9798
-61.0081
-61.0366
-61.0653
-61.0943
-61.1236
-61.1531
-61.1828
-61.2127
-61.2429
-61.2732
-61.3038
-61.3346
-61.3655
-61.3966
-61.4279
-61.4594
-61.491
-61.5228
-61.5547
-61.5868
-61.619
-61.6513
-61.6838
-61.7163
-61.749
-61.7818
-61.8147
-61.8477
-61.8807
-61.9139
-61.9471
-61.9805
-62.0138
-62.0473
-62.0808
-62.1144
-62.148
-62.1816
-62.2153
-62.2491
-62.2829
-62.3167
-62.3505
-62.3843
-62.4182
-62.4521
-62.486
-62.5199
-62.5538
-62.5877
-62.6215
-62.6554
-62.6893
-62.7232
-62.757
-62.7908
-62.8246
-62.8583
-62.8921
-62.9258
-62.9594
-62.993
-63.0266
-63.0601
-63.0936
-63.127
-63.1604
-63.1937
-63.227
-63.2602
-63.2933
-63.3264
-63.3593
-63.3923
-63.4251
-63.4579
-63.4906
-63.5232
-63.5557
-63.5882
-63.6206
-63.5278
-63.3586
-63.1365
-62.8759
-62.5867
-62.2764
-61.9507
-61.6138
-61.2693
-60.9199
-60.5678
-60.2146
-59.8619
-59.5108
-59.1621
-58.8167
-58.4752
-58.1381
-57.8058
-57.4787
-57.1569
-56.8409
-56.5306
-56.2262
-55.9279
-55.6357
-55.3496
-55.0696
-54.7958
-54.528
-54.2662
-54.0105
-53.7606
-53.5165
-53.2781
-53.0453
-52.818
-52.5961
-52.3793
-52.1677
-51.9611
-51.7593
-51.5621
-51.3696
-51.1814
-50.9975
-50.8177
-50.642
-50.47
-50.3018
-50.1372
-49.9759
-49.818
-49.6633
-49.5116
-49.3628
-49.2168
-49.0735
-48.9328
-48.7944
-48.6584
-48.5246
-48.3929
-48.2633
-48.1354
-48.0094
-47.8851
-47.7624
-47.6412
-47.5214
-47.4029
-47.2856
-47.1695
-47.0544
-46.9403
-46.827
-46.7146
-46.5149
-46.2646
-45.9807
-45.673
-45.348
-45.0101
-44.6624
-44.3073
-43.9462
-43.5802
-43.2101
-42.8363
-42.459
-42.0783
-41.6941
-41.3062
-40.9144
-40.5182
-40.1172
-39.711
-39.299
-38.8807
-38.4554
-38.0224
-37.581
-37.1304
-36.6698
-36.1984
-35.7151
-35.2191
-34.7093
-34.1847
-33.6441
-33.0863
-32.5103
-31.9146
-31.298
-30.6591
-29.9966
-29.3088
-28.5945
-27.8521
-27.0801
-26.277
-25.4414
-24.5717
-23.6667
-22.7252
-21.7461
-20.7284
-19.6717
-18.5757
-17.4407
-16.2673
-15.0571
-13.8125
-12.5368
-11.2346
-9.91208
-8.57682
-7.23836
-5.90806
-4.59916
-3.3265
-2.10611
-0.954572
0.111835
1.07806
1.9312
2.66126
3.26171
3.72959
4.06547
4.27299
4.35829
4.32936
4.19535
3.96604
3.65128
3.26066
2.80328
2.28754
1.72111
1.11091
0.46309
-0.216863
-0.924121
-1.65442
-2.40401
-3.1696
-3.94828
-4.73749
-5.53499
-6.33879
-7.14716
-7.95854
-8.77159
-9.58511
-10.398
-11.2095
-12.0186
-12.8247
-13.6272
-14.4256
-15.2193
-16.008
-16.7914
-17.5692
-18.3412
-19.1071
-19.867
-20.6206
-21.3679
-22.109
-22.8437
-23.5722
-24.2945
-25.0107
-25.721
-26.4254
-27.1242
-27.8175
-28.5057
-29.1888
-29.8672
-30.5412
-31.2112
-31.8773
-32.54
-33.1997
-33.8568
-34.5117
-35.1649
-35.8167
-36.4677
-37.1185
-37.7694
-38.4211
-39.0741
-39.729
-40.3863
-41.0465
-41.7104
-42.3783
-43.0509
-43.7287
-44.4122
-45.1018
-45.7978
-46.5008
-47.2107
-47.9278
-48.652
-49.3831
-50.1208
-50.8643
-51.6128
-52.3652
-53.1199
-53.8753
-54.629
-55.3787
-56.1214
-56.8542
-57.5737
-58.2764
-58.9587
-59.6174
-60.2491
-60.851
-61.4205
-61.9558
-62.4556
-62.9191
-63.3464
-63.7378
-64.0945
-64.4179
-64.7098
-64.9724
-65.2078
-65.4183
-65.6062
-65.7738
-65.9231
-66.0563
-66.0556
-65.9762
-65.8448
-65.6773
-65.4844
-65.2736
-65.0507
-64.8196
-64.5836
-64.3452
-64.1061
-63.8679
-63.6315
-63.398
-63.1679
-62.9419
-62.7202
-62.5031
-62.291
-62.0838
-61.8819
-61.6851
-61.4935
-61.3072
-61.1261
-60.9502
-60.7794
-60.6136
-60.4528
-60.2969
-60.1458
-59.9994
-59.8577
-59.7205
-59.5877
-59.4593
-59.3351
-59.2151
-59.0991
-58.9871
-58.8789
-58.7745
-58.6738
-58.5767
-58.4831
-58.3929
-58.3061
-58.2225
-58.1421
-58.0648
-57.9906
-57.9193
-57.8509
-57.7853
-57.7225
-57.6624
-57.6049
-57.5499
-57.4975
-57.4475
-57.3999
-57.3546
-57.3116
-57.2709
-57.2323
-57.1958
-57.1614
-57.129
-57.0987
-57.0702
-57.0437
-57.019
-56.9961
-56.975
-56.9557
-56.938
-56.922
-56.9076
-56.8948
-56.8836
-56.8739
-56.8657
-56.8589
-56.8535
-56.8496
-56.847
-56.8457
-56.8457
-56.8471
-56.8496
-56.8534
-56.8584
-56.8646
-56.8719
-56.8803
-56.8898
-56.9004
-56.9121
-56.9247
-56.9384
-56.9531
-56.9687
-56.9853
-57.0028
-57.0212
-57.0404
-57.0606
-57.0815
-57.1033
-57.1259
-57.1493
-57.1735
-57.1984
-57.224
-57.2504
-57.2774
-57.3052
-57.3336
-57.3626
-57.3923
-57.4227
-57.4536
-57.4851
-57.5172
-57.5498
-57.583
-57.6167
-57.651
-57.6857
-57.721
-57.7567
-57.7929
-57.8295
-57.8666
-57.9041
-57.942
-57.9803
-58.019
-58.0581
-58.0976
-58.1374
-58.1776
-58.2181
-58.2589
-58.3
-58.3415
-58.3832
-58.4252
-58.4675
-58.5101
-58.5529
-58.5959
-58.6392
-58.6827
-58.7264
-58.7704
-58.8145
-58.8588
-58.9033
-58.948
-58.9928
-59.0378
-59.0829
-59.1282
-59.1736
-59.2192
-59.2648
-59.3106
-59.3565
-59.4024
-59.4485
-59.4947
-59.5409
-59.5872
-59.6335
-59.6799
-59.7264
-59.7729
-59.8194
-59.866
-59.9126
-59.9592
-60.0059
-60.0525
-60.0992
-60.1458
-60.1925
-60.2391
-60.2857
-60.3324
-60.3789
-60.4255
-60.472
-60.5185
-60.5649
-60.6113
-60.6576
-60.7039
-60.7501
-60.7963
-60.8424
-60.8884
-60.9343
-60.9802
-61.026
-61.0717
-61.1173
-61.1628
-61.2082
-61.2536
-61.2988
-61.3439
-61.3889
-61.4338
-61.4786
-61.5233
-61.5678
-61.6123
-61.6566
-61.7008
-61.7448
-61.7887
-61.8325
-61.8762
-61.9197
-61.9631
-62.0063
-62.0494
-62.0923
-62.1351
-62.1778
-62.2203
-62.2626
-62.3048
-62.3468
-62.3887
-62.4304
-62.4719
-62.5133
-62.5545
-62.5956
-62.6364
-62.6772
-62.7177
-62.7581
-62.7983
-62.8383
-62.8781
-62.9178
-62.9573
-62.9966
-63.0358
-63.0747
-63.1135
-63.1521
-63.1905
-63.2287
-63.2668
-63.3046
-63.3423
-63.3798
-63.4171
-63.4542
-63.4911
-63.5278
-63.5643
-63.6007
-63.6368
-63.6728
-63.7086
-63.7441
-63.7795
-63.8147
-63.8497
-63.8845
-63.9191
-63.9535
-63.9877
-64.0217
-64.0556
-64.0892
-64.1226
-64.1559
-64.1889
-64.2217
-64.2544
-64.2868
-64.3191
-64.3511
-64.383
-64.4146
-64.4461
-64.4773
-64.5084
-64.5393
-64.5699
-64.6004
-64.6307
-64.6607
-64.6906
-64.7203
-64.7498
-64.7791
-64.8081
-64.837
-64.8657
-64.8942
-64.9225
-64.9506
-64.9785
-65.0062
-65.0338
-65.0611
-65.0882
-65.1152
-65.1419
-65.1684
-65.1948
-65.2209
-65.2469
-65.2727
-65.2982
-65.3236
-65.3488
-65.3738
-65.3986
-65.4232
-65.4477
-65.4719
-65.496
-65.5198
-65.5435
-65.567
-65.5903
-65.6134
-65.6363
-65.659
-65.6816
-65.7039
-65.7261
-65.7481
-65.7699
-65.7915
-65.8129
-65.8342
-65.8553
-65.8762
-65.8969
-65.9174
-65.9377
-65.9579
-65.9779
-65.9977
-66.0173
-66.0368
-66.0561
-66.0752
-66.0941
-66.1129
-66.1314
-66.1498
-66.1681
-66.1861
-66.204
-66.2217
-66.2392
-66.2566
-66.2738
-66.2908
-66.3077
-66.3244
-66.3409
-66.3573
-66.3734
-66.3895
-66.4053
-66.421
-66.4365
-66.4519
-66.4671
-66.4821
-66.497
-66.5117
-66.5263
-66.4051
-66.1974
-65.9272
-65.6096
-65.2551
-64.8719
-64.4664
-64.0436
-63.6076
-63.1617
-62.7086
-62.2505
-61.7892
-61.3263
-60.863
-60.4004
-59.9393
-59.4805
-59.0247
-58.5722
-58.1237
-57.6794
-57.2396
-56.8045
-56.3743
-55.9492
-55.5291
-55.1142
-54.7043
-54.2995
-53.8996
-53.5046
-53.1141
-52.7281
-52.3463
-51.9684
-51.5942
-51.2232
-50.8552
-50.4897
-50.1263
-49.7645
-49.4038
-49.0438
-48.6837
-48.3231
-47.9613
-47.5975
-47.2311
-46.8612
-46.4871
-46.1077
-45.7223
-45.3296
-44.9287
-44.5183
-44.0972
-43.6639
-43.217
-42.7548
-42.2754
-41.7771
-41.2576
-40.7146
-40.1456
-39.5476
-38.9177
-38.2523
-37.5477
-36.7996
-36.0036
-35.1544
-34.2465
-33.2736
-32.2292
-31.1057
-29.8953
-28.5894
-27.1791
-25.6549
-24.0073
-22.2271
-20.3055
-18.2352
-16.011
-13.631
-11.098
-8.42068
-5.61554
-2.70809
0.266171
3.2617
6.2241
9.09284
11.8055
14.3033
16.5362
18.468
20.0789
21.3654
22.339
23.0219
23.4434
23.636
23.632
23.4617
23.152
22.7263
22.2038
21.601
20.9309
20.2044
19.4304
18.6163
17.768
16.8907
15.9888
15.066
14.1255
13.1703
12.2027
11.2251
10.2395
9.24771
8.25126
7.25166
6.25021
5.24811
4.24641
3.24608
2.24797
1.25285
0.261409
-0.725756
-1.7081
-2.68515
-3.6565
-4.62179
-5.5807
-6.53298
-7.4784
-8.41679
-9.34799
-10.2719
-11.1885
-12.0976
-12.9992
-13.8934
-14.7802
-15.6595
-16.5316
-17.3963
-18.2539
-19.1045
-19.9482
-20.7852
-21.6156
-22.4397
-23.2576
-24.0697
-24.8762
-25.6773
-26.4734
-27.2649
-28.0521
-28.8354
-29.6152
-30.392
-31.1663
-31.9386
-32.7095
-33.4796
-34.2494
-35.0196
-35.7909
-36.5641
-37.3399
-38.1191
-38.9024
-39.6906
-40.4847
-41.2855
-42.0937
-42.9103
-43.736
-44.5715
-45.4177
-46.2751
-47.1442
-48.0254
-48.9189
-49.8247
-50.7426
-51.6719
-52.6118
-53.5609
-54.5174
-55.4791
-56.4432
-57.4063
-58.3645
-59.3133
-60.2481
-61.1635
-62.0543
-62.915
-63.7405
-64.5261
-65.2674
-65.9613
-66.6054
-67.1982
-67.7395
-68.2299
-68.671
-69.065
-69.4148
-69.7237
-69.9951
-70.2325
-70.4396
-70.6197
-70.776
-70.9114
-71.0286
-71.1301
-71.218
-71.2942
-71.3603
-71.4178
-71.4679
-71.5117
-71.5501
-71.5839
-71.6138
-71.6403
-71.664
-71.6852
-71.7042
-71.7215
-71.7372
-71.7516
-71.7649
-71.7772
-71.7886
-71.7992
-71.8092
-71.8187
-71.8276
-71.8362
-71.8443
-71.8521
-71.8596
-71.8668
-71.8738
-71.8806
-71.8872
-71.8936
-71.8998
-71.9059
-71.9118
-71.9176
-71.9233
-71.9288
-71.9343
-71.9396
-71.9448
-71.9499
-71.955
-71.9599
-71.9647
-71.9695
-71.9741
-71.9787
-71.9832
-71.9876
-71.9919
-71.9961
-72.0002
-72.0042
-72.0082
-72.0121
-72.0159
-72.0196
-72.0232
-72.0267
-72.0301
-72.0335
-72.0367
-72.0399
-72.043
-72.046
-72.0489
-72.0517
-72.0545
-72.0571
-72.0596
-72.0621
-72.0645
-72.0667
-72.0689
-72.071
-72.073
-72.0749
-72.0767
-72.0784
-72.0801
-72.0816
-72.083
-72.0843
-72.0856
-72.0867
-72.0878
-72.0887
-72.0896
-72.0903
-72.091
-72.0916
-72.092
-72.0924
-72.0927
-72.0929
-72.0929
-72.0929
-72.0928
-72.0926
-72.0922
-72.0918
-72.0913
-72.0907
-72.09
-72.0891
-72.0882
-72.0872
-72.0861
-72.0849
-72.0836
-72.0821
-72.0806
-72.079
-72.0773
-72.0755
-72.0736
-72.0716
-72.0694
-72.0672
-72.0649
-72.0625
-72.06
-72.0574
-72.0547
-72.0519
-72.0489
-72.0459
-72.0428
-72.0396
-72.0363
-72.0329
-72.0294
-72.0258
-72.0221
-72.0183
-72.0144
-72.0104
-72.0063
-72.0021
-71.9978
-71.9935
-71.989
-71.9844
-71.9797
-71.975
-71.9701
-71.9651
-71.9601
-71.9549
-71.9497
-71.9443
-71.9389
-71.9334
-71.9277
-71.922
-71.9162
-71.9103
-71.9043
-71.8982
-71.892
-71.8857
-71.8794
-71.8729
-71.8664
-71.8597
-71.853
-71.8462
-71.8393
-71.8323
-71.8252
-71.818
-71.8107
-71.8034
-71.7959
-71.7884
-71.7808
-71.7731
-71.7653
-71.7574
-71.7494
-71.7414
-71.7333
-71.7251
-71.7168
-71.7084
-71.6999
-71.6914
-71.6827
-71.674
-71.6652
-71.6563
-71.6474
-71.6383
-71.6292
-71.62
-71.6108
-71.6014
-71.592
-71.5825
-71.5729
-71.5632
-71.5535
-71.5437
-71.5338
-71.5238
-71.5137
-71.5036
-71.4934
-71.4832
-71.4728
-71.4624
-71.4519
-71.4414
-71.4308
-71.4201
-71.4093
-71.3985
-71.3876
-71.3766
-71.3656
-71.3544
-71.3433
-71.332
-71.3207
-71.3093
-71.2979
-71.2864
-71.2748
-71.2632
-71.2515
-71.2397
-71.2279
-71.216
-71.204
-71.192
-71.18
-71.1678
-71.1556
-71.1434
-71.1311
-71.1187
-71.1063
-71.0938
-71.0812
-71.0687
-71.056
-71.0433
-71.0305
-71.0177
-71.0048
-70.9919
-70.9789
-70.9659
-70.9528
-70.9397
-70.9265
-70.9133
-70.9
-70.8866
-70.8732
-70.8598
-70.8463
-70.8328
-70.8192
-70.8056
-70.7919
-70.7782
-70.7645
-70.7506
-70.7368
-70.7229
-70.709
-70.695
-70.681
-70.6669
-70.6528
-70.6386
-70.6245
-70.6102
-70.596
-70.5817
-70.5673
-70.5529
-70.5385
-70.5241
-70.5096
-70.495
-70.4805
-70.4659
-70.4512
-70.4366
-70.4219
-70.4071
-70.3924
-70.3776
-70.3627
-70.3479
-70.333
-70.318
-70.3031
-70.2881
-70.2731
-70.2581
-70.243
-70.2279
-70.2128
-70.1976
-70.1824
-70.1672
-70.152
-70.1367
-70.1215
-70.1062
-70.0908
-70.0755
-70.0601
-70.0447
-70.0293
-70.0139
-69.9984
-69.9829
-69.9674
-69.9519
-69.9364
-69.9208
-69.9052
-69.8896
-69.874
-69.8584
-69.8427
-69.6831
-69.4307
-69.1104
-68.7381
-68.3249
-67.8796
-67.409
-66.9185
-66.4126
-65.8949
-65.3685
-64.8357
-64.2987
-63.7592
-63.2186
-62.6781
-62.1387
-61.6014
-61.0668
-60.5355
-60.0081
-59.485
-58.9665
-58.453
-57.9445
-57.4413
-56.9434
-56.4508
-55.9636
-55.4816
-55.0047
-54.5326
-54.0653
-53.6022
-53.1432
-52.6878
-52.2355
-51.7859
-51.3383
-50.8921
-50.4466
-50.0011
-49.5547
-49.1065
-48.6555
-48.2006
-47.7407
-47.2745
-46.8005
-46.3172
-45.8231
-45.3162
-44.7946
-44.256
-43.6982
-43.1183
-42.5135
-41.8804
-41.2155
-40.5146
-39.7732
-38.9862
-38.1479
-37.252
-36.2913
-35.2577
-34.1423
-32.9352
-31.6251
-30.1998
-28.6461
-26.9497
-25.0952
-23.0674
-20.8511
-18.4323
-15.8001
-12.9482
-9.87727
-6.59814
-3.13423
0.475955
4.17786
7.90168
11.5659
15.083
18.3673
21.3434
23.9532
26.1613
27.9569
29.3513
30.374
31.0657
31.4726
31.6406
31.6121
31.4239
31.1065
30.6844
30.1769
29.599
28.9625
28.2763
27.5476
26.7821
25.9844
25.1586
24.3078
23.4349
22.5425
21.6329
20.7082
19.7701
18.8206
17.8611
16.8931
15.9181
14.9373
13.9519
12.963
11.9716
10.9786
9.98492
8.99135
7.99862
7.00738
6.01825
5.03179
4.0485
3.06883
2.09318
1.12194
0.155406
-0.806119
-1.76239
-2.71318
-3.65831
-4.59762
-5.53098
-6.45828
-7.37943
-8.29439
-9.2031
-10.1055
-11.0017
-11.8916
-12.7753
-13.6529
-14.5243
-15.3897
-16.2491
-17.1027
-17.9506
-18.793
-19.6299
-20.4616
-21.2883
-22.1102
-22.9275
-23.7405
-24.5495
-25.3549
-26.1568
-26.9558
-27.7523
-28.5466
-29.3393
-30.1308
-30.9218
-31.7128
-32.5046
-33.2976
-34.0928
-34.8908
-35.6924
-36.4986
-37.3102
-38.1282
-38.9534
-39.787
-40.6299
-41.4831
-42.3476
-43.2244
-44.0397
-44.8273
-45.6022
-46.3721
-47.1413
-47.9123
-48.6864
-49.464
-50.245
-51.0287
-51.8136
-52.5981
-53.3799
-54.1563
-54.9239
-55.6792
-56.4181
-57.1363
-57.8292
-58.4925
-59.1219
-59.7134
-60.2636
-60.7699
-61.2304
-61.6441
-62.0109
-62.3316
-62.6078
-62.8418
-63.0363
-63.1943
-63.3192
-63.4144
-63.4832
-63.5289
-63.5545
-63.5628
-63.5565
-63.5378
-63.5088
-63.4714
-63.427
-63.3772
-63.323
-63.2654
-63.2054
-63.1437
-63.0808
-63.0174
-62.9537
-62.8903
-62.8273
-62.7651
-62.7037
-62.6435
-62.5845
-62.5268
-62.4706
-62.4158
-62.3626
-62.3109
-62.2608
-62.2123
-62.1654
-62.1201
-62.0765
-62.0344
-61.994
-61.9551
-61.9178
-61.882
-61.8477
-61.815
-61.7837
-61.7538
-61.7254
-61.6984
-61.6728
-61.6485
-61.6255
-61.6039
-61.5835
-61.5644
-61.5465
-61.5298
-61.5143
-61.5
-61.4867
-61.4746
-61.4636
-61.4537
-61.4447
-61.4368
-61.43
-61.424
-61.4191
-61.4151
-61.412
-61.4098
-61.4084
-61.408
-61.4083
-61.4095
-61.4115
-61.4143
-61.4179
-61.4222
-61.4273
-61.4331
-61.4395
-61.4467
-61.4546
-61.4631
-61.4722
-61.482
-61.4924
-61.5034
-61.515
-61.5271
-61.5398
-61.5531
-61.5669
-61.5812
-61.596
-61.6113
-61.6271
-61.6434
-61.6602
-61.6774
-61.695
-61.7131
-61.7315
-61.7504
-61.7697
-61.7894
-61.8094
-61.8298
-61.8506
-61.8717
-61.8931
-61.9149
-61.937
-61.9594
-61.9822
-62.0052
-62.0285
-62.052
-62.0759
-62.1
-62.1244
-62.149
-62.1738
-62.1989
-62.2242
-62.2497
-62.2754
-62.3013
-62.3274
-62.3537
-62.3802
-62.4069
-62.4337
-62.4607
-62.4879
-62.5152
-62.5426
-62.5702
-62.5979
-62.6258
-62.6537
-62.6818
-62.71
-62.7383
-62.7667
-62.7952
-62.8238
-62.8525
-62.8812
-62.9101
-62.939
-62.968
-62.997
-63.0261
-63.0553
-63.0845
-63.1137
-63.143
-63.1723
-63.2017
-63.2311
-63.2605
-63.29
-63.3194
-63.3489
-63.3784
-63.4079
-63.4374
-63.4669
-63.4964
-63.5259
-63.5554
-63.5849
-63.6143
-63.6438
-63.6732
-63.7026
-63.732
-63.7613
-63.7906
-63.8199
-63.8492
-63.8784
-63.9075
-63.9367
-63.9657
-63.9948
-63.8986
-63.7263
-63.5017
-63.2392
-62.949
-62.6385
-62.3132
-61.9774
-61.6347
-61.2877
-60.9385
-60.5888
-60.24
-59.8932
-59.5492
-59.2089
-58.8728
-58.5413
-58.215
-57.894
-57.5786
-57.269
-56.9654
-56.6679
-56.3765
-56.0913
-55.8123
-55.5395
-55.2728
-55.0123
-54.7578
-54.5093
-54.2667
-54.0298
-53.7987
-53.5732
-53.3531
-53.1384
-52.9289
-52.7244
-52.5249
-52.3303
-52.1403
-51.9548
-51.7737
-51.5969
-51.4242
-51.2555
-51.0906
-50.9295
-50.772
-50.6179
-50.4672
-50.3197
-50.1752
-50.0338
-49.8952
-49.7594
-49.6262
-49.4955
-49.3673
-49.2413
-49.1177
-48.9961
-48.8766
-48.7591
-48.6434
-48.5295
-48.4173
-48.3067
-48.1977
-48.0901
-47.9839
-47.879
-47.7753
-47.6729
-47.5715
-47.4712
-47.3718
-47.2733
-47.1757
-47.0788
-46.9827
-46.8872
-46.7923
-46.6979
-46.604
-46.5105
-46.4173
-46.3243
-46.2316
-46.139
-46.0465
-45.954
-45.8614
-45.7687
-45.6757
-45.5825
-45.489
-45.3949
-45.3004
-45.2053
-45.1094
-45.0128
-44.9153
-44.8169
-44.7173
-44.6166
-44.5145
-44.411
-44.306
-44.1993
-44.0908
-43.9803
-43.8677
-43.7528
-43.6354
-43.5154
-43.3926
-43.2667
-43.1376
-43.005
-42.8687
-42.7283
-42.5837
-42.4344
-42.2803
-42.1209
-41.9559
-41.7849
-41.6074
-41.423
-41.2313
-41.0316
-40.8235
-40.6063
-40.3794
-40.142
-39.8934
-39.6328
-39.3593
-39.0719
-38.7695
-38.4511
-38.1155
-37.7612
-37.387
-36.9912
-36.5721
-36.128
-35.6569
-35.1567
-34.6251
-34.0596
-33.4578
-32.8166
-32.1333
-31.4046
-30.6273
-29.798
-28.9131
-27.9692
-26.9628
-25.8906
-24.7498
-23.5379
-22.2533
-20.8955
-19.4653
-17.9654
-16.4008
-14.7793
-13.1115
-11.4117
-9.69729
-7.98911
-6.3104
-4.68606
-3.1413
-1.70019
-0.384185
0.789092
1.80676
2.66105
3.34929
3.87336
4.23894
4.45464
4.53105
4.47993
4.31345
4.04372
3.68236
3.24025
2.7274
2.15291
1.52495
0.850813
0.136959
-0.61088
-1.38765
-2.18888
-3.01064
-3.84947
-4.7023
-5.56643
-6.43948
-7.31935
-8.20419
-9.09236
-9.98244
-10.8732
-11.7634
-12.6522
-13.5388
-14.4223
-15.3022
-16.178
-17.0491
-17.9152
-18.7761
-19.6314
-20.481
-21.3247
-22.1625
-22.9944
-23.8203
-24.6403
-25.4546
-26.2632
-27.0664
-27.8644
-28.6574
-29.4457
-30.2296
-31.0096
-31.786
-32.5593
-33.3299
-34.0984
-34.8652
-35.631
-36.3964
-37.1619
-37.9283
-38.6961
-39.4662
-40.2393
-41.016
-41.7971
-42.5833
-43.3754
-44.1741
-44.9801
-45.794
-46.6165
-47.448
-48.289
-49.1397
-50.0005
-50.8713
-51.752
-52.6421
-53.5409
-54.4476
-55.3608
-56.2788
-57.1997
-58.1209
-59.0396
-59.9526
-60.856
-61.746
-62.6183
-63.4685
-64.2921
-65.0848
-65.8425
-66.5616
-67.2391
-67.8726
-68.4606
-69.0024
-69.498
-69.9482
-70.3547
-70.7194
-71.0449
-71.334
-71.5896
-71.8147
-72.0124
-72.1855
-72.3368
-72.4687
-72.5836
-72.6836
-72.6343
-72.4957
-72.2972
-72.0567
-71.7867
-71.4959
-71.1908
-70.8764
-70.5566
-70.2341
-69.9113
-69.5898
-69.271
-68.9561
-68.6456
-68.3404
-68.0408
-67.7472
-67.4599
-67.1789
-66.9046
-66.6369
-66.3758
-66.1213
-65.8735
-65.6321
-65.3973
-65.1689
-64.9467
-64.7307
-64.5208
-64.3168
-64.1187
-63.9263
-63.7395
-63.5581
-63.3821
-63.2113
-63.0456
-62.8848
-62.729
-62.5778
-62.4313
-62.2893
-62.1517
-62.0184
-61.8893
-61.7642
-61.6432
-61.526
-61.4126
-61.3029
-61.1968
-61.0942
-60.9951
-60.8993
-60.8068
-60.7175
-60.6312
-60.548
-60.4678
-60.3905
-60.316
-60.2442
-60.1751
-60.1087
-60.0448
-59.9835
-59.9245
-59.868
-59.8138
-59.7619
-59.7122
-59.6647
-59.6193
-59.576
-59.5347
-59.4955
-59.4581
-59.4227
-59.3891
-59.3573
-59.3273
-59.2991
-59.2725
-59.2476
-59.2244
-59.2027
-59.1825
-59.1639
-59.1468
-59.1311
-59.1169
-59.104
-59.0926
-59.0824
-59.0736
-59.066
-59.0597
-59.0546
-59.0507
-59.0479
-59.0463
-59.0459
-59.0465
-59.0482
-59.0509
-59.0547
-59.0595
-59.0652
-59.072
-59.0796
-59.0882
-59.0977
-59.108
-59.1192
-59.1313
-59.1442
-59.1578
-59.1723
-59.1875
-59.2035
-59.2202
-59.2377
-59.2558
-59.2746
-59.2941
-59.3143
-59.335
-59.3564
-59.3784
-59.401
-59.4242
-59.4479
-59.4722
-59.497
-59.5224
-59.5482
-59.5746
-59.6014
-59.6287
-59.6565
-59.6847
-59.7133
-59.7424
-59.7718
-59.8017
-59.832
-59.8626
-59.8936
-59.9249
-59.9566
-59.9887
-60.021
-60.0537
-60.0867
-60.1199
-60.1535
-60.1873
-60.2214
-60.2558
-60.2904
-60.3252
-60.3602
-60.3955
-60.431
-60.4667
-60.5026
-60.5387
-60.575
-60.6114
-60.648
-60.6848
-60.7217
-60.7588
-60.796
-60.8333
-60.8707
-60.9083
-60.946
-60.9838
-61.0216
-61.0596
-61.0976
-61.1358
-61.174
-61.2122
-61.2505
-61.2889
-61.3273
-61.3658
-61.4043
-61.4428
-61.4814
-61.52
-61.5586
-61.5972
-61.6358
-61.6745
-61.7131
-61.6304
-61.4735
-61.2651
-61.0191
-60.7452
-60.4506
-60.1406
-59.8195
-59.4907
-59.1568
-58.8198
-58.4816
-58.1433
-57.8062
-57.4711
-57.1388
-56.8098
-56.4847
-56.1637
-55.8474
-55.5358
-55.2292
-54.9278
-54.6316
-54.3408
-54.0553
-53.7753
-53.5005
-53.2312
-52.9671
-52.7082
-52.4545
-52.2059
-51.9621
-51.7232
-51.489
-51.2594
-51.0342
-50.8132
-50.5964
-50.3835
-50.1745
-49.9691
-49.7672
-49.5686
-49.3731
-49.1807
-48.9911
-48.8041
-48.6197
-48.4375
-48.2576
-48.0796
-47.9034
-47.7289
-47.5559
-47.3842
-47.2137
-47.0442
-46.8755
-46.7075
-46.54
-46.3728
-46.2057
-46.0387
-45.8715
-45.7038
-45.5357
-45.3668
-45.197
-45.0261
-44.8538
-44.68
-44.5045
-44.3271
-44.1474
-43.9654
-43.7806
-43.593
-43.4021
-43.2077
-43.0096
-42.8073
-42.6006
-42.389
-42.1723
-41.9501
-41.7218
-41.487
-41.2454
-40.9962
-40.7391
-40.4734
-40.1985
-39.9137
-39.6183
-39.3115
-38.9925
-38.6604
-38.3143
-37.953
-37.5756
-37.1808
-36.7673
-36.3337
-35.8787
-35.4005
-34.8976
-34.3679
-33.8097
-33.2208
-32.5991
-31.942
-31.2473
-30.5122
-29.734
-28.91
-28.0372
-27.1126
-26.1334
-25.0967
-23.9999
-22.8407
-21.6171
-20.3277
-18.9723
-17.5513
-16.0668
-14.5227
-12.9249
-11.2817
-9.60451
-7.90747
-6.20795
-4.52614
-2.88455
-1.30717
0.181818
1.55936
2.80503
3.90225
4.83921
5.60928
6.21097
6.64737
6.92538
7.05475
7.04708
6.91498
6.67131
6.32865
5.89892
5.39315
4.82137
4.19258
3.51477
2.79501
2.03952
1.25375
0.442473
-0.390119
-1.24036
-2.10502
-2.98129
-3.86666
-4.75897
-5.65629
-6.55692
-7.45938
-8.36235
-9.26471
-10.1654
-11.0637
-11.9586
-12.8497
-13.7362
-14.6178
-15.494
-16.3645
-17.229
-18.0873
-18.9392
-19.7845
-20.6234
-21.4556
-22.2812
-23.1003
-23.9129
-24.7192
-25.5193
-26.3134
-27.1017
-27.8845
-28.662
-29.4346
-30.2026
-30.9665
-31.7265
-32.4831
-33.2369
-33.9882
-34.7377
-35.4859
-36.2333
-36.9806
-37.7284
-38.4774
-39.2283
-39.9816
-40.7382
-41.4987
-42.2638
-43.0343
-43.8107
-44.5939
-45.3844
-46.1828
-46.9896
-47.8053
-48.6302
-49.4644
-50.308
-51.161
-52.0229
-52.8932
-53.771
-54.6551
-55.5439
-56.4357
-57.328
-58.2181
-59.103
-59.9791
-60.8425
-61.6893
-62.515
-63.3154
-64.0863
-64.8236
-65.5238
-66.1839
-66.8015
-67.3752
-67.904
-68.3882
-68.8284
-69.2261
-69.5832
-69.9023
-70.186
-70.4371
-70.6587
-70.8536
-71.0246
-71.1744
-71.3054
-71.4199
-71.5199
-71.6073
-71.6838
-71.7507
-71.8094
-71.8609
-71.9063
-71.9463
-71.9816
-72.013
-72.041
-72.0659
-72.0883
-72.1085
-72.1266
-72.1432
-72.1582
-72.172
-72.1846
-72.1963
-72.2071
-72.2171
-72.2265
-72.2353
-72.2435
-72.2513
-72.2587
-72.2657
-72.2723
-72.2787
-72.2848
-72.2906
-72.2962
-72.3015
-72.3067
-72.3117
-72.3165
-72.3211
-72.3256
-72.3299
-72.3341
-72.3381
-72.342
-72.3458
-72.3495
-72.353
-72.3564
-72.3598
-72.363
-72.366
-72.369
-72.3719
-72.3747
-72.3773
-72.3799
-72.3823
-72.3847
-72.3869
-72.3891
-72.3911
-72.393
-72.3949
-72.3966
-72.3983
-72.3998
-72.4012
-72.4026
-72.4038
-72.4049
-72.4059
-72.4069
-72.4077
-72.4084
-72.409
-72.4096
-72.41
-72.4103
-72.4105
-72.4106
-72.4106
-72.4106
-72.4104
-72.4101
-72.4097
-72.4092
-72.4086
-72.4079
-72.4071
-72.4062
-72.4052
-72.404
-72.4028
-72.4015
-72.4001
-72.3986
-72.3969
-72.3952
-72.3934
-72.3914
-72.3894
-72.3873
-72.385
-72.3827
-72.3802
-72.2338
-71.9984
-71.7012
-71.3589
-70.9832
-70.5828
-70.1645
-69.7336
-69.2941
-68.8495
-68.4024
-67.9549
-67.5087
-67.0654
-66.6259
-66.1913
-65.7624
-65.3397
-64.9238
-64.5151
-64.1139
-63.7205
-63.3351
-62.9578
-62.5887
-62.228
-61.8756
-61.5316
-61.1958
-60.8684
-60.5492
-60.2382
-59.9352
-59.6402
-59.3531
-59.0737
-58.8019
-58.5375
-58.2805
-58.0306
-57.7878
-57.5519
-57.3226
-57.0999
-56.8837
-56.6736
-56.4697
-56.2717
-56.0795
-55.8929
-55.7118
-55.536
-55.3654
-55.1998
-55.0392
-54.8833
-54.732
-54.5852
-54.4428
-54.3046
-54.1706
-54.0405
-53.9144
-53.792
-53.6733
-53.5582
-53.4466
-53.3383
-53.2333
-53.1316
-53.0329
-52.9373
-52.8447
-52.7549
-52.668
-52.5838
-52.5023
-52.4234
-52.3471
-52.2732
-52.2018
-52.1329
-52.0662
-52.0019
-51.9398
-51.88
-51.8223
-51.7668
-51.7134
-51.662
-51.6127
-51.5655
-51.5202
-51.4769
-51.4355
-51.396
-51.3585
-51.3228
-51.289
-51.257
-51.2269
-51.1986
-51.172
-51.1473
-51.1244
-51.1032
-51.0838
-51.0662
-51.0503
-51.0361
-51.0238
-51.0131
-51.0042
-50.9971
-50.9917
-50.988
-50.986
-50.9858
-50.9873
-50.9906
-50.9956
-51.0024
-51.0109
-51.0211
-51.0331
-51.0469
-51.0624
-51.0797
-51.0987
-51.1196
-51.1422
-51.1666
-51.1928
-51.2207
-51.2505
-51.2821
-51.3155
-51.3507
-51.3878
-51.4266
-51.4673
-51.5098
-51.5542
-51.6003
-51.6484
-51.6982
-51.7499
-51.8034
-51.8587
-51.9159
-51.9749
-52.0357
-52.0983
-52.1628
-52.229
-52.2971
-52.3669
-52.4385
-52.5119
-52.587
-52.6638
-52.7424
-52.8226
-52.9045
-52.9881
-53.0734
-53.1602
-53.2486
-53.3386
-53.4301
-53.5231
-53.6175
-53.7134
-53.8107
-53.9094
-54.0093
-54.1106
-54.213
-54.3167
-54.4215
-54.5274
-54.6344
-54.7423
-54.8512
-54.9611
-55.0717
-55.1832
-55.2954
-55.4083
-55.5218
-55.6359
-55.7505
-55.8656
-55.9811
-56.097
-56.2131
-56.3295
-56.446
-56.5627
-56.6794
-56.7962
-56.9129
-57.0295
-57.146
-57.2622
-57.3782
-57.4939
-57.6093
-57.7242
-57.8387
-57.9528
-58.0662
-58.1792
-58.2915
-58.4031
-58.5141
-58.6243
-58.7338
-58.8425
-58.9504
-59.0575
-59.1637
-59.2689
-59.3733
-59.4768
-59.5792
-59.6808
-59.7813
-59.8808
-59.9793
-60.0768
-60.1732
-60.2686
-60.363
-60.4563
-60.5485
-60.6397
-60.7298
-60.8188
-60.9067
-60.9936
-61.0795
-61.1642
-61.2479
-61.3306
-61.4122
-61.4928
-61.5723
-61.6508
-61.7283
-61.8047
-61.8802
-61.9546
-62.0281
-62.1006
-62.1721
-62.2427
-62.3123
-62.381
-62.4488
-62.5157
-62.5816
-62.6467
-62.7109
-62.7742
-62.8367
-62.8983
-62.9591
-63.0191
-63.0782
-63.1366
-63.1942
-63.251
-63.3071
-63.3624
-63.4169
-63.4708
-63.5239
-63.5763
-63.628
-63.6791
-63.7294
-63.7791
-63.8282
-63.8766
-63.9244
-63.9715
-64.018
-64.064
-64.1093
-64.1541
-64.1983
-64.2419
-64.2849
-64.3274
-64.3694
-64.4108
-64.4517
-64.4921
-64.532
-64.5714
-64.6103
-64.6487
-64.6866
-64.724
-64.761
-64.7976
-64.8336
-64.8693
-64.9045
-64.9392
-64.9736
-65.0075
-65.041
-65.0741
-65.1068
-65.1391
-65.171
-65.2025
-65.2337
-65.2644
-65.2948
-65.3249
-65.3545
-65.3838
-65.4128
-65.4414
-65.4697
-65.4976
-65.5252
-65.5525
-65.5794
-65.6061
-65.6324
-65.6584
-65.6841
-65.7094
-65.7345
-65.7593
-65.7838
-65.6743
-65.4796
-65.2237
-64.9212
-64.5827
-64.2162
-63.8281
-63.4231
-63.0054
-62.5782
-62.1441
-61.7052
-61.2633
-60.8199
-60.3763
-59.9334
-59.4921
-59.0531
-58.617
-58.1844
-57.7556
-57.331
-56.9108
-56.4952
-56.0845
-55.6787
-55.2779
-54.882
-54.4912
-54.1053
-53.7243
-53.3479
-52.9762
-52.6088
-52.2455
-51.8862
-51.5305
-51.1781
-50.8288
-50.482
-50.1375
-49.7949
-49.4536
-49.1132
-48.7733
-48.4332
-48.0925
-47.7504
-47.4065
-47.0599
-46.71
-46.356
-45.9972
-45.6326
-45.2612
-44.8822
-44.4945
-44.0969
-43.6881
-43.2669
-42.8317
-42.3811
-41.9132
-41.4263
-40.9184
-40.387
-39.83
-39.2444
-38.6275
-37.9759
-37.286
-36.554
-35.7755
-34.9457
-34.0595
-33.111
-32.0941
-31.0021
-29.8276
-28.5629
-27.1998
-25.7299
-24.1447
-22.4358
-20.5956
-18.6176
-16.4971
-14.2325
-11.8259
-9.28501
-6.62376
-3.86405
-1.03644
1.81958
4.65631
7.41986
10.0535
12.5018
14.7161
16.6583
18.304
19.6442
20.6836
21.4383
21.9325
22.1948
22.2551
22.1424
21.8833
21.5011
21.0159
20.4448
19.8016
19.0981
18.3437
17.5465
16.7129
15.8485
14.9581
14.0457
13.1147
12.1682
11.2088
10.239
9.26077
8.27607
7.28655
6.29373
5.29897
4.30346
3.30831
2.3145
1.32289
0.334261
-0.650691
-1.63136
-2.60719
-3.57773
-4.54256
-5.50131
-6.45369
-7.39944
-8.33834
-9.27021
-10.1949
-11.1123
-12.0224
-12.9251
-13.8204
-14.7082
-15.5887
-16.4618
-17.3277
-18.1863
-19.038
-19.8826
-20.7205
-21.5518
-22.3767
-23.1953
-24.0081
-24.8151
-25.6166
-26.4131
-27.2049
-27.9922
-28.7755
-29.5552
-30.3318
-31.1057
-31.8775
-32.6476
-33.4168
-34.1856
-34.9546
-35.7246
-36.4961
-37.2701
-38.0471
-38.8281
-39.6139
-40.4052
-41.2028
-42.0077
-42.8206
-43.6424
-44.4737
-45.3154
-46.1679
-47.032
-47.9078
-48.7957
-49.6958
-50.6076
-51.5309
-52.4647
-53.4078
-54.3586
-55.3148
-56.2738
-57.2324
-58.1869
-59.133
-60.0661
-60.9811
-61.8728
-62.7358
-63.5649
-64.3555
-65.1032
-65.8046
-66.4571
-67.0591
-67.6101
-68.1104
-68.5613
-68.9651
-69.3243
-69.6421
-69.9218
-70.167
-70.3811
-70.5676
-70.7296
-70.8702
-70.992
-71.0975
-71.189
-71.2683
-71.3371
-71.397
-71.4492
-71.4949
-71.5349
-71.5701
-71.6012
-71.6288
-71.6533
-71.6753
-71.6951
-71.713
-71.7293
-71.7442
-71.7579
-71.7705
-71.7823
-71.7933
-71.8035
-71.8132
-71.8224
-71.8311
-71.8394
-71.8474
-71.855
-71.8624
-71.8695
-71.8764
-71.8831
-71.8896
-71.8959
-71.902
-71.908
-71.9139
-71.9196
-71.9252
-71.9307
-71.9361
-71.9414
-71.9466
-71.9516
-71.9566
-71.9615
-71.9662
-71.9709
-71.9755
-71.98
-71.9845
-71.9888
-71.993
-71.9972
-72.0012
-72.0052
-72.0091
-72.0129
-72.0166
-72.0203
-72.0238
-72.0273
-72.0306
-72.0339
-72.0371
-72.0402
-72.0432
-72.0461
-72.0489
-72.0517
-72.0543
-72.0569
-72.0593
-72.0617
-72.064
-72.0662
-72.0683
-72.0703
-72.0722
-72.074
-72.0757
-72.0773
-72.0789
-72.0803
-72.0816
-72.0829
-72.084
-72.0851
-72.086
-72.0869
-72.0876
-72.0883
-72.0888
-72.0893
-72.0897
-72.0899
-72.0901
-72.0902
-72.0901
-72.09
-72.0898
-72.0895
-72.089
-72.0885
-72.0879
-72.0871
-72.0863
-72.0854
-72.0844
-72.0832
-72.082
-72.0807
-72.0793
-72.0777
-72.0761
-72.0744
-72.0726
-72.0706
-72.0686
-72.0665
-72.0643
-72.0619
-72.0595
-72.057
-72.0544
-72.0516
-72.0488
-72.0459
-72.0429
-72.0397
-72.0365
-72.0332
-72.0298
-72.0263
-72.0226
-72.0189
-72.0151
-72.0112
-72.0072
-72.0031
-71.9989
-71.9946
-71.9902
-71.9857
-71.9811
-71.9764
-71.9716
-71.9667
-71.9618
-71.9567
-71.9515
-71.9463
-71.9409
-71.9355
-71.9299
-71.9243
-71.9185
-71.9127
-71.9068
-71.9008
-71.8947
-71.8885
-71.8822
-71.8758
-71.8693
-71.8627
-71.8561
-71.8493
-71.8425
-71.8356
-71.8286
-71.8215
-71.8143
-71.807
-71.7996
-71.7921
-71.7846
-71.777
-71.7693
-71.7614
-71.7536
-71.7456
-71.7375
-71.7294
-71.7211
-71.7128
-71.7044
-71.6959
-71.6874
-71.6787
-71.67
-71.6612
-71.6523
-71.6433
-71.6343
-71.6252
-71.6159
-71.6067
-71.5973
-71.5878
-71.5783
-71.5687
-71.559
-71.5493
-71.5394
-71.5295
-71.5196
-71.3639
-71.1156
-70.8009
-70.436
-70.0325
-69.5993
-69.1432
-68.6698
-68.1835
-67.6879
-67.186
-66.6802
-66.1725
-65.6646

