-65
-64.9994
-64.9988
-64.9982
-64.9977
-64.9971
-64.9965
-64.996
-64.9954
-64.9949
-64.9943
-64.9938
-64.9932
-64.9927
-64.9922
-64.9917
-64.9912
-64.9906
-64.9901
-64.9896
-64.9891
-64.9886
-64.9881
-64.9876
-64.9872
-64.9867
-64.9862
-64.9857
-64.9852
-64.9848
-64.9843
-64.9838
-64.9834
-64.9829
-64.9825
-64.982
-64.9816
-64.9811
-64.9807
-64.9802
-64.9798
-64.9794
-64.9789
-64.9785
-64.9781
-64.9777
-64.9772
-64.9768
-64.9764
-64.976
-64.9756
-64.9752
-64.9748
-64.9744
-64.974
-64.9736
-64.9732
-64.9728
-64.9725
-64.9721
-64.9717
-64.9713
-64.971
-64.9706
-64.9702
-64.9699
-64.9695
-64.9692
-64.9688
-64.9685
-64.9681
-64.9678
-64.9675
-64.9671
-64.9668
-64.9665
-64.9661
-64.9658
-64.9655
-64.9652
-64.9649
-64.9646
-64.9642
-64.9639
-64.9636
-64.9633
-64.963
-64.9628
-64.9625
-64.9622
-64.9619
-64.9616
-64.9613
-64.9611
-64.9608
-64.9605
-64.9603
-64.96
-64.9598
-64.9595
-64.9592
-64.959
-64.9588
-64.9585
-64.9583
-64.958
-64.9578
-64.9576
-64.9573
-64.9571
-64.9569
-64.9567
-64.9565
-64.9562
-64.956
-64.9558
-64.9556
-64.9554
-64.9552
-64.955
-64.9548
-64.9546
-64.9545
-64.9543
-64.9541
-64.9539
-64.9537
-64.9536
-64.9534
-64.9532
-64.9531
-64.9529
-64.9527
-64.9526
-64.9524
-64.9523
-64.9521
-64.952
-64.9519
-64.9517
-64.9516
-64.9514
-64.9513
-64.9512
-64.9511
-64.9509
-64.9508
-64.9507
-64.9506
-64.9505
-64.9504
-64.9503
-64.9502
-64.95
-64.9499
-64.9499
-64.9498
-64.9497
-64.9496
-64.9495
-64.9494
-64.9493
-64.9492
-64.9492
-64.9491
-64.949
-64.9489
-64.9489
-64.9488
-64.9487
-64.9487
-64.9486
-64.9486
-64.9485
-64.9485
-64.9484
-64.9484
-64.9483
-64.9483
-64.9482
-64.9482
-64.9482
-64.9481
-64.9481
-64.9481
-64.948
-64.948
-64.948
-64.948
-64.948
-64.9479
-64.9479
-64.9479
-64.9479
-64.9479
-64.9479
-64.9479
-64.9479
-64.9479
-64.9479
-64.9479
-64.9479
-64.9479
-64.9479
-64.9479
-64.9479
-64.9479
-64.9479
-64.948
-64.948
-64.948
-64.948
-64.9481
-64.9481
-64.9481
-64.9481
-64.9482
-64.9482
-64.9482
-64.9483
-64.9483
-64.9483
-64.9484
-64.9484
-64.9485
-64.9485
-64.9486
-64.9486
-64.9487
-64.9487
-64.9488
-64.9488
-64.9489
-64.9489
-64.949
-64.9491
-64.9491
-64.9492
-64.9492
-64.9493
-64.9494
-64.9494
-64.9495
-64.9496
-64.9497
-64.9497
-64.9498
-64.9499
-64.95
-64.95
-64.9501
-64.9502
-64.9503
-64.9504
-64.9504
-64.9505
-64.9506
-64.9507
-64.9508
-64.9509
-64.951
-64.951
-64.9511
-64.9512
-64.9513
-64.9514
-64.9515
-64.9516
-64.9517
-64.9518
-64.9519
-64.952
-64.9521
-64.9522
-64.9523
-64.9524
-64.9525
-64.9526
-64.9527
-64.9528
-64.9529
-64.953
-64.9532
-64.9533
-64.9534
-64.9535
-64.9536
-64.9537
-64.9538
-64.9539
-64.954
-64.9542
-64.9543
-64.9544
-64.9545
-64.9546
-64.9547
-64.9548
-64.955
-64.9551
-64.9552
-64.9553
-64.9554
-64.9556
-64.9557
-64.9558
-64.9559
-64.956
-64.9562
-64.9563
-64.9564
-64.9565
-64.9566
-64.9568
-64.9569
-64.957
-64.9571
-64.9573
-64.9574
-64.9575
-64.9576
-64.9578
-64.9579
-64.958
-64.9581
-64.9583
-64.9584
-64.9585
-64.9587
-64.9588
-64.9589
-64.959
-64.9592
-64.9593
-64.9594
-64.9595
-64.9597
-64.9598
-64.9599
-64.96
-64.9602
-64.9603
-64.9604
-64.9606
-64.9607
-64.9608
-64.9609
-64.9611
-64.9612
-64.9613
-64.9614
-64.9616
-64.9617
-64.9618
-64.962
-64.9621
-64.9622
-64.9623
-64.9625
-64.9626
-64.9627
-64.9628
-64.963
-64.9631
-64.9632
-64.9633
-64.9635
-64.9636
-64.9637
-64.9638
-64.964
-64.9641
-64.9642
-64.9643
-64.9645
-64.9646
-64.9647
-64.9648
-64.9649
-64.9651
-64.9652
-64.9653
-64.9654
-64.9655
-64.9657
-64.9658
-64.9659
-64.966
-64.9661
-64.9663
-64.9664
-64.9665
-64.9666
-64.9667
-64.9668
-64.967
-64.9671
-64.9672
-64.9673
-64.9674
-64.9675
-64.9677
-64.9678
-64.9679
-64.968
-64.9681
-64.9682
-64.9683
-64.9684
-64.9685
-64.9687
-64.9688
-64.9689
-64.969
-64.9691
-64.9692
-64.9693
-64.9694
-64.9695
-64.9696
-64.9697
-64.9698
-64.9699
-64.97
-64.9701
-64.9702
-64.9703
-64.9704
-64.9705
-64.9706
-64.9707
-64.9708
-64.9709
-64.971
-64.9711
-64.9712
-64.9713
-64.9714
-64.9715
-64.9716
-64.9717
-64.9718
-64.9719
-64.972
-64.9721
-64.9722
-64.9722
-64.9723
-64.9724
-64.9725
-64.9726
-64.9727
-64.9728
-64.9729
-64.9729
-64.973
-64.9731
-64.9732
-64.9733
-64.9734
-64.9734
-64.9735
-64.9736
-64.9737
-64.9738
-64.9738
-64.9739
-64.974
-64.9741
-64.9741
-64.9742
-64.9743
-64.9744
-64.9744
-64.9745
-64.9746
-64.9747
-64.9747
-64.9748
-64.9749
-64.9749
-64.975
-64.9751
-64.9751
-64.9752
-64.9753
-64.9753
-64.9754
-64.9755
-64.9755
-64.9756
-64.9757
-64.9757
-64.9758
-64.9758
-64.9759
-64.976
-64.976
-64.9761
-64.9761
-64.9762
-64.9762
-64.9763
-64.9764
-64.9764
-64.9765
-64.9765
-64.9766
-64.9766
-64.9767
-64.9767
-64.9768
-64.9768
-64.9769
-64.9769
-64.977
-64.977
-64.9771
-64.9771
-64.9771
-64.9772
-64.9772
-64.9773
-64.9773
-64.9774
-64.9774
-64.8428
-64.6207
-64.3341
-63.9974
-63.6211
-63.213
-62.7794
-62.3253
-61.8548
-61.3713
-60.8774
-60.3753
-59.8668
-59.3535
-58.8366
-58.317
-57.7955
-57.2728
-56.7493
-56.2253
-55.701
-55.1766
-54.6521
-54.1272
-53.6018
-53.0755
-52.5479
-52.0185
-51.4865
-50.9511
-50.4115
-49.8665
-49.315
-48.7554
-48.1863
-47.6059
-47.0121
-46.4026
-45.775
-45.1263
-44.4533
-43.7523
-43.0192
-42.2493
-41.4371
-40.5767
-39.6611
-38.6824
-37.6315
-36.4982
-35.2706
-33.9354
-32.4772
-30.879
-29.1214
-27.1831
-25.0411
-22.6712
-20.049
-17.152
-13.9621
-10.4697
-6.67892
-2.61337
1.67831
6.11895
10.6036
15.0063
19.1923
23.0348
26.4312
29.3151
31.6617
33.485
34.8293
35.757
36.3375
36.6378
36.7172
36.6245
36.3979
36.0667
35.6522
35.1702
34.632
34.0459
33.4184
32.7541
32.0569
31.3299
30.5758
29.7968
28.9951
28.1726
27.331
26.4721
25.5972
24.708
23.8057
22.8918
21.9676
21.0341
20.0925
19.144
18.1896
17.2301
16.2666
15.2776
14.28
13.2806
12.2831
11.2895
10.301
9.31825
8.34195
7.37245
6.41008
5.45507
4.50761
3.56785
2.63592
1.7119
0.795862
-0.112151
-1.01211
-1.90401
-2.78786
-3.66368
-4.5315
-5.39138
-6.24337
-7.08754
-7.92396
-8.75273
-9.57393
-10.3877
-11.194
-11.9931
-12.7851
-13.5701
-14.3482
-15.1196
-15.8844
-16.6176
-17.3311
-18.0301
-18.7171
-19.3935
-20.0604
-20.7184
-21.3681
-22.01
-22.6445
-23.272
-23.8928
-24.5074
-25.116
-25.7191
-26.3171
-26.9103
-27.4992
-28.0841
-28.6655
-29.2438
-29.8195
-30.393
-30.9649
-31.5356
-32.1055
-32.6754
-33.2456
-33.8167
-34.3893
-34.964
-35.5412
-36.1216
-36.7056
-37.2939
-37.8868
-38.4848
-39.0883
-39.6976
-40.3128
-40.934
-41.5611
-42.1937
-42.8315
-43.4735
-44.1189
-44.7663
-45.4141
-46.0603
-46.7028
-47.3391
-47.9664
-48.582
-49.1829
-49.7663
-50.3294
-50.8698
-51.3852
-51.8739
-52.3344
-52.7659
-53.1679
-53.5404
-53.8838
-54.199
-54.487
-54.7491
-54.9868
-55.2018
-55.3957
-55.5701
-55.7269
-55.8676
-55.9937
-56.1068
-56.2082
-56.2992
-56.381
-56.4546
-56.521
-56.5811
-56.6356
-56.6854
-56.7309
-56.7728
-56.8115
-56.8475
-56.8812
-56.913
-56.9431
-56.9718
-56.9993
-57.0259
-57.0518
-57.077
-57.1017
-57.1261
-57.1503
-57.1743
-57.1983
-57.2222
-57.2463
-57.2704
-57.2948
-57.3193
-57.3441
-57.3692
-57.3945
-57.4202
-57.4462
-57.4726
-57.4993
-57.5265
-57.4548
-57.3316
-57.1781
-57.0062
-56.8233
-56.6342
-56.4424
-56.2501
-56.059
-55.8702
-55.6846
-55.5026
-55.3249
-55.1515
-54.9827
-54.8186
-54.6593
-54.5048
-54.3551
-54.2102
-54.0701
-53.9346
-53.8037
-53.6774
-53.5556
-53.4381
-53.3249
-53.2159
-53.1111
-53.0102
-52.9133
-52.8202
-52.7309
-52.6453
-52.5632
-52.4847
-52.4095
-52.3377
-52.2691
-52.2038
-52.1415
-52.0822
-52.026
-51.9726
-51.9221
-51.8743
-51.8292
-51.7868
-51.7469
-51.7096
-51.6748
-51.6423
-51.6123
-51.5845
-51.559
-51.5358
-51.5147
-51.4958
-51.4789
-51.4641
-51.4513
-51.4405
-51.4316
-51.4246
-51.4194
-51.4161
-51.4145
-51.4147
-51.4166
-51.4202
-51.4254
-51.4323
-51.4408
-51.4508
-51.4624
-51.4754
-51.49
-51.506
-51.5234
-51.5422
-51.5624
-51.584
-51.6069
-51.631
-51.6565
-51.6832
-51.7111
-51.7403
-51.7706
-51.8021
-51.8347
-51.8684
-51.9032
-51.9391
-51.9761
-52.0141
-52.0531
-52.0931
-52.1341
-52.176
-52.2189
-52.2626
-52.3073
-52.3528
-52.3992
-52.4464
-52.4945
-52.5433
-52.5929
-52.6433
-52.6944
-52.7463
-52.7988
-52.8521
-52.906
-52.9606
-53.0158
-53.0716
-53.128
-53.185
-53.2426
-53.3007
-53.3594
-53.4186
-53.4783
-53.5385
-53.5991
-53.6602
-53.7218
-53.7838
-53.8461
-53.9089
-53.9721
-54.0356
-54.0995
-54.1637
-54.2282
-54.2931
-54.3582
-54.4236
-54.4893
-54.5553
-54.6215
-54.6879
-54.7545
-54.8213
-54.8883
-54.9555
-55.0229
-55.0904
-55.1581
-55.2259
-55.2938
-55.3618
-55.4299
-55.4982
-55.5664
-55.6348
-55.7032
-55.7717
-55.8402
-55.9087
-55.9772
-56.0458
-56.1143
-56.1829
-56.2514
-56.3199
-56.3884
-56.4568
-56.5252
-56.5935
-56.6618
-56.73
-56.7981
-56.8661
-56.9341
-57.0019
-57.0697
-57.1373
-57.2048
-57.2722
-57.3395
-57.4066
-57.4736
-57.5404
-57.6071
-57.6737
-57.7401
-57.8063
-57.8723
-57.9382
-58.0039
-58.0695
-58.1348
-58.2
-58.2649
-58.3297
-58.3943
-58.4586
-58.5228
-58.5868
-58.6505
-58.714
-58.7773
-58.8404
-58.9033
-58.9659
-59.0283
-59.0905
-59.1525
-59.2142
-59.2757
-59.3369
-59.3979
-59.4587
-59.5192
-59.5794
-59.6395
-59.6992
-59.7588
-59.818
-59.877
-59.9358
-59.9943
-60.0526
-60.1106
-60.1683
-60.2258
-60.283
-60.3399
-60.3966
-60.4531
-60.5092
-60.5651
-60.6208
-60.6761
-60.7312
-60.7861
-60.8406
-60.8949
-60.949
-61.0027
-61.0562
-61.1094
-61.1624
-61.2151
-61.2675
-61.3197
-61.3715
-61.4231
-61.4745
-61.5255
-61.456
-61.3129
-61.119
-60.888
-60.6296
-60.3508
-60.0568
-59.7518
-59.4392
-59.1213
-58.8002
-58.4776
-58.1548
-57.8328
-57.5124
-57.1944
-56.8793
-56.5677
-56.2598
-55.9561
-55.6567
-55.3619
-55.0718
-54.7866
-54.5063
-54.2311
-53.9608
-53.6956
-53.4355
-53.1803
-52.9301
-52.6848
-52.4443
-52.2086
-51.9775
-51.751
-51.5289
-51.3111
-51.0976
-50.8881
-50.6825
-50.4808
-50.2827
-50.0881
-49.8969
-49.7089
-49.524
-49.342
-49.1628
-48.9863
-48.8121
-48.6403
-48.4707
-48.3031
-48.1373
-47.9732
-47.8107
-47.6496
-47.4897
-47.3309
-47.1731
-47.016
-46.8595
-46.7034
-46.5477
-46.392
-46.2364
-46.0805
-45.9242
-45.7673
-45.6097
-45.4511
-45.2914
-45.1303
-44.9677
-44.8033
-44.6369
-44.4683
-44.2972
-44.1233
-43.9464
-43.7662
-43.5823
-43.3945
-43.2024
-43.0056
-42.8037
-42.5964
-42.3832
-42.1635
-41.9369
-41.7028
-41.4607
-41.2098
-40.9496
-40.6792
-40.3978
-40.1046
-39.7986
-39.4788
-39.1441
-38.7933
-38.425
-38.0379
-37.6302
-37.2005
-36.7467
-36.2669
-35.7588
-35.2202
-34.6483
-34.0404
-33.3933
-32.7039
-31.9686
-31.1835
-30.3447
-29.4479
-28.4888
-27.4629
-26.3658
-25.1931
-23.9408
-22.6058
-21.1857
-19.6796
-18.056
-16.3393
-14.5468
-12.6955
-10.8047
-8.89694
-6.99795
-5.13631
-3.34228
-1.64606
-0.0758845
1.34397
2.59471
3.66398
4.54618
5.24198
5.75739
6.10254
6.29037
6.33537
6.2526
6.05688
5.76229
5.3818
4.92718
4.40887
3.83613
3.21702
2.5586
1.867
1.14754
0.404855
-0.357025
-1.13459
-1.92478
-2.72492
-3.53266
-4.34594
-5.16298
-5.9822
-6.8022
-7.6218
-8.43991
-9.25563
-10.0681
-10.8768
-11.6809
-12.48
-13.2736
-14.0614
-14.8431
-15.6184
-16.387
-17.1489
-17.9039
-18.6519
-19.3929
-20.1269
-20.8538
-21.5737
-22.2867
-22.9929
-23.6923
-24.3852
-25.0716
-25.7517
-26.4258
-27.094
-27.7565
-28.4137
-29.0658
-29.7131
-30.3559
-30.9945
-31.6293
-32.2607
-32.8889
-33.5145
-34.0817
-34.6173
-35.1333
-35.6363
-36.13
-36.6172
-37.0996
-37.5787
-38.0556
-38.531
-39.0058
-39.4807
-39.9562
-40.4328
-40.9111
-41.3916
-41.8746
-42.3605
-42.8497
-43.3423
-43.8385
-44.3384
-44.8419
-45.3488
-45.8587
-46.371
-46.8851
-47.4001
-47.9146
-48.4273
-48.9367
-49.4408
-49.9376
-50.4251
-50.9008
-51.3626
-51.8082
-52.2355
-52.6427
-53.0281
-53.3905
-53.7288
-54.0427
-54.3318
-54.5965
-54.8373
-55.055
-55.2507
-55.4256
-55.5812
-55.7189
-55.8402
-55.9465
-56.0394
-56.1203
-56.1904
-56.2511
-56.3033
-56.3483
-56.3869
-56.4201
-56.4485
-56.4729
-56.4939
-56.512
-56.5278
-56.5416
-56.5537
-56.5647
-56.5746
-56.5838
-56.5925
-56.6009
-56.609
-56.6172
-56.6254
-56.6339
-56.6426
-56.6517
-56.6612
-56.6712
-56.6817
-56.6927
-56.7044
-56.7166
-56.7296
-56.7431
-56.7574
-56.7723
-56.7879
-56.8042
-56.8212
-56.8389
-56.8573
-56.8764
-56.8961
-56.9165
-56.9376
-56.9594
-56.9818
-57.0049
-57.0286
-57.0529
-57.0779
-57.1035
-57.1296
-57.1564
-57.1837
-57.2116
-57.2401
-57.2691
-57.2986
-57.3287
-57.3593
-57.3904
-57.4219
-57.454
-57.4865
-57.5195
-57.553
-57.5869
-57.6212
-57.6559
-57.691
-57.7266
-57.7625
-57.7988
-57.8355
-57.8725
-57.9099
-57.9476
-57.9857
-58.0241
-58.0628
-58.1018
-58.1411
-58.1806
-58.2205
-58.2606
-58.301
-58.3416
-58.3825
-58.4236
-58.465
-58.5066
-58.5483
-58.5903
-58.6325
-58.6749
-58.7175
-58.7602
-58.8031
-58.8462
-58.8894
-58.9328
-58.9763
-59.02
-59.0637
-59.1077
-59.1517
-59.1958
-59.2401
-59.2844
-59.3288
-59.3734
-59.418
-59.4626
-59.5074
-59.5522
-59.5971
-59.642
-59.687
-59.732
-59.7771
-59.8222
-59.8673
-59.9124
-59.9576
-60.0028
-60.048
-60.0932
-60.1384
-60.1836
-60.2289
-60.274
-60.3192
-60.3644
-60.4095
-60.4546
-60.4997
-60.5448
-60.5898
-60.6348
-60.6797
-60.7246
-60.7695
-60.8142
-60.859
-60.9036
-60.9482
-60.9928
-61.0373
-61.0817
-61.126
-61.1702
-61.2144
-61.2585
-61.3025
-61.3464
-61.3902
-61.4339
-61.4776
-61.5211
-61.5645
-61.6079
-61.6511
-61.6942
-61.7372
-61.7801
-61.8229
-61.8656
-61.9081
-61.9506
-61.9929
-62.035
-62.0771
-62.119
-62.1609
-62.2025
-62.2441
-62.2855
-62.3268
-62.3679
-62.4089
-62.4498
-62.4905
-62.5311
-62.5715
-62.6118
-62.6519
-62.6919
-62.7318
-62.7715
-62.811
-62.8504
-62.8896
-62.9287
-62.9676
-63.0064
-63.045
-63.0835
-63.1218
-63.1599
-63.1979
-63.2357
-63.2733
-63.3108
-63.3481
-63.3853
-63.4223
-63.4591
-63.4957
-63.5322
-63.5685
-63.6047
-63.6406
-63.6765
-63.7121
-63.7475
-63.7828
-63.8179
-63.8529
-63.8876
-63.9222
-63.9566
-63.9909
-64.0249
-64.0588
-64.0925
-64.1261
-64.1594
-64.1926
-64.2256
-64.2584
-64.291
-64.3235
-64.3558
-64.3879
-64.4198
-64.4516
-64.4831
-64.5145
-64.5457
-64.5768
-64.6076
-64.6383
-64.6688
-64.6991
-64.7292
-64.7591
-64.7889
-64.8185
-64.8479
-64.8771
-64.9061
-64.935
-64.9637
-64.9921
-65.0205
-65.0486
-65.0766
-65.1043
-65.1319
-65.1593
-65.1866
-65.2136
-65.2405
-65.2672
-65.2937
-65.32
-65.3462
-65.3721
-65.3979
-65.4236
-65.449
-65.4743
-65.4993
-65.5242
-65.549
-65.5735
-65.5979
-65.6221
-65.6461
-65.6699
-65.6936
-65.7171
-65.7404
-65.7635
-65.7865
-65.8093
-65.8319
-65.8543
-65.8766
-65.8987
-65.9206
-65.9423
-65.9639
-65.9853
-66.0065
-66.0276
-66.0484
-66.0692
-66.0897
-65.9768
-65.7799
-65.523
-65.2212
-64.8849
-64.5222
-64.1393
-63.741
-63.3314
-62.9134
-62.4898
-62.0626
-61.6334
-61.2038
-60.775
-60.3477
-59.923
-59.5015
-59.0837
-58.6702
-58.2613
-57.8574
-57.4587
-57.0654
-56.6777
-56.2958
-55.9196
-55.5493
-55.1848
-54.8262
-54.4734
-54.1262
-53.7847
-53.4487
-53.118
-52.7925
-52.472
-52.1562
-51.8451
-51.5382
-51.2355
-50.9366
-50.6411
-50.349
-50.0597
-49.7731
-49.4887
-49.2062
-48.9252
-48.6454
-48.3664
-48.0878
-47.8091
-47.5299
-47.2497
-46.9681
-46.6846
-46.3986
-46.1096
-45.817
-45.5202
-45.2186
-44.9114
-44.5981
-44.2777
-43.9496
-43.6128
-43.2664
-42.9093
-42.5406
-42.159
-41.7634
-41.3522
-40.9241
-40.4774
-40.0104
-39.5211
-39.0075
-38.4673
-37.8979
-37.2967
-36.6606
-35.9864
-35.2705
-34.5089
-33.6974
-32.8313
-31.9058
-30.9153
-29.8542
-28.7163
-27.4952
-26.1845
-24.7774
-23.2675
-21.6489
-19.9162
-18.0656
-16.0951
-14.0056
-11.8014
-9.49146
-7.09041
-4.61928
-2.10612
0.414018
2.89998
5.30632
7.5862
9.6949
11.5936
13.2526
14.6534
15.7892
16.664
17.2907
17.6885
17.8803
17.8903
17.7423
17.4587
17.0595
16.5624
15.9825
15.3329
14.6245
13.8664
13.0665
12.2313
11.3663
10.4765
9.56575
8.63778
7.69564
6.74206
5.77944
4.80987
3.83525
2.85722
1.87727
0.896705
-0.0833054
-1.06173
-2.03766
-3.01028
-3.97888
-4.94284
-5.90162
-6.85475
-7.80182
-8.74249
-9.67646
-10.6035
-11.5234
-12.436
-13.3412
-14.2389
-15.1291
-16.0117
-16.8868
-17.7544
-18.6145
-19.4673
-20.3128
-21.1512
-21.9827
-22.8073
-23.6254
-24.4372
-25.2428
-26.0427
-26.837
-27.6261
-28.4105
-29.1903
-29.9662
-30.7385
-31.5076
-32.2742
-33.0386
-33.8016
-34.5636
-35.3254
-36.0875
-36.8506
-37.6155
-38.3828
-39.1534
-39.9279
-40.7072
-41.4921
-42.2834
-43.0817
-43.8879
-44.7027
-45.5267
-46.3606
-47.2048
-48.0598
-48.9258
-49.8028
-50.6019
-51.3607
-52.0955
-52.8143
-53.5211
-54.2179
-54.905
-55.5817
-56.2469
-56.8983
-57.5336
-58.1501
-58.7446
-59.314
-59.8552
-60.3651
-60.841
-61.2805
-61.6818
-62.0437
-62.3655
-62.6475
-62.8903
-63.0954
-63.2646
-63.4003
-63.5049
-63.5812
-63.6321
-63.6604
-63.6688
-63.6598
-63.6361
-63.5997
-63.5527
-63.4969
-63.4339
-63.3652
-63.2919
-63.2151
-63.1358
-63.0548
-62.9726
-62.8899
-62.8072
-62.7249
-62.6432
-62.5625
-62.483
-62.4049
-62.3283
-62.2534
-62.1803
-62.109
-62.0395
-61.972
-61.9065
-61.8429
-61.7813
-61.7217
-61.664
-61.6083
-61.5546
-61.5028
-61.4529
-61.4048
-61.3586
-61.3143
-61.2717
-61.2309
-61.1919
-61.1545
-61.1189
-61.0848
-61.0524
-61.0216
-60.9923
-60.9645
-60.9382
-60.9134
-60.89
-60.8681
-60.8474
-60.8282
-60.8102
-60.7935
-60.7781
-60.764
-60.751
-60.7392
-60.7286
-60.7191
-60.7107
-60.7034
-60.6972
-60.692
-60.6878
-60.6846
-60.6824
-60.6811
-60.6808
-60.6814
-60.6828
-60.6852
-60.6884
-60.6924
-60.6972
-60.7029
-60.7093
-60.7165
-60.7244
-60.7331
-60.7424
-60.7525
-60.7632
-60.7746
-60.7867
-60.7993
-60.8126
-60.8265
-60.841
-60.8561
-60.7581
-60.5954
-60.3907
-60.1577
-59.9055
-59.6404
-59.3672
-59.0893
-58.8095
-58.5297
-58.2514
-57.9758
-57.7038
-57.436
-57.1731
-56.9154
-56.6632
-56.4167
-56.1761
-55.9414
-55.7128
-55.4902
-55.2737
-55.0633
-54.8588
-54.6603
-54.4676
-54.2807
-54.0995
-53.9239
-53.7538
-53.5891
-53.4296
-53.2753
-53.126
-52.9817
-52.8422
-52.7075
-52.5773
-52.4516
-52.3303
-52.2133
-52.1004
-51.9916
-51.8868
-51.7859
-51.6888
-51.5953
-51.5055
-51.4192
-51.3363
-51.2568
-51.1806
-51.1076
-51.0378
-50.9711
-50.9073
-50.8465
-50.7886
-50.7336
-50.6813
-50.6318
-50.5849
-50.5406
-50.499
-50.4599
-50.4233
-50.3891
-50.3573
-50.328
-50.3009
-50.2762
-50.2538
-50.2335
-50.2155
-50.1997
-50.1861
-50.1745
-50.1651
-50.1577
-50.1524
-50.1491
-50.1478
-50.1485
-50.1512
-50.1558
-50.1623
-50.1707
-50.1809
-50.1931
-50.2071
-50.2229
-50.2405
-50.2598
-50.281
-50.3039
-50.3285
-50.3549
-50.3829
-50.4126
-50.444
-50.477
-50.5117
-50.548
-50.5858
-50.6253
-50.6663
-50.7088
-50.7528
-50.7984
-50.8454
-50.8939
-50.9439
-50.9952
-51.048
-51.1021
-51.1577
-51.2145
-51.2727
-51.3321
-51.3929
-51.4549
-51.5181
-51.5825
-51.6482
-51.715
-51.7829
-51.8519
-51.922
-51.9932
-52.0654
-52.1387
-52.2129
-52.288
-52.3641
-52.4411
-52.519
-52.5977
-52.6773
-52.7576
-52.8387
-52.9206
-53.0031
-53.0863
-53.1702
-53.2547
-53.3398
-53.4254
-53.5116
-53.5983
-53.6854
-53.773
-53.8611
-53.9495
-54.0382
-54.1273
-54.2167
-54.3064
-54.3963
-54.4865
-54.5768
-54.6673
-54.7579
-54.8487
-54.9396
-55.0305
-55.1214
-55.2124
-55.3033
-55.3943
-55.4851
-55.5759
-55.6666
-55.7572
-55.8476
-55.9379
-56.028
-56.1179
-56.2076
-56.297
-56.3862
-56.4752
-56.5638
-56.6521
-56.7402
-56.8279
-56.9153
-57.0023
-57.0889
-57.1752
-57.2611
-57.3465
-57.4316
-57.5163
-57.6005
-57.6843
-57.7676
-57.8505
-57.933
-58.0149
-58.0965
-58.1775
-58.258
-58.3381
-58.4177
-58.4968
-58.5753
-58.6534
-58.731
-58.8081
-58.8847
-58.9607
-59.0363
-59.1113
-59.1859
-59.2599
-59.3334
-59.4064
-59.4789
-59.5508
-59.6223
-59.6932
-59.7637
-59.8336
-59.903
-59.972
-60.0404
-60.1083
-60.1757
-60.2426
-60.309
-60.3749
-60.4404
-60.5053
-60.5698
-60.6337
-60.6972
-60.7602
-60.8227
-60.8848
-60.9464
-61.0075
-61.0682
-61.1283
-61.1881
-61.2474
-61.3062
-61.3645
-61.4225
-61.48
-61.537
-61.5936
-61.6498
-61.7055
-61.7608
-61.8157
-61.8701
-61.9242
-61.9778
-62.031
-62.0838
-62.1362
-62.1882
-62.2398
-62.2909
-62.3417
-62.3921
-62.4421
-62.4917
-62.541
-62.5898
-62.6383
-62.6864
-62.7341
-62.7814
-62.8284
-62.875
-62.9213
-62.9672
-63.0127
-63.0579
-63.1027
-63.1472
-63.1913
-63.2351
-63.2785
-63.3216
-63.3644
-63.4068
-63.4489
-63.4906
-63.532
-63.5731
-63.6139
-63.6543
-63.6945
-63.7343
-63.7738
-63.8129
-63.8518
-63.8904
-63.9286
-63.9665
-64.0042
-64.0415
-64.0785
-64.1153
-64.1517
-64.1878
-64.2237
-64.2592
-64.2945
-64.3295
-64.3641
-64.3985
-64.4327
-64.4665
-64.5001
-64.5333
-64.5663
-64.5991
-64.6315
-64.6637
-64.6956
-64.7273
-64.7587
-64.7898
-64.8206
-64.8512
-64.8816
-64.9116
-64.9414
-64.971
-65.0003
-65.0293
-65.0581
-65.0867
-65.115
-65.143
-65.1708
-65.1984
-65.2257
-65.2528
-65.2796
-65.3062
-65.3326
-65.3587
-65.3846
-65.4102
-65.4356
-65.4608
-65.4857
-65.5105
-65.535
-65.5592
-65.5833
-65.6071
-65.6307
-65.6541
-65.6772
-65.7001
-65.7229
-65.7454
-65.7676
-65.7897
-65.8115
-65.8332
-65.8546
-65.8758
-65.8968
-65.9176
-65.9382
-65.9586
-65.9788
-65.9988
-66.0186
-66.0381
-66.0575
-66.0767
-66.0957
-66.1145
-66.133
-66.1514
-66.1696
-66.053
-65.8506
-65.5863
-65.2751
-64.9276
-64.5517
-64.1539
-63.7391
-63.3114
-62.8739
-62.4294
-61.9801
-61.5276
-61.0736
-60.6192
-60.1655
-59.7134
-59.2635
-58.8165
-58.373
-57.9332
-57.4976
-57.0665
-56.64
-56.2184
-55.8017
-55.39
-54.9833
-54.5817
-54.185
-53.7932
-53.4062
-53.0237
-52.6457
-52.2718
-51.9019
-51.5356
-51.1726
-50.8125
-50.4551
-50.0999
-49.7464
-49.3942
-49.0427
-48.6915
-48.34
-47.9875
-47.6335
-47.2771
-46.9178
-46.5546
-46.1868
-45.8135
-45.4337
-45.0465
-44.6506
-44.2449
-43.8281
-43.3989
-42.9557
-42.497
-42.0208
-41.5254
-41.0085
-40.4678
-39.9007
-39.3045
-38.676
-38.0118
-37.308
-36.5605
-35.7648
-34.9156
-34.0074
-33.034
-31.9887
-30.8642
-29.6525
-28.3452
-26.9332
-25.4072
-23.7579
-21.9761
-20.0532
-17.9823
-15.7584
-13.3804
-10.8518
-8.18235
-5.39015
-2.50254
0.442747
3.39777
6.30597
9.10537
11.7334
14.1328
16.257
18.0741
19.5696
20.7449
21.6152
22.2054
22.5458
22.6688
22.606
22.3865
22.0356
21.5754
21.0241
20.3967
19.7057
18.9613
18.1719
17.3444
16.4846
15.5974
14.687
13.7571
12.8107
11.8506
10.8794
9.89916
8.91183
7.91918
6.92278
5.92403
4.9242
3.92443
2.92574
1.92905
0.935176
-0.0551583
-1.04131
-2.02269
-2.99882
-3.96925
-4.93359
-5.89153
-6.84278
-7.78711
-8.72432
-9.65427
-10.5768
-11.4919
-12.3994
-13.2993
-14.1917
-15.0765
-15.9537
-16.8235
-17.6859
-18.5411
-19.389
-20.2299
-21.064
-21.8914
-22.7123
-23.5269
-24.3356
-25.1385
-25.9359
-26.7282
-27.5157
-28.2988
-29.0779
-29.8534
-30.6257
-31.3954
-32.1629
-32.9289
-33.6938
-34.4583
-35.2231
-35.9888
-36.7561
-37.5258
-38.2986
-39.0753
-39.8566
-40.6435
-41.4366
-42.2369
-43.0451
-43.862
-44.6884
-45.5248
-46.372
-47.2304
-48.1003
-48.9821
-49.8757
-50.7808
-51.6969
-52.6233
-53.5585
-54.5011
-55.4488
-56.399
-57.3486
-58.2939
-59.2307
-60.1543
-61.06
-61.9424
-62.7965
-63.6171
-64.3995
-65.1395
-65.8338
-66.4798
-67.0759
-67.6216
-68.1172
-68.5641
-68.9643
-69.3205
-69.6357
-69.9132
-70.1565
-70.3691
-70.5542
-70.7152
-70.8548
-70.9759
-71.0808
-71.1717
-71.2505
-71.319
-71.3786
-71.4306
-71.476
-71.5158
-71.5509
-71.5819
-71.6093
-71.6338
-71.6558
-71.6755
-71.6934
-71.7097
-71.7246
-71.7382
-71.7509
-71.7626
-71.7736
-71.7839
-71.7936
-71.8028
-71.8116
-71.8199
-71.8279
-71.8356
-71.843
-71.8502
-71.8571
-71.8638
-71.8704
-71.8768
-71.883
-71.889
-71.8949
-71.9007
-71.9064
-71.912
-71.9174
-71.9227
-71.928
-71.9331
-71.9381
-71.9431
-71.9479
-71.9527
-71.9573
-71.9619
-71.9664
-71.9708
-71.9751
-71.9793
-71.9835
-71.9875
-71.9915
-71.9954
-71.9992
-72.0029
-72.0065
-72.01
-72.0134
-72.0168
-72.02
-72.0232
-72.0263
-72.0293
-72.0322
-72.035
-72.0377
-72.0404
-72.0429
-72.0453
-72.0477
-72.05
-72.0521
-72.0542
-72.0562
-72.0581
-72.0599
-72.0616
-72.0632
-72.0647
-72.0661
-72.0674
-72.0686
-72.0697
-72.0708
-72.0717
-72.0725
-72.0733
-72.0739
-72.0744
-72.0749
-72.0752
-72.0755
-72.0756
-72.0757
-72.0756
-72.0755
-72.0752
-72.0749
-72.0744
-72.0739
-72.0732
-72.0725
-72.0716
-72.0707
-72.0696
-72.0685
-72.0672
-72.0659
-72.0644
-72.0629
-72.0612
-72.0594
-72.0576
-72.0556
-72.0536
-72.0514
-72.0492
-72.0468
-72.0444
-72.0418
-72.0392
-72.0364
-72.0336
-72.0306
-72.0276
-72.0244
-72.0212
-72.0178
-72.0144
-72.0108
-72.0072
-72.0035
-71.9996
-71.9957
-71.9916
-71.9875
-71.9833
-71.979
-71.9745
-71.97
-71.9654
-71.9607
-71.9559
-71.9509
-71.9459
-71.9408
-71.9356
-71.9304
-71.925
-71.9195
-71.9139
-71.9083
-71.9025
-71.8966
-71.8907
-71.8847
-71.8785
-71.8723
-71.866
-71.8596
-71.8531
-71.8465
-71.8398
-71.833
-71.8262
-71.8192
-71.8122
-71.805
-71.7978
-71.7905
-71.7831
-71.7756
-71.7681
-71.7604
-71.7527
-71.7448
-71.7369
-71.7289
-71.7208
-71.7127
-71.7044
-71.6961
-71.6877
-71.6792
-71.6706
-71.6619
-71.6532
-71.6443
-71.6354
-71.6264
-71.6174
-71.6082
-71.599
-71.5897
-71.5803
-71.5708
-71.5613
-71.5516
-71.5419
-71.5322
-71.5223
-71.5124
-71.5024
-71.4923
-71.4822
-71.4719
-71.4616
-71.4513
-71.4408
-71.4303
-71.4197
-71.4091
-71.3984
-71.3876
-71.3767
-71.3658
-71.3548
-71.3437
-71.3326
-71.3214
-71.3101
-71.2988
-71.2874
-71.2759
-71.2644
-71.2528
-71.2411
-71.2294
-71.2176
-71.2057
-71.1938
-71.1819
-71.1698
-71.1577
-71.1456
-71.1334
-71.1211
-71.1088
-71.0964
-71.0839
-71.0714
-71.0589
-71.0462
-71.0336
-71.0208
-71.0081
-70.9952
-70.9823
-70.9694
-70.9564
-70.9434
-70.9303
-70.9171
-70.9039
-70.8907
-70.8774
-70.864
-70.8506
-70.8372
-70.8237
-70.8101
-70.7966
-70.7829
-70.7692
-70.7555
-70.7417
-70.7279
-70.7141
-70.7002
-70.6862
-70.6722
-70.6582
-70.6441
-70.63
-70.6159
-70.6017
-70.5874
-70.5732
-70.5589
-70.5445
-70.5301
-70.5157
-70.5013
-70.4868
-70.4722
-70.4577
-70.4431
-70.4284
-70.4138
-70.3991
-70.3843
-70.3696
-70.3548
-70.3399
-70.3251
-70.3102
-70.2953
-70.2803
-70.2653
-70.2503
-70.2353
-70.2202
-70.2051
-70.19
-70.1749
-70.1597
-70.1445
-70.1293
-70.114
-70.0988
-70.0835
-70.0681
-70.0528
-70.0374
-70.022
-70.0066
-69.9912
-69.9758
-69.9603
-69.9448
-69.9293
-69.9138
-69.8982
-69.8827
-69.8671
-69.8515
-69.8359
-69.8202
-69.8046
-69.7889
-69.7733
-69.7576
-69.7419
-69.7261
-69.7104
-69.6947
-69.6789
-69.6631
-69.6473
-69.6316
-69.6157
-69.5999
-69.5841
-69.5683
-69.5524
-69.5366
-69.5207
-69.5048
-69.489
-69.4731
-69.4572
-69.4413
-69.4254
-69.4094
-69.3935
-69.3776
-69.3617
-69.3457
-69.3298
-69.3139
-69.2979
-69.282
-69.266
-69.2501
-69.2341
-69.2182
-69.2022
-69.1862
-69.1703
-69.1543
-69.1384
-69.1224
-69.1064
-69.0905
-69.0745
-69.0586
-69.0426
-69.0267
-69.0107
-68.9948
-68.9788
-68.9629
-68.947
-68.931
-68.9151
-68.8992
-68.8833
-68.8674
-68.8515
-68.8356
-68.8197
-68.8038
-68.7879
-68.7721
-68.7562
-68.7404
-68.7245
-68.7087
-68.6929
-68.677
-68.6612
-68.6454
-68.6296
-68.6139
-68.5981
-68.5823
-68.5666
-68.5509
-68.5351
-68.5194
-68.5037
-68.4881
-68.4724
-68.4567
-68.4411
-68.4255
-68.4098
-68.3942
-68.3786
-68.3631
-68.3475
-68.332
-68.3164
-68.3009
-68.2854
-68.2699
-68.2545
-68.239
-68.2236
-68.2082
-68.1928
-68.1774
-68.162
-68.1467
-68.1314
-68.1161
-68.1008
-68.0855
-68.0702
-68.055
-68.0398
-68.0246
-68.0094
-67.9943
-67.9791
-67.964
-67.9489
-67.9339
-67.9188
-67.9038
-67.8888
-67.8738
-67.8588
-67.8439
-67.829
-67.8141
-67.7992
-67.7844
-67.7695
-67.7547
-67.7399
-67.7252
-67.7104
-67.6957
-67.681
-67.6664
-67.6517
-67.6371
-67.6225
-67.608
-67.5934
-67.5789
-67.5644
-67.55
-67.5355
-67.5211
-67.5067
-67.4924
-67.4781
-67.4638
-67.4495
-67.4352
-67.421
-67.4068
-67.3926
-67.3785
-67.3644
-67.3503
-67.3362
-67.3222
-67.3082
-67.2942
-67.2803
-67.2664
-67.2525
-67.2386
-67.2248
-67.211
-67.1972
-67.1835
-67.1698
-67.1561
-67.1424
-67.1288
-67.1152
-67.1016
-67.0881
-67.0746
-67.0611
-67.0477
-67.0343
-67.0209
-67.0076
-66.9942
-66.981
-66.9677
-66.9545
-66.9413
-66.9281
-66.915
-66.9019
-66.8889
-66.8758
-66.8628
-66.8499
-66.8369
-66.824
-66.8112
-66.7983
-66.7855
-66.7728
-66.76
-66.7473
-66.7346
-66.722
-66.7094
-66.6968
-66.6843
-66.6718
-66.6593
-66.6469
-66.6345
-66.6221
-66.6098
-66.5975
-66.5852
-66.573
-66.5608
-66.5486
-66.5365
-66.5244
-66.5124
-66.5003
-66.4884
-66.4764
-66.4645
-66.4526
-66.4408
-66.429
-66.4172
-66.4055
-66.3938
-66.3821
-66.3705
-66.3589
-66.3473
-66.3358
-66.3243
-66.3129
-66.3015
-66.2901
-66.2787
-66.2674
-66.2562
-66.2449
-66.2337
-66.2226
-66.2115
-66.2004
-66.1893
-66.1783
-66.1673
-66.1564
-66.1455
-66.1346
-66.1238
-66.113
-66.1023
-66.0916
-66.0809
-66.0703
-66.0597
-66.0491
-66.0386
-66.0281
-66.0176
-66.0072
-65.9969
-65.9865
-65.9763
-65.966
-65.9558
-65.9456
-65.9355
-65.9254
-65.9153
-65.9053
-65.8953
-65.8854
-65.8755
-65.8656
-65.8558
-65.846
-65.8362
-65.8265
-65.8169
-65.8072
-65.7976
-65.7881
-65.7785
-65.7691
-65.7596
-65.7502
-65.7409
-65.7315
-65.7222
-65.713
-65.7038
-65.6946
-65.6855
-65.6764
-65.6674
-65.6583
-65.6494
-65.6405
-65.6316
-65.6227
-65.6139
-65.6051
-65.5964
-65.5877
-65.5791
-65.5705
-65.5619
-65.5534
-65.5449
-65.5364
-65.528
-65.5197
-65.5114
-65.5031
-65.4948
-65.4866
-65.4785
-65.4704
-65.4623
-65.4543
-65.4463
-65.4383
-65.4304
-65.4225
-65.4147
-65.4069
-65.3992
-65.3914
-65.3838
-65.3761
-65.3686
-65.361
-65.3535
-65.346
-65.3386
-65.3312
-65.3239
-65.3165
-65.3093
-65.302
-65.2949
-65.1524
-64.922
-64.6269
-64.2815
-63.8963
-63.4793
-63.0367
-62.5737
-62.0943
-61.602
-61.0993
-60.5885
-60.0715
-59.5498
-59.0246
-58.4969
-57.9675
-57.437
-56.9059
-56.3746
-55.8433
-55.312
-54.7808
-54.2496
-53.7181
-53.1861
-52.653
-52.1184
-51.5817
-51.0419
-50.4982
-49.9496
-49.3949
-48.8326
-48.2613
-47.6791
-47.0842
-46.4742
-45.8466
-45.1987
-44.5272
-43.8285
-43.0986
-42.3328
-41.5259
-40.672
-39.7642
-38.7947
-37.7549
-36.6344
-35.4219
-34.1041
-32.6662
-31.0912
-29.3601
-27.452
-25.344
-23.012
-20.4315
-17.5793
-14.4362
-10.9907
-7.24397
-3.21575
1.0499
5.48057
9.9752
14.4097
18.6483
22.5604
26.0368
29.0039
31.4303
33.325
34.7296
35.7057
36.3237
36.6521
36.7521
36.6742
36.4583
36.1345
35.7252
35.2468
34.7109
34.1263
33.4995
32.8353
32.1376
31.4097
30.6542
29.8736
29.0698
28.2449
27.4007
26.5387
25.6606
24.768
23.8621
22.9444
22.0161
21.0785
20.1327
19.1799
18.221
17.2571
16.2891
15.3178
14.3442
13.3689
12.3926
11.4161
10.4401
9.46491
8.49127
7.51961
6.5504
5.58403
4.62091
3.66136
2.70569
1.75419
0.807095
-0.135365
-1.073
-2.00564
-2.93314
-3.85539
-4.77228
-5.68373
-6.58968
-7.49009
-8.38491
-9.27414
-10.1578
-11.0359
-11.9084
-12.7755
-13.6371
-14.4934
-15.3444
-16.1902
-17.031
-17.8668
-18.6979
-19.5244
-20.3464
-21.1642
-21.978
-22.788
-23.5946
-24.398
-25.1985
-25.9965
-26.7925
-27.5867
-28.3797
-29.172
-29.9642
-30.7567
-31.5503
-32.3457
-33.1435
-33.9445
-34.7496
-35.5597
-36.3756
-37.1983
-38.0289
-38.8683
-39.7178
-40.5783
-41.4509
-42.3368
-43.237
-44.1524
-45.0841
-46.0328
-46.999
-47.9831
-48.9852
-50.0049
-51.0414
-52.0934
-53.1589
-54.2351
-55.3186
-56.4051
-57.4893
-58.5654
-59.6266
-60.6658
-61.6755
-62.6482
-63.5769
-64.455
-65.2773
-66.0397
-66.7395
-67.3757
-67.9486
-68.4601
-68.913
-69.3111
-69.6587
-69.9603
-70.2209
-70.4451
-70.6373
-70.8017
-70.9422
-71.0619
-71.1641
-71.2513
-71.3259
-71.3896
-71.4444
-71.4914
-71.5321
-71.5674
-71.5981
-71.625
-71.6487
-71.6697
-71.6883
-71.7051
-71.7202
-71.734
-71.7466
-71.7582
-71.7689
-71.7789
-71.7883
-71.7972
-71.8056
-71.8137
-71.8214
-71.8288
-71.8359
-71.8428
-71.8495
-71.856
-71.8624
-71.8686
-71.8747
-71.8806
-71.8865
-71.8922
-71.8979
-71.9034
-71.9089
-71.9143
-71.9196
-71.9248
-71.93
-71.935
-71.9401
-71.945
-71.9499
-71.9546
-71.9594
-71.964
-71.9686
-71.9731
-71.9776
-71.982
-71.9863
-71.9905
-71.9947
-71.9987
-72.0028
-72.0067
-72.0106
-72.0144
-72.0181
-72.0218
-72.0253
-72.0288
-72.0322
-72.0356
-72.0388
-72.042
-72.0451
-72.0481
-72.0511
-72.0539
-72.0567
-72.0594
-72.062
-72.0645
-72.067
-72.0693
-72.0716
-72.0738
-72.0759
-72.0779
-72.0798
-72.0817
-72.0834
-72.0851
-72.0866
-72.0881
-72.0895
-72.0908
-72.092
-72.0931
-72.0941
-72.095
-72.0959
-72.0966
-72.0973
-72.0978
-72.0983
-72.0987
-72.0989
-72.0991
-72.0992
-72.0992
-72.0991
-72.0989
-72.0986
-72.0982
-72.0977
-72.0971
-72.0964
-72.0957
-72.0948
-72.0938
-72.0927
-72.0916
-72.0903
-72.089
-72.0875
-72.086
-72.0843
-72.0826
-72.0807
-72.0788
-72.0767
-72.0746
-72.0724
-72.07
-72.0676
-72.0651
-72.0624
-72.0597
-72.0569
-72.054
-71.9072
-71.6714
-71.3733
-71.0295
-70.6517
-70.2487
-69.8272
-69.3924
-68.9486
-68.4991
-68.0465
-67.593
-67.1404
-66.6902
-66.2434
-65.8012
-65.3642
-64.9332
-64.5086
-64.0909
-63.6805
-63.2776
-62.8825
-62.4953
-62.1162
-61.7452
-61.3824
-61.0279
-60.6816
-60.3434
-60.0134
-59.6915
-59.3776
-59.0716
-58.7733
-58.4827
-58.1997
-57.9241
-57.6557
-57.3945
-57.1402
-56.8928
-56.6519
-56.4176
-56.1895
-55.9677
-55.7518
-55.5417
-55.3373
-55.1384
-54.9448
-54.7564
-54.5731
-54.3945
-54.2207
-54.0515
-53.8866
-53.726
-53.5696
-53.4171
-53.2685
-53.1236
-52.9823
-52.8445
-52.7101
-52.5789
-52.4508
-52.3258
-52.2037
-52.0844
-51.9678
-51.8539
-51.7425
-51.6335
-51.527
-51.4227
-51.3206
-51.2207
-51.1229
-51.027
-50.9331
-50.8411
-50.7508
-50.6624
-50.5756
-50.4905
-50.4069
-50.3249
-50.2445
-50.1654
-50.0878
-50.0115
-49.9366
-49.8629
-49.7905
-49.7193
-49.6493
-49.5804
-49.5127
-49.446
-49.3804
-49.3158
-49.2522
-49.1895
-49.1278
-49.067
-49.0071
-48.9481
-48.8899
-48.8326
-48.776
-48.7202
-48.6652
-48.6109
-48.5573
-48.5044
-48.4522
-48.4007
-48.3497
-48.2994
-48.2497
-48.2006
-48.152
-48.104
-48.0565
-48.0095
-47.963
-47.917
-47.8714
-47.8263
-47.7815
-47.7372
-47.6932
-47.6496
-47.6063
-47.5633
-47.5207
-47.4783
-47.4362
-47.3942
-47.3526
-47.311
-47.2697
-47.2285
-47.1873
-47.1463
-47.1053
-47.0644
-47.0234
-46.9825
-46.9414
-46.9003
-46.859
-46.8176
-46.776
-46.7341
-46.6919
-46.6494
-46.6065
-46.5633
-46.5195
-46.4752
-46.4304
-46.3849
-46.3388
-46.2918
-46.2441
-46.1954
-46.1458
-46.0951
-46.0433
-45.9903
-45.936
-45.8803
-45.823
-45.7641
-45.7035
-45.641
-45.5765
-45.5099
-45.441
-45.3696
-45.2956
-45.2188
-45.1391
-45.0561
-44.9697
-44.8796
-44.7857
-44.6876
-44.585
-44.4776
-44.3652
-44.2472
-44.1235
-43.9935
-43.8568
-43.7129
-43.5613
-43.4015
-43.2328
-43.0547
-42.8663
-42.6669
-42.4558
-42.2319
-41.9944
-41.7421
-41.4739
-41.1885
-40.8846
-40.5606
-40.215
-39.8459
-39.4513
-39.0292
-38.5773
-38.0929
-37.5734
-37.0158
-36.4167
-35.7726
-35.0798
-34.3342
-33.5315
-32.6669
-31.7358
-30.7331
-29.6539
-28.4931
-27.2461
-25.9086
-24.4773
-22.95
-21.3261
-19.6074
-17.7985
-15.9074
-13.9462
-11.9315
-9.88463
-7.83105
-5.79998
-3.82288
-1.93186
-0.15763
1.47237
2.93573
4.21611
5.30381
6.19558
6.89393
7.4061
7.74285
7.91729
7.94376
7.837
7.61148
7.28098
6.85826
6.35498
5.78164
5.14758
4.46112
3.72956
2.95937
2.1562
1.32505
0.470288
-0.404213
-1.29506
-2.19927
-3.1142
-4.03752
-4.96718
-5.90138
-6.83852
-7.77722
-8.71623
-9.65449
-10.5911
-11.5251
-12.456
-13.3831
-14.3058
-15.2238
-16.1367
-17.0442
-17.9461
-18.8422
-19.7324
-20.6167
-21.495
-22.3674
-23.234
-24.0949
-24.9502
-25.8002
-26.6451
-27.4852
-28.3209
-29.1525
-29.9804
-30.8051
-31.6272
-32.4471
-33.2655
-34.0829
-34.9002
-35.7179
-36.5368
-37.3578
-38.1816
-39.0091
-39.8412
-40.6788
-41.5229
-42.3742
-43.2338
-44.1026
-44.9814
-45.871
-46.7721
-47.6854
-48.6114
-49.5504
-50.5025
-51.4676
-52.4453
-53.4349
-54.4352
-55.4446
-56.461
-57.482
-58.5043
-59.5243
-60.5379
-61.5404
-62.5268
-63.4917
-64.4297
-65.3355
-66.2039
-67.0301
-67.8103
-68.5412
-69.2205
-69.8469
-70.4201
-70.9409
-71.4107
-71.8317
-72.2069
-72.5392
-72.8323
-73.0896
-73.3145
-73.5106
-73.681
-73.8286
-73.9564
-74.0666
-74.1617
-74.2435
-74.3138
-74.3741
-74.2855
-74.1083
-73.8725
-73.5962
-73.2914
-72.9672
-72.63
-72.2846
-71.9349
-71.5837
-71.233
-70.8847
-70.54
-70.1999
-69.8651
-69.5363
-69.2138
-68.8979
-68.589
-68.287
-67.9922
-67.7046
-67.4241
-67.1508
-66.8845
-66.6253
-66.3729
-66.1274
-65.8886
-65.6564
-65.4306
-65.2112
-64.9979
-64.7907
-64.5895
-64.3941
-64.2043
-64.02
-63.8412
-63.6676
-63.4991
-63.3357
-63.1771
-63.0234
-62.8743
-62.7297
-62.5895
-62.4537
-62.3221
-62.1946
-62.0711
-61.9514
-61.8356
-61.7236
-61.6151
-61.5102
-61.4087
-61.3106
-61.2157
-61.1241
-61.0356
-60.9501
-60.8676
-60.788
-60.7113
-60.6373
-60.566
-60.4974
-60.4314
-60.3678
-60.3067
-60.2481
-60.1917
-60.1377
-60.0859
-60.0363
-59.9889
-59.9435
-59.9002
-59.8588
-59.8195
-59.782
-59.7464
-59.7126
-59.6806
-59.6504
-59.6219
-59.595
-59.5698
-59.5462
-59.5241
-59.5036
-59.4846
-59.467
-59.4509
-59.4362
-59.4228
-59.4108
-59.4001
-59.3907
-59.3825
-59.3756
-59.3699
-59.3653
-59.362
-59.3597
-59.3586
-59.3585
-59.3595
-59.3615
-59.3645
-59.3686
-59.3736
-59.3795
-59.3864
-59.3942
-59.4029
-59.4124
-59.4228
-59.434
-59.446
-59.4589
-59.4725
-59.4868
-59.5019
-59.5178
-59.5343
-59.5515
-59.5694
-59.588
-59.6072
-59.627
-59.6475
-59.6685
-59.6902
-59.7124
-59.7351
-59.7584
-59.7823
-59.8066
-59.8315
-59.8568
-59.8826
-59.9089
-59.9357
-59.9628
-59.9904
-60.0185
-60.0469
-60.0757
-60.105
-60.1345
-60.1645
-60.1948
-60.2254
-60.2564
-60.2877
-60.3193
-60.3512
-60.3833
-60.4158
-60.4486
-60.4816
-60.5148
-60.5483
-60.5821
-60.616
-60.6502
-60.6846
-60.7192
-60.754
-60.789
-60.8242
-60.8595
-60.895
-60.9307
-60.9665
-61.0024
-61.0385
-61.0747
-61.111
-61.1475
-61.184
-61.2207
-61.2574
-61.2943
-61.3312
-61.3682
-61.4052
-61.4424
-61.4796
-61.5168
-61.5541
-61.5915
-61.6288
-61.6662
-61.7037
-61.7411
-61.7786
-61.8161
-61.8536
-61.8911
-61.9286
-61.9661
-62.0036
-62.0411
-62.0785
-62.1159
-62.1533
-62.1907
-62.2281
-62.2654
-62.3026
-62.3398
-62.377
-62.4141
-62.4512
-62.4882
-62.5251
-62.562
-62.5988
-62.6355
-62.6722
-62.7088
-62.7453
-62.7817
-62.818
-62.8542
-62.8904
-62.9264
-62.9624
-62.9982
-63.034
-63.0696
-63.1052
-63.1406
-63.1759
-63.2112
-63.2462
-63.2812
-63.3161
-63.3508
-63.3854
-63.4199
-63.4543
-63.4885
-63.5226
-63.5566
-63.5905
-63.6242
-63.6577
-63.6912
-63.7245
-63.7576
-63.7906
-63.8235
-63.8562
-63.8888
-63.9212
-63.9535
-63.9856
-64.0176
-64.0494
-64.0811
-64.1127
-64.144
-64.1752
-64.2063
-64.2372
-64.2679
-64.2985
-64.3289
-64.3592
-64.3893
-64.4193
-64.449
-64.4786
-64.5081
-64.5374
-64.5665
-64.5954
-64.6242
-64.6529
-64.6813
-64.7096
-64.7377
-64.7657
-64.7934
-64.8211
-64.8485
-64.8758
-64.9029
-64.9298
-64.9566
-64.9832
-65.0096
-65.0358
-65.0619
-65.0878
-65.1135
-65.1391
-65.1645
-65.1897
-65.2147
-65.2396
-65.2643
-65.2888
-65.3132
-65.3373
-65.3613
-65.3852
-65.4088
-65.4323
-65.4556
-65.4788
-65.5017
-65.5245
-65.5472
-65.5696
-65.5919
-65.614
-65.636
-65.6577
-65.6793
-65.7007
-65.722
-65.7431
-65.764
-65.7847
-65.8053
-65.8257
-65.8459
-65.866
-65.8859
-65.9056
-65.9252
-65.9446
-65.9638
-65.9829
-66.0018
-66.0205
-66.0391
-66.0575
-66.0757
-66.0938
-66.1117
-66.1294
-66.147
-66.1644
-66.1816
-66.1987
-66.2157
-66.2324
-66.249
-66.2655
-66.2817
-66.2979
-66.3138
-66.3296
-66.3453
-66.3608
-66.2408
-66.0343
-65.7654
-65.449
-65.0957
-64.7137
-64.3093
-63.8875
-63.4524
-63.0073
-62.555
-62.0976
-61.637
-61.1746
-60.7118
-60.2496
-59.7889
-59.3304
-58.8748
-58.4226
-57.9741
-57.5298
-57.0899
-56.6546
-56.2241
-55.7985
-55.3778
-54.9621
-54.5514
-54.1454
-53.7443
-53.3476
-52.9554
-52.5674
-52.1832
-51.8027
-51.4255
-51.0511
-50.6793
-50.3096
-49.9415
-49.5745
-49.2081
-48.8417
-48.4746
-48.1063
-47.736
-47.363
-46.9864
-46.6053
-46.219
-45.8263
-45.4263
-45.0177
-44.5994
-44.1699
-43.728
-43.2719
-42.8001
-42.3106
-41.8014
-41.2703
-40.7149
-40.1325
-39.5201
-38.8745
-38.192
-37.4689
-36.7005
-35.8823
-35.0087
-34.0739
-33.0716
-31.9946
-30.8353
-29.5855
-28.2364
-26.7787
-25.2029
-23.4992
-21.6586
-19.6726
-17.5343
-15.2397
-12.788
-10.1839
-7.43834
-4.5705
-1.60869
1.40891
4.43457
7.41261
10.2823
12.9824
15.456
17.6562
19.5498
21.12
22.366
23.3011
23.949
24.3398
24.5063
24.4807
24.293
23.9699
23.534
23.0044
22.3968
21.724
20.9964
20.2227
19.4097
18.5635
17.6888
16.7899
15.8705
14.9335
13.9818
13.0178
12.0436
11.0613
10.0726
9.07909
8.08214
7.08309
6.08308
5.08317
4.08432
3.08737
2.09308
1.10214
0.115163
-0.867316
-1.84482
-2.81693
-3.78328
-4.74355
-5.69748
-6.64484
-7.58543
-8.5191
-9.44573
-10.3652
-11.2775
-12.1826
-13.0804
-13.971
-14.8544
-15.7306
-16.5997
-17.4618
-18.317
-19.1655
-20.0074
-20.8428
-21.6719
-22.495
-23.3122
-24.1239
-24.9303
-25.7316
-26.5283
-27.3207
-28.1091
-28.894
-29.6758
-30.4549
-31.232
-32.0074
-32.7819
-33.5559
-34.3302
-35.1055
-35.822
-36.5079
-37.1757
-37.8322
-38.4817
-39.1271
-39.7702
-40.4128
-41.056
-41.7007
-42.348
-42.9984
-43.6527
-44.3114
-44.9749
-45.6437
-46.3178
-46.9975
-47.6825
-48.3727
-49.0676
-49.7664
-50.4681
-51.1713
-51.8744
-52.5753
-53.2715
-53.9604
-54.6388
-55.3033
-55.9503
-56.5763
-57.1774
-57.7503
-58.2918
-58.7991
-59.27
-59.703
-60.0973
-60.4528
-60.7699
-61.0498
-61.2941
-61.505
-61.6848
-61.8361
-61.9614
-62.0635
-62.1449
-62.208
-62.2552
-62.2887
-62.3103
-62.3217
-62.3247
-62.3205
-62.3103
-62.2952
-62.2762
-62.254
-62.2293
-62.2027
-62.1746
-62.1456
-62.1159
-62.0859
-62.0559
-62.0259
-61.9964
-61.9673
-61.9388
-61.911
-61.884
-61.8578
-61.8326
-61.8083
-61.785
-61.7628
-61.7415
-61.7214
-61.7022
-61.6842
-61.6672
-61.6512
-61.6363
-61.6224
-61.6096
-61.5978
-61.587
-61.5772
-61.5684
-61.5606
-61.5537
-61.5477
-61.5427
-61.5385
-61.5353
-61.5329
-61.5314
-61.5307
-61.5309
-61.5318
-61.5336
-61.5361
-61.5394
-61.5434
-61.5482
-61.5536
-61.5598
-61.5666
-61.5741
-61.5823
-61.5911
-61.6006
-61.6106
-61.6212
-61.6325
-61.6443
-61.6566
-61.6695
-61.683
-61.6969
-61.7114
-61.7263
-61.7418
-61.7577
-61.7741
-61.7909
-61.8082
-61.8259
-61.844
-61.8625
-61.8814
-61.9007
-61.9204
-61.9405
-61.9609
-61.9816
-62.0027
-62.0242
-62.0459
-62.068
-62.0903
-62.113
-62.1359
-62.1591
-62.1826
-62.2064
-62.2304
-62.2547
-62.2791
-62.3039
-62.3288
-62.354
-62.3794
-62.4049
-62.4307
-62.4567
-62.4828
-62.5092
-62.5357
-62.5623
-62.5892
-62.6161
-62.6432
-62.6705
-62.6979
-62.7254
-62.7531
-62.7808
-62.8087
-62.8367
-62.8648
-62.893
-62.9213
-62.9496
-62.9781
-63.0066
-63.0352
-63.0639
-63.0926
-63.1214
-63.1502
-63.1791
-63.2081
-63.2371
-63.2661
-63.2952
-63.3243
-63.3534
-63.3826
-63.4117
-63.4409
-63.4701
-63.4993
-63.5285
-63.5578
-63.587
-63.6162
-63.6454
-63.6746
-63.7038
-63.733
-63.7621
-63.7913
-63.8204
-63.8494
-63.8785
-63.9075
-63.9365
-63.9654
-63.9944
-64.0232
-64.052
-64.0808
-64.1095
-64.1382
-64.1668
-64.1954
-64.2239
-64.2523
-64.2807
-64.309
-64.3373
-64.3654
-64.3936
-64.4216
-64.4496
-64.4774
-64.5052
-64.533
-64.5606
-64.5882
-64.6157
-64.6431
-64.6704
-64.6976
-64.7247
-64.7518
-64.7787
-64.8056
-64.8323
-64.859
-64.8855
-64.912
-64.9383
-64.9646
-64.9908
-65.0168
-65.0427
-65.0686
-65.0943
-65.1199
-65.1454
-65.1708
-65.1961
-65.2213
-65.2463
-65.2713
-65.2961
-65.3208
-65.3454
-65.3699
-65.3942
-65.4185
-65.4426
-65.4666
-65.4905
-65.5142
-65.5378
-65.5613
-65.5847
-65.608
-65.6311
-65.6541
-65.677
-65.6997
-65.7224
-65.7449
-65.7672
-65.7895
-65.8116
-65.8335
-65.8554
-65.8771
-65.8987
-65.9201
-65.9414
-65.9626
-65.9837
-66.0046
-66.0254
-66.046
-66.0666
-66.087
-66.1072
-66.1273
-66.1473
-66.1671
-66.1869
-66.2064
-66.2259
-66.2452
-66.2643
-66.2834
-66.3023
-66.321
-66.3397
-66.3581
-66.3765
-66.2612
-66.0618
-65.8028
-65.4991
-65.1614
-64.7976
-64.4141
-64.0157
-63.6063
-63.1891
-62.7666
-62.341
-61.9139
-61.4868
-61.0607
-60.6368
-60.2157
-59.7982
-59.3848
-58.976
-58.5722
-58.1737
-57.7808
-57.3936
-57.0124
-56.6371
-56.268
-55.905
-55.5482
-55.1975
-54.8529
-54.5143
-54.1816
-53.8547
-53.5334
-53.2177
-52.9072
-52.6019
-52.3015
-52.0058
-51.7146
-51.4276
-51.1446
-50.8653
-50.5894
-50.3167
-50.0468
-49.7794
-49.5143
-49.251
-48.9893
-48.7288
-48.4691
-48.2099
-47.9509
-47.6915
-47.4314
-47.1702
-46.9075
-46.6428
-46.3756
-46.1054
-45.8317
-45.554
-45.2717
-44.9842
-44.6909
-44.391
-44.084
-43.7689
-43.4449
-43.1113
-42.7671
-42.4111
-42.0424
-41.6597
-41.2618
-40.8473
-40.4146
-39.9621
-39.488
-38.9904
-38.4671
-37.9157
-37.3339
-36.7186
-36.067
-35.3757
-34.6412
-33.8595
-33.0265
-32.1375
-31.1877
-30.1719
-29.0847
-27.9202
-26.6726
-25.3359
-23.9043
-22.3723
-20.7351
-18.9888
-17.1312
-15.162
-13.0839
-10.903
-8.62997
-6.28053
-3.87621
-1.44461
0.98083
3.36172
5.65643
7.82262
9.82023
11.6147
13.1797
14.4988
15.5661
16.3854
16.9686
17.3333
17.5007
17.4934
17.3338
17.0428
16.6396
16.141
15.5616
14.914
14.2087
13.4546
12.6594
11.8295
10.9704
10.0867
9.18257
8.26138
7.32622
6.37978
5.42439
4.46213
3.49484
2.52415
1.55151
0.578183
-0.394676
-1.36606
-2.33508
-3.30094
-4.26296
-5.22052
-6.17309
-7.12022
-8.0615
-8.9966
-9.92524
-10.8472
-11.7622
-12.6703
-13.5711
-14.4648
-15.3511
-16.2302
-17.102
-17.9666
-18.8239
-19.6742
-20.5175
-21.3539
-22.1837
-23.007
-23.824
-24.6349
-25.44
-26.2396
-27.034
-27.8235
-28.6086
-29.3895
-30.1667
-30.9406
-31.7119
-32.4809
-33.2481
-34.0143
-34.78
-35.4856
-36.1587
-36.8119
-37.4521
-38.0835
-38.709
-39.3307
-39.9501
-40.5685
-41.1868
-41.8059
-42.4267
-43.0497
-43.6757
-44.305
-44.9383
-45.5759
-46.218
-46.8649
-47.5167
-48.1732
-48.8342
-49.4993
-50.1678
-50.8387
-51.5108
-52.1826
-52.8522
-53.5176
-54.176
-54.8249
-55.461
-56.0811
-56.6819
-57.2599
-57.8118
-58.3348
-58.8261
-59.2837
-59.7059
-60.0919
-60.4413
-60.7544
-61.0322
-61.2761
-61.4879
-61.6698
-61.8239

