-65
-64.9994
-64.9988
-64.9982
-64.9977
-64.9971
-64.9965
-64.996
-64.9954
-64.9949
-64.9943
-64.9938
-64.9932
-64.9927
-64.9922
-64.9917
-64.9912
-64.9906
-64.9901
-64.9896
-64.9891
-64.9886
-64.9881
-64.9876
-64.9872
-64.9867
-64.9862
-64.9857
-64.9852
-64.9848
-64.9843
-64.9838
-64.9834
-64.9829
-64.9825
-64.982
-64.9816
-64.9811
-64.9807
-64.9802
-64.9798
-64.9794
-64.9789
-64.9785
-64.9781
-64.9777
-64.9772
-64.9768
-64.9764
-64.976
-64.9756
-64.9752
-64.9748
-64.9744
-64.974
-64.9736
-64.9732
-64.9728
-64.9725
-64.9721
-64.9717
-64.9713
-64.971
-64.9706
-64.9702
-64.9699
-64.9695
-64.9692
-64.9688
-64.9685
-64.9681
-64.9678
-64.9675
-64.9671
-64.9668
-64.9665
-64.9661
-64.9658
-64.9655
-64.9652
-64.9649
-64.9646
-64.9642
-64.9639
-64.9636
-64.9633
-64.963
-64.9628
-64.9625
-64.9622
-64.9619
-64.9616
-64.9613
-64.9611
-64.9608
-64.9605
-64.9603
-64.96
-64.9598
-64.9595
-64.9592
-64.959
-64.9588
-64.9585
-64.9583
-64.958
-64.9578
-64.9576
-64.9573
-64.9571
-64.9569
-64.9567
-64.9565
-64.9562
-64.956
-64.9558
-64.9556
-64.9554
-64.9552
-64.955
-64.9548
-64.9546
-64.9545
-64.9543
-64.9541
-64.9539
-64.9537
-64.9536
-64.9534
-64.9532
-64.9531
-64.9529
-64.9527
-64.9526
-64.9524
-64.9523
-64.9521
-64.952
-64.9519
-64.9517
-64.9516
-64.9514
-64.9513
-64.9512
-64.9511
-64.9509
-64.9508
-64.9507
-64.9506
-64.9505
-64.9504
-64.9503
-64.9502
-64.95
-64.9499
-64.9499
-64.9498
-64.9497
-64.9496
-64.9495
-64.9494
-64.9493
-64.9492
-64.9492
-64.9491
-64.949
-64.9489
-64.9489
-64.9488
-64.9487
-64.9487
-64.9486
-64.9486
-64.9485
-64.9485
-64.9484
-64.9484
-64.9483
-64.9483
-64.9482
-64.9482
-64.9482
-64.9481
-64.9481
-64.9481
-64.948
-64.948
-64.948
-64.948
-64.948
-64.9479
-64.9479
-64.9479
-64.9479
-64.9479
-64.9479
-64.9479
-64.9479
-64.9479
-64.9479
-64.9479
-64.9479
-64.9479
-64.9479
-64.9479
-64.9479
-64.9479
-64.9479
-64.948
-64.948
-64.948
-64.948
-64.9481
-64.9481
-64.9481
-64.9481
-64.9482
-64.9482
-64.9482
-64.9483
-64.9483
-64.9483
-64.9484
-64.9484
-64.9485
-64.9485
-64.9486
-64.9486
-64.9487
-64.9487
-64.9488
-64.9488
-64.9489
-64.9489
-64.949
-64.9491
-64.9491
-64.9492
-64.9492
-64.9493
-64.9494
-64.9494
-64.9495
-64.9496
-64.9497
-64.9497
-64.9498
-64.9499
-64.95
-64.95
-64.9501
-64.9502
-64.9503
-64.9504
-64.9504
-64.9505
-64.9506
-64.9507
-64.9508
-64.9509
-64.951
-64.951
-64.9511
-64.9512
-64.9513
-64.9514
-64.9515
-64.9516
-64.9517
-64.9518
-64.9519
-64.952
-64.9521
-64.9522
-64.9523
-64.9524
-64.9525
-64.9526
-64.9527
-64.9528
-64.9529
-64.953
-64.9532
-64.9533
-64.9534
-64.9535
-64.9536
-64.9537
-64.9538
-64.9539
-64.954
-64.9542
-64.9543
-64.9544
-64.9545
-64.9546
-64.9547
-64.9548
-64.955
-64.9551
-64.9552
-64.9553
-64.9554
-64.9556
-64.9557
-64.9558
-64.9559
-64.956
-64.9562
-64.9563
-64.9564
-64.9565
-64.9566
-64.9568
-64.9569
-64.957
-64.9571
-64.9573
-64.9574
-64.9575
-64.9576
-64.9578
-64.9579
-64.958
-64.9581
-64.9583
-64.9584
-64.9585
-64.9587
-64.9588
-64.9589
-64.959
-64.9592
-64.9593
-64.9594
-64.9595
-64.9597
-64.9598
-64.9599
-64.96
-64.9602
-64.9603
-64.9604
-64.9606
-64.9607
-64.9608
-64.9609
-64.9611
-64.9612
-64.9613
-64.9614
-64.9616
-64.9617
-64.9618
-64.962
-64.9621
-64.9622
-64.9623
-64.9625
-64.9626
-64.9627
-64.9628
-64.963
-64.9631
-64.9632
-64.9633
-64.9635
-64.9636
-64.9637
-64.9638
-64.964
-64.9641
-64.9642
-64.9643
-64.9645
-64.9646
-64.9647
-64.9648
-64.9649
-64.9651
-64.9652
-64.9653
-64.9654
-64.9655
-64.9657
-64.9658
-64.9659
-64.966
-64.9661
-64.9663
-64.9664
-64.9665
-64.9666
-64.9667
-64.9668
-64.967
-64.9671
-64.9672
-64.9673
-64.9674
-64.9675
-64.9677
-64.9678
-64.9679
-64.968
-64.9681
-64.9682
-64.9683
-64.9684
-64.9685
-64.9687
-64.9688
-64.9689
-64.969
-64.9691
-64.9692
-64.9693
-64.9694
-64.9695
-64.9696
-64.9697
-64.9698
-64.9699
-64.97
-64.9701
-64.9702
-64.9703
-64.9704
-64.9705
-64.9706
-64.9707
-64.9708
-64.9709
-64.971
-64.9711
-64.9712
-64.9713
-64.9714
-64.9715
-64.9716
-64.9717
-64.9718
-64.9719
-64.972
-64.9721
-64.9722
-64.9722
-64.9723
-64.9724
-64.9725
-64.9726
-64.9727
-64.9728
-64.9729
-64.9729
-64.973
-64.9731
-64.9732
-64.9733
-64.9734
-64.9734
-64.9735
-64.9736
-64.9737
-64.9738
-64.9738
-64.9739
-64.974
-64.9741
-64.9741
-64.9742
-64.9743
-64.9744
-64.9744
-64.9745
-64.9746
-64.9747
-64.9747
-64.9748
-64.9749
-64.9749
-64.975
-64.9751
-64.9751
-64.9752
-64.9753
-64.9753
-64.9754
-64.9755
-64.9755
-64.9756
-64.9757
-64.9757
-64.9758
-64.9758
-64.9759
-64.8413
-64.6192
-64.3326
-63.996
-63.6197
-63.2116
-62.778
-62.324
-61.8536
-61.37
-60.8761
-60.3741
-59.8657
-59.3524
-58.8355
-58.3159
-57.7945
-57.2718
-56.7483
-56.2243
-55.7001
-55.1757
-54.6511
-54.1263
-53.6009
-53.0746
-52.5471
-52.0176
-51.4856
-50.9503
-50.4107
-49.8657
-49.3141
-48.7546
-48.1855
-47.605
-47.0112
-46.4017
-45.7741
-45.1254
-44.4524
-43.7514
-43.0182
-42.2482
-41.436
-40.5755
-39.6599
-38.681
-37.6301
-36.4967
-35.269
-33.9336
-32.4753
-30.8769
-29.1191
-27.1806
-25.0383
-22.6681
-20.0457
-17.1483
-13.9581
-10.4654
-6.67432
-2.60853
1.68331
6.124
10.6086
15.011
19.1657
22.9518
26.2726
29.0686
31.3217
33.0514
34.3058
35.1498
35.6539
35.8853
35.9029
35.7549
35.4791
35.1039
34.6504
34.1339
33.5656
32.9536
32.3041
31.6218
30.9105
30.1732
29.4125
28.6307
27.8299
27.0118
26.1782
25.3306
24.4705
23.5992
22.7181
21.8283
20.9311
20.0275
19.1185
18.205
17.288
16.3684
15.4468
14.5241
13.6009
12.6778
11.7555
10.8346
9.91541
8.99853
8.08435
7.17328
6.26567
5.36183
4.46208
3.56667
2.67583
1.78979
0.908713
0.0327804
-0.837872
-1.70312
-2.56287
-3.41703
-4.26553
-5.10832
-5.94535
-6.7766
-7.60206
-8.42173
-9.23561
-10.0437
-10.8461
-11.6428
-12.4338
-13.2192
-13.9992
-14.7736
-15.5427
-16.3066
-17.0653
-17.819
-18.5677
-19.3117
-20.0511
-20.7861
-21.5168
-22.2434
-22.9662
-23.6854
-24.4013
-25.1142
-25.8243
-26.532
-27.2376
-27.9415
-28.6442
-29.3461
-30.0476
-30.7493
-31.4518
-32.1555
-32.8611
-33.5692
-34.2806
-34.9959
-35.7159
-36.4413
-37.1729
-37.9115
-38.658
-39.4131
-40.1776
-40.9522
-41.7377
-42.5346
-43.3434
-44.1644
-44.9978
-45.8434
-46.7009
-47.5694
-48.4478
-49.3343
-50.227
-51.1229
-52.0189
-52.9111
-53.795
-54.666
-55.519
-56.3488
-57.1502
-57.9183
-58.6488
-59.338
-59.9829
-60.5816
-61.133
-61.6371
-62.0947
-62.5073
-62.8771
-63.2068
-63.4994
-63.758
-63.986
-64.1864
-64.3623
-64.5166
-64.6521
-64.771
-64.8757
-64.9681
-65.0498
-65.1225
-65.1873
-65.2456
-65.2982
-65.346
-65.3897
-65.43
-65.4673
-65.5022
-65.535
-65.566
-65.5955
-65.6237
-65.6509
-65.6772
-65.7027
-65.7276
-65.7519
-65.7758
-65.7993
-65.8225
-65.8455
-65.8682
-65.8908
-65.9132
-65.9355
-65.9576
-65.9797
-66.0018
-66.0238
-66.0457
-66.0676
-66.0895
-66.1114
-66.1333
-66.1551
-66.177
-66.1988
-66.2206
-66.2425
-66.2643
-66.2861
-66.308
-66.3298
-66.3516
-66.3734
-66.3952
-66.4171
-66.4388
-66.4606
-66.4824
-66.5042
-66.5259
-66.5476
-66.5693
-66.591
-66.6127
-66.6343
-66.6559
-66.6775
-66.6991
-66.7206
-66.742
-66.7635
-66.7849
-66.8062
-66.8276
-66.8488
-66.87
-66.8912
-66.9123
-66.9334
-66.9544
-66.9754
-66.9963
-67.0171
-67.0379
-67.0586
-67.0792
-67.0998
-67.1203
-67.1408
-67.1612
-67.1815
-67.2017
-67.2218
-67.2419
-67.2619
-67.2818
-67.3016
-67.3214
-67.341
-67.3606
-67.3801
-67.3995
-67.4188
-67.4381
-67.4572
-67.4763
-67.4952
-67.5141
-67.5328
-67.5515
-67.5701
-67.5885
-67.6069
-67.6252
-67.6434
-67.6614
-67.6794
-67.6973
-67.715
-67.7327
-67.7502
-67.7677
-67.785
-67.8022
-67.8194
-67.8364
-67.8533
-67.8701
-67.8868
-67.9033
-67.9198
-67.9361
-67.9524
-67.9685
-67.9845
-68.0004
-68.0162
-68.0319
-68.0474
-68.0628
-68.0782
-68.0934
-68.1085
-68.1234
-68.1383
-68.153
-68.1676
-68.1821
-68.1965
-68.2108
-68.2249
-68.2389
-68.2528
-68.2666
-68.2803
-68.2938
-68.3072
-68.3205
-68.3337
-68.3468
-68.3597
-68.3725
-68.3852
-68.3978
-68.4102
-68.4226
-68.4348
-68.4469
-68.4588
-68.4707
-68.4824
-68.494
-68.5055
-68.5169
-68.5281
-68.5392
-68.5502
-68.5611
-68.5719
-68.5825
-68.593
-68.6034
-68.6137
-68.6238
-68.6339
-68.6438
-68.6536
-68.6632
-68.6728
-68.6822
-68.6915
-68.7007
-68.7098
-68.7187
-68.7275
-68.7363
-68.7449
-68.7533
-68.7617
-68.7699
-68.778
-68.786
-68.7939
-68.8017
-68.8093
-68.8168
-68.8243
-68.8316
-68.8387
-68.8458
-68.8527
-68.8596
-68.8663
-68.8729
-68.8794
-68.8857
-68.892
-68.8981
-68.9042
-68.9101
-68.9159
-68.9216
-68.9271
-68.9326
-68.9379
-68.9432
-68.9483
-68.9533
-68.9582
-68.963
-68.9677
-68.9723
-68.9767
-68.9811
-68.9853
-68.9895
-68.9935
-68.9974
-69.0012
-69.0049
-69.0085
-69.012
-69.0154
-69.0187
-69.0218
-69.0249
-69.0279
-69.0307
-69.0335
-69.0361
-69.0387
-69.0411
-69.0434
-69.0457
-69.0478
-69.0498
-69.0518
-69.0536
-69.0553
-69.057
-69.0585
-69.0599
-69.0613
-69.0625
-69.0636
-69.0647
-69.0656
-69.0665
-69.0672
-69.0678
-69.0684
-69.0689
-69.0692
-69.0695
-69.0697
-69.0698
-69.0697
-69.0696
-69.0694
-69.0692
-69.0688
-69.0683
-69.0677
-69.0671
-69.0664
-69.0655
-69.0646
-69.0636
-69.0625
-69.0613
-69.06
-69.0587
-69.0572
-69.0557
-69.0541
-69.0524
-69.0506
-69.0487
-69.0468
-69.0447
-69.0426
-69.0404
-69.0381
-69.0358
-69.0333
-69.0308
-69.0282
-69.0255
-69.0227
-69.0198
-69.0169
-69.0139
-69.0108
-69.0077
-69.0044
-69.0011
-68.9977
-68.9942
-68.9907
-68.9871
-68.9834
-68.9796
-68.9758
-68.9719
-68.9679
-68.9638
-68.9597
-68.9555
-68.9512
-68.9469
-68.9425
-68.938
-68.9335
-68.9288
-68.9242
-68.9194
-68.9146
-68.9097
-68.9047
-68.8997
-68.8946
-68.8895
-68.8843
-68.879
-68.8737
-68.8683
-68.8628
-68.8573
-68.8517
-68.846
-68.8403
-68.8345
-68.8287
-68.8228
-68.8168
-68.8108
-68.8047
-68.7986
-68.7924
-68.7862
-68.7799
-68.7735
-68.7671
-68.7606
-68.7541
-68.7475
-68.7409
-68.7342
-68.7275
-68.7207
-68.7138
-68.7069
-68.7
-68.693
-68.6859
-68.6788
-68.6717
-68.6645
-68.6572
-68.6499
-68.6426
-68.6352
-68.6278
-68.6203
-68.6128
-68.6052
-68.5976
-68.5899
-68.5822
-68.5744
-68.5666
-68.5588
-68.5509
-68.543
-68.535
-68.527
-68.5189
-68.5108
-68.5027
-68.4945
-68.4863
-68.478
-68.4697
-68.4614
-68.453
-68.4446
-68.4362
-68.4277
-68.4192
-68.4106
-68.402
-68.3934
-68.3847
-68.376
-68.3673
-68.3585
-68.3497
-68.3409
-68.332
-68.3231
-68.3142
-68.3053
-68.2963
-68.1464
-67.9057
-67.5984
-67.2401
-66.8416
-66.4113
-65.956
-65.4809
-64.9904
-64.488
-63.9766
-63.4587
-62.9361
-62.4106
-61.8835
-61.356
-60.829
-60.3034
-59.7799
-59.259
-58.7412
-58.2269
-57.7163
-57.2096
-56.707
-56.2087
-55.7144
-55.2244
-54.7383
-54.256
-53.7774
-53.3021
-52.8297
-52.3598
-51.892
-51.4257
-50.9602
-50.4949
-50.029
-49.5615
-49.0917
-48.6184
-48.1405
-47.6567
-47.1657
-46.666
-46.1558
-45.6334
-45.0968
-44.5437
-43.9717
-43.3781
-42.7598
-42.1136
-41.4356
-40.7218
-39.9673
-39.167
-38.315
-37.4046
-36.4283
-35.3779
-34.2438
-33.0155
-31.6813
-30.2282
-28.642
-26.9071
-25.0073
-22.9256
-20.6455
-18.1516
-15.4315
-12.4781
-9.29197
-5.8851
-2.28388
1.46803
5.30852
9.15823
12.9249
16.5108
19.8226
22.7812
25.3306
27.4428
29.1176
30.3788
31.2672
31.8322
32.1258
32.1964
32.0868
31.8325
31.4621
30.9979
30.457
29.8528
29.1953
28.4924
27.7502
26.9738
26.1673
25.3341
24.4773
23.5995
22.703
21.79
20.8625
19.9222
18.9708
18.0099
17.0408
16.065
15.0836
14.0978
13.1087
12.1172
11.1244
10.1309
9.13772
8.14544
7.15475
6.16624
5.18048
4.19794
3.21909
2.24433
1.27402
0.308471
-0.652018
-1.6072
-2.55686
-3.50082
-4.4389
-5.37098
-6.29696
-7.21676
-8.1303
-9.03755
-9.93848
-10.8331
-11.7214
-12.6034
-13.4792
-14.3488
-15.2123
-16.0698
-16.9214
-17.7672
-18.6073
-19.442
-20.2713
-21.0955
-21.9148
-22.7293
-23.5395
-24.3455
-25.1476
-25.9462
-26.7416
-27.5343
-28.3246
-29.113
-29.9
-30.6862
-31.472
-32.2582
-33.0454
-33.8342
-34.6254
-35.4198
-36.2183
-37.0216
-37.8306
-38.6464
-39.4698
-40.3018
-41.1435
-41.9957
-42.8595
-43.7359
-44.6256
-45.5295
-46.4482
-47.3823
-48.332
-49.2974
-50.2782
-51.2738
-52.283
-53.3041
-54.3349
-55.3724
-56.4132
-57.4528
-58.4862
-59.5077
-60.5113
-61.4904
-62.4383
-63.3485
-64.2151
-65.0326
-65.7969
-66.5046
-67.1539
-67.7444
-68.2766
-68.7526
-69.1749
-69.5472
-69.8733
-70.1574
-70.4039
-70.6169
-70.8004
-70.9582
-71.0936
-71.2097
-71.3093
-71.3947
-71.468
-71.5311
-71.5854
-71.6324
-71.6732
-71.7086
-71.7396
-71.7668
-71.7908
-71.8121
-71.8311
-71.8481
-71.8635
-71.8775
-71.8902
-71.902
-71.9128
-71.9229
-71.9324
-71.9413
-71.9497
-71.9576
-71.9653
-71.9725
-71.9795
-71.9863
-71.9928
-71.9992
-72.0053
-72.0113
-72.0171
-72.0228
-72.0284
-72.0339
-72.0392
-72.0444
-72.0496
-72.0546
-72.0596
-72.0644
-72.0692
-72.0739
-72.0785
-72.0831
-72.0875
-72.0919
-72.0962
-72.1004
-72.1046
-72.1086
-72.1126
-72.1165
-72.1204
-72.1241
-72.1278
-72.1314
-72.1349
-72.1384
-72.1418
-72.145
-72.1482
-72.1514
-72.1544
-72.1574
-72.1603
-72.163
-72.1658
-72.1684
-72.1709
-72.1734
-72.1758
-72.178
-72.1802
-72.1824
-72.1844
-72.1863
-72.1882
-72.1899
-72.1916
-72.1932
-72.1947
-72.1961
-72.1974
-72.0575
-71.8323
-71.5492
-71.2248
-70.8707
-70.4955
-70.1055
-69.7057
-69.2999
-68.8912
-68.4819
-68.074
-67.6688
-67.2677
-66.8715
-66.4811
-66.0969
-65.7196
-65.3495
-64.9867
-64.6317
-64.2845
-63.9452
-63.6139
-63.2906
-62.9753
-62.668
-62.3686
-62.0771
-61.7933
-61.5173
-61.2488
-60.9878
-60.7341
-60.4876
-60.2482
-60.0157
-59.79
-59.5709
-59.3584
-59.1522
-58.9522
-58.7582
-58.5702
-58.3879
-58.2113
-58.0402
-57.8744
-57.7139
-57.5584
-57.4079
-57.2623
-57.1213
-56.985
-56.8531
-56.7255
-56.6023
-56.4831
-56.368
-56.2568
-56.1495
-56.0458
-55.9459
-55.8495
-55.7565
-55.6669
-55.5806
-55.4976
-55.4177
-55.3408
-55.267
-55.1961
-55.1281
-55.0629
-55.0004
-54.9406
-54.8834
-54.8288
-54.7768
-54.7272
-54.68
-54.6352
-54.5928
-54.5526
-54.5147
-54.479
-54.4454
-54.414
-54.3847
-54.3574
-54.3322
-54.3089
-54.2876
-54.2683
-54.2508
-54.2352
-54.2215
-54.2096
-54.1995
-54.1911
-54.1845
-54.1796
-54.1764
-54.1749
-54.175
-54.1768
-54.1801
-54.1851
-54.1916
-54.1996
-54.2092
-54.2203
-54.2329
-54.2469
-54.2624
-54.2794
-54.2977
-54.3175
-54.3386
-54.3611
-54.3849
-54.41
-54.4365
-54.4642
-54.4933
-54.5235
-54.555
-54.5878
-54.6217
-54.6568
-54.6931
-54.7305
-54.769
-54.8086
-54.8494
-54.8912
-54.934
-54.9779
-55.0228
-55.0687
-55.1156
-55.1634
-55.2121
-55.2618
-55.3124
-55.3638
-55.4161
-55.4693
-55.5232
-55.578
-55.6335
-55.6898
-55.7468
-55.8046
-55.863
-55.9221
-55.9818
-56.0422
-56.1032
-56.1648
-56.227
-56.2896
-56.3529
-56.4166
-56.4808
-56.5455
-56.6106
-56.6761
-56.7421
-56.8084
-56.8751
-56.9421
-57.0094
-57.0771
-57.145
-57.2132
-57.2816
-57.3503
-57.4191
-57.4881
-57.5574
-57.6267
-57.6962
-57.7658
-57.8355
-57.9052
-57.9751
-58.045
-58.1149
-58.1848
-58.2547
-58.3246
-58.3944
-58.4643
-58.534
-58.6037
-58.6733
-58.7428
-58.8122
-58.8814
-58.9505
-59.0195
-59.0882
-59.1569
-59.2253
-59.2935
-59.3616
-59.4294
-59.497
-59.5644
-59.6315
-59.6983
-59.765
-59.8313
-59.8974
-59.9632
-60.0287
-60.0939
-60.1588
-60.2234
-60.2877
-60.3517
-60.4153
-60.4787
-60.5417
-60.6043
-60.6667
-60.7286
-60.7903
-60.8515
-60.9125
-60.973
-61.0333
-61.0931
-61.1526
-61.2117
-61.2705
-61.3289
-61.3869
-61.4445
-61.5018
-61.5587
-61.6152
-61.6714
-61.7271
-61.7825
-61.8375
-61.8921
-61.9464
-62.0003
-62.0538
-62.1069
-62.1596
-62.212
-62.264
-62.3156
-62.3668
-62.4176
-62.4681
-62.5182
-62.5679
-62.6173
-62.6663
-62.7149
-62.7632
-62.811
-62.8585
-62.9057
-62.9525
-62.9989
-63.0449
-63.0906
-63.136
-63.181
-63.2256
-63.2699
-63.3138
-63.3574
-63.4006
-63.4435
-63.486
-63.5282
-63.57
-63.6115
-63.6527
-63.6935
-63.734
-63.7742
-63.814
-63.8535
-63.8926
-63.9315
-63.97
-64.0082
-64.0461
-64.0836
-64.1208
-64.1578
-64.1944
-64.2307
-64.2666
-64.3023
-64.3377
-64.3727
-64.4075
-64.4419
-64.4761
-64.5099
-64.5435
-64.5768
-64.6097
-64.6424
-64.6748
-64.7069
-64.7387
-64.7703
-64.8015
-64.8325
-64.8632
-64.8936
-64.9237
-64.9536
-64.9832
-65.0125
-65.0415
-65.0703
-65.0988
-64.995
-64.8072
-64.5589
-64.2649
-63.9355
-63.5787
-63.2006
-62.806
-62.399
-61.9826
-61.5594
-61.01
-60.3843
-59.7075
-58.9958
-58.2607
-57.5107
-56.7524
-55.9911
-55.2306
-54.4739
-53.7234
-52.9807
-52.2471
-51.5232
-50.8096
-50.1064
-49.4135
-48.7307
-48.0573
-47.3928
-46.7363
-46.0867
-45.443
-44.8038
-44.1677
-43.5332
-42.8986
-42.2621
-41.6217
-40.9753
-40.3207
-39.6555
-38.9771
-38.2828
-37.5697
-36.8346
-36.0743
-35.2851
-34.4633
-33.6048
-32.7052
-31.7599
-30.764
-29.7123
-28.5994
-27.4196
-26.1671
-24.836
-23.4204
-21.9149
-20.3143
-18.6143
-16.8117
-14.905
-12.8947
-10.784
-8.57942
-6.29132
-3.93444
-1.52828
0.902714
3.32923
5.71762
8.03084
10.23
12.2766
14.1351
15.776
17.1783
18.3312
19.2343
19.8966
20.3348
20.5703
20.627
20.5289
20.2988
19.9572
19.5221
19.0086
18.4296
17.7956
17.1154
16.3961
15.6437
14.8632
14.0589
13.2345
12.3929
11.5369
10.669
9.79112
8.90522
8.01296
7.11582
6.21515
5.31216
4.40795
3.50348
2.59966
1.69726
0.797007
-0.100465
-0.994582
-1.88483
-2.77077
-3.65199
-4.52815
-5.39065
-6.24123
-7.08047
-7.90866
-8.726
-9.53264
-10.3287
-11.1144
-11.8899
-12.6552
-13.4107
-14.1564
-14.8926
-15.6194
-16.337
-17.0457
-17.7455
-18.4368
-19.1196
-19.7944
-20.4611
-21.1202
-21.7717
-22.416
-23.0532
-23.6837
-24.3076
-24.9253
-25.5369
-26.1429
-26.7434
-27.3387
-27.9293
-28.5153
-29.0971
-29.6752
-30.2497
-30.8212
-31.3899
-31.9564
-32.5209
-33.084
-33.6461
-34.2076
-34.7691
-35.3309
-35.8937
-36.4578
-37.0238
-37.5922
-38.1635
-38.7382
-39.3168
-39.8997
-40.4873
-41.08
-41.678
-42.2817
-42.891
-43.5059
-44.1263
-44.7519
-45.3819
-46.0157
-46.6522
-47.2901
-47.9277
-48.5631
-49.1942
-49.8185
-50.4334
-51.0362
-51.624
-52.1942
-52.7439
-53.271
-53.7732
-54.2489
-54.6969
-55.1162
-55.5067
-55.8684
-56.2018
-56.5079
-56.7877
-57.0428
-57.2745
-57.4847
-57.6749
-57.847
-58.0024
-58.143
-58.2701
-58.3852
-58.4897
-58.5847
-58.6713
-58.7505
-58.8233
-58.8904
-58.9525
-59.0103
-59.0643
-59.115
-59.163
-59.2084
-59.2518
-59.2933
-59.3333
-59.372
-59.4095
-59.4461
-59.4818
-59.5169
-59.5515
-59.5855
-59.6192
-59.6526
-59.6858
-59.7188
-59.7517
-59.7845
-59.8173
-59.85
-59.8828
-59.9156
-59.9484
-59.9814
-60.0144
-60.0476
-60.0808
-60.1142
-60.1477
-60.1813
-60.2151
-60.249
-60.2831
-60.3173
-60.3517
-60.3862
-60.4208
-60.4556
-60.4905
-60.5256
-60.5608
-60.5961
-60.6316
-60.6672
-60.703
-60.7388
-60.7748
-60.8109
-60.8471
-60.8834
-60.9198
-60.9563
-60.9929
-61.0296
-61.0663
-61.1032
-61.1401
-61.1772
-61.2143
-61.2514
-61.2886
-61.3259
-61.3632
-61.4006
-61.438
-61.4755
-61.513
-61.5506
-61.5881
-61.6257
-61.6634
-61.701
-61.7387
-61.7764
-61.814
-61.8517
-61.8894
-61.9271
-61.9648
-62.0025
-62.0402
-62.0778
-62.1155
-62.1531
-62.1907
-62.2282
-62.2658
-62.3033
-62.3407
-62.3782
-62.4155
-62.4529
-62.4902
-62.5274
-62.5646
-62.6018
-62.6389
-62.6759
-62.7128
-62.7497
-62.7866
-62.8233
-62.86
-62.8966
-62.9332
-62.9697
-63.006
-63.0423
-63.0786
-63.1147
-63.1507
-63.1867
-63.2226
-63.2583
-63.294
-63.3296
-63.3651
-63.4005
-63.4357
-63.4709
-63.506
-63.5409
-63.5758
-63.6105
-63.6452
-63.6797
-63.7141
-63.7484
-63.7826
-63.8166
-63.8506
-63.8844
-63.9181
-63.9517
-63.9851
-64.0184
-64.0516
-64.0847
-64.1177
-64.1505
-64.1832
-64.2157
-64.2481
-64.2804
-64.3126
-64.3446
-64.3765
-64.4082
-64.4398
-64.4713
-64.5027
-64.5339
-64.5649
-64.5958
-64.6266
-64.6572
-64.6877
-64.7181
-64.7483
-64.7783
-64.8082
-64.838
-64.8676
-64.8971
-64.9264
-64.9556
-64.9846
-65.0135
-65.0422
-65.0708
-65.0992
-65.1275
-65.1556
-65.1836
-65.2114
-65.2391
-65.2666
-65.294
-65.3212
-65.3483
-65.3752
-65.4019
-65.4286
-65.455
-65.4813
-65.5074
-65.5334
-65.5593
-65.5849
-65.6105
-65.6358
-65.6611
-65.6861
-65.711
-65.7358
-65.7604
-65.7848
-65.8091
-65.8332
-65.8572
-65.881
-65.9046
-65.9281
-65.9515
-65.9747
-65.9977
-66.0206
-66.0433
-66.0659
-66.0883
-66.1106
-66.1327
-66.1546
-66.1764
-66.198
-66.2195
-66.2408
-66.262
-66.283
-66.3039
-66.3246
-66.3451
-66.3655
-66.3858
-66.4059
-66.4258
-66.4456
-66.4652
-66.4847
-66.504
-66.5232
-66.5422
-66.5611
-66.5798
-66.5983
-66.6167
-66.635
-66.6531
-66.6711
-66.6889
-66.7065
-66.724
-66.7414
-66.7586
-66.7756
-66.7925
-66.8093
-66.8259
-66.8424
-66.8587
-66.8748
-66.8908
-66.9067
-66.7877
-66.5838
-66.3196
-66.0102
-65.6664
-65.2962
-64.9058
-64.5004
-64.0837
-63.6591
-63.2291
-62.7958
-62.361
-61.926
-61.4921
-61.0602
-60.6312
-60.2058
-59.7845
-59.3678
-58.9562
-58.5499
-58.1492
-57.7544
-57.3655
-56.9828
-56.6063
-56.236
-55.872
-55.5143
-55.1628
-54.8175
-54.4782
-54.1448
-53.8173
-53.4955
-53.1791
-52.8681
-52.5622
-52.2612
-51.9648
-51.6729
-51.3852
-51.1013
-50.8211
-50.5443
-50.2704
-49.9993
-49.7307
-49.4641
-49.1992
-48.9358
-48.6734
-48.4117
-48.1502
-47.8887
-47.6266
-47.3636
-47.0992
-46.833
-46.5645
-46.2932
-46.0185
-45.74
-45.457
-45.169
-44.8753
-44.5752
-44.2679
-43.9528
-43.6291
-43.2957
-42.9517
-42.5962
-42.228
-41.846
-41.4488
-41.035
-40.603
-40.1513
-39.678
-39.1811
-38.6585
-38.1077
-37.5262
-36.9112
-36.2595
-35.5677
-34.8323
-34.0491
-33.2138
-32.3216
-31.3676
-30.3462
-29.2517
-28.0781
-26.8192
-25.4684
-24.0197
-22.467
-20.8051
-19.0296
-17.138
-15.1297
-13.0073
-10.7772
-8.45068
-6.04455
-3.58203
-1.09297
1.38649
3.81502
6.14814
8.34118
10.3527
12.1478
13.701
14.998
16.0353
16.8195
17.3652
17.6921
17.8232
17.782
17.5915
17.273
16.8456
16.3258
15.7281
15.0645
14.3453
13.5792
12.7735
11.9344
11.0672
10.1763
9.26578
8.33891
7.39868
6.44766
5.48816
4.52218
3.55152
2.57776
1.60232
0.626453
-0.348733
-1.32225
-2.29322
-3.26087
-4.22453
-5.1836
-6.13757
-7.08598
-8.02844
-8.96464
-9.89429
-10.8172
-11.7331
-12.6419
-13.5435
-14.4379
-15.3249
-16.2045
-17.0768
-17.9419
-18.7997
-19.6504
-20.4941
-21.3309
-22.161
-22.9845
-23.8017
-24.6129
-25.4182
-26.2179
-27.0125
-27.8021
-28.5872
-29.3681
-30.1453
-30.9193
-31.6904
-32.4593
-33.2264
-33.9924
-34.7579
-35.5234
-36.2897
-37.0574
-37.8274
-38.6002
-39.3767
-40.1576
-40.9439
-41.7361
-42.5352
-43.3419
-44.157
-44.9812
-45.8151
-46.6593
-47.5143
-48.3804
-49.2578
-50.1466
-51.0465
-51.9569
-52.8772
-53.806
-54.7419
-55.6827
-56.6261
-57.569
-58.5079
-59.4389
-60.3577
-61.2595
-62.1393
-62.9922
-63.8133
-64.5978
-65.3418
-66.0415
-66.6945
-67.2989
-67.8539
-68.3596
-68.8171
-69.2282
-69.5951
-69.9208
-70.2084
-70.4613
-70.6828
-70.8762
-71.0446
-71.191
-71.3181
-71.4284
-71.5241
-71.6071
-71.6791
-71.7418
-71.7964
-71.8441
-71.8858
-71.9224
-71.9546
-71.9831
-72.0084
-72.0309
-72.0511
-72.0692
-72.0855
-72.1004
-72.1139
-72.1263
-72.1378
-72.1483
-72.1582
-72.1674
-72.176
-72.1841
-72.1917
-72.199
-72.2059
-72.2126
-72.2189
-72.225
-72.2308
-72.2365
-72.2419
-72.2472
-72.2523
-72.2572
-72.262
-72.2667
-72.2712
-72.2756
-72.2799
-72.2841
-72.2882
-72.2921
-72.296
-72.2997
-72.3034
-72.307
-72.3104
-72.3138
-72.317
-72.3202
-72.3233
-72.3263
-72.3292
-72.332
-72.3347
-72.3373
-72.3398
-72.3422
-72.3446
-72.3468
-72.349
-72.351
-72.353
-72.3549
-72.3566
-72.3583
-72.3599
-72.3614
-72.3628
-72.3641
-72.3653
-72.3665
-72.3675
-72.3684
-72.3692
-72.37
-72.3706
-72.3712
-72.3716
-72.372
-72.3722
-72.3724
-72.3724
-72.3724
-72.3722
-72.372
-72.3717
-72.3712
-72.3707
-72.3701
-72.3693
-72.3685
-72.3676
-72.3665
-72.3654
-72.3642
-72.3629
-72.3614
-72.3599
-72.3583
-72.3566
-72.3547
-72.3528
-72.3508
-72.3486
-72.3464
-72.3441
-72.3417
-72.3391
-72.3365
-72.3338
-72.331
-72.328
-72.325
-72.3219
-72.3187
-72.3153
-72.3119
-72.3084
-72.3048
-72.1566
-71.9189
-71.6185
-71.272
-70.8912
-70.4849
-70.0599
-69.6215
-69.1738
-68.7204
-68.2638
-67.8064
-67.3498
-66.8956
-66.4449
-65.9987
-65.5579
-65.1231
-64.6948
-64.2736
-63.8597
-63.4534
-63.0551
-62.6647
-62.2826
-61.9087
-61.5432
-61.186
-60.8372
-60.4966
-60.1644
-59.8403
-59.5244
-59.2165
-58.9166
-58.6244
-58.3399
-58.063
-57.7934
-57.5311
-57.2759
-57.0276
-56.7861
-56.5512
-56.3228
-56.1007
-55.8847
-55.6746
-55.4704
-55.2718
-55.0786
-54.8908
-54.7081
-54.5305
-54.3576
-54.1895
-54.026
-53.8668
-53.7119
-53.5612
-53.4144
-53.2716
-53.1325
-52.997
-52.865
-52.7365
-52.6112
-52.4891
-52.3701
-52.2541
-52.1409
-52.0306
-51.923
-51.818
-51.7155
-51.6156
-51.518
-51.4227
-51.3297
-51.2389
-51.1502
-51.0636
-50.979
-50.8963
-50.8156
-50.7367
-50.6596
-50.5843
-50.5107
-50.4388
-50.3685
-50.2999
-50.2328
-50.1672
-50.1032
-50.0406
-49.9795
-49.9199
-49.8616
-49.8047
-49.7492
-49.6949
-49.642
-49.5905
-49.5401
-49.4911
-49.4433
-49.3968
-49.3514
-49.3073
-49.2644
-49.2227
-49.1822
-49.1428
-49.1046
-49.0676
-49.0318
-48.9971
-48.9636
-48.9313
-48.9001
-48.8701
-48.8412
-48.8134
-48.7868
-48.7614
-48.7372
-48.7141
-48.6922
-48.6715
-48.6519
-48.6336
-48.6165
-48.6006
-48.5859
-48.5724
-48.5602
-48.5493
-48.5397
-48.5313
-48.5242
-48.5185
-48.5141
-48.5111
-48.5094
-48.5091
-48.5103
-48.5129
-48.517
-48.5225
-48.5296
-48.5382
-48.5483
-48.5601
-48.5734
-48.5884
-48.6051
-48.6235
-48.6436
-48.6655
-48.6891
-48.7147
-48.7421
-48.7714
-48.8026
-48.8358
-48.8711
-48.9084
-48.9479
-48.9895
-49.0332
-49.0793
-49.1276
-49.1782
-49.2312
-49.2866
-49.3444
-49.4048
-49.4677
-49.5333
-49.6015
-49.6723
-49.7459
-49.8223
-49.9015
-49.9836
-50.0687
-50.1566
-50.2476
-50.3416
-50.4387
-50.5389
-50.6423
-50.7488
-50.8585
-50.9714
-51.0876
-51.2071
-51.3298
-51.4558
-51.5851
-51.7177
-51.8536
-51.9927
-52.1351
-52.2807
-52.4295
-52.5815
-52.7366
-52.8947
-53.0559
-53.22
-53.3869
-53.5566
-53.729
-53.904
-54.0815
-54.2613
-54.4434
-54.6276
-54.8138
-55.0018
-55.1914
-55.3826
-55.5752
-55.769
-55.9638
-56.1594
-56.3557
-56.5525
-56.7496
-56.9467
-57.1439
-57.3407
-57.5372
-57.733
-57.928
-58.122
-58.315
-58.5066
-58.6967
-58.8852
-59.072
-59.2568
-59.4396
-59.6203
-59.7987
-59.9748
-60.1483
-60.3193
-60.4877
-60.6534
-60.8163
-60.9764
-61.1336
-61.288
-61.4394
-61.5878
-61.7333
-61.8758
-62.0154
-62.152
-62.2856
-62.4163
-62.5441
-62.669
-62.7911
-62.9103
-63.0267
-63.1404
-63.2514
-63.3597
-63.4654
-63.5685
-63.6691
-63.7672
-63.8629
-63.9562
-64.0472
-64.136
-64.2225
-64.3069
-64.3891
-64.4694
-64.5476
-64.6238
-64.6982
-64.7707
-64.8413
-64.9103
-64.9775
-65.0431
-65.107
-65.1694
-65.2302
-65.2896
-65.3475
-65.404
-65.4591
-65.5129
-65.5654
-65.6167
-65.6667
-65.7156
-65.7633
-65.8098
-65.8553
-65.8998
-65.9432
-65.9856
-66.027
-66.0675
-66.1071
-66.1458
-66.1836
-66.2206
-66.2567
-66.292
-66.3266
-66.3604
-66.3935
-66.4259
-66.4575
-66.4885
-66.5188
-66.5485
-66.5776
-66.606
-66.6339
-66.6611
-66.6878
-66.714
-66.7396
-66.7647
-66.7892
-66.8133
-66.8369
-66.86
-66.8826
-66.9048
-66.9265
-66.9478
-66.9687
-66.9892
-67.0092
-67.0289
-67.0482
-67.0671
-67.0856
-67.1037
-67.1216
-67.139
-67.1561
-67.1729
-67.1894
-67.2055
-67.2213
-67.2368
-67.252
-67.2669
-67.2816
-67.2959
-67.31
-67.3237
-67.3372
-67.3505
-67.3635
-67.3762
-67.3887
-67.4009
-67.4129
-67.4246
-67.4361
-67.4474
-67.4585
-67.4693
-67.4799
-67.4903
-67.5005
-67.5104
-67.5202
-67.5298
-67.5391
-67.5483
-67.5572
-67.566
-67.5746
-67.583
-67.5912
-67.5992
-67.607
-67.6147
-67.6222
-67.6295
-67.6367
-67.6436
-67.6505
-67.6571
-67.6636
-67.6699
-67.6761
-67.6821
-67.688
-67.6937
-67.6992
-67.7047
-67.7099
-67.715
-67.72
-67.7248
-67.7295
-67.7341
-67.7385
-67.7428
-67.7469
-67.7509
-67.7548
-67.7586
-67.7622
-67.7657
-67.769
-67.7723
-67.7754
-67.7784
-67.7813
-67.784
-67.7866
-67.7892
-67.7916
-67.7938
-67.796
-67.7981
-67.8
-67.8018
-67.8036
-67.8052
-67.8067
-67.8081
-67.8094
-67.8105
-67.8116
-67.8126
-67.8135
-67.6751
-67.4473
-67.1545
-66.812
-66.4306
-66.0187
-65.5829
-65.1283
-64.6593
-64.1793
-63.6911
-63.197
-62.699
-62.1987
-61.6975
-61.1964
-60.6964
-60.1983
-59.7027
-59.2103
-58.7215
-58.2367
-57.7562
-57.2801
-56.8088
-56.3423
-55.8807
-55.424
-54.9721
-54.525
-54.0826
-53.6446
-53.2108
-52.781
-52.3548
-51.9319
-51.5118
-51.0942
-50.6785
-50.2642
-49.8506
-49.4371
-48.9272
-48.3587
-47.7497
-47.1104
-46.4475
-45.7651
-45.0661
-44.3519
-43.6228
-42.8786
-42.1182
-41.34
-40.5416
-39.7205
-38.8734
-37.9965
-37.0856
-36.136
-35.1423
-34.0987
-32.9986
-31.8351
-30.6004
-29.2862
-27.8837
-26.3835
-24.7759
-23.0512
-21.1999
-19.2132
-17.0837
-14.8064
-12.3795
-9.8058
-7.09405
-4.26021
-1.32871
1.667
4.68442
7.67298
10.5762
13.3352
15.8926
18.1978
20.2116
21.9098
23.2845
24.3432
25.1065
25.6034
25.8673
25.9323
25.8305
25.5905
25.2366
24.7891
24.2643
23.6754
23.033
22.3454
21.6195
20.8608
20.074
19.2629
18.4308
17.5806
16.7149
15.8358
14.9455
14.0456
13.1379
12.2238
11.3046
10.3817
9.45621
8.52908
7.60128
6.67368
5.74706
4.82213
3.89954
2.97986
2.06364
1.15133
0.243351
-0.659911
-1.55813
-2.451
-3.33828
-4.21973
-5.09518
-5.96445
-6.8274
-7.68394
-8.53396
-9.37741
-10.2142
-11.0444
-11.8679
-12.6847
-13.4949
-14.2984
-15.0954
-15.8859
-16.67
-17.4476
-18.2191
-18.9844
-19.7436
-20.497
-21.2447
-21.9867
-22.7235
-23.455
-24.1816
-24.9034
-25.6208
-26.3339
-27.0432
-27.7488
-28.4513
-29.1508
-29.8478
-30.5427
-31.236
-31.9282
-32.6196
-33.3109
-34.0025
-34.6952
-35.3894
-36.0858
-36.785
-37.4878
-38.1947
-38.9066
-39.6241
-40.3479
-41.0787
-41.8172
-42.564
-43.3197
-44.0848
-44.8597
-45.6447
-46.4399
-47.2452
-48.0602
-48.8845
-49.717
-50.5563
-51.4009
-52.2484
-53.0962
-53.9411
-54.7797
-55.6078
-56.4211
-57.2151
-57.9853
-58.7272
-59.4366
-60.1098
-60.7438
-61.3363
-61.8858
-62.3917
-62.8541
-63.2741
-63.6532
-63.9935
-64.2975
-64.568
-64.808
-65.0203
-65.2078
-65.3732
-65.5192
-65.648
-65.762
-65.8629
-65.9527
-66.0327
-66.1044
-66.1689
-66.2273
-66.2805
-66.3291
-66.3739
-66.4154
-66.4541
-66.4905
-66.5247
-66.5572
-66.5883
-66.618
-66.6467
-66.6744
-66.7013
-66.7275
-66.7531
-66.7781
-66.8028
-66.827
-66.8509
-66.8745
-66.8979
-66.921
-66.9439
-66.9667
-66.9893
-67.0117
-67.034
-67.0562
-67.0783
-67.1003
-67.1222
-67.144
-67.1657
-67.1873
-67.2089
-67.2304
-67.2518
-67.2731
-67.2944
-67.3156
-67.3368
-67.3578
-67.3788
-67.3998
-67.4207
-67.4415
-67.4622
-67.4829
-67.5034
-67.524
-67.5444
-67.5648
-67.5851
-67.6053
-67.6254
-67.6455
-67.6655
-67.6854
-67.7052
-67.7249
-67.7446
-67.7642
-67.7836
-67.803
-67.8223
-67.8416
-67.8607
-67.8797
-67.8987
-67.9175
-67.9363
-67.9549
-67.9735
-67.9919
-68.0103
-68.0285
-68.0467
-68.0648
-68.0827
-68.1006
-68.1183
-68.1359
-68.1535
-68.1709
-68.1882
-68.2054
-68.2225
-68.2395
-68.2564
-68.2732
-68.2898
-68.3064
-68.3228
-68.3391
-68.3553
-68.3714
-68.3874
-68.4032
-68.419
-68.4346
-68.4501
-68.4655
-68.4808
-68.4959
-68.5109
-68.5259
-68.5407
-68.5553
-68.5699
-68.5843
-68.5986
-68.6128
-68.6269
-68.6408
-68.6546
-68.6683
-68.6819
-68.6954
-68.7087
-68.7219
-68.735
-68.7479
-68.7608
-68.7735
-68.7861
-68.7985
-68.8109
-68.8231
-68.8352
-68.8471
-68.859
-68.8707
-68.8823
-68.8937
-68.9051
-68.9163
-68.9274
-68.9384
-68.9492
-68.9599
-68.9705
-68.981
-68.9913
-69.0015
-69.0116
-69.0216
-69.0314
-69.0412
-69.0508
-69.0602
-69.0696
-69.0788
-69.0879
-69.0969
-69.1057
-69.1145
-69.1231
-69.1316
-69.1399
-69.1482
-69.1563
-69.1643
-69.1722
-69.1799
-69.1875
-69.195
-69.2024
-69.2097
-69.2169
-69.2239
-69.2308
-69.2376
-69.2442
-69.2508
-69.2572
-69.2635
-69.2697
-69.2758
-69.2817
-69.2876
-69.2933
-69.2989
-69.3044
-69.3097
-69.315
-69.3201
-69.3252
-69.3301
-69.3348
-69.3395
-69.3441
-69.3485
-69.3529
-69.3571
-69.3612
-69.3652
-69.3691
-69.3728
-69.3765
-69.38
-69.3835
-69.3868
-69.39
-69.3931
-69.3961
-69.399
-69.4018
-69.4045
-69.407
-69.4095
-69.4118
-69.4141
-69.4162
-69.4182
-69.4202
-69.422
-69.2832
-69.0555
-68.7645
-68.4258
-68.0506
-67.6476
-67.2232
-66.7827
-66.3303
-65.8696
-65.4031
-64.9332
-64.4617
-63.9903
-63.5201
-63.0523
-62.5878
-62.1272
-61.6714
-61.2207
-60.7757
-60.3367
-59.904
-59.4778
-59.0584
-58.646
-58.2405
-57.8422
-57.4509
-57.0668
-56.6898
-56.3199
-55.9569
-55.6008
-55.2515
-54.9087
-54.5725
-54.2425
-53.9185
-53.6005
-53.2881
-52.9811
-52.6792
-52.3823
-52.09
-51.802
-51.518
-51.2379
-50.9611
-50.6875
-50.4166
-50.1482
-49.8818
-49.6172
-49.354
-49.0918
-48.8302
-48.5688
-48.3072
-48.045
-47.7817
-47.5169
-47.2501
-46.9809
-46.7086
-46.4328
-46.153
-45.8684
-45.5785
-45.2827
-44.9802
-44.6702
-44.352
-44.0247
-43.6874
-43.339
-42.9786
-42.605
-42.2169
-41.8129
-41.3916
-40.9514
-40.4905
-40.007
-39.4988
-38.9636
-38.399
-37.8021
-37.17
-36.4995
-35.7868
-35.0281
-34.2192
-33.3554
-32.4318
-31.4429
-30.3831
-29.2463
-28.0262
-26.7162
-25.31
-23.8009
-22.1832
-20.4516
-18.6021
-16.6324
-14.5429
-12.3369
-10.0217
-7.60956
-5.11819
-2.57128
0.00131218
2.56397
5.07636
7.49521
9.77683
11.88
13.7693
15.4175
16.8079
17.9344
18.8014
19.4217
19.8143
20.0018
20.0084
19.858
19.5728
19.173
18.6762
18.0977
17.4502
16.7446
15.9899
15.1938
14.3626
13.5018
12.616
11.7092
10.7848
9.84586
8.89494
7.9344
6.96628
5.9924
5.01438
4.03367
3.05155
2.06919
1.0876
0.107703
-0.869698
-1.84388
-2.81421
-3.78014
-4.74116
-5.69687
-6.64689
-7.59091
-8.52867
-9.45994
-10.3845
-11.3024
-12.2132
-13.1172
-14.014
-14.9039
-15.7866
-16.6624
-17.5312
-18.3932
-19.2483
-20.0968
-20.9388
-21.7745
-22.604
-23.4276
-24.2455
-25.058
-25.8654
-26.6679
-27.4659
-28.2598
-29.0501
-29.837
-30.6212
-31.4031
-32.1832
-32.9621
-33.7404
-34.5187
-35.2978
-36.0782
-36.8608
-37.6464
-38.4356
-39.2293
-40.0283
-40.8336
-41.6459
-42.466
-43.2949
-44.1333
-44.982
-45.8416
-46.7127
-47.5959
-48.4915
-49.3996
-50.3201
-51.2527
-52.1967
-53.1512
-54.1147
-55.0852
-56.0603
-57.0372
-58.0123
-58.9816
-59.9406
-60.8843
-61.8076
-62.705
-63.5711
-64.4008
-65.1895
-65.933
-66.6282
-67.2728
-67.8655
-68.4062
-68.8956
-69.3355
-69.7281
-70.0764
-70.3838
-70.6536
-70.8896
-71.0953
-71.2739
-71.4289
-71.563
-71.679
-71.7792
-71.8658
-71.9408
-72.0057
-72.0619
-72.1108
-72.1533
-72.1905
-72.223
-72.2515
-72.2767
-72.2989
-72.3187
-72.3364
-72.3522
-72.3665
-72.3794
-72.3911
-72.4019
-72.4117
-72.4208
-72.4292
-72.437
-72.4444
-72.4513
-72.4577
-72.4639
-72.4697
-72.4752
-72.4805
-72.4855
-72.4904
-72.495
-72.4995
-72.5038
-72.5079
-72.5119
-72.5158
-72.5195
-72.5232
-72.5267
-72.5301
-72.5333
-72.5365
-72.5396
-72.5426
-72.5454
-72.5482
-72.5509
-72.5535
-72.556
-72.5584
-72.5607
-72.5629
-72.565
-72.5671
-72.569
-72.5709
-72.5726
-72.5743
-72.5759
-72.5774
-72.5788
-72.5801
-72.5813
-72.5824
-72.5835
-72.5844
-72.5853
-72.586
-72.5867
-72.5872
-72.5877
-72.5881
-72.5884
-72.5886
-72.5887
-72.5887
-72.5886
-72.5885
-72.5882
-72.5878
-72.5873
-72.5868
-72.5861
-72.5854
-72.5845
-72.5836
-72.5825
-72.5814
-72.5801
-72.5788
-72.5774
-72.5758
-72.5742
-72.5725
-72.5707
-72.5687
-72.5667
-72.5646
-72.5624
-72.5601
-72.5577
-72.5552
-72.5526
-72.5498
-72.547
-72.5441
-72.5411
-72.538
-72.5348
-72.5315
-72.5281
-72.5246
-72.5211
-72.5174
-72.5136
-72.5097
-72.5057
-72.5016
-72.4974
-72.4932
-72.4888
-72.4843
-72.4797
-72.4751
-72.4703
-72.4654
-72.4605
-72.4554
-72.4503
-72.445
-72.4397
-72.4342
-72.4287
-72.4231
-72.4173
-72.4115
-72.4056
-72.3996
-72.3934
-72.3872
-72.3809
-72.3745
-72.3681
-72.3615
-72.3548
-72.348
-72.3412
-72.3342
-72.3272
-72.32
-72.3128
-72.3055
-72.2981
-72.2906
-72.283
-72.2753
-72.2675
-72.2597
-72.2517
-72.2437
-72.2355
-72.2273
-72.219
-72.2106
-72.2021
-72.1936
-72.1849
-72.1762
-72.1673
-72.1584
-72.1494
-72.1404
-72.1312
-72.1219
-72.1126
-72.1032
-72.0937
-72.0841
-72.0744
-72.0647
-72.0548
-72.0449
-72.0349
-72.0249
-72.0147
-72.0045
-71.9942
-71.9838
-71.9733
-71.9628
-71.9521
-71.9414
-71.9307
-71.9198
-71.9089
-71.8979
-71.8868
-71.8757
-71.8644
-71.8531
-71.8418
-71.8303
-71.8188
-71.8072
-71.7956
-71.7838
-71.772
-71.7602
-71.7482
-71.7362
-71.7241
-71.712
-71.6998
-71.6875
-71.6752
-71.6628
-71.6503
-71.6377
-71.6251
-71.4662
-71.214
-70.8945
-70.524
-70.1142
-69.6738
-69.21
-68.7281
-68.2328
-67.7277
-67.2157
-66.6993
-66.1805
-65.6611
-65.1424
-64.6258
-64.1121
-63.6022
-63.0969
-62.5967
-62.1023
-61.6139
-61.011
-60.3423
-59.6319
-58.8947
-58.141
-57.3788
-56.6136
-55.85
-55.0912
-54.3398
-53.5974
-52.8654
-52.1445
-51.4351
-50.7373
-50.051
-49.3759
-48.7112
-48.0562
-47.4101
-46.7717
-46.1397
-45.5129
-44.8897
-44.2685
-43.6475
-43.0249
-42.3987
-41.7666
-41.1264
-40.4756
-39.8116
-39.1316
-38.4326
-37.7113
-36.9645
-36.1883
-35.3789
-34.5321
-33.6432
-32.7077
-31.7201
-30.6753
-29.5673
-28.3903
-27.138
-25.8042
-24.3827
-22.8674
-21.2529
-19.5346
-17.7089
-15.7743
-13.7311
-11.583
-9.33652
-7.00256
-4.59606
-2.13642
0.352756
2.84415
5.30748
7.71054
10.0203
12.2043
14.2315
16.0744
17.7096
19.12
20.2957
21.2347
21.9426
22.432
22.7205
22.8288
22.7789
22.5926
22.29
21.889
21.4055
20.8526
20.2414
19.5811
18.8792
18.1421
17.375
16.5824
15.7678
14.9346
14.0854
13.2228
12.3489
11.4655
10.5744
9.67707
8.7749
7.86913
6.96088
6.05116
5.1409
4.23093
3.32198
2.41475
1.50984
0.607805
-0.290875
-1.18576
-2.07646
-2.96263
-3.84396
-4.7202
-5.59111
-6.45648
-7.31616
-8.17
-9.01789
-9.85973
-10.6955
-11.525
-12.3484
-13.1655
-13.9764
-14.7812
-15.5797
-16.3722
-17.1586
-17.9391
-18.7137
-19.4825
-20.2457
-21.0033
-21.7556
-22.5027
-23.2449
-23.9822
-24.715
-25.4434
-26.1678
-26.8884
-27.6056
-28.3196
-29.0309
-29.7398
-30.4468
-31.1522
-31.8566
-32.5605
-33.2643
-33.9686
-34.674
-35.3812
-36.0908
-36.8033
-37.5196
-38.2403
-38.9662
-39.6979
-40.4361
-41.1817
-41.9353
-42.6975
-43.4691
-44.2504
-45.0419
-45.8441
-46.6569
-47.4804
-48.3143
-49.158
-50.0106
-50.8708
-51.7369
-52.6068
-53.4777
-54.3465
-55.2096
-56.0628
-56.9018
-57.7218
-58.518
-59.2858
-60.0208
-60.7188
-61.3767
-61.9918
-62.5625
-63.0878
-63.5679
-64.0037
-64.3968
-64.7492
-65.0636
-65.343
-65.5902
-65.8085
-66.0008
-66.17
-66.3189
-66.45
-66.5655
-66.6675
-66.7578
-66.8381
-66.9097
-66.974
-67.0319
-67.0843
-67.1322
-67.1761
-67.2166
-67.2543
-67.2895
-67.3226
-67.3539
-67.3836
-67.4121
-67.4394
-67.4657
-67.4912
-67.516
-67.5402
-67.5638
-67.5869
-67.6097
-67.6321
-67.6541
-67.6759
-67.6974
-67.7187
-67.7398
-67.7608
-67.7815
-67.8022
-67.8226
-67.843
-67.8632
-67.8834
-67.9034
-67.9233
-67.9431
-67.9628
-67.9825
-68.002
-68.0215
-68.0408
-68.0601
-68.0793
-68.0985
-68.1175
-68.1365
-68.1553
-68.1741
-68.1928
-68.2114
-68.23
-68.2484
-68.2668
-68.2851
-68.3033
-68.3214
-68.3394
-68.3573
-68.3751
-68.3929
-68.4105
-68.4281
-68.4455
-68.4629
-68.4802
-68.4973
-68.5144
-68.5314
-68.5483
-68.565
-68.5817
-68.5983
-68.6147
-68.6311
-68.6474
-68.6635
-68.6796
-68.6955
-68.7113
-68.7271
-68.7427
-68.7582
-68.7736
-68.7889
-68.804
-68.8191
-68.834
-68.8489
-68.8636
-68.8782
-68.8927
-68.9071
-68.9213
-68.9355
-68.9495
-68.9634
-68.9772
-68.9909
-69.0044
-69.0179
-69.0312
-69.0444
-69.0575
-69.0704
-69.0833
-69.096
-69.1086
-69.1211
-69.1334
-69.1457
-69.1578
-69.1698
-69.1816
-69.1934
-69.205
-69.2165
-69.2279
-69.2392
-69.2503
-69.2613
-69.2722
-69.283
-69.2936
-69.3041
-69.3145
-69.3248
-69.3349
-69.3449
-69.3548
-69.3646
-69.3743
-69.3838
-69.3932
-69.4025
-69.4117
-69.4207
-69.4296
-69.4384
-69.4471
-69.4556
-69.464
-69.4723
-69.4805
-69.4886
-69.4965
-69.5043
-69.512
-69.5195
-69.527
-69.5343
-69.5415
-69.5486
-69.5555
-69.5624
-69.5691
-69.5757
-69.5822
-69.5885
-69.5947
-69.6009
-69.6069
-69.6127
-69.6185
-69.6241
-69.6296
-69.635
-69.6403
-69.6455
-69.6505
-69.6555
-69.6603
-69.665
-69.6696
-69.674
-69.6784
-69.6826
-69.6867
-69.6907
-69.6946
-69.6984
-69.7021
-69.7056
-69.7091
-69.7124
-69.7156
-69.7187
-69.7217
-69.5842
-69.3587
-69.0707
-68.7362
-68.3664
-67.9698
-67.553
-67.1212
-66.6785
-66.2284
-65.7735
-65.3161
-64.8578
-64.4004
-63.9449
-63.4924
-63.0438
-62.5999
-62.1611
-61.728
-61.301
-60.8805
-60.4668
-60.06
-59.6603
-59.268
-58.883
-58.5055
-58.1354
-57.7728
-57.4176
-57.0699
-56.7294
-56.3962
-56.0702
-55.7511
-55.439
-55.1335
-54.8347
-54.5422
-54.256
-53.9757
-53.7013
-53.4325
-53.1691
-52.911
-52.6577
-52.4093
-52.1653
-51.9256
-51.69
-51.4582
-51.2299
-51.005
-50.7832
-50.5642
-50.3478
-50.1338
-49.9219
-49.7118
-49.5033
-49.2962
-49.0902
-48.885
-48.6803
-48.476
-48.2718
-48.0673
-47.8622
-47.6564
-47.4495
-47.2411
-47.0311
-46.819
-46.6046
-46.3874
-46.1671
-45.9434
-45.7157
-45.4838
-45.2472
-44.9193
-44.5352
-44.1108
-43.6552
-43.1742
-42.6713
-42.1488
-41.608
-41.0496
-40.4736
-39.8794
-39.2663
-38.633
-37.9781
-37.2999
-36.5964
-35.8654
-35.1045
-34.3109
-33.482
-32.6145
-31.7052
-30.7507
-29.7474
-28.6915
-27.5794
-26.4071
-25.171
-23.8675
-22.4935
-21.0461
-19.5234
-17.9242
-16.2486
-14.498
-12.6759
-10.7875
-8.84072
-6.84603
-4.81677
-2.76928
-0.722889
1.30025
3.27555
5.17667
6.97645
8.64829
10.1677
11.5139
12.6716
13.6315
14.3914
14.9551
15.332
15.5356
15.5819
15.4878
15.2706
14.9465
14.5306
14.0362
13.4751
12.8572
12.1914
11.485
10.7443
9.97461
9.18057
8.36612
7.53464
6.68909
5.83205
4.96578
4.09225
3.21322
2.33025
1.44471
0.557813
-0.329347
-1.21581
-2.10073
-2.98333
-3.86296
-4.73903
-5.61101
-6.47846
-7.34097
-8.1982
-9.04986
-9.8957
-10.7355
-11.5691
-12.3964
-13.2172
-14.0315
-14.8391
-15.6402
-16.4346
-17.2224
-18.0037
-18.7783
-19.5465
-20.3084
-21.064
-21.8134
-22.5569
-23.2945
-24.0264
-24.7529
-25.4741
-26.1904
-26.9019
-27.6089
-28.3118
-29.0108
-29.7063
-30.3987
-31.0884
-31.7758
-32.4612
-33.1453
-33.8284
-34.5111
-35.194
-35.8775
-36.5623
-37.249
-37.9382
-38.6305
-39.3265
-40.027
-40.7326
-41.4439
-42.1616
-42.8862
-43.6183
-44.3585
-45.1071
-45.8645
-46.6308
-47.4062
-48.1905
-48.9834
-49.7842
-50.5921
-51.4057
-52.2234
-53.0433
-53.8628
-54.679
-55.4887
-56.2882
-57.0735
-57.8406
-58.5851
-59.3029
-59.9903
-60.6437
-61.2601
-61.8374
-62.374
-62.8692
-63.3231
-63.7363
-64.1102
-64.4468
-64.7483
-65.0173
-65.2563
-65.4683
-65.6558
-65.8215
-65.968
-66.0973
-66.2118
-66.3133
-66.4034
-66.4837
-66.5556
-66.6202
-66.6785
-66.7314
-66.7797
-66.8241
-66.865
-66.903
-66.9386
-66.972
-67.0035
-67.0335
-67.0622
-67.0896
-67.1161
-67.1418
-67.1666
-67.1909
-67.2146
-67.2378
-67.2606
-67.283
-67.3051
-67.3269
-67.3485
-67.3698
-67.391
-67.412
-67.4328
-67.4535
-67.474
-67.4945
-67.5148
-67.5351
-67.5552
-67.5752
-67.5952
-67.6151
-67.6349
-67.6546
-67.6743
-67.6939
-67.7134
-67.7328
-67.7522
-67.7715
-67.7907
-67.8099
-67.8289
-67.848
-67.8669
-67.8858
-67.9046
-67.9233
-67.9419
-67.9605
-67.979
-67.9974
-68.0158
-68.034
-68.0522
-68.0703
-68.0883
-68.1063
-68.1241
-68.1419
-68.1595
-68.1771
-68.1946
-68.212
-68.2294
-68.2466
-68.2637
-68.2807
-68.2977
-68.3145
-68.3313
-68.3479
-68.3645
-68.3809
-68.3973
-68.4135
-68.4297
-68.4457
-68.4616
-68.4775
-68.4932
-68.5088
-68.5244
-68.5398
-68.5551
-68.5703
-68.5853
-68.6003
-68.6152
-68.4966
-68.2978
-68.0445
-67.7526
-67.4328
-67.093
-66.7394
-66.3764
-66.0076
-65.6359
-65.2634
-64.8919
-64.5227
-64.157
-63.7956
-63.4394
-63.0887
-62.7441
-62.406
-62.0745
-61.75
-61.4325
-61.1222
-60.8191
-60.5234
-60.2349
-59.9537
-59.6798
-59.413
-59.1534
-58.9008
-58.6552
-58.4164
-58.1843
-57.9589
-57.74
-57.5274
-57.3211
-57.1209
-56.9267
-56.7384
-56.5558
-56.3788
-56.2072
-56.041
-55.88
-55.724
-55.573
-55.4268
-55.2854
-55.1485
-55.016
-54.888
-54.7642
-54.6445
-54.5288
-54.4171
-54.3092
-54.205
-54.1045
-54.0076
-53.9141
-53.824
-53.7372
-53.6536
-53.5732
-53.4959
-53.4216
-53.3502
-53.2817
-53.216
-53.1531
-53.0929
-53.0354
-52.8804
-52.6696
-52.4226
-52.151
-51.8625
-51.5628
-51.2558
-50.9444
-50.631
-50.3172
-50.0041
-49.6928
-49.384
-49.078
-48.7752
-48.476
-48.1804
-47.8884
-47.6002
-47.3156
-47.0346
-46.7571
-46.483
-46.2121
-45.9443
-45.6793
-45.417
-45.1572
-44.8996
-44.644
-44.3902
-44.138
-43.8871
-43.6372
-43.3882
-43.1398
-42.8916
-42.6435
-42.3952
-42.1464
-41.8969
-41.6463
-41.3944
-41.1409
-40.8855
-40.6279
-40.3678
-40.1049
-39.8388
-39.5693
-39.296
-39.0185
-38.7365
-38.4495
-38.1574
-37.8595
-37.5555
-37.245
-36.9275
-36.6026
-36.2697
-35.9284
-35.5781
-35.2183
-34.8485
-34.4679
-34.0761
-33.6723
-33.2559
-32.8262
-32.3825
-31.9241
-31.4501
-30.9599
-30.4525
-29.9273
-29.3832
-28.8196
-28.2355
-27.6301
-27.0024
-26.3517
-25.6772
-24.9779
-24.2532
-23.5023
-22.7246
-21.9196
-21.0867
-20.2258
-19.3367
-18.4196
-17.4748
-16.5033
-15.5061
-14.4851
-13.4427
-12.3822
-11.3077
-10.2246
-9.13929
-8.05973
-6.99508
-5.95589
-4.95374
-4.00101
-3.11028
-2.29379
-1.56276
-0.926706
-0.392994
0.0335413
0.350715
0.558895
0.660743
0.66081
0.565086
0.380545
0.114708
-0.224711
-0.630085
-1.09408
-1.60981
-2.17089
-2.77148
-3.40631
-4.07062
-4.76018
-5.47121
-6.19026
-6.91728
-7.65081
-8.38912
-9.13057
-9.87363
-10.6169
-11.3593
-12.0996
-12.837
-13.5708
-14.3001
-15.0245
-15.7435
-16.4567
-17.1636
-17.8642
-18.5581
-19.2452
-19.9254
-20.5986
-21.2648
-21.9239
-22.576
-23.2212
-23.8595
-24.491
-25.1158
-25.7341
-26.346
-26.9518
-27.5516
-28.1455
-28.734
-29.3171
-29.8952
-30.4686
-31.0374
-31.6021
-32.1629
-32.7201
-33.2742
-33.8254
-34.3741
-34.9208
-35.4658
-36.0095
-36.5523
-37.0947
-37.6371
-38.18
-38.7238
-39.269
-39.816
-40.3654
-40.9175
-41.4727
-42.0316
-42.5944
-43.1616
-43.7335
-44.3102
-44.8919
-45.4788
-46.0706
-46.6674
-47.2686
-47.8738
-48.4822
-49.0928
-49.7044
-50.3156
-50.9245
-51.5292
-52.1275
-52.7169
-53.2949
-53.8589

