-65
-64.9994
-64.9988
-64.9982
-64.9977
-64.9971
-64.9965
-64.996
-64.9954
-64.9949
-64.9943
-64.9938
-64.9932
-64.9927
-64.9922
-64.9917
-64.9912
-64.9906
-64.9901
-64.9896
-64.9891
-64.9886
-64.9881
-64.9876
-64.9872
-64.9867
-64.9862
-64.9857
-64.9852
-64.9848
-64.9843
-64.9838
-64.9834
-64.9829
-64.9825
-64.982
-64.9816
-64.9811
-64.9807
-64.9802
-64.9798
-64.9794
-64.9789
-64.9785
-64.9781
-64.9777
-64.9772
-64.9768
-64.9764
-64.976
-64.9756
-64.9752
-64.9748
-64.9744
-64.974
-64.9736
-64.9732
-64.9728
-64.9725
-64.9721
-64.9717
-64.9713
-64.971
-64.9706
-64.9702
-64.9699
-64.9695
-64.9692
-64.9688
-64.9685
-64.9681
-64.9678
-64.9675
-64.9671
-64.9668
-64.9665
-64.9661
-64.9658
-64.9655
-64.9652
-64.9649
-64.9646
-64.9642
-64.9639
-64.9636
-64.9633
-64.963
-64.9628
-64.9625
-64.9622
-64.9619
-64.9616
-64.9613
-64.9611
-64.9608
-64.9605
-64.9603
-64.96
-64.9598
-64.9595
-64.9592
-64.959
-64.9588
-64.9585
-64.9583
-64.958
-64.9578
-64.9576
-64.9573
-64.9571
-64.9569
-64.9567
-64.9565
-64.9562
-64.956
-64.9558
-64.9556
-64.9554
-64.9552
-64.955
-64.9548
-64.9546
-64.9545
-64.9543
-64.9541
-64.9539
-64.9537
-64.9536
-64.9534
-64.9532
-64.9531
-64.9529
-64.9527
-64.9526
-64.9524
-64.9523
-64.9521
-64.952
-64.9519
-64.9517
-64.9516
-64.9514
-64.9513
-64.9512
-64.9511
-64.9509
-64.9508
-64.9507
-64.9506
-64.9505
-64.9504
-64.9503
-64.9502
-64.95
-64.9499
-64.9499
-64.9498
-64.9497
-64.9496
-64.9495
-64.9494
-64.9493
-64.9492
-64.9492
-64.9491
-64.949
-64.9489
-64.9489
-64.9488
-64.9487
-64.9487
-64.9486
-64.9486
-64.9485
-64.9485
-64.9484
-64.9484
-64.9483
-64.9483
-64.9482
-64.9482
-64.9482
-64.9481
-64.9481
-64.9481
-64.948
-64.948
-64.948
-64.948
-64.948
-64.9479
-64.9479
-64.9479
-64.9479
-64.9479
-64.9479
-64.9479
-64.9479
-64.9479
-64.9479
-64.9479
-64.9479
-64.9479
-64.9479
-64.9479
-64.9479
-64.9479
-64.9479
-64.948
-64.948
-64.948
-64.948
-64.9481
-64.9481
-64.9481
-64.9481
-64.9482
-64.9482
-64.9482
-64.9483
-64.9483
-64.9483
-64.9484
-64.9484
-64.9485
-64.9485
-64.9486
-64.9486
-64.9487
-64.9487
-64.9488
-64.9488
-64.9489
-64.9489
-64.949
-64.9491
-64.9491
-64.9492
-64.9492
-64.9493
-64.9494
-64.9494
-64.9495
-64.9496
-64.9497
-64.9497
-64.9498
-64.9499
-64.95
-64.95
-64.9501
-64.9502
-64.9503
-64.9504
-64.9504
-64.9505
-64.9506
-64.9507
-64.9508
-64.9509
-64.951
-64.951
-64.9511
-64.9512
-64.9513
-64.9514
-64.9515
-64.9516
-64.9517
-64.9518
-64.9519
-64.952
-64.9521
-64.9522
-64.9523
-64.9524
-64.9525
-64.9526
-64.9527
-64.9528
-64.9529
-64.953
-64.9532
-64.9533
-64.9534
-64.9535
-64.9536
-64.9537
-64.9538
-64.9539
-64.954
-64.9542
-64.9543
-64.9544
-64.9545
-64.9546
-64.9547
-64.9548
-64.955
-64.9551
-64.9552
-64.9553
-64.9554
-64.9556
-64.9557
-64.9558
-64.9559
-64.956
-64.9562
-64.9563
-64.9564
-64.9565
-64.9566
-64.9568
-64.9569
-64.957
-64.9571
-64.9573
-64.9574
-64.9575
-64.9576
-64.9578
-64.9579
-64.958
-64.9581
-64.9583
-64.9584
-64.9585
-64.9587
-64.9588
-64.9589
-64.959
-64.9592
-64.9593
-64.9594
-64.9595
-64.9597
-64.9598
-64.9599
-64.96
-64.9602
-64.9603
-64.9604
-64.9606
-64.9607
-64.9608
-64.9609
-64.9611
-64.9612
-64.9613
-64.9614
-64.9616
-64.9617
-64.9618
-64.962
-64.9621
-64.9622
-64.9623
-64.9625
-64.9626
-64.9627
-64.9628
-64.963
-64.9631
-64.9632
-64.9633
-64.9635
-64.9636
-64.9637
-64.9638
-64.964
-64.9641
-64.9642
-64.9643
-64.9645
-64.9646
-64.9647
-64.9648
-64.9649
-64.9651
-64.9652
-64.9653
-64.9654
-64.9655
-64.9657
-64.9658
-64.9659
-64.966
-64.9661
-64.9663
-64.8318
-64.6097
-64.3233
-63.9868
-63.6106
-63.2026
-62.7691
-62.3152
-61.8449
-61.3615
-60.8677
-60.3658
-59.8575
-59.3443
-58.8275
-58.3081
-57.7867
-57.2641
-56.7407
-56.2168
-55.6926
-55.1683
-54.6438
-54.119
-53.5936
-53.0674
-52.5398
-52.0103
-51.4783
-50.9429
-50.4032
-49.8582
-49.3065
-48.7468
-48.1775
-47.5969
-47.0028
-46.3931
-45.7651
-45.116
-44.4426
-43.7411
-43.0074
-42.2367
-41.4238
-40.5625
-39.6459
-38.666
-37.6138
-36.479
-35.2497
-33.9125
-32.4521
-30.8513
-29.0908
-27.1492
-25.0036
-22.6296
-20.0029
-17.101
-13.906
-10.4085
-6.61273
-2.54283
1.75215
6.19452
10.6789
15.0791
19.2603
23.096
26.484
29.3588
31.6963
33.511
34.8476
35.7688
36.3439
36.64
36.716
36.6207
36.3922
36.0594
35.6436
35.1605
34.6214
34.0347
33.4064
32.7416
32.0438
31.3163
30.5618
29.7824
28.9804
28.1576
27.3157
26.4564
25.5813
24.6919
23.7894
22.8754
21.9509
21.0173
20.0757
19.1271
18.1725
17.213
16.2494
15.2827
14.3135
13.3427
12.371
11.399
10.4273
9.45654
8.48721
7.51979
6.55473
5.59243
4.63327
3.67758
2.72566
1.77778
0.834201
-0.104874
-1.03925
-1.96877
-2.89328
-3.81266
-4.72683
-5.6357
-6.53921
-7.4373
-8.32995
-9.21715
-10.0989
-10.9752
-11.8462
-12.7117
-13.572
-14.427
-15.2769
-16.1218
-16.9618
-17.7969
-18.6274
-19.4534
-20.2751
-21.0927
-21.9065
-22.7166
-23.5233
-24.327
-25.128
-25.9266
-26.7232
-27.5183
-28.3123
-29.1057
-29.8991
-30.6931
-31.4882
-32.2852
-33.0849
-33.8327
-34.555
-35.2636
-35.9646
-36.662
-37.3582
-38.0551
-38.7543
-39.4569
-40.164
-40.8765
-41.5952
-42.321
-43.0544
-43.796
-44.5462
-45.3053
-46.0733
-46.8501
-47.6351
-48.4277
-49.2266
-50.0304
-50.8369
-51.6436
-52.4476
-53.2451
-54.0323
-54.8048
-55.5578
-56.2866
-56.9863
-57.6525
-58.2809
-58.8682
-59.4115
-59.9091
-60.36
-60.7642
-61.1227
-61.437
-61.7095
-61.9428
-62.1402
-62.3047
-62.4398
-62.5486
-62.6344
-62.7
-62.7482
-62.7814
-62.8019
-62.8117
-62.8125
-62.8058
-62.793
-62.7752
-62.7534
-62.7284
-62.7009
-62.6716
-62.6409
-62.6094
-62.5772
-62.5449
-62.5125
-62.371
-62.172
-61.9395
-61.6868
-61.4226
-61.1525
-60.8803
-60.6089
-60.3401
-60.0754
-59.8155
-59.5612
-59.313
-59.071
-58.8356
-58.6067
-58.3845
-58.1689
-57.9598
-57.7572
-57.561
-57.3711
-57.1873
-57.0096
-56.8377
-56.6716
-56.5111
-56.3561
-56.2065
-56.062
-55.9227
-55.7882
-55.6586
-55.5337
-55.4133
-55.2973
-55.1857
-55.0783
-54.975
-54.8756
-54.7801
-54.6884
-54.6004
-54.516
-54.4351
-54.3576
-54.2833
-54.2124
-54.1445
-54.0798
-54.018
-53.9592
-53.9032
-53.85
-53.7996
-53.7518
-53.7066
-53.6639
-53.6237
-53.5859
-53.5505
-53.5174
-53.4866
-53.458
-53.4315
-53.4072
-53.3849
-53.3647
-53.3464
-53.3301
-53.3158
-53.3032
-53.2925
-53.2836
-53.2764
-53.271
-53.2672
-53.2651
-53.2647
-53.2658
-53.2684
-53.2726
-53.2782
-53.2854
-53.294
-53.3039
-53.3153
-53.328
-53.342
-53.3574
-53.374
-53.3919
-53.411
-53.4313
-53.4528
-53.4754
-53.4992
-53.524
-53.55
-53.5771
-53.6051
-53.6342
-53.6643
-53.6954
-53.7275
-53.7604
-53.7944
-53.8292
-53.8648
-53.9014
-53.9388
-53.977
-54.016
-54.0559
-54.0964
-54.1378
-54.1799
-54.2227
-54.2661
-54.3103
-54.3552
-54.4006
-54.4468
-54.4935
-54.5409
-54.5888
-54.6373
-54.6863
-54.7359
-54.786
-54.8366
-54.8877
-54.9393
-54.9913
-55.0438
-55.0968
-55.1501
-55.2039
-55.258
-55.3125
-55.3674
-55.4227
-55.4783
-55.5342
-55.5904
-55.6469
-55.7038
-55.7608
-55.8182
-55.8758
-55.9337
-55.9918
-56.0501
-56.1086
-56.1673
-56.2262
-56.2853
-56.3445
-56.4039
-56.4635
-56.5231
-56.5829
-56.6429
-56.7029
-56.763
-56.8232
-56.8835
-56.9439
-57.0043
-57.0648
-57.1253
-57.1859
-57.2465
-57.3071
-57.3677
-57.4284
-57.3807
-57.2695
-57.1161
-56.9332
-56.7292
-56.5101
-56.2806
-56.0439
-55.8027
-55.559
-55.3142
-55.0696
-54.8261
-54.5846
-54.3455
-54.1093
-53.8765
-53.6474
-53.4221
-53.2008
-52.9838
-52.771
-52.5627
-52.3587
-52.1592
-51.9642
-51.7737
-51.5875
-51.4058
-51.2285
-51.0554
-50.8866
-50.722
-50.5616
-50.4052
-50.2527
-50.1042
-49.9594
-49.8185
-49.6811
-49.5474
-49.4171
-49.2902
-49.1667
-49.0465
-48.9294
-48.8154
-48.7044
-48.5964
-48.4913
-48.389
-48.2894
-48.1925
-48.0982
-48.0065
-47.9173
-47.8306
-47.7462
-47.6642
-47.5845
-47.5071
-47.4318
-47.3587
-47.2878
-47.2189
-47.1521
-47.0873
-47.0245
-46.9636
-46.9047
-46.8476
-46.7925
-46.7392
-46.6877
-46.638
-46.5901
-46.544
-46.4996
-46.457
-46.4161
-46.377
-46.3395
-46.3037
-46.2696
-46.2372
-46.2065
-46.1774
-46.15
-46.1242
-46.1001
-46.0777
-46.0569
-46.0378
-46.0203
-46.0045
-45.9903
-45.9779
-45.967
-45.9579
-45.9505
-45.9447
-45.9406
-45.9383
-45.9376
-45.9387
-45.9415
-45.946
-45.9523
-45.9604
-45.9702
-45.9819
-45.9954
-46.0107
-46.0278
-46.0468
-46.0677
-46.0905
-46.1152
-46.1418
-46.1704
-46.2009
-46.2335
-46.2681
-46.3047
-46.3434
-46.3842
-46.4271
-46.4722
-46.5194
-46.5688
-46.6205
-46.6744
-46.7305
-46.789
-46.8498
-46.9129
-46.9785
-47.0464
-47.1168
-47.1897
-47.265
-47.3429
-47.4233
-47.5063
-47.5919
-47.6802
-47.7711
-47.8646
-47.9609
-48.06
-48.1617
-48.2663
-48.3736
-48.4837
-48.5967
-48.7124
-48.831
-48.9525
-49.0768
-49.2039
-49.2409
-49.2255
-49.1754
-49.1007
-49.0082
-48.9025
-48.7871
-48.6644
-48.5364
-48.4046
-48.2699
-48.1334
-47.9957
-47.8573
-47.7187
-47.5802
-47.4421
-47.3046
-47.168
-47.0324
-46.8979
-46.7646
-46.6326
-46.5019
-46.3727
-46.245
-46.1187
-45.994
-45.8708
-45.7492
-45.6291
-45.5105
-45.3934
-45.2779
-45.1639
-45.0513
-44.9402
-44.8305
-44.7223
-44.6154
-44.5098
-44.4056
-44.3027
-44.201
-44.1005
-44.0012
-43.903
-43.8059
-43.7098
-43.6148
-43.5208
-43.4276
-43.3354
-43.244
-43.1534
-43.0635
-42.9744
-42.8859
-42.7979
-42.7106
-42.6237
-42.5372
-42.4512
-42.3654
-42.2799
-42.1946
-42.1094
-42.0242
-41.9391
-41.8539
-41.6926
-41.4885
-41.2569
-41.0062
-40.7418
-40.4672
-40.1849
-39.8965
-39.6032
-39.3057
-39.0045
-38.6998
-38.3918
-38.0805
-37.7657
-37.4473
-37.1251
-36.7987
-36.4679
-36.1322
-35.7912
-35.4446
-35.0917
-34.732
-34.365
-33.99
-33.6063
-33.2134
-32.8103
-32.3963
-31.9705
-31.5321
-31.0799
-30.6131
-30.1305
-29.631
-29.1135
-28.5766
-28.0191
-27.4397
-26.8372
-26.2102
-25.5575
-24.8781
-24.1708
-23.4351
-22.6705
-21.8769
-21.055
-20.2059
-19.3316
-18.4352
-17.5208
-16.5938
-15.6606
-14.7294
-13.809
-12.9095
-12.0415
-11.216
-10.4433
-9.73348
-9.095
-8.53493
-8.05847
-7.66885
-7.36743
-7.15373
-7.02577
-6.98024
-7.01289
-7.11877
-7.29251
-7.52855
-7.82127
-8.16524
-8.55519
-8.98618
-9.45357
-9.9531
-10.4808
-11.0332
-11.6069
-12.1989
-12.8068
-13.4279
-14.0603
-14.7019
-15.351
-16.0061
-16.6657
-17.3287
-17.9939
-18.6604
-19.3274
-19.9939
-20.6595
-21.3235
-21.9855
-22.6449
-23.3015
-23.9549
-24.6049
-25.2512
-25.8939
-26.5326
-27.1675
-27.7983
-28.4253
-29.0483
-29.6676
-30.2831
-30.8951
-31.5037
-32.1091
-32.7115
-33.3112
-33.9085
-34.5035
-35.0968
-35.6885
-36.279
-36.8688
-37.4583
-38.0477
-38.6377
-39.2285
-39.8207
-40.4148
-41.0112
-41.6104
-42.2128
-42.819
-43.4293
-44.0442
-44.6642
-45.2895
-45.9205
-46.5574
-47.2004
-47.8495
-48.5046
-49.1655
-49.8318
-50.5029
-51.178
-51.856
-52.5355
-53.215
-53.8926
-54.566
-55.2328
-55.8904
-56.5359
-57.1663
-57.7788
-58.3705
-58.9387
-59.481
-59.9954
-60.4805
-60.935
-61.3584
-61.7507
-62.002
-62.1626
-62.2567
-62.299
-62.2997
-62.2666
-62.2058
-62.1223
-62.0203
-61.9032
-61.7741
-61.6355
-61.4896
-61.3382
-61.1829
-61.025
-60.8656
-60.7058
-60.5464
-60.388
-60.2311
-60.0763
-59.924
-59.7744
-59.6278
-59.4844
-59.3443
-59.2077
-59.0746
-58.9451
-58.8193
-58.6971
-58.5786
-58.4637
-58.3524
-58.2447
-58.1406
-58.0399
-57.9427
-57.8489
-57.7585
-57.6713
-57.5873
-57.5064
-57.4287
-57.354
-57.2822
-57.2134
-57.1474
-57.0841
-57.0236
-56.9658
-56.9105
-56.8578
-56.8076
-56.7598
-56.7144
-56.6713
-56.6304
-56.5918
-56.5554
-56.5211
-56.4888
-56.4586
-56.4304
-56.4041
-56.3797
-56.3571
-56.3364
-56.3174
-56.3002
-56.2847
-56.2708
-56.2586
-56.2479
-56.2388
-56.2312
-56.2251
-56.2204
-56.2172
-56.2153
-56.2148
-56.2157
-56.2178
-56.2212
-56.2259
-56.2318
-56.2389
-56.2471
-56.2565
-56.267
-56.2787
-56.2913
-56.3051
-56.3198
-56.3356
-56.3523
-56.37
-56.3886
-56.4082
-56.4286
-56.45
-56.4722
-56.4952
-56.519
-56.5437
-56.5691
-56.5953
-56.6222
-56.6499
-56.6783
-56.7074
-56.7371
-56.7676
-56.7986
-56.8304
-56.8627
-56.8956
-56.9291
-56.9632
-56.9978
-57.033
-57.0687
-57.105
-57.1417
-57.1789
-57.2166
-57.2548
-57.2934
-57.3325
-57.3719
-57.4118
-57.4521
-57.4928
-57.5339
-57.5753
-57.6171
-57.6592
-57.7017
-57.7444
-57.7875
-57.8309
-57.8746
-57.9186
-57.9628
-58.0073
-58.0521
-58.0971
-58.1423
-58.1878
-58.2334
-58.2793
-58.3254
-58.3716
-58.4181
-58.4647
-58.5115
-58.5584
-58.6055
-58.6527
-58.7
-58.7475
-58.7951
-58.8428
-58.8906
-58.9385
-58.9865
-59.0346
-59.0827
-59.131
-59.1792
-59.2276
-59.276
-59.3244
-59.3729
-59.4214
-59.4699
-59.5185
-59.567
-59.6156
-59.6642
-59.7128
-59.7614
-59.8099
-59.8585
-59.907
-59.9555
-60.004
-60.0524
-60.1008
-60.1492
-60.1975
-60.2457
-60.2939
-60.3421
-60.3902
-60.4382
-60.4861
-60.534
-60.5817
-60.6294
-60.6771
-60.7246
-60.772
-60.8193
-60.8666
-60.9137
-60.9607
-61.0077
-61.0545
-61.1012
-61.1477
-61.1942
-61.2405
-61.2867
-61.3328
-61.3788
-61.4246
-61.4703
-61.5158
-61.5613
-61.6065
-61.6516
-61.6966
-61.7415
-61.7861
-61.8307
-61.875
-61.9193
-61.9633
-62.0072
-62.051
-62.0946
-62.138
-62.1812
-62.2243
-62.2673
-62.31
-62.3526
-62.395
-62.4372
-62.4793
-62.5212
-62.5629
-62.6044
-62.6457
-62.6869
-62.7279
-62.7687
-62.8093
-62.8498
-62.89
-62.9301
-62.9699
-63.0096
-63.0491
-63.0884
-63.1276
-63.1665
-63.2052
-63.2438
-63.2821
-63.3203
-63.3582
-63.396
-63.4336
-63.471
-63.5081
-63.5451
-63.5819
-63.6185
-63.6549
-63.6911
-63.7271
-63.7629
-63.7985
-63.8339
-63.8691
-63.9041
-63.9389
-63.9735
-64.0079
-64.0421
-64.0761
-64.1099
-64.1435
-64.1768
-64.21
-64.243
-64.2758
-64.3084
-64.3408
-64.373
-64.405
-64.4368
-64.4683
-64.4997
-64.5309
-64.5619
-64.5927
-64.6233
-64.6536
-64.6838
-64.7138
-64.7436
-64.7731
-64.8025
-64.8317
-64.8607
-64.8895
-64.9181
-64.9464
-64.9746
-65.0026
-65.0304
-65.058
-65.0854
-65.1126
-65.1396
-65.1664
-65.193
-65.2194
-65.2456
-65.2717
-65.2975
-65.3231
-65.3486
-65.3738
-65.3989
-65.4237
-65.4484
-65.4729
-65.4972
-65.5213
-65.5452
-65.5689
-65.5924
-65.6158
-65.6389
-65.6619
-65.6847
-65.7072
-65.7296
-65.7519
-65.7739
-65.7957
-65.8174
-65.8389
-65.8601
-65.8813
-65.9022
-65.9229
-65.9435
-65.8303
-65.6323
-65.3735
-65.0688
-64.7288
-64.3614
-63.9728
-63.5681
-63.1511
-62.7251
-62.2928
-61.8561
-61.4169
-60.9767
-60.5366
-60.0976
-59.6607
-59.2264
-58.7954
-58.3682
-57.9453
-57.5268
-57.1131
-56.7045
-56.3011
-55.9029
-55.5102
-55.1228
-54.7409
-54.3644
-53.9931
-53.6271
-53.2662
-52.9102
-52.559
-52.2123
-51.8699
-51.5316
-51.1971
-50.8661
-50.5382
-50.2132
-49.8906
-49.57
-49.2512
-48.9335
-48.6167
-48.3001
-47.9833
-47.6658
-47.3471
-47.0264
-46.7032
-46.3769
-46.0468
-45.7121
-45.3721
-45.0259
-44.6726
-44.3114
-43.9412
-43.5609
-43.1694
-42.7654
-42.3476
-41.9144
-41.4643
-40.9956
-40.5063
-39.9944
-39.4576
-38.8934
-38.2991
-37.6717
-37.0079
-36.3041
-35.5564
-34.7604
-33.9114
-33.0042
-32.0332
-30.9923
-29.8751
-28.6745
-27.3833
-25.994
-24.4989
-22.8905
-21.1619
-19.307
-17.3216
-15.2034
-12.9538
-10.5782
-8.08795
-5.50093
-2.84273
-0.147113
2.54434
5.18364
7.71893
10.0982
12.2738
14.2063
15.8681
17.2449
18.3356
19.1505
19.7086
20.0341
20.1539
20.095
19.8832
19.5415
19.0904
18.5178
17.8566
17.1272
16.3444
15.5189
14.6596
13.7731
12.8651
11.9401
11.0019
10.0536
9.09805
8.13751
7.17401
6.20931
5.24492
4.28217
3.32223
2.3661
1.41466
0.468687
-0.471162
-1.40432
-2.33029
-3.24867
-4.1591
-5.0613
-5.95502
-6.84008
-7.71633
-8.58366
-9.44201
-10.2913
-11.1316
-11.9628
-12.785
-13.5982
-14.4025
-15.1981
-15.9849
-16.7631
-17.5328
-18.2942
-19.0475
-19.7927
-20.5301
-21.2598
-21.9821
-22.6972
-23.4053
-24.1066
-24.8013
-25.4898
-26.1724
-26.8492
-27.5207
-28.1872
-28.8489
-29.5064
-30.1598
-30.8097
-31.4565
-32.1005
-32.7423
-33.3823
-34.0211
-34.6591
-35.2968
-35.9349
-36.5739
-37.2143
-37.8568
-38.502
-39.1504
-39.8027
-40.4594
-41.1212
-41.7886
-42.462
-43.1421
-43.8291
-44.5233
-45.225
-45.9341
-46.6507
-47.3742
-48.1042
-48.8397
-49.5798
-50.3229
-51.0671
-51.8102
-52.5497
-53.2827
-54.0059
-54.7159
-55.409
-56.0817
-56.7304
-57.3519
-57.9431
-58.5017
-59.0258
-59.514
-59.9658
-60.3811
-60.7607
-61.1055
-61.4171
-61.6974
-61.9485
-62.1727
-62.3723
-62.5495
-62.7067
-62.846
-62.9695
-63.0789
-63.176
-63.2624
-63.3393
-63.4082
-63.47
-63.5257
-63.5762
-63.6223
-63.6644
-63.7033
-63.7394
-63.7731
-63.8047
-63.8346
-63.8631
-63.8903
-63.9165
-63.9419
-63.9665
-63.9905
-64.014
-64.0372
-64.06
-64.0826
-64.1049
-64.1272
-64.1493
-64.1713
-64.1933
-64.2153
-64.2372
-64.2592
-64.2813
-64.3033
-64.3255
-64.3477
-64.3699
-64.3923
-64.4147
-64.4372
-64.4598
-64.4825
-64.5053
-64.5281
-64.5511
-64.5741
-64.5972
-64.6204
-64.6436
-64.667
-64.6904
-64.7139
-64.7374
-64.7611
-64.7848
-64.8085
-64.8323
-64.8562
-64.8801
-64.9041
-64.9281
-64.9521
-64.9762
-65.0003
-65.0245
-65.0487
-65.0729
-65.0971
-65.1214
-65.1457
-65.1699
-65.1942
-65.2185
-65.2429
-65.2672
-65.2915
-65.3158
-65.3401
-65.3644
-65.3886
-65.4129
-65.4371
-65.4614
-65.4856
-65.5097
-65.5339
-65.558
-65.5821
-65.6062
-65.6302
-65.6541
-65.6781
-65.702
-65.7258
-65.7496
-65.7734
-65.7971
-65.8207
-65.8443
-65.8678
-65.8913
-65.9147
-65.9381
-65.9613
-65.9845
-66.0077
-66.0308
-66.0538
-66.0767
-66.0996
-66.1223
-66.1451
-66.1677
-66.1902
-66.2127
-66.2351
-66.2574
-66.2796
-66.3017
-66.3237
-66.3457
-66.3675
-66.3893
-66.411
-66.4325
-66.454
-66.4754
-66.4967
-66.5179
-66.539
-66.56
-66.5809
-66.6017
-66.6223
-66.6429
-66.6634
-66.6838
-66.704
-66.7242
-66.7443
-66.7642
-66.784
-66.8038
-66.8234
-66.8429
-66.8623
-66.8816
-66.9007
-66.9198
-66.9387
-66.9576
-66.9763
-66.9949
-66.8813
-66.6868
-66.4362
-66.1449
-65.8235
-65.4799
-65.12
-64.7487
-64.3696
-63.9856
-63.599
-63.2118
-62.8255
-62.4412
-62.0601
-61.6828
-61.3101
-60.9426
-60.5806
-60.2246
-59.8748
-59.5315
-59.1948
-58.8649
-58.5419
-58.2259
-57.9168
-57.6147
-57.3196
-57.0315
-56.7502
-56.4758
-56.2081
-55.9471
-55.6927
-55.4447
-55.203
-54.9675
-54.7381
-54.5147
-54.297
-54.0851
-53.8786
-53.6775
-53.4817
-53.2909
-53.1051
-52.924
-52.7476
-52.5758
-52.4083
-52.245
-52.0858
-51.9306
-51.7793
-51.6316
-51.4875
-51.3469
-51.2097
-51.0757
-50.9447
-50.8169
-50.6919
-50.5697
-50.4502
-50.3334
-50.219
-50.1071
-49.9976
-49.8903
-49.7852
-49.6822
-49.5813
-49.4823
-49.3852
-49.29
-49.1965
-49.1047
-49.0146
-48.9261
-48.8391
-48.7536
-48.6695
-48.5868
-48.5055
-48.4255
-48.3467
-48.2691
-48.1926
-48.1173
-48.0431
-47.9699
-47.8978
-47.8266
-47.7563
-47.687
-47.6185
-47.5509
-47.484
-47.4179
-47.3526
-47.288
-47.224
-47.1607
-47.098
-47.0359
-46.9743
-46.9132
-46.8527
-46.7926
-46.7329
-46.6736
-46.6146
-46.556
-46.4977
-46.4396
-46.3818
-46.3242
-46.2667
-46.2093
-46.1519
-46.0947
-46.0374
-45.98
-45.9226
-45.865
-45.8072
-45.7492
-45.6909
-45.6323
-45.5732
-45.5137
-45.4537
-45.3931
-45.3318
-45.2698
-45.207
-45.1433
-45.0786
-45.0129
-44.9461
-44.878
-44.8086
-44.7377
-44.6653
-44.5911
-44.5152
-44.4373
-44.3573
-44.2751
-44.1904
-44.1031
-44.0131
-43.9201
-43.8239
-43.7244
-43.6211
-43.514
-43.4027
-43.2869
-43.1663
-43.0406
-42.9094
-42.7724
-42.6291
-42.479
-42.3217
-42.1566
-41.9833
-41.801
-41.6091
-41.407
-41.1938
-40.9687
-40.7309
-40.4793
-40.2129
-39.9305
-39.6308
-39.3126
-38.9744
-38.6144
-38.2311
-37.8225
-37.3865
-36.9209
-36.4233
-35.8911
-35.3215
-34.7114
-34.0576
-33.3567
-32.605
-31.7988
-30.9341
-30.007
-29.0134
-27.9497
-26.8122
-25.5981
-24.3052
-22.9324
-21.4802
-19.951
-18.3495
-16.6835
-14.964
-13.2053
-11.4256
-9.64612
-7.89088
-6.18548
-4.55592
-3.02705
-1.62119
-0.356867
0.75206
1.69679
2.47357
3.08324
3.53055
3.82328
3.97139
3.98614
3.87948
3.6634
3.34957
2.94905
2.47214
1.92825
1.32592
0.672841
-0.0241272
-0.758867
-1.52595
-2.32057
-3.13845
-3.97584
-4.82939
-5.69617
-6.57355
-7.45925
-8.35123
-9.24769
-10.1471
-11.048
-11.9492
-12.8496
-13.7484
-14.6447
-15.5378
-16.4271
-17.3122
-18.1927
-19.0681
-19.9382
-20.8029
-21.6619
-22.5153
-23.3629
-24.2049
-25.0412
-25.872
-26.6974
-27.5177
-28.3331
-29.1439
-29.9504
-30.7531
-31.5523
-32.3485
-33.1421
-33.9338
-34.7242
-35.5137
-36.3031
-37.0931
-37.8843
-38.6775
-39.4735
-40.2731
-41.077
-41.8861
-42.7012
-43.5231
-44.3525
-45.1903
-46.0371
-46.8936
-47.7604
-48.6378
-49.5262
-50.4257
-51.3363
-52.2577
-53.1893
-54.1302
-55.0792
-56.0346
-56.9945
-57.9562
-58.917
-59.8732
-60.8212
-61.7566
-62.675
-63.5717
-64.4418
-65.2806
-66.0838
-66.8474
-67.5679
-68.2427
-68.87
-69.4487
-69.9788
-70.461
-70.8967
-71.2881
-71.6377
-71.9484
-72.2232
-72.4653
-72.6778
-72.8639
-73.0263
-73.1679
-73.2909
-73.3978
-73.4906
-73.571
-73.6406
-73.7009
-73.753
-73.7982
-73.8372
-73.8709
-73.9001
-73.9253
-73.9471
-73.9659
-73.9821
-73.996
-74.008
-74.0182
-74.027
-74.0344
-74.0407
-74.046
-74.0504
-74.054
-74.0569
-74.0592
-74.061
-74.0622
-74.0631
-74.0635
-74.0635
-74.0633
-74.0627
-74.0619
-74.0608
-74.0595
-74.058
-74.0563
-74.0543
-74.0523
-74.05
-74.0476
-74.0451
-74.0424
-74.0396
-74.0366
-74.0336
-74.0304
-74.0271
-74.0236
-74.0201
-74.0165
-74.0127
-74.0088
-74.0049
-74.0008
-73.9966
-73.8474
-73.6106
-73.3142
-72.9754
-72.6062
-72.2153
-71.8094
-71.3936
-70.9719
-70.5474
-70.1226
-69.6994
-69.2794
-68.8637
-68.4534
-68.0493
-67.6519
-67.2617
-66.8792
-66.5045
-66.138
-65.7796
-65.4297
-65.088
-64.7548
-64.43
-64.1135
-63.8053
-63.5053
-63.2133
-62.9294
-62.6533
-62.385
-62.1242
-61.8709
-61.625
-61.3862
-61.1544
-60.9295
-60.7113
-60.4997
-60.2945
-60.0956
-59.9027
-59.7158
-59.5348
-59.3594
-59.1895
-59.0251
-58.8659
-58.7118
-58.5627
-58.4185
-58.279
-58.1441
-58.0138
-57.8878
-57.7661
-57.6486
-57.5351
-57.4256
-57.32
-57.2181
-57.1199
-57.0252
-56.9341
-56.8463
-56.7619
-56.6807
-56.6027
-56.5278
-56.4559
-56.3869
-56.3209
-56.2576
-56.1971
-56.1393
-56.0841
-56.0315
-55.9814
-55.9338
-55.8886
-55.8457
-55.8052
-55.7669
-55.7308
-55.697
-55.6652
-55.6356
-55.608
-55.5824
-55.5589
-55.5372
-55.5175
-55.4996
-55.4836
-55.4693
-55.4569
-55.4462
-55.4371
-55.4298
-55.4242
-55.4201
-55.4177
-55.4168
-55.4175
-55.4197
-55.4233
-55.4285
-55.4351
-55.4431
-55.4525
-55.4633
-55.4755
-55.4889
-55.5037
-55.5198
-55.5371
-55.5557
-55.5755
-55.5965
-55.6186
-55.642
-55.6664
-55.692
-55.7187
-55.7465
-55.7753
-55.8051
-55.836
-55.8679
-55.9007
-55.9345
-55.9693
-56.005
-56.0416
-56.0791
-56.1174
-56.1566
-56.1966
-56.2374
-56.2791
-56.3215
-56.3646
-56.4085
-56.4531
-56.4984
-56.5444
-56.5911
-56.6384
-56.6863
-56.7349
-56.784
-56.8337
-56.884
-56.9348
-56.9861
-57.038
-57.0903
-57.1431
-57.1964
-57.2501
-57.3042
-57.3587
-57.4136
-57.4689
-57.5245
-57.5805
-57.6368
-57.6934
-57.7503
-57.8075
-57.865
-57.9227
-57.9806
-58.0388
-58.0971
-58.1557
-58.2144
-58.2733
-58.3323
-58.3915
-58.4508
-58.5102
-58.5697
-58.6293
-58.6889
-58.7486
-58.8084
-58.8682
-58.928
-58.9879
-59.0477
-59.1076
-59.1674
-59.2272
-59.287
-59.3467
-59.4063
-59.4659
-59.5254
-59.5849
-59.6442
-59.7034
-59.7626
-59.8216
-59.8805
-59.9392
-59.9978
-60.0563
-60.1146
-60.1728
-60.2308
-60.2886
-60.3463
-60.4037
-60.461
-60.5181
-60.5749
-60.6316
-60.6881
-60.7443
-60.8003
-60.8561
-60.9117
-60.9671
-61.0222
-61.077
-61.1317
-61.186
-61.2402
-61.294
-61.3477
-61.401
-61.4541
-61.507
-61.5595
-61.6118
-61.6639
-61.7156
-61.7671
-61.8183
-61.8693
-61.9199
-61.9703
-62.0204
-62.0702
-62.1197
-62.1689
-62.2179
-62.2665
-62.3149
-62.3629
-62.4107
-62.4582
-62.5054
-62.5523
-62.5989
-62.6453
-62.6913
-62.737
-62.7824
-62.8276
-62.8724
-62.917
-62.9612
-63.0052
-63.0489
-63.0922
-63.1353
-63.1781
-63.2206
-63.2628
-63.3047
-63.3463
-63.3877
-63.4287
-63.4694
-63.5099
-63.55
-63.5899
-63.6295
-63.6688
-63.7078
-63.7465
-63.7849
-63.8231
-63.8609
-63.8985
-63.9358
-63.9728
-64.0096
-64.046
-64.0822
-64.1181
-64.1537
-64.1891
-64.2241
-64.2589
-64.2934
-64.3277
-64.3617
-64.3954
-64.4288
-64.462
-64.4949
-64.5275
-64.5599
-64.592
-64.6238
-64.6554
-64.6867
-64.7178
-64.7485
-64.7791
-64.8094
-64.8394
-64.8692
-64.8987
-64.9279
-64.957
-64.9857
-65.0142
-65.0425
-65.0705
-65.0983
-65.1258
-65.1531
-65.1801
-65.2069
-65.2335
-65.2598
-65.2859
-65.3117
-65.3374
-65.3627
-65.3879
-65.4128
-65.4375
-65.4619
-65.4861
-65.5101
-65.5339
-65.5574
-65.5807
-65.6038
-65.6267
-65.6493
-65.6718
-65.694
-65.716
-65.7377
-65.7593
-65.7806
-65.8018
-65.8227
-65.8434
-65.8639
-65.8842
-65.9043
-65.9241
-65.9438
-65.9633
-65.9825
-66.0016
-66.0204
-66.0391
-66.0576
-66.0758
-66.0939
-66.1117
-66.1294
-66.1469
-66.1642
-66.1813
-66.1982
-66.2149
-66.2314
-66.2477
-66.2639
-66.2798
-66.2956
-66.3112
-66.3266
-66.3419
-66.3569
-66.3718
-66.3865
-66.401
-66.4153
-66.4295
-66.4435
-66.4573
-66.4709
-66.4844
-66.4977
-66.5108
-66.5238
-66.5366
-66.5492
-66.5617
-66.5739
-66.5861
-66.598
-66.6099
-66.6215
-66.633
-66.6443
-66.6555
-66.6665
-66.6774
-66.6881
-66.6986
-66.709
-66.7192
-66.7293
-66.7393
-66.749
-66.7587
-66.7682
-66.7775
-66.7867
-66.7958
-66.8047
-66.8135
-66.8221
-66.8306
-66.8389
-66.8471
-66.8552
-66.8631
-66.8709
-66.8786
-66.8861
-66.8935
-66.9007
-66.9078
-66.9148
-66.9217
-66.9284
-66.935
-66.9414
-66.9478
-66.954
-66.9601
-66.966
-66.9719
-66.9776
-66.9832
-66.9886
-66.994
-66.9992
-67.0043
-67.0093
-67.0142
-67.0189
-67.0236
-67.0281
-67.0325
-67.0368
-67.041
-67.045
-67.049
-67.0528
-67.0566
-67.0602
-67.0637
-67.0671
-67.0704
-67.0736
-67.0767
-67.0797
-67.0825
-67.0853
-67.088
-67.0906
-67.093
-67.0954
-67.0977
-67.0998
-67.1019
-67.1039
-67.1058
-67.1075
-67.1092
-67.1108
-67.1123
-67.1137
-67.115
-67.1163
-67.1174
-67.1184
-67.1194
-67.1202
-67.121
-67.1217
-67.1223
-67.1228
-67.1232
-67.1236
-67.1238
-67.124
-67.1241
-67.1241
-67.124
-67.1239
-67.1236
-67.1233
-67.1229
-67.1224
-67.1219
-67.1213
-67.1206
-67.1198
-67.1189
-67.118
-67.117
-67.1159
-67.1148
-67.1135
-67.1122
-67.1109
-67.1094
-67.1079
-67.1063
-67.1047
-67.103
-67.1012
-67.0994
-67.0975
-67.0955
-67.0934
-67.0913
-67.0892
-67.0869
-67.0846
-67.0823
-67.0799
-67.0774
-67.0748
-67.0722
-67.0696
-67.0669
-67.0641
-67.0612
-67.0583
-67.0554
-67.0524
-67.0493
-67.0462
-67.0431
-67.0398
-67.0366
-67.0332
-67.0299
-67.0264
-67.0229
-67.0194
-67.0158
-67.0122
-67.0085
-67.0048
-67.001
-66.9972
-66.9933
-66.9894
-66.9854
-66.9814
-66.9773
-66.9732
-66.9691
-66.9649
-66.9607
-66.9564
-66.9521
-66.9477
-66.9433
-66.9389
-66.9344
-66.9299
-66.9253
-66.9207
-66.9161
-66.9114
-66.9067
-66.902
-66.8972
-66.8923
-66.8875
-66.8826
-66.8777
-66.8727
-66.8677
-66.8627
-66.8576
-66.8525
-66.8474
-66.8422
-66.837
-66.8318
-66.8265
-66.8212
-66.8159
-66.8106
-66.8052
-66.7998
-66.7943
-66.7889
-66.7834
-66.7779
-66.7723
-66.7667
-66.7611
-66.7555
-66.7499
-66.7442
-66.7385
-66.7328
-66.727
-66.7212
-66.7154
-66.7096
-66.7038
-66.6979
-66.692
-66.6861
-66.6802
-66.6743
-66.6683
-66.6623
-66.6563
-66.6503
-66.6442
-66.6382
-66.6321
-66.626
-66.6199
-66.6138
-66.6076
-66.6014
-66.5953
-66.5891
-66.5829
-66.5766
-66.5704
-66.5642
-66.5579
-66.5516
-66.5453
-66.539
-66.5327
-66.5264
-66.52
-66.5137
-66.5073
-66.5009
-66.4946
-66.4882
-66.4818
-66.4753
-66.4689
-66.4625
-66.456
-66.4496
-66.4431
-66.4367
-66.4302
-66.4237
-66.4172
-66.4107
-66.4042
-66.3977
-66.3912
-66.3847
-66.3781
-66.3716
-66.365
-66.3585
-66.3519
-66.3454
-66.3388
-66.3323
-66.3257
-66.3191
-66.3125
-66.306
-66.2994
-66.2928
-66.2862
-66.2796
-66.273
-66.2664
-66.2598
-66.2532
-66.2466
-66.24
-66.2334
-66.2268
-66.2202
-66.2136
-66.207
-66.2004
-66.1938
-66.1872
-66.1806
-66.1741
-66.1675
-66.1609
-66.1543
-66.1477
-66.1411
-66.1346
-66.128
-66.1214
-66.1149
-66.1083
-66.1017
-66.0952
-66.0887
-66.0821
-66.0756
-66.069
-66.0625
-66.056
-66.0495
-66.043
-66.0365
-66.03
-66.0235
-66.017
-66.0106
-66.0041
-65.9977
-65.9912
-65.9848
-65.9783
-65.9719
-65.9655
-65.9591
-65.9527
-65.9463
-65.9399
-65.9336
-65.9272
-65.9208
-65.9145
-65.9082
-65.9018
-65.8955
-65.8892
-65.8829
-65.8766
-65.8704
-65.8641
-65.8578
-65.8516
-65.8454
-65.8391
-65.8329
-65.8267
-65.8205
-65.8144
-65.8082
-65.802
-65.7959
-65.7898
-65.7837
-65.7776
-65.7715
-65.7654
-65.7593
-65.7533
-65.7472
-65.7412
-65.7352
-65.7292
-65.7232
-65.7173
-65.7113
-65.7054
-65.6994
-65.6935
-65.6876
-65.6818
-65.6759
-65.67
-65.6642
-65.6584
-65.6526
-65.6468
-65.641
-65.6353
-65.6295
-65.6238
-65.6181
-65.6124
-65.6068
-65.6011
-65.5955
-65.5898
-65.5842
-65.5787
-65.5731
-65.5675
-65.562
-65.5565
-65.551
-65.5455
-65.5401
-65.5346
-65.5292
-65.5238
-65.5184
-65.513
-65.5077
-65.5024
-65.4971
-65.4918
-65.4865
-65.4812
-65.476
-65.4708
-65.4656
-65.4604
-65.4553
-65.4501
-65.445
-65.4399
-65.4348
-65.4298
-65.4247
-65.4197
-65.4147
-65.4097
-65.4047
-65.3998
-65.3949
-65.39
-65.3851
-65.3802
-65.3753
-65.3705
-65.3657
-65.3609
-65.3562
-65.216
-64.9879
-64.6951
-64.3521
-63.9692
-63.5547
-63.1146
-62.6542
-62.1775
-61.6879
-61.1881
-60.6803
-60.1664
-59.648
-59.1261
-58.602
-58.0763
-57.5498
-57.0229
-56.4961
-55.9695
-55.4433
-54.9175
-54.3921
-53.867
-53.3418
-52.8162
-52.2897
-51.7617
-51.2317
-50.6986
-50.1617
-49.6199
-49.0719
-48.5163
-47.9517
-47.3762
-46.788
-46.1847
-45.5639
-44.9229
-44.2585
-43.5671
-42.8448
-42.087
-41.2887
-40.4441
-39.5466
-38.5887
-37.5619
-36.4564
-35.2613
-33.964
-32.5502
-31.0038
-29.307
-27.4399
-25.381
-23.1077
-20.5969
-17.8268
-14.7791
-11.4424
-7.81667
-3.91836
0.214082
4.51617
8.89654
13.2408
17.4211
21.3106
24.7991
27.8073
30.295
32.2614
33.739
34.7827
35.4585
35.8332
35.9676
35.9135
35.712
35.3952
34.9869
34.5046
33.9614
33.3667
32.7277
32.0499
31.3375
30.5941
29.8225
29.0255
28.2052
27.3637
26.503
25.6247
24.7306
23.8222
22.901
21.9684
21.0258
20.0744
19.1153
18.1498
17.1788
16.2035
15.2246
14.2431
13.2599
12.2757
11.2912
10.307
9.32389
8.34232
7.36283
6.38592
5.41201
4.44152
3.47479
2.51215
1.5539
0.600295
-0.348438
-1.2921
-2.23051
-3.16352
-4.091
-5.01285
-5.92899
-6.83935
-7.7439
-8.6426
-9.53544
-10.4224
-11.3036
-12.1789
-13.0485
-13.9124
-14.7707
-15.6234
-16.4708
-17.3128
-18.1497
-18.9816
-19.8086
-20.631
-21.4489
-22.2626
-23.0723
-23.8784
-24.681
-25.4807
-26.2776
-27.0722
-27.865
-28.6563
-29.4468
-30.2369
-31.0272
-31.8184
-32.6111
-33.4062
-34.2042
-35.0061
-35.8127
-36.625
-37.4438
-38.2702
-39.1051
-39.9497
-40.805
-41.6721
-42.5519
-43.4456
-44.3541
-45.2782
-46.2186
-47.1759
-48.1504
-49.1421
-50.1507
-51.1753
-52.2146
-53.2666
-54.3286
-55.3974
-56.4687
-57.5375
-58.5981
-59.644
-60.6684
-61.664
-62.6236
-63.5405
-64.4083
-65.2219
-65.9772
-66.6717
-67.3041
-67.8747
-68.3851
-68.838
-69.2369
-69.586
-69.8897
-70.1525
-70.3792
-70.5739
-70.7408
-70.8836
-71.0057
-71.11
-71.1992
-71.2756
-71.341
-71.3972
-71.4456
-71.4875
-71.5238
-71.5555
-71.5833
-71.6077
-71.6294
-71.6487
-71.666
-71.6816
-71.6958
-71.7088
-71.7208
-71.7319
-71.7422
-71.7519
-71.761
-71.7697
-71.7779
-71.7858
-71.7934
-71.8007
-71.8078
-71.8146
-71.8213
-71.8278
-71.8341
-71.8404
-71.8464
-71.8524
-71.8583
-71.864
-71.8697
-71.8753
-71.8807
-71.8862
-71.8915
-71.8967
-71.9019
-71.907
-71.912
-71.917
-71.9219
-71.9267
-71.9314
-71.9361
-71.9407
-71.9452
-71.9497
-71.9541
-71.9584
-71.9626
-71.9668
-71.9709
-71.9749
-71.9788
-71.9827
-71.9865
-71.9902
-71.9939
-71.9974
-72.0009
-72.0043
-72.0077
-72.0109
-72.0141
-72.0172
-72.0202
-72.0231
-72.0259
-72.0287
-72.0314
-72.034
-72.0365
-72.0389
-72.0412
-72.0434
-72.0456
-72.0477
-72.0497
-72.0515
-72.0533
-72.0551
-72.0567
-72.0582
-72.0597
-72.061
-72.0623
-72.0634
-72.0645
-72.0655
-72.0664
-72.0672
-72.0679
-72.0685
-72.069
-72.0694
-72.0697
-72.07
-72.0701
-72.0701
-72.0701
-72.0699
-72.0697
-72.0693
-72.0689
-72.0684
-72.0677
-72.067
-72.0662
-72.0652
-72.0642
-72.0631
-72.0619
-72.0606
-72.0592
-72.0577
-72.056
-72.0543
-72.0525
-72.0506
-72.0486
-72.0465
-72.0443
-72.0421
-72.0397
-72.0372
-72.0346
-72.0319
-72.0291
-72.0263
-72.0233
-72.0202
-72.017
-72.0138
-72.0104
-72.007
-72.0034
-71.9998
-71.996
-71.9922
-71.9882
-71.9842
-71.98
-71.9758
-71.9715
-71.9671
-71.9625
-71.9579
-71.9532
-71.9484
-71.9435
-71.9385
-71.9335
-71.9283
-71.923
-71.9176
-71.9122
-71.9066
-71.901
-71.8953
-71.8894
-71.8835
-71.8775
-71.8714
-71.8652
-71.8589
-71.8525
-71.8461
-71.8395
-71.8329
-71.8262
-71.8193
-71.8124
-71.8054
-71.7983
-71.7912
-71.7839
-71.7766
-71.7691
-71.7616
-71.754
-71.7463
-71.7385
-71.7307
-71.7227
-71.7147
-71.7066
-71.6984
-71.6901
-71.6817
-71.6733
-71.6647
-71.6561
-71.5021
-71.2559
-70.9439
-70.5825
-70.1833
-69.7551
-69.3048
-68.8379
-68.3588
-67.8711
-67.3776
-66.8808
-66.3826
-65.8846
-65.3883
-64.8947
-64.4048
-63.9194
-63.4391
-62.9647
-62.4964
-62.0348
-61.5801
-61.1326
-60.6925
-60.2601
-59.8353
-59.4184
-59.0093
-58.6081
-58.2147
-57.8292
-57.4514
-57.0813
-56.7188
-56.3637
-56.0158
-55.6751
-55.3414
-55.0144
-54.6939
-54.3797
-54.0717
-53.7695
-53.4729
-53.1816
-52.8954
-52.614
-52.337
-52.0643
-51.7955
-51.5303
-51.2684
-51.0095
-50.7532
-50.4992
-50.2473
-49.9969
-49.7479
-49.4998
-49.2523
-49.005
-48.7575
-48.5094
-48.2603
-48.0098
-47.7575
-47.5029
-47.2455
-46.9848
-46.7204
-46.4516
-46.178
-45.8989
-45.6136
-45.3215
-45.0218
-44.7139
-44.3967
-44.0695
-43.7313
-43.381
-43.0175
-42.6396
-42.2459
-41.835
-41.4053
-40.9551
-40.4825
-39.9854
-39.4616
-38.9086
-38.3237
-37.7039
-37.046
-36.3463
-35.6011
-34.8059
-33.9563
-33.0472
-32.0733
-31.0287
-29.9074
-28.7029
-27.4086
-26.0178
-24.5238
-22.9205
-21.2021
-19.3644
-17.4045
-15.3217
-13.1187
-10.8017
-8.38148
-5.87404
-3.30111
-0.690228
1.92556
4.50851
7.01759
9.41046
11.6459
13.6866
15.5016
17.0687
18.3755
19.4199
20.2094
20.7585
21.0876
21.2196
21.1788
20.9884
20.67
20.2432
19.7246
19.1288
18.4678
17.7518
16.9894
16.1877
15.3526
14.4894
13.6022
12.6949
11.7707
10.8323
9.88239
8.92302
7.95616
6.98356
6.00676
5.02715
4.04595
3.06429
2.08314
1.10339
0.125821
-0.848859
-1.82003
-2.78716
-3.74975
-4.7074
-5.65974
-6.60645
-7.54727
-8.48198
-9.41039
-10.3324
-11.2478
-12.1566
-13.0587
-13.954
-14.8427
-15.7246
-16.5999
-17.4686
-18.3308
-19.1866
-20.0361
-20.8796
-21.7171
-22.5489
-23.3751
-24.1961
-25.0122
-25.8235
-26.6304
-27.4334
-28.2327
-29.0288
-29.8222
-30.6133
-31.4027
-32.1908
-32.9784
-33.766
-34.5543
-35.344
-36.1358
-36.9306
-37.729
-38.532
-39.3404
-40.1551
-40.977
-41.8069
-42.6458
-43.4945
-44.3538
-45.2245
-46.1074
-47.003
-47.9117
-48.8338
-49.7695
-50.7184
-51.6801
-52.6537
-53.638
-54.631
-55.6306
-56.6338
-57.6372
-58.6369
-59.6281
-60.606
-61.5649
-62.4993
-63.4035
-64.2717
-65.099
-65.8807
-66.613
-67.2934
-67.92
-68.4924
-69.0111
-69.4775
-69.8939
-70.2634
-70.5893
-70.8752
-71.1249
-71.3422
-71.5307
-71.6938
-71.8347
-71.9561
-72.0608
-72.151
-72.2287
-72.2958
-72.3536
-72.4036
-72.447
-72.4846
-72.5174
-72.5459
-72.571
-72.593
-72.6124
-72.6296
-72.6449
-72.6585
-72.6708
-72.6818
-72.6918
-72.7009
-72.7092
-72.7168
-72.7238
-72.7303
-72.7364
-72.742
-72.7473
-72.7523
-72.7569
-72.7614
-72.7656
-72.7695
-72.7733
-72.7769
-72.7804
-72.7836
-72.7868
-72.7898
-72.7927
-72.7954
-72.7981
-72.8006
-72.803
-72.8054
-72.8076
-72.8097
-72.8117
-72.8136
-72.8155
-72.8172
-72.8189
-72.8204
-72.8219
-72.6828
-72.4603
-72.1823
-71.8656
-71.5217
-71.1591
-70.7838
-70.4008
-70.0135
-69.6249
-69.2371
-68.8518
-68.4703
-68.0936
-67.7227
-67.358
-67.0001
-66.6493
-66.3059
-65.9702
-65.6421
-65.3219
-65.0095
-64.705
-64.4082
-64.1193
-63.838
-63.5644
-63.2982
-63.0394
-62.788
-62.5436
-62.3063
-62.0758
-61.8521
-61.635
-61.4243
-61.2199
-61.0217
-60.8295
-60.6431
-60.4625
-60.2875
-60.118
-59.9538
-59.7947
-59.6408
-59.4917
-59.3475
-59.208
-59.073
-58.9425
-58.8163
-58.6944
-58.5766
-58.4628
-58.353
-58.2469
-58.1446
-58.046
-57.9508
-57.8592
-57.7709
-57.6859
-57.6041
-57.5255
-57.4499
-57.3773
-57.3076
-57.2408
-57.1768
-57.1155
-57.0568
-57.0008
-56.9473
-56.8962
-56.8477
-56.8014
-56.7576
-56.7159
-56.6766
-56.6394
-56.6043
-56.5713
-56.5404
-56.5115
-56.4846
-56.4596
-56.4365
-56.4152
-56.3957
-56.3781
-56.3621
-56.3479
-56.3354
-56.3245
-56.3152
-56.3075
-56.3014
-56.2968
-56.2937
-56.292
-56.2918
-56.293
-56.2957
-56.2996
-56.305
-56.3116
-56.3195
-56.3287
-56.3391
-56.3508
-56.3636
-56.3777
-56.3929
-56.4092
-56.4266
-56.4451
-56.4647
-56.4853
-56.5069
-56.5296
-56.5532
-56.5778
-56.6034
-56.6299
-56.6573
-56.6855
-56.7147
-56.7447
-56.7755
-56.8072
-56.8396
-56.8728
-56.9068
-56.9415
-56.977
-57.0132
-57.05
-57.0876
-57.1257
-57.1646
-57.204
-57.2441
-57.2848
-57.326
-57.3678
-57.4102
-57.453
-57.4964
-57.5403
-57.5847
-57.6296
-57.6749
-57.7206
-57.7668
-57.8134
-57.8603
-57.9077
-57.9554
-58.0035
-58.0519
-58.1007
-58.1497
-58.1991
-58.2487
-58.2987
-58.3488
-58.3993
-58.45
-58.5009
-58.552
-58.6033
-58.6548
-58.7065
-58.7584
-58.8104
-58.8625
-58.9148
-58.9672
-59.0198
-59.0724
-59.1252
-59.178
-59.2309
-59.2838
-59.3368
-59.3899
-59.443
-59.4961
-59.5493
-59.6024
-59.6556
-59.7088
-59.7619
-59.815
-59.8681
-59.9212
-59.9742
-60.0272
-60.0801
-60.133
-60.1858
-60.2385
-60.2912
-60.3437
-60.3962
-60.4485
-60.5008
-60.5529
-60.6049
-60.6568
-60.7086
-60.7603
-60.8118
-60.8632
-60.9144
-60.9655
-61.0164
-61.0672
-61.1178
-61.1682
-61.2185
-61.2686
-61.3185
-61.3683
-61.4178
-61.4672
-61.5164
-61.5654
-61.6142
-61.6628
-61.7112
-61.7594
-61.8074
-61.8552
-61.9028
-61.9502
-61.9973
-62.0443
-62.091
-62.1375
-62.1838
-62.2298
-62.2757
-62.3213
-62.3667
-62.4118
-62.4567
-62.5014
-62.5459
-62.5901
-62.6341
-62.6778
-62.7213
-62.7646
-62.8076
-62.8504
-62.893
-62.9353
-62.9774
-63.0192
-63.0608
-63.1021
-63.1432
-63.184
-63.2246
-63.265
-63.3051
-63.345
-63.3846
-63.424
-63.4631
-63.502
-63.5406
-63.579
-63.6171
-63.655
-63.6927
-63.7301
-63.7672
-63.8041
-63.8408
-63.8772
-63.9133
-63.9493
-63.9849
-64.0204
-64.0556
-64.0905
-64.1252
-64.1596
-64.1938
-64.2278
-64.2615
-64.295
-64.3282
-64.3612
-64.394
-64.4265
-64.4588
-64.4908
-64.5226
-64.5542
-64.5855
-64.6166
-64.6474
-64.678
-64.7084
-64.7385
-64.7684
-64.7981
-64.8275
-64.8567
-64.8857
-64.9144
-64.943
-64.9712
-64.9993
-65.0271
-65.0547
-65.0821
-65.1092
-65.1362
-65.1629
-65.1893
-65.2156
-65.2416
-65.2674
-65.293
-65.3184
-65.3435
-65.3685
-65.3932
-65.4177
-65.442
-65.466
-65.4899
-65.5135
-65.5369
-65.5602
-65.5832
-65.606
-65.6286
-65.6509
-65.6731
-65.6951
-65.7168
-65.7384
-65.7597
-65.7809
-65.8018
-65.8226
-65.8431
-65.8635
-65.8836
-65.9036
-65.9233
-65.9429
-65.9623
-65.9814
-65.8659
-65.6644
-65.4009
-65.0901
-64.7427
-64.3667
-63.9683
-63.5526
-63.1237
-62.6848
-62.2385
-61.7872
-61.3325
-60.876
-60.4189
-59.9623
-59.507
-59.0538
-58.6033
-58.1559
-57.7122
-57.2723
-56.8367
-56.4055
-55.9788
-55.5568
-55.1394
-54.7267
-54.3187
-53.9152
-53.5162
-53.1214
-52.7307
-52.3437
-51.9604
-51.5802
-51.203
-50.8282
-50.4555
-50.0845
-49.7146
-49.3453
-48.976
-48.6061
-48.235
-47.862
-47.4863
-47.1071
-46.7236
-46.3348
-45.9397
-45.5373
-45.1264
-44.7059
-44.2742
-43.8301
-43.3719
-42.8979
-42.4062
-41.8948
-41.3615
-40.8037
-40.2188
-39.6037
-38.9552
-38.2695
-37.5428
-36.7705
-35.9476
-35.0688
-34.1281
-33.1187
-32.0336
-30.8648
-29.6038
-28.2415
-26.7684
-25.1745
-23.4498
-21.5847
-19.5704
-17.3998
-15.0685
-12.576
-9.92709
-7.1337
-4.21625
-1.205
1.85935
4.92603
7.93615
10.8261
13.5322
15.9969
18.1738
20.0319
21.5574
22.7535
23.637
24.2349
24.5793
24.7043
24.6429
24.4252
24.0771
23.6211
23.0754
22.4551
21.7724
21.0373
20.2578
19.4408
18.5917
17.7152
16.8154
15.8956
14.959
14.0081
13.0453
12.0727
11.0922
10.1055
9.11424
8.11968
7.12313
6.12573
5.1285
4.13236
3.13816
2.14664
1.15847
0.174251
-0.805491
-1.78029
-2.74973
-3.71345
-4.67114
-5.62255
-6.56743
-7.5056
-8.43692
-9.36126
-10.2785
-11.1887
-12.0916
-12.9874
-13.876
-14.7574
-15.6318
-16.4991
-17.3594
-18.213
-19.0598
-19.9
-20.7338
-21.5614
-22.383
-23.1987
-24.009
-24.8139
-25.6138
-26.4091
-27.2
-27.9869
-28.7703
-29.5506
-30.3282
-31.1036
-31.8775
-32.6502
-33.4225
-34.1949
-34.9681
-35.7429
-36.5199
-37.3
-38.0839
-38.8724
-39.6663
-40.4667
-41.2741
-42.0897
-42.9141
-43.7483
-44.5929
-45.4487
-46.3164
-47.1964
-48.0891
-48.9946
-49.9129
-50.8438
-51.7864
-52.7397
-53.7023
-54.6722
-55.647
-56.6235
-57.5981
-58.5666
-59.5245
-60.4664
-61.387
-62.2807
-63.142
-63.9656
-64.7468
-65.4817
-66.167
-66.8007
-67.3818
-67.9103
-68.3873
-68.8147
-69.1952
-69.5317
-69.8279
-70.0873
-70.3137
-70.5105
-70.6812
-70.8291
-70.957
-71.0675
-71.163
-71.2456
-71.3172
-71.3792
-71.4331
-71.4801
-71.5212
-71.5573
-71.589
-71.6171
-71.642
-71.6643
-71.6844
-71.5691
-71.3766
-71.1346
-70.8598
-70.5631
-70.2522
-69.9326
-69.6085
-69.2829
-68.9579
-68.6354
-68.3166
-68.0025
-67.6937
-67.3908
-67.0941
-66.8039
-66.5205
-66.2438
-65.974
-65.711
-65.4549
-65.2056
-64.963
-64.7271
-64.4977
-64.2747
-64.0581
-63.8476
-63.6433
-63.4448
-63.2522
-63.0653
-62.8839
-62.708
-62.5373
-62.3718
-62.2113
-62.0558
-61.9051
-61.759
-61.6175
-61.4804
-61.3477
-61.2192
-61.0949
-60.9745
-60.8581
-60.7455
-60.6367
-60.5314
-60.4297
-60.3315
-60.2366
-60.1451
-60.0567
-59.9715
-59.8894
-59.8102
-59.7339
-59.6605
-59.5898
-59.5219
-59.4566
-59.3939
-59.3337
-59.276
-59.2207
-59.1677
-59.117
-59.0686
-59.0224
-58.9783
-58.9363
-58.8963
-58.8584
-58.8224
-58.7884
-58.7562
-58.7258
-58.6972
-58.6704
-58.6453
-58.6219
-58.6001
-58.5799
-58.5613
-58.5442
-58.5286
-58.5145
-58.5018
-58.4906
-58.4807
-58.4722
-58.465
-58.4591
-58.4544
-58.451
-58.4488
-58.4478
-58.4479
-58.4492
-58.4516
-58.4551
-58.4597
-58.4653
-58.4719
-58.4795
-58.4881
-58.4976
-58.5081
-58.5195
-58.5318
-58.545
-58.559
-58.5738
-58.5895
-58.606
-58.6232
-58.6413
-58.66
-58.6795
-58.6998
-58.7207
-58.7423
-58.7645
-58.7874
-58.811
-58.8351
-58.8599
-58.8853
-58.9112
-58.9377
-58.9647
-58.9923
-59.0204
-59.049
-59.0781
-59.1077
-59.1378
-59.1683
-59.1992
-59.2306
-59.2624
-59.2946
-59.3272
-59.3601
-59.3935
-59.4272
-59.4613
-59.4957
-59.5304
-59.5655
-59.6008
-59.6365
-59.6725
-59.7087
-59.7452
-59.782
-59.819
-59.8562
-59.8937
-59.9314
-59.9693
-60.0075
-60.0458
-60.0843
-60.123
-60.1619
-60.201
-60.2402
-60.2795
-60.319
-60.3586
-60.3984
-60.4383
-60.4783
-60.5184
-60.5586
-60.5989
-60.6393
-60.6797
-60.7203
-60.7609
-60.8015
-60.8423
-60.8831
-60.9239
-60.9648
-61.0057
-61.0466
-61.0875
-61.1285
-61.1695
-61.2105
-61.2515
-61.2925
-61.3334
-61.3744
-61.4154
-61.4563
-61.4972
-61.5381
-61.579
-61.6198
-61.6606
-61.7013
-61.742
-61.7826
-61.8232
-61.8637
-61.9041
-61.9445
-61.9848
-62.025
-62.0652
-62.1053
-62.0227
-61.8648
-61.6543
-61.4053
-61.1275
-60.8282
-60.5128
-60.1857
-59.8503
-59.5093
-59.1647
-58.8185
-58.4718
-58.126
-57.7818
-57.4401
-57.1015
-56.7665
-56.4355
-56.1088
-55.7868
-55.4695
-55.1573
-54.8501
-54.5481
-54.2514
-53.9599
-53.6737
-53.3926
-53.1168
-52.846
-52.5803
-52.3194
-52.0634
-51.812
-51.5652
-51.3228
-51.0846
-50.8505
-50.6203
-50.3939
-50.171
-49.9516
-49.7353
-49.5221
-49.3116
-49.1039
-48.8985
-48.6955
-48.4944
-48.2952
-48.0977
-47.9016
-47.7067
-47.5129
-47.3198
-47.1274
-46.9354
-46.7435
-46.5515
-46.3593
-46.1666
-45.9731
-45.7787
-45.5829
-45.3857
-45.1867
-44.9857
-44.7823
-44.5763
-44.3673
-44.1551
-43.9393
-43.7195
-43.4953
-43.2664
-43.0324
-42.7927
-42.5469
-42.2945
-42.035
-41.7678
-41.4922
-41.2077
-40.9134
-40.6087
-40.2928
-39.9647
-39.6236
-39.2683
-38.8979
-38.5111
-38.1067
-37.6833
-37.2394
-36.7733
-36.2835
-35.7679
-35.2247
-34.6516
-34.0463
-33.4064
-32.7291
-32.0116
-31.251
-30.4439
-29.5872
-28.6774
-27.7108
-26.684
-25.5933
-24.4352
-23.2067
-21.9048
-20.5274
-19.0732
-17.542
-15.935
-14.2557
-12.5097
-10.7056
-8.85526
-6.97416
-5.08163
-3.20069
-1.35742
0.420003
2.10278
3.66324
5.07675
6.32336
7.37668
8.23264
8.89257
9.36321
9.65567
9.78411
9.76442
9.61307
9.34625
8.97927
8.52616
7.99954
7.41055
6.76892
6.08308
5.36033
4.6069
3.8282
3.02883
2.21278
1.38349
0.54393
-0.303334
-1.15607
-2.01234
-2.87045
-3.72894
-4.58654
-5.44213
-6.29475
-7.14358
-7.98788
-8.82705
-9.66056
-10.488
-11.3089
-12.123
-12.93
-13.7298
-14.5221
-15.3069
-16.084
-16.8535
-17.6152
-18.3693
-19.1157
-19.8544
-20.5857
-21.3095
-22.026
-22.7353
-23.4377
-24.1331
-24.822
-25.5044
-26.1805
-26.8508
-27.5153
-28.1744
-28.8283
-29.4774
-30.1221
-30.7626
-31.3993
-32.0327
-32.6631
-33.2909
-33.9167
-34.5407
-35.1636
-35.7858
-36.4079
-37.0303
-37.6536
-38.2784
-38.9051
-39.5345
-40.1669
-40.8031
-41.4434
-42.0885
-42.7389
-43.395
-44.0572
-44.7258
-45.401
-46.0831
-46.7719
-47.4674
-48.169
-48.8763
-49.5884
-50.304
-51.0218
-51.7401
-52.4565
-53.1688
-53.8741
-54.5694
-55.2514
-55.9169
-56.5623
-57.1846
-57.7805
-58.3475
-58.8832
-59.386
-59.8546
-60.2887
-60.6881
-61.0535
-61.386
-61.687
-61.9583
-62.2018
-62.4198
-62.6142
-62.7875
-62.9415
-63.0785
-63.2002
-63.3085
-63.4049
-63.491
-63.568
-63.6371
-63.6994
-63.7557
-63.807
-63.8539
-63.897
-63.9368
-63.9739
-64.0085
-64.0412
-64.0721
-64.1016
-64.1298
-64.1569
-64.1832
-64.2087
-64.2336
-64.2579
-64.2819
-64.3054
-64.3287
-64.3518
-64.3747
-64.3974
-64.42
-64.4426
-64.4651
-64.4876
-64.51
-64.5325
-64.555
-64.5775
-64.6
-64.6226
-64.6452
-64.6679
-64.6907
-64.7135
-64.7363
-64.7592
-64.7822
-64.8053
-64.8284
-64.8515
-64.8747
-64.898
-64.9213
-64.9447
-64.9682
-64.9916
-65.0152
-65.0387
-65.0624
-65.086
-65.1097
-65.1334
-65.1571
-65.1809
-65.2047

