-65
-64.9994
-64.9988
-64.9982
-64.9977
-64.9971
-64.9965
-64.996
-64.9954
-64.9949
-64.9943
-64.9938
-64.9932
-64.9927
-64.9922
-64.9917
-64.9912
-64.9906
-64.9901
-64.9896
-64.9891
-64.9886
-64.9881
-64.9876
-64.9872
-64.9867
-64.9862
-64.9857
-64.9852
-64.9848
-64.9843
-64.9838
-64.9834
-64.9829
-64.9825
-64.982
-64.9816
-64.9811
-64.9807
-64.9802
-64.9798
-64.9794
-64.9789
-64.9785
-64.9781
-64.9777
-64.9772
-64.9768
-64.9764
-64.976
-64.9756
-64.9752
-64.9748
-64.9744
-64.974
-64.9736
-64.9732
-64.9728
-64.9725
-64.9721
-64.9717
-64.9713
-64.971
-64.9706
-64.9702
-64.9699
-64.9695
-64.9692
-64.9688
-64.9685
-64.9681
-64.9678
-64.9675
-64.9671
-64.9668
-64.9665
-64.9661
-64.9658
-64.9655
-64.9652
-64.9649
-64.9646
-64.9642
-64.9639
-64.9636
-64.9633
-64.963
-64.9628
-64.9625
-64.9622
-64.9619
-64.9616
-64.9613
-64.9611
-64.9608
-64.9605
-64.9603
-64.96
-64.9598
-64.9595
-64.9592
-64.959
-64.9588
-64.9585
-64.9583
-64.958
-64.9578
-64.9576
-64.9573
-64.9571
-64.9569
-64.9567
-64.9565
-64.9562
-64.956
-64.9558
-64.9556
-64.9554
-64.9552
-64.955
-64.9548
-64.9546
-64.9545
-64.9543
-64.9541
-64.9539
-64.9537
-64.9536
-64.9534
-64.9532
-64.9531
-64.9529
-64.9527
-64.9526
-64.9524
-64.9523
-64.9521
-64.952
-64.9519
-64.9517
-64.9516
-64.9514
-64.9513
-64.9512
-64.9511
-64.9509
-64.9508
-64.9507
-64.9506
-64.9505
-64.9504
-64.9503
-64.9502
-64.95
-64.9499
-64.9499
-64.9498
-64.9497
-64.9496
-64.9495
-64.9494
-64.9493
-64.9492
-64.9492
-64.9491
-64.949
-64.9489
-64.9489
-64.9488
-64.9487
-64.9487
-64.9486
-64.9486
-64.9485
-64.9485
-64.9484
-64.9484
-64.9483
-64.9483
-64.9482
-64.9482
-64.9482
-64.9481
-64.9481
-64.9481
-64.948
-64.948
-64.948
-64.948
-64.948
-64.9479
-64.9479
-64.9479
-64.9479
-64.9479
-64.9479
-64.9479
-64.9479
-64.9479
-64.9479
-64.9479
-64.9479
-64.9479
-64.9479
-64.9479
-64.9479
-64.9479
-64.9479
-64.948
-64.948
-64.948
-64.948
-64.9481
-64.9481
-64.9481
-64.9481
-64.9482
-64.9482
-64.9482
-64.9483
-64.9483
-64.9483
-64.9484
-64.9484
-64.9485
-64.9485
-64.9486
-64.9486
-64.9487
-64.9487
-64.9488
-64.9488
-64.9489
-64.9489
-64.949
-64.9491
-64.9491
-64.9492
-64.9492
-64.9493
-64.9494
-64.9494
-64.9495
-64.9496
-64.9497
-64.9497
-64.9498
-64.9499
-64.95
-64.95
-64.9501
-64.9502
-64.9503
-64.9504
-64.9504
-64.9505
-64.9506
-64.9507
-64.9508
-64.9509
-64.951
-64.951
-64.9511
-64.9512
-64.9513
-64.9514
-64.9515
-64.9516
-64.9517
-64.9518
-64.9519
-64.952
-64.9521
-64.9522
-64.9523
-64.9524
-64.9525
-64.9526
-64.9527
-64.9528
-64.9529
-64.953
-64.9532
-64.9533
-64.9534
-64.9535
-64.9536
-64.9537
-64.9538
-64.9539
-64.954
-64.9542
-64.9543
-64.9544
-64.9545
-64.9546
-64.9547
-64.9548
-64.955
-64.9551
-64.9552
-64.9553
-64.9554
-64.9556
-64.9557
-64.9558
-64.9559
-64.956
-64.9562
-64.9563
-64.9564
-64.9565
-64.9566
-64.9568
-64.9569
-64.957
-64.9571
-64.9573
-64.9574
-64.9575
-64.9576
-64.9578
-64.9579
-64.958
-64.9581
-64.9583
-64.9584
-64.9585
-64.9587
-64.9588
-64.9589
-64.959
-64.9592
-64.9593
-64.9594
-64.9595
-64.9597
-64.9598
-64.9599
-64.96
-64.9602
-64.9603
-64.9604
-64.9606
-64.9607
-64.9608
-64.9609
-64.9611
-64.9612
-64.9613
-64.9614
-64.9616
-64.9617
-64.9618
-64.962
-64.9621
-64.9622
-64.9623
-64.9625
-64.9626
-64.9627
-64.9628
-64.963
-64.9631
-64.9632
-64.9633
-64.9635
-64.9636
-64.9637
-64.9638
-64.964
-64.9641
-64.9642
-64.9643
-64.9645
-64.9646
-64.9647
-64.9648
-64.9649
-64.9651
-64.9652
-64.9653
-64.9654
-64.9655
-64.9657
-64.9658
-64.9659
-64.966
-64.9661
-64.9663
-64.9664
-64.9665
-64.9666
-64.9667
-64.9668
-64.967
-64.9671
-64.9672
-64.9673
-64.9674
-64.9675
-64.9677
-64.9678
-64.9679
-64.968
-64.9681
-64.9682
-64.9683
-64.9684
-64.9685
-64.9687
-64.9688
-64.9689
-64.969
-64.9691
-64.9692
-64.9693
-64.9694
-64.9695
-64.9696
-64.9697
-64.9698
-64.9699
-64.97
-64.9701
-64.9702
-64.9703
-64.9704
-64.9705
-64.9706
-64.9707
-64.9708
-64.9709
-64.971
-64.9711
-64.9712
-64.9713
-64.9714
-64.9715
-64.9716
-64.9717
-64.9718
-64.9719
-64.972
-64.9721
-64.9722
-64.9722
-64.9723
-64.9724
-64.9725
-64.9726
-64.9727
-64.9728
-64.9729
-64.9729
-64.973
-64.9731
-64.9732
-64.9733
-64.9734
-64.9734
-64.9735
-64.9736
-64.9737
-64.9738
-64.9738
-64.9739
-64.974
-64.9741
-64.9741
-64.9742
-64.9743
-64.9744
-64.9744
-64.9745
-64.9746
-64.9747
-64.9747
-64.9748
-64.9749
-64.9749
-64.975
-64.9751
-64.9751
-64.9752
-64.9753
-64.9753
-64.9754
-64.9755
-64.9755
-64.9756
-64.9757
-64.9757
-64.9758
-64.9758
-64.9759
-64.976
-64.976
-64.9761
-64.9761
-64.9762
-64.9762
-64.9763
-64.9764
-64.9764
-64.9765
-64.9765
-64.9766
-64.9766
-64.9767
-64.9767
-64.9768
-64.9768
-64.9769
-64.9769
-64.977
-64.977
-64.9771
-64.9771
-64.9771
-64.9772
-64.9772
-64.9773
-64.9773
-64.9774
-64.9774
-64.9774
-64.9775
-64.9775
-64.9776
-64.9776
-64.9776
-64.9777
-64.9777
-64.9778
-64.9778
-64.9778
-64.9779
-64.9779
-64.9779
-64.978
-64.978
-64.978
-64.9781
-64.9781
-64.9781
-64.9781
-64.9782
-64.9782
-64.9782
-64.9783
-64.9783
-64.9783
-64.9783
-64.9784
-64.9784
-64.9784
-64.9784
-64.9785
-64.9785
-64.9785
-64.9785
-64.9785
-64.9786
-64.9786
-64.9786
-64.9786
-64.9786
-64.9787
-64.9787
-64.9787
-64.9787
-64.9787
-64.9787
-64.9787
-64.9788
-64.9788
-64.9788
-64.9788
-64.9788
-64.9788
-64.9788
-64.9789
-64.9789
-64.9789
-64.9789
-64.9789
-64.9789
-64.9789
-64.9789
-64.9789
-64.9789
-64.8443
-64.6221
-64.3355
-63.9988
-63.6224
-63.2142
-62.7806
-62.3265
-61.856
-61.3724
-60.8784
-60.3763
-59.8678
-59.3545
-58.8375
-58.3179
-57.7963
-57.2736
-56.75
-56.226
-55.7017
-55.1772
-54.6526
-54.1277
-53.6023
-53.076
-52.5484
-52.0189
-51.4868
-50.9515
-50.4118
-49.8668
-49.3152
-48.7556
-48.1865
-47.606
-47.0121
-46.4027
-45.775
-45.1263
-44.4533
-43.7522
-43.0191
-42.2491
-41.4369
-40.5764
-39.6607
-38.6819
-37.631
-36.4976
-35.2699
-33.9346
-32.4763
-30.8779
-29.1201
-27.1816
-25.0394
-22.6692
-20.0468
-17.1494
-13.9592
-10.4664
-6.67519
-2.60923
1.68283
6.12379
10.6087
15.0114
19.1974
23.0397
26.4358
29.3192
31.6654
33.4882
34.8321
35.7594
36.3396
36.6396
36.7188
36.6259
36.3992
36.0679
35.6534
35.1713
34.633
34.0469
33.4194
32.7551
32.0579
31.3309
30.5767
29.7978
28.9961
28.1736
27.332
26.473
25.5982
24.7089
23.8067
22.8928
21.9685
21.035
20.0935
19.145
18.1905
17.2311
16.2675
15.3008
14.3317
13.3609
12.3891
11.4171
10.4454
9.47458
8.5052
7.53772
6.57259
5.61021
4.65097
3.69519
2.74318
1.79521
0.851525
-0.0876527
-1.02214
-1.95176
-2.87638
-3.79588
-4.71017
-5.61915
-6.52277
-7.42097
-8.31374
-9.20106
-10.0829
-10.9594
-11.8304
-12.6961
-13.5565
-14.4116
-15.2616
-16.1066
-16.9466
-17.7819
-18.6125
-19.4386
-20.2604
-21.0781
-21.8919
-22.7021
-23.5089
-24.3127
-25.1137
-25.9123
-26.709
-27.5041
-28.2981
-29.0916
-29.8849
-30.6789
-31.474
-32.271
-33.0707
-33.8737
-34.6809
-35.4933
-36.3117
-37.1372
-37.9707
-38.8133
-39.6662
-40.5304
-41.407
-42.2971
-43.2019
-44.1223
-45.0593
-46.0136
-46.9858
-47.9763
-48.985
-50.0118
-51.0556
-52.1151
-53.1883
-54.2723
-55.3635
-56.4575
-57.5489
-58.6316
-59.6988
-60.743
-61.7568
-62.7324
-63.6628
-64.5414
-65.3631
-66.1237
-66.8208
-67.4535
-68.0225
-68.5295
-68.9778
-69.3712
-69.7141
-70.0114
-70.2678
-70.4881
-70.6768
-70.838
-70.9756
-71.0928
-71.1928
-71.278
-71.3508
-71.4131
-71.4665
-71.5125
-71.5521
-71.5865
-71.6165
-71.6428
-71.6659
-71.6864
-71.7046
-71.721
-71.7358
-71.7493
-71.7616
-71.773
-71.7835
-71.7933
-71.8026
-71.8113
-71.8196
-71.8275
-71.8351
-71.8423
-71.8494
-71.8562
-71.8628
-71.8692
-71.8755
-71.8816
-71.8876
-71.8935
-71.8993
-71.905
-71.9106
-71.9161
-71.9215
-71.9268
-71.932
-71.9372
-71.9423
-71.9473
-71.9523
-71.9572
-71.962
-71.9667
-71.9714
-71.976
-71.9805
-71.985
-71.9894
-71.9937
-71.998
-72.0022
-72.0063
-72.0103
-72.0143
-72.0182
-72.022
-72.0258
-72.0294
-72.033
-72.0366
-72.04
-72.0434
-72.0467
-72.0499
-72.053
-72.0561
-72.0591
-72.062
-72.0648
-72.0675
-72.0702
-72.0727
-72.0752
-72.0776
-72.0799
-72.0822
-72.0843
-72.0864
-72.0884
-72.0902
-72.092
-72.0937
-72.0954
-72.0969
-72.0983
-72.0997
-72.1009
-72.1021
-72.1032
-72.1042
-72.1051
-72.1059
-72.1066
-72.1072
-72.1077
-72.1081
-72.1085
-72.1087
-72.1088
-72.1089
-72.1089
-72.1087
-72.1085
-72.1082
-72.1077
-72.1072
-72.1066
-72.1059
-72.1051
-72.1042
-72.1032
-72.1021
-72.1009
-72.0996
-72.0982
-72.0967
-72.0951
-72.0934
-72.0917
-72.0898
-72.0878
-72.0858
-72.0836
-72.0813
-72.079
-72.0765
-72.0739
-72.0713
-72.0685
-72.0657
-72.0628
-72.0597
-72.0566
-72.0533
-72.05
-72.0466
-72.0431
-72.0394
-72.0357
-72.0319
-72.028
-72.024
-72.0199
-72.0157
-72.0114
-72.007
-72.0025
-71.998
-71.9933
-71.9885
-71.9837
-71.9787
-71.9736
-71.9685
-71.9633
-71.9579
-71.9525
-71.947
-71.9414
-71.9357
-71.9299
-71.924
-71.918
-71.912
-71.9058
-71.8995
-71.8932
-71.8868
-71.8802
-71.8736
-71.8669
-71.8601
-71.8533
-71.8463
-71.8392
-71.8321
-71.8249
-71.8176
-71.8102
-71.8027
-71.7951
-71.7874
-71.7797
-71.7718
-71.7639
-71.7559
-71.7478
-71.7397
-71.7314
-71.7231
-71.7147
-71.7062
-71.6976
-71.6889
-71.6802
-71.6713
-71.6624
-71.6534
-71.6444
-71.6352
-71.626
-71.6167
-71.6073
-71.5979
-71.5883
-71.5787
-71.569
-71.5593
-71.5494
-71.5395
-71.5295
-71.5195
-71.5093
-71.4991
-71.4889
-71.4785
-71.4681
-71.4576
-71.447
-71.4364
-71.4257
-71.4149
-71.404
-71.3931
-71.3821
-71.3711
-71.36
-71.3488
-71.3375
-71.3262
-71.3148
-71.3034
-71.2919
-71.2803
-71.2687
-71.2569
-71.2452
-71.2333
-71.2215
-71.2095
-71.1975
-71.1854
-71.1733
-71.1611
-71.1488
-71.1365
-71.1242
-71.1117
-71.0992
-71.0867
-71.0741
-71.0614
-71.0487
-71.036
-71.0232
-71.0103
-70.9974
-70.9844
-70.9714
-70.9583
-70.9452
-70.932
-70.9187
-70.9055
-70.8921
-70.8787
-70.8653
-70.8518
-70.8383
-70.8247
-70.8111
-70.7974
-70.7837
-70.77
-70.7562
-70.7423
-70.7284
-70.7145
-70.7005
-70.6865
-70.6725
-70.6584
-70.6442
-70.63
-70.6158
-70.6016
-70.5873
-70.5729
-70.5586
-70.5441
-70.5297
-70.5152
-70.5007
-70.4861
-70.4715
-70.4569
-70.4422
-70.4276
-70.4128
-70.3981
-70.3833
-70.3684
-70.3536
-70.3387
-70.3238
-70.3088
-70.2938
-70.2788
-70.2638
-70.2487
-70.2336
-70.2185
-70.2034
-70.1882
-70.173
-70.1578
-70.1425
-70.1273
-70.112
-70.0966
-70.0813
-70.0659
-70.0505
-70.0351
-70.0197
-70.0042
-69.9888
-69.9733
-69.9577
-69.9422
-69.9267
-69.9111
-69.8955
-69.8799
-69.8643
-69.8486
-69.833
-69.8173
-69.8016
-69.7859
-69.7702
-69.7544
-69.7387
-69.7229
-69.7071
-69.6914
-69.6756
-69.6597
-69.6439
-69.6281
-69.6122
-69.5964
-69.5805
-69.4211
-69.1691
-68.8494
-68.4776
-68.065
-67.6201
-67.1498
-66.6596
-66.1538
-65.6361
-65.1095
-64.5764
-64.0389
-63.4986
-62.9571
-62.4155
-61.8748
-61.3359
-60.7995
-60.2662
-59.7365
-59.2109
-58.6895
-58.1728
-57.6609
-57.1538
-56.6517
-56.1546
-55.6623
-55.1748
-54.6919
-54.2133
-53.7388
-53.268
-52.8005
-52.3358
-51.8735
-51.4128
-50.9531
-50.4938
-50.0339
-49.5727
-49.109
-48.6419
-48.1702
-47.6926
-47.2077
-46.7139
-46.2096
-45.693
-45.162
-44.6144
-44.0477
-43.4592
-42.8459
-42.2045
-41.531
-40.8215
-40.0711
-39.2747
-38.4262
-37.519
-36.5457
-35.4979
-34.366
-33.1395
-31.8067
-30.3544
-28.7684
-27.0332
-25.1324
-23.0491
-20.7666
-18.2699
-15.5464
-12.5892
-9.3993
-5.98869
-2.38394
1.3714
5.21578
9.07106
12.8469
16.4481
19.7835
22.7756
25.3684
27.5321
29.2636
30.5831
31.5279
32.1453
32.4857
32.5975
32.5238
32.3006
31.9576
31.5178
30.9991
30.4152
29.7768
29.0919
28.3669
27.6069
26.8162
25.9982
25.156
24.2922
23.4092
22.5092
21.594
20.6654
19.7252
18.7748
17.8157
16.8492
15.8766
14.8989
13.9174
12.9329
11.9464
10.9588
9.97088
8.98331
7.9968
7.01195
6.02933
5.04946
4.07278
3.09974
2.13069
1.16598
0.205912
-0.749252
-1.69928
-2.64397
-3.58314
-4.51666
-5.44439
-6.36624
-7.28214
-8.19204
-9.09588
-9.99366
-10.8854
-11.771
-12.6507
-13.5244
-14.3921
-15.2541
-16.1103
-16.9608
-17.8059
-18.6456
-19.4801
-20.3095
-21.1341
-21.9541
-22.7697
-23.5811
-24.3888
-25.1929
-25.9938
-26.7918
-27.5875
-28.3812
-29.1734
-29.9646
-30.7554
-31.5463
-32.3381
-33.1313
-33.9267
-34.7252
-35.5274
-36.3342
-37.1466
-37.9655
-38.7918
-39.6266
-40.4709
-41.3257
-42.192
-43.0708
-43.9631
-44.8698
-45.7917
-46.7293
-47.6832
-48.6535
-49.6403
-50.643
-51.6608
-52.6922
-53.7353
-54.7874
-55.8452
-56.9045
-57.9604
-59.0074
-60.0393
-61.0494
-62.0309
-62.9768
-63.8806
-64.7364
-65.5391
-66.285
-66.9715
-67.5975
-68.1632
-68.6701
-69.1207
-69.5184
-69.8671
-70.1711
-70.4349
-70.6627
-70.8589
-71.0274
-71.1719
-71.2956
-71.4014
-71.4921
-71.5697
-71.6363
-71.6936
-71.7429
-71.7856
-71.8225
-71.8547
-71.8829
-71.9076
-71.9295
-71.9489
-71.9662
-71.9818
-71.9959
-72.0087
-72.0204
-72.0312
-72.0412
-72.0505
-72.0592
-72.0674
-72.0752
-72.0826
-72.0896
-72.0964
-72.1029
-72.1091
-72.1152
-72.121
-72.1267
-72.1323
-72.1377
-72.143
-72.1481
-72.1532
-72.1581
-72.1629
-72.1677
-72.1723
-72.1769
-72.1814
-72.1857
-72.19
-72.1943
-72.1984
-72.2025
-72.2065
-72.2104
-72.2142
-72.218
-72.2217
-72.2253
-72.2288
-72.2322
-72.2356
-72.2389
-72.2421
-72.2452
-72.2483
-72.2513
-72.2542
-72.257
-72.2597
-72.2624
-72.2649
-72.2674
-72.2698
-72.2721
-72.2744
-72.2765
-72.2786
-72.2806
-72.2825
-72.2843
-72.286
-72.2876
-72.2892
-72.2906
-72.292
-72.2933
-72.2945
-72.2955
-72.2966
-72.2975
-72.2983
-72.299
-72.2997
-72.3002
-72.3007
-72.301
-72.3013
-72.3015
-72.3016
-72.3016
-72.3015
-72.3013
-72.301
-72.3006
-72.3001
-72.2995
-72.2988
-72.2981
-72.2972
-72.2962
-72.2952
-72.294
-72.2928
-72.2914
-72.29
-72.2884
-72.2868
-72.285
-72.2832
-72.2813
-72.2792
-72.2771
-72.2749
-72.2726
-72.2701
-72.2676
-72.265
-72.2623
-72.2595
-72.2566
-72.2536
-72.2505
-72.2473
-72.244
-72.2406
-72.093
-71.8561
-71.5569
-71.212
-70.8331
-70.4289
-70.0063
-69.5704
-69.1255
-68.675
-68.2215
-67.7673
-67.3139
-66.863
-66.4157
-65.973
-65.5355
-65.1041
-64.6793
-64.2614
-63.8508
-63.4478
-63.0527
-62.6656
-62.2866
-61.9158
-61.5533
-61.199
-60.853
-60.5152
-60.1857
-59.8643
-59.5509
-59.2454
-58.9478
-58.6579
-58.3756
-58.1007
-57.8332
-57.5728
-57.3194
-57.0728
-56.833
-56.5997
-56.3727
-56.152
-55.9373
-55.7284
-55.5253
-55.3277
-55.1355
-54.9486
-54.7667
-54.5897
-54.4176
-54.25
-54.0869
-53.9282
-53.7736
-53.6231
-53.4766
-53.3338
-53.1948
-53.0592
-52.9272
-52.7984
-52.6729
-52.5505
-52.4312
-52.3147
-52.2011
-52.0902
-51.9819
-51.8762
-51.773
-51.6722
-51.5737
-51.4775
-51.3835
-51.2916
-51.2017
-51.1139
-51.028
-50.944
-50.8618
-50.7815
-50.7028
-50.6259
-50.5506
-50.4769
-50.4048
-50.3343
-50.2652
-50.1976
-50.1314
-50.0666
-50.0032
-49.9412
-49.8804
-49.821
-49.7628
-49.7059
-49.6502
-49.5957
-49.5424
-49.4902
-49.4392
-49.3894
-49.3406
-49.293
-49.2465
-49.201
-49.1566
-49.1133
-49.071
-49.0298
-48.9896
-48.9505
-48.9123
-48.8752
-48.8391
-48.804
-48.7699
-48.7367
-48.7046
-48.6735
-48.6434
-48.6142
-48.5861
-48.559
-48.5328
-48.5077
-48.4836
-48.4605
-48.4384
-48.4173
-48.3972
-48.3782
-48.3602
-48.3432
-48.3273
-48.3125
-48.2987
-48.286
-48.2744
-48.2639
-48.2546
-48.2463
-48.2392
-48.2333
-48.2285
-48.225
-48.2226
-48.2215
-48.2217
-48.2231
-48.2258
-48.2299
-48.2352
-48.242
-48.2501
-48.2597
-48.2707
-48.2832
-48.2972
-48.3127
-48.3298
-48.3485
-48.3688
-48.3908
-48.4145
-48.4399
-48.4672
-48.4962
-48.5271
-48.56
-48.5947
-48.6315
-48.6703
-48.7112
-48.7542
-48.7994
-48.8469
-48.8966
-48.9487
-49.0032
-49.0602
-49.1196
-49.1816
-49.2463
-49.3136
-49.3836
-49.4564
-49.5321
-49.6107
-49.6923
-49.7768
-49.8645
-49.9553
-50.0493
-50.1466
-50.2472
-50.3511
-50.4584
-50.5692
-50.6835
-50.8013
-50.9227
-51.0478
-51.1764
-51.3088
-51.4448
-51.5846
-51.7281
-51.8753
-52.0263
-52.1809
-52.3393
-52.5013
-52.667
-52.8362
-53.009
-53.1853
-53.365
-53.548
-53.7342
-53.9236
-54.116
-54.3113
-54.5093
-54.7099
-54.913
-55.1183
-55.3258
-55.5352
-55.7463
-55.959
-56.1729
-56.388
-56.604
-56.8206
-57.0376
-57.2549
-57.4721
-57.689
-57.9055
-58.1212
-58.336
-58.5496
-58.7619
-58.9725
-59.1814
-59.3882
-59.5929
-59.7953
-59.9952
-60.1924
-60.3868
-60.5783
-60.7667
-60.952
-61.1341
-61.3129
-61.4882
-61.6602
-61.8286
-61.9935
-62.1549
-62.3127
-62.4669
-62.6176
-62.7647
-62.9083
-63.0483
-63.1849
-63.318
-63.4477
-63.5741
-63.6972
-63.8169
-63.9335
-64.047
-64.1574
-64.2648
-64.3692
-64.4708
-64.5695
-64.6655
-64.7588
-64.8496
-64.9378
-65.0235
-65.1068
-65.1877
-65.2664
-65.3429
-65.4173
-65.4895
-65.5598
-65.628
-65.6944
-65.7589
-65.8216
-65.8826
-65.9419
-65.9996
-66.0557
-66.1102
-66.1633
-66.2149
-66.2651
-66.3139
-66.3615
-66.4077
-66.4528
-66.4966
-66.5393
-66.5808
-66.6213
-66.6607
-66.699
-66.7364
-66.7728
-66.8083
-66.8428
-66.8765
-66.9093
-66.9413
-66.9725
-67.0029
-67.0326
-67.0615
-67.0897
-67.1172
-67.144
-67.1701
-67.1957
-67.2206
-67.2448
-67.2685
-67.2917
-67.3142
-67.3363
-67.3578
-67.3788
-67.3992
-67.4192
-67.4388
-67.4578
-67.4764
-67.4946
-67.5123
-67.5296
-67.5465
-67.5631
-67.5792
-67.5949
-67.6103
-67.6253
-67.6399
-67.6542
-67.6682
-67.6818
-67.6951
-67.7081
-67.7208
-67.7332
-67.7453
-67.7571
-67.7686
-67.7798
-67.7908
-67.8014
-67.8119
-67.822
-67.8319
-67.8416
-67.851
-67.8602
-67.8692
-67.8779
-67.8864
-67.8947
-67.9027
-67.9105
-67.9182
-67.9256
-67.9328
-67.9398
-67.9467
-67.9533
-67.9597
-67.966
-67.9721
-67.9779
-67.9837
-67.9892
-67.9946
-67.9997
-68.0048
-68.0096
-68.0143
-68.0189
-68.0232
-68.0275
-68.0315
-68.0354
-68.0392
-68.0428
-68.0463
-68.0496
-68.0528
-68.0558
-68.0587
-68.0615
-68.0641
-68.0666
-68.069
-68.0712
-68.0733
-68.0753
-68.0772
-68.0789
-68.0805
-68.082
-68.0834
-68.0846
-68.0858
-68.0868
-68.0877
-68.0885
-68.0891
-68.0897
-68.0902
-68.0905
-68.0908
-68.0909
-68.0909
-68.0909
-68.0907
-68.0904
-68.09
-68.0896
-68.089
-68.0883
-68.0875
-68.0867
-68.0857
-68.0847
-68.0835
-68.0823
-68.081
-68.0795
-68.078
-68.0764
-68.0748
-68.073
-68.0711
-68.0692
-68.0672
-68.0651
-68.0629
-68.0606
-68.0583
-68.0558
-68.0533
-68.0507
-68.0481
-68.0453
-68.0425
-68.0396
-68.0366
-68.0336
-68.0305
-68.0273
-68.024
-68.0207
-68.0173
-68.0138
-68.0102
-68.0066
-68.0029
-67.9992
-67.9954
-67.9915
-67.9875
-67.9835
-67.9794
-67.9753
-67.9711
-67.9668
-67.9625
-67.9581
-67.9536
-67.9491
-67.9446
-67.9399
-67.9352
-67.9305
-67.9257
-67.9208
-67.9159
-67.9109
-67.9059
-67.9008
-67.8957
-67.8905
-67.8852
-67.88
-67.8746
-67.8692
-67.8638
-67.8583
-67.8527
-67.8471
-67.8415
-67.8358
-67.83
-67.8242
-67.8184
-67.8125
-67.8066
-67.8006
-67.7946
-67.7885
-67.7824
-67.7763
-67.7701
-67.7638
-67.7575
-67.7512
-67.7449
-67.7385
-67.732
-67.7255
-67.719
-67.7124
-67.7058
-67.6992
-67.6925
-67.6858
-67.6791
-67.6723
-67.6655
-67.6586
-67.6517
-67.6448
-67.6378
-67.6308
-67.6238
-67.6167
-67.6096
-67.6025
-67.5954
-67.5882
-67.581
-67.5737
-67.5664
-67.5591
-67.5518
-67.5444
-67.537
-67.5296
-67.5222
-67.5147
-67.5072
-67.4997
-67.4921
-67.4845
-67.4769
-67.4693
-67.4616
-67.454
-67.4463
-67.4385
-67.4308
-67.423
-67.4152
-67.4074
-67.3996
-67.3917
-67.3838
-67.3759
-67.368
-67.3601
-67.3521
-67.3442
-67.3362
-67.3281
-67.3201
-67.3121
-67.304
-67.2959
-67.2878
-67.2797
-67.2716
-67.2634
-67.2552
-67.2471
-67.2389
-67.2306
-67.2224
-67.2142
-67.2059
-67.1977
-67.1894
-67.1811
-67.1728
-67.1645
-67.1561
-67.1478
-67.1395
-67.1311
-67.1227
-67.1143
-67.106
-67.0976
-67.0891
-67.0807
-67.0723
-67.0639
-67.0554
-67.047
-67.0385
-67.0301
-67.0216
-67.0131
-67.0046
-66.9961
-66.9876
-66.9791
-66.9706
-66.9621
-66.9536
-66.9451
-66.9366
-66.9281
-66.9195
-66.911
-66.9025
-66.8939
-66.8854
-66.8769
-66.8683
-66.8598
-66.8512
-66.8427
-66.8341
-66.8256
-66.817
-66.8085
-66.7999
-66.7913
-66.7828
-66.7742
-66.7657
-66.7571
-66.7486
-66.74
-66.7315
-66.7229
-66.7144
-66.7058
-66.6973
-66.6888
-66.6802
-66.6717
-66.6632
-66.6546
-66.6461
-66.6376
-66.6291
-66.6206
-66.6121
-66.6036
-66.5951
-66.5866
-66.5782
-66.5697
-66.5612
-66.5528
-66.5443
-66.5359
-66.5274
-66.519
-66.5106
-66.5022
-66.4938
-66.4854
-66.477
-66.4686
-66.4603
-66.4519
-66.4436
-66.4352
-66.4269
-66.4186
-66.4102
-66.4019
-66.3936
-66.3854
-66.3771
-66.3688
-66.3606
-66.3523
-66.3441
-66.3359
-66.3277
-66.3195
-66.3113
-66.3031
-66.2949
-66.2868
-66.2786
-66.2705
-66.2624
-66.2543
-66.2462
-66.2381
-66.2301
-66.222
-66.214
-66.206
-66.198
-66.19
-66.182
-66.174
-66.1661
-66.1581
-66.1502
-66.1423
-66.1344
-66.1266
-66.1187
-66.1109
-66.103
-66.0952
-66.0874
-66.0797
-66.0719
-66.0642
-66.0564
-66.0487
-66.041
-66.0334
-66.0257
-66.0181
-66.0105
-66.0029
-65.9953
-65.9877
-65.9802
-65.9726
-65.9651
-65.9576
-65.9502
-65.9427
-65.9353
-65.9279
-65.9205
-65.9131
-65.9057
-65.8984
-65.8911
-65.8838
-65.8765
-65.8692
-65.862
-65.8548
-65.8475
-65.8404
-65.8332
-65.826
-65.8189
-65.8118
-65.8047
-65.7977
-65.7906
-65.7836
-65.7766
-65.7696
-65.7627
-65.7557
-65.7488
-65.7419
-65.735
-65.7282
-65.7213
-65.7145
-65.7078
-65.701
-65.6942
-65.6875
-65.6808
-65.6742
-65.6675
-65.6609
-65.6543
-65.6477
-65.6411
-65.6346
-65.6281
-65.6216
-65.6151
-65.6087
-65.6023
-65.5959
-65.5895
-65.5832
-65.441
-65.2106
-64.9153
-64.5697
-64.1842
-63.767
-63.3242
-62.8611
-62.3818
-61.8896
-61.3873
-60.8771
-60.3609
-59.8402
-59.3163
-58.7902
-58.2627
-57.7345
-57.2062
-56.6781
-56.1504
-55.6234
-55.0971
-54.5715
-54.0464
-53.5216
-52.9968
-52.4715
-51.9452
-51.4173
-50.8869
-50.3533
-49.8154
-49.272
-48.7219
-48.1636
-47.5954
-47.0156
-46.4219
-45.8121
-45.1836
-44.5333
-43.8581
-43.1541
-42.4171
-41.6424
-40.8246
-39.9575
-39.0342
-38.0468
-36.9862
-35.8421
-34.603
-33.2555
-31.7847
-30.1738
-28.4041
-26.4551
-24.305
-21.931
-19.3105
-16.4235
-13.2544
-9.7967
-6.05723
-2.06175
2.14016
6.47225
10.8327
15.1004
19.1467
22.851
26.1159
28.8792
31.1187
32.8497
34.1159
34.9786
35.5047
35.7588
35.7976
35.6679
35.4065
35.0413
34.5931
34.0773
33.5051
32.8849
32.223
31.5243
30.7927
30.0315
29.2435
28.431
27.5964
26.7416
25.8685
24.9788
24.0741
23.1559
22.1936
21.2102
20.2158
19.2154
18.2122
17.2081
16.2045
15.2026
14.2032
13.207
12.2148
11.2271
10.2444
9.26707
8.29557
7.33025
6.37138
5.41926
4.47409
3.53609
2.60541
1.6822
0.766571
-0.141394
-1.04162
-1.93407
-2.8187
-3.69552
-4.56451
-5.4257
-6.27912
-7.12482
-7.96284
-8.79324
-9.61611
-10.4315
-11.2396
-12.0403
-12.8339
-13.6205
-14.4001
-15.1729
-15.9391
-16.6986
-17.4519
-18.1988
-18.9397
-19.6748
-20.4041
-21.1279
-21.8465
-22.56
-23.2686
-23.9727
-24.6726
-25.3684
-26.0605
-26.7493
-27.435
-28.1182
-28.7991
-29.4782
-30.156
-30.833
-31.5096
-32.1863
-32.8639
-33.5428
-34.2236
-34.9071
-35.5939
-36.2847
-36.9802
-37.6811
-38.3882
-39.1021
-39.8236
-40.5534
-41.2921
-42.0402
-42.7983
-43.5667
-44.3456
-45.1349
-45.9345
-46.7437
-47.5619
-48.3876
-49.2192
-50.0546
-50.8911
-51.7256
-52.5545
-53.3738
-54.1791
-54.966
-55.7297
-56.4658
-57.1701
-57.839
-58.4692
-59.0584
-59.6051
-60.1086
-60.569
-60.987
-61.3643
-61.7028
-62.0049
-62.2733
-62.5109
-62.7205
-62.9049
-63.0669
-63.2091
-63.3338
-63.4432
-63.5394
-63.624
-63.6988
-63.7649
-63.8238
-63.8764
-63.9237
-63.9664
-64.0053
-64.0409
-64.0738
-64.1044
-64.133
-64.1599
-64.1855
-64.21
-64.2335
-64.2563
-64.2784
-64.3
-64.3211
-64.342
-64.3626
-64.383
-64.4033
-64.4235
-64.4436
-64.4637
-64.4839
-64.504
-64.5242
-64.5444
-64.5647
-64.5851
-64.6056
-64.6261
-64.6468
-64.6676
-64.6885
-64.7094
-64.7305
-64.7517
-64.7731
-64.7945
-64.816
-64.8376
-64.8593
-64.8812
-64.9031
-64.9251
-64.9472
-64.9694
-64.9917
-65.0141
-65.0365
-65.059
-65.0816
-65.1043
-65.127
-65.1498
-65.1726
-65.1955
-65.2184
-65.2414
-65.2645
-65.2875
-65.3107
-65.3338
-65.357
-65.3802
-65.4034
-65.4267
-65.45
-65.4733
-65.4966
-65.5199
-65.5432
-65.5665
-65.5898
-65.6131
-65.6364
-65.6597
-65.683
-65.7063
-65.7296
-65.7528
-65.7761
-65.7993
-65.8224
-65.8456
-65.8687
-65.8918
-65.9148
-65.9378
-65.9608
-65.9837
-66.0066
-66.0294
-66.0522
-66.075
-66.0976
-66.1203
-66.1429
-66.1654
-66.1878
-66.2102
-66.2326
-66.2548
-66.277
-66.2992
-66.3212
-66.3432
-66.3651
-66.387
-66.4088
-66.4305
-66.4521
-66.4736
-66.4951
-66.5164
-66.5377
-66.5589
-66.5801
-66.6011
-66.622
-66.6429
-66.6637
-66.6843
-66.7049
-66.7254
-66.7458
-66.7661
-66.7863
-66.8064
-66.8264
-66.8463
-66.8661
-66.8858
-66.9053
-66.9248
-66.9442
-66.9635
-66.9827
-67.0018
-67.0207
-67.0396
-67.0583
-67.077
-67.0955
-67.1139
-67.1323
-67.1505
-67.1685
-67.1865
-67.2044
-67.2221
-67.2398
-67.2573
-67.2747
-67.292
-67.3092
-67.3263
-67.3432
-67.3601
-67.3768
-67.3934
-67.4099
-67.4262
-67.4425
-67.4586
-67.4746
-67.4905
-67.5063
-67.5219
-67.5375
-67.5529
-67.5682
-67.5834
-67.5984
-67.6133
-67.6282
-67.6428
-67.6574
-67.6719
-67.6862
-67.7004
-67.7145
-67.7285
-67.7423
-67.756
-67.7696
-67.7831
-67.7965
-67.8097
-67.8228
-67.8358
-67.8487
-67.8614
-67.8741
-67.8866
-67.899
-67.9112
-67.9234
-67.9354
-67.9473
-67.9591
-67.9707
-67.9823
-67.9937
-68.005
-68.0161
-68.0272
-68.0381
-68.0489
-68.0596
-68.0702
-68.0806
-68.091
-68.1012
-68.1113
-68.1213
-68.1311
-68.1408
-68.1504
-68.1599
-68.1693
-68.1786
-68.1877
-68.1967
-68.2056
-68.2144
-68.2231
-68.2316
-68.2401
-68.2484
-68.2566
-68.2647
-68.2727
-68.2805
-68.2882
-68.2959
-68.3034
-68.3108
-68.318
-68.3252
-68.3323
-68.3392
-68.346
-68.3527
-68.3593
-68.3658
-68.3722
-68.3785
-68.3846
-68.3906
-68.3966
-68.4024
-68.4081
-68.4137
-68.4192
-68.4245
-68.4298
-68.435
-68.44
-68.445
-68.4498
-68.4545
-68.4592
-68.4637
-68.4681
-68.4724
-68.4766
-68.4807
-68.4847
-68.4885
-68.4923
-68.496
-68.4996
-68.503
-68.5064
-68.5096
-68.5128
-68.5159
-68.5188
-68.5217
-68.5244
-68.5271
-68.5296
-68.5321
-68.5345
-68.5367
-68.5389
-68.541
-68.5429
-68.5448
-68.5466
-68.5482
-68.5498
-68.5513
-68.5527
-68.554
-68.5552
-68.5563
-68.5573
-68.5582
-68.5591
-68.5598
-68.5605
-68.561
-68.5615
-68.5619
-68.5621
-68.5623
-68.5624
-68.5625
-68.5624
-68.5622
-68.562
-68.5616
-68.5612
-68.5607
-68.5601
-68.5594
-68.5587
-68.5578
-68.5569
-68.5559
-68.5548
-68.5536
-68.5523
-68.551
-68.5496
-68.5481
-68.5465
-68.5448
-68.5431
-68.5412
-68.5393
-68.5373
-68.5353
-68.5331
-68.5309
-68.5286
-68.5263
-68.5238
-68.5213
-68.5187
-68.516
-68.5133
-68.5105
-68.5076
-68.5046
-68.5016
-68.4985
-68.4953
-68.4921
-68.4888
-68.4854
-68.4819
-68.4784
-68.4748
-68.4711
-68.4674
-68.4636
-68.4597
-68.4558
-68.4518
-68.4477
-68.4436
-68.4394
-68.4352
-68.4309
-68.4265
-68.422
-68.4175
-68.4129
-68.4083
-68.4036
-68.3989
-68.394
-68.3892
-68.3842
-68.3792
-68.3742
-68.3691
-68.3639
-68.3587
-68.3534
-68.3481
-68.3427
-68.3372
-68.3317
-68.3262
-68.3205
-68.3149
-68.3092
-68.3034
-68.2976
-68.2917
-68.2857
-68.2798
-68.2737
-68.2677
-68.2615
-68.2553
-68.2491
-68.2428
-68.2365
-68.2301
-68.2237
-68.2172
-68.2107
-68.2042
-68.1976
-68.1909
-68.1842
-68.1775
-68.1707
-68.1639
-68.157
-68.1501
-68.1431
-68.1361
-68.1291
-68.122
-68.1149
-68.1077
-68.1005
-68.0933
-68.086
-68.0787
-68.0713
-68.0639
-68.0565
-68.049
-68.0415
-68.034
-68.0264
-68.0188
-68.0111
-68.0034
-67.9957
-67.988
-67.9802
-67.9723
-67.9645
-67.9566
-67.9487
-67.9407
-67.9328
-67.9247
-67.9167
-67.9086
-67.9005
-67.8924
-67.8842
-67.876
-67.8678
-67.8596
-67.8513
-67.843
-67.8347
-67.8263
-67.8179
-67.8095
-67.8011
-67.7927
-67.7842
-67.7757
-67.7671
-67.7586
-67.75
-67.7414
-67.7328
-67.7241
-67.7155
-67.7068
-67.6981
-67.6894
-67.6806
-67.6718
-67.663
-67.6542
-67.6454
-67.6366
-67.6277
-67.6188
-67.6099
-67.601
-67.592
-67.5831
-67.5741
-67.5651
-67.5561
-67.5471
-67.5381
-67.529
-67.52
-67.5109
-67.5018
-67.4927
-67.4836
-67.4744
-67.4653
-67.4561
-67.447
-67.4378
-67.4286
-67.4194
-67.4102
-67.401
-67.3917
-67.3825
-67.3732
-67.364
-67.3547
-67.3454
-67.3362
-67.3269
-67.3175
-67.3082
-67.2989
-67.2896
-67.2803
-67.2709
-67.2616
-67.2522
-67.2429
-67.2335
-67.2241
-67.2147
-67.2054
-67.196
-67.1866
-67.1772
-67.1678
-67.1584
-67.149
-67.1396
-67.1302
-67.1208
-67.1114
-67.1019
-67.0925
-67.0831
-67.0737
-67.0643
-67.0549
-67.0454
-67.036
-67.0266
-67.0172
-67.0078
-66.9984
-66.9889
-66.9795
-66.9701
-66.9607
-66.9513
-66.9419
-66.9325
-66.9231
-66.9137
-66.9043
-66.895
-66.8856
-66.8762
-66.8668
-66.8575
-66.8481
-66.8387
-66.8294
-66.82
-66.8107
-66.8013
-66.792
-66.7827
-66.7734
-66.764
-66.7547
-66.7454
-66.7361
-66.7268
-66.7176
-66.7083
-66.699
-66.6898
-66.6805
-66.6713
-66.5241
-66.2873
-65.9848
-65.6315
-65.2379
-64.8123
-64.3612
-63.8897
-63.4021
-62.9019
-62.3918
-61.8742
-61.351
-60.8238
-60.2939
-59.6419
-58.9156
-58.1389
-57.327
-56.4907
-55.638
-54.775
-53.9062
-53.0352
-52.1642
-51.295
-50.4285
-49.565
-48.7042
-47.8455
-46.9877
-46.1292
-45.2679
-44.4014
-43.5265
-42.64
-41.7379
-40.8156
-39.8682
-38.8899
-37.8743
-36.8142
-35.7016
-34.5274
-33.2816
-31.9531
-30.5295
-28.9973
-27.3417
-25.5469
-23.5964
-21.4732
-19.1608
-16.6445
-13.9129
-10.9601
-7.78844
-4.41181
-0.858158
2.82822
6.58635
10.3405
14.0047
17.4896
20.7106
23.596
26.0939
28.1764
29.841
31.1076
32.0136
32.6061
32.9355
33.0501
32.9922
32.7973
32.4935
32.1026
31.6411
31.1213
30.5526
29.942
29.2949
28.6157
27.9079
27.1745
26.418
25.6406
24.8444
24.0312
23.2026
22.3602
21.5056
20.6399
19.7646
18.8808
17.9897
17.0924
16.1897
15.2828
14.3724
13.4594
12.5446
11.6287
10.7123
9.79614
8.88073
7.96664
7.05435
6.14431
5.23696
4.33266
3.43177
2.5346
1.64145
0.752552
-0.13185
-1.01155
-1.88637
-2.75616
-3.62077
-4.48009
-5.33403
-6.18249
-7.02542
-7.86277
-8.6945
-9.52059
-10.341
-11.1558
-11.965
-12.7686
-13.5666
-14.359
-15.1461
-15.9277
-16.7041
-17.4752
-18.2413
-19.0023
-19.7585
-20.51
-21.257
-21.9996
-22.738
-23.4725
-24.2033
-24.9306
-25.6547
-26.3759
-27.0946
-27.811
-28.5257
-29.2389
-29.9511
-30.6628
-31.3745
-32.0867
-32.8
-33.515
-34.2324
-34.9527
-35.6768
-36.4053
-37.139
-37.8787
-38.6252
-39.3792
-40.1417
-40.9133
-41.6948
-42.487
-43.2905
-44.1059
-44.9334
-45.7735
-46.626
-47.4908
-48.3673
-49.2546
-50.1512
-51.0552
-51.9644
-52.8756
-53.7853
-54.6894
-55.5832
-56.4617
-57.3196
-58.1516
-58.9524
-59.7171
-60.4413
-61.1217
-61.7554
-62.3408
-62.8774
-63.3655
-63.8063
-64.2018
-64.5546
-64.8677
-65.1444
-65.3881
-65.6021
-65.7897
-65.9541
-66.0981
-66.2243
-66.3352
-66.4328
-66.519
-66.5955
-66.6637
-66.7247
-66.7798
-66.8297
-66.8752
-66.9171
-66.9558
-66.9919
-67.0257
-67.0576
-67.0878
-67.1167
-67.1444
-67.1711
-67.1969
-67.222
-67.2465
-67.2704
-67.2939
-67.3169
-67.3396
-67.3621
-67.3842
-67.4061
-67.4278
-67.4494
-67.4707
-67.492
-67.5131
-67.5341
-67.5549
-67.5757
-67.5964
-67.617
-67.6375
-67.6579
-67.6783
-67.6985
-67.7188
-67.7389
-67.759
-67.779
-67.7989
-67.8187
-67.8385
-67.8583
-67.8779
-67.8975
-67.917
-67.9365
-67.9558
-67.9751
-67.9944
-68.0135
-68.0326
-68.0516
-68.0705
-68.0894
-68.1081
-68.1268
-68.1454
-68.1639
-68.1823
-68.2007
-68.2189
-68.2371
-68.2552
-68.2732
-68.2911
-68.3089
-68.3266
-68.3442
-68.3618
-68.3792
-68.3965
-68.4137
-68.4309
-68.4479
-68.4649
-68.4817
-68.4984
-68.515
-68.5316
-68.548
-68.5643
-68.5805
-68.5966
-68.6126
-68.6285
-68.6442
-68.6599
-68.6754
-68.6909
-68.7062
-68.7214
-68.7365
-68.7515
-68.7664
-68.7811
-68.7958
-68.8103
-68.8247
-68.839
-68.8532
-68.8673
-68.8812
-68.895
-68.9087
-68.9223
-68.9358
-68.9491
-68.9624
-68.9755
-68.9885
-69.0013
-69.0141
-69.0267
-69.0392
-69.0516
-69.0638
-69.076
-69.088
-69.0999
-69.1117
-69.1233
-69.1348
-69.1462
-69.1575
-69.1687
-69.1797
-69.1906
-69.2014
-69.212
-69.2226
-69.233
-69.2433
-69.2535
-69.2635
-69.2734
-69.2832
-69.2929
-69.3024
-69.3119
-69.3212
-69.3304
-69.3394
-69.3483
-69.3572
-69.3658
-69.3744
-69.3829
-69.3912
-69.3994
-69.4075
-69.4154
-69.4232
-69.4309
-69.4385
-69.446
-69.4533
-69.4606
-69.4677
-69.4747
-69.4815
-69.4883
-69.4949
-69.5014
-69.5078
-69.514
-69.5202
-69.5262
-69.5321
-69.5379
-69.5436
-69.5491
-69.5545
-69.5599
-69.5651
-69.5701
-69.5751
-69.58
-69.5847
-69.5893
-69.5938
-69.5982
-69.6025
-69.6066
-69.6107
-69.6146
-69.6184
-69.6221
-69.6257
-69.6292
-69.6325
-69.6358
-69.6389
-69.642
-69.6449
-69.6477
-69.6504
-69.653
-69.6554
-69.6578
-69.6601
-69.6622
-69.6643
-69.6662
-69.668
-69.6698
-69.5307
-69.3029
-69.012
-68.6738
-68.2996
-67.8979
-67.4754
-67.0371
-66.5875
-66.1298
-65.6667
-65.2007
-64.7334
-64.2664
-63.8011
-63.3384
-62.8792
-62.4244
-61.9744
-61.5299
-61.0912
-60.6588
-60.2329
-59.8138
-59.4016
-58.9965
-58.5986
-58.208
-57.8246
-57.4486
-57.0799
-56.7184
-56.364
-56.0167
-55.6764
-55.3428
-55.0159
-54.6956
-54.3815
-54.0736
-53.7716
-53.4753
-53.1845
-52.8989
-52.6183
-52.3424
-52.0711
-51.8039
-51.5407
-51.2811
-51.0249
-50.7718
-50.5215
-50.2736
-50.0279
-49.7841
-49.5418
-49.3007
-49.0604
-48.8208
-48.5812
-48.3416
-48.1013
-47.8602
-47.6177
-47.3735
-47.1272
-46.8783
-46.6264
-46.371
-46.1116
-45.8476
-45.5786
-45.3039
-45.0229
-44.735
-44.4394
-44.1354
-43.8221
-43.4987
-43.1644
-42.8179
-42.4583
-42.0844
-41.6948
-41.2883
-40.8631
-40.4178
-39.9504
-39.459
-38.9415
-38.3954
-37.8183
-37.2072
-36.559
-35.8705
-35.1379
-34.3572
-33.5242
-32.6341
-31.682
-30.6626
-29.5701
-28.3987
-27.1423
-25.7947
-24.3501
-22.8026
-21.1472
-19.3798
-17.498
-15.5012
-13.3917
-11.1752
-8.86168
-6.46586
-4.00798
-1.51401
0.984538
3.45122
5.84603
8.12736
10.2546
12.1911
13.9068
15.3804
16.601
17.5674
18.2878
18.7772
19.0554
19.1448
19.0687
18.8491
18.5067
18.0599
17.5246
16.9146
16.2414
15.515
14.7435
13.934
13.0923
12.2234
11.3317
10.4208
9.49396
8.55401
7.60341
6.64434
5.67872
4.70827
3.73451
2.75881
1.78236
0.806257
-0.168554
-1.14122
-2.11099
-3.0772
-4.03926
-4.99667
-5.94898
-6.8958
-7.83681
-8.77174
-9.70034
-10.6224
-11.5379
-12.4465
-13.3483
-14.2431
-15.131
-16.012
-16.886
-17.7532
-18.6136
-19.4673
-20.3145
-21.1552
-21.9897
-22.8181
-23.6407
-24.4577
-25.2693
-26.0759
-26.8778
-27.6752
-28.4687
-29.2586
-30.0453
-30.8294
-31.6112
-32.3914
-33.1706
-33.9493
-34.7281
-35.5078
-36.289
-37.0725
-37.8591
-38.6495
-39.4446
-40.2452
-41.052
-41.8661
-42.6882
-43.519
-44.3595
-45.2104
-46.0722
-46.9457
-47.8312
-48.7291
-49.6394
-50.562
-51.4966
-52.4424
-53.3984
-54.3631
-55.3344
-56.3099
-57.2867
-58.2611
-59.2292
-60.1864
-61.1278
-62.0482
-62.9421
-63.8042
-64.6296
-65.4136
-66.1521
-66.8422
-67.4816
-68.0693
-68.605
-69.0898
-69.5252
-69.9137
-70.2582
-70.5621
-70.8288
-71.062
-71.2651
-71.4416
-71.5945
-71.7269
-71.8413
-71.9402
-72.0256
-72.0995
-72.1633
-72.2187
-72.2667
-72.3085
-72.345
-72.3768
-72.4047
-72.4293
-72.451
-72.4703
-72.4875
-72.5028
-72.5166
-72.529
-72.5403
-72.5505
-72.5599
-72.5686
-72.5765
-72.5839
-72.5908
-72.5973
-72.6033
-72.609
-72.6144
-72.6195
-72.6243
-72.6289
-72.6333
-72.6375
-72.6416
-72.6454
-72.6491
-72.6527
-72.6561
-72.6594
-72.6626
-72.6656
-72.6686
-72.6714
-72.5348
-72.3161
-72.0431
-71.7326
-71.3961
-71.0417
-70.6757
-70.3026
-69.9259
-69.5484
-69.1722
-68.7988
-68.4295
-68.0653
-67.7069
-67.3549
-67.0097
-66.6717
-66.341
-66.0179
-65.7024
-65.3947
-65.0946
-64.8022
-64.5175
-64.2403
-63.9707
-63.7084
-63.4535
-63.2057
-62.9649
-62.7311
-62.504
-62.2836
-62.0697
-61.8621
-61.6608
-61.4655
-61.2761
-61.0925
-60.9146
-60.7422
-60.5752
-60.4134
-60.2567
-60.105
-59.9581
-59.816
-59.6785
-59.5456
-59.417
-59.2926
-59.1725
-59.0564
-58.9443
-58.836
-58.7315
-58.6307
-58.5335
-58.4397
-58.3494
-58.2624
-58.1786
-58.098
-58.0205
-57.946
-57.8744
-57.8057
-57.7399
-57.6767
-57.6163
-57.5584
-57.5032
-57.4504
-57.4
-57.3521
-57.3065
-57.2632
-57.2221
-57.1832
-57.1464
-57.1117
-57.0791
-57.0485
-57.0198
-56.9931
-56.9682
-56.9452
-56.924
-56.9046
-56.8869
-56.8709
-56.8566
-56.8439
-56.8328
-56.8233
-56.8153
-56.8088
-56.8038
-56.8002
-56.7981
-56.7973
-56.798
-56.7999
-56.8032
-56.8077
-56.8136
-56.8206
-56.8289
-56.8384
-56.849
-56.8608
-56.8736
-56.8876
-56.9027
-56.9188
-56.936
-56.9542
-56.9733
-56.9935
-57.0146
-57.0366
-57.0595
-57.0834
-57.1081
-57.1336
-57.16
-57.1872
-57.2153
-57.2441
-57.2736
-57.3039
-57.335
-57.3667
-57.3992
-57.4323
-57.4661
-57.5005
-57.5356
-57.5713
-57.6076
-57.6445
-57.6819
-57.7199
-57.7584
-57.7975
-57.8371
-57.8771
-57.9177
-57.9587
-58.0001
-58.042
-58.0844
-58.1271
-58.1702
-58.2137
-58.2576
-58.3018
-58.3464
-58.3913
-58.4366
-58.4821
-58.5279
-58.5741
-58.6205
-58.6671
-58.714
-58.7612
-58.8085
-58.8561
-58.9039
-58.9519
-59.0001
-59.0484
-59.0969
-59.1456
-59.1944
-59.2433
-59.2923
-59.3415
-59.3908
-59.4402
-59.4896
-59.5392
-59.5888
-59.6385
-59.6882
-59.738
-59.7878
-59.8377
-59.8876
-59.9374
-59.9873
-60.0372
-60.0871
-60.137
-60.1869
-60.2367
-60.2866
-60.3363
-60.386
-60.4357
-60.4853
-60.5349
-60.5844
-60.6338
-60.5635
-60.4194
-60.2239
-59.9904
-59.7285
-59.4452
-59.1458
-58.8346
-58.5147
-58.1889
-57.8592
-57.5273
-57.1945
-56.862
-56.5306
-56.2011
-55.874
-55.5499
-55.2292
-54.9122
-54.5991
-54.2901
-53.9854
-53.6851
-53.3892
-53.0978
-52.8109
-52.5285
-52.2505
-51.9769
-51.7076
-51.4424
-51.1813
-50.9242
-50.6709
-50.4212
-50.1749
-49.932
-49.6922
-49.4554
-49.2213
-48.9897
-48.7604
-48.5333
-48.308
-48.0844
-47.8622
-47.6412
-47.4212
-47.2019
-46.983
-46.7643
-46.5455
-46.3264
-46.1067
-45.886
-45.6641
-45.4407
-45.2155
-44.9881
-44.7582
-44.5254
-44.2894
-44.0497
-43.806
-43.5578
-43.3047
-43.0462
-42.7817
-42.5108
-42.2329
-41.9473
-41.6535
-41.3506
-41.038
-40.7149
-40.3804
-40.0337
-39.6736
-39.2992
-38.9093
-38.5027
-38.078
-37.6339
-37.1687
-36.6808
-36.1685
-35.6297
-35.0623
-34.4643
-33.833
-33.166
-32.4605
-31.7136
-30.9222
-30.0831
-29.1927
-28.2477
-27.2444
-26.1793
-25.0488
-23.8494
-22.5782
-21.2325
-19.8103
-18.3106
-16.7336
-15.0812
-13.3572
-11.5679
-9.72256
-7.83383
-5.91793
-3.99488
-2.08832
-0.224876
1.56685
3.25783
4.82036
6.23001
7.46725
8.51872
9.37769
10.0439
10.5228
10.8242
10.9614
10.9493
10.8035
10.5397
10.1726
9.71596
9.18198
8.58164
7.92454
7.21906
6.47246
5.69104
4.88024
4.04478
3.18879
2.31582
1.429
0.531066
-0.375583
-1.28884
-2.20685
-3.12798
-4.05079
-4.974
-5.89649
-6.81729
-7.73554
-8.65049
-9.56147
-10.4508
-11.324
-12.1832
-13.0297
-13.8639
-14.6864
-15.4974
-16.2971
-17.0859
-17.8639
-18.6313
-19.3883
-20.1352
-20.8721
-21.5994
-22.3173
-23.0261
-23.726
-24.4172
-25.1002
-25.7752
-26.4425
-27.1024
-27.7553
-28.4016
-29.0415
-29.6755
-30.3039
-30.9271
-31.5457
-32.1598
-32.7701
-33.3769
-33.9808
-34.5821
-35.1814
-35.7792
-36.3759
-36.9722
-37.5685
-38.1654
-38.7634
-39.3631
-39.9651
-40.5698
-41.1777
-41.7895
-42.4056
-43.0265
-43.6524
-44.2839
-44.9211
-45.5643
-46.2134
-46.8683
-47.5289
-48.1946
-48.8646
-49.5382
-50.214
-50.8905
-51.5658
-52.2378
-52.904
-53.5617
-54.2079
-54.8394
-55.4531
-56.0459
-56.6147
-57.1569
-57.6701
-58.1525
-58.6027
-59.0198
-59.4038
-59.7549
-60.0738
-60.3619
-60.6206
-60.8518
-61.0573
-61.2394
-61.4001
-61.5414
-61.6654
-61.7739
-61.8688
-61.9516
-62.0239
-62.087
-62.1421
-62.1904
-62.2327
-62.27
-62.3029
-62.3321
-62.3582
-62.3817
-62.403
-62.4224
-62.4404
-62.457
-62.4727
-62.4876
-62.5019
-62.5157
-62.5291
-62.5423
-62.5553
-62.5683
-62.5813
-62.5943
-62.6075
-62.6208
-62.6343
-62.648
-62.6619
-62.6761
-62.6905
-62.7052
-62.7203
-62.7356
-62.7512
-62.7671
-62.7834
-62.7999
-62.8168
-62.834
-62.8514
-62.8692
-62.8873
-62.9057
-62.9244
-62.9433
-62.9626
-62.9821
-63.0019
-63.022
-63.0423
-63.0629
-63.0838
-63.1049
-63.1262
-63.1477
-63.1695
-63.1915
-63.2137
-63.2362
-63.2588
-63.2816
-63.3046
-63.3278
-63.3512
-63.3747
-63.3985
-63.4223
-63.4464
-63.4706
-63.4949
-63.5194
-63.544
-63.5687
-63.5936
-63.6186
-63.6436
-63.6688
-63.6942
-63.7196
-63.6251
-63.461
-63.2514
-63.0105
-62.7481
-62.471
-62.1842
-61.8916
-61.596
-61.2996
-61.0042
-60.7109
-60.4209
-60.1349
-59.8536
-59.5773
-59.3065
-59.0414
-58.7822
-58.5292
-58.2822
-58.0416
-57.8071
-57.5789
-57.357
-57.1412
-56.9316
-56.7281
-56.5305
-56.3389
-56.153
-55.9728
-55.7983
-55.6292
-55.4655
-55.3071
-55.1538
-55.0056
-54.8623
-54.7239
-54.5901
-54.4609
-54.3362
-54.2159
-54.0999
-53.988
-53.8802
-53.7764
-53.6765
-53.5804
-53.4879
-53.3991
-53.3137
-53.2319
-53.1534
-53.0781
-53.0061
-52.9372
-52.8714
-52.8086
-52.6514
-52.4419
-52.1996
-51.9362
-51.6591
-51.3736
-51.0835
-50.7916
-50.4999
-50.2098
-49.9226
-49.6389
-49.3594
-49.0845
-48.8145
-48.5495
-48.2897
-48.0351
-47.7858
-47.5416
-47.3026
-47.0686
-46.8397
-46.6156
-46.3962
-46.1814
-45.9712
-45.7652
-45.5635
-45.3658
-45.172
-44.982
-44.7957
-44.6128
-44.4332
-44.2569
-44.0837
-43.9135
-43.7461
-43.5814
-43.4193
-43.2597
-43.1025
-42.9476
-42.7948
-42.6441
-42.4954
-42.3486
-42.2037
-42.0604
-41.9188
-41.7787
-41.6401
-41.503
-41.3672
-41.2327
-41.0994
-40.9672
-40.8362
-40.7062
-40.5772
-40.4491
-40.3218
-40.1954
-40.0697
-39.9448
-39.8205
-39.6968
-39.5736
-39.451
-39.3288
-39.2071
-39.0857
-38.9646
-38.8437
-38.7231
-38.6026
-38.4822
-38.3618
-38.2414
-38.121
-38.0004
-37.8796
-37.7585
-37.6371
-37.5152
-37.3929
-37.27
-37.1465
-37.0223
-36.8972
-36.7712
-36.6441
-36.516
-36.3865
-36.2558
-36.1235
-35.9896
-35.8539
-35.7163
-35.5766
-35.4347
-35.2902
-35.1432
-34.9932
-34.8402
-34.6838
-34.5239
-34.36
-34.1921
-34.0196
-33.8423
-33.6598
-33.4717
-33.2777
-33.0772
-32.8698
-32.6549
-32.4321
-32.2007
-31.9601
-31.7096
-31.4485
-31.1761
-30.8915
-30.5938
-30.2822
-29.9556
-29.6131
-29.2537
-28.8761
-28.4794
-28.0622
-27.6236
-27.1624
-26.6776
-26.168
-25.6331
-25.0719
-24.4843
-23.87
-23.2295
-22.5637
-21.8741
-21.163
-20.4333
-19.6892
-18.9356
-18.1782
-17.4241
-16.6808
-15.9564
-15.2596
-14.5989
-13.9828
-13.4189
-12.9141
-12.4741
-12.1032
-11.8044
-11.5792
-11.428
-11.3496
-11.3423
-11.403
-11.5284
-11.7146
-11.9573
-12.2523
-12.5951
-12.9816
-13.4074
-13.8688
-14.3619
-14.8832
-15.4296
-15.998
-16.5856
-17.19
-17.8088
-18.4401
-19.0818
-19.7323
-20.3901
-21.0538
-21.7221
-22.3941
-23.0686
-23.7449
-24.4223
-25.1
-25.7775
-26.4544
-27.1301
-27.8045
-28.4773
-29.1481
-29.817
-30.4838
-31.1485
-31.8111
-32.4717
-33.1303
-33.7871
-34.4423
-35.0961
-35.7487
-36.4005
-37.0517
-37.7026
-38.3537
-39.0054
-39.6579
-40.3119
-40.9677
-41.6257
-42.2865
-42.9505
-43.6181
-44.29
-44.9665
-45.6481
-46.3352
-47.0282
-47.7274
-48.4332
-49.1458
-49.8653
-50.5918
-51.3252
-52.0653
-52.8117
-53.5639
-54.321
-55.082
-55.8457
-56.6105
-57.3745
-58.1356
-58.8912
-59.6387
-60.375
-61.097
-61.8012
-62.4845
-63.1435
-63.7751
-64.3767
-64.9459
-65.4809
-65.9804
-66.4438
-66.871
-67.2625
-67.6194
-67.9431
-68.2353
-68.498
-68.7335
-68.9439
-69.1315
-69.2985
-69.4469
-69.5788
-69.696
-69.8002
-69.8928
-69.9754
-70.0491
-70.115
-70.174
-70.2272
-70.2751
-70.3185
-70.3579
-70.3938
-70.4268
-70.457
-70.485
-70.5109
-70.535
-70.5575
-70.5787
-70.5986
-70.6175
-70.6354
-70.6524
-70.6687
-70.6843
-70.6994
-70.7138
-70.7278
-70.7413
-70.7544
-70.7671
-70.7795
-70.7916
-70.8034
-70.815
-70.8262
-70.8373
-70.8481
-70.8587
-70.8692
-70.8794
-70.8895
-70.8993
-70.9091
-70.9186
-70.928
-70.9373
-70.9464
-70.9554
-70.9642
-70.9729
-70.9814
-70.9898
-70.9981
-71.0063
-71.0143
-71.0222
-71.03
-71.0376
-71.0452
-71.0526
-71.0598
-71.067
-71.074
-71.0809
-71.0877
-71.0944
-71.1009
-71.1074
-71.1137
-71.1198
-71.1259
-71.1319
-71.1377
-71.1434
-71.149
-71.1544
-71.1598
-71.165
-71.1701
-71.1751
-71.18
-71.1847
-71.1894
-71.1939
-71.1983
-71.2025
-71.2067
-71.2107
-71.2146
-71.2184
-71.2221
-71.2257
-71.2291
-71.2325
-71.2357
-71.2387
-71.2417
-71.2446
-71.2473
-71.2499
-71.2524
-71.2548
-71.2571
-71.2592
-71.2613
-71.2632
-71.265
-71.2667
-71.2682
-71.2697
-71.271
-71.2722
-71.2734
-71.2743
-71.2752
-71.276
-71.2766
-71.2772
-71.2776
-71.2779
-71.2781
-71.2782
-71.2781
-71.278
-71.2777
-71.2774
-71.2769
-71.2763
-71.2756
-71.2748
-71.2738
-71.2728
-71.2717
-71.2704
-71.269
-71.2676
-71.266
-71.2643
-71.2625
-71.2606
-71.2586
-71.2565
-71.2542
-71.2519
-71.2495
-71.2469
-71.2443
-71.2415
-71.2387
-71.2357
-71.2327
-71.2295
-71.2262
-71.2229
-71.2194
-71.2158
-71.2121
-71.2084
-71.2045
-71.2005
-71.1964
-71.1923
-71.188
-71.1836
-71.1791
-71.1746
-71.1699
-71.1652
-71.1603
-71.1554
-71.1503
-71.1452
-71.1399
-71.1346
-71.1292
-71.1237
-71.1181
-71.1124
-71.1066
-71.1007
-71.0947
-71.0886
-71.0825
-71.0763
-71.0699
-71.0635
-71.057
-71.0504
-71.0437
-71.037
-71.0301
-71.0232
-71.0161
-71.009
-71.0018
-70.9946
-70.9872
-70.9798
-70.9722
-70.9646
-70.9569
-70.9492
-70.9413
-70.9334
-70.9254
-70.9173
-70.9092
-70.9009
-70.8926
-70.8842
-70.8757
-70.8672
-70.8586
-70.8499
-70.8411
-70.8322
-70.8233
-70.8143
-70.8053
-70.7961
-70.7869
-70.7777
-70.7683
-70.7589
-70.7494
-70.7399
-70.7302
-70.7206
-70.7108
-70.701
-70.6911
-70.6811
-70.6711
-70.661
-70.6509
-70.6407
-70.6304
-70.62
-70.6096
-70.5992
-70.5887
-70.5781
-70.5674
-70.5567
-70.546
-70.5351
-70.5242
-70.5133
-70.5023
-70.4913
-70.4802
-70.469
-70.4578
-70.4465
-70.4352
-70.4238
-70.4124
-70.4009
-70.3893
-70.3777
-70.3661
-70.3544
-70.3427
-70.3309
-70.319
-70.3071
-70.2952
-70.2832
-70.2712
-70.2591
-70.247
-70.2348
-70.2226
-70.2103
-70.198
-70.1856
-70.1732
-70.1608
-70.1483
-70.1358
-70.1232
-70.1106
-70.098
-70.0853
-70.0726
-70.0598
-70.047
-70.0342
-70.0213
-70.0084
-69.9954
-69.9824
-69.9694
-69.9564
-69.9433
-69.9301
-69.917
-69.9038
-69.8905
-69.8773
-69.864
-69.8507

