-65
-64.9994
-64.9988
-64.9982
-64.9977
-64.9971
-64.9965
-64.996
-64.9954
-64.9949
-64.9943
-64.9938
-64.9932
-64.9927
-64.9922
-64.9917
-64.9912
-64.9906
-64.9901
-64.9896
-64.9891
-64.9886
-64.9881
-64.9876
-64.9872
-64.9867
-64.9862
-64.9857
-64.9852
-64.9848
-64.9843
-64.9838
-64.9834
-64.9829
-64.9825
-64.982
-64.9816
-64.9811
-64.9807
-64.9802
-64.9798
-64.9794
-64.9789
-64.9785
-64.9781
-64.9777
-64.9772
-64.9768
-64.9764
-64.976
-64.9756
-64.9752
-64.9748
-64.9744
-64.974
-64.9736
-64.9732
-64.9728
-64.9725
-64.9721
-64.9717
-64.9713
-64.971
-64.9706
-64.9702
-64.9699
-64.9695
-64.9692
-64.9688
-64.9685
-64.9681
-64.9678
-64.9675
-64.9671
-64.9668
-64.9665
-64.9661
-64.9658
-64.9655
-64.9652
-64.9649
-64.9646
-64.9642
-64.9639
-64.9636
-64.9633
-64.963
-64.9628
-64.9625
-64.9622
-64.9619
-64.9616
-64.9613
-64.9611
-64.9608
-64.9605
-64.9603
-64.96
-64.9598
-64.9595
-64.9592
-64.959
-64.9588
-64.9585
-64.9583
-64.958
-64.9578
-64.9576
-64.9573
-64.9571
-64.9569
-64.9567
-64.9565
-64.9562
-64.956
-64.9558
-64.9556
-64.9554
-64.9552
-64.955
-64.9548
-64.9546
-64.9545
-64.9543
-64.9541
-64.9539
-64.9537
-64.9536
-64.9534
-64.9532
-64.9531
-64.9529
-64.9527
-64.9526
-64.9524
-64.9523
-64.9521
-64.952
-64.9519
-64.9517
-64.9516
-64.9514
-64.9513
-64.9512
-64.9511
-64.9509
-64.9508
-64.9507
-64.9506
-64.9505
-64.9504
-64.9503
-64.9502
-64.95
-64.9499
-64.9499
-64.9498
-64.9497
-64.9496
-64.9495
-64.9494
-64.9493
-64.9492
-64.9492
-64.9491
-64.949
-64.9489
-64.9489
-64.9488
-64.9487
-64.9487
-64.9486
-64.9486
-64.9485
-64.9485
-64.9484
-64.9484
-64.9483
-64.9483
-64.9482
-64.9482
-64.9482
-64.9481
-64.9481
-64.9481
-64.948
-64.948
-64.948
-64.948
-64.948
-64.9479
-64.9479
-64.9479
-64.9479
-64.9479
-64.9479
-64.9479
-64.9479
-64.9479
-64.9479
-64.9479
-64.9479
-64.9479
-64.9479
-64.9479
-64.9479
-64.9479
-64.9479
-64.948
-64.948
-64.948
-64.948
-64.9481
-64.9481
-64.9481
-64.9481
-64.9482
-64.9482
-64.9482
-64.9483
-64.9483
-64.9483
-64.9484
-64.9484
-64.9485
-64.9485
-64.9486
-64.9486
-64.9487
-64.9487
-64.9488
-64.9488
-64.9489
-64.9489
-64.949
-64.9491
-64.9491
-64.9492
-64.9492
-64.9493
-64.9494
-64.9494
-64.9495
-64.9496
-64.9497
-64.9497
-64.9498
-64.9499
-64.95
-64.95
-64.9501
-64.9502
-64.9503
-64.9504
-64.9504
-64.9505
-64.9506
-64.9507
-64.9508
-64.9509
-64.951
-64.951
-64.9511
-64.9512
-64.9513
-64.9514
-64.9515
-64.9516
-64.9517
-64.9518
-64.9519
-64.952
-64.9521
-64.9522
-64.9523
-64.9524
-64.9525
-64.9526
-64.9527
-64.9528
-64.9529
-64.953
-64.9532
-64.9533
-64.9534
-64.9535
-64.9536
-64.9537
-64.9538
-64.9539
-64.954
-64.9542
-64.9543
-64.9544
-64.9545
-64.9546
-64.9547
-64.9548
-64.955
-64.9551
-64.9552
-64.9553
-64.9554
-64.9556
-64.9557
-64.9558
-64.9559
-64.956
-64.9562
-64.9563
-64.9564
-64.9565
-64.9566
-64.9568
-64.9569
-64.957
-64.9571
-64.9573
-64.9574
-64.9575
-64.9576
-64.9578
-64.9579
-64.958
-64.9581
-64.9583
-64.9584
-64.9585
-64.9587
-64.9588
-64.9589
-64.959
-64.9592
-64.9593
-64.9594
-64.9595
-64.9597
-64.9598
-64.9599
-64.96
-64.9602
-64.9603
-64.9604
-64.9606
-64.9607
-64.9608
-64.9609
-64.9611
-64.9612
-64.9613
-64.9614
-64.9616
-64.9617
-64.9618
-64.962
-64.9621
-64.9622
-64.9623
-64.9625
-64.9626
-64.9627
-64.9628
-64.963
-64.9631
-64.9632
-64.9633
-64.9635
-64.9636
-64.9637
-64.9638
-64.964
-64.9641
-64.9642
-64.9643
-64.9645
-64.9646
-64.9647
-64.9648
-64.9649
-64.9651
-64.9652
-64.9653
-64.9654
-64.9655
-64.9657
-64.9658
-64.9659
-64.966
-64.9661
-64.9663
-64.9664
-64.9665
-64.9666
-64.9667
-64.9668
-64.967
-64.9671
-64.9672
-64.9673
-64.9674
-64.9675
-64.9677
-64.9678
-64.9679
-64.968
-64.9681
-64.9682
-64.9683
-64.9684
-64.9685
-64.9687
-64.9688
-64.9689
-64.969
-64.9691
-64.9692
-64.9693
-64.9694
-64.9695
-64.9696
-64.9697
-64.9698
-64.9699
-64.97
-64.9701
-64.9702
-64.9703
-64.9704
-64.9705
-64.9706
-64.9707
-64.9708
-64.9709
-64.971
-64.9711
-64.9712
-64.9713
-64.8368
-64.6147
-64.3282
-63.9916
-63.6154
-63.2074
-62.7739
-62.3199
-61.8495
-61.366
-60.8722
-60.3702
-59.8619
-59.3487
-58.8318
-58.3123
-57.7909
-57.2683
-56.7448
-56.2209
-55.6967
-55.1724
-54.6478
-54.123
-53.5976
-53.0714
-52.5439
-52.0144
-51.4824
-50.9471
-50.4074
-49.8624
-49.3108
-48.7512
-48.1821
-47.6015
-47.0076
-46.398
-45.7703
-45.1214
-44.4482
-43.6612
-42.7916
-41.8521
-40.8474
-39.7783
-38.6423
-37.4348
-36.1487
-34.775
-33.3026
-31.7182
-30.0066
-28.1507
-26.1315
-23.9287
-21.5214
-18.8892
-16.0141
-12.8832
-9.492
-5.84922
-1.98099
2.065
6.21766
10.3841
14.4559
18.3192
21.8675
25.0141
27.7015
29.9057
31.6354
32.9254
33.828
34.4033
34.7111
34.8056
34.7325
34.5282
34.221
33.8319
33.3764
32.8661
32.3095
31.7129
31.0813
30.4186
29.7279
29.0119
28.2731
27.5134
26.7347
25.9388
25.1272
24.3014
23.4628
22.6128
21.7525
20.8831
20.0057
19.0949
18.1703
17.2398
16.3075
15.3756
14.4454
13.518
12.5939
11.6738
10.7583
9.84755
8.94206
8.04211
7.14795
6.25982
5.37792
4.50242
3.63349
2.77123
1.91576
1.06715
0.225483
-0.609207
-1.43688
-2.25752
-3.07111
-3.87767
-4.67722
-5.46977
-6.25536
-7.03405
-7.80587
-8.57089
-9.32918
-10.0808
-10.8258
-11.5643
-12.2965
-13.0222
-13.7418
-14.4552
-15.1626
-15.8642
-16.5599
-17.25
-17.9346
-18.6138
-19.2878
-19.9568
-20.6208
-21.2802
-21.935
-22.5856
-23.232
-23.8747
-24.5137
-25.1494
-25.7821
-26.412
-27.0395
-27.6649
-28.2887
-28.9112
-29.5327
-30.1538
-30.7749
-31.3965
-32.0192
-32.6433
-33.2695
-33.8984
-34.5304
-35.1663
-35.8067
-36.452
-37.103
-37.7601
-38.4239
-39.0949
-39.7735
-40.46
-41.0899
-41.6952
-42.2886
-42.8759
-43.4599
-44.0417
-44.6211
-45.1974
-45.7693
-46.3349
-46.8922
-47.4389
-47.9724
-48.4901
-48.9895
-49.4681
-49.9237
-50.3545
-50.7589
-51.1358
-51.4845
-51.805
-52.0974
-52.3624
-52.6008
-52.814
-53.0033
-53.1704
-53.3168
-53.4444
-53.5548
-53.6496
-53.7305
-53.7989
-53.8564
-53.9041
-53.9434
-53.9752
-54.0006
-54.0206
-54.0358
-54.047
-54.0549
-54.0599
-54.0627
-54.0636
-54.0631
-54.0614
-54.059
-54.0559
-54.0525
-54.049
-54.0455
-54.0422
-54.0392
-54.0367
-54.0346
-54.0332
-54.0324
-54.0324
-54.0332
-54.0347
-54.0372
-54.0405
-54.0447
-54.0499
-54.056
-54.063
-54.071
-54.08
-54.09
-54.1009
-54.1127
-54.1256
-54.1393
-54.154
-54.1697
-54.1863
-54.2038
-54.2222
-54.2415
-54.2617
-54.2827
-54.3047
-54.3274
-54.351
-54.3754
-54.4007
-54.4267
-54.4535
-54.4811
-54.5094
-54.5384
-54.5682
-54.5987
-54.6299
-54.6618
-54.6944
-54.7276
-54.7615
-54.796
-54.8311
-54.8668
-54.9031
-54.94
-54.9775
-55.0155
-55.0541
-55.0932
-55.1328
-55.1729
-55.2135
-55.2546
-55.2962
-55.3382
-55.3807
-55.4237
-55.467
-55.5108
-55.555
-55.5996
-55.6445
-55.6899
-55.7356
-55.7817
-55.8281
-55.8748
-55.9219
-55.9693
-56.0169
-56.0649
-56.1132
-56.1618
-56.2106
-56.2597
-56.309
-56.3586
-56.4084
-56.4584
-56.5087
-56.5592
-56.6098
-56.6607
-56.7118
-56.763
-56.8144
-56.866
-56.9177
-56.9696
-57.0216
-57.0737
-57.126
-57.1784
-57.2309
-57.2835
-57.3362
-57.3891
-57.442
-57.4949
-57.548
-57.6011
-57.6543
-57.7076
-57.7609
-57.8142
-57.8676
-57.921
-57.9745
-58.028
-58.0815
-58.135
-58.1885
-58.2421
-58.2956
-58.3491
-58.4026
-58.4561
-58.5096
-58.5631
-58.6165
-58.6699
-58.7233
-58.7766
-58.8299
-58.8831
-58.9363
-58.9894
-59.0425
-59.0955
-59.1484
-59.2013
-59.2541
-59.3068
-59.3594
-59.412
-59.4644
-59.5168
-59.5691
-59.6213
-59.6733
-59.7253
-59.7772
-59.829
-59.8806
-59.9322
-59.9836
-60.0349
-60.0861
-60.1372
-60.1881
-60.2389
-60.2896
-60.2259
-60.0948
-59.9189
-59.7116
-59.4819
-59.2363
-58.9797
-58.7156
-58.3374
-57.8946
-57.4117
-56.9036
-56.3806
-55.85
-55.3171
-54.786
-54.2596
-53.7401
-53.2291
-52.7278
-52.2369
-51.7571
-51.2887
-50.8318
-50.3866
-49.953
-49.5308
-49.1199
-48.72
-48.3308
-47.9521
-47.5834
-47.2244
-46.8748
-46.5341
-46.2019
-45.8779
-45.5616
-45.2527
-44.9506
-44.6551
-44.3658
-44.0822
-43.804
-43.5309
-43.2624
-42.9982
-42.7379
-42.4813
-42.2281
-41.9778
-41.7302
-41.4851
-41.2421
-41.0009
-40.7613
-40.523
-40.2857
-40.0493
-39.8134
-39.5778
-39.3423
-39.1066
-38.8706
-38.6339
-38.3964
-38.1579
-37.918
-37.6766
-37.4335
-37.1884
-36.941
-36.6913
-36.4388
-36.1834
-35.9247
-35.6627
-35.3968
-35.127
-34.8529
-34.5742
-34.2906
-34.0017
-33.7073
-33.4069
-33.1002
-32.7869
-32.4664
-32.1384
-31.8024
-31.4579
-31.1044
-30.7414
-30.3682
-29.9844
-29.5891
-29.1819
-28.7618
-28.3282
-27.8802
-27.4171
-26.9377
-26.4413
-25.9268
-25.3932
-24.8394
-24.2642
-23.6666
-23.0455
-22.3999
-21.7287
-21.0311
-20.3065
-19.5546
-18.7755
-17.9698
-17.1388
-16.2846
-15.4104
-14.5207
-13.621
-12.7187
-11.8221
-10.9412
-10.0869
-9.27072
-8.50427
-7.79875
-7.1643
-6.60946
-6.14079
-5.76264
-5.47707
-5.28402
-5.18154
-5.16611
-5.23303
-5.37678
-5.59133
-5.87048
-6.20803
-6.59796
-7.03456
-7.51247
-8.02676
-8.5729
-9.14679
-9.7447
-10.3633
-10.9996
-11.6509
-12.3147
-12.989
-13.6718
-14.3615
-15.0564
-15.7552
-16.4569
-17.1601
-17.8641
-18.5681
-19.2712
-19.9728
-20.6724
-21.3695
-22.0638
-22.7547
-23.4422
-24.1259
-24.8056
-25.4812
-26.1527
-26.8199
-27.4829
-28.1417
-28.7963
-29.4468
-30.0933
-30.736
-31.375
-32.0106
-32.6429
-33.2722
-33.8988
-34.523
-35.1451
-35.7654
-36.3842
-37.002
-37.6192
-38.2361
-38.8531
-39.4708
-40.0896
-40.7099
-41.3322
-41.9569
-42.5847
-43.2158
-43.8509
-44.4904
-45.1346
-45.7841
-46.4391
-47.1001
-47.7672
-48.4408
-49.1208
-49.8072
-50.5
-51.1988
-51.9031
-52.6122
-53.3251
-54.0408
-54.7576
-55.4738
-56.1873
-56.8957
-57.5963
-58.2862
-58.9623
-59.6213
-60.2601
-60.8755
-61.4645
-62.0248
-62.554
-63.0507
-63.5138
-63.9427
-64.3377
-64.6993
-65.0287
-65.3273
-65.5969
-65.8396
-66.0573
-66.2522
-66.4265
-66.5823
-66.7214
-66.8458
-66.9571
-67.057
-67.1467
-67.2275
-67.3007
-67.3671
-67.4276
-67.483
-67.534
-67.5812
-67.6249
-67.6658
-67.7041
-67.7403
-67.7745
-67.807
-67.8381
-67.8679
-67.8965
-67.9242
-67.951
-67.977
-68.0024
-68.0271
-68.0513
-68.075
-68.0983
-68.1212
-68.1437
-68.1659
-68.1878
-68.2094
-68.2308
-68.2519
-68.2729
-68.2936
-68.3141
-68.3344
-68.3546
-68.2457
-68.0618
-67.8292
-67.5633
-67.2745
-66.9702
-66.656
-66.336
-66.0132
-65.6899
-65.3681
-65.049
-64.7338
-64.4232
-64.1179
-63.8184
-63.525
-63.2379
-62.9574
-62.6836
-62.4166
-62.1564
-61.903
-61.6563
-61.4165
-61.1833
-60.9567
-60.7366
-60.5229
-60.3156
-60.1144
-59.9193
-59.7302
-59.5469
-59.3693
-59.1973
-59.0308
-58.8696
-58.7136
-58.5627
-58.4168
-58.2757
-58.1394
-58.0076
-57.8804
-57.7576
-57.639
-57.5246
-57.4143
-57.3079
-57.2054
-57.1067
-57.0117
-56.9202
-56.8323
-56.7478
-56.6666
-56.5887
-56.5139
-56.4423
-56.3737
-56.308
-56.2452
-56.1852
-56.128
-56.0735
-56.0216
-55.9723
-55.9254
-55.8811
-55.8391
-55.7995
-55.7622
-55.7271
-55.6942
-55.6635
-55.5312
-55.3415
-55.1151
-54.8643
-54.5972
-54.3197
-54.0358
-53.7488
-53.461
-53.1741
-52.8894
-52.6079
-52.3304
-52.0574
-51.7893
-51.5265
-51.2691
-51.0172
-50.771
-50.5305
-50.2958
-50.0666
-49.8432
-49.6252
-49.4128
-49.2057
-49.0039
-48.8073
-48.6157
-48.4291
-48.2472
-48.0701
-47.8974
-47.7292
-47.5653
-47.4056
-47.2499
-47.0982
-46.9503
-46.806
-46.6654
-46.5283
-46.3945
-46.264
-46.1367
-46.0126
-45.8914
-45.7732
-45.6578
-45.5452
-45.4353
-45.328
-45.2233
-45.1211
-45.0214
-44.9241
-44.8291
-44.7364
-44.646
-44.5578
-44.4718
-44.3879
-44.3061
-44.2264
-44.1487
-44.0731
-43.9994
-43.9278
-43.858
-43.7903
-43.7244
-43.6604
-43.5984
-43.5382
-43.4798
-43.4234
-43.3688
-43.3161
-43.2652
-43.2162
-43.169
-43.1236
-43.0801
-43.0385
-42.9987
-42.9608
-42.9248
-42.8906
-42.8584
-42.828
-42.7995
-42.7729
-42.7483
-42.7256
-42.7049
-42.6862
-42.6694
-42.6547
-42.6419
-42.6313
-42.6226
-42.6161
-42.6116
-42.6093
-42.6092
-42.6112
-42.6153
-42.6218
-42.6304
-42.6413
-42.6546
-42.6701
-42.688
-42.7083
-42.731
-42.7562
-42.7838
-42.8139
-42.8466
-42.8818
-42.9196
-42.9601
-43.0032
-43.0491
-43.0977
-43.149
-43.2032
-43.2603
-43.3202
-43.3831
-43.4489
-43.5177
-43.5896
-43.6646
-43.7427
-43.824
-43.9085
-43.9962
-44.0872
-44.1816
-44.2793
-44.3804
-44.4849
-44.5929
-44.7045
-44.8195
-44.9382
-45.0605
-45.1864
-45.3159
-45.4492
-45.5861
-45.7268
-45.8713
-46.0195
-46.1715
-46.3272
-46.4868
-46.6501
-46.8171
-46.988
-47.1625
-47.3407
-47.5226
-47.7081
-47.8972
-48.0898
-48.2859
-48.4853
-48.688
-48.8939
-49.103
-49.315
-49.5299
-49.7475
-49.9677
-50.1904
-50.4153
-50.6424
-50.8714
-51.1022
-51.3345
-51.5682
-51.803
-52.0388
-52.2753
-52.5122
-52.7494
-52.9866
-53.2236
-53.4601
-53.6959
-53.9308
-54.1645
-54.3968
-54.6275
-54.8564
-55.0832
-55.3078
-55.5299
-55.7495
-55.9662
-56.18
-56.3907
-56.5982
-56.8024
-57.003
-57.2002
-57.3937
-57.5835
-57.7696
-57.9518
-58.1303
-58.3049
-58.4756
-58.6425
-58.8055
-58.9648
-59.1202
-59.2719
-59.4199
-59.4497
-59.4073
-59.3144
-59.1844
-59.0263
-58.8467
-58.6507
-58.4421
-58.2241
-57.9989
-57.7687
-57.5348
-57.2987
-57.0613
-56.8236
-56.5863
-56.35
-56.1152
-55.8824
-55.652
-55.4242
-55.1995
-54.9779
-54.7598
-54.5453
-54.3344
-54.1274
-53.9243
-53.7252
-53.5301
-53.3392
-53.1523
-52.9696
-52.791
-52.6164
-52.446
-52.2797
-52.1173
-51.959
-51.8046
-51.6541
-51.5074
-51.3645
-51.2254
-51.0899
-50.9579
-50.8296
-50.7046
-50.5831
-50.4649
-50.35
-50.2383
-50.1297
-50.0241
-49.9216
-49.822
-49.7253
-49.6314
-49.5402
-49.4517
-49.3659
-49.2826
-49.2019
-49.1237
-49.0479
-48.9744
-48.9033
-48.8345
-48.7679
-48.7036
-48.6414
-48.5813
-48.5233
-48.4674
-48.4135
-48.3616
-48.3116
-48.2636
-48.2175
-48.1732
-48.1309
-48.0903
-48.0516
-48.0147
-47.9796
-47.9462
-47.9146
-47.8846
-47.8565
-47.83
-47.8052
-47.7821
-47.7606
-47.7408
-47.7227
-47.7063
-47.6914
-47.6783
-47.6667
-47.6568
-47.6485
-47.6419
-47.6369
-47.6335
-47.6318
-47.6317
-47.6332
-47.6364
-47.6412
-47.6477
-47.6559
-47.6657
-47.6772
-47.6903
-47.7052
-47.7218
-47.74
-47.76
-47.7817
-47.8052
-47.8304
-47.8574
-47.8862
-47.9167
-47.9491
-47.9833
-48.0193
-48.0572
-48.097
-48.1387
-48.1822
-48.2277
-48.1839
-48.0883
-47.9582
-47.8039
-47.632
-47.4472
-47.2529
-47.0516
-46.8452
-46.6352
-46.4225
-46.208
-45.9923
-45.7758
-45.559
-45.3419
-45.1249
-44.9081
-44.6914
-44.475
-44.2589
-44.043
-43.8273
-43.6117
-43.3961
-43.1804
-42.9645
-42.7483
-42.5315
-42.3141
-42.0958
-41.8765
-41.6559
-41.4338
-41.21
-40.9842
-40.7562
-40.5256
-40.2923
-40.0558
-39.8158
-39.572
-39.324
-39.0714
-38.8138
-38.5507
-38.2816
-38.0061
-37.7235
-37.4334
-37.1349
-36.8276
-36.5107
-36.1834
-35.8448
-35.4942
-35.1305
-34.7527
-34.3598
-33.9506
-33.5237
-33.0779
-32.6117
-32.1236
-31.612
-31.0751
-30.5111
-29.9181
-29.2942
-28.6372
-27.9453
-27.2162
-26.4481
-25.6392
-24.7879
-23.8931
-22.9539
-21.9704
-20.9435
-19.8751
-18.7686
-17.6289
-16.4626
-15.2784
-14.0869
-12.9002
-11.7323
-10.5981
-9.51298
-8.49189
-7.54881
-6.69595
-5.94316
-5.29763
-4.7637
-4.34293
-4.03438
-3.83495
-3.73984
-3.74298
-3.83747
-4.01595
-4.27091
-4.59493
-4.98086
-5.4219
-5.91175
-6.44455
-7.01497
-7.61815
-8.24969
-8.90564
-9.58243
-10.2769
-10.9862
-11.7077
-12.4393
-13.1788
-13.9245
-14.6748
-15.4282
-16.1836
-16.9398
-17.6959
-18.4509
-19.2042
-19.9551
-20.7031
-21.4477
-22.1885
-22.9251
-23.6574
-24.3851
-25.1081
-25.8263
-26.5396
-27.248
-27.9516
-28.6504
-29.3447
-30.0344
-30.7198
-31.4012
-32.0788
-32.7528
-33.4235
-34.0914
-34.7568
-35.42
-36.0815
-36.7417
-37.4011
-38.0601
-38.7194
-39.3793
-40.0404
-40.7033
-41.3684
-42.0365
-42.708
-43.3834
-44.0633
-44.7483
-45.4388
-46.1353
-46.8381
-47.5475
-48.264
-48.9875
-49.7181
-50.4556
-51.1999
-51.9503
-52.7061
-53.4664
-54.2298
-54.9949
-55.7596
-56.5217
-57.2788
-58.0278
-58.7657
-59.4892
-60.1949
-60.8791
-61.5387
-62.1705
-62.7716
-63.3398
-63.8733
-64.3709
-64.8319
-65.2565
-65.6452
-65.9991
-66.3198
-66.6092
-66.8691
-67.102
-67.3101
-67.4956
-67.6608
-67.8077
-67.8138
-67.7352
-67.5996
-67.4237
-67.2188
-66.9932
-66.753
-66.5027
-66.246
-65.9855
-65.7235
-65.4616
-65.2011
-64.9431
-64.6883
-64.4375
-64.191
-63.9493
-63.7126
-63.4812
-63.2552
-63.0348
-62.8198
-62.6105
-62.4068
-62.2087
-62.016
-61.8289
-61.6471
-61.4707
-61.2994
-61.1334
-60.9724
-60.8163
-60.665
-60.5186
-60.3767
-60.2394
-60.1065
-59.978
-59.8537
-59.7335
-59.6174
-59.5052
-59.3969
-59.2923
-59.1913
-59.094
-59.0001
-58.9096
-58.8225
-58.7386
-58.6578
-58.5802
-58.5055
-58.4338
-58.365
-58.2989
-58.2356
-58.175
-58.1169
-58.0615
-58.0084
-57.9579
-57.9097
-57.8638
-57.8201
-57.7787
-57.7395
-57.7023
-57.6672
-57.6342
-57.6031
-57.5739
-57.5466
-57.5212
-57.4975
-57.4756
-57.4555
-57.437
-57.4202
-57.405
-57.3913
-57.3792
-57.3686
-57.3595
-57.3518
-57.3456
-57.3407
-57.3372
-57.335
-57.334
-57.3344
-57.336
-57.3388
-57.3428
-57.348
-57.3543
-57.3617
-57.3702
-57.3797
-57.3903
-57.402
-57.4146
-57.4282
-57.4427
-57.4582
-57.4746
-57.4919
-57.5101
-57.5291
-57.4412
-57.2918
-57.1024
-56.8856
-56.65
-56.4017
-56.145
-55.8833
-55.6191
-55.3544
-55.0906
-54.8288
-54.5699
-54.3146
-54.0634
-53.8166
-53.5747
-53.3378
-53.1061
-52.8797
-52.6587
-52.4431
-52.233
-52.0283
-51.829
-51.635
-51.4464
-51.263
-51.0847
-50.9115
-50.7434
-50.5801
-50.4216
-50.2678
-50.1186
-49.9739
-49.8336
-49.6976
-49.5658
-49.4381
-49.3145
-49.1947
-49.0787
-48.9665
-48.8579
-48.7528
-48.6513
-48.5531
-48.4582
-48.3666
-48.2782
-48.1929
-48.1106
-48.0313
-47.9549
-47.8814
-47.8107
-47.7428
-47.6776
-47.6151
-47.5552
-47.4979
-47.4431
-47.3909
-47.3412
-47.2939
-47.249
-47.2066
-47.1665
-47.1287
-47.0933
-47.0602
-47.0294
-47.0009
-46.9746
-46.9505
-46.9287
-46.9091
-46.8917
-46.8765
-46.8635
-46.8527
-46.844
-46.8375
-46.8332
-46.831
-46.831
-46.8331
-46.8374
-46.8438
-46.8524
-46.8631
-46.8759
-46.8909
-46.9081
-46.9274
-46.9488
-46.9724
-46.9981
-47.026
-47.056
-47.0882
-47.1225
-47.159
-47.1976
-47.2384
-47.2813
-47.3264
-47.2863
-47.1981
-47.0787
-46.938
-46.7823
-46.616
-46.4422
-46.2632
-46.0807
-45.8959
-45.7099
-45.5233
-45.3366
-45.1504
-44.9649
-44.7804
-44.5971
-44.4151
-44.2346
-44.0556
-43.8782
-43.7024
-43.5283
-43.3558
-43.185
-43.0158
-42.8482
-42.6822
-42.5178
-42.3549
-42.1934
-42.0334
-41.8747
-41.7172
-41.5611
-41.406
-41.2521
-41.0992
-40.9473
-40.7962
-40.646
-40.4965
-40.3476
-40.1993
-40.0515
-39.9041
-39.757
-39.6102
-39.4635
-39.3168
-39.1701
-39.0233
-38.8762
-38.7288
-38.5809
-38.4325
-38.2834
-38.1335
-37.9827
-37.8308
-37.6778
-37.5234
-37.3675
-37.21
-37.0507
-36.8894
-36.726
-36.5602
-36.3918
-36.2207
-36.0465
-35.8691
-35.6882
-35.5035
-35.3146
-35.1214
-34.9234
-34.7202
-34.5116
-34.2971
-34.0762
-33.8484
-33.6134
-33.3704
-33.119
-32.8585
-32.5882
-32.3075
-32.0155
-31.7116
-31.3947
-31.064
-30.7185
-30.3572
-29.979
-29.5827
-29.1673
-28.7314
-28.2739
-27.7935
-27.289
-26.7592
-26.203
-25.6196
-25.0081
-24.368
-23.6994
-23.0024
-22.2781
-21.5281
-20.7548
-19.9614
-19.1525
-18.3333
-17.5104
-16.6913
-15.8844
-15.0987
-14.3437
-13.6287
-12.9627
-12.3542
-11.8104
-11.3373
-10.9392
-10.619
-10.378
-10.2161
-10.1318
-10.1226
-10.1852
-10.3155
-10.5091
-10.7613
-11.0674
-11.4227
-11.8223
-12.2621
-12.7376
-13.2451
-13.7808
-14.3413
-14.9236
-15.5248
-16.1423
-16.7737
-17.4169
-18.0701
-18.7315
-19.3995
-20.0727
-20.75
-21.4302
-22.1124
-22.7956
-23.4792
-24.1625
-24.8449
-25.526
-26.2053
-26.8826
-27.5575
-28.2299
-28.8996
-29.5665
-30.2306
-30.8919
-31.5504
-32.2063
-32.8596
-33.5105
-34.1593
-34.8061
-35.4513
-36.0951
-36.7378
-37.3799
-38.0217
-38.6636
-39.3059
-39.9493
-40.5941
-41.2407
-41.8897
-42.5416
-43.1969
-43.8559
-44.5193
-45.1875
-45.8608
-46.5399
-47.2249
-47.9163
-48.6142
-49.3189
-50.0304
-50.7486
-51.4734
-52.2044
-52.9411
-53.6826
-54.4279
-55.1758
-55.9248
-56.6728
-57.4178
-58.1572
-58.8884
-59.6082
-60.3137
-61.0014
-61.6681
-62.3107
-62.9262
-63.5119
-64.0658
-64.5861
-65.0717
-65.5221
-65.9373
-66.3179
-66.665
-66.9799
-67.2645
-67.5207
-67.7507
-67.9565
-68.1404
-68.3045
-68.4507
-68.5811
-68.6973
-68.801
-68.8937
-68.9766
-69.051
-69.1179
-69.1782
-69.2328
-69.2824
-69.3277
-69.3691
-69.4071
-69.4423
-69.4748
-69.5052
-69.5335
-69.5602
-69.5853
-69.6091
-69.6317
-69.6533
-69.6739
-69.6938
-69.7129
-69.7313
-69.7492
-69.7665
-69.7834
-69.7998
-69.8158
-69.8315
-69.8469
-69.8619
-69.8767
-69.8912
-69.9055
-69.9196
-69.9334
-69.9471
-69.9605
-69.9738
-69.9869
-69.9999
-70.0127
-70.0253
-70.0378
-70.0501
-70.0623
-70.0744
-70.0863
-70.0981
-70.1097
-70.1212
-70.1326
-70.1439
-70.1551
-70.1661
-70.177
-70.1878
-70.1984
-70.209
-70.2194
-70.2297
-70.2398
-70.2499
-70.2598
-70.2696
-70.2793
-70.2889
-70.2983
-70.3077
-70.3169
-70.326
-70.3349
-70.3438
-70.3525
-70.3611
-70.3696
-70.378
-70.3863
-70.3944
-70.4024
-70.4103
-70.4181
-70.4257
-70.4333
-70.4407
-70.448
-70.4551
-70.4622
-70.4691
-70.4759
-70.4826
-70.4892
-70.4957
-70.502
-70.5082
-70.5143
-70.5203
-70.5261
-70.5318
-70.5375
-70.5429
-70.5483
-70.5536
-70.5587
-70.5637
-70.5686
-70.5734
-70.578
-70.5826
-70.587
-70.5913
-70.5955
-70.5995
-70.6035
-70.6073
-70.611
-70.6146
-70.618
-70.6214
-70.6246
-70.6277
-70.6307
-70.6336
-70.6364
-70.639
-70.6416
-70.644
-70.6463
-70.6485
-70.6506
-70.6525
-70.6544
-70.6561
-70.6577
-70.6592
-70.6606
-70.6619
-70.663
-70.6641
-70.665
-70.6659
-70.6666
-70.6672
-70.6677
-70.6681
-70.6683
-70.6685
-70.6686
-70.6685
-70.6683
-70.6681
-70.5255
-70.2937
-69.9988
-69.6568
-69.2793
-68.8748
-68.4501
-68.0104
-67.56
-67.1022
-66.6399
-66.1752
-65.7101
-65.246
-64.7843
-64.3259
-63.8718
-63.4226
-62.979
-62.5415
-62.1106
-61.6865
-61.2695
-60.8599
-60.4579
-60.0636
-59.6771
-59.2985
-58.9277
-58.5649
-58.2099
-57.8628
-57.5234
-57.1918
-56.8678
-56.5512
-56.2421
-55.9401
-55.6453
-55.3574
-55.0763
-54.8017
-54.5336
-54.2717
-54.0159
-53.7659
-53.5216
-53.2827
-53.0491
-52.8206
-52.5969
-52.3779
-52.1633
-51.9529
-51.7467
-51.5442
-51.3454
-51.1501
-50.958
-50.7689
-50.5828
-50.3993
-50.2182
-50.0395
-49.8629
-49.6882
-49.5152
-49.3438
-49.1738
-49.0049
-48.8371
-48.6701
-48.5037
-48.3378
-48.1722
-48.0067
-47.8411
-47.6752
-47.5089
-47.3418
-47.1739
-47.005
-46.8347
-46.6629
-46.4895
-46.314
-46.1363
-45.9562
-45.7734
-45.5875
-45.3984
-45.2057
-45.009
-44.8082
-44.6026
-44.3921
-44.1762
-43.9545
-43.7264
-43.4916
-43.2495
-42.9995
-42.741
-42.4733
-42.1959
-41.9078
-41.6084
-41.2967
-40.9718
-40.6327
-40.2783
-39.9073
-39.5185
-39.1105
-38.6818
-38.2307
-37.7554
-37.2541
-36.7246
-36.1648
-35.5721
-34.9439
-34.2775
-33.5699
-32.8178
-32.0177
-31.1662
-30.2594
-29.2934
-28.2642
-27.1677
-25.9999
-24.757
-23.4353
-22.0319
-20.5443
-18.9712
-17.3125
-15.5699
-13.7471
-11.8503
-9.88872
-7.87503
-5.82542
-3.75983
-1.70188
0.321729
2.28201
4.149
5.89334
7.48813
8.91064
10.1438
11.1769
12.0062
12.634
13.0684
13.321
13.4067
13.3417
13.1423
12.8248
12.4044
11.8949
11.3088
10.6571
9.94933
9.19397
8.39823
7.56838
6.70984
5.8273
4.92485
4.00604
3.07397
2.13136
1.18057
0.223705
-0.737394
-1.70111
-2.66601
-3.63085
-4.59452
-5.55604
-6.51458
-7.46939
-8.41983
-9.36535
-10.3055
-11.2398
-12.168
-13.0898
-14.0049
-14.9132
-15.8146
-16.7089
-17.5962
-18.4763
-19.3494
-20.2154
-21.0745
-21.9268
-22.7724
-23.6115
-24.4443
-25.2711
-26.0921
-26.9075
-27.7179
-28.5234
-29.3246
-30.1217
-30.9154
-31.706
-32.4941
-33.2803
-34.0652
-34.8493
-35.6334
-36.4181
-37.2043
-37.9925
-38.7836
-39.5784
-40.3777
-41.1823
-41.993
-42.8107
-43.6362
-44.4702
-45.3134
-46.1666
-47.0303
-47.9049
-48.7908
-49.6882
-50.5971
-51.5171
-52.4477
-53.388
-54.3368
-55.2924
-56.2527
-57.2151
-58.1766
-59.1335
-60.0819
-61.0173
-61.9351
-62.8302
-63.6977
-64.5327
-65.3306
-66.0873
-66.7994
-67.4643
-68.0803
-68.6465
-69.1631
-69.6311
-70.0522
-70.4287
-70.7636
-71.0598
-71.3207
-71.5495
-71.7497
-71.9243
-72.0762
-72.2081
-72.3227
-72.422
-72.5081
-72.5827
-72.6474
-72.7036
-72.7524
-72.7949
-72.8319
-72.8642
-72.8924
-72.9171
-72.9388
-72.958
-72.9748
-72.9898
-73.003
-73.0148
-73.0254
-73.0348
-73.0432
-73.0509
-73.0577
-73.064
-73.0696
-73.0747
-73.0794
-73.0837
-73.0876
-73.0912
-73.0945
-73.0975
-73.1003
-73.1029
-73.1052
-73.1074
-73.1094
-73.1112
-73.1128
-73.1143
-73.1157
-73.117
-73.1181
-73.119
-73.1199
-73.1207
-73.1213
-73.1218
-73.1222
-73.1225
-73.1228
-73.1229
-73.1229
-73.1228
-73.1226
-73.1223
-73.1219
-73.1214
-73.1208
-73.1201
-73.1194
-73.1185
-73.1175
-73.1165
-73.1153
-73.114
-73.1127
-73.1113
-73.1097
-73.1081
-73.1064
-73.1045
-73.1026
-73.1006
-73.0985
-73.0963
-73.094
-73.0916
-73.0891
-73.0865
-73.0838
-73.0811
-73.0782
-73.0752
-73.0722
-73.069
-73.0657
-73.0624
-73.0589
-73.0554
-73.0518
-73.048
-73.0442
-73.0402
-73.0362
-73.0321
-73.0279
-73.0235
-73.0191
-73.0146
-73.01
-73.0053
-73.0005
-72.9956
-72.9906
-72.9855
-72.9803
-72.9751
-72.9697
-72.9642
-72.9586
-72.953
-72.9472
-72.9413
-72.9354
-72.9293
-72.9232
-72.917
-72.9106
-72.9042
-72.8977
-72.891
-72.8843
-72.8775
-72.8706
-72.8636
-72.8565
-72.8493
-72.8421
-72.8347
-72.8272
-72.8197
-72.812
-72.8043
-72.7965
-72.7885
-72.7805
-72.7724
-72.7642
-72.7559
-72.7475
-72.7391
-72.7305
-72.7218
-72.7131
-72.7043
-72.6954
-72.6863
-72.6772
-72.6681
-72.6588
-72.6494
-72.64
-72.6305
-72.6208
-72.6111
-72.6013
-72.5915
-72.5815
-72.5714
-72.5613
-72.5511
-72.5408
-72.5304
-72.5199
-72.5094
-72.4988
-72.4881
-72.4773
-72.4664
-72.4554
-72.4444
-72.4333
-72.4221
-72.4108
-72.3994
-72.388
-72.3765
-72.3649
-72.3532
-72.3415
-72.3297
-72.3178
-72.3058
-72.2938
-72.2816
-72.2694
-72.2572
-72.2448
-72.2324
-72.2199
-72.2074
-72.1947
-72.182
-72.1693
-72.1564
-72.1435
-72.1305
-72.1175
-72.1043
-72.0912
-72.0779
-72.0646
-72.0512
-72.0377
-72.0242
-72.0106
-71.997
-71.9833
-71.9695
-71.9556
-71.9417
-71.9278
-71.9137
-71.8997
-71.8855
-71.8713
-71.857
-71.8427
-71.8283
-71.8139
-71.7994
-71.7848
-71.7702
-71.7555
-71.7408
-71.726
-71.7111
-71.6962
-71.6813
-71.6663
-71.6512
-71.6361
-71.621
-71.6057
-71.5905
-71.5752
-71.5598
-71.5444
-71.5289
-71.5134
-71.4979
-71.4823
-71.4666
-71.4509
-71.4352
-71.4194
-71.4036
-71.3877
-71.3718
-71.3558
-71.3398
-71.3237
-71.3076
-71.2915
-71.2753
-71.2591
-71.2429
-71.2266
-71.2102
-71.1939
-71.1775
-71.161
-71.1445
-71.128
-71.1115
-71.0949
-71.0783
-71.0616
-71.0449
-71.0282
-71.0114
-70.9946
-70.9778
-70.961
-70.9441
-70.9272
-70.9102
-70.8933
-70.8763
-70.8592
-70.8422
-70.8251
-70.808
-70.7909
-70.7737
-70.7565
-70.7393
-70.7221
-70.7048
-70.6875
-70.6702
-70.6529
-70.6355
-70.6182
-70.6008
-70.5834
-70.5659
-70.5485
-70.531
-70.5135
-70.496
-70.4785
-70.4609
-70.4434
-70.4258
-70.4082
-70.3906
-70.373
-70.3553
-70.3377
-70.32
-70.3023
-70.2846
-70.2669
-70.2492
-70.2315
-70.2138
-70.196
-70.1783
-70.1605
-70.1427
-70.1249
-70.1071
-70.0893
-70.0715
-70.0537
-70.0359
-70.018
-70.0002
-69.9824
-69.9645
-69.9467
-69.9288
-69.911
-69.8931
-69.8752
-69.8574
-69.8395
-69.8216
-69.8038
-69.7859
-69.768
-69.7501
-69.7323
-69.7144
-69.6965
-69.6786
-69.6608
-69.6429
-69.625
-69.6072
-69.5893
-69.5715
-69.5536
-69.5358
-69.5179
-69.5001
-69.4823
-69.4644
-69.4466
-69.4288
-69.411
-69.3932
-69.3754
-69.3576
-69.3398
-69.3221
-69.3043
-69.2866
-69.2688
-69.2511
-69.2334
-69.2157
-69.198
-69.1803
-69.1626
-69.1449
-69.1273
-69.1096
-69.092
-69.0744
-69.0568
-69.0392
-69.0216
-69.004
-68.9865
-68.969
-68.9515
-68.934
-68.9165
-68.899
-68.8815
-68.8641
-68.8467
-68.8293
-68.8119
-68.7945
-68.7772
-68.7599
-68.7425
-68.7252
-68.708
-68.6907
-68.6735
-68.6562
-68.639
-68.6219
-68.6047
-68.5876
-68.5705
-68.5534
-68.5363
-68.5192
-68.5022
-68.4852
-68.4682
-68.4512
-68.4343
-68.4174
-68.4005
-68.3836
-68.3668
-68.35
-68.3332
-68.3164
-68.2996
-68.2829
-68.2662
-68.2495
-68.2329
-68.2163
-68.1997
-68.1831
-68.1665
-68.15
-68.1335
-68.117
-68.1006
-68.0842
-68.0678
-68.0514
-67.8943
-67.6458
-67.3303
-66.9629
-66.5547
-66.114
-65.6474
-65.1603
-64.657
-64.1411
-63.6155
-63.0826
-62.5444
-62.0025
-61.4584
-60.9131
-60.3677
-59.8229
-59.2795
-58.7378
-58.1984
-57.6616
-57.1276
-56.5966
-56.0686
-55.5436
-55.0215
-54.5022
-53.9854
-53.4707
-52.9579
-52.4463
-51.9354
-51.4245
-50.9128
-50.3996
-49.8837
-49.3642
-48.8397
-48.3089
-47.7703
-47.2222
-46.6626
-46.0896
-45.5007
-44.8935
-44.2648
-43.6116
-42.9302
-42.2164
-41.4658
-40.673
-39.8323
-38.937
-37.9796
-36.9516
-35.8432
-34.6436
-33.3403
-31.9194
-30.3654
-28.6609
-26.787
-24.7237
-22.4498
-19.9448
-17.1896
-14.1694
-10.8766
-7.31522
-3.50491
0.514137
4.6785
8.90151
13.0775
17.0906
20.8268
24.1876
27.1008
29.5279
31.4647
32.9367
33.9908
34.6851
35.0804
35.2337
35.1947
35.0038
34.6931
34.2869
33.8037
33.2569
32.6569
32.0112
31.3257
30.6051
29.8531
29.0316
28.1703
27.2824
26.375
25.4521
24.5169
23.5715
22.6178
21.6574
20.6915
19.7214
18.7483
17.7732
16.7971
15.8207
14.845
13.8707
12.8984
11.9288
10.9625
9.99998
9.04169
8.08807
7.1395
6.19633
5.25886
4.32736
3.40205
2.48316
1.57084
0.665248
-0.233493
-1.12528
-2.01004
-2.88772
-3.75826
-4.62165
-5.47787
-6.32692
-7.16884
-8.00364
-8.83136
-9.65206
-10.4658
-11.2726
-12.0726
-12.8659
-13.6526
-14.4327
-15.2063
-15.9737
-16.7349
-17.49
-18.2393
-18.9828
-19.7207
-20.4532
-21.1805
-21.9029
-22.6204
-23.3334
-24.0422
-24.7469
-25.4479
-26.1454
-26.8399
-27.5317
-28.2211
-28.9086
-29.5947
-30.2797
-30.9641
-31.6486
-32.3336
-33.0197
-33.7075
-34.3977
-35.091
-35.788
-36.4894
-37.196
-37.9086
-38.6278
-39.3544
-40.0891
-40.8326
-41.5856
-42.3485
-43.1219
-43.9061
-44.7012
-45.5071
-46.3236
-47.1499
-47.9851
-48.8277
-49.6759
-50.5273
-51.3791
-52.2278
-53.0697
-53.9005
-54.7156
-55.5103
-56.2799
-57.0199
-57.7261
-58.3949
-59.0232
-59.6091
-60.151
-60.6487
-61.1026
-61.5136
-61.8837
-62.2149
-62.51
-62.7718
-63.0031
-63.207
-63.3863
-63.5437
-63.6819
-63.8032
-63.9098
-64.0035
-64.0863
-64.1595
-64.2246
-64.2827
-64.3348
-64.3818
-64.4245
-64.4635
-64.4994
-64.5327
-64.5638
-64.593
-64.6207
-64.647
-64.6722
-64.6965
-64.7201
-64.743
-64.7654
-64.7875
-64.8091
-64.8305
-64.8517
-64.8727
-64.8937
-64.9145
-64.9353
-64.956
-64.9768
-64.9975
-65.0183
-65.0391
-65.0599
-65.0808
-65.1018
-65.1228
-65.1439
-65.1651
-65.1863
-65.2076
-65.229
-65.2504
-65.272
-65.2936
-65.3152
-65.3369
-65.3587
-65.3806
-65.4025
-65.4245
-65.4465
-65.4686
-65.4907
-65.5129
-65.5352
-65.5574
-65.5797
-65.6021
-65.6245
-65.6469
-65.6693
-65.6918
-65.7143
-65.7368
-65.7593
-65.7818
-65.8043
-65.8269
-65.8494
-65.872
-65.8945
-65.9171
-65.9396
-65.9621
-65.9847
-66.0072
-66.0296
-66.0521
-66.0745
-66.097
-66.1193
-66.1417
-66.164
-66.1863
-66.2086
-66.2308
-66.253
-66.2751
-66.2972
-66.3193
-66.3413
-66.3632
-66.3851
-66.4069
-66.4287
-66.4504
-66.4721
-66.4937
-66.5153
-66.5367
-66.5581
-66.5795
-66.6008
-66.622
-66.6431
-66.6641
-66.6851
-66.706
-66.7268
-66.7476
-66.7682
-66.7888
-66.8093
-66.8297
-66.8501
-66.8703
-66.8904
-66.9105
-66.9305
-66.9503
-66.9701
-66.9898
-67.0094
-67.0289
-67.0483
-67.0676
-67.0868
-67.1059
-67.125
-67.1439
-67.1627
-67.1814
-67.2
-67.2185
-67.2369
-67.2551
-67.2733
-67.2914
-67.3094
-67.3272
-67.345
-67.3626
-67.3801
-67.3976
-67.4149
-67.4321
-67.4492
-67.4661
-67.483
-67.4997
-67.5164
-67.5329
-67.5493
-67.5656
-67.5818
-67.5978
-67.6138
-67.6296
-67.6453
-67.6609
-67.6764
-67.6917
-67.707
-67.7221
-67.7371
-67.752
-67.7668
-67.7814
-67.7959
-67.8103
-67.8246
-67.8388
-67.8529
-67.8668
-67.8806
-67.8943
-67.9079
-67.9213
-67.9347
-67.8128
-67.6072
-67.3432
-67.0362
-66.697
-66.3339
-65.9529
-65.5591
-65.1563
-64.7475
-64.3353
-63.9217
-63.5082
-63.0963
-62.6869
-62.2811
-61.8795
-61.4828
-61.0915
-60.7059
-60.3265
-59.9535
-59.5871
-59.2275
-58.8748
-58.5291
-58.1905
-57.859
-57.5346
-57.2173
-56.907
-56.6037
-56.3073
-56.0178
-55.7349
-55.4586
-55.1888
-54.9254
-54.6681
-54.4169
-54.1716
-53.9319
-53.6979
-53.4693
-53.2459
-53.0275
-52.814
-52.6053
-52.4011
-52.2012
-52.0055
-51.8139
-51.6261
-51.442
-51.2614
-51.0841
-50.91
-50.739
-50.5708
-50.4053
-50.2423
-50.0817
-49.9234
-49.7672
-49.6129
-49.4604
-49.3095
-49.1602
-49.0122
-48.8655
-48.7199
-48.5752
-48.4314
-48.2882
-48.1456
-48.0033
-47.8614
-47.7196
-47.5777
-47.4357
-47.2934
-47.1507
-47.0074
-46.8633
-46.7183
-46.5722
-46.4249
-46.2761
-46.1258
-45.9736
-45.8195
-45.6632
-45.5045
-45.3432
-45.179
-45.0117
-44.841
-44.6667
-44.4884
-44.3059
-44.1187
-43.9266
-43.7292
-43.526
-43.3167
-43.1008
-42.8777
-42.647
-42.4081
-42.1603
-41.9031
-41.6357
-41.3573
-41.0671
-40.7642
-40.4477
-40.1165
-39.7694
-39.4053
-39.0227
-38.6204
-38.1966
-37.7497
-37.2779
-36.7791
-36.2512
-35.6919
-35.0986
-34.4686
-33.799
-33.0865
-32.328
-31.5197
-30.6579
-29.7388
-28.7581
-27.7117
-26.5955
-25.4052
-24.137
-22.7873
-21.3534
-19.7972
-18.1399
-16.3935
-14.5678
-12.6734
-10.7226
-8.73061
-6.71557
-4.69928
-2.70681
-0.765879
1.09419
2.84404
4.45614
5.90662
7.17694
8.25499
9.13547
9.81961
10.3143
10.6307
10.783
10.7872
10.6595
10.416
10.0719
9.64091
9.13543
8.56641
7.94339
7.27464
6.5673
5.82753
5.06064
4.2712
3.46317
2.63998
1.80463
0.9597
0.107471
-0.750073
-1.61119
-2.47436
-3.33823
-4.20164
-5.06356
-5.92308
-6.77943
-7.63192
-8.47995
-9.32301
-10.1607
-10.9925
-11.8183
-12.6378
-13.4506
-14.2568
-15.056
-15.8483
-16.6335
-17.4117
-18.1828
-18.9469
-19.7039
-20.454
-21.1972
-21.9337
-22.6635
-23.3869
-24.104
-24.815
-25.52
-26.2194
-26.9133
-27.602
-28.2859
-28.9652
-29.6402
-30.3114
-30.979
-31.6435
-32.3052
-32.9647
-33.6223
-34.2785
-34.934
-35.589
-36.2443
-36.9003
-37.5577
-38.217
-38.8788
-39.5437
-40.2124
-40.8854
-41.5633
-42.2467
-42.9362
-43.6322
-44.3353
-45.0457
-45.7637
-46.4896
-47.2233
-47.9647
-48.7133
-49.4686
-50.2297
-50.9953
-51.7639
-52.5335
-53.302
-54.0665
-54.8241
-55.5714
-56.3048
-57.0206
-57.715
-58.3843
-59.0251
-59.6342
-60.2093
-60.7482
-61.2497
-61.7131
-62.1386
-62.5267
-62.8787
-63.1962
-63.4814
-63.7363
-63.9635
-64.1654
-64.3444
-64.5029
-64.6431
-64.7672
-64.877
-64.9744
-65.0609
-65.138
-65.2068
-65.2686
-65.3243
-65.3748
-65.4207
-65.4628
-65.5015
-65.5374
-65.5709
-65.6023
-65.6319
-65.6601
-65.6869
-65.7127
-65.7375
-65.7615
-65.7849
-65.8077
-65.8301
-65.852
-65.8737
-65.895
-65.9161
-65.937
-65.9578
-65.9784
-65.9989
-66.0193
-66.0397
-66.06
-66.0803
-66.1006
-66.1208
-66.141
-66.1612
-66.1814
-66.2017
-66.2219
-66.2421
-66.2623
-66.2826
-66.3028
-66.3231
-66.3434
-66.3636
-66.3839
-66.4042
-66.4245
-66.4448
-66.4651
-66.4854
-66.5057
-66.526
-66.5463
-66.5666
-66.5869
-66.6071
-66.6274
-66.6476
-66.6678
-66.688
-66.7082
-66.7284
-66.7485
-66.7686
-66.7886
-66.8087
-66.8287
-66.8486
-66.8686
-66.8884
-66.9083
-66.9281
-66.9478
-66.9675
-66.9872
-67.0067
-67.0263
-67.0458
-67.0652
-67.0846
-67.1039
-67.1231
-67.1423
-67.1614
-67.1805
-67.1995
-67.2184
-67.2372
-67.256
-67.2747
-67.2933
-67.3118
-67.3303
-67.3487
-67.367
-67.3852
-67.4033
-67.4214
-67.4394
-67.4572
-67.475
-67.4927
-67.5103
-67.5279
-67.5453
-67.5626
-67.5799
-67.597
-67.6141
-67.6311
-67.6479
-67.6647
-67.6814
-67.6979
-67.7144
-67.7308
-67.747
-67.7632
-67.7792
-67.7952
-67.811
-67.8268
-67.8424
-67.858
-67.8734
-67.7554
-67.5559
-67.3004
-67.0043
-66.6785
-66.3309
-65.9676
-65.5934
-65.2118
-64.826
-64.4381
-64.0501
-63.6635
-63.2794
-62.8989
-62.5227
-62.1516
-61.786
-61.4264
-61.073
-60.7263
-60.3864
-60.0534
-59.7276
-59.4089
-59.0974
-58.7932
-58.4962
-58.2064
-57.9238
-57.6483
-57.3799
-57.1184
-56.8638
-56.6159
-56.3747
-56.14
-55.9117
-55.6896
-55.4737
-55.2638
-55.0598
-54.8615
-54.6687
-54.4814
-54.2994
-54.1226
-53.9508
-53.7839
-53.6217
-53.4642
-53.3112
-53.1626
-53.0181
-52.8779
-52.7416
-52.6092
-52.4806
-52.3557
-52.2344
-52.1165
-52.002
-51.8908
-51.7827
-51.6778
-51.5759
-51.4769
-51.3808
-51.2874
-51.1968
-51.1088
-51.0234
-50.9405
-50.8601
-50.7821
-50.7064
-50.6331
-50.5619
-50.493
-50.4263
-50.3617
-50.2991
-50.2386
-50.1802
-50.1237
-50.0691
-50.0165
-49.9658
-49.9169
-49.8699
-49.8247
-49.7814
-49.7398
-49.7
-49.6619
-49.6256
-49.5911
-49.5583
-49.5271
-49.4977
-49.47
-49.444
-49.4196
-49.397
-49.376
-49.3567
-49.3391
-49.3232
-49.3089
-49.2964
-49.2855
-49.2763
-49.2688
-49.263
-49.2589
-49.2565
-49.2558
-49.2569
-49.2596
-49.2642
-49.2705
-49.2785
-49.2884
-49.3
-49.3135
-49.3287
-49.3458
-49.3648
-49.3856
-49.4083
-49.4328
-49.4593
-49.4877
-49.518
-49.5503
-49.5845
-49.6208
-49.659
-49.6992
-49.7415
-49.7858
-49.8321
-49.8806
-49.9311
-49.9837
-50.0385
-50.0954
-50.1545
-50.2156
-50.279
-50.3445
-50.4122
-50.4821
-50.5543
-50.6286
-50.7051
-50.7839
-50.8649
-50.948
-51.0334
-51.121
-51.2108
-51.3028
-51.397
-51.4934
-51.5919
-51.6926
-51.7954
-51.9003
-52.0072
-52.1163
-52.2273
-52.3403
-52.4553
-52.5722
-52.691
-52.8116
-52.934
-53.0582
-53.184
-53.3114
-53.4404
-53.5709
-53.7028
-53.8361
-53.9707
-54.1066
-54.2435
-54.3816
-54.5207
-54.6606
-54.8015
-54.943
-55.0853
-55.2281
-55.3714
-55.5151
-55.6591
-55.8034
-55.9477
-56.0922
-56.2366
-56.3809
-56.5249
-56.6687
-56.8121
-56.9551
-57.0975
-57.2392
-57.3803
-57.5207
-57.6602
-57.7988
-57.9364
-58.073
-58.2086
-58.3429
-58.4761
-58.6081
-58.7387
-58.8681
-58.996
-59.1226
-59.2477
-59.3713
-59.4935
-59.6141
-59.7332
-59.8508
-59.9667
-60.0811
-60.1939
-60.3052
-60.4148
-60.5228
-60.6292
-60.734
-60.8372
-60.9388
-61.0388
-61.1373
-61.2342
-61.3295
-61.4234
-61.5157
-61.6065
-61.6958
-61.7836
-61.87
-61.9549
-62.0385
-62.1206
-62.2014
-62.2808
-62.3589
-62.4357
-62.5112
-62.5854
-62.6584
-62.7302
-62.8008
-62.8702
-62.9384
-63.0055
-63.0715
-63.1364
-63.2002
-63.263
-63.3248
-63.3855
-63.4453
-63.5041
-63.5619
-63.6189
-63.6749
-63.73
-63.7843
-63.8376
-63.8902
-63.9419
-63.9929
-64.043
-64.0924
-64.141
-64.1889
-64.2361
-64.2825
-64.3283
-64.3733
-64.4177
-64.4615
-64.5046
-64.5471
-64.589
-64.6302
-64.6709
-64.711
-64.7505
-64.7895
-64.8279
-64.8658
-64.9032
-64.94
-64.9763
-65.0122
-65.0475
-65.0824
-65.1168
-65.1508
-65.1842
-65.2173
-65.2499
-65.2821
-65.3138
-65.3451
-65.3761
-65.4066
-65.4367
-65.4664
-65.4958
-65.5248
-65.5534
-65.5816
-65.6095
-65.637
-65.6642
-65.6911
-65.7176
-65.7437
-65.7696
-65.7951
-65.8203
-65.8452
-65.8697
-65.894
-65.918
-65.9417
-65.965
-65.9881
-66.0109
-66.0334
-66.0557
-66.0777
-66.0994
-66.1208
-66.142
-66.1629
-66.1835
-66.2039
-66.224
-66.2439
-66.2636
-66.283
-66.3021
-66.321
-66.3397
-66.3582
-66.3764
-66.3944
-66.4122
-66.4297
-66.3119
-66.108
-65.842
-65.529
-65.1796
-64.8018
-64.4021
-63.9853
-63.5557
-63.1165
-62.6702
-62.2192
-61.7652
-61.3097
-60.854
-60.3991
-59.9459
-59.495
-59.0473
-58.6031
-58.1628
-57.7269
-57.2956
-56.8691
-56.4476
-56.0313
-55.6202
-55.2143
-54.8136
-54.4181
-54.0278
-53.6424
-53.2619
-52.886
-52.5146
-52.1475
-51.7842
-51.4246
-51.0684
-50.7151
-50.3644
-50.0158
-49.669
-49.3235
-48.9787
-48.6341
-48.2892
-47.9434
-47.596
-47.2463
-46.8937
-46.5373
-46.1764
-45.8101
-45.4375
-45.0575
-44.6692
-44.2712
-43.8626
-43.4418
-43.0075
-42.558
-42.0917
-41.6068
-41.1011
-40.5725
-40.0185
-39.4364
-38.8233
-38.1759
-37.4906
-36.7635
-35.9902
-35.1659
-34.2854
-33.3427
-32.3317
-31.2454
-30.0763
-28.8164
-27.4573
-25.9902
-24.406
-22.6959
-20.8515
-18.8657
-16.7329
-14.4507
-12.0206
-9.44941
-6.75102
-3.94758
-1.07058
1.83875
4.7302
7.54679
10.2285
12.717
14.9615
16.9228
18.5771
19.9166
20.9479
21.6894
22.1674
22.4122
22.4549
22.3254
22.0506
21.6542
21.1563
20.5737
19.9203
19.2075
18.4447
17.6397
16.799
15.9281
15.0315
14.1133
13.1768
12.2251
11.2607
10.2861
9.30339
8.31434
7.32065
6.32383
5.32523
4.32605
3.32739
2.33021
1.33539
0.343694
-0.644181
-1.62763
-2.6061
-3.57914
-4.54633
-5.50732
-6.4618
-7.40951
-8.35025
-9.28384
-10.2101
-11.129
-12.0405
-12.9444
-13.8408
-14.7296
-15.611
-16.4849
-17.3514
-18.2107
-19.0627
-19.9078
-20.7459
-21.5773
-22.4023
-23.2209
-24.0334
-24.8402
-25.6414
-26.4375
-27.2286
-28.0153
-28.7978
-29.5767
-30.3523
-31.1251
-31.8957
-32.6646
-33.4323
-34.1995
-34.9668
-35.7349
-36.5045
-37.2762
-38.051
-38.8295
-39.6126
-40.401
-41.1956
-41.9972
-42.8067
-43.6247
-44.4521
-45.2896
-46.1378
-46.9973
-47.8683
-48.7513
-49.6462
-50.5528
-51.4707
-52.3992
-53.337
-54.2825
-55.2338
-56.1882
-57.1427
-58.0936
-59.0369
-59.968
-60.8819
-61.7735
-62.6376
-63.4689
-64.2627
-65.0146
-65.7211
-66.3794
-66.9878
-67.5455
-68.0528
-68.5107
-68.9213
-69.2871
-69.6111
-69.8966
-70.1471
-70.366
-70.5569
-70.7228
-70.8667
-70.9916
-71.0997
-71.1934
-71.2747
-71.3453
-71.4066
-71.4601
-71.5068
-71.5477
-71.5836
-71.6154
-71.6435
-71.6686
-71.691
-71.7111
-71.7293
-71.7458
-71.7609
-71.7747
-71.7875
-71.7993
-71.8104
-71.8207
-71.8304
-71.8396
-71.8484
-71.8567
-71.8647
-71.8723
-71.8797
-71.8868
-71.8936
-71.9003
-71.9067
-71.913
-71.9191
-71.9251
-71.9309
-71.9366
-71.9422
-71.9476
-71.953
-71.9582
-71.9633
-71.9684
-71.9733
-71.9781
-71.9829
-71.8495
-71.6348
-71.3662
-71.0604
-70.7286
-70.3791
-70.0178
-69.6495
-69.2775
-68.9046
-68.5328
-68.1637
-67.7987
-67.4386
-67.0842
-66.736
-66.3946
-66.0603
-65.7332
-65.4135
-65.1014
-64.797
-64.5001
-64.2109
-63.9293
-63.6551
-63.3885
-63.1291
-62.877
-62.632
-62.3941
-62.163
-61.9386
-61.7208
-61.5095
-61.3045
-61.1057
-60.913
-60.7261
-60.545
-60.3695
-60.1995
-60.0349
-59.8754
-59.7211
-59.5717
-59.4272
-59.2874
-59.1521
-59.0214
-58.895
-58.7729
-58.6549
-58.541
-58.431
-58.3249
-58.2225
-58.1238
-58.0287
-57.937
-57.8487
-57.7637
-57.682
-57.6034
-57.5279
-57.3475
-57.1079
-56.8305
-56.5284
-56.2101
-55.8817
-55.5476
-55.2112
-54.875
-54.5408
-54.21
-53.8836
-53.5624
-53.247
-52.9378
-52.6351
-52.339
-52.0496
-51.767
-51.4913
-51.2222
-50.9599
-50.7041
-50.4548
-50.2118
-49.975
-49.7442
-49.5192
-49.2999
-49.0862
-48.8777
-48.6745
-48.4762
-48.2827
-48.0939
-47.9095
-47.7295
-47.5535
-47.3816
-47.2135
-47.0492
-46.8883
-46.7309
-46.5768
-46.4258
-46.2778
-46.1328
-45.9905
-45.851
-45.714
-45.5795
-45.4474
-45.3177
-45.1901
-45.0647
-44.9414
-44.82
-44.7006
-44.5831
-44.4673
-44.3532
-44.2409
-44.1301
-44.021
-43.9133
-43.8072
-43.7024
-43.5991
-43.4971
-43.3964
-43.297
-43.1988
-43.1019
-43.0061
-42.9115
-42.818
-42.7256
-42.6342
-42.544
-42.4547
-42.3665
-42.2792
-42.1929
-42.1075
-42.023
-41.9395
-41.8568
-41.775
-41.6941
-41.614
-41.5347
-41.4562
-41.3786
-41.3016
-41.2255
-41.1501
-41.0754
-41.0015
-40.9282
-40.8557
-40.7838
-40.7126
-40.642
-40.5721
-40.5028
-40.434
-40.3659
-40.2983
-40.2313
-40.1647
-40.0987
-40.0332
-39.9682
-39.9036
-39.8394
-39.7756
-39.7121
-39.6491
-39.5863
-39.5238
-39.4615
-39.3995
-39.3376
-39.2759
-39.2143
-39.1527
-39.0911
-39.0294
-38.9677
-38.9058
-38.8437
-38.7812
-38.7185
-38.6553
-38.5916
-38.5273
-38.4623
-38.3965
-38.3299
-38.2623
-38.1935
-38.1236
-38.0523
-37.9795
-37.905
-37.8287
-37.7505
-37.6701
-37.5873
-37.502
-37.4138
-37.3227
-37.2282
-37.1302
-37.0284
-36.9224
-36.8119
-36.6965
-36.5759
-36.4497
-36.3173
-36.1785
-36.0325
-35.8789
-35.7172
-35.5467
-35.3667
-35.1765
-34.9753
-34.7625
-34.537
-34.298
-34.0444
-33.7753
-33.4895
-33.1859
-32.8632
-32.5201
-32.1553
-31.7675
-31.3551
-30.9167
-30.451
-29.9565
-29.4318
-28.8757
-28.2873
-27.6656
-27.0101
-26.3207
-25.5979
-24.8426
-24.0566
-23.2425
-22.4038
-21.545
-20.6718
-19.7909
-18.9099
-18.0374
-17.1825
-16.3548
-15.564
-14.8192
-14.1292
-13.5016
-12.9429
-12.4583
-12.0512
-11.7238
-11.4767
-11.3093
-11.2198
-11.2056
-11.2632
-11.3886
-11.5776
-11.8256
-12.128
-12.4803
-12.878
-13.3169
-13.7928
-14.3019
-14.8408
-15.4059
-15.9944
-16.6032
-17.23
-17.8723
-18.5279
-19.195
-19.8718
-20.5567
-21.2483
-21.9454
-22.6467
-23.3514
-24.0586
-24.7674
-25.4773
-26.1876
-26.8979
-27.6078
-28.3169
-29.0251
-29.7322
-30.438
-31.1425
-31.8458
-32.5478
-33.2487
-33.9486
-34.6479
-35.3466
-36.0451
-36.7438
-37.4429
-38.143
-38.8444
-39.5476
-40.2531
-40.9614
-41.673
-42.3883
-43.1081
-43.8328
-44.5629
-45.2989
-46.0415
-46.7909
-47.5476
-48.3121
-49.0845
-49.8651
-50.6539
-51.4509
-52.2559
-53.0686
-53.8883
-54.7142
-55.5453
-56.3802
-57.2173
-58.0546
-58.8897
-59.7202
-60.5429
-61.3547
-62.1522
-62.9316
-63.6893
-64.4217
-65.1252
-65.7966
-66.4332
-67.0327
-67.5934
-68.1143
-68.5951
-69.036
-69.4379
-69.8023
-70.1309
-70.4259
-70.6897
-70.9247
-71.1333
-71.3182
-71.4816
-71.6258
-71.7529
-71.8648
-71.9634
-72.0502
-72.1266
-72.194
-72.2534
-72.3059
-72.3523
-72.3933
-72.4298
-72.4622
-72.4911
-72.5169
-72.5399
-72.5606
-72.5793
-72.596
-72.6112
-72.625
-72.6375
-72.6489
-72.6593
-72.6689
-72.5385
-72.3257
-72.0583
-71.7531
-71.4217
-71.0723
-70.711
-70.3426
-69.9704
-69.5973
-69.2254
-68.8562
-68.491
-68.1309
-67.7765
-67.4284
-67.0871
-66.753
-66.4261
-66.1067
-65.7949
-65.4908
-65.1943
-64.9055
-64.6243
-64.3506
-64.0843
-63.8254
-63.5737
-63.3292
-63.0917
-62.861
-62.637
-62.4197
-62.2087
-62.0041
-61.6899
-61.3157
-60.9054
-60.4732
-60.0284
-59.5776
-59.1258
-58.6764
-58.2321
-57.7947
-57.3655
-56.9457
-56.5359
-56.1365
-55.7478
-55.3701
-55.0032
-54.6474
-54.3023
-53.9679
-53.644
-53.3305
-53.027
-52.7333
-52.4492
-52.1744
-51.9086
-51.6516
-51.4031
-51.1627
-50.9303
-50.7055
-50.4882
-50.2779
-50.0746
-49.8779
-49.6876
-49.5035
-49.3254
-49.153
-48.9862
-48.8247
-48.6684
-48.5171
-48.3706
-48.2287
-48.0914
-47.9584
-47.8296
-47.7049
-47.5841
-47.4672
-47.3541
-47.2445
-47.1385
-47.0359
-46.9366
-46.8406
-46.7478
-46.6581

