-65
-64.9994
-64.9988
-64.9982
-64.9977
-64.9971
-64.9965
-64.996
-64.9954
-64.9949
-64.9943
-64.9938
-64.9932
-64.9927
-64.9922
-64.9917
-64.9912
-64.9906
-64.9901
-64.9896
-64.9891
-64.9886
-64.9881
-64.9876
-64.9872
-64.9867
-64.9862
-64.9857
-64.9852
-64.9848
-64.9843
-64.9838
-64.9834
-64.9829
-64.9825
-64.982
-64.9816
-64.9811
-64.9807
-64.9802
-64.9798
-64.9794
-64.9789
-64.9785
-64.9781
-64.9777
-64.9772
-64.9768
-64.9764
-64.976
-64.9756
-64.9752
-64.9748
-64.9744
-64.974
-64.9736
-64.9732
-64.9728
-64.9725
-64.9721
-64.9717
-64.9713
-64.971
-64.9706
-64.9702
-64.9699
-64.9695
-64.9692
-64.9688
-64.9685
-64.9681
-64.9678
-64.9675
-64.9671
-64.9668
-64.9665
-64.9661
-64.9658
-64.9655
-64.9652
-64.9649
-64.9646
-64.9642
-64.9639
-64.9636
-64.9633
-64.963
-64.9628
-64.9625
-64.9622
-64.9619
-64.9616
-64.9613
-64.9611
-64.9608
-64.9605
-64.9603
-64.96
-64.9598
-64.9595
-64.9592
-64.959
-64.9588
-64.9585
-64.9583
-64.958
-64.9578
-64.9576
-64.9573
-64.9571
-64.9569
-64.9567
-64.9565
-64.9562
-64.956
-64.9558
-64.9556
-64.9554
-64.9552
-64.955
-64.9548
-64.9546
-64.9545
-64.9543
-64.9541
-64.9539
-64.9537
-64.9536
-64.9534
-64.9532
-64.9531
-64.9529
-64.9527
-64.9526
-64.9524
-64.9523
-64.9521
-64.952
-64.9519
-64.9517
-64.9516
-64.9514
-64.9513
-64.9512
-64.9511
-64.9509
-64.9508
-64.9507
-64.9506
-64.9505
-64.9504
-64.9503
-64.9502
-64.95
-64.9499
-64.9499
-64.9498
-64.9497
-64.9496
-64.9495
-64.9494
-64.9493
-64.9492
-64.9492
-64.9491
-64.949
-64.9489
-64.9489
-64.9488
-64.9487
-64.9487
-64.9486
-64.9486
-64.9485
-64.9485
-64.9484
-64.9484
-64.9483
-64.9483
-64.9482
-64.9482
-64.9482
-64.9481
-64.9481
-64.9481
-64.948
-64.948
-64.948
-64.948
-64.948
-64.9479
-64.9479
-64.9479
-64.9479
-64.9479
-64.9479
-64.9479
-64.9479
-64.9479
-64.9479
-64.9479
-64.9479
-64.9479
-64.9479
-64.9479
-64.9479
-64.9479
-64.9479
-64.948
-64.948
-64.948
-64.948
-64.9481
-64.9481
-64.9481
-64.9481
-64.9482
-64.9482
-64.9482
-64.9483
-64.9483
-64.9483
-64.9484
-64.9484
-64.9485
-64.9485
-64.9486
-64.9486
-64.9487
-64.9487
-64.9488
-64.9488
-64.9489
-64.9489
-64.949
-64.9491
-64.9491
-64.9492
-64.9492
-64.9493
-64.9494
-64.9494
-64.9495
-64.9496
-64.9497
-64.9497
-64.9498
-64.9499
-64.95
-64.95
-64.9501
-64.9502
-64.9503
-64.9504
-64.9504
-64.9505
-64.9506
-64.9507
-64.9508
-64.9509
-64.951
-64.951
-64.9511
-64.9512
-64.9513
-64.9514
-64.9515
-64.9516
-64.9517
-64.9518
-64.9519
-64.952
-64.9521
-64.9522
-64.9523
-64.9524
-64.9525
-64.9526
-64.9527
-64.9528
-64.9529
-64.953
-64.9532
-64.9533
-64.9534
-64.9535
-64.9536
-64.9537
-64.9538
-64.9539
-64.954
-64.9542
-64.9543
-64.9544
-64.9545
-64.9546
-64.9547
-64.9548
-64.955
-64.9551
-64.9552
-64.9553
-64.9554
-64.9556
-64.9557
-64.9558
-64.9559
-64.956
-64.9562
-64.9563
-64.9564
-64.9565
-64.9566
-64.9568
-64.9569
-64.957
-64.9571
-64.9573
-64.9574
-64.9575
-64.9576
-64.9578
-64.9579
-64.958
-64.9581
-64.9583
-64.9584
-64.9585
-64.9587
-64.9588
-64.9589
-64.959
-64.9592
-64.9593
-64.9594
-64.9595
-64.9597
-64.9598
-64.9599
-64.96
-64.9602
-64.9603
-64.9604
-64.9606
-64.9607
-64.9608
-64.9609
-64.9611
-64.9612
-64.9613
-64.9614
-64.9616
-64.9617
-64.9618
-64.962
-64.9621
-64.9622
-64.9623
-64.9625
-64.9626
-64.9627
-64.9628
-64.963
-64.9631
-64.9632
-64.9633
-64.9635
-64.9636
-64.9637
-64.9638
-64.964
-64.9641
-64.9642
-64.9643
-64.9645
-64.9646
-64.9647
-64.9648
-64.9649
-64.9651
-64.9652
-64.9653
-64.9654
-64.9655
-64.9657
-64.9658
-64.9659
-64.966
-64.9661
-64.9663
-64.9664
-64.9665
-64.9666
-64.9667
-64.9668
-64.967
-64.9671
-64.9672
-64.9673
-64.9674
-64.9675
-64.9677
-64.9678
-64.9679
-64.968
-64.9681
-64.9682
-64.9683
-64.9684
-64.9685
-64.9687
-64.9688
-64.9689
-64.969
-64.9691
-64.9692
-64.9693
-64.9694
-64.9695
-64.9696
-64.9697
-64.9698
-64.9699
-64.97
-64.9701
-64.9702
-64.9703
-64.9704
-64.9705
-64.9706
-64.9707
-64.9708
-64.9709
-64.971
-64.9711
-64.9712
-64.9713
-64.9714
-64.9715
-64.9716
-64.9717
-64.9718
-64.9719
-64.972
-64.9721
-64.9722
-64.9722
-64.9723
-64.9724
-64.9725
-64.9726
-64.9727
-64.9728
-64.9729
-64.9729
-64.973
-64.9731
-64.9732
-64.9733
-64.9734
-64.9734
-64.9735
-64.9736
-64.9737
-64.9738
-64.9738
-64.9739
-64.974
-64.9741
-64.9741
-64.9742
-64.9743
-64.9744
-64.9744
-64.9745
-64.9746
-64.9747
-64.9747
-64.9748
-64.9749
-64.9749
-64.975
-64.9751
-64.9751
-64.9752
-64.9753
-64.9753
-64.9754
-64.9755
-64.9755
-64.9756
-64.9757
-64.9757
-64.9758
-64.9758
-64.9759
-64.976
-64.976
-64.9761
-64.9761
-64.9762
-64.9762
-64.9763
-64.9764
-64.9764
-64.9765
-64.9765
-64.9766
-64.9766
-64.9767
-64.9767
-64.9768
-64.9768
-64.9769
-64.9769
-64.977
-64.977
-64.9771
-64.9771
-64.9771
-64.9772
-64.9772
-64.9773
-64.9773
-64.9774
-64.9774
-64.9774
-64.9775
-64.9775
-64.9776
-64.9776
-64.9776
-64.9777
-64.9777
-64.9778
-64.9778
-64.9778
-64.9779
-64.9779
-64.9779
-64.978
-64.978
-64.978
-64.9781
-64.9781
-64.9781
-64.9781
-64.9782
-64.9782
-64.9782
-64.9783
-64.9783
-64.9783
-64.9783
-64.9784
-64.9784
-64.9784
-64.9784
-64.9785
-64.9785
-64.9785
-64.9785
-64.9785
-64.9786
-64.9786
-64.9786
-64.9786
-64.9786
-64.9787
-64.9787
-64.9787
-64.9787
-64.9787
-64.9787
-64.9787
-64.9788
-64.9788
-64.9788
-64.9788
-64.9788
-64.9788
-64.9788
-64.9789
-64.9789
-64.9789
-64.9789
-64.9789
-64.9789
-64.9789
-64.9789
-64.9789
-64.9789
-64.9789
-64.9789
-64.9789
-64.979
-64.979
-64.979
-64.979
-64.979
-64.979
-64.979
-64.979
-64.979
-64.979
-64.979
-64.979
-64.979
-64.979
-64.979
-64.979
-64.979
-64.979
-64.979
-64.979
-64.979
-64.979
-64.979
-64.979
-64.979
-64.979
-64.979
-64.9789
-64.9789
-64.9789
-64.9789
-64.9789
-64.9789
-64.9789
-64.9789
-64.9789
-64.9789
-64.9789
-64.9789
-64.9789
-64.9789
-64.9788
-64.9788
-64.9788
-64.9788
-64.9788
-64.9788
-64.9788
-64.9788
-64.9788
-64.9787
-64.9787
-64.9787
-64.9787
-64.9787
-64.9787
-64.9787
-64.9787
-64.9786
-64.9786
-64.9786
-64.9786
-64.9786
-64.9786
-64.9786
-64.9785
-64.9785
-64.9785
-64.9785
-64.9785
-64.9785
-64.9784
-64.9784
-64.9784
-64.9784
-64.9784
-64.9783
-64.9783
-64.9783
-64.9783
-64.9783
-64.9783
-64.9782
-64.9782
-64.9782
-64.9782
-64.9782
-64.9781
-64.9781
-64.9781
-64.9781
-64.9781
-64.978
-64.978
-64.978
-64.978
-64.9779
-64.9779
-64.9779
-64.9779
-64.9779
-64.9778
-64.9778
-64.9778
-64.9778
-64.9778
-64.9777
-64.9777
-64.9777
-64.9777
-64.9776
-64.9776
-64.9776
-64.9776
-64.9775
-64.9775
-64.9775
-64.9775
-64.9774
-64.9774
-64.9774
-64.9774
-64.9774
-64.9773
-64.9773
-64.9773
-64.9773
-64.9772
-64.9772
-64.9772
-64.9772
-64.9771
-64.9771
-64.9771
-64.9771
-64.977
-64.977
-64.977
-64.977
-64.9769
-64.9769
-64.9769
-64.9769
-64.9768
-64.9768
-64.9768
-64.9768
-64.9767
-64.9767
-64.9767
-64.9767
-64.9766
-64.9766
-64.9766
-64.9766
-64.9765
-64.9765
-64.9765
-64.9765
-64.9764
-64.9764
-64.9764
-64.9764
-64.9763
-64.9763
-64.9763
-64.9763
-64.9762
-64.9762
-64.9762
-64.9762
-64.9761
-64.9761
-64.9761
-64.9761
-64.976
-64.976
-64.976
-64.976
-64.9759
-64.9759
-64.9759
-64.9759
-64.9758
-64.9758
-64.9758
-64.9758
-64.9757
-64.9757
-64.9757
-64.9757
-64.9756
-64.9756
-64.9756
-64.9756
-64.9755
-64.9755
-64.9755
-64.9755
-64.9754
-64.9754
-64.9754
-64.9754
-64.9753
-64.9753
-64.9753
-64.9753
-64.9753
-64.9752
-64.9752
-64.9752
-64.9752
-64.9751
-64.9751
-64.9751
-64.9751
-64.975
-64.975
-64.975
-64.975
-64.975
-64.9749
-64.9749
-64.9749
-64.9749
-64.9748
-64.9748
-64.9748
-64.9748
-64.9748
-64.9747
-64.9747
-64.9747
-64.9747
-64.9747
-64.9746
-64.9746
-64.9746
-64.9746
-64.9746
-64.9745
-64.9745
-64.9745
-64.9745
-64.9745
-64.9744
-64.9744
-64.9744
-64.9744
-64.9744
-64.9743
-64.9743
-64.9743
-64.9743
-64.9743
-64.9742
-64.9742
-64.9742
-64.9742
-64.9742
-64.9742
-64.9741
-64.9741
-64.9741
-64.9741
-64.9741
-64.9741
-64.974
-64.974
-64.974
-64.974
-64.974
-64.974
-64.9739
-64.9739
-64.9739
-64.9739
-64.9739
-64.9739
-64.9738
-64.9738
-64.9738
-64.9738
-64.9738
-64.9738
-64.9737
-64.9737
-64.9737
-64.9737
-64.9737
-64.9737
-64.9737
-64.9736
-64.9736
-64.9736
-64.9736
-64.9736
-64.9736
-64.9736
-64.9736
-64.9735
-64.9735
-64.9735
-64.9735
-64.9735
-64.9735
-64.9735
-64.9735
-64.9734
-64.9734
-64.9734
-64.9734
-64.9734
-64.9734
-64.9734
-64.9734
-64.9733
-64.9733
-64.9733
-64.9733
-64.9733
-64.9733
-64.9733
-64.9733
-64.9733
-64.9733
-64.9732
-64.9732
-64.9732
-64.9732
-64.9732
-64.9732
-64.9732
-64.9732
-64.9732
-64.9732
-64.9732
-64.9731
-64.9731
-64.9731
-64.9731
-64.9731
-64.9731
-64.9731
-64.9731
-64.9731
-64.9731
-64.9731
-64.9731
-64.9731
-64.973
-64.973
-64.973
-64.973
-64.973
-64.973
-64.973
-64.973
-64.973
-64.973
-64.973
-64.973
-64.973
-64.973
-64.973
-64.973
-64.973
-64.9729
-64.9729
-64.9729
-64.9729
-64.9729
-64.9729
-64.9729
-64.9729
-64.9729
-64.9729
-64.9729
-64.9729
-64.9729
-64.9729
-64.9729
-64.9729
-64.9729
-64.9729
-64.9729
-64.9729
-64.9729
-64.9729
-64.9729
-64.9729
-64.9729
-64.9729
-64.9728
-64.9728
-64.9728
-64.9728
-64.9728
-64.9728
-64.9728
-64.9728
-64.9728
-64.9728
-64.9728
-64.9728
-64.9728
-64.9728
-64.9728
-64.9728
-64.9728
-64.9728
-64.9728
-64.9728
-64.9728
-64.9728
-64.9728
-64.9728
-64.9728
-64.9728
-64.9728
-64.9728
-64.9728
-64.9728
-64.9728
-64.9728
-64.9728
-64.9728
-64.9728
-64.9728
-64.9728
-64.9728
-64.9728
-64.9728
-64.9728
-64.9728
-64.9728
-64.9728
-64.9728
-64.9728
-64.9728
-64.9728
-64.9728
-64.9728
-64.9728
-64.9728
-64.9728
-64.9728
-64.9728
-64.9728
-64.9728
-64.9728
-64.9728
-64.9729
-64.9729
-64.9729
-64.9729
-64.9729
-64.9729
-64.9729
-64.9729
-64.9729
-64.9729
-64.9729
-64.9729
-64.9729
-64.9729
-64.9729
-64.9729
-64.9729
-64.9729
-64.9729
-64.9729
-64.9729
-64.9729
-64.9729
-64.9729
-64.9729
-64.9729
-64.9729
-64.9729
-64.9729
-64.9729
-64.9729
-64.9729
-64.9729
-64.9729
-64.973
-64.973
-64.973
-64.973
-64.973
-64.973
-64.973
-64.973
-64.973
-64.973
-64.973
-64.973
-64.973
-64.973
-64.973
-64.973
-64.973
-64.973
-64.973
-64.973
-64.973
-64.973
-64.973
-64.973
-64.9731
-64.9731
-64.9731
-64.9731
-64.9731
-64.9731
-64.9731
-64.9731
-64.9731
-64.9731
-64.9731
-64.9731
-64.9731
-64.9731
-64.9731
-64.9731
-64.9731
-64.9731
-64.9731
-64.9731
-64.9731
-64.9732
-64.9732
-64.9732
-64.9732
-64.9732
-64.9732
-64.9732
-64.9732
-64.9732
-64.9732
-64.9732
-64.9732
-64.9732
-64.9732
-64.9732
-64.9732
-64.9732
-64.9732
-64.9732
-64.9732
-64.9733
-64.9733
-64.9733
-64.9733
-64.9733
-64.9733
-64.9733
-64.9733
-64.9733
-64.9733
-64.9733
-64.9733
-64.9733
-64.9733
-64.9733
-64.9733
-64.9733
-64.9733
-64.9733
-64.9733
-64.9734
-64.9734
-64.9734
-64.9734
-64.9734
-64.9734
-64.9734
-64.9734
-64.9734
-64.9734
-64.9734
-64.9734
-64.9734
-64.9734
-64.9734
-64.9734
-64.9734
-64.9734
-64.9734
-64.9734
-64.9735
-64.9735
-64.9735
-64.9735
-64.9735
-64.9735
-64.9735
-64.9735
-64.9735
-64.9735
-64.9735
-64.9735
-64.9735
-64.9735
-64.9735
-64.9735
-64.9735
-64.9735
-64.9735
-64.9735
-64.9736
-64.9736
-64.9736
-64.9736
-64.9736
-64.9736
-64.9736
-64.9736
-64.9736
-64.9736
-64.9736
-64.9736
-64.9736
-64.9736
-64.9736
-64.9736
-64.9736
-64.9736
-64.9736
-64.9736
-64.9736
-64.9736
-64.9737
-64.9737
-64.9737
-64.9737
-64.9737
-64.9737
-64.9737
-64.9737
-64.9737
-64.9737
-64.9737
-64.9737
-64.9737
-64.9737
-64.9737
-64.9737
-64.9737
-64.9737
-64.9737
-64.9737
-64.9737
-64.9737
-64.9737
-64.9737
-64.9738
-64.9738
-64.9738
-64.9738
-64.9738
-64.9738
-64.9738
-64.9738
-64.9738
-64.9738
-64.9738
-64.9738
-64.9738
-64.9738
-64.9738
-64.9738
-64.9738
-64.9738
-64.9738
-64.9738
-64.9738
-64.9738
-64.9738
-64.9738
-64.9738
-64.9738
-64.9738
-64.9739
-64.9739
-64.9739
-64.9739
-64.9739
-64.9739
-64.9739
-64.9739
-64.9739
-64.9739
-64.9739
-64.9739
-64.9739
-64.9739
-64.9739
-64.9739
-64.9739
-64.9739
-64.9739
-64.9739
-64.9739
-64.9739
-64.9739
-64.9739
-64.9739
-64.9739
-64.9739
-64.9739
-64.9739
-64.9739
-64.9739
-64.9739
-64.9739
-64.9739
-64.9739
-64.9739
-64.974
-64.974
-64.974
-64.974
-64.974
-64.974
-64.974
-64.974
-64.974
-64.974
-64.974
-64.974
-64.974
-64.974
-64.974
-64.974
-64.974
-64.974
-64.974
-64.974
-64.974
-64.974
-64.974
-64.974
-64.974
-64.974
-64.974
-64.974
-64.974
-64.974
-64.974
-64.974
-64.974
-64.974
-64.974
-64.974
-64.974
-64.974
-64.974
-64.974
-64.974
-64.974
-64.974
-64.974
-64.974
-64.974
-64.974
-64.974
-64.974
-64.974
-64.974
-64.974
-64.974
-64.974
-64.974
-64.974
-64.974
-64.974
-64.974
-64.974
-64.9741
-64.9741
-64.9741
-64.9741
-64.9741
-64.9741
-64.9741
-64.9741
-64.9741
-64.9741
-64.9741
-64.9741
-64.9741
-64.9741
-64.9741
-64.9741
-64.9741
-64.9741
-64.9741
-64.9741
-64.9741
-64.9741
-64.9741
-64.9741
-64.9741
-64.9741
-64.9741
-64.9741
-64.9741
-64.9741
-64.9741
-64.9741
-64.9741
-64.9741
-64.9741
-64.9741
-64.9741
-64.9741
-64.9741
-64.9741
-64.9741
-64.9741
-64.9741
-64.9741
-64.9741
-64.9741
-64.9741
-64.9741
-64.9741
-64.9741
-64.9741
-64.9741
-64.9741
-64.9741
-64.9741
-64.9741
-64.9741
-64.9741
-64.9741
-64.9741
-64.9741
-64.9741
-64.9741
-64.9741
-64.9741
-64.9741
-64.9741
-64.9741
-64.9741
-64.9741
-64.9741
-64.9741
-64.9741
-64.9741
-64.9741
-64.9741
-64.9741
-64.9741
-64.9741
-64.9741
-64.9741
-64.9741
-64.9741
-64.9741
-64.9741
-64.9741
-64.9741
-64.9741
-64.9741
-64.9741
-64.9741
-64.9741
-64.9741
-64.9741
-64.9741
-64.9741
-64.9741
-64.9741
-64.9741
-64.9741
-64.9741
-64.9741
-64.9741
-64.9741
-64.9741
-64.9741
-64.9741
-64.9741
-64.9741
-64.9741
-64.9741
-64.9741
-64.9741
-64.9741
-64.9741
-64.9741
-64.9741
-64.974
-64.974
-64.974
-64.974
-64.974
-64.974
-64.974
-64.974
-64.974
-64.974
-64.974
-64.974
-64.974
-64.974
-64.974
-64.974
-64.974
-64.974
-64.974
-64.974
-64.974
-64.974
-64.974
-64.974
-64.974
-64.974
-64.974
-64.974
-64.974
-64.974
-64.974
-64.974
-64.974
-64.974
-64.974
-64.974
-64.974
-64.974
-64.974
-64.974
-64.974
-64.974
-64.974
-64.974
-64.974
-64.974
-64.974
-64.974
-64.974
-64.974
-64.974
-64.974
-64.974
-64.974
-64.974
-64.974
-64.974
-64.974
-64.974
-64.974
-64.974
-64.974
-64.974
-64.974
-64.974
-64.974
-64.974
-64.974
-64.974
-64.974
-64.974
-64.974
-64.974
-64.974
-64.974
-64.974
-64.974
-64.974
-64.974
-64.974
-64.974
-64.974
-64.974
-64.974
-64.974
-64.974
-64.974
-64.974
-64.974
-64.974
-64.974
-64.974
-64.974
-64.974
-64.974
-64.974
-64.974
-64.974
-64.974
-64.974
-64.974
-64.974
-64.974
-64.974
-64.974
-64.974
-64.974
-64.9739
-64.9739
-64.9739
-64.9739
-64.9739
-64.9739
-64.9739
-64.9739
-64.9739
-64.9739
-64.9739
-64.9739
-64.9739
-64.9739
-64.9739
-64.9739
-64.9739
-64.9739
-64.9739
-64.9739
-64.9739
-64.9739
-64.9739
-64.9739
-64.9739
-64.9739
-64.9739
-64.9739
-64.9739
-64.9739
-64.9739
-64.9739
-64.9739
-64.9739
-64.9739
-64.9739
-64.9739
-64.9739
-64.9739
-64.9739
-64.9739
-64.9739
-64.9739
-64.9739
-64.9739
-64.9739
-64.9739
-64.9739
-64.9739
-64.9739
-64.9739
-64.9739
-64.9739
-64.9739
-64.9739
-64.9739
-64.9739
-64.9739
-64.9739
-64.9739
-64.9739
-64.9739
-64.9739
-64.9739
-64.9739
-64.9739
-64.9739
-64.9739
-64.9739
-64.9739
-64.9739
-64.9739
-64.9739
-64.9739
-64.9739
-64.9739
-64.9739
-64.9739
-64.9739
-64.9739
-64.9739
-64.9739
-64.9739
-64.9739
-64.9739
-64.9739
-64.9739
-64.9739
-64.9739
-64.9739
-64.9739
-64.9739
-64.9739
-64.9739
-64.9739
-64.9739
-64.9739
-64.9739
-64.9739
-64.9739
-64.9739
-64.9739
-64.9739
-64.9739
-64.9739
-64.9739
-64.9739
-64.9739
-64.9739
-64.9739
-64.9739
-64.9739
-64.9739
-64.9739
-64.9739
-64.9739
-64.9739
-64.9739
-64.9739
-64.9739
-64.9739
-64.9739
-64.9739
-64.9739
-64.9739
-64.9739
-64.9739
-64.9739
-64.9739
-64.9739
-64.9739
-64.9739
-64.9739
-64.9739
-64.9739
-64.9739
-64.9739
-64.9739
-64.9739
-64.9739
-64.9738
-64.9738
-64.9738
-64.9738
-64.9738
-64.9738
-64.9738
-64.9738
-64.9738
-64.9738
-64.9738
-64.9738
-64.9738
-64.9738
-64.9738
-64.9738
-64.9738
-64.9738
-64.9738
-64.9738
-64.9738
-64.9738
-64.9738
-64.9738
-64.9738
-64.9738
-64.9738
-64.9738
-64.9738
-64.9738
-64.9738
-64.9738
-64.9738
-64.9738
-64.9738
-64.9738
-64.9738
-64.9738
-64.9738
-64.9738
-64.9738
-64.9738
-64.9738
-64.9738
-64.9738
-64.9738
-64.9738
-64.9738
-64.9738
-64.9738
-64.9738
-64.9738
-64.9738
-64.9738
-64.9738
-64.9738
-64.9738
-64.9738
-64.9738
-64.9738
-64.9738
-64.9738
-64.9738
-64.9738
-64.9738
-64.9738
-64.9738
-64.9738
-64.9738
-64.9738
-64.9738
-64.9738
-64.9738
-64.9738
-64.9738
-64.9738
-64.9738
-64.9738
-64.9738
-64.9738
-64.9738
-64.9738
-64.9738
-64.9738
-64.9738
-64.9738
-64.9738
-64.9738
-64.9738
-64.9738
-64.9738
-64.9738
-64.9738
-64.9738
-64.9738
-64.9738
-64.9738
-64.9738
-64.9738
-64.9738
-64.9738
-64.9738
-64.9738
-64.9738
-64.9738
-64.9738
-64.9738
-64.9738
-64.9738
-64.9738
-64.9738
-64.9738
-64.9738
-64.9738
-64.9738
-64.9738
-64.9738
-64.9738
-64.9738
-64.9738
-64.9738
-64.9738
-64.9738
-64.9738
-64.9738
-64.9738
-64.9738
-64.9738
-64.9738
-64.9738
-64.9738
-64.9738
-64.9738
-64.9738
-64.9738
-64.9738
-64.9738
-64.9738
-64.9738
-64.9738
-64.9738
-64.9738
-64.9738
-64.9738
-64.9738
-64.9738
-64.9738
-64.9738
-64.9738
-64.9738
-64.9738
-64.9738
-64.9738
-64.9738
-64.9738
-64.9738
-64.9738
-64.9738
-64.9738
-64.9738
-64.9738
-64.9738
-64.9738
-64.9738
-64.9738
-64.9738
-64.9738
-64.9738
-64.9738
-64.9738
-64.9738
-64.9738
-64.9738
-64.9738
-64.9738
-64.9738
-64.9738
-64.9738
-64.9738
-64.9738
-64.9738
-64.9738
-64.9738
-64.9738
-64.9738
-64.9738
-64.9738
-64.9738
-64.9738
-64.9738
-64.9738
-64.9738
-64.9738
-64.9738
-64.9738
-64.9738
-64.9738
-64.9738
-64.9738
-64.9738
-64.9738
-64.9738
-64.9738
-64.9738
-64.9738
-64.9738
-64.9738
-64.9738
-64.9738
-64.9738
-64.9738
-64.9738
-64.9738
-64.9738
-64.9738
-64.9738
-64.9738
-64.9738
-64.9738
-64.9738
-64.9738
-64.9738
-64.9739
-64.9739
-64.9739
-64.9739
-64.9739
-64.9739
-64.9739
-64.9739
-64.9739
-64.9739
-64.9739
-64.9739
-64.9739
-64.9739
-64.9739
-64.9739
-64.9739
-64.9739
-64.9739
-64.9739
-64.9739
-64.9739
-64.9739
-64.9739
-64.9739
-64.9739
-64.9739
-64.9739
-64.9739
-64.9739
-64.9739
-64.9739
-64.9739
-64.9739
-64.9739
-64.9739
-64.9739
-64.9739
-64.9739
-64.9739
-64.9739
-64.9739
-64.9739
-64.9739
-64.9739
-64.9739
-64.9739
-64.9739
-64.9739
-64.9739
-64.9739
-64.9739
-64.9739
-64.9739
-64.9739
-64.9739
-64.9739
-64.9739
-64.9739
-64.9739
-64.9739
-64.9739
-64.9739
-64.9739
-64.9739
-64.9739
-64.9739
-64.9739
-64.9739
-64.9739
-64.9739
-64.9739
-64.9739
-64.9739
-64.9739
-64.9739
-64.9739
-64.9739
-64.9739
-64.9739
-64.9739
-64.9739
-64.9739
-64.9739
-64.9739
-64.9739
-64.9739
-64.9739
-64.9739
-64.9739
-64.9739
-64.9739
-64.9739
-64.9739
-64.9739
-64.9739
-64.9739
-64.9739
-64.9739
-64.9739
-64.9739
-64.9739
-64.9739
-64.9739
-64.9739
-64.9739
-64.9739
-64.9739
-64.9739
-64.9739
-64.9739
-64.9739
-64.9739
-64.9739
-64.9739
-64.9739
-64.9739
-64.9739
-64.9739
-64.9739
-64.9739
-64.9739
-64.9739
-64.9739
-64.9739
-64.9739
-64.9739
-64.9739
-64.9739
-64.9739
-64.9739
-64.9739
-64.9739
-64.9739
-64.9739
-64.9739
-64.9739
-64.9739
-64.9739
-64.9739
-64.9739
-64.9739
-64.9739
-64.9739
-64.9739
-64.9739
-64.9739
-64.9739
-64.9739
-64.9739
-64.9739
-64.9739
-64.9739
-64.9739
-64.9739
-64.9739
-64.9739
-64.9739
-64.9739
-64.9739
-64.9739
-64.9739
-64.9739
-64.9739
-64.9739
-64.9739
-64.9739
-64.9739
-64.9739
-64.9739
-64.9739
-64.9739
-64.9739
-64.9739
-64.9739
-64.9739
-64.9739
-64.9739
-64.9739
-64.9739
-64.9739
-64.9739
-64.9739
-64.9739
-64.9739
-64.9739
-64.9739
-64.9739
-64.9739
-64.9739
-64.9739
-64.9739
-64.9739
-64.9739
-64.9739
-64.9739
-64.9739
-64.9739
-64.9739
-64.9739
-64.9739
-64.9739
-64.9739
-64.9739
-64.9739
-64.9739
-64.9739
-64.9739
-64.9739
-64.9739
-64.9739
-64.9739
-64.9739
-64.9739
-64.9739
-64.9739
-64.9739
-64.9739
-64.9739
-64.9739
-64.9739
-64.9739
-64.9739
-64.9739
-64.9739
-64.9739
-64.9739
-64.9739
-64.9739
-64.9739
-64.9739
-64.9739
-64.9739
-64.9739
-64.9739
-64.9739
-64.9739
-64.9739
-64.9739
-64.9739
-64.9739
-64.9739
-64.9739
-64.9739
-64.9739
-64.9739
-64.9739
-64.9739
-64.9739
-64.9739
-64.9739
-64.9739
-64.9739
-64.9739
-64.9739
-64.9739
-64.9739
-64.9739
-64.9739
-64.9739
-64.9739
-64.9739
-64.9739
-64.9739
-64.9739
-64.9739
-64.9739
-64.9739
-64.9739
-64.9739
-64.9739
-64.9739
-64.9739
-64.9739
-64.9739
-64.9739
-64.9739
-64.9739
-64.9739
-64.9739
-64.9739
-64.9739
-64.9739
-64.9739
-64.9739
-64.9739
-64.9739
-64.9739
-64.9739
-64.9739
-64.9739
-64.9739
-64.9739
-64.9739
-64.9739
-64.9739
-64.9739
-64.9739
-64.9739
-64.9739
-64.9739
-64.9739
-64.9739
-64.9739
-64.9739
-64.9739
-64.9739
-64.9739
-64.9739
-64.9739
-64.9739
-64.9739
-64.9739
-64.9739
-64.9739
-64.9739
-64.9739
-64.9739
-64.9739
-64.9739
-64.9739
-64.9739
-64.9739
-64.9739
-64.9739
-64.9739
-64.9739
-64.9739
-64.9739
-64.9739
-64.9739
-64.9739
-64.9739
-64.9739
-64.9739
-64.9739
-64.9739
-64.9739
-64.9739
-64.9739
-64.9739
-64.9739
-64.9739
-64.9739
-64.9739
-64.9739
-64.9739
-64.9739
-64.9739
-64.9739
-64.9739
-64.9739
-64.9739
-64.9739
-64.9739
-64.9739
-64.9739
-64.9739
-64.9739
-64.9739
-64.9739
-64.9739
-64.9739
-64.9739
-64.9739
-64.9739
-64.9739
-64.9739
-64.9739
-64.9739
-64.9739
-64.9739
-64.9739
-64.9739
-64.9739
-64.9739
-64.9739
-64.9739
-64.9739
-64.9739
-64.9739
-64.9739
-64.9739
-64.9739
-64.9739
-64.9739
-64.9739
-64.9739
-64.9739
-64.9739
-64.9739
-64.9739
-64.9739
-64.9739
-64.9739
-64.9739
-64.9739
-64.9739
-64.9739
-64.9739
-64.9739
-64.9739
-64.9739
-64.9739
-64.9739
-64.9739
-64.9739
-64.9739
-64.9739
-64.9739
-64.9739
-64.9739
-64.9739
-64.9739
-64.9739
-64.9739
-64.9739
-64.9739
-64.9739
-64.9739
-64.9739
-64.9739
-64.9739
-64.9739
-64.9739
-64.9739
-64.9739
-64.9739
-64.9739
-64.9739
-64.9739
-64.9739
-64.9739
-64.9739
-64.9739
-64.9739
-64.9739
-64.9739
-64.9739
-64.9739
-64.9739
-64.9739
-64.9739
-64.9739
-64.9739
-64.9739
-64.9739
-64.9739
-64.9739
-64.9739
-64.9739
-64.9739
-64.9739
-64.9739
-64.9739
-64.9739
-64.9739
-64.9739
-64.9739
-64.9739
-64.9739
-64.9739
-64.9739
-64.9739
-64.9739
-64.9739
-64.9739
-64.9739
-64.9739
-64.9739
-64.9739
-64.9739
-64.9739
-64.9739
-64.9739
-64.9739
-64.9739
-64.9739
-64.9739
-64.9739
-64.9739
-64.9739
-64.9739
-64.9739
-64.9739
-64.9739
-64.9739
-64.9739
-64.9739
-64.9739
-64.9739
-64.9739
-64.9739
-64.9739
-64.9739
-64.9739
-64.9739
-64.9739
-64.9739
-64.9739
-64.9739
-64.9739
-64.9739
-64.9739
-64.9739
-64.9739
-64.9739
-64.9739
-64.9739
-64.9739
-64.9739
-64.9739
-64.9739
-64.9739
-64.9739
-64.9739
-64.9739
-64.9739
-64.9739
-64.9739
-64.9739
-64.9739
-64.9739
-64.9739
-64.9739
-64.9739
-64.9739
-64.9739
-64.9739
-64.9739
-64.9739
-64.9739
-64.9739
-64.9739
-64.9739
-64.9739
-64.9739
-64.9739
-64.9739
-64.9739
-64.9739
-64.9739
-64.9739
-64.9739
-64.9739
-64.9739
-64.9739
-64.9739
-64.9739
-64.9739
-64.9739
-64.9739
-64.9739
-64.9739
-64.9739
-64.9739
-64.9739
-64.9739
-64.9739
-64.9739
-64.9739
-64.9739
-64.9739
-64.9739
-64.9739
-64.9739
-64.9739
-64.9739
-64.9739
-64.9739
-64.9739
-64.9739
-64.9739
-64.9739
-64.9739
-64.9739
-64.9739
-64.9739
-64.9739
-64.9739
-64.9739
-64.9739
-64.9739
-64.9739
-64.9739
-64.9739
-64.9739
-64.9739
-64.9739
-64.9739
-64.9739
-64.9739
-64.9739
-64.9739
-64.9739
-64.9739
-64.9739
-64.9739
-64.9739
-64.9739
-64.9739
-64.9739
-64.9739
-64.9739
-64.9739
-64.9739
-64.9739
-64.9739
-64.9739
-64.9739
-64.9739
-64.9739
-64.9739
-64.9739
-64.9739
-64.9739
-64.9739
-64.9739
-64.9739
-64.9739
-64.9739
-64.9739
-64.9739
-64.9739
-64.9739
-64.9739
-64.9739
-64.9739
-64.9739
-64.9739
-64.9739
-64.9739
-64.9739
-64.9739
-64.9739
-64.9739
-64.9739
-64.9739
-64.9739
-64.9739
-64.9739
-64.9739
-64.9739
-64.9739
-64.9739
-64.9739
-64.9739
-64.9739
-64.9739
-64.9739
-64.9739
-64.9739
-64.9739
-64.9739
-64.9739
-64.9739
-64.9739
-64.9739
-64.9739
-64.9739
-64.9739
-64.9739
-64.9739
-64.9739
-64.9739
-64.9739
-64.9739
-64.9739
-64.9739
-64.9739
-64.9739
-64.9739
-64.9739
-64.9739
-64.9739
-64.9739
-64.9739
-64.9739
-64.9739
-64.9739
-64.9739
-64.9739
-64.9739
-64.9739
-64.9739
-64.9739
-64.9739
-64.9739
-64.9739
-64.9739
-64.9739
-64.9739
-64.9739
-64.9739
-64.9739
-64.9739
-64.9739
-64.9739
-64.9739
-64.9739
-64.9739
-64.9739
-64.9739
-64.9739
-64.9739
-64.9739
-64.9739
-64.9739
-64.9739
-64.9739
-64.9739
-64.9739
-64.9739
-64.9739
-64.9739
-64.8936
-64.7368
-64.5073
-64.2092
-63.8465
-63.4231
-62.9431
-62.4103
-61.8288
-61.2022
-60.5342
-59.8284
-59.088
-58.3163
-57.516
-56.6897
-55.8398
-54.9683
-54.0765
-53.1658
-52.2366
-51.2889
-50.3223
-49.3353
-48.3257
-47.2905
-46.2254
-45.1251
-43.9827
-42.7898
-41.536
-40.2089
-38.7935
-37.2718
-35.6226
-33.8209
-31.8374
-29.6385
-27.1856
-24.4366
-21.3464
-17.8711
-13.9733
-9.63163
-4.85415
0.306032
5.73699
11.2639
16.663
21.6953
26.1531
29.8993
32.8857
35.1454
36.7662
37.8606
38.5414
38.9071
39.0367
38.9895
38.8087
38.5244
38.158
37.7243
37.2337
36.694
36.1107
35.4884
34.8305
34.1401
33.4198
32.6718
31.8982
31.101
30.2821
29.443
28.5854
27.7109
26.8209
25.9169
25.0001
24.072
23.1336
22.1862
21.2309
20.2688
19.3008
18.3279
17.3509
16.3708
15.3883
14.4042
13.4191
12.4337
11.4486
10.4644
9.48161
8.50065
7.52199
6.54604
5.57316
4.60368
3.63791
2.67613
1.71858
0.765465
-0.183007
-1.12667
-2.06538
-2.99901
-3.92745
-4.85062
-5.76846
-6.68091
-7.58794
-8.48952
-9.38564
-10.2763
-11.1616
-12.0415
-12.916
-13.7852
-14.6492
-15.5082
-16.362
-17.211
-18.0552
-18.8948
-19.7299
-20.5607
-21.3875
-22.2104
-23.0297
-23.8456
-24.6585
-25.4688
-26.2766
-27.0826
-27.887
-28.6903
-29.4931
-30.2958
-31.0991
-31.9036
-32.7099
-33.5187
-34.3308
-35.1469
-35.9679
-36.7945
-37.6278
-38.4685
-39.3175
-40.1759
-41.0444
-41.9239
-42.8153
-43.7193
-44.6365
-45.5673
-46.5122
-47.4712
-48.4442
-49.4305
-50.4292
-51.4391
-52.4581
-53.484
-54.5135
-55.5431
-56.5686
-57.585
-58.587
-59.569
-60.5251
-61.4493
-62.336
-63.1799
-63.9764
-64.7219
-65.4136
-66.0498
-66.6303
-67.1553
-67.6266
-68.0464
-68.4176
-68.7438
-69.0284
-69.2755
-69.4888
-69.6719
-69.8285
-69.9617
-70.0745
-70.1697
-70.2496
-70.3164
-70.372
-70.4179
-70.4557
-70.4865
-70.5115
-70.5314
-70.5471
-70.5592
-70.5683
-70.5748
-70.5792
-70.5818
-70.5829
-70.5827
-70.5814
-70.5793
-70.5764
-70.5728
-70.5688
-70.5643
-70.5595
-70.5544
-70.5491
-70.5436
-70.5379
-70.5322
-70.5263
-70.5204
-70.5144
-70.5085
-70.5025
-70.4965
-70.4905
-70.4846
-70.4786
-70.4728
-70.4669
-70.4611
-70.4554
-70.4497
-70.4441
-70.4385
-70.433
-70.4276
-70.4222
-70.4168
-70.4116
-70.4064
-70.4013
-70.3962
-70.3912
-70.3863
-70.3814
-70.3766
-70.3718
-70.3672
-70.3625
-70.358
-70.3535
-70.3491
-70.3447
-70.3404
-70.3361
-70.3319
-70.3278
-70.3237
-70.3197
-70.3157
-70.3118
-70.308
-70.3042
-70.3004
-70.2967
-70.2931
-70.2895
-70.2859
-70.2824
-70.2789
-70.2755
-70.2722
-70.2688
-70.2656
-70.2623
-70.2591
-70.256
-70.2529
-70.2498
-70.2468
-70.2438
-70.2408
-70.2379
-70.235
-70.2322
-70.2294
-70.2266
-70.2239
-70.2211
-70.2185
-70.2158
-70.2132
-70.2106
-70.208
-70.2055
-70.203
-70.2005
-70.198
-70.1956
-70.1931
-70.1907
-70.1884
-70.186
-70.1837
-70.1814
-70.1791
-70.1768
-70.1745
-70.1723
-70.1701
-70.1679
-70.1657
-70.1635
-70.1613
-70.1591
-70.157
-70.1549
-70.1527
-70.1506
-70.1485
-70.1464
-70.1443
-70.1422
-70.1402
-70.1381
-70.136
-70.134
-70.1319
-70.1298
-70.1278
-70.1257
-70.1237
-70.1216
-70.1196
-70.1175
-70.1155
-70.1134
-70.1113
-70.1093
-70.1072
-70.1052
-70.1031
-70.101
-70.0989
-70.0968
-70.0947
-70.0926
-70.0905
-70.0884
-70.0862
-70.0841
-70.0819
-70.0798
-70.0776
-70.0754
-70.0732
-70.071
-70.0688
-70.0665
-70.0643
-70.062
-70.0597
-70.0574
-70.0551
-70.0528
-70.0504
-70.048
-70.0457
-70.0432
-70.0408
-70.0384
-70.0359
-70.0334
-70.0309
-70.0284
-70.0258
-70.0233
-70.0207
-70.0181
-70.0154
-70.0128
-70.0101
-70.0074
-70.0046
-70.0019
-69.9991
-69.9963
-69.9934
-69.9905
-69.9877
-69.9847
-69.9818
-69.9788
-69.9758
-69.9728
-69.9697
-69.9666
-69.9635
-69.9603
-69.9572
-69.9539
-69.9507
-69.9474
-69.9441
-69.9408
-69.9374
-69.934
-69.9306
-69.9271
-69.9236
-69.9201
-69.9165
-69.9129
-69.9093
-69.9056
-69.9019
-69.8982
-69.8944
-69.8906
-69.8867
-69.8829
-69.8789
-69.875
-69.871
-69.867
-69.8629
-69.8588
-69.8547
-69.8505
-69.8463
-69.8421
-69.8378
-69.8335
-69.8291
-69.8247
-69.8203
-69.8158
-69.8113
-69.8068
-69.8022
-69.7975
-69.7929
-69.7882
-69.7834
-69.7787
-69.7738
-69.769
-69.7641
-69.7591
-69.7542
-69.7491
-69.7441
-69.739
-69.7338
-69.7287
-69.7234
-69.7182
-69.7129
-69.7076
-69.7022
-69.6968
-69.6913
-69.6858
-69.6803
-69.6747
-69.6691
-69.6634
-69.6577
-69.652
-69.6462
-69.6404
-69.6345
-69.6286
-69.6227
-69.6167
-69.6107
-69.6046
-69.5985
-69.5923
-69.5862
-69.5799
-69.5737
-69.5674
-69.561
-69.5546
-69.5482
-69.5417
-69.5352
-69.5287
-69.5221
-69.5155
-69.5088
-69.5021
-69.4954
-69.4886
-69.4818
-69.4749
-69.468
-69.4611
-69.4541
-69.4471
-69.44
-69.4329
-69.4258
-69.4186
-69.4114
-69.4042
-69.3969
-69.3895
-69.3822
-69.3748
-69.3673
-69.3599
-69.3523
-69.3448
-69.3372
-69.3296
-69.3219
-69.3142
-69.3064
-69.2987
-69.2909
-69.283
-69.2751
-69.2672
-69.2592
-69.2512
-69.2432
-69.2352
-69.2271
-69.2189
-69.2107
-69.2025
-69.1943
-69.186
-69.1777
-69.1694
-69.161
-69.1526
-69.1441
-69.1357
-69.1272
-69.1186
-69.11
-69.1014
-69.0928
-69.0841
-69.0754
-69.0667
-69.0579
-69.0491
-69.0403
-69.0314
-69.0225
-69.0136
-69.0046
-68.9957
-68.9867
-68.9776
-68.9685
-68.9594
-68.9503
-68.9411
-68.932
-68.9227
-68.9135
-68.9042
-68.8949
-68.8856
-68.8762
-68.8669
-68.8574
-68.848
-68.8385
-68.829
-68.8195
-68.81
-68.8004
-68.7908
-68.7812
-68.7715
-68.7619
-68.7522
-68.7425
-68.7327
-68.7229
-68.7132
-68.7033
-68.6935
-68.6836
-68.6738
-68.6638
-68.6539
-68.644
-68.634
-68.624
-68.614
-68.604
-68.5939
-68.5838
-68.5737
-68.5636
-68.5535
-68.5433
-68.5331
-68.5229
-68.5127
-68.5025
-68.4923
-68.482
-68.4717
-68.4614
-68.4511
-68.4408
-68.4304
-68.42
-68.4097
-68.3993
-68.3888
-68.3784
-68.368
-68.3575
-68.347
-68.3365
-68.326
-68.3155
-68.3049
-68.2944
-68.2838
-68.2733
-68.2627
-68.2521
-68.2414
-68.2308
-68.2202
-68.2095
-68.1989
-68.1882
-68.1775
-68.1668
-68.1561
-68.1454
-68.1346
-68.1239
-68.1132
-68.1024
-68.0916
-68.0809
-68.0701
-68.0593
-68.0485
-68.0377
-68.0269
-68.016
-68.0052
-67.9944
-67.9835
-67.9727
-67.9619
-67.951
-67.9401
-67.9293
-67.9184
-67.9075
-67.8966
-67.8857
-67.8748
-67.8639
-67.853
-67.8421
-67.8312
-67.8203
-67.8094
-67.7985
-67.7875
-67.7766
-67.7657
-67.7548
-67.7438
-67.7329
-67.722
-67.711
-67.7001
-67.6891
-67.6782
-67.6673
-67.6563
-67.6454
-67.6345
-67.6235
-67.6126
-67.6016
-67.5907
-67.5798
-67.5689
-67.5579
-67.547
-67.5361
-67.5252
-67.5143
-67.5033
-67.4924
-67.4815
-67.4706
-67.4597
-67.4489
-67.438
-67.4271
-67.4162
-67.4053
-67.3945
-67.3836
-67.3727
-67.3619
-67.351
-67.3402
-67.3294
-67.3185
-67.3077
-67.2969
-67.2861
-67.2753
-67.2645
-67.2537
-67.2429
-67.2322
-67.2214
-67.2106
-67.1999
-67.1891
-67.1784
-67.1677
-67.157
-67.1463
-67.1356
-67.1249
-67.1142
-67.1036
-67.0929
-67.0823
-67.0717
-67.061
-67.0504
-67.0398
-67.0292
-67.0187
-67.0081
-66.9976
-66.987
-66.9765
-66.966
-66.9555
-66.945
-66.9346
-66.9241
-66.9137
-66.9032
-66.8928
-66.8824
-66.872
-66.8616
-66.8513
-66.8409
-66.8306
-66.8203
-66.81
-66.7997
-66.7894
-66.7791
-66.7689
-66.7586
-66.7484
-66.7382
-66.728
-66.7179
-66.7077
-66.6976
-66.6875
-66.6774
-66.6673
-66.6572
-66.6472
-66.6371
-66.6271
-66.6171
-66.6071
-66.5972
-66.5872
-66.5773
-66.5674
-66.5575
-66.5476
-66.5378
-66.5279
-66.5181
-66.5083
-66.4986
-66.4888
-66.4791
-66.4694
-66.4597
-66.45
-66.4404
-66.4307
-66.4211
-66.4115
-66.4019
-66.3924
-66.3829
-66.3733
-66.3639
-66.3544
-66.3449
-66.3355
-66.3261
-66.3167
-66.3074
-66.298
-66.2887
-66.2794
-66.2701
-66.2608
-66.2516
-66.2424
-66.2332
-66.224
-66.2149
-66.2058
-66.1967
-66.1876
-66.1785
-66.1695
-66.1605
-66.1515
-66.1426
-66.1336
-66.1247
-66.1158
-66.107
-66.0981
-66.0893
-66.0805
-66.0718
-66.063
-66.0543
-66.0456
-66.0369
-66.0283
-66.0197
-66.0111
-66.0025
-65.994
-65.9855
-65.977
-65.9686
-65.9601
-65.9517
-65.9433
-65.935
-65.9266
-65.9183
-65.9101
-65.9018
-65.8936
-65.8854
-65.8772
-65.8691
-65.8609
-65.8528
-65.8448
-65.8367
-65.8287
-65.8207
-65.8128
-65.8048
-65.7969
-65.789
-65.7812
-65.7733
-65.7655
-65.7578
-65.75
-65.7423
-65.7346
-65.7269
-65.7193
-65.7117
-65.7041
-65.6966
-65.689
-65.6815
-65.6741
-65.6666
-65.6592
-65.6518
-65.6445
-65.6372
-65.6299
-65.6226
-65.6154
-65.6081
-65.601
-65.5938
-65.5867
-65.5796
-65.5725
-65.5655
-65.5585
-65.5515
-65.5446
-65.5377
-65.5308
-65.5239
-65.5171
-65.5103
-65.5036
-65.4968
-65.4901
-65.4835
-65.4768
-65.4702
-65.4636
-65.4571
-65.4506
-65.4441
-65.4376
-65.4312
-65.4248
-65.4184
-65.4121
-65.4058
-65.3995
-65.3932
-65.387
-65.3808
-65.3747
-65.3685
-65.3624
-65.3564
-65.3503
-65.3443
-65.3384
-65.3324
-65.3265
-65.3206
-65.3147
-65.3089
-65.3031
-65.2973
-65.2916
-65.2859
-65.2802
-65.2746
-65.269
-65.2634
-65.2578
-65.2523
-65.2468
-65.2414
-65.2359
-65.2305
-65.2252
-65.2198
-65.2145
-65.2093
-65.204
-65.1988
-65.1936
-65.1885
-65.1834
-65.1783
-65.1732
-65.1682
-65.1632
-65.1583
-65.1533
-65.1484
-65.1436
-65.1387
-65.1339
-65.1292
-65.1244
-65.1197
-65.115
-65.1104
-65.1058
-65.1012
-65.0966
-65.0921
-65.0876
-65.0832
-65.0788
-65.0744
-65.07
-65.0657
-65.0614
-65.0571
-65.0529
-65.0487
-65.0445
-65.0404
-65.0363
-65.0322
-65.0282
-65.0242
-65.0202
-65.0162
-65.0123
-65.0084
-65.0046
-65.0008
-64.997
-64.9932
-64.9895
-64.9858
-64.9821
-64.9785
-64.9749
-64.9713
-64.9678
-64.9643
-64.9608
-64.9573
-64.9539
-64.9505
-64.9472
-64.9438
-64.9405
-64.9373
-64.934
-64.9308
-64.9276
-64.9245
-64.9214
-64.9183
-64.9152
-64.9122
-64.9092
-64.9062
-64.9033
-64.9003
-64.8975
-64.8946
-64.8918
-64.889
-64.8862
-64.8835
-64.8808
-64.8781
-64.8754
-64.8728
-64.8702
-64.8676
-64.8651
-64.8626
-64.8601
-64.8577
-64.8552
-64.8528
-64.8505
-64.8481
-64.8458
-64.8436
-64.8413
-64.8391
-64.8369
-64.8347
-64.8326
-64.8305
-64.8284
-64.8263
-64.8243
-64.8223
-64.8203
-64.8183
-64.8164
-64.8145
-64.8127
-64.8108
-64.809
-64.8072
-64.8055
-64.8037
-64.802
-64.8004
-64.7987
-64.7971
-64.7955
-64.7939
-64.7923
-64.7908
-64.7893
-64.7879
-64.7864
-64.785
-64.7836
-64.7822
-64.7809
-64.7796
-64.7783
-64.777
-64.7758
-64.7746
-64.7734
-64.7722
-64.7711
-64.7699
-64.7688
-64.7678
-64.7667
-64.7657
-64.7647
-64.7637
-64.7628
-64.7619
-64.761
-64.7601
-64.7592
-64.7584
-64.7576
-64.7568
-64.756
-64.7553
-64.7546
-64.7539
-64.7532
-64.7525
-64.7519
-64.7513
-64.7507
-64.7501
-64.7496
-64.7491
-64.7486
-64.7481
-64.7476
-64.7472
-64.7468
-64.7464
-64.746
-64.7457
-64.7453
-64.745
-64.7447
-64.7444
-64.7442
-64.744
-64.7437
-64.7435
-64.7434
-64.7432
-64.7431
-64.743
-64.7429
-64.7428
-64.7427
-64.7427
-64.7426
-64.7426
-64.7426
-64.7427
-64.7427
-64.7428
-64.7429
-64.7429
-64.7431
-64.7432
-64.7433
-64.7435
-64.7437
-64.7439
-64.7441
-64.7443
-64.7446
-64.7448
-64.7451
-64.7454
-64.7457
-64.746
-64.7464
-64.7467
-64.7471
-64.7475
-64.7479
-64.7483
-64.7487
-64.7492
-64.7496
-64.7501
-64.7506
-64.7511
-64.7516
-64.7521
-64.7526
-64.7532
-64.7538
-64.7543
-64.7549
-64.7555
-64.7561
-64.7568
-64.7574
-64.7581
-64.7587
-64.7594
-64.7601
-64.7608
-64.7615
-64.7622
-64.7629
-64.7637
-64.7644
-64.7652
-64.7659
-64.7667
-64.7675
-64.7683
-64.7691
-64.77
-64.7708
-64.7716
-64.7725
-64.7733
-64.7742
-64.7751
-64.776
-64.7769
-64.7778
-64.7787
-64.7796
-64.7805
-64.7815
-64.7824
-64.7833
-64.7843
-64.7853
-64.7862
-64.7872
-64.7882
-64.7892
-64.7902
-64.7912
-64.7922
-64.7932
-64.7943
-64.7953
-64.7963
-64.7974
-64.7984
-64.7995
-64.8006
-64.8016
-64.8027
-64.8038
-64.8048
-64.8059
-64.807
-64.8081
-64.8092
-64.8103
-64.8114
-64.8125
-64.8137
-64.8148
-64.8159
-64.817
-64.8182
-64.8193
-64.8204
-64.8216
-64.8227
-64.8239
-64.825
-64.8262
-64.8273
-64.8285
-64.8297
-64.8308
-64.832
-64.8332
-64.8343
-64.8355
-64.8367
-64.8378
-64.839
-64.8402
-64.8414
-64.8425
-64.8437
-64.8449
-64.8461
-64.8473
-64.8485
-64.8496
-64.8508
-64.852
-64.8532
-64.8544
-64.8556
-64.8568
-64.858
-64.8591
-64.8603
-64.8615
-64.8627
-64.8639
-64.8651
-64.8663
-64.8674
-64.8686
-64.8698
-64.871
-64.8722
-64.8733
-64.8745
-64.8757
-64.8769
-64.878
-64.8792
-64.8804
-64.8815
-64.8827
-64.8839
-64.885
-64.8862
-64.8874
-64.8885
-64.8897
-64.8908
-64.892
-64.8931
-64.8943
-64.8954
-64.8965
-64.8977
-64.8988
-64.8999
-64.9011
-64.9022
-64.9033
-64.9044
-64.9055
-64.9066
-64.9077
-64.9088
-64.9099
-64.911
-64.9121
-64.9132
-64.9143
-64.9154
-64.9165
-64.9176
-64.9186
-64.9197
-64.9208
-64.9218
-64.9229
-64.9239
-64.925
-64.926
-64.927
-64.9281
-64.9291
-64.9301
-64.9311
-64.9322
-64.9332
-64.9342
-64.9352
-64.9362
-64.9372
-64.9382
-64.9391
-64.9401
-64.9411
-64.9421
-64.943
-64.944
-64.9449
-64.9459
-64.9468
-64.9478
-64.9487
-64.9496
-64.9505
-64.9515
-64.9524
-64.9533
-64.9542
-64.9551
-64.956
-64.9568
-64.9577
-64.9586
-64.9595
-64.9603
-64.9612
-64.962
-64.9629
-64.9637
-64.9645
-64.9654
-64.9662
-64.967
-64.9678
-64.9686
-64.9694
-64.9702
-64.971
-64.9718
-64.9726
-64.9733
-64.9741
-64.9749
-64.9756
-64.9764
-64.9771
-64.9779
-64.9786
-64.9793
-64.98
-64.9807
-64.9814
-64.9821
-64.9828
-64.9835
-64.9842
-64.9849
-64.9856
-64.9862
-64.9869
-64.9875
-64.9882
-64.9888
-64.9895
-64.9901
-64.9907
-64.9913
-64.9919
-64.9925
-64.9931
-64.9937
-64.9943
-64.9949
-64.9955
-64.996
-64.9966
-64.9972
-64.9977
-64.9983
-64.9988
-64.9993
-64.9999
-65.0004
-65.0009
-65.0014
-65.0019
-65.0024
-65.0029
-65.0034
-65.0039
-65.0043
-65.0048
-65.0053
-65.0057
-65.0062
-65.0066
-65.0071
-65.0075
-65.0079
-65.0083
-65.0088
-65.0092
-65.0096
-65.01
-65.0104
-65.0108
-65.0111
-65.0115
-65.0119
-65.0122
-65.0126
-65.0129
-65.0133
-65.0136
-65.014
-65.0143
-65.0146
-65.0149
-65.0153
-65.0156
-65.0159
-65.0162
-65.0164
-65.0167
-65.017
-65.0173
-65.0176
-65.0178
-65.0181
-65.0183
-65.0186
-65.0188
-65.0191
-65.0193
-65.0195
-65.0197
-65.02
-65.0202
-65.0204
-65.0206
-65.0208
-65.021
-65.0211
-65.0213
-65.0215
-65.0217
-65.0218
-65.022
-65.0222
-65.0223
-65.0225
-65.0226
-65.0227
-65.0229
-65.023
-65.0231
-65.0233
-65.0234
-65.0235
-65.0236
-65.0237
-65.0238
-65.0239
-65.024
-65.0241
-65.0241
-65.0242
-65.0243
-65.0244
-65.0244
-65.0245
-65.0245
-65.0246
-65.0246
-65.0247
-65.0247
-65.0247
-65.0248
-65.0248
-65.0248
-65.0248
-65.0249
-65.0249
-65.0249
-65.0249
-65.0249
-65.0249
-65.0249
-65.0249
-65.0249
-65.0248
-65.0248
-65.0248
-65.0248
-65.0247
-65.0247
-65.0247
-65.0246
-65.0246
-65.0245
-65.0245
-65.0244
-65.0244
-65.0243
-65.0242
-65.0242
-65.0241
-65.024
-65.024
-65.0239
-65.0238
-65.0237
-65.0236
-65.0235
-65.0234
-65.0233
-65.0232
-65.0231
-65.023
-65.0229
-65.0228
-65.0227
-65.0226
-65.0225
-65.0224
-65.0222
-65.0221
-65.022
-65.0219
-65.0217
-65.0216
-65.0215
-65.0213
-65.0212
-65.021
-65.0209
-65.0207
-65.0206
-65.0204
-65.0203
-65.0201
-65.02
-65.0198
-65.0197
-65.0195
-65.0193
-65.0192
-65.019
-65.0188
-65.0187
-65.0185
-65.0183
-65.0181
-65.0179
-65.0178
-65.0176
-65.0174
-65.0172
-65.017
-65.0168
-65.0166
-65.0165
-65.0163
-65.0161
-65.0159
-65.0157
-65.0155
-65.0153
-65.0151
-65.0149
-65.0147
-65.0145
-65.0143
-65.014
-65.0138
-65.0136
-65.0134
-65.0132
-65.013
-65.0128
-65.0126
-65.0123
-65.0121
-65.0119
-65.0117
-65.0115
-65.0113
-65.011
-65.0108
-65.0106
-65.0104
-65.0101
-65.0099
-65.0097
-65.0095
-65.0092
-65.009
-65.0088
-65.0086
-65.0083
-65.0081
-65.0079
-65.0076
-65.0074
-65.0072
-65.0069
-65.0067
-65.0065
-65.0062
-65.006
-65.0058
-65.0055
-65.0053
-65.0051
-65.0048
-65.0046
-65.0044
-65.0041
-65.0039
-65.0037
-65.0034
-65.0032
-65.0029
-65.0027
-65.0025
-65.0022
-65.002
-65.0018
-65.0015
-65.0013
-65.0011
-65.0008
-65.0006
-65.0003
-65.0001
-64.9999
-64.9996
-64.9994
-64.9992
-64.9989
-64.9987
-64.9985
-64.9982
-64.998
-64.9978
-64.9975
-64.9973
-64.9971
-64.9968
-64.9966
-64.9964
-64.9961
-64.9959
-64.9957
-64.9954
-64.9952
-64.995
-64.9947
-64.9945
-64.9943
-64.994
-64.9938
-64.9936
-64.9934
-64.9931
-64.9929
-64.9927
-64.9925
-64.9922
-64.992
-64.9918
-64.9916
-64.9913
-64.9911
-64.9909
-64.9907
-64.9904
-64.9902
-64.99
-64.9898
-64.9896
-64.9893
-64.9891
-64.9889
-64.9887
-64.9885
-64.9883
-64.9881
-64.9878
-64.9876
-64.9874
-64.9872
-64.987
-64.9868
-64.9866
-64.9864
-64.9862
-64.986
-64.9858
-64.9856
-64.9853
-64.9851
-64.9849
-64.9847
-64.9845
-64.9843
-64.9841
-64.9839
-64.9838
-64.9836
-64.9834
-64.9832
-64.983
-64.9828
-64.9826
-64.9824
-64.9822
-64.982
-64.9818
-64.9817
-64.9815
-64.9813
-64.9811
-64.9809
-64.9807
-64.9806
-64.9804
-64.9802
-64.98
-64.9798
-64.9797
-64.9795
-64.9793
-64.9792
-64.979
-64.9788
-64.9786
-64.9785
-64.9783
-64.9781
-64.978
-64.9778
-64.9777
-64.9775
-64.9773
-64.9772
-64.977
-64.9769
-64.9767
-64.9765
-64.9764
-64.9762
-64.9761
-64.9759
-64.9758
-64.9756
-64.9755
-64.9753
-64.9752
-64.9751
-64.9749
-64.9748
-64.9746
-64.9745
-64.9744
-64.9742
-64.9741
-64.974
-64.9738
-64.9737
-64.9736
-64.9734
-64.9733
-64.9732
-64.973
-64.9729
-64.9728
-64.9727
-64.9725
-64.9724
-64.9723
-64.9722
-64.9721
-64.972
-64.9718
-64.9717
-64.9716
-64.9715
-64.9714
-64.9713
-64.9712
-64.9711
-64.971
-64.9708
-64.9707
-64.9706
-64.9705
-64.9704
-64.9703
-64.9702
-64.9701
-64.97
-64.97
-64.9699
-64.9698
-64.9697
-64.9696
-64.9695
-64.9694
-64.9693
-64.9692
-64.9691
-64.9691
-64.969
-64.9689
-64.9688
-64.9687
-64.9687
-64.9686
-64.9685
-64.9684
-64.9684
-64.9683
-64.9682
-64.9681
-64.9681
-64.968
-64.9679
-64.9679
-64.9678
-64.9677
-64.9677
-64.9676
-64.9675
-64.9675
-64.9674
-64.9674
-64.9673
-64.9672
-64.9672
-64.9671
-64.8868
-64.7299
-64.5005
-64.2024
-63.8396
-63.4162
-62.9361
-62.4034
-61.8218
-61.1952
-60.5272
-59.8214
-59.081
-58.3092
-57.5089
-56.6827
-55.8328
-54.9612
-54.0694
-53.1587
-52.2295
-51.2818
-50.3152
-49.3281
-48.3186
-47.2834
-46.2184
-45.1182
-43.9759
-42.7832
-41.5297
-40.2029
-38.7879
-37.2667
-35.6183
-33.8175
-31.8353
-29.6379
-27.1871
-24.4407
-21.3538
-17.8826
-13.9897
-9.65381
-4.88288
0.270355
5.69457
11.2158
16.611
21.642
26.1011
29.8508
32.8422
35.1074
36.7336
37.8327
38.5174
38.8861
39.0179
38.9722
38.7924
38.5087
38.1426
37.7089
37.2182
36.6782
36.0946
35.4718
34.8135
34.1225
33.4016
32.6529
31.8787
31.0808
30.2611
29.4213
28.563
27.6878
26.7971
25.8923
24.9748
24.0459
23.1068
22.1587
21.2027
20.2399
19.2712
18.2976
17.3201
16.3393
15.3562
14.3715
13.3859
12.4
11.4144
10.4297
9.44638
8.46497
7.48589
6.50953
5.53626
4.56643
3.60032
2.63822
1.68037
0.726976
-0.221758
-1.16567
-2.1046
-3.03844
-3.96708
-4.89042
-5.80842
-6.72101
-7.62817
-8.52986
-9.42609
-10.3169
-11.2022
-12.0821
-12.9567
-13.826
-14.69
-15.549
-16.4029
-17.2519
-18.0961
-18.9356
-19.7707
-20.6016
-21.4283
-22.2512
-23.0705
-23.8864
-24.6993
-25.5095
-26.3174
-27.1233
-27.9278
-28.7311
-29.5339
-30.3367
-31.1401
-31.9447
-32.7511
-33.56
-34.3722
-35.1885
-36.0097
-36.8366
-37.6701
-38.5111
-39.3604
-40.2191
-41.088
-41.9679
-42.8597
-43.7641
-44.6817
-45.6129
-46.5582
-47.5176
-48.4908
-49.4773
-50.4763
-51.4862
-52.5052
-53.5308
-54.5599
-55.5889
-56.6135
-57.6288
-58.6295
-59.6098
-60.564
-61.486
-62.3704
-63.2117
-64.0055
-64.7482
-65.4371
-66.0706
-66.6482
-67.1707
-67.6395
-68.0569
-68.426
-68.7502
-69.0331
-69.2786
-69.4905
-69.6725
-69.828
-69.9603
-70.0723
-70.1668
-70.2462
-70.3125
-70.3677
-70.4134
-70.4509
-70.4815
-70.5062
-70.526
-70.5415
-70.5535
-70.5625
-70.569
-70.5733
-70.5759
-70.5769
-70.5767
-70.5754
-70.5732
-70.5703
-70.5668
-70.5627
-70.5583
-70.5535
-70.5484
-70.543
-70.5375
-70.5319
-70.5261
-70.5203
-70.5143
-70.5084
-70.5024
-70.4964
-70.4905
-70.4845
-70.4786
-70.4727
-70.4668
-70.461
-70.4552
-70.4495
-70.4438
-70.4382
-70.4326
-70.4271
-70.4217
-70.4163
-70.411
-70.4057
-70.4006
-70.3954
-70.3904
-70.3854
-70.3805
-70.3756
-70.3708
-70.3661
-70.3614
-70.3568
-70.3523
-70.3478
-70.3434
-70.339
-70.3347
-70.3305
-70.3263
-70.3222
-70.3181
-70.3141
-70.3102
-70.3063
-70.3024
-70.2986
-70.2949
-70.2912
-70.2876
-70.284
-70.2804
-70.2769
-70.2735
-70.2701
-70.2667
-70.2634
-70.2602
-70.257
-70.2538
-70.2506
-70.2476
-70.2445
-70.2415
-70.2385
-70.2356
-70.2327
-70.2298
-70.227
-70.2242
-70.2214
-70.2187
-70.216
-70.2133
-70.2107
-70.208
-70.2055
-70.2029
-70.2004
-70.1979
-70.1954
-70.193
-70.1905
-70.1881
-70.1857
-70.1834
-70.1811
-70.1787
-70.1764
-70.1742
-70.1719
-70.1696
-70.1674
-70.1652
-70.163
-70.1608
-70.1587
-70.1565
-70.1544
-70.1522
-70.1501
-70.148
-70.1459
-70.1438
-70.1417
-70.1396
-70.1376
-70.1355
-70.1334
-70.1314
-70.1293
-70.1273
-70.1253
-70.1232
-70.1212
-70.1191
-70.1171
-70.1151
-70.113
-70.111
-70.1089
-70.1069
-70.1049
-70.1028
-70.1008
-70.0987
-70.0966
-70.0946
-70.0925
-70.0904
-70.0883
-70.0862
-70.0841
-70.082
-70.0798
-70.0777
-70.0755
-70.0734
-70.0712
-70.069
-70.0668
-70.0646
-70.0624
-70.0601
-70.0579
-70.0556
-70.0533
-70.051
-70.0487
-70.0464
-70.044
-70.0416
-70.0393
-70.0368
-70.0344
-70.032
-70.0295
-70.027
-70.0245
-70.0219
-70.0194
-70.0168
-70.0142
-70.0116
-70.0089
-70.0063
-70.0036
-70.0008
-69.9981
-69.9953
-69.9925
-69.9897
-69.9868
-69.9839
-69.981
-69.9781
-69.9751
-69.9721
-69.9691
-69.9661
-69.963
-69.9599
-69.9568
-69.9536

