-65
-64.9994
-64.9988
-64.9982
-64.9977
-64.9971
-64.9965
-64.996
-64.9954
-64.9949
-64.9943
-64.9938
-64.9932
-64.9927
-64.9922
-64.9917
-64.9912
-64.9906
-64.9901
-64.9896
-64.9891
-64.9886
-64.9881
-64.9876
-64.9872
-64.9867
-64.9862
-64.9857
-64.9852
-64.9848
-64.9843
-64.9838
-64.9834
-64.9829
-64.9825
-64.982
-64.9012
-64.744
-64.514
-64.2155
-63.8522
-63.4283
-62.9477
-62.4145
-61.8323
-61.2052
-60.5366
-59.8302
-59.0892
-58.3168
-57.5159
-56.689
-55.8384
-54.9661
-54.0737
-53.1622
-52.2322
-51.2838
-50.3162
-49.3283
-48.3177
-47.2814
-46.2152
-45.1135
-43.9697
-42.7751
-41.5194
-40.19
-38.772
-37.2472
-35.5944
-33.7884
-31.7998
-29.5947
-27.1346
-24.3769
-21.2766
-17.7897
-13.8788
-9.52294
-4.73096
0.442723
5.88449
11.4176
16.8168
21.8428
26.2884
30.0184
32.9871
35.2295
36.8349
37.9165
38.5872
38.9452
39.0691
39.0177
38.8338
38.5474
38.1793
37.7445
37.2531
36.7127
36.1291
35.5065
34.8485
34.158
33.4377
32.6898
31.9163
31.1193
30.3005
29.4617
28.6043
27.7301
26.8404
25.9366
25.0202
24.0923
23.1542
22.2071
21.2521
20.2903
19.3225
18.3499
17.3732
16.3934
15.4111
14.4272
13.4424
12.4572
11.4723
10.4883
9.50568
8.52489
7.54639
6.57059
5.59784
4.62849
3.66285
2.70117
1.74371
0.79069
-0.157703
-1.1013
-2.03994
-2.97352
-3.90191
-4.82505
-5.74286
-6.65529
-7.5623
-8.46387
-9.35999
-10.2507
-11.1359
-12.0158
-12.8904
-13.7596
-14.6237
-15.4826
-16.3365
-17.1855
-18.0298
-18.8694
-19.7045
-20.5354
-21.3622
-22.1851
-23.0045
-23.8204
-24.6334
-25.4436
-26.2515
-27.0575
-27.8619
-28.6652
-29.468
-30.2707
-31.074
-31.8784
-32.6846
-33.4934
-34.3053
-35.1213
-35.9422
-36.7687
-37.6018
-38.4423
-39.2912
-40.1493
-41.0176
-41.8969
-42.788
-43.6917
-44.6086
-45.5392
-46.4838
-47.4426
-48.4152
-49.4013
-50.3999
-51.4097
-52.4287
-53.4546
-54.4844
-55.5143
-56.5402
-57.5572
-58.5601
-59.543
-60.5002
-61.4257
-62.3138
-63.1592
-63.9574
-64.7046
-65.398
-66.036
-66.6181
-67.1448
-67.6177
-68.0389
-68.4115
-68.7389
-69.0247
-69.2727
-69.4869
-69.6708
-69.828
-69.9618
-70.0751
-70.1707
-70.251
-70.3181
-70.3739
-70.4201
-70.4581
-70.4891
-70.5141
-70.5341
-70.5499
-70.5621
-70.5712
-70.5778
-70.5823
-70.5849
-70.586
-70.5858
-70.5846
-70.5824
-70.5796
-70.576
-70.572
-70.5676
-70.5627
-70.5577
-70.5523
-70.5468
-70.5412
-70.5354
-70.5295
-70.5236
-70.5176
-70.5117
-70.5057
-70.4997
-70.4937
-70.4878
-70.4818
-70.4759
-70.4701
-70.4643
-70.4586
-70.4529
-70.4472
-70.4417
-70.4361
-70.4307
-70.4253
-70.42
-70.4147
-70.4095
-70.4044
-70.3993
-70.3943
-70.3893
-70.3845
-70.3797
-70.3749
-70.3702
-70.3656
-70.361
-70.3565
-70.3521
-70.3477
-70.3434
-70.3391
-70.3349
-70.3308
-70.3267
-70.3227
-70.3187
-70.3148
-70.3109
-70.3071
-70.3034
-70.2996
-70.296
-70.2924
-70.2888
-70.2853
-70.2818
-70.2784
-70.275
-70.2717
-70.2684
-70.2652
-70.262
-70.2588
-70.2557
-70.2526
-70.2496
-70.2466
-70.2437
-70.2407
-70.2378
-70.235
-70.2322
-70.2294
-70.2266
-70.2239
-70.2212
-70.2185
-70.2159
-70.2133
-70.2107
-70.2082
-70.2057
-70.2032
-70.2007
-70.1982
-70.1958
-70.1934
-70.191
-70.1887
-70.1863
-70.184
-70.1817
-70.1794
-70.1771
-70.1749
-70.1727
-70.1704
-70.1682
-70.166
-70.1639
-70.1617
-70.1595
-70.1574
-70.1553
-70.1531
-70.151
-70.1489
-70.1468
-70.1447
-70.1426
-70.1406
-70.1385
-70.1364
-70.1343
-70.1323
-70.1302
-70.1282
-70.1261
-70.124
-70.122
-70.1199
-70.1178
-70.1158
-70.1137
-70.1116
-70.1096
-70.1075
-70.1054
-70.1033
-70.1012
-70.0991
-70.097
-70.0949
-70.0928
-70.0907
-70.0885
-70.0864
-70.0842
-70.082
-70.0798
-70.0777
-70.0754
-70.0732
-70.071
-70.0687
-70.0665
-70.0642
-70.0619
-70.0596
-70.0573
-70.0549
-70.0526
-70.0502
-70.0478
-70.0454
-70.0429
-70.0405
-70.038
-70.0355
-70.033
-70.0305
-70.0279
-70.0253
-70.0227
-70.0201
-70.0175
-70.0148
-70.0121
-70.0094
-70.0066
-70.0039
-70.0011
-69.9983
-69.9954
-69.9925
-69.9896
-69.9867
-69.9838
-69.9808
-69.9778
-69.9747
-69.9716
-69.8846
-69.7198
-69.4835
-69.1818
-68.8205
-68.4052
-67.9414
-67.4341
-66.8883
-66.3088
-65.6999
-65.0659
-64.4106
-63.7377
-63.0507
-62.3528
-61.6467
-60.9354
-60.2211
-59.5061
-58.7924
-58.0817
-57.3756
-56.6752
-55.9817
-55.296
-54.6185
-53.9498
-53.2899
-52.6389
-51.9963
-51.3618
-50.7346
-50.1137
-49.4981
-48.8862
-48.2765
-47.6671
-47.0559
-46.4407
-45.8188
-45.1875
-44.5436
-43.8837
-43.2041
-42.5007
-41.7692
-41.0046
-40.2017
-39.3545
-38.4566
-37.501
-36.48
-35.3852
-34.2072
-32.9361
-31.5611
-30.0711
-28.4541
-26.6983
-24.7923
-22.7258
-20.491
-18.0831
-15.5032
-12.7592
-9.86811
-6.85791
-3.76803
-0.649082
2.43941
5.43298
8.26757
10.8853
13.2398
15.2994
17.0482
18.4855
19.6227
20.4804
21.0842
21.4621
21.6423
21.6511
21.5125
21.2477
20.875
20.4101
19.8662
19.2546
18.5848
17.8651
17.1022
16.3021
15.4701
14.6106
13.7275
12.8242
11.9039
10.9691
10.0225
9.06599
8.10163
7.13112
6.156
5.17765
4.19731
3.2161
2.23499
1.25488
0.276554
-0.699302
-1.67206
-2.64119
-3.60621
-4.5667
-5.5223
-6.47269
-7.41763
-8.35689
-9.29029
-10.2177
-11.139
-12.054
-12.9628
-13.8653
-14.7615
-15.6514
-16.5351
-17.4127
-18.2841
-19.1496
-20.0093
-20.8633
-21.7119
-22.5552
-23.3934
-24.2269
-25.056
-25.8809
-26.702
-27.5198
-28.3345
-29.1468
-29.957
-30.7658
-31.5737
-32.3812
-33.1891
-33.998
-34.8086
-35.6216
-36.4379
-37.2581
-38.0831
-38.9137
-39.7507
-40.5949
-41.4471
-42.3079
-43.1781
-44.0582
-44.9487
-45.8499
-46.762
-47.6848
-48.6182
-49.5614
-50.5135
-51.4732
-52.4388
-53.4079
-54.3779
-55.3457
-56.3075
-57.2593
-58.1968
-59.1151
-60.0096
-60.8754
-61.7079
-62.5028
-63.2563
-63.9654
-64.6277
-65.2416
-65.8065
-66.3225
-66.7907
-67.2126
-67.5903
-67.9266
-68.2242
-68.4863
-68.7159
-68.9162
-69.0903
-69.2409
-69.3708
-69.4824
-69.578
-69.6596
-69.729
-69.7879
-69.8376
-69.8794
-69.9145
-69.9437
-69.9679
-69.9878
-70.004
-70.0171
-70.0274
-70.0355
-70.0416
-70.046
-70.049
-70.0508
-70.0515
-70.0514
-70.0505
-70.049
-70.0469
-70.0445
-70.0416
-70.0385
-70.0351
-70.0314
-70.0276
-70.0237
-70.0197
-70.0156
-70.0114
-70.0072
-70.0029
-69.9987
-69.9944
-69.9902
-69.9859
-69.9817
-69.9775
-69.9734
-69.9693
-69.9653
-69.9613
-69.9573
-69.9534
-69.9496
-69.9458
-69.942
-69.9384
-69.9348
-69.9312
-69.9277
-69.9243
-69.9209
-69.9176
-69.9144
-69.8327
-69.6834
-69.476
-69.219
-68.9199
-68.5855
-68.2219
-67.8342
-67.4272
-67.005
-66.5713
-66.1292
-65.6816
-65.2309
-64.7792
-64.3284
-63.88
-63.4355
-62.996
-62.5626
-62.1359
-61.7169
-61.3059
-60.9035
-60.5101
-60.1258
-59.751
-59.3856
-59.0299
-58.6838
-58.3473
-58.0202
-57.7026
-57.3942
-57.095
-56.8046
-56.5229
-56.2498
-55.9848
-55.7279
-55.4788
-55.2372
-55.0028
-54.7754
-54.5548
-54.3406
-54.1327
-53.9307
-53.7344
-53.5436
-53.358
-53.1775
-53.0017
-52.8305
-52.6636
-52.5009
-52.3421
-52.1871
-52.0356
-51.8876
-51.7428
-51.6011
-51.4624
-51.3264
-51.1931
-51.0623
-50.9339
-50.8078
-50.6839
-50.562
-50.4421
-50.3241
-50.2079
-50.0934
-49.9804
-49.8691
-49.7592
-49.6507
-49.5435
-49.4376
-49.3329
-49.2294
-49.127
-49.0256
-48.9252
-48.8258
-48.7273
-48.6296
-48.5328
-48.4368
-48.3415
-48.2469
-48.153
-48.0598
-47.9671
-47.8751
-47.7836
-47.6926
-47.6021
-47.5121
-47.4225
-47.3333
-47.2445
-47.156
-47.0679
-46.9801
-46.8926
-46.8054
-46.7184
-46.6316
-46.545
-46.4586
-46.3723
-46.2862
-46.2002
-46.1143
-46.0284
-45.9426
-45.8569
-45.7711
-45.6853
-45.5995
-45.5137
-45.4278
-45.3418
-45.2557
-45.1694
-45.083
-44.9965
-44.9098
-44.8228
-44.7357
-44.6482
-44.5606
-44.4726
-44.3844
-44.2958
-44.2069
-44.1176
-44.0279
-43.9378
-43.8474
-43.7565
-43.6651
-43.5732
-43.4809
-43.388
-43.2946
-43.2007
-43.1061
-43.011
-42.9153
-42.8189
-42.7219
-42.6242
-42.5259
-42.4268
-42.3271
-42.2266
-42.1253
-42.0233
-41.9205
-41.8169
-41.7126
-41.6073
-41.5013
-41.3945
-41.2868
-41.1782
-41.0688
-40.9585
-40.8474
-40.7354
-40.6225
-40.5088
-40.3942
-40.2788
-40.1626
-40.0455
-39.9277
-39.809
-39.6897
-39.5695
-39.4488
-39.3273
-39.2052
-39.0826
-38.9595
-38.8359
-38.7119
-38.5876
-38.463
-38.3382
-38.2134
-38.0886
-37.9639
-37.8394
-37.7152
-37.5915
-37.4684
-37.3461
-37.2246
-37.1042
-36.9849
-36.8671
-36.7508
-36.6363
-36.5237
-36.4133
-36.3054
-36.2
-36.0974
-35.998
-35.9019
-35.8094
-35.7208
-35.6364
-35.5563
-35.481
-35.4106
-35.3455
-35.286
-35.2324
-35.185
-35.144
-35.1098
-35.0828
-35.0631
-35.0511
-35.0471
-35.0513
-35.0642
-35.086
-35.1169
-35.1573
-35.2074
-35.2675
-35.3379
-35.4188
-35.5104
-35.6132
-35.7271
-35.8526
-35.9898
-36.139
-36.3004
-36.4742
-36.6606
-36.8599
-37.0722
-37.2978
-37.5368
-37.7895
-38.0562
-38.3369
-38.6319
-38.9415
-39.2658
-39.6051
-39.9596
-40.3296
-40.7153
-41.1169
-41.5347
-41.9689
-42.4198
-42.8876
-43.3725
-43.8747
-44.3943
-44.9317
-45.4868
-46.0597
-46.6504
-47.2589
-47.8849
-48.5282
-49.1885
-49.8651
-50.5573
-51.2643
-51.985
-52.718
-53.4619
-54.2148
-54.9747
-55.7393
-56.5062
-57.2726
-58.0356
-58.7922
-59.5393
-60.2737
-60.9925
-61.6925
-62.371
-63.0255
-63.6538
-64.2539
-64.8244
-65.3643
-65.8729
-66.3499
-66.7956
-67.2103
-67.5948
-67.9502
-68.2776
-68.5785
-68.8544
-69.1066
-69.3369
-69.5467
-69.7376
-69.9111
-70.0685
-70.2112
-70.3405
-70.4575
-70.5633
-70.6589
-70.7454
-70.8234
-70.8938
-70.9573
-71.0145
-71.0661
-71.1125
-71.1542
-71.1917
-71.2254
-71.2557
-71.2827
-71.307
-71.3286
-71.3479
-71.365
-71.3802
-71.3936
-71.4055
-71.4158
-71.4249
-71.4327
-71.4394
-71.4451
-71.4499
-71.4538
-71.457
-71.4595
-71.4613
-71.4625
-71.4632
-71.4634
-71.4632
-71.4625
-71.4614
-71.46
-71.4583
-71.4562
-71.4539
-71.4513
-71.4485
-71.4454
-71.4422
-71.4388
-71.4352
-71.4314
-71.4275
-71.4234
-71.4192
-71.4149
-71.4104
-71.4059
-71.4012
-71.3964
-71.3916
-71.3867
-71.3817
-71.3766
-71.3714
-71.3662
-71.3609
-71.3555
-71.3501
-71.3446
-71.3391
-71.3335
-71.3279
-71.3222
-71.3165
-71.3107
-71.3049
-71.299
-71.2931
-71.2872
-71.2812
-71.2751
-71.2691
-71.263
-71.2568
-71.2506
-71.2444
-71.2382
-71.2319
-71.2256
-71.2192
-71.2128
-71.2064
-71.1999
-71.1934
-71.1869
-71.1804
-71.1738
-71.1671
-71.1605
-71.1538
-71.1471
-71.1403
-71.1335
-71.1267
-71.1199
-71.113
-71.1061
-71.0991
-71.0922
-71.0851
-71.0781
-71.071
-71.0639
-71.0568
-71.0496
-71.0424
-71.0352
-71.0279
-71.0206
-71.0133
-71.0059
-70.9985
-70.9911
-70.9836
-70.9761
-70.9686
-70.961
-70.9534
-70.9458
-70.9381
-70.9304
-70.9227
-70.9149
-70.9071
-70.8993
-70.8914
-70.8835
-70.8756
-70.8676
-70.8596
-70.8516
-70.8435
-70.8354
-70.8273
-70.8191
-70.8109
-70.8026
-70.7944
-70.786
-70.7777
-70.7693
-70.7609
-70.7525
-70.744
-70.7355
-70.7269
-70.7183
-70.7097
-70.701
-70.6923
-70.6836
-70.6749
-70.6661
-70.6572
-70.6484
-70.6395
-70.6305
-70.6216
-70.6126
-70.6035
-70.5945
-70.5854
-70.5762
-70.567
-70.5578
-70.5486
-70.5393
-70.53
-70.5207
-70.5113
-70.5019
-70.4924
-70.483
-70.4734
-70.4639
-70.4543
-70.4447
-70.435
-70.4254
-70.4156
-70.4059
-70.3961
-70.3863
-70.3764
-70.3666
-70.3566
-70.3467
-70.3367
-70.3267
-70.3167
-70.3066
-70.2965
-70.2863
-70.2761
-70.2659
-70.2557
-70.2454
-70.2351
-70.2248
-70.2144
-70.204
-70.1936
-70.1831
-70.1726
-70.1621
-70.1515
-70.141
-70.1304
-70.1197
-70.109
-70.0983
-70.0876
-70.0768
-70.066
-70.0552
-70.0444
-70.0335
-70.0226
-70.0116
-70.0007
-69.9897
-69.9787
-69.9676
-69.9565
-69.9454
-69.9343
-69.9231
-69.9119
-69.9007
-69.8895
-69.8782
-69.8669
-69.8556
-69.8442
-69.8329
-69.8215
-69.81
-69.7986
-69.7871
-69.7756
-69.7641
-69.7525
-69.741
-69.7294
-69.7178
-69.7061
-69.6944
-69.6827
-69.671
-69.6593
-69.6475
-69.6357
-69.6239
-69.6121
-69.6003
-69.5884
-69.5765
-69.5646
-69.5527
-69.5407
-69.5287
-69.5167
-69.5047
-69.4927
-69.4806
-69.4686
-69.4565
-69.4444
-69.4322
-69.4201
-69.4079
-69.3957
-69.3835
-69.3713
-69.3591
-69.3468
-69.3346
-69.3223
-69.31
-69.2976
-69.2853
-69.273
-69.2606
-69.2482
-69.2358
-69.2234
-69.211
-69.1985
-69.1861
-69.1736
-69.1611
-69.1486
-69.1361
-69.1236
-69.1111
-69.0985
-69.086
-69.0734
-69.0608
-69.0482
-69.0356
-69.023
-69.0104
-68.9977
-68.9851
-68.9724
-68.9598
-68.9471
-68.9344
-68.9217
-68.909
-68.8963
-68.8836
-68.8709
-68.8581
-68.8454
-68.8327
-68.8199
-68.8071
-68.7944
-68.7816
-68.7688
-68.756
-68.7432
-68.7304
-68.7176
-68.7048
-68.692
-68.6792
-68.6663
-68.6535
-68.6407
-68.6279
-68.615
-68.6022
-68.5893
-68.5765
-68.5636
-68.5508
-68.5379
-68.5251
-68.5122
-68.4994
-68.4865
-68.4737
-68.4608
-68.4479
-68.4351
-68.4222
-68.4094
-68.3965
-68.3837
-68.3708
-68.3579
-68.3451
-68.3322
-68.3194
-68.3065
-68.2937
-68.2808
-68.268
-68.2552
-68.2423
-68.2295
-68.2167
-68.2039
-68.191
-68.1782
-68.1654
-68.1526
-68.1398
-68.127
-68.1142
-68.1014
-68.0886
-68.0759
-68.0631
-68.0503
-68.0376
-68.0248
-68.0121
-67.9994
-67.9866
-67.9739
-67.9612
-67.9485
-67.9358
-67.9231
-67.9105
-67.8978
-67.8851
-67.8725
-67.8599
-67.8472
-67.8346
-67.822
-67.8094
-67.7968
-67.7842
-67.7717
-67.7591
-67.7465
-67.734
-67.7215
-67.709
-67.6965
-67.684
-67.6715
-67.659
-67.6466
-67.6341
-67.6217
-67.6093
-67.5969
-67.5845
-67.5721
-67.5598
-67.5474
-67.5351
-67.5228
-67.5105
-67.4982
-67.4859
-67.4736
-67.4614
-67.4492
-67.437
-67.4248
-67.4126
-67.4004
-67.3883
-67.3761
-67.364
-67.3519
-67.3398
-67.3278
-67.3157
-67.3037
-67.2917
-67.2797
-67.2677
-67.2557
-67.2438
-67.2318
-67.2199
-67.208
-67.1962
-67.1843
-67.1725
-67.1607
-67.1489
-67.1371
-67.1253
-67.1136
-67.1019
-67.0902
-67.0785
-67.0668
-67.0552
-67.0436
-67.032
-67.0204
-67.0088
-66.9973
-66.9858
-66.9743
-66.9628
-66.9514
-66.9399
-66.9285
-66.9172
-66.9058
-66.8945
-66.8831
-66.8718
-66.8606
-66.8493
-66.8381
-66.8269
-66.8157
-66.8045
-66.7934
-66.7823
-66.7712
-66.7601
-66.7491
-66.738
-66.727
-66.7161
-66.7051
-66.6942
-66.6833
-66.6724
-66.6615
-66.6507
-66.6399
-66.6291
-66.6184
-66.6076
-66.5969
-66.5862
-66.5756
-66.565
-66.5544
-66.5438
-66.5332
-66.5227
-66.5122
-66.5017
-66.4913
-66.4809
-66.4705
-66.4601
-66.4498
-66.4395
-66.4292
-66.4189
-66.4087
-66.3985
-66.3883
-66.3782
-66.368
-66.3579
-66.3479
-66.3378
-66.3278
-66.3178
-66.3079
-66.2979
-66.288
-66.2782
-66.2683
-66.2585
-66.2487
-66.2389
-66.2292
-66.2195
-66.2098
-66.2001
-66.1905
-66.1809
-66.1713
-66.1618
-66.1523
-66.1428
-66.1334
-66.1239
-66.1145
-66.1052
-66.0959
-66.0865
-66.0773
-66.068
-66.0588
-66.0496
-66.0405
-66.0314
-66.0223
-66.0132
-66.0042
-65.9952
-65.9862
-65.9773
-65.9684
-65.9595
-65.9507
-65.9419
-65.9331
-65.9243
-65.9156
-65.9069
-65.8982
-65.8896
-65.881
-65.8724
-65.8639
-65.8554
-65.8469
-65.8385
-65.8301
-65.8217
-65.8133
-65.805
-65.7967
-65.7885
-65.7802
-65.772
-65.7639
-65.7557
-65.7476
-65.7396
-65.7315
-65.7235
-65.7155
-65.7076
-65.6997
-65.6918
-65.684
-65.6761
-65.6684
-65.6606
-65.6529
-65.6452
-65.6376
-65.6299
-65.6224
-65.6148
-65.6073
-65.5998
-65.5923
-65.5849
-65.5775
-65.5702
-65.5629
-65.5556
-65.5483
-65.5411
-65.5339
-65.5268
-65.5196
-65.5126
-65.5055
-65.4985
-65.4915
-65.4846
-65.4776
-65.4708
-65.4639
-65.4571
-65.4503
-65.4436
-65.4368
-65.4302
-65.4235
-65.4169
-65.4103
-65.4038
-65.3972
-65.3908
-65.3843
-65.3779
-65.3715
-65.3652
-65.3588
-65.3526
-65.3463
-65.3401
-65.3339
-65.3277
-65.3216
-65.3155
-65.3095
-65.3035
-65.2975
-65.2915
-65.2856
-65.2797
-65.2739
-65.2681
-65.2623
-65.2565
-65.2508
-65.2451
-65.2395
-65.2338
-65.2283
-65.2227
-65.2172
-65.2117
-65.2063
-65.2009
-65.1955
-65.1901
-65.1848
-65.1795
-65.1743
-65.1691
-65.1639
-65.1588
-65.1536
-65.1486
-65.1435
-65.1385
-65.1335
-65.1286
-65.1237
-65.1188
-65.114
-65.1092
-65.1044
-65.0997
-65.095
-65.0903
-65.0857
-65.0811
-65.0765
-65.072
-65.0675
-65.063
-65.0586
-65.0542
-65.0498
-65.0455
-65.0412
-65.0369
-65.0327
-65.0285
-65.0243
-65.0202
-65.0161
-65.0121
-65.008
-65.004
-65.0001
-64.9962
-64.9923
-64.9884
-64.9846
-64.9808
-64.977
-64.9733
-64.9696
-64.966
-64.9623
-64.9587
-64.9552
-64.9516
-64.9481
-64.9447
-64.9412
-64.9378
-64.9344
-64.9311
-64.9278
-64.9245
-64.9213
-64.9181
-64.9149
-64.9117
-64.9086
-64.9055
-64.9024
-64.8994
-64.8964
-64.8935
-64.8905
-64.8876
-64.8847
-64.8819
-64.8791
-64.8763
-64.8736
-64.8708
-64.8681
-64.8655
-64.8629
-64.8603
-64.8577
-64.8552
-64.8526
-64.8502
-64.8477
-64.8453
-64.8429
-64.8406
-64.8382
-64.8359
-64.8337
-64.8314
-64.8292
-64.827
-64.8249
-64.8227
-64.8206
-64.8186
-64.8165
-64.8145
-64.8125
-64.8106
-64.8087
-64.8068
-64.8049
-64.8031
-64.8013
-64.7995
-64.7977
-64.796
-64.7943
-64.7926
-64.791
-64.7894
-64.7878
-64.7862
-64.7847
-64.7832
-64.7817
-64.7802
-64.7788
-64.7774
-64.776
-64.7747
-64.7734
-64.7721
-64.7708
-64.7696
-64.7684
-64.7672
-64.766
-64.7649
-64.7638
-64.7627
-64.7616
-64.7606
-64.7595
-64.7586
-64.7576
-64.7567
-64.7557
-64.7549
-64.754
-64.7531
-64.7523
-64.7515
-64.7508
-64.75
-64.7493
-64.7486
-64.7479
-64.7473
-64.7466
-64.746
-64.7454
-64.7449
-64.7443
-64.7438
-64.7433
-64.7428
-64.7424
-64.742
-64.7416
-64.7412
-64.7408
-64.7405
-64.7401
-64.7398
-64.7396
-64.7393
-64.7391
-64.7388
-64.7386
-64.7385
-64.7383
-64.7382
-64.738
-64.7379
-64.7379
-64.7378
-64.7378
-64.7377
-64.7377
-64.7378
-64.7378
-64.7378
-64.7379
-64.738
-64.7381
-64.7382
-64.7384
-64.7385
-64.7387
-64.7389
-64.7391
-64.7393
-64.7396
-64.7398
-64.7401
-64.7404
-64.7407
-64.7411
-64.7414
-64.7418
-64.7421
-64.7425
-64.7429
-64.7433
-64.7438
-64.7442
-64.7447
-64.7452
-64.7457
-64.7462
-64.7467
-64.7472
-64.7478
-64.7483
-64.7489
-64.7495
-64.7501
-64.7507
-64.7514
-64.752
-64.7527
-64.7533
-64.754
-64.7547
-64.7554
-64.7561
-64.7569
-64.7576
-64.7583
-64.7591
-64.7599
-64.7607
-64.7615
-64.7623
-64.7631
-64.7639
-64.7647
-64.7656
-64.7665
-64.7673
-64.7682
-64.7691
-64.77
-64.7709
-64.7718
-64.7727
-64.7737
-64.7746
-64.7756
-64.7765
-64.7775
-64.7785
-64.7794
-64.7804
-64.7814
-64.7824
-64.7834
-64.7845
-64.7855
-64.7865
-64.7876
-64.7886
-64.7897
-64.7907
-64.7918
-64.7929
-64.794
-64.7951
-64.7961
-64.7972
-64.7983
-64.7995
-64.8006
-64.8017
-64.8028
-64.8039
-64.8051
-64.8062
-64.8074
-64.8085
-64.8097
-64.8108
-64.812
-64.8132
-64.8143
-64.8155
-64.8167
-64.8178
-64.819
-64.8202
-64.8214
-64.8226
-64.8238
-64.825
-64.8262
-64.8274
-64.8286
-64.8298
-64.831
-64.8322
-64.8334
-64.8347
-64.8359
-64.8371
-64.8383
-64.8395
-64.8408
-64.842
-64.8432
-64.8444
-64.8457
-64.8469
-64.8481
-64.8494
-64.8506
-64.8518
-64.853
-64.8543
-64.8555
-64.8567
-64.858
-64.8592
-64.8604
-64.8617
-64.8629
-64.8641
-64.8653
-64.8666
-64.8678
-64.869
-64.8702
-64.8715
-64.8727
-64.8739
-64.8751
-64.8763
-64.8776
-64.8788
-64.88
-64.8812
-64.8824
-64.8836
-64.8848
-64.886
-64.8872
-64.8884
-64.8896
-64.8908
-64.892
-64.8932
-64.8944
-64.8956
-64.8967
-64.8979
-64.8991
-64.9003
-64.9014
-64.9026
-64.9037
-64.9049
-64.9061
-64.9072
-64.9084
-64.9095
-64.9106
-64.9118
-64.9129
-64.914
-64.9152
-64.9163
-64.9174
-64.9185
-64.9196
-64.9207
-64.9218
-64.9229
-64.924
-64.9251
-64.9262
-64.9273
-64.9284
-64.9294
-64.9305
-64.9316
-64.9326
-64.9337
-64.9347
-64.9358
-64.9368
-64.9378
-64.9389
-64.9399
-64.9409
-64.9419
-64.9429
-64.9439
-64.9449
-64.9459
-64.9469
-64.9479
-64.9489
-64.9498
-64.9508
-64.9518
-64.9527
-64.9537
-64.9546
-64.9555
-64.9565
-64.9574
-64.9583
-64.9592
-64.9601
-64.961
-64.9619
-64.9628
-64.9637
-64.9646
-64.9655
-64.9664
-64.9672
-64.9681
-64.9689
-64.9698
-64.9706
-64.9715
-64.9723
-64.9731
-64.9739
-64.9747
-64.9755
-64.9763
-64.9771
-64.9779
-64.9787
-64.9795
-64.9802
-64.981
-64.9817
-64.9825
-64.9832
-64.984
-64.9847
-64.9854
-64.9862
-64.9869
-64.9876
-64.9883
-64.989
-64.9897
-64.9903
-64.991
-64.9917
-64.9923
-64.993
-64.9937
-64.9943
-64.9949
-64.9956
-64.9962
-64.9968
-64.9974
-64.998
-64.9986
-64.9992
-64.9998
-65.0004
-65.001
-65.0015
-65.0021
-65.0027
-65.0032
-65.0038
-65.0043
-65.0048
-65.0054
-65.0059
-65.0064
-65.0069
-65.0074
-65.0079
-65.0084
-65.0089
-65.0093
-65.0098
-65.0103
-65.0107
-65.0112
-65.0116
-65.0121
-65.0125
-65.0129
-65.0134
-65.0138
-65.0142
-65.0146
-65.015
-65.0154
-65.0158
-65.0161
-65.0165
-65.0169
-65.0172
-65.0176
-65.0179
-65.0183
-65.0186
-65.019
-65.0193
-65.0196
-65.0199
-65.0202
-65.0205
-65.0208
-65.0211
-65.0214
-65.0217
-65.022
-65.0222
-65.0225
-65.0228
-65.023
-65.0233
-65.0235
-65.0237
-65.024
-65.0242
-65.0244
-65.0246
-65.0248
-65.0251
-65.0253
-65.0255
-65.0256
-65.0258
-65.026
-65.0262
-65.0264
-65.0265
-65.0267
-65.0268
-65.027
-65.0271
-65.0273
-65.0274
-65.0275
-65.0277
-65.0278
-65.0279
-65.028
-65.0281
-65.0282
-65.0283
-65.0284
-65.0285
-65.0286
-65.0287
-65.0287
-65.0288
-65.0289
-65.0289
-65.029
-65.0291
-65.0291
-65.0292
-65.0292
-65.0292
-65.0293
-65.0293
-65.0293
-65.0293
-65.0294
-65.0294
-65.0294
-65.0294
-65.0294
-65.0294
-65.0294
-65.0294
-65.0294
-65.0293
-65.0293
-65.0293
-65.0293
-65.0292
-65.0292
-65.0292
-65.0291
-65.0291
-65.029
-65.029
-65.0289
-65.0289
-65.0288
-65.0287
-65.0287
-65.0286
-65.0285
-65.0284
-65.0284
-65.0283
-65.0282
-65.0281
-65.028
-65.0279
-65.0278
-65.0277
-65.0276
-65.0275
-65.0274
-65.0273
-65.0271
-65.027
-65.0269
-65.0268
-65.0267
-65.0265
-65.0264
-65.0263
-65.0261
-65.026
-65.0258
-65.0257
-65.0256
-65.0254
-65.0253
-65.0251
-65.0249
-65.0248
-65.0246
-65.0245
-65.0243
-65.0241
-65.024
-65.0238
-65.0236
-65.0235
-65.0233
-65.0231
-65.0229
-65.0227
-65.0226
-65.0224
-65.0222
-65.022
-65.0218
-65.0216
-65.0214
-65.0212
-65.021
-65.0208
-65.0206
-65.0204
-65.0202
-65.02
-65.0198
-65.0196
-65.0194
-65.0192
-65.019
-65.0188
-65.0185
-65.0183
-65.0181
-65.0179
-65.0177
-65.0175
-65.0172
-65.017
-65.0168
-65.0166
-65.0163
-65.0161
-65.0159
-65.0156
-65.0154
-65.0152
-65.015
-65.0147
-65.0145
-65.0143
-65.014
-65.0138
-65.0136
-65.0133
-65.0131
-65.0128
-65.0126
-65.0124
-65.0121
-65.0119
-65.0116
-65.0114
-65.0112
-65.0109
-65.0107
-65.0104
-65.0102
-65.0099
-65.0097
-65.0094
-65.0092
-65.009
-65.0087
-65.0085
-65.0082
-65.008
-65.0077
-65.0075
-65.0072
-65.007
-65.0067
-65.0065
-65.0062
-65.006
-65.0057
-65.0055
-65.0052
-65.005
-65.0047
-65.0045
-65.0042
-65.004
-65.0037
-65.0035
-65.0033
-65.003
-65.0028
-65.0025
-65.0023
-65.002
-65.0018
-65.0015
-65.0013
-65.001
-65.0008
-65.0005
-65.0003
-65
-64.9998
-64.9996
-64.9993
-64.9991
-64.9988
-64.9986
-64.9983
-64.9981
-64.9979
-64.9976
-64.9974
-64.9971
-64.9969
-64.9967
-64.9964
-64.9962
-64.9959
-64.9957
-64.9955
-64.9952
-64.995
-64.9948
-64.9945
-64.9943
-64.9941
-64.9938
-64.9936
-64.9934
-64.9931
-64.9929
-64.9927
-64.9924
-64.9922
-64.992
-64.9917
-64.9915
-64.9913
-64.9911
-64.9908
-64.9906
-64.9904
-64.9902
-64.99
-64.9897
-64.9895
-64.9893
-64.9891
-64.9889
-64.9886
-64.9884
-64.9882
-64.988
-64.9878
-64.9876
-64.9874
-64.9871
-64.9869
-64.9867
-64.9865
-64.9863
-64.9861
-64.9859
-64.9857
-64.9855
-64.9853
-64.9851
-64.9849
-64.9847
-64.9845
-64.9843
-64.9841
-64.9839
-64.9837
-64.9835
-64.9833
-64.9831
-64.9829
-64.9827
-64.9825
-64.9824
-64.9822
-64.982
-64.9818
-64.9816
-64.9814
-64.9813
-64.9811
-64.9809
-64.9807
-64.9805
-64.9804
-64.9802
-64.98
-64.9798
-64.9797
-64.9795
-64.9793
-64.9792
-64.979
-64.9788
-64.9787
-64.9785
-64.9783
-64.9782
-64.978
-64.9779
-64.9777
-64.9775
-64.9774
-64.9772
-64.9771
-64.9769
-64.9768
-64.9766
-64.9765
-64.9763
-64.9762
-64.976
-64.9759
-64.9757
-64.9756
-64.9755
-64.9753
-64.9752
-64.975
-64.9749
-64.9748
-64.9746
-64.9745
-64.9744
-64.9742
-64.9741
-64.974
-64.9739
-64.9737
-64.9736
-64.9735
-64.9734
-64.9732
-64.9731
-64.973
-64.9729
-64.9728
-64.9727
-64.9725
-64.9724
-64.9723
-64.9722
-64.9721
-64.972
-64.9719
-64.9718
-64.9717
-64.9716
-64.9715
-64.9714
-64.9713
-64.9712
-64.9711
-64.971
-64.9709
-64.9708
-64.9707
-64.9706
-64.9705
-64.9704
-64.9703
-64.9702
-64.9701
-64.9701
-64.97
-64.9699
-64.9698
-64.9697
-64.9697
-64.9696
-64.9695
-64.9694
-64.9693
-64.9693
-64.9692
-64.9691
-64.969
-64.969
-64.9689
-64.9688
-64.9688
-64.9687
-64.9686
-64.9686
-64.9685
-64.9685
-64.9684
-64.9683
-64.888
-64.7311
-64.5016
-64.2035
-63.8407
-63.4173
-62.9372
-62.4045
-61.8229
-61.1963
-60.5283
-59.8224
-59.0821
-58.3103
-57.51
-56.6837
-55.8339
-54.9624
-54.0707
-53.1601
-52.231
-51.2836
-50.3172
-49.3304
-48.3213
-47.2866
-46.2222
-45.1227
-43.9814
-42.7898
-41.5376
-40.2125
-38.7995
-37.2809
-35.6354
-33.8384
-31.8607
-29.6688
-27.2246
-24.4861
-21.4087
-17.9486
-14.0684
-9.74655
-4.99032
0.148794
5.56108
11.0745
16.4676
21.503
25.9724
29.7368
32.7449
35.0269
36.6682
37.7801
38.4749
38.8514
38.9889
38.9475
38.7706
38.489
38.1243
37.6915
37.2014
36.6617
36.0782
35.4553
34.7968
34.1055
33.3842
32.6351
31.8603
31.0619
30.2415
29.401
28.542
27.666
26.7746
25.869
24.9508
24.0211
23.0812
22.1324
21.1756
20.212
19.2425
18.2682
17.2898
16.3084
15.3246
14.3392
13.3529
12.3663
11.3801
10.3948
9.41087
8.4289
7.44927
6.47239
5.49863
4.52832
3.56177
2.59924
1.64099
0.687215
-0.261877
-1.20612
-2.14538
-3.07952
-4.00843
-4.93203
-5.85027
-6.76308
-7.67044
-8.57232
-9.46871
-10.3596
-11.2451
-12.1252
-12.9998
-13.8692
-14.7334
-15.5924
-16.4463
-17.2954
-18.1396
-18.9792
-19.8144
-20.6452
-21.4719
-22.2948
-23.1141
-23.9301
-24.743
-25.5532
-26.3611
-27.1671
-27.9716
-28.775
-29.5778
-30.3807
-31.1842
-31.9888
-32.7953
-33.6044
-34.4168
-35.2333
-36.0547
-36.8818
-37.7156
-38.5569
-39.4066
-40.2656
-41.1348
-42.0151
-42.9073
-43.8121
-44.7301
-45.6617
-46.6074
-47.5671
-48.5406
-49.5273
-50.5263
-51.5362
-52.5551
-53.5803
-54.6089
-55.6372
-56.6607
-57.6747
-58.6738
-59.6524
-60.6044
-61.5241
-62.4059
-63.2444
-64.0354
-64.775
-65.4609
-66.0914
-66.6661
-67.1858
-67.6519
-68.0669
-68.4337
-68.7558
-69.037
-69.2808
-69.4913
-69.672
-69.8265
-69.9578
-70.0691
-70.163
-70.2418
-70.3076
-70.3624
-70.4077
-70.4449
-70.4753
-70.4998
-70.5195
-70.5349
-70.5468
-70.5557
-70.5621
-70.5664
-70.5689
-70.5699
-70.5696
-70.5683
-70.5661
-70.5632
-70.5597
-70.5556
-70.5512
-70.5463
-70.5412
-70.5359
-70.5304
-70.5248
-70.519
-70.5132
-70.5073
-70.5013
-70.4954
-70.4894
-70.4834
-70.4775
-70.4716
-70.4657
-70.4598
-70.454
-70.4482
-70.4425
-70.4369
-70.4313
-70.4257
-70.4202
-70.4148
-70.4094
-70.4041
-70.3989
-70.3937
-70.3886
-70.3836
-70.3786
-70.3737
-70.3689
-70.3641
-70.3594
-70.3547
-70.3501
-70.3456
-70.3411
-70.3367
-70.3324
-70.3281
-70.3239
-70.3197
-70.3156
-70.3116
-70.3076
-70.3036
-70.2998
-70.2959
-70.2921
-70.2884
-70.2848
-70.2811
-70.2776
-70.274
-70.2706
-70.2671
-70.2638
-70.2604
-70.2571
-70.2539
-70.2507
-70.2475
-70.2444
-70.2413
-70.2383
-70.2353
-70.2323
-70.2294
-70.2265
-70.2237
-70.2209
-70.2181
-70.2153
-70.2126
-70.2099
-70.2073
-70.2046
-70.2021
-70.1995
-70.197
-70.1944
-70.192
-70.1895
-70.1871
-70.1847
-70.1823
-70.1799
-70.1776
-70.1753
-70.1729
-70.1707
-70.1684
-70.1662
-70.1639
-70.1617
-70.1595
-70.1573
-70.1552
-70.153
-70.1509
-70.1488
-70.1467
-70.1445
-70.1425
-70.1404
-70.1383
-70.1362
-70.1342
-70.1321
-70.1301
-70.128
-70.126
-70.124
-70.1219
-70.1199
-70.1179
-70.1159
-70.1138
-70.1118
-70.1098
-70.1078
-70.1058
-70.1037
-70.1017
-70.0997
-70.0976
-70.0956
-70.0936
-70.0915
-70.0895
-70.0874
-70.0853
-70.0833
-70.0812
-70.0791
-70.077
-70.0749
-70.0727
-70.0706
-70.0685
-70.0663
-70.0641
-70.062
-70.0598
-70.0576
-70.0553
-70.0531
-70.0508
-70.0486
-70.0463
-70.044
-70.0417
-70.0393
-70.037
-70.0346
-70.0322
-70.0298
-70.0273
-70.0249
-70.0224
-70.0199
-70.0174
-70.0148
-70.0123
-70.0097
-70.0071
-70.0045
-70.0018
-69.9991
-69.9964
-69.9937
-69.9909
-69.9881
-69.9853
-69.9825
-69.9796
-69.9767
-69.9738
-69.9709
-69.9679
-69.9649
-69.9618
-69.9588
-69.9557
-69.9526
-69.9494
-69.9462
-69.943
-69.9398
-69.9365
-69.9332
-69.9298
-69.9265
-69.9231
-69.9196
-69.9161
-69.9126
-69.9091
-69.9055
-69.9019
-69.8983
-69.8946
-69.8909
-69.8871
-69.8834
-69.8795
-69.8757
-69.8718
-69.8679
-69.8639
-69.8599
-69.8559
-69.8518
-69.8477
-69.8436
-69.8394
-69.8352
-69.8309
-69.8266
-69.8223
-69.8179
-69.8135
-69.8091
-69.8046
-69.8001
-69.7955
-69.7909
-69.7863
-69.7816
-69.7769
-69.7721
-69.7673
-69.7625
-69.7576
-69.7527
-69.7477
-69.7427
-69.7377
-69.7326
-69.7275
-69.7224
-69.7172
-69.712
-69.7067
-69.7014
-69.696
-69.6906
-69.6852
-69.6797
-69.6742
-69.6686
-69.663
-69.6574
-69.6517
-69.646
-69.6403
-69.6345
-69.6286
-69.6227
-69.6168
-69.6109
-69.6049
-69.5988
-69.5927
-69.5866
-69.5805
-69.5743
-69.568
-69.5617
-69.5554
-69.5491
-69.5427
-69.5362
-69.5297
-69.5232
-69.5166
-69.51
-69.5034
-69.4967
-69.49
-69.4832
-69.4764
-69.4696
-69.4627
-69.4558
-69.4488
-69.4419
-69.4348
-69.4277
-69.4206
-69.4135
-69.4063
-69.3991
-69.3918
-69.3845
-69.3771
-69.3698
-69.3623
-69.3549
-69.3474
-69.3398
-69.3323
-69.3247
-69.317
-69.3093
-69.3016
-69.2939
-69.2861
-69.2782
-69.2704
-69.2625
-69.2545
-69.2466
-69.2385
-69.2305
-69.2224
-69.2143
-69.2062
-69.198
-69.1897
-69.1815
-69.1732
-69.1649
-69.1565
-69.1481
-69.1397
-69.1312
-69.1228
-69.1142
-69.1057
-69.0971
-69.0885
-69.0798
-69.0711
-69.0624
-69.0537
-69.0449
-69.0361
-69.0272
-69.0183
-69.0094
-69.0005
-68.9915
-68.9826
-68.9735
-68.9645
-68.9554
-68.9463
-68.9371
-68.928
-68.9188
-68.9095
-68.9003
-68.891
-68.8817
-68.8723
-68.863
-68.8536
-68.8442
-68.8347
-68.8252
-68.8157
-68.8062
-68.7967
-68.7871
-68.7775
-68.7678
-68.7582
-68.7485
-68.7388
-68.7291
-68.7193
-68.7095
-68.6997
-68.6899
-68.6801
-68.6702
-68.6603
-68.6504
-68.6405
-68.6305
-68.6205
-68.6105
-68.6005
-68.5905
-68.5804
-68.5703
-68.5602
-68.5501
-68.54
-68.5298
-68.5196
-68.5095
-68.4992
-68.489
-68.4788
-68.4685
-68.4582
-68.4479
-68.4376
-68.4272
-68.4169
-68.4065
-68.3961
-68.3857
-68.3753
-68.3649
-68.3544
-68.344
-68.3335
-68.323
-68.3125
-68.302
-68.2914
-68.2809
-68.2703
-68.2597
-68.2491
-68.2385
-68.2279
-68.2173
-68.2067
-68.196
-68.1853
-68.1747
-68.164
-68.1533
-68.1426
-68.1319
-68.1212
-68.1104
-68.0997
-68.0889
-68.0782
-68.0674
-68.0566
-68.0458
-68.035
-68.0242
-68.0134
-68.0026
-67.9918
-67.981
-67.9701
-67.9593
-67.9485
-67.9376
-67.9268
-67.9159
-67.905
-67.8942
-67.8833
-67.8724
-67.8615
-67.8506
-67.8397
-67.8288
-67.8179
-67.807
-67.7961
-67.7852
-67.7743
-67.7634
-67.7525
-67.7415
-67.7306
-67.7197
-67.7088
-67.6978
-67.6869
-67.676
-67.6651
-67.6541
-67.6432
-67.6323
-67.6214
-67.6104
-67.5995
-67.5886
-67.5777
-67.5668
-67.5558
-67.5449
-67.534
-67.5231
-67.5122
-67.5013
-67.4904
-67.4795
-67.4686
-67.4578
-67.4469
-67.436
-67.4251
-67.4143
-67.4034
-67.3926
-67.3817
-67.3709
-67.36
-67.3492
-67.3383
-67.3275
-67.3167
-67.3059
-67.2951
-67.2843
-67.2735
-67.2627
-67.2519
-67.2412
-67.2304
-67.2196
-67.2089
-67.1982
-67.1874
-67.1767
-67.166
-67.1553
-67.1446
-67.1339
-67.1233
-67.1126
-67.1019
-67.0913
-67.0807
-67.0701
-67.0594
-67.0489
-67.0383
-67.0277
-67.0171
-67.0066
-66.996
-66.9855
-66.975
-66.9645
-66.954
-66.9436
-66.9331
-66.9226
-66.9122
-66.9018
-66.8914
-66.881
-66.8706
-66.8602
-66.8499
-66.8395
-66.8292
-66.8189
-66.8086
-66.7983
-66.7881
-66.7778
-66.7676
-66.7573
-66.7471
-66.7369
-66.7268
-66.7166
-66.7065
-66.6963
-66.6862
-66.6761
-66.6661
-66.656
-66.646
-66.6359
-66.6259
-66.6159
-66.606
-66.596
-66.5861
-66.5761
-66.5662
-66.5564
-66.5465
-66.5367
-66.5268
-66.517
-66.5073
-66.4975
-66.4877
-66.478
-66.4683
-66.4586
-66.449
-66.4393
-66.4297
-66.4201
-66.4105
-66.4009
-66.3914
-66.3819
-66.3724
-66.3629
-66.3534
-66.344
-66.3346
-66.3252
-66.3158
-66.3064
-66.2971
-66.2878
-66.2785
-66.2692
-66.26
-66.2507
-66.2415
-66.2324
-66.2232
-66.2141
-66.2049
-66.1958
-66.1868
-66.1777
-66.1687
-66.1597
-66.1507
-66.1418
-66.1329
-66.1239
-66.1151
-66.1062
-66.0974
-66.0886
-66.0798
-66.071
-66.0623
-66.0536
-66.0449
-66.0362
-66.0276
-66.019
-66.0104
-66.0019
-65.9933
-65.9848
-65.9764
-65.9679
-65.9595
-65.9511
-65.9427
-65.9344
-65.926
-65.9177
-65.9095
-65.9012
-65.893
-65.8848
-65.8766
-65.8685
-65.8604
-65.8523
-65.8442
-65.8362
-65.8282
-65.8202
-65.8122
-65.8043
-65.7964
-65.7885
-65.7807
-65.7729
-65.7651
-65.7573
-65.7496
-65.7418
-65.7342
-65.7265
-65.7189
-65.7113
-65.7037
-65.6961
-65.6886
-65.6811
-65.6737
-65.6662
-65.6588
-65.6515
-65.6441
-65.6368
-65.6295
-65.6222
-65.615
-65.6078
-65.6006
-65.5935
-65.5864
-65.5793
-65.5722
-65.5652
-65.5582
-65.5512
-65.5443
-65.5374
-65.5305
-65.5237
-65.5168
-65.5101
-65.5033
-65.4966
-65.4899
-65.4832
-65.4766
-65.47
-65.4634
-65.4569
-65.4504
-65.4439
-65.4374
-65.431
-65.4246
-65.4182
-65.4119
-65.4056
-65.3993
-65.3931
-65.3869
-65.3807
-65.3745
-65.3684
-65.3623
-65.3562
-65.3502
-65.3442
-65.3382
-65.3323
-65.3264
-65.3205
-65.3146
-65.3088
-65.303
-65.2972
-65.2915
-65.2858
-65.2801
-65.2745
-65.2689
-65.2633
-65.2578
-65.2522
-65.2468
-65.2413
-65.2359
-65.2305
-65.2251
-65.2198
-65.2145
-65.2092
-65.204
-65.1988
-65.1936
-65.1885
-65.1834
-65.1783
-65.1732
-65.1682
-65.1632
-65.1583
-65.1533
-65.1484
-65.1436
-65.1387
-65.134
-65.1292
-65.1244
-65.1197
-65.1151
-65.1104
-65.1058
-65.1012
-65.0967
-65.0922
-65.0877
-65.0833
-65.0788
-65.0744
-65.0701
-65.0658
-65.0615
-65.0572
-65.053
-65.0488
-65.0446
-65.0405
-65.0364
-65.0323
-65.0283
-65.0243
-65.0203
-65.0164
-65.0124
-65.0086
-65.0047
-65.0009
-64.9971
-64.9933
-64.9896
-64.9859
-64.9823
-64.9786
-64.975
-64.9715
-64.9679
-64.9644
-64.9609
-64.9575
-64.9541
-64.9507
-64.9473
-64.944
-64.9407
-64.9374
-64.9342
-64.931
-64.9278
-64.9247
-64.9216
-64.9185
-64.9154
-64.9124
-64.9094
-64.9064
-64.9035
-64.9006
-64.8977
-64.8948
-64.892
-64.8892
-64.8864
-64.8837
-64.881
-64.8783
-64.8757
-64.873
-64.8704
-64.8679
-64.8653
-64.8628
-64.8604
-64.8579
-64.8555
-64.8531
-64.8507
-64.8484
-64.8461
-64.8438
-64.8416
-64.8393
-64.8371
-64.835
-64.8328
-64.8307
-64.8286
-64.8266
-64.8245
-64.8225
-64.8206
-64.8186
-64.8167
-64.8148
-64.8129
-64.8111
-64.8093
-64.8075
-64.8058
-64.804
-64.8023
-64.8006
-64.799
-64.7974
-64.7958
-64.7942
-64.7926
-64.7911
-64.7896
-64.7882
-64.7867
-64.7853
-64.7839
-64.7825
-64.7812
-64.7799
-64.7786
-64.7773
-64.7761
-64.7749
-64.7737
-64.7725
-64.7714
-64.7702
-64.7691
-64.7681
-64.767
-64.766
-64.765
-64.764
-64.7631
-64.7622
-64.7613
-64.7604
-64.7595
-64.7587
-64.7579
-64.7571
-64.7563
-64.7556
-64.7549
-64.7542
-64.7535
-64.7528
-64.7522
-64.7516
-64.751
-64.7505
-64.7499
-64.7494
-64.7489
-64.7484
-64.748
-64.7475
-64.7471
-64.7467
-64.7463
-64.746
-64.7456
-64.7453
-64.745
-64.7448
-64.7445
-64.7443
-64.7441
-64.7439
-64.7437
-64.7435
-64.7434
-64.7433
-64.7432
-64.7431
-64.743
-64.743
-64.7429
-64.7429
-64.7429
-64.743
-64.743
-64.7431
-64.7432
-64.7433
-64.7434
-64.7435
-64.7436
-64.7438
-64.744
-64.7442
-64.7444
-64.7446
-64.7449
-64.7451
-64.7454
-64.7457
-64.746
-64.7463
-64.7467
-64.747
-64.7474
-64.7478
-64.7482
-64.7486
-64.749
-64.7495
-64.7499
-64.7504
-64.7509
-64.7514
-64.7519
-64.7524
-64.7529
-64.7535
-64.754
-64.7546
-64.7552
-64.7558
-64.7564
-64.757
-64.7577
-64.7583
-64.759
-64.7597
-64.7603
-64.761
-64.7618
-64.7625
-64.7632
-64.7639
-64.7647
-64.7654
-64.7662
-64.767
-64.7678
-64.7686
-64.7694
-64.7702
-64.771
-64.7719
-64.7727
-64.7736
-64.7745
-64.7753
-64.7762
-64.7771
-64.778
-64.7789
-64.7798
-64.7808
-64.7817
-64.7826
-64.7836
-64.7845
-64.7855
-64.7865
-64.7875
-64.7884
-64.7894
-64.7904
-64.7914
-64.7925
-64.7935
-64.7945
-64.7955
-64.7966
-64.7976
-64.7987
-64.7997
-64.8008
-64.8018
-64.8029
-64.804
-64.8051
-64.8061
-64.8072
-64.8083
-64.8094
-64.8105
-64.8116
-64.8128
-64.8139
-64.815
-64.8161
-64.8172
-64.8184
-64.8195
-64.8206
-64.8218
-64.8229
-64.8241
-64.8252
-64.8264
-64.8275
-64.8287
-64.8298
-64.831
-64.8322
-64.8333
-64.8345
-64.8357
-64.8368
-64.838
-64.8392
-64.8404
-64.8415
-64.8427
-64.8439
-64.8451
-64.8463
-64.8474
-64.8486
-64.8498
-64.851
-64.8522
-64.8534
-64.8545
-64.8557
-64.8569
-64.8581
-64.8593
-64.8605
-64.8617
-64.8628
-64.864
-64.8652
-64.8664
-64.8676
-64.8688
-64.8699
-64.8711
-64.8723
-64.8735
-64.8746
-64.8758
-64.877
-64.8782
-64.8793
-64.8805
-64.8817
-64.8828
-64.884
-64.8851
-64.8863
-64.8875
-64.8886
-64.8898
-64.8909
-64.8921
-64.8932
-64.8944
-64.8955
-64.8966
-64.8978
-64.8989
-64.9
-64.9011
-64.9023
-64.9034
-64.9045
-64.9056
-64.9067
-64.9078
-64.9089
-64.91
-64.9111
-64.9122
-64.9133
-64.9144
-64.9155
-64.9165
-64.9176
-64.9187
-64.9198
-64.9208
-64.9219
-64.9229
-64.924
-64.925
-64.9261
-64.9271
-64.9281
-64.9292
-64.9302
-64.9312
-64.9322
-64.9332
-64.9342
-64.9352
-64.9362
-64.9372
-64.9382
-64.9392
-64.9402
-64.9411
-64.9421
-64.9431
-64.944
-64.945
-64.9459
-64.9469
-64.9478
-64.9487
-64.9496
-64.9506
-64.9515
-64.9524
-64.9533
-64.9542
-64.9551
-64.956
-64.9569
-64.9577
-64.9586
-64.9595
-64.9603
-64.9612
-64.962
-64.9629
-64.9637
-64.9646
-64.9654
-64.9662
-64.967
-64.9678
-64.9686
-64.9694
-64.9702
-64.971
-64.9718
-64.9726
-64.9734
-64.9741
-64.9749
-64.9756
-64.9764
-64.9771
-64.9779
-64.9786
-64.9793
-64.98
-64.9807
-64.9814
-64.9821
-64.9828
-64.9835
-64.9842
-64.9849
-64.9856
-64.9862
-64.9869
-64.9875
-64.9882
-64.9888
-64.9894
-64.9901
-64.9907
-64.9913
-64.9919
-64.9925
-64.9931
-64.9937
-64.9943
-64.9949
-64.9955
-64.996
-64.9966
-64.9971
-64.9977
-64.9982
-64.9988
-64.9993
-64.9998
-65.0004
-65.0009
-65.0014
-65.0019
-65.0024
-65.0029
-65.0034
-65.0038
-65.0043
-65.0048
-65.0052
-65.0057
-65.0062
-65.0066
-65.007
-65.0075
-65.0079
-65.0083
-65.0087
-65.0091
-65.0095
-65.0099
-65.0103
-65.0107
-65.0111
-65.0115
-65.0118
-65.0122
-65.0126
-65.0129
-65.0133
-65.0136
-65.0139
-65.0143
-65.0146
-65.0149
-65.0152
-65.0155
-65.0158
-65.0161
-65.0164
-65.0167
-65.017
-65.0172
-65.0175
-65.0178
-65.018
-65.0183
-65.0185
-65.0188
-65.019
-65.0192
-65.0195
-65.0197
-65.0199
-65.0201
-65.0203
-65.0205
-65.0207
-65.0209
-65.0211
-65.0213
-65.0215
-65.0216
-65.0218
-65.022
-65.0221
-65.0223
-65.0224
-65.0226
-65.0227
-65.0228
-65.023
-65.0231
-65.0232
-65.0233
-65.0234
-65.0235
-65.0236
-65.0237
-65.0238
-65.0239
-65.024
-65.0241
-65.0242
-65.0242
-65.0243
-65.0244
-65.0244
-65.0245
-65.0245
-65.0246
-65.0246
-65.0247
-65.0247
-65.0247
-65.0248
-65.0248
-65.0248
-65.0248
-65.0248
-65.0248
-65.0248
-65.0248
-65.0248
-65.0248
-65.0248
-65.0248
-65.0248
-65.0248
-65.0247
-65.0247
-65.0247
-65.0247
-65.0246
-65.0246
-65.0245
-65.0245
-65.0244
-65.0244
-65.0243
-65.0243
-65.0242
-65.0241
-65.0241
-65.024
-65.0239
-65.0238
-65.0238
-65.0237
-65.0236
-65.0235
-65.0234
-65.0233
-65.0232
-65.0231
-65.023
-65.0229
-65.0228
-65.0227
-65.0226
-65.0224
-65.0223
-65.0222
-65.0221
-65.022
-65.0218
-65.0217
-65.0216
-65.0214
-65.0213
-65.0211
-65.021
-65.0209
-65.0207
-65.0206
-65.0204
-65.0203
-65.0201
-65.0199
-65.0198
-65.0196
-65.0195
-65.0193
-65.0191
-65.019
-65.0188
-65.0186
-65.0184
-65.0183
-65.0181
-65.0179
-65.0177
-65.0175
-65.0174
-65.0172
-65.017
-65.0168
-65.0166
-65.0164
-65.0162
-65.016
-65.0158
-65.0156
-65.0154
-65.0152
-65.015
-65.0148
-65.0146
-65.0144
-65.0142
-65.014
-65.0138
-65.0136
-65.0134
-65.0132
-65.013
-65.0127
-65.0125
-65.0123
-65.0121
-65.0119
-65.0117
-65.0114
-65.0112
-65.011
-65.0108
-65.0106
-65.0103
-65.0101
-65.0099
-65.0097
-65.0094
-65.0092
-65.009
-65.0088
-65.0085
-65.0083
-65.0081
-65.0078
-65.0076
-65.0074
-65.0071
-65.0069
-65.0067
-65.0065
-65.0062
-65.006
-65.0058
-65.0055
-65.0053
-65.005
-65.0048
-65.0046
-65.0043
-65.0041
-65.0039
-65.0036
-65.0034
-65.0032
-65.0029
-65.0027
-65.0025
-65.0022
-65.002
-65.0017
-65.0015
-65.0013
-65.001
-65.0008
-65.0006
-65.0003
-65.0001
-64.9999
-64.9996
-64.9994
-64.9992
-64.9989
-64.9987
-64.9984
-64.9982
-64.998
-64.9977
-64.9975
-64.9973
-64.997
-64.9968
-64.9966
-64.9963
-64.9961
-64.9959
-64.9956
-64.9954
-64.9952
-64.995
-64.9947
-64.9945
-64.9943
-64.994
-64.9938
-64.9936
-64.9934
-64.9931
-64.9929
-64.9927
-64.9924
-64.9922
-64.992
-64.9918
-64.9915
-64.9913
-64.9911
-64.9909
-64.9907
-64.9904
-64.9902
-64.99
-64.9898
-64.9896
-64.9893
-64.9891
-64.9889
-64.9887
-64.9885
-64.9883
-64.9881
-64.9878
-64.9876
-64.9874
-64.9872
-64.987
-64.9868
-64.9866
-64.9864
-64.9862
-64.986
-64.9858
-64.9856
-64.9853
-64.9851
-64.9849
-64.9847
-64.9845
-64.9843
-64.9841
-64.984
-64.9838
-64.9836
-64.9834
-64.9832
-64.983
-64.9828
-64.9826
-64.9824
-64.9822
-64.982
-64.9818
-64.9817
-64.9815
-64.9813
-64.9811
-64.9809
-64.9807
-64.9806
-64.9804
-64.9802
-64.98
-64.9799
-64.9797
-64.9795
-64.9793
-64.9792
-64.979
-64.9788
-64.9787
-64.9785
-64.9783
-64.9782
-64.978
-64.9778
-64.9777
-64.9775
-64.9773
-64.9772
-64.977
-64.9769
-64.9767
-64.9766
-64.9764
-64.9763
-64.9761
-64.976
-64.9758
-64.9757
-64.9755
-64.9754
-64.9752
-64.9751
-64.9749
-64.9748
-64.9746
-64.9745
-64.9744
-64.9742
-64.9741
-64.974
-64.9738
-64.9737
-64.9736
-64.9734
-64.9733
-64.9732
-64.9731
-64.9729
-64.9728
-64.9727
-64.9726
-64.9724
-64.9723
-64.9722
-64.9721
-64.972
-64.9719
-64.9717
-64.9716
-64.9715
-64.9714
-64.9713
-64.9712
-64.9711
-64.971
-64.9709
-64.9708
-64.9707
-64.9706
-64.9705
-64.9704
-64.9703
-64.9702
-64.9701
-64.97
-64.9699
-64.9698
-64.9697
-64.9696
-64.9695
-64.9694
-64.9693
-64.9692
-64.9692
-64.9691
-64.969
-64.9689
-64.9688
-64.9688
-64.9687
-64.9686
-64.9685
-64.9684
-64.9684
-64.9683
-64.9682
-64.9682
-64.9681
-64.968
-64.9679
-64.9679
-64.9678
-64.9677
-64.9677
-64.9676
-64.9676
-64.9675
-64.9674
-64.9674
-64.9673
-64.9673
-64.9672
-64.9672
-64.9671
-64.967
-64.967
-64.9669
-64.9669
-64.9668
-64.9668
-64.9667
-64.9667
-64.9667
-64.9666
-64.9666
-64.9665
-64.9665
-64.9664
-64.9664
-64.9664
-64.9663
-64.9663
-64.9663
-64.9662
-64.9662
-64.9662
-64.9661
-64.9661
-64.9661
-64.966
-64.966
-64.966
-64.9659
-64.9659
-64.9659
-64.9659
-64.9659
-64.9658
-64.9658
-64.9658
-64.9658
-64.9657
-64.9657
-64.9657
-64.9657
-64.9657
-64.9657
-64.9656
-64.9656
-64.9656
-64.9656
-64.9656
-64.9656
-64.9656
-64.9656
-64.9656
-64.9655
-64.9655
-64.9655
-64.9655
-64.9655
-64.9655
-64.9655
-64.9655
-64.9655
-64.9655
-64.9655
-64.9655
-64.9655
-64.9655
-64.9655
-64.9655
-64.9655
-64.9655
-64.9655
-64.9655
-64.9655
-64.9656
-64.9656
-64.9656
-64.9656
-64.9656
-64.9656
-64.9656
-64.9656
-64.9656
-64.9656
-64.9656
-64.9657
-64.9657
-64.9657
-64.9657
-64.9657
-64.9657
-64.9658
-64.9658
-64.9658
-64.9658
-64.9658
-64.9658
-64.9659
-64.9659
-64.9659
-64.9659
-64.9659
-64.966
-64.966
-64.966
-64.966
-64.9661
-64.9661
-64.9661
-64.9661
-64.9662
-64.9662
-64.9662
-64.9662
-64.9663
-64.9663
-64.9663
-64.9663
-64.9664
-64.9664
-64.9664
-64.9665
-64.9665
-64.9665
-64.9666
-64.9666
-64.9666
-64.9667
-64.9667
-64.9667
-64.9668
-64.9668
-64.9668
-64.9669
-64.9669
-64.9669
-64.967
-64.967
-64.967
-64.9671
-64.9671
-64.9671
-64.9672
-64.9672
-64.9672
-64.9673
-64.9673
-64.9674
-64.9674
-64.9674
-64.9675
-64.9675
-64.9675
-64.9676
-64.9676
-64.9677
-64.9677
-64.9677
-64.9678
-64.9678
-64.9679
-64.9679
-64.9679
-64.968
-64.968
-64.9681
-64.9681
-64.9682
-64.9682
-64.9682
-64.9683
-64.9683
-64.9684
-64.9684
-64.9684
-64.9685
-64.9685
-64.9686
-64.9686
-64.9687
-64.9687
-64.9687
-64.9688
-64.9688
-64.9689
-64.9689
-64.969
-64.969
-64.9691
-64.9691
-64.9691
-64.9692
-64.9692
-64.9693
-64.9693
-64.9694
-64.9694
-64.9694
-64.9695
-64.9695
-64.9696
-64.9696
-64.9697
-64.9697
-64.9698
-64.9698
-64.9698
-64.9699
-64.9699
-64.97
-64.97
-64.9701
-64.9701
-64.9702
-64.9702
-64.9702
-64.9703
-64.9703
-64.9704
-64.9704
-64.9705
-64.9705
-64.9705
-64.9706
-64.9706
-64.9707
-64.9707
-64.9708
-64.9708
-64.9709
-64.9709
-64.9709
-64.971
-64.971
-64.9711
-64.9711
-64.9712
-64.9712
-64.9712
-64.9713
-64.9713
-64.9714
-64.9714
-64.9714
-64.9715
-64.9715
-64.9716
-64.9716
-64.9717
-64.9717
-64.9717
-64.9718
-64.9718
-64.9719
-64.9719
-64.9719
-64.972
-64.972
-64.9721
-64.9721
-64.9721
-64.9722
-64.9722
-64.9723
-64.9723
-64.9723
-64.9724
-64.9724
-64.9725
-64.9725
-64.9725
-64.9726
-64.9726
-64.9726
-64.9727
-64.9727
-64.9728
-64.9728
-64.9728
-64.9729
-64.9729
-64.9729
-64.973
-64.973
-64.973
-64.9731
-64.9731
-64.9732
-64.9732
-64.9732
-64.9733
-64.9733
-64.9733
-64.9734
-64.9734
-64.9734
-64.9735
-64.9735
-64.9735
-64.9736
-64.9736
-64.9736
-64.9737
-64.9737
-64.9737
-64.9738
-64.9738
-64.9738
-64.9738
-64.9739
-64.9739
-64.9739
-64.974
-64.974
-64.974
-64.9741
-64.9741
-64.9741
-64.9741
-64.9742
-64.9742
-64.9742
-64.9743
-64.9743
-64.9743
-64.9743
-64.9744
-64.9744
-64.9744
-64.9744
-64.9745
-64.9745
-64.9745
-64.9746
-64.9746
-64.9746
-64.9746
-64.9747
-64.9747
-64.9747
-64.9747
-64.9747
-64.9748
-64.9748
-64.9748
-64.9748
-64.9749
-64.9749
-64.9749
-64.9749
-64.975
-64.975
-64.975
-64.975
-64.975
-64.9751
-64.9751
-64.9751
-64.9751
-64.9751
-64.9752
-64.9752
-64.9752
-64.9752
-64.9752
-64.9753
-64.9753
-64.9753
-64.9753
-64.9753
-64.9753
-64.9754
-64.9754
-64.9754
-64.9754
-64.9754
-64.9754
-64.9755
-64.9755
-64.9755
-64.9755
-64.9755
-64.9755
-64.9756
-64.9756
-64.9756
-64.9756
-64.9756
-64.9756
-64.9756
-64.9756
-64.9757
-64.9757
-64.9757
-64.9757
-64.9757
-64.9757
-64.9757
-64.9757
-64.9758
-64.9758
-64.9758
-64.9758
-64.9758
-64.9758
-64.9758
-64.9758
-64.9758
-64.9758
-64.9759
-64.9759
-64.9759
-64.9759
-64.9759
-64.9759
-64.9759
-64.9759
-64.9759
-64.9759
-64.9759
-64.9759
-64.976
-64.976
-64.976
-64.976
-64.976
-64.976
-64.976
-64.976
-64.976
-64.976
-64.976
-64.976
-64.976
-64.976
-64.976
-64.976
-64.976
-64.976
-64.9761
-64.9761
-64.9761
-64.9761
-64.9761
-64.9761
-64.9761

