-65
-64.9994
-64.9988
-64.9982
-64.9977
-64.9971
-64.9965
-64.996
-64.9954
-64.9949
-64.9943
-64.9938
-64.9932
-64.9927
-64.9922
-64.9917
-64.9912
-64.9906
-64.9901
-64.9896
-64.9891
-64.9886
-64.9881
-64.9876
-64.9872
-64.9867
-64.9862
-64.9857
-64.9852
-64.9848
-64.9843
-64.9838
-64.9834
-64.9829
-64.9825
-64.982
-64.9816
-64.9811
-64.9807
-64.9802
-64.9798
-64.899
-64.7418
-64.5119
-64.2133
-63.8501
-63.4262
-62.9457
-62.4125
-61.8304
-61.2032
-60.5347
-59.8283
-59.0874
-58.315
-57.5141
-56.6872
-55.8367
-54.9645
-54.072
-53.1605
-52.2306
-51.2821
-50.3146
-49.3266
-48.3161
-47.2797
-46.2134
-45.1118
-43.9678
-42.7731
-41.5173
-40.1879
-38.7696
-37.2447
-35.5916
-33.7853
-31.7964
-29.5909
-27.1303
-24.3721
-21.2712
-17.7837
-13.872
-9.5155
-4.72288
0.451313
5.89333
11.4264
16.8251
21.8503
26.2947
30.0235
32.9909
35.2322
36.8367
37.9176
38.5877
38.9453
39.0688
39.0172
38.8331
38.5465
38.1783
37.7433
37.2519
36.7114
36.1277
35.505
34.847
34.1324
33.3761
32.5872
31.7715
30.9331
30.075
29.1995
28.3085
27.4039
26.4872
25.5597
24.6229
23.678
22.7261
21.7685
20.806
19.8398
18.8706
17.8995
16.9272
15.9544
14.9819
14.0103
13.0402
12.0721
11.1067
10.1443
9.18534
8.23028
7.27945
6.33317
5.39174
4.45542
3.52445
2.59902
1.67934
0.765544
-0.142213
-1.04381
-1.93914
-2.82813
-3.7107
-4.58679
-5.45637
-6.31939
-7.17585
-8.02574
-8.86905
-9.70579
-10.536
-11.3597
-12.1768
-12.9876
-13.7919
-14.59
-15.3817
-16.1672
-16.9467
-17.72
-18.4875
-19.2491
-20.005
-20.7553
-21.5002
-22.2397
-22.9741
-23.7036
-24.4282
-25.1482
-25.8639
-26.5753
-27.2829
-27.9868
-28.6873
-29.3846
-30.0792
-30.7712
-31.461
-32.149
-32.8355
-33.5208
-34.2053
-34.8895
-35.5735
-36.2579
-36.943
-37.6291
-38.3165
-39.0057
-39.6968
-40.3902
-41.0861
-41.7845
-42.4857
-43.1897
-43.8963
-44.6056
-45.3171
-46.0307
-46.7457
-47.4615
-48.1774
-48.8924
-49.6054
-50.315
-51.02
-51.7186
-52.4092
-53.0899
-53.7587
-54.4135
-55.0524
-55.6734
-56.2743
-56.8535
-57.4091
-57.9396
-58.4439
-58.9208
-59.3698
-59.7903
-60.1822
-60.5459
-60.8817
-61.1904
-61.4728
-61.7303
-61.9639
-62.1751
-62.3654
-62.5362
-62.689
-62.8254
-62.9466
-63.0543
-63.1495
-63.2337
-63.3079
-63.3732
-63.4306
-63.4809
-63.5251
-63.5637
-63.5976
-63.6272
-63.6532
-63.6759
-63.6958
-63.7133
-63.7287
-63.7423
-63.7543
-63.765
-63.7745
-63.7831
-63.7909
-63.798
-63.8045
-63.8106
-63.8163
-63.8218
-63.827
-63.832
-63.8369
-63.8418
-63.8466
-63.8515
-63.8564
-63.8613
-63.8664
-63.8715
-63.8768
-63.8822
-63.8878
-63.8935
-63.8994
-63.9054
-63.9117
-63.9181
-63.9248
-63.9316
-63.9387
-63.9459
-63.9534
-63.961
-63.9689
-63.977
-63.9852
-63.9937
-64.0024
-64.0113
-64.0204
-64.0298
-64.0393
-64.049
-64.0589
-64.069
-64.0793
-64.0898
-64.1005
-64.1114
-64.1225
-64.1337
-64.1452
-64.1568
-64.1686
-64.1805
-64.1927
-64.205
-64.2175
-64.2301
-64.2429
-64.2559
-64.269
-64.2823
-64.2957
-64.3093
-64.323
-64.3369
-64.3509
-64.365
-64.3793
-64.3937
-64.4083
-64.4229
-64.4377
-64.4527
-64.4677
-64.4829
-64.4982
-64.5136
-64.5291
-64.5447
-64.5604
-64.5763
-64.5922
-64.6082
-64.6243
-64.6406
-64.6569
-64.6733
-64.6897
-64.7063
-64.723
-64.7397
-64.7565
-64.7734
-64.7904
-64.8074
-64.8245
-64.8417
-64.8589
-64.8762
-64.8935
-64.911
-64.9284
-64.946
-64.9635
-64.9812
-64.9989
-65.0166
-65.0344
-65.0522
-65.07
-65.0879
-65.1059
-65.1238
-65.1419
-65.1599
-65.178
-65.196
-65.2142
-65.2323
-65.2505
-65.2687
-65.2869
-65.3051
-65.3233
-65.3416
-65.3599
-65.3782
-65.3965
-65.4148
-65.4331
-65.4514
-65.4697
-65.488
-65.5063
-65.5247
-65.543
-65.5613
-65.5796
-65.5979
-65.6162
-65.6345
-65.6528
-65.6711
-65.6893
-65.7076
-65.7258
-65.744
-65.7622
-65.7804
-65.7985
-65.8166
-65.8347
-65.8528
-65.8709
-65.8889
-65.9069
-65.9249
-65.9428
-65.9607
-65.9786
-65.9965
-66.0143
-66.0321
-66.0498
-66.0675
-66.0852
-66.1028
-66.1204
-66.138
-66.1555
-66.1729
-66.1903
-66.2077
-66.225
-66.2423
-66.2596
-66.2767
-66.2939
-66.311
-66.328
-66.345
-66.3619
-66.3788
-66.3956
-66.4124
-66.4291
-66.4457
-66.4623
-66.4789
-66.4954
-66.5118
-66.5281
-66.5444
-66.5607
-66.5769
-66.593
-66.609
-66.625
-66.6409
-66.6568
-66.6726
-66.6883
-66.7039
-66.7195
-66.7351
-66.7505
-66.7659
-66.7812
-66.7964
-66.8116
-66.8267
-66.8417
-66.8567
-66.8715
-66.8863
-66.9011
-66.9157
-66.9303
-66.9448
-66.9592
-66.9736
-66.9879
-67.0021
-67.0162
-67.0302
-67.0442
-67.0581
-67.0719
-67.0856
-67.0993
-67.1128
-67.1263
-67.1397
-67.153
-67.1663
-67.1794
-67.1925
-67.2055
-67.2184
-67.2312
-67.244
-67.2566
-67.2692
-67.2817
-67.2941
-67.3064
-67.3186
-67.3308
-67.3428
-67.3548
-67.3667
-67.3785
-67.3902
-67.4018
-67.4134
-67.4248
-67.4362
-67.4475
-67.4587
-67.4698
-67.4808
-67.4917
-67.5026
-67.5133
-67.524
-67.5346
-67.5451
-67.5555
-67.5658
-67.576
-67.5861
-67.5961
-67.6061
-67.616
-67.6257
-67.6354
-67.645
-67.6545
-67.6639
-67.6732
-67.6825
-67.6916
-67.7006
-67.7096
-67.7185
-67.7272
-67.7359
-67.7445
-67.753
-67.7614
-67.7698
-67.778
-67.7861
-67.7942
-67.8022
-67.81
-67.8178
-67.8255
-67.8331
-67.8406
-67.848
-67.8554
-67.8626
-67.8697
-67.8768
-67.8838
-67.8906
-67.8974
-67.9041
-67.9107
-67.9173
-67.9237
-67.93
-67.9363
-67.9424
-67.9485
-67.9545
-67.9604
-67.9662
-67.9719
-67.9776
-67.9831
-67.9885
-67.9939
-67.9992
-68.0044
-68.0095
-68.0145
-68.0194
-68.0243
-68.029
-68.0337
-68.0382
-68.0427
-68.0471
-68.0514
-68.0557
-68.0598
-68.0639
-68.0678
-68.0717
-68.0755
-68.0792
-68.0829
-68.0864
-68.0899
-68.0932
-68.0965
-68.0997
-68.1028
-68.1059
-68.1088
-68.1117
-68.1145
-68.1172
-68.1198
-68.1223
-68.1248
-68.1271
-68.1294
-68.1316
-68.1338
-68.1358
-68.1378
-68.1397
-68.1415
-68.1432
-68.1448
-68.1464
-68.1479
-68.1493
-68.1506
-68.1518
-68.153
-68.1541
-68.1551
-68.156
-68.1569
-68.1577
-68.1584
-68.159
-68.1596
-68.16
-68.1604
-68.1607
-68.161
-68.1612
-68.1613
-68.1613
-68.1612
-68.1611
-68.1609
-68.1606
-68.1603
-68.1599
-68.1594
-68.1588
-68.1582
-68.1575
-68.1567
-68.1559
-68.155
-68.154
-68.1529
-68.1518
-68.1506
-68.1494
-68.148
-68.1466
-68.1452
-68.1436
-68.142
-68.1404
-68.1386
-68.1368
-68.135
-68.133
-68.131
-68.129
-68.1268
-68.1247
-68.1224
-68.1201
-68.1177
-68.1153
-68.1128
-68.1102
-68.1076
-68.1049
-68.1021
-68.0993
-68.0964
-68.0935
-68.0905
-68.0874
-68.0843
-68.0811
-68.0779
-68.0746
-68.0713
-68.0679
-68.0644
-68.0609
-68.0573
-68.0537
-68.05
-68.0462
-68.0425
-68.0386
-68.0347
-68.0307
-68.0267
-68.0227
-68.0185
-68.0144
-68.0101
-68.0059
-68.0015
-67.9971
-67.9927
-67.9882
-67.9837
-67.9791
-67.9745
-67.9698
-67.9651
-67.9603
-67.9555
-67.9506
-67.9457
-67.9407
-67.9357
-67.9306
-67.9255
-67.9204
-67.9152
-67.9099
-67.9046
-67.8993
-67.8939
-67.8885
-67.883
-67.8775
-67.872
-67.8664
-67.8608
-67.8551
-67.8494
-67.8436
-67.8378
-67.832
-67.8261
-67.8202
-67.8142
-67.8082
-67.8022
-67.7961
-67.79
-67.7838
-67.7776
-67.7714
-67.7651
-67.7588
-67.7525
-67.7461
-67.7397
-67.7333
-67.7268
-67.7203
-67.7138
-67.7072
-67.7006
-67.694
-67.6873
-67.6806
-67.6739
-67.6671
-67.6603
-67.6535
-67.6466
-67.6397
-67.6328
-67.6259
-67.6189
-67.6119
-67.6048
-67.5978
-67.5907
-67.5836
-67.5764
-67.5693
-67.5621
-67.5549
-67.5476
-67.5404
-67.5331
-67.5257
-67.5184
-67.511
-67.5036
-67.4962
-67.4888
-67.4813
-67.4738
-67.4663
-67.4588
-67.4513
-67.4437
-67.4361
-67.4285
-67.4209
-67.4132
-67.4055
-67.3978
-67.3901
-67.3824
-67.3746
-67.3669
-67.3591
-67.3513
-67.3435
-67.3356
-67.3278
-67.3199
-67.312
-67.3041
-67.2962
-67.2882
-67.2803
-67.2723
-67.2643
-67.2563
-67.2483
-67.2403
-67.2322
-67.2242
-67.2161
-67.208
-67.2
-67.1919
-67.1837
-67.1756
-67.1675
-67.1593
-67.1512
-67.143
-67.1348
-67.1266
-67.1184
-67.1102
-67.102
-67.0938
-67.0855
-67.0773
-67.0691
-67.0608
-67.0525
-67.0443
-67.036
-67.0277
-67.0194
-67.0111
-67.0028
-66.9945
-66.9862
-66.9779
-66.9696
-66.9612
-66.9529
-66.9446
-66.9362
-66.9279
-66.9195
-66.9112
-66.9028
-66.8945
-66.8861
-66.8777
-66.8694
-66.861
-66.8526
-66.8443
-66.8359
-66.8275
-66.8191
-66.8108
-66.8024
-66.794
-66.7856
-66.7773
-66.7689
-66.7605
-66.7521
-66.7438
-66.7354
-66.727
-66.7186
-66.7103
-66.7019
-66.6935
-66.6852
-66.6768
-66.6685
-66.6601
-66.6518
-66.6434
-66.6351
-66.5444
-66.3755
-66.1323
-65.819
-65.4398
-64.999
-64.5008
-63.9494
-63.3489
-62.7034
-62.0167
-61.2927
-60.535
-59.747
-58.9319
-58.0928
-57.2324
-56.353
-55.4569
-54.5457
-53.6208
-52.683
-51.7327
-50.7697
-49.7931
-48.8014
-47.7921
-46.7621
-45.7069
-44.6211
-43.4979
-42.3291
-41.1045
-39.8121
-38.4379
-36.9648
-35.3732
-33.6401
-31.7387
-29.6388
-27.3059
-24.7025
-21.7891
-18.5265
-14.8813
-10.8325
-6.38224
-1.56829
3.52407
8.75637
13.9436
18.8769
23.359
27.2395
30.4384
32.9494
34.8245
36.1509
37.0277
37.5496
37.7975
37.8362
37.7146
37.4688
37.1249
36.7015
36.2121
35.6665
35.0721
34.4343
33.7578
33.0462
32.3027
31.53
30.7305
29.9066
29.0602
28.1933
27.3077
26.4052
25.4873
24.5556
23.6115
22.6566
21.6919
20.7189
19.7388
18.7525
17.7611
16.7657
15.7672
14.7665
13.7642
12.7613
11.7584
10.7561
9.75507
8.75584
7.75893
6.76479
5.77385
4.78649
3.80306
2.82387
1.84919
0.879287
-0.0856309
-1.04537
-1.99977
-2.94867
-3.89198
-4.82959
-5.76143
-6.68743
-7.60756
-8.52179
-9.4301
-10.3325
-11.229
-12.1197
-13.0046
-13.8838
-14.7572
-15.6252
-16.4876
-17.3448
-18.1967
-19.0435
-19.8855
-20.7228
-21.5556
-22.3842
-23.2088
-24.0296
-24.8471
-25.6615
-26.4732
-27.2826
-28.0902
-28.8963
-29.7016
-30.5065
-31.3116
-32.1176
-32.9252
-33.7349
-34.5477
-35.3641
-36.1851
-37.0114
-37.844
-38.6837
-39.5313
-40.3878
-41.2541
-42.1309
-43.0189
-43.919
-44.8316
-45.7572
-46.6961
-47.6481
-48.6131
-49.5905
-50.5793
-51.578
-52.5847
-53.597
-54.6118
-55.6255
-56.6339
-57.6323
-58.6156
-59.5783
-60.5149
-61.4196
-62.2872
-63.1126
-63.8917
-64.621
-65.2981
-65.9214
-66.4906
-67.0063
-67.4698
-67.8836
-68.2502
-68.5731
-68.8557
-69.1017
-69.3146
-69.4981
-69.6554
-69.7897
-69.9039
-70.0007
-70.0822
-70.1507
-70.208
-70.2556
-70.295
-70.3273
-70.3537
-70.3749
-70.3919
-70.4052
-70.4153
-70.4229
-70.4282
-70.4317
-70.4335
-70.4341
-70.4335
-70.432
-70.4297
-70.4267
-70.4232
-70.4192
-70.4149
-70.4102
-70.4053
-70.4002
-70.3949
-70.3895
-70.384
-70.3785
-70.3729
-70.3672
-70.3616
-70.3559
-70.3502
-70.3446
-70.339
-70.3334
-70.3279
-70.3224
-70.317
-70.3116
-70.3062
-70.301
-70.2958
-70.2906
-70.2855
-70.2805
-70.2755
-70.2707
-70.2658
-70.2611
-70.2564
-70.2517
-70.2472
-70.2427
-70.2382
-70.2339
-70.2296
-70.2253
-70.2211
-70.217
-70.213
-70.209
-70.205
-70.2012
-70.1973
-70.1936
-70.1899
-70.1862
-70.1827
-70.1791
-70.1756
-70.1722
-70.1688
-70.1655
-70.1623
-70.159
-70.1559
-70.1527
-70.1497
-70.1466
-70.1436
-70.1407
-70.1378
-70.135
-70.1321
-70.1294
-70.1266
-70.124
-70.1213
-70.1187
-70.1161
-70.1136
-70.1111
-70.1086
-70.1062
-70.1038
-70.1014
-70.0991
-70.0968
-70.0945
-70.0922
-70.09
-70.0878
-70.0857
-70.0835
-70.0814
-70.0793
-70.0772
-70.0752
-70.0732
-70.0712
-70.0692
-70.0672
-70.0653
-70.0634
-70.0615
-70.0596
-70.0577
-70.0558
-70.054
-70.0522
-70.0503
-70.0485
-70.0467
-70.045
-70.0432
-70.0414
-70.0397
-70.0379
-70.0362
-70.0344
-70.0327
-70.031
-70.0293
-70.0276
-70.0258
-70.0241
-70.0224
-70.0207
-70.019
-70.0173
-70.0156
-70.0139
-70.0122
-70.0105
-70.0088
-70.0071
-70.0054
-70.0036
-70.0019
-70.0002
-69.9984
-69.9967
-69.9949
-69.9932
-69.9914
-69.9896
-69.9878
-69.986
-69.9842
-69.9824
-69.9805
-69.9787
-69.9768
-69.975
-69.9731
-69.9712
-69.9693
-69.9673
-69.9654
-69.9634
-69.9614
-69.9594
-69.9574
-69.9554
-69.9533
-69.9512
-69.9491
-69.947
-69.9449
-69.9427
-69.9406
-69.9384
-69.9361
-69.9339
-69.9316
-69.9293
-69.927
-69.9247
-69.9223
-69.9199
-69.9175
-69.9151
-69.9126
-69.9101
-69.9076
-69.905
-69.9024
-69.8998
-69.8972
-69.8945
-69.8919
-69.8891
-69.8864
-69.8836
-69.8808
-69.8779
-69.8751
-69.8722
-69.8692
-69.8663
-69.8633
-69.8602
-69.8572
-69.8541
-69.8509
-69.8478
-69.8446
-69.8414
-69.8381
-69.8348
-69.8315
-69.8281
-69.8247
-69.8212
-69.8178
-69.8142
-69.8107
-69.8071
-69.8035
-69.7998
-69.7961
-69.7924
-69.7043
-69.5377
-69.2982
-68.9917
-68.6237
-68.1994
-67.7243
-67.2033
-66.6413
-66.0429
-65.4126
-64.7545
-64.0727
-63.3708
-62.6525
-61.921
-61.1793
-60.4301
-59.6762
-58.9198
-58.1629
-57.4074
-56.6548
-55.9066
-55.1637
-54.427
-53.697
-52.9739
-52.2579
-51.5487
-50.8456
-50.1478
-49.4542
-48.7634
-48.0734
-47.3824
-46.6878
-45.9868
-45.2763
-44.5528
-43.8122
-43.0502
-42.2618
-41.4415
-40.5834
-39.6807
-38.726
-37.7111
-36.6268
-35.4631
-34.209
-32.8522
-31.3798
-29.7776
-28.0308
-26.1243
-24.0435
-21.775
-19.308
-16.6365
-13.7617
-10.6944
-7.45796
-4.09063
-0.646202
2.8073
6.19182
9.42597
12.4332
15.1498
17.5306
19.5519
21.2104
22.5198
23.5062
24.2024
24.6442
24.8665
24.9019
24.779
24.5225
24.1534
23.6891
23.144
22.53
21.8571
21.1336
20.3665
19.5617
18.7245
17.8591
16.9695
16.0591
15.1308
14.1874
13.2312
12.2644
11.2889
10.3066
9.31882
8.32713
7.33278
6.33691
5.34055
4.34463
3.34999
2.35737
1.36742
0.380755
-0.60212
-1.58074
-2.5547
-3.52364
-4.48727
-5.44533
-6.39758
-7.34386
-8.28402
-9.21792
-10.1455
-11.0667
-11.9814
-12.8896
-13.7914
-14.6868
-15.5758
-16.4585
-17.335
-18.2054
-19.0698
-19.9284
-20.7814
-21.6288
-22.4711
-23.3084
-24.141
-24.9691
-25.7932
-26.6136
-27.4307
-28.2448
-29.0566
-29.8664
-30.6748
-31.4824
-32.2897
-33.0974
-33.9063
-34.7169
-35.5301
-36.3466
-37.1671
-37.9926
-38.8237
-39.6614
-40.5064
-41.3595
-42.2215
-43.093
-43.9746
-44.8668
-45.7699
-46.6841
-47.6095
-48.5456
-49.4918
-50.4474
-51.4109
-52.3805
-53.354
-54.3288
-55.3017
-56.2689
-57.2264
-58.1697
-59.0941
-59.9946
-60.8663
-61.7046
-62.5051
-63.2638
-63.9777
-64.6442
-65.2619
-65.83
-66.3486
-66.8188
-67.2421
-67.6209
-67.9577
-68.2554
-68.5173
-68.7465
-68.9461
-69.1193
-69.2689
-69.3978
-69.5083
-69.6027
-69.6832
-69.7515
-69.8092
-69.8579
-69.8987
-69.9328
-69.9611
-69.9844
-70.0035
-70.019
-70.0313
-70.041
-70.0484
-70.0539
-70.0577
-70.0602
-70.0614
-70.0617
-70.0611
-70.0598
-70.0579
-70.0555
-70.0527
-70.0495
-70.046
-70.0422
-70.0383
-70.0342
-70.03
-70.0257
-70.0213
-70.0169
-70.0124
-70.008
-70.0035
-69.999
-69.9945
-69.9901
-69.9857
-69.9813
-69.9769
-69.9727
-69.9684
-69.9642
-69.9601
-69.956
-69.952
-69.948
-69.9441
-69.9403
-69.9365
-69.9328
-69.9292
-69.9256
-69.9221
-69.9186
-69.9152
-69.9119
-69.9086
-69.9054
-69.9023
-69.8992
-69.8962
-69.8932
-69.8903
-69.8875
-69.8847
-69.8819
-69.8793
-69.8766
-69.8741
-69.8716
-69.8691
-69.8667
-69.8644
-69.8621
-69.8598
-69.8576
-69.8554
-69.8533
-69.8513
-69.8493
-69.8473
-69.8453
-69.8435
-69.8416
-69.8398
-69.838
-69.8363
-69.8346
-69.833
-69.8314
-69.8298
-69.8282
-69.8267
-69.8252
-69.8238
-69.8224
-69.821
-69.8196
-69.8183
-69.817
-69.8157
-69.8145
-69.8133
-69.8121
-69.8109
-69.8098
-69.8086
-69.8075
-69.8064
-69.8054
-69.8043
-69.8033
-69.8023
-69.8013
-69.8003
-69.7993
-69.7984
-69.7975
-69.7965
-69.7956
-69.7947
-69.7938
-69.7929
-69.7921
-69.7912
-69.7904
-69.7895
-69.7887
-69.7878
-69.787
-69.7862
-69.7853
-69.7845
-69.7837
-69.7829
-69.7821
-69.7812
-69.7804
-69.7796
-69.7788
-69.7779
-69.7771
-69.7763
-69.7754
-69.7746
-69.7738
-69.7729
-69.772
-69.7712
-69.7703
-69.7694
-69.7685
-69.7676
-69.7667
-69.7658
-69.7648
-69.7639
-69.7629
-69.7619
-69.761
-69.76
-69.7589
-69.7579
-69.7568
-69.7558
-69.7547
-69.7536
-69.7525
-69.7513
-69.7502
-69.749
-69.7478
-69.7466
-69.7454
-69.7441
-69.7428
-69.7415
-69.7402
-69.7388
-69.7375
-69.7361
-69.7347
-69.7332
-69.7317
-69.7302
-69.7287
-69.7272
-69.7256
-69.724
-69.7224
-69.7207
-69.719
-69.7173
-69.7156
-69.7138
-69.712
-69.7101
-69.7083
-69.7064
-69.7045
-69.7025
-69.7005
-69.6985
-69.6964
-69.6943
-69.6922
-69.6901
-69.6879
-69.6857
-69.6834
-69.6811
-69.6788
-69.6764
-69.674
-69.6716
-69.6691
-69.6666
-69.6641
-69.6615
-69.6589
-69.6562
-69.6535
-69.6508
-69.648
-69.6452
-69.6424
-69.6395
-69.6366
-69.6336
-69.6306
-69.6276
-69.6245
-69.6214
-69.6183
-69.6151
-69.6118
-69.6086
-69.6052
-69.6019
-69.5985
-69.595
-69.5916
-69.588
-69.5845
-69.5809
-69.5772
-69.5736
-69.5698
-69.5661
-69.5622
-69.5584
-69.5545
-69.5506
-69.5466
-69.5426
-69.5385
-69.5344
-69.5302
-69.526
-69.5218
-69.5175
-69.5132
-69.5088
-69.5044
-69.5
-69.4955
-69.491
-69.4864
-69.4818
-69.4771
-69.4724
-69.4676
-69.4628
-69.458
-69.4531
-69.4482
-69.4432
-69.4382
-69.4332
-69.4281
-69.4229
-69.4177
-69.4125
-69.4072
-69.4019
-69.3966
-69.3912
-69.3857
-69.3802
-69.3747
-69.3691
-69.3635
-69.3579
-69.3522
-69.3464
-69.3406
-69.3348
-69.3289
-69.323
-69.3171
-69.3111
-69.305
-69.299
-69.2928
-69.2867
-69.2805
-69.2742
-69.2679
-69.2616
-69.2552
-69.2488
-69.2423
-69.2358
-69.2293
-69.2227
-69.2161
-69.2095
-69.2028
-69.196
-69.1892
-69.1824
-69.1756
-69.1687
-69.1617
-69.1547
-69.1477
-69.1407
-69.1336
-69.1264
-69.1193
-69.1121
-69.1048
-69.0975
-69.0902
-69.0828
-69.0754
-69.068
-69.0605
-69.053
-69.0455
-69.0379
-69.0303
-69.0226
-69.0149
-69.0072
-68.9994
-68.9916
-68.9838
-68.9759
-68.968
-68.9601
-68.9521
-68.9441
-68.9361
-68.928
-68.9199
-68.9117
-68.9035
-68.8953
-68.8871
-68.8788
-68.8705
-68.8622
-68.8538
-68.8454
-68.8369
-68.8285
-68.82
-68.8114
-68.8029
-68.7943
-68.7856
-68.777
-68.7683
-68.7596
-68.7508
-68.742
-68.7332
-68.7244
-68.7155
-68.7066
-68.6977
-68.6888
-68.6798
-68.6708
-68.6618
-68.6527
-68.6436
-68.6345
-68.6254
-68.6162
-68.607
-68.5978
-68.5886
-68.5793
-68.57
-68.5607
-68.5514
-68.542
-68.5326
-68.5232
-68.5138
-68.5043
-68.4949
-68.4854
-68.4759
-68.4663
-68.4567
-68.4472
-68.4376
-68.4279
-68.4183
-68.4086
-68.3989
-68.3892
-68.3795
-68.3697
-68.36
-68.3502
-68.3404
-68.3305
-68.3207
-68.3108
-68.3009
-68.291
-68.2811
-68.2712
-68.2612
-68.2513
-68.2413
-68.2313
-68.2213
-68.2112
-68.2012
-68.1911
-68.181
-68.1709
-68.1608
-68.1507
-68.1406
-68.1304
-68.1203
-68.1101
-68.0999
-68.0897
-68.0795
-68.0693
-68.059
-68.0488
-68.0385
-68.0282
-68.018
-68.0077
-67.9974
-67.9871
-67.9767
-67.9664
-67.9561
-67.9457
-67.9354
-67.925
-67.9146
-67.9042
-67.8938
-67.8834
-67.873
-67.8626
-67.8522
-67.8418
-67.8313
-67.8209
-67.8104
-67.8
-67.7895
-67.7791
-67.7686
-67.7581
-67.7476
-67.7371
-67.7266
-67.7162
-67.7057
-67.6951
-67.6846
-67.6741
-67.6636
-67.6531
-67.6426
-67.6321
-67.6215
-67.611
-67.6005
-67.59
-67.5794
-67.5689
-67.5584
-67.5479
-67.5373
-67.5268
-67.5163
-67.5058
-67.4952
-67.4847
-67.4742
-67.4637
-67.4531
-67.4426
-67.4321
-67.4216
-67.4111
-67.4006
-67.3901
-67.3796
-67.3691
-67.3586
-67.3481
-67.3376
-67.3271
-67.3166
-67.3061
-67.2957
-67.2852
-67.2747
-67.2643
-67.2538
-67.2434
-67.2329
-67.2225
-67.212
-67.2016
-67.1912
-67.1808
-67.1704
-67.16
-67.1496
-67.1392
-67.1288
-67.1185
-67.1081
-67.0978
-67.0874
-67.0771
-67.0668
-67.0564
-67.0461
-67.0358
-67.0255
-67.0153
-67.005
-66.9947
-66.9845
-66.9743
-66.964
-66.9538
-66.9436
-66.9334
-66.9233
-66.9131
-66.9029
-66.8928
-66.8827
-66.8725
-66.8624
-66.8523
-66.8422
-66.8322
-66.8221
-66.8121
-66.802
-66.792
-66.782
-66.772
-66.762
-66.7521
-66.7421
-66.7322
-66.7222
-66.7123
-66.7024
-66.6925
-66.6827
-66.6728
-66.663
-66.6532
-66.6434
-66.6336
-66.6238
-66.614
-66.6043
-66.5946
-66.5849
-66.5752
-66.5655
-66.5559
-66.5462
-66.5366
-66.527
-66.5174
-66.5079
-66.4983
-66.4888
-66.4793
-66.4698
-66.4603
-66.4508
-66.4414
-66.432
-66.4226
-66.4132
-66.4039
-66.3945
-66.3852
-66.3759
-66.3666
-66.3573
-66.3481
-66.3389
-66.3297
-66.3205
-66.3113
-66.3022
-66.293
-66.2839
-66.2748
-66.2658
-66.2567
-66.2477
-66.2387
-66.2297
-66.2207
-66.2118
-66.2029
-66.194
-66.1851
-66.1763
-66.1674
-66.1586
-66.1498
-66.1411
-66.1323
-66.1236
-66.1149
-66.1063
-66.0976
-66.089
-66.0804
-66.0718
-66.0632
-66.0547
-66.0462
-66.0377
-66.0293
-66.0208
-66.0124
-66.004
-65.9957
-65.9874
-65.979
-65.9708
-65.9625
-65.9543
-65.9461
-65.9379
-65.9297
-65.9216
-65.9135
-65.9054
-65.8973
-65.8893
-65.8813
-65.8733
-65.8653
-65.8574
-65.8495
-65.8416
-65.8337
-65.8259
-65.8181
-65.8103
-65.8025
-65.7948
-65.7871
-65.7794
-65.7718
-65.7641
-65.7565
-65.749
-65.7414
-65.7339
-65.7264
-65.7189
-65.7115
-65.7041
-65.6967
-65.6893
-65.682
-65.6747
-65.6674
-65.6601
-65.6529
-65.6457
-65.6385
-65.6314
-65.6243
-65.6172
-65.6102
-65.6031
-65.5961
-65.5892
-65.5822
-65.5753
-65.5684
-65.5616
-65.5547
-65.5479
-65.5412
-65.5344
-65.5277
-65.521
-65.5144
-65.5078
-65.5012
-65.4946
-65.4881
-65.4816
-65.4751
-65.4687
-65.4622
-65.4559
-65.4495
-65.4432
-65.4369
-65.4306
-65.4244
-65.4181
-65.412
-65.4058
-65.3997
-65.3936
-65.3875
-65.3815
-65.3755
-65.3695
-65.3635
-65.3576
-65.3517
-65.3459
-65.34
-65.3342
-65.3284
-65.3227
-65.317
-65.3113
-65.3056
-65.3
-65.2944
-65.2888
-65.2833
-65.2778
-65.2723
-65.2669
-65.2614
-65.2561
-65.2507
-65.2454
-65.2401
-65.2348
-65.2296
-65.2244
-65.2192
-65.214
-65.2089
-65.2038
-65.1988
-65.1937
-65.1887
-65.1838
-65.1788
-65.1739
-65.1691
-65.1642
-65.1594
-65.1546
-65.1499
-65.1451
-65.1404
-65.1358
-65.1312
-65.1266
-65.122
-65.1175
-65.1129
-65.1085
-65.104
-65.0996
-65.0952
-65.0909
-65.0865
-65.0823
-65.078
-65.0738
-65.0696
-65.0654
-65.0613
-65.0572
-65.0531
-65.049
-65.045
-65.041
-65.0371
-65.0332
-65.0293
-65.0254
-65.0216
-65.0178
-65.014
-65.0103
-65.0065
-65.0029
-64.9992
-64.9956
-64.992
-64.9885
-64.9849
-64.9814
-64.978
-64.9745
-64.9711
-64.9678
-64.9644
-64.9611
-64.9578
-64.9545
-64.9513
-64.9481
-64.9449
-64.9418
-64.9387
-64.9356
-64.9325
-64.9295
-64.9265
-64.9235
-64.9206
-64.9177
-64.9148
-64.9119
-64.9091
-64.9063
-64.9035
-64.9008
-64.8981
-64.8954
-64.8927
-64.8901
-64.8875
-64.8849
-64.8824
-64.8799
-64.8774
-64.8749
-64.8725
-64.8701
-64.8677
-64.8653
-64.863
-64.8607
-64.8584
-64.8562
-64.854
-64.8518
-64.8496
-64.8475
-64.8454
-64.8433
-64.8412
-64.8392
-64.8372
-64.8352
-64.8333
-64.8314
-64.8295
-64.8276
-64.8258
-64.8239
-64.8222
-64.8204
-64.8187
-64.8169
-64.8153
-64.8136
-64.812
-64.8104
-64.8088
-64.8072
-64.8057
-64.8042
-64.8027
-64.8012
-64.7998
-64.7984
-64.797
-64.7956
-64.7943
-64.793
-64.7917
-64.7905
-64.7892
-64.788
-64.7868
-64.7856
-64.7845
-64.7834
-64.7823
-64.7812
-64.7802
-64.7792
-64.7782
-64.7772
-64.7762
-64.7753
-64.7744
-64.7735
-64.7726
-64.7718
-64.771
-64.7702
-64.7694
-64.7686
-64.7679
-64.7672
-64.7665
-64.7658
-64.7652
-64.7646
-64.764
-64.7634
-64.7628
-64.7623
-64.7618
-64.7613
-64.7608
-64.7603
-64.7599
-64.7595
-64.7591
-64.7587
-64.7584
-64.758
-64.7577
-64.7574
-64.7571
-64.7569
-64.7566
-64.7564
-64.7562
-64.756
-64.7558
-64.7557
-64.7556
-64.7554
-64.7553
-64.7553
-64.7552
-64.7552
-64.7551
-64.7551
-64.7551
-64.7552
-64.7552
-64.7553
-64.7553
-64.7554
-64.7555
-64.7557
-64.7558
-64.756
-64.7561
-64.7563
-64.7565
-64.7568
-64.757
-64.7572
-64.7575
-64.7578
-64.7581
-64.7584
-64.7587
-64.7591
-64.7594
-64.7598
-64.7602
-64.7606
-64.761
-64.7614
-64.7618
-64.7623
-64.7627
-64.7632
-64.7637
-64.7642
-64.7647
-64.7652
-64.7658
-64.7663
-64.7669
-64.7675
-64.768
-64.7686
-64.7693
-64.7699
-64.7705
-64.7711
-64.7718
-64.7725
-64.7731
-64.7738
-64.7745
-64.7752
-64.7759
-64.6966
-64.541
-64.313
-64.0165
-63.6556
-63.2341
-62.7562
-62.2256
-61.6463
-61.022
-60.3564
-59.6529
-58.9149
-58.1454
-57.3472
-56.5231
-55.6751
-54.8053
-53.9151
-53.0056
-52.0774
-51.1304
-50.164
-49.1767
-48.1665
-47.1299
-46.063
-44.96
-43.8142
-42.617
-41.358
-40.0246
-38.6017
-37.0714
-35.4122
-33.5993
-31.6033
-29.3907
-26.9232
-24.1591
-21.0544
-17.5663
-13.6592
-9.31442
-4.54297
0.599066
5.99764
11.4779
16.819
21.7875
26.1827
29.8735
32.8156
35.0426
36.6411
37.7209
38.3921
38.7512
38.8754
38.8232
38.6371
38.3473
37.9749
37.5348
37.0374
36.4905
35.8999
35.27
34.6044
33.9062
33.178
32.4222
31.6408
30.8358
30.0091
29.1624
28.2973
27.4154
26.5182
25.6072
24.6836
23.7488
22.804
21.8505
20.8892
19.9213
18.9478
17.9697
16.9877
16.0029
15.0159
14.0275
13.0384
12.0492
11.0606
10.0731
9.08722
8.10341
7.12211
6.14373
5.16862
4.19712
3.22952
2.26608
1.30705
0.35264
-0.59697
-1.54161
-2.48115
-3.41547
-4.34446
-5.26807
-6.18621
-7.09886
-8.00596
-8.90751
-9.80351
-10.694
-11.5789
-12.4584
-13.3325
-14.2012
-15.0647
-15.923
-16.7762
-17.6245
-18.468
-19.3068
-20.1412
-20.9713
-21.7973
-22.6195
-23.4381
-24.2534
-25.0658
-25.8756
-26.6831
-27.4887
-28.293
-29.0963
-29.8993
-30.7024
-31.5063
-32.3115
-33.1188
-33.9289
-34.7425
-35.5605
-36.3836
-37.2127
-38.0487
-38.8924
-39.7449
-40.6069
-41.4793
-42.363
-43.2588
-44.1673
-45.089
-46.0245
-46.9738
-47.9369
-48.9136
-49.903
-50.904
-51.915
-52.934
-53.9581
-54.9842
-56.0082
-57.0257
-58.0317
-59.0207
-59.9869
-60.9246
-61.8279
-62.6914
-63.5102
-64.2802
-64.9982
-65.6619
-66.2703
-66.8234
-67.3222
-67.7686
-68.1651
-68.5148
-68.8214
-69.0885
-69.3199
-69.5193
-69.6903
-69.8363
-69.9603
-70.0653
-70.1538
-70.228
-70.29
-70.3414
-70.3839
-70.4188
-70.4472
-70.4701
-70.4883
-70.5026
-70.5135
-70.5216
-70.5274
-70.5311
-70.5332
-70.5338
-70.5332
-70.5317
-70.5293
-70.5262
-70.5225
-70.5184
-70.5138
-70.509
-70.5039
-70.4985
-70.493
-70.4874
-70.4816
-70.4758
-70.4699
-70.464
-70.4581
-70.4522
-70.4463
-70.4404
-70.4345
-70.4286
-70.4229
-70.4171
-70.4114
-70.4057
-70.4001
-70.3946
-70.3891
-70.3837
-70.3784
-70.3731
-70.3678
-70.3627
-70.3576
-70.3525
-70.3476
-70.3427
-70.3379
-70.3331
-70.3284
-70.3237
-70.3192
-70.3147
-70.3102
-70.3058
-70.3015
-70.2972
-70.293
-70.2889
-70.2848
-70.2808
-70.2768
-70.2729
-70.2691
-70.2653
-70.2615
-70.2578
-70.2542
-70.2506
-70.2471
-70.2436
-70.2402
-70.2368
-70.2334
-70.2301
-70.2269
-70.2237
-70.2205
-70.2174
-70.2143
-70.2113
-70.2083
-70.2054
-70.2025
-70.1996
-70.1968
-70.194
-70.1912
-70.1885
-70.1858
-70.1831
-70.1805
-70.1779
-70.1754
-70.1728
-70.1703
-70.1678
-70.1654
-70.163
-70.1606
-70.1582
-70.1559
-70.1536
-70.1513
-70.149
-70.1467
-70.1445
-70.1423
-70.1401
-70.138
-70.1358
-70.1337
-70.1315
-70.1294
-70.1274
-70.1253
-70.1232
-70.1212
-70.1191
-70.1171
-70.1151
-70.1131
-70.1111
-70.1091
-70.1072
-70.1052
-70.1032
-70.1013
-70.0993
-70.0974
-70.0955
-70.0935
-70.0916
-70.0897
-70.0877
-70.0858
-70.0839
-70.0819
-70.08
-70.0781
-70.0761
-70.0742
-70.0723
-70.0703
-70.0684
-70.0664
-70.0645
-70.0625
-70.0605
-70.0586
-70.0566
-70.0546
-70.0526
-70.0506
-70.0485
-70.0465
-70.0445
-70.0424
-70.0404
-70.0383
-70.0362
-70.0341
-70.032
-70.0298
-70.0277
-70.0255
-70.0233
-70.0211
-70.0189
-70.0167
-70.0144
-70.0121
-70.0099
-69.9241
-69.7618
-69.5296
-69.2338
-68.8806
-68.4758
-68.0249
-67.5333
-67.006
-66.4475
-65.8624
-65.2547
-64.6283
-63.9867
-63.3333
-62.6711
-62.0029
-61.3312
-60.6583
-59.9863
-59.317
-58.6521
-57.993
-57.3409
-56.6967
-56.0614
-55.4354
-54.8192
-54.2131
-53.6171
-53.031
-52.4547
-51.8877
-51.3292
-50.7787
-50.235
-49.6972
-49.164
-48.6341
-48.1058
-47.5776
-47.0477
-46.514
-45.9744
-45.4267
-44.8684
-44.2969
-43.7093
-43.1027
-42.4736
-41.8185
-41.1336
-40.4147
-39.6572
-38.8561
-38.0061
-37.1012
-36.1351
-35.1008
-33.9909
-32.7973
-31.5116
-30.1251
-28.6288
-27.0138
-25.272
-23.3962
-21.3813
-19.2247
-16.9281
-14.4983
-11.9485
-9.29966
-6.58072
-3.82868
-1.08739
1.59479
4.16813
6.5853
8.8051
10.7954
12.5347
14.013
15.2305
16.1958
16.9241
17.4343
17.7477
17.8857
17.8692
17.7175
17.4482
17.0769
16.6174
16.0816
15.4798
14.8211
14.1131
13.3627
12.5756
11.757
10.9114
10.0426
9.15424
8.24928
7.33047
6.40023
5.46072
4.51385
3.56132
2.60468
1.64526
0.684286
-0.277175
-1.23816
-2.19784
-3.15544
-4.11033
-5.0619
-6.00967
-6.95318
-7.89207
-8.82601
-9.75472
-10.678
-11.5956
-12.5074
-13.4134
-14.3133
-15.2072
-16.0951
-16.9769
-17.8528
-18.7227
-19.5867
-20.4451
-21.2979
-22.1452
-22.9874
-23.8246
-24.6572
-25.4853
-26.3094
-27.1297
-27.9467
-28.7609
-29.5726
-30.3824
-31.1908
-31.9984
-32.8059
-33.6137
-34.4228
-35.2336
-36.0471
-36.8639
-37.6848
-38.5106
-39.3421
-40.1802
-41.0255
-41.8788
-42.7408
-43.6121
-44.4932
-45.3845
-46.2863
-47.1985
-48.121
-49.0534
-49.9949
-50.9444
-51.9005
-52.861
-53.8238
-54.7858
-55.7439
-56.6943
-57.6329
-58.5553
-59.4567
-60.3326
-61.1784
-61.9895
-62.7621
-63.4928
-64.1787
-64.818
-65.4094
-65.9526
-66.4481
-66.897
-67.3012
-67.6627
-67.9844
-68.2691
-68.5198
-68.7395
-68.9313
-69.0981
-69.2426
-69.3673
-69.4747
-69.5667
-69.6455
-69.7127
-69.7697
-69.8181
-69.8588
-69.8931
-69.9218
-69.9456
-69.9653
-69.9815
-69.9946
-70.005
-70.0133
-70.0196
-70.0243
-70.0275
-70.0296
-70.0307
-70.0309
-70.0304
-70.0293
-70.0276
-70.0255
-70.023
-70.0202
-70.0172
-70.0139
-70.0105
-70.0069
-70.0032
-69.9994
-69.9956
-69.9917
-69.9878
-69.9838
-69.9799
-69.976
-69.972
-69.9681
-69.9642
-69.9604
-69.9566
-69.9528
-69.9491
-69.9454
-69.9418
-69.9382
-69.9346
-69.9312
-69.9277
-69.9244
-69.9211
-69.9178
-69.9146
-69.9115
-69.9084
-69.9054
-69.9024
-69.8995
-69.8966
-69.8938
-69.8911
-69.8884
-69.8858
-69.8832
-69.8807
-69.8782
-69.8757
-69.8734
-69.871
-69.8688
-69.8665
-69.8644
-69.8622
-69.8601
-69.8581
-69.8561
-69.8542
-69.8523
-69.8504
-69.8486
-69.8468
-69.845
-69.8433
-69.8416
-69.84
-69.8384
-69.8369
-69.8353
-69.8338
-69.8324
-69.8309
-69.8295
-69.8282
-69.8268
-69.8255
-69.8242
-69.823
-69.8218
-69.8205
-69.8194
-69.8182
-69.8171
-69.816
-69.8149
-69.8138
-69.8128
-69.8117
-69.8107
-69.8097
-69.8087
-69.8078
-69.8068
-69.8059
-69.805
-69.8041
-69.8032
-69.8023
-69.8014
-69.8005
-69.7997
-69.7988
-69.798
-69.7972
-69.7963
-69.7955
-69.7947
-69.7939
-69.7931
-69.7923
-69.7915
-69.7907
-69.7899
-69.7891
-69.7883
-69.7875
-69.7867
-69.7858
-69.785
-69.7842
-69.7834
-69.7826
-69.7818
-69.7809
-69.7801
-69.7792
-69.7784
-69.7775
-69.7766
-69.7757
-69.7748
-69.7739
-69.773
-69.7721
-69.7712
-69.7702
-69.7692
-69.7682
-69.7672
-69.7662
-69.7652
-69.7642
-69.7631
-69.762
-69.7609
-69.7598
-69.7587
-69.7575
-69.7563
-69.7551
-69.7539
-69.7527
-69.7514
-69.7502
-69.7489
-69.7475
-69.7462
-69.7448
-69.7434
-69.742
-69.7405
-69.7391
-69.7376
-69.7361
-69.7345
-69.7329
-69.7313
-69.7297
-69.728
-69.7263
-69.7246
-69.7229
-69.7211
-69.7193
-69.7174
-69.7156
-69.7137
-69.7117
-69.7098
-69.7078
-69.7057
-69.7037
-69.7016
-69.6995
-69.6973
-69.6951
-69.6929
-69.6906
-69.6883
-69.686
-69.6836
-69.6812
-69.6788
-69.6763
-69.6738
-69.6712
-69.6686
-69.666
-69.6633
-69.6606
-69.6579
-69.6551
-69.6523
-69.6495
-69.6466
-69.6437
-69.6407
-69.6377
-69.6346
-69.6315
-69.6284
-69.6253
-69.622
-69.6188
-69.6155
-69.6122
-69.6088
-69.6054
-69.602
-69.5985
-69.5949
-69.5914
-69.5878
-69.5841
-69.5804
-69.5767
-69.5729
-69.5691
-69.5652
-69.5613
-69.5573
-69.5533
-69.5493
-69.5452
-69.5411
-69.5369
-69.5327
-69.5285
-69.5242
-69.5199
-69.5155
-69.5111
-69.5066
-69.5021
-69.4976
-69.493
-69.4883
-69.4837
-69.4789
-69.4742
-69.4694
-69.4645
-69.4596
-69.4547
-69.4497
-69.4447
-69.4396
-69.4345
-69.4293
-69.4241
-69.4189
-69.4136
-69.4083
-69.4029
-69.3975
-69.392
-69.3865
-69.381
-69.3754
-69.3698
-69.3641
-69.3584
-69.3526
-69.3468
-69.341
-69.3351
-69.3292
-69.3232
-69.3172
-69.3111
-69.3051
-69.2989
-69.2927
-69.2865
-69.2803
-69.2739
-69.2676
-69.2612
-69.2548
-69.2483
-69.2418
-69.2353
-69.2287
-69.222
-69.2154
-69.2086
-69.2019
-69.1951
-69.1883
-69.1814
-69.1745
-69.1675
-69.1605
-69.1535
-69.1464
-69.1393
-69.1322
-69.125
-69.1178
-69.1105
-69.1032
-69.0959
-69.0885
-69.0811
-69.0736
-69.0662
-69.0586
-69.0511
-69.0435
-69.0358
-69.0282
-69.0205
-69.0127
-69.0049
-68.9971
-68.9893
-68.9814
-68.9735
-68.9655
-68.9575
-68.9495
-68.9415
-68.9334
-68.9252
-68.9171
-68.9089
-68.9007
-68.8924
-68.8841
-68.8758
-68.8674
-68.8591
-68.8506
-68.8422
-68.8337
-68.8252
-68.8166
-68.808
-68.7994
-68.7908
-68.7821
-68.7734
-68.7647
-68.7559
-68.7472
-68.7383
-68.7295
-68.7206
-68.7117
-68.7028
-68.6938
-68.6848
-68.6758
-68.6668
-68.6577
-68.6486
-68.6395
-68.6303
-68.6212
-68.612
-68.6027
-68.5935
-68.5842
-68.5749
-68.5656
-68.5562
-68.5469
-68.5375
-68.5281
-68.5186
-68.5092
-68.4997
-68.4902
-68.4806
-68.4711
-68.4615
-68.4519
-68.4423
-68.4326
-68.423
-68.4133
-68.4036
-68.3939
-68.3841
-68.3744
-68.3646
-68.3548
-68.345
-68.3351
-68.3253
-68.3154
-68.3055
-68.2956
-68.2857
-68.2757
-68.2658
-68.2558
-68.2458
-68.2358
-68.2258
-68.2157
-68.2056
-68.1956
-68.1855
-68.1754
-68.1653
-68.1551
-68.145
-68.1348
-68.1247
-68.1145
-68.1043
-68.0941
-68.0838
-68.0736
-68.0634
-68.0531
-68.0428
-68.0326
-68.0223
-68.012
-68.0017
-67.9913
-67.981
-67.9707
-67.9603
-67.95
-67.9396
-67.9292
-67.9188
-67.9084
-67.898
-67.8876
-67.8772
-67.8668
-67.8564
-67.8459
-67.8355
-67.825
-67.8146
-67.8041
-67.7936
-67.7832
-67.7727
-67.7622
-67.7517
-67.7412
-67.7307
-67.7202
-67.7097
-67.6992
-67.6887
-67.6782
-67.6676
-67.6571
-67.6466
-67.6361
-67.6255
-67.615
-67.6045
-67.5939
-67.5834
-67.5729
-67.5623
-67.5518
-67.5413
-67.5307
-67.5202
-67.5097
-67.4991
-67.4886
-67.4781
-67.4676
-67.457
-67.4465
-67.436
-67.4255
-67.415
-67.4044
-67.3939
-67.3834
-67.3729
-67.3624
-67.3519
-67.3414
-67.3309
-67.3204
-67.3099
-67.2995
-67.289
-67.2785
-67.2681
-67.2576
-67.2471
-67.2367
-67.2262
-67.2158
-67.2054
-67.1949
-67.1845
-67.1741
-67.1637
-67.1533
-67.1429
-67.1325
-67.1222
-67.1118
-67.1014
-67.0911
-67.0808
-67.0704
-67.0601
-67.0498
-67.0395
-67.0292
-67.0189
-67.0087
-66.9984
-66.9881
-66.9779
-66.9677
-66.9575
-66.9473
-66.9371
-66.9269
-66.9167
-66.9065
-66.8964
-66.8863
-66.8761
-66.866
-66.8559
-66.8458
-66.8357
-66.8257
-66.8156
-66.8056
-66.7956
-66.7856
-66.7756
-66.7656
-66.7556
-66.7456
-66.7357
-66.7258
-66.7159
-66.706
-66.6961
-66.6862
-66.6763
-66.6665
-66.6567
-66.6469
-66.6371
-66.6273
-66.6175
-66.6078
-66.5981
-66.5884
-66.5787
-66.569
-66.5593
-66.5497
-66.5401
-66.5305
-66.5209
-66.5113
-66.5018
-66.4922
-66.4827
-66.4732
-66.4637
-66.4543
-66.4448
-66.4354
-66.426
-66.4166
-66.4073
-66.3979
-66.3886
-66.3793
-66.37
-66.3607
-66.3515
-66.3423
-66.333
-66.3239
-66.3147
-66.3055
-66.2964
-66.2873
-66.2782
-66.2691
-66.2601
-66.2511
-66.2421
-66.2331
-66.2241
-66.2152
-66.2062
-66.1973
-66.1885
-66.1796
-66.1708
-66.162
-66.1532
-66.1444
-66.1357
-66.127
-66.1183
-66.1096
-66.1009
-66.0923
-66.0837
-66.0751
-66.0666
-66.058
-66.0495
-66.041
-66.0326
-66.0241
-66.0157
-66.0073
-65.999
-65.9906
-65.9823
-65.974
-65.9658
-65.9575
-65.9493
-65.9411
-65.933
-65.9248
-65.9167
-65.9086
-65.9006
-65.8925
-65.8845
-65.8765
-65.8686
-65.8606
-65.8527
-65.8448
-65.837
-65.8291
-65.8213
-65.8135
-65.8058
-65.798
-65.7903
-65.7826
-65.775
-65.7673
-65.7597
-65.7522
-65.7446
-65.7371
-65.7296
-65.7221
-65.7147
-65.7073
-65.6999
-65.6925
-65.6852
-65.6779
-65.6706
-65.6633
-65.6561
-65.6489
-65.6417
-65.6346
-65.6275
-65.6204
-65.6133
-65.6063
-65.5993
-65.5923
-65.5854
-65.5785
-65.5716
-65.5647
-65.5579
-65.5511
-65.5443
-65.5376
-65.5308
-65.5242
-65.5175
-65.5109
-65.5043
-65.4977
-65.4912
-65.4847
-65.4782
-65.4718
-65.4653
-65.4589
-65.4526
-65.4462
-65.4399
-65.4337
-65.4274
-65.4212
-65.415
-65.4089
-65.4027
-65.3966
-65.3906
-65.3845
-65.3785
-65.3725
-65.3666
-65.3606
-65.3548
-65.3489
-65.343
-65.3372
-65.3315
-65.3257
-65.32
-65.3143
-65.3086
-65.303
-65.2974
-65.2918
-65.2863
-65.2808
-65.2753
-65.2698
-65.2644
-65.259
-65.2537
-65.2483
-65.243
-65.2378
-65.2325
-65.2273
-65.2221
-65.217
-65.2118
-65.2067
-65.2017
-65.1967
-65.1917
-65.1867
-65.1817
-65.1768
-65.172
-65.1671
-65.1623
-65.1575
-65.1527
-65.148
-65.1433
-65.1387
-65.134
-65.1294
-65.1248
-65.1203
-65.1158
-65.1113
-65.1069
-65.1024
-65.098
-65.0937
-65.0894
-65.0851
-65.0808
-65.0766
-65.0724
-65.0682
-65.064
-65.0599
-65.0558
-65.0518
-65.0478
-65.0438
-65.0398
-65.0359
-65.032
-65.0281
-65.0243
-65.0205
-65.0167
-65.013
-65.0092
-65.0056
-65.0019
-64.9983
-64.9947
-64.9911
-64.9876
-64.9841
-64.9806
-64.9772
-64.9738
-64.9704
-64.967
-64.9637
-64.9604
-64.9571
-64.9539
-64.9507
-64.9475
-64.9444
-64.9412
-64.9381
-64.9351
-64.932
-64.929
-64.9261
-64.9231
-64.9202
-64.9173
-64.9144
-64.9116
-64.9088
-64.906
-64.9033
-64.9005
-64.8979
-64.8952
-64.8925
-64.8899
-64.8874
-64.8848
-64.8823
-64.8798
-64.8773
-64.8749
-64.8724
-64.8701
-64.8677
-64.8654
-64.8631
-64.8608
-64.8585
-64.8563
-64.8541
-64.8519
-64.8498
-64.8477
-64.8456
-64.8435
-64.8415
-64.8395
-64.8375
-64.8356
-64.8336
-64.8317
-64.8298
-64.828
-64.8262
-64.8244
-64.8226
-64.8209
-64.8191
-64.8174
-64.8158
-64.8141
-64.8125
-64.8109
-64.8094
-64.8078
-64.8063
-64.8048
-64.8033
-64.8019
-64.8005
-64.7991
-64.7977
-64.7964
-64.7951
-64.7938
-64.7925
-64.7912
-64.79
-64.7888
-64.7877
-64.7865
-64.7854
-64.7843
-64.7832
-64.7821
-64.7811
-64.7801
-64.7791
-64.7781
-64.7772
-64.7763
-64.7754
-64.7745
-64.7737
-64.7728
-64.772
-64.7712
-64.7705
-64.7697
-64.769
-64.7683
-64.7676
-64.767
-64.7664
-64.7657
-64.7652
-64.7646
-64.764
-64.7635
-64.763
-64.7625
-64.762
-64.7616
-64.7612
-64.7608
-64.7604
-64.76
-64.7597
-64.7593
-64.759
-64.7587
-64.7585
-64.7582
-64.758
-64.7578
-64.7576
-64.7574
-64.7572
-64.7571
-64.757
-64.7569
-64.7568
-64.7567
-64.7566
-64.7566
-64.7566
-64.7566
-64.7566
-64.7566
-64.7567
-64.7568
-64.7568
-64.7569
-64.7571
-64.7572
-64.7573
-64.7575
-64.7577
-64.7579
-64.7581
-64.7583
-64.7586
-64.7588
-64.7591
-64.7594
-64.7597
-64.76
-64.7603
-64.7607
-64.761
-64.7614
-64.7618
-64.7622
-64.7626
-64.763
-64.7634
-64.7639
-64.7644
-64.7648
-64.7653
-64.7658
-64.7664
-64.7669
-64.7674
-64.768
-64.7685
-64.7691
-64.7697
-64.7703
-64.7709
-64.7715
-64.7722
-64.7728
-64.7735
-64.7741
-64.7748
-64.7755
-64.7762
-64.7769
-64.7776
-64.7783
-64.7791
-64.7798
-64.7806
-64.7813
-64.7821
-64.7829
-64.7837
-64.7845
-64.7853
-64.7861
-64.7869
-64.7878
-64.7886
-64.7895
-64.7903
-64.7912
-64.7921
-64.793
-64.7938
-64.7947
-64.7956
-64.7966
-64.7975
-64.7984
-64.7993
-64.8003
-64.8012
-64.8022
-64.8031
-64.8041
-64.8051
-64.806
-64.807
-64.808
-64.809
-64.81
-64.811
-64.812
-64.813
-64.814
-64.815
-64.8161
-64.8171
-64.8181
-64.8192
-64.8202
-64.8213
-64.8223
-64.8234
-64.8244
-64.8255
-64.8266
-64.8276
-64.8287
-64.8298
-64.8309
-64.8319
-64.833
-64.8341
-64.8352
-64.8363
-64.8374
-64.8385
-64.8396
-64.8407
-64.8418
-64.8429
-64.844
-64.8451
-64.8462
-64.8473
-64.8484
-64.8496
-64.8507
-64.8518
-64.8529
-64.854
-64.8552
-64.8563
-64.8574
-64.8585
-64.8596
-64.8608
-64.8619
-64.863
-64.8641
-64.8652
-64.8664
-64.8675
-64.8686
-64.8697
-64.8709
-64.872
-64.8731
-64.8742
-64.8753
-64.8765
-64.8776
-64.8787
-64.8798
-64.8809
-64.882
-64.8831
-64.8842
-64.8854
-64.8865
-64.8876
-64.8887
-64.8898
-64.8909
-64.892
-64.8931
-64.8942
-64.8952
-64.8963
-64.8974
-64.8985
-64.8996
-64.9007
-64.9017
-64.9028
-64.9039
-64.905
-64.906
-64.9071
-64.9081
-64.9092
-64.9103
-64.9113
-64.9124
-64.9134
-64.9144
-64.9155
-64.9165
-64.9175
-64.9186
-64.9196
-64.9206
-64.9216
-64.9226
-64.9237
-64.9247
-64.9257
-64.9267
-64.9277
-64.9286
-64.9296
-64.9306
-64.9316
-64.9326
-64.9335
-64.9345
-64.9355
-64.9364
-64.9374
-64.9383
-64.9393
-64.9402
-64.9411
-64.9421
-64.943
-64.9439
-64.9448
-64.9457
-64.9466
-64.9475
-64.9484
-64.9493
-64.9502
-64.9511
-64.952
-64.9529
-64.9537
-64.9546
-64.9554
-64.9563
-64.9571
-64.958
-64.9588
-64.9596
-64.9605
-64.9613
-64.9621
-64.9629
-64.9637
-64.9645
-64.9653
-64.9661
-64.9669
-64.9677
-64.9685
-64.9692
-64.97
-64.9707
-64.9715
-64.9722
-64.973
-64.9737
-64.9745
-64.9752
-64.9759
-64.9766
-64.9773
-64.978
-64.9787
-64.9794
-64.9801
-64.9808
-64.9814
-64.9821
-64.9828
-64.9834
-64.9841
-64.9847
-64.9854
-64.986
-64.9866
-64.9873
-64.9879
-64.9885
-64.9891
-64.9897
-64.9903
-64.9909
-64.9915
-64.9921
-64.9926
-64.9932
-64.9938
-64.9943
-64.9949
-64.9954
-64.9959
-64.9965
-64.997
-64.9975
-64.9981
-64.9986
-64.9991
-64.9996
-65.0001
-65.0005
-65.001
-65.0015
-65.002
-65.0024
-65.0029
-65.0034
-65.0038
-65.0043
-65.0047
-65.0051
-65.0056
-65.006
-65.0064
-65.0068
-65.0072
-65.0076
-65.008
-65.0084
-65.0088
-65.0091
-65.0095
-65.0099
-65.0102
-65.0106
-65.0109
-65.0113
-65.0116
-65.012
-65.0123
-65.0126
-65.0129
-65.0132
-65.0136
-65.0139
-65.0141
-65.0144
-65.0147
-65.015
-65.0153
-65.0156
-65.0158
-65.0161
-65.0163
-65.0166
-65.0168
-65.0171
-65.0173
-65.0175
-65.0178
-65.018
-65.0182
-65.0184
-65.0186
-65.0188
-65.019
-65.0192
-65.0194
-65.0196
-65.0197
-65.0199
-65.0201
-65.0202
-65.0204
-65.0206
-65.0207
-65.0208
-65.021
-65.0211
-65.0213
-65.0214
-65.0215
-65.0216
-65.0217
-65.0218
-65.0219
-65.0221
-65.0221
-65.0222
-65.0223
-65.0224
-65.0225
-65.0226
-65.0226
-65.0227
-65.0228
-65.0228
-65.0229
-65.0229
-65.023
-65.023
-65.0231
-65.0231
-65.0231
-65.0232
-65.0232
-65.0232
-65.0232
-65.0233
-65.0233
-65.0233
-65.0233
-65.0233
-65.0233
-65.0233
-65.0233
-65.0232
-65.0232
-65.0232
-65.0232
-65.0232
-65.0231
-65.0231
-65.0231
-65.023
-65.023
-65.0229
-65.0229
-65.0228
-65.0228
-65.0227
-65.0227
-65.0226
-65.0225
-65.0225
-65.0224
-65.0223
-65.0222
-65.0222
-65.0221
-65.022
-65.0219
-65.0218
-65.0217
-65.0216
-65.0215
-65.0214
-65.0213
-65.0212
-65.0211
-65.021
-65.0209
-65.0208
-65.0206
-65.0205
-65.0204
-65.0203
-65.0201
-65.02
-65.0199
-65.0198
-65.0196
-65.0195
-65.0193
-65.0192
-65.0191
-65.0189
-65.0188
-65.0186
-65.0185
-65.0183
-65.0181
-65.018
-65.0178
-65.0177
-65.0175
-65.0173
-65.0172
-65.017
-65.0168
-65.0167
-65.0165
-65.0163
-65.0161
-65.016
-65.0158
-65.0156
-65.0154
-65.0152
-65.0151
-65.0149
-65.0147
-65.0145
-65.0143
-65.0141
-65.0139
-65.0137
-65.0135
-65.0133
-65.0132
-65.013
-65.0128
-65.0126
-65.0124
-65.0122
-65.012
-65.0117
-65.0115
-65.0113
-65.0111
-65.0109
-65.0107
-65.0105
-65.0103
-65.0101
-65.0099
-65.0097
-65.0094
-65.0092
-65.009
-65.0088
-65.0086
-65.0084
-65.0082
-65.0079
-65.0077
-65.0075
-65.0073
-65.0071
-65.0068
-65.0066
-65.0064
-65.0062
-65.006
-65.0057
-65.0055
-65.0053
-65.0051
-65.0048
-65.0046
-65.0044
-65.0042
-65.004
-65.0037
-65.0035
-65.0033
-65.0031
-65.0028
-65.0026
-65.0024
-65.0022
-65.0019
-65.0017
-65.0015
-65.0012
-65.001
-65.0008
-65.0006
-65.0003
-65.0001
-64.9999
-64.9997
-64.9994
-64.9992
-64.999
-64.9988
-64.9985
-64.9983
-64.9981
-64.9979
-64.9976
-64.9974
-64.9972
-64.997
-64.9968
-64.9965
-64.9963
-64.9961
-64.9959
-64.9956
-64.9954
-64.9952
-64.995
-64.9948
-64.9945
-64.9943
-64.9941
-64.9939
-64.9937
-64.9934
-64.9932
-64.993
-64.9928
-64.9926
-64.9924
-64.9921
-64.9919
-64.9917
-64.9915
-64.9913
-64.9911
-64.9909
-64.9907
-64.9904
-64.9902
-64.99
-64.9898
-64.9896
-64.9894
-64.9892
-64.989
-64.9888
-64.9886
-64.9884
-64.9882
-64.988
-64.9878
-64.9875
-64.9873
-64.9871
-64.9869
-64.9867
-64.9865
-64.9864
-64.9862
-64.986
-64.9858
-64.9856
-64.9854
-64.9852
-64.985
-64.9848
-64.9846
-64.9844
-64.9842
-64.984
-64.9839
-64.9837
-64.9835
-64.9833
-64.9831
-64.9829
-64.9827
-64.9826
-64.9824
-64.9822
-64.982
-64.9819
-64.9817
-64.9815
-64.9813
-64.9812
-64.981
-64.9808
-64.9806
-64.9805
-64.9803
-64.9801
-64.98
-64.9798
-64.9796
-64.9795
-64.9793
-64.9791
-64.979
-64.9788
-64.9787
-64.9785
-64.9783
-64.9782
-64.978
-64.9779
-64.9777
-64.9776
-64.9774
-64.9773
-64.9771
-64.977
-64.9768
-64.9767
-64.9765
-64.9764
-64.9763
-64.9761
-64.976
-64.9758
-64.9757
-64.9756
-64.9754
-64.9753
-64.9752
-64.975
-64.9749
-64.9748
-64.9746
-64.9745
-64.9744
-64.9743
-64.9741
-64.974
-64.9739
-64.9738
-64.9736
-64.9735
-64.9734
-64.9733
-64.9732
-64.973
-64.9729
-64.9728
-64.9727
-64.9726
-64.9725
-64.9724
-64.9723
-64.9722
-64.9721
-64.972
-64.9718
-64.9717
-64.9716
-64.9715
-64.9714
-64.9713
-64.9712
-64.9712
-64.9711
-64.971
-64.9709
-64.9708
-64.9707
-64.9706
-64.9705
-64.9704
-64.9703
-64.9702
-64.9702
-64.9701
-64.97
-64.9699
-64.9698
-64.9698
-64.9697
-64.9696
-64.9695
-64.9694
-64.9694
-64.9693
-64.9692
-64.9692
-64.9691
-64.969
-64.9689
-64.9689
-64.9688
-64.9687
-64.9687
-64.9686
-64.9686
-64.9685
-64.9684
-64.9684
-64.9683
-64.9683
-64.9682
-64.9681
-64.9681
-64.968
-64.968
-64.9679
-64.9679
-64.9678
-64.9678
-64.9677
-64.9677
-64.9676
-64.9676
-64.9675
-64.9675
-64.9675
-64.9674
-64.9674
-64.9673
-64.9673
-64.9673
-64.9672
-64.9672
-64.9672
-64.9671
-64.9671
-64.9671
-64.967
-64.967
-64.967
-64.9669
-64.9669
-64.9669
-64.9668
-64.9668
-64.9668
-64.9668
-64.9667
-64.9667
-64.9667
-64.9667
-64.9667
-64.9666
-64.9666
-64.9666
-64.9666
-64.9666
-64.9665
-64.9665
-64.9665
-64.9665
-64.9665
-64.9665
-64.9665
-64.9665
-64.9664
-64.9664
-64.9664
-64.9664
-64.9664
-64.9664
-64.9664
-64.9664
-64.9664
-64.9664
-64.9664
-64.9664
-64.9664
-64.9664
-64.9664
-64.9664
-64.9664
-64.9664
-64.9664
-64.9664
-64.9664
-64.9664
-64.9664
-64.9664
-64.9664
-64.9664
-64.9664
-64.9664
-64.9664
-64.9664
-64.9664
-64.9665
-64.9665
-64.9665
-64.9665
-64.9665
-64.9665
-64.9665
-64.9665
-64.9665
-64.9666
-64.9666
-64.9666
-64.9666
-64.9666
-64.9666
-64.9667
-64.9667
-64.9667
-64.9667
-64.9667
-64.9668
-64.9668
-64.9668
-64.9668
-64.9668
-64.9669
-64.9669
-64.9669
-64.9669
-64.9669
-64.967
-64.967
-64.967
-64.967
-64.9671
-64.9671
-64.9671
-64.9671
-64.9672
-64.9672
-64.9672
-64.9673
-64.9673
-64.9673
-64.9673
-64.9674
-64.9674
-64.9674
-64.9675
-64.9675
-64.9675
-64.9676
-64.9676
-64.9676
-64.9676
-64.9677
-64.9677
-64.9677

