-65
-64.9994
-64.9988
-64.9982
-64.9977
-64.9971
-64.9965
-64.996
-64.9954
-64.9949
-64.9943
-64.9938
-64.9932
-64.9927
-64.9922
-64.9917
-64.9912
-64.9906
-64.9901
-64.9896
-64.9891
-64.9886
-64.9881
-64.9876
-64.9872
-64.9867
-64.9862
-64.9857
-64.9852
-64.9848
-64.9843
-64.9838
-64.9834
-64.9829
-64.9825
-64.982
-64.9816
-64.9811
-64.9807
-64.9802
-64.9798
-64.9794
-64.9789
-64.9785
-64.9781
-64.9777
-64.9772
-64.9768
-64.9764
-64.976
-64.9756
-64.9752
-64.9748
-64.9744
-64.974
-64.9736
-64.9732
-64.9728
-64.9725
-64.9721
-64.9717
-64.9713
-64.971
-64.9706
-64.9702
-64.9699
-64.9695
-64.9692
-64.9688
-64.9685
-64.9681
-64.9678
-64.9675
-64.9671
-64.9668
-64.9665
-64.9661
-64.9658
-64.9655
-64.9652
-64.9649
-64.9646
-64.9642
-64.9639
-64.9636
-64.9633
-64.963
-64.9628
-64.9625
-64.9622
-64.9619
-64.9616
-64.9613
-64.9611
-64.9608
-64.9605
-64.9603
-64.96
-64.9598
-64.9595
-64.9592
-64.959
-64.9588
-64.9585
-64.9583
-64.958
-64.9578
-64.9576
-64.9573
-64.9571
-64.9569
-64.9567
-64.9565
-64.9562
-64.956
-64.9558
-64.9556
-64.9554
-64.9552
-64.955
-64.9548
-64.9546
-64.9545
-64.9543
-64.9541
-64.9539
-64.9537
-64.9536
-64.9534
-64.9532
-64.9531
-64.9529
-64.9527
-64.9526
-64.9524
-64.9523
-64.9521
-64.952
-64.9519
-64.9517
-64.9516
-64.9514
-64.9513
-64.9512
-64.9511
-64.9509
-64.9508
-64.9507
-64.9506
-64.9505
-64.9504
-64.9503
-64.9502
-64.95
-64.9499
-64.9499
-64.9498
-64.9497
-64.9496
-64.9495
-64.9494
-64.9493
-64.9492
-64.9492
-64.9491
-64.949
-64.9489
-64.9489
-64.9488
-64.9487
-64.9487
-64.9486
-64.9486
-64.9485
-64.9485
-64.9484
-64.9484
-64.9483
-64.9483
-64.9482
-64.9482
-64.9482
-64.9481
-64.9481
-64.9481
-64.948
-64.948
-64.948
-64.948
-64.948
-64.9479
-64.9479
-64.9479
-64.9479
-64.9479
-64.9479
-64.9479
-64.9479
-64.9479
-64.9479
-64.9479
-64.9479
-64.9479
-64.9479
-64.9479
-64.9479
-64.9479
-64.9479
-64.948
-64.948
-64.948
-64.948
-64.9481
-64.9481
-64.9481
-64.9481
-64.9482
-64.9482
-64.9482
-64.9483
-64.9483
-64.9483
-64.9484
-64.9484
-64.9485
-64.9485
-64.9486
-64.9486
-64.9487
-64.9487
-64.9488
-64.9488
-64.9489
-64.9489
-64.949
-64.9491
-64.9491
-64.9492
-64.9492
-64.9493
-64.9494
-64.9494
-64.9495
-64.9496
-64.9497
-64.9497
-64.9498
-64.9499
-64.95
-64.95
-64.9501
-64.9502
-64.9503
-64.9504
-64.9504
-64.9505
-64.9506
-64.9507
-64.9508
-64.9509
-64.951
-64.951
-64.9511
-64.9512
-64.9513
-64.9514
-64.9515
-64.9516
-64.9517
-64.9518
-64.9519
-64.952
-64.9521
-64.9522
-64.9523
-64.9524
-64.9525
-64.9526
-64.9527
-64.9528
-64.9529
-64.953
-64.9532
-64.9533
-64.9534
-64.9535
-64.9536
-64.9537
-64.9538
-64.9539
-64.954
-64.9542
-64.9543
-64.9544
-64.9545
-64.9546
-64.9547
-64.9548
-64.955
-64.9551
-64.9552
-64.9553
-64.9554
-64.9556
-64.9557
-64.9558
-64.9559
-64.956
-64.9562
-64.9563
-64.9564
-64.9565
-64.9566
-64.9568
-64.9569
-64.957
-64.9571
-64.9573
-64.9574
-64.9575
-64.9576
-64.9578
-64.9579
-64.958
-64.9581
-64.9583
-64.9584
-64.9585
-64.9587
-64.9588
-64.9589
-64.959
-64.9592
-64.9593
-64.9594
-64.9595
-64.9597
-64.9598
-64.9599
-64.96
-64.9602
-64.9603
-64.9604
-64.9606
-64.9607
-64.9608
-64.9609
-64.9611
-64.9612
-64.9613
-64.9614
-64.9616
-64.9617
-64.9618
-64.962
-64.9621
-64.9622
-64.9623
-64.9625
-64.9626
-64.9627
-64.9628
-64.963
-64.9631
-64.9632
-64.9633
-64.9635
-64.9636
-64.9637
-64.9638
-64.964
-64.9641
-64.9642
-64.9643
-64.9645
-64.9646
-64.9647
-64.9648
-64.9649
-64.9651
-64.9652
-64.9653
-64.9654
-64.9655
-64.9657
-64.9658
-64.9659
-64.966
-64.9661
-64.9663
-64.9664
-64.9665
-64.9666
-64.9667
-64.9668
-64.967
-64.9671
-64.9672
-64.9673
-64.9674
-64.9675
-64.9677
-64.9678
-64.9679
-64.968
-64.9681
-64.9682
-64.9683
-64.9684
-64.9685
-64.9687
-64.9688
-64.9689
-64.969
-64.9691
-64.9692
-64.9693
-64.9694
-64.9695
-64.9696
-64.9697
-64.9698
-64.9699
-64.97
-64.9701
-64.9702
-64.9703
-64.9704
-64.9705
-64.9706
-64.9707
-64.9708
-64.9709
-64.971
-64.9711
-64.9712
-64.9713
-64.9714
-64.9715
-64.9716
-64.9717
-64.9718
-64.9719
-64.972
-64.9721
-64.9722
-64.9722
-64.9723
-64.9724
-64.9725
-64.9726
-64.9727
-64.9728
-64.9729
-64.9729
-64.973
-64.9731
-64.9732
-64.9733
-64.9734
-64.9734
-64.9735
-64.9736
-64.9737
-64.9738
-64.9738
-64.9739
-64.974
-64.9741
-64.9741
-64.9742
-64.9743
-64.9744
-64.9744
-64.9745
-64.9746
-64.9747
-64.9747
-64.9748
-64.9749
-64.9749
-64.975
-64.9751
-64.9751
-64.9752
-64.9753
-64.9753
-64.9754
-64.9755
-64.9755
-64.9756
-64.9757
-64.9757
-64.9758
-64.9758
-64.9759
-64.976
-64.976
-64.9761
-64.9761
-64.9762
-64.9762
-64.9763
-64.9764
-64.9764
-64.9765
-64.9765
-64.9766
-64.9766
-64.9767
-64.9767
-64.9768
-64.9768
-64.9769
-64.9769
-64.977
-64.977
-64.9771
-64.9771
-64.9771
-64.9772
-64.9772
-64.9773
-64.9773
-64.9774
-64.9774
-64.9774
-64.9775
-64.9775
-64.9776
-64.9776
-64.9776
-64.9777
-64.9777
-64.9778
-64.9778
-64.9778
-64.9779
-64.9779
-64.9779
-64.978
-64.978
-64.978
-64.9781
-64.9781
-64.9781
-64.9781
-64.9782
-64.9782
-64.9782
-64.9783
-64.9783
-64.9783
-64.9783
-64.9784
-64.9784
-64.9784
-64.9784
-64.9785
-64.9785
-64.9785
-64.9785
-64.9785
-64.9786
-64.9786
-64.9786
-64.9786
-64.9786
-64.9787
-64.9787
-64.9787
-64.9787
-64.9787
-64.9787
-64.9787
-64.9788
-64.9788
-64.9788
-64.9788
-64.9788
-64.9788
-64.9788
-64.9789
-64.9789
-64.9789
-64.9789
-64.9789
-64.9789
-64.9789
-64.9789
-64.9789
-64.9789
-64.9789
-64.9789
-64.9789
-64.979
-64.979
-64.979
-64.979
-64.979
-64.979
-64.979
-64.979
-64.979
-64.979
-64.979
-64.979
-64.979
-64.979
-64.979
-64.979
-64.979
-64.979
-64.979
-64.979
-64.979
-64.979
-64.979
-64.979
-64.979
-64.979
-64.979
-64.9789
-64.9789
-64.9789
-64.9789
-64.9789
-64.9789
-64.9789
-64.9789
-64.9789
-64.9789
-64.9789
-64.9789
-64.9789
-64.9789
-64.9788
-64.9788
-64.9788
-64.9788
-64.9788
-64.9788
-64.9788
-64.9788
-64.9788
-64.9787
-64.9787
-64.9787
-64.9787
-64.9787
-64.9787
-64.9787
-64.9787
-64.9786
-64.9786
-64.9786
-64.9786
-64.9786
-64.9786
-64.9786
-64.9785
-64.9785
-64.9785
-64.9785
-64.9785
-64.9785
-64.9784
-64.9784
-64.9784
-64.9784
-64.9784
-64.9783
-64.9783
-64.9783
-64.9783
-64.9783
-64.9783
-64.9782
-64.9782
-64.9782
-64.9782
-64.9782
-64.9781
-64.9781
-64.9781
-64.9781
-64.9781
-64.978
-64.978
-64.978
-64.978
-64.9779
-64.9779
-64.9779
-64.9779
-64.9779
-64.9778
-64.9778
-64.9778
-64.9778
-64.9778
-64.9777
-64.9777
-64.9777
-64.9777
-64.9776
-64.9776
-64.9776
-64.9776
-64.9775
-64.9775
-64.9775
-64.9775
-64.9774
-64.9774
-64.9774
-64.9774
-64.9774
-64.9773
-64.9773
-64.9773
-64.9773
-64.9772
-64.9772
-64.9772
-64.9772
-64.9771
-64.9771
-64.9771
-64.9771
-64.977
-64.977
-64.977
-64.977
-64.9769
-64.9769
-64.9769
-64.9769
-64.9768
-64.9768
-64.9768
-64.9768
-64.9767
-64.9767
-64.9767
-64.9767
-64.9766
-64.9766
-64.9766
-64.9766
-64.9765
-64.9765
-64.9765
-64.9765
-64.9764
-64.9764
-64.9764
-64.9764
-64.9763
-64.9763
-64.9763
-64.9763
-64.9762
-64.9762
-64.9762
-64.9762
-64.9761
-64.9761
-64.9761
-64.9761
-64.976
-64.976
-64.976
-64.976
-64.9759
-64.9759
-64.9759
-64.9759
-64.9758
-64.9758
-64.9758
-64.9758
-64.9757
-64.9757
-64.9757
-64.9757
-64.9756
-64.9756
-64.9756
-64.9756
-64.9755
-64.9755
-64.9755
-64.9755
-64.9754
-64.9754
-64.9754
-64.9754
-64.9753
-64.9753
-64.9753
-64.9753
-64.9753
-64.9752
-64.9752
-64.9752
-64.9752
-64.9751
-64.9751
-64.9751
-64.9751
-64.975
-64.975
-64.975
-64.975
-64.975
-64.9749
-64.9749
-64.9749
-64.9749
-64.9748
-64.9748
-64.9748
-64.9748
-64.9748
-64.9747
-64.9747
-64.9747
-64.9747
-64.9747
-64.9746
-64.9746
-64.9746
-64.9746
-64.9746
-64.9745
-64.9745
-64.9745
-64.9745
-64.9745
-64.9744
-64.9744
-64.9744
-64.9744
-64.9744
-64.9743
-64.9743
-64.9743
-64.9743
-64.9743
-64.9742
-64.9742
-64.9742
-64.9742
-64.9742
-64.9742
-64.9741
-64.9741
-64.9741
-64.9741
-64.9741
-64.9741
-64.974
-64.974
-64.974
-64.974
-64.974
-64.974
-64.9739
-64.9739
-64.9739
-64.9739
-64.9739
-64.9739
-64.9738
-64.9738
-64.9738
-64.9738
-64.9738
-64.9738
-64.9737
-64.9737
-64.9737
-64.9737
-64.9737
-64.9737
-64.9737
-64.9736
-64.9736
-64.9736
-64.9736
-64.9736
-64.9736
-64.9736
-64.9736
-64.9735
-64.9735
-64.9735
-64.9735
-64.9735
-64.9735
-64.9735
-64.9735
-64.9734
-64.9734
-64.9734
-64.9734
-64.9734
-64.9734
-64.9734
-64.9734
-64.9733
-64.9733
-64.9733
-64.9733
-64.9733
-64.9733
-64.9733
-64.9733
-64.9733
-64.9733
-64.9732
-64.9732
-64.9732
-64.9732
-64.9732
-64.9732
-64.9732
-64.9732
-64.9732
-64.9732
-64.9732
-64.9731
-64.9731
-64.9731
-64.9731
-64.9731
-64.9731
-64.9731
-64.9731
-64.9731
-64.9731
-64.9731
-64.9731
-64.9731
-64.973
-64.973
-64.973
-64.973
-64.973
-64.973
-64.973
-64.973
-64.973
-64.973
-64.973
-64.973
-64.973
-64.973
-64.973
-64.973
-64.973
-64.9729
-64.9729
-64.9729
-64.9729
-64.9729
-64.9729
-64.9729
-64.9729
-64.9729
-64.9729
-64.9729
-64.9729
-64.9729
-64.9729
-64.9729
-64.9729
-64.9729
-64.9729
-64.9729
-64.9729
-64.9729
-64.9729
-64.9729
-64.9729
-64.9729
-64.9729
-64.9728
-64.9728
-64.9728
-64.9728
-64.9728
-64.9728
-64.9728
-64.9728
-64.9728
-64.9728
-64.9728
-64.9728
-64.9728
-64.9728
-64.9728
-64.9728
-64.9728
-64.9728
-64.9728
-64.9728
-64.9728
-64.9728
-64.9728
-64.9728
-64.9728
-64.9728
-64.9728
-64.9728
-64.9728
-64.9728
-64.9728
-64.9728
-64.9728
-64.9728
-64.9728
-64.9728
-64.9728
-64.9728
-64.9728
-64.9728
-64.9728
-64.9728
-64.9728
-64.9728
-64.9728
-64.9728
-64.9728
-64.9728
-64.9728
-64.9728
-64.9728
-64.9728
-64.9728
-64.9728
-64.9728
-64.9728
-64.9728
-64.9728
-64.9728
-64.9729
-64.9729
-64.9729
-64.9729
-64.9729
-64.9729
-64.9729
-64.9729
-64.9729
-64.9729
-64.9729
-64.9729
-64.9729
-64.9729
-64.9729
-64.9729
-64.9729
-64.9729
-64.9729
-64.9729
-64.9729
-64.9729
-64.9729
-64.9729
-64.9729
-64.9729
-64.9729
-64.9729
-64.9729
-64.9729
-64.9729
-64.9729
-64.9729
-64.9729
-64.973
-64.973
-64.973
-64.973
-64.973
-64.973
-64.973
-64.973
-64.973
-64.973
-64.973
-64.973
-64.973
-64.973
-64.973
-64.973
-64.973
-64.973
-64.973
-64.973
-64.973
-64.973
-64.973
-64.973
-64.9731
-64.9731
-64.9731
-64.9731
-64.9731
-64.9731
-64.9731
-64.9731
-64.9731
-64.9731
-64.9731
-64.9731
-64.9731
-64.9731
-64.9731
-64.9731
-64.9731
-64.9731
-64.9731
-64.9731
-64.9731
-64.9732
-64.9732
-64.9732
-64.9732
-64.9732
-64.9732
-64.9732
-64.9732
-64.9732
-64.9732
-64.9732
-64.9732
-64.9732
-64.9732
-64.9732
-64.9732
-64.9732
-64.9732
-64.9732
-64.9732
-64.9733
-64.9733
-64.9733
-64.9733
-64.9733
-64.9733
-64.9733
-64.9733
-64.9733
-64.9733
-64.9733
-64.9733
-64.9733
-64.9733
-64.9733
-64.9733
-64.9733
-64.9733
-64.9733
-64.9733
-64.9734
-64.9734
-64.9734
-64.9734
-64.9734
-64.9734
-64.9734
-64.9734
-64.9734
-64.9734
-64.9734
-64.9734
-64.9734
-64.9734
-64.9734
-64.9734
-64.9734
-64.9734
-64.9734
-64.9734
-64.9735
-64.9735
-64.9735
-64.9735
-64.9735
-64.9735
-64.9735
-64.9735
-64.9735
-64.9735
-64.9735
-64.9735
-64.9735
-64.9735
-64.9735
-64.9735
-64.9735
-64.9735
-64.9735
-64.9735
-64.9736
-64.9736
-64.9736
-64.9736
-64.9736
-64.9736
-64.9736
-64.9736
-64.9736
-64.9736
-64.9736
-64.9736
-64.9736
-64.9736
-64.9736
-64.9736
-64.9736
-64.9736
-64.9736
-64.9736
-64.9736
-64.9736
-64.9737
-64.9737
-64.9737
-64.9737
-64.9737
-64.9737
-64.9737
-64.9737
-64.9737
-64.9737
-64.9737
-64.9737
-64.9737
-64.9737
-64.9737
-64.9737
-64.9737
-64.9737
-64.9737
-64.9737
-64.9737
-64.9737
-64.9737
-64.9737
-64.9738
-64.9738
-64.9738
-64.9738
-64.9738
-64.9738
-64.9738
-64.9738
-64.9738
-64.9738
-64.9738
-64.9738
-64.9738
-64.9738
-64.9738
-64.9738
-64.9738
-64.9738
-64.9738
-64.9738
-64.9738
-64.9738
-64.9738
-64.9738
-64.9738
-64.9738
-64.9738
-64.9739
-64.9739
-64.9739
-64.9739
-64.9739
-64.9739
-64.9739
-64.9739
-64.9739
-64.9739
-64.9739
-64.9739
-64.9739
-64.9739
-64.9739
-64.9739
-64.9739
-64.9739
-64.9739
-64.9739
-64.9739
-64.9739
-64.9739
-64.9739
-64.9739
-64.9739
-64.9739
-64.9739
-64.9739
-64.9739
-64.9739
-64.9739
-64.9739
-64.9739
-64.9739
-64.9739
-64.974
-64.974
-64.974
-64.974
-64.974
-64.974
-64.974
-64.974
-64.974
-64.974
-64.974
-64.974
-64.974
-64.974
-64.974
-64.974
-64.974
-64.974
-64.974
-64.974
-64.974
-64.974
-64.974
-64.974
-64.974
-64.974
-64.974
-64.974
-64.974
-64.974
-64.974
-64.974
-64.974
-64.974
-64.974
-64.974
-64.974
-64.974
-64.974
-64.974
-64.974
-64.974
-64.974
-64.974
-64.974
-64.974
-64.974
-64.974
-64.974
-64.974
-64.974
-64.974
-64.974
-64.974
-64.974
-64.974
-64.974
-64.974
-64.974
-64.974
-64.9741
-64.9741
-64.9741
-64.9741
-64.9741
-64.9741
-64.9741
-64.9741
-64.9741
-64.9741
-64.9741
-64.9741
-64.9741
-64.9741
-64.9741
-64.9741
-64.9741
-64.9741
-64.9741
-64.9741
-64.9741
-64.9741
-64.9741
-64.9741
-64.9741
-64.9741
-64.9741
-64.9741
-64.9741
-64.9741
-64.9741
-64.9741
-64.9741
-64.9741
-64.9741
-64.9741
-64.9741
-64.9741
-64.9741
-64.9741
-64.9741
-64.9741
-64.9741
-64.9741
-64.9741
-64.9741
-64.9741
-64.9741
-64.9741
-64.9741
-64.9741
-64.9741
-64.9741
-64.9741
-64.9741
-64.9741
-64.9741
-64.9741
-64.9741
-64.9741
-64.9741
-64.9741
-64.9741
-64.9741
-64.9741
-64.9741
-64.9741
-64.9741
-64.9741
-64.9741
-64.9741
-64.9741
-64.9741
-64.9741
-64.9741
-64.9741
-64.9741
-64.9741
-64.9741
-64.9741
-64.9741
-64.9741
-64.9741
-64.9741
-64.9741
-64.9741
-64.9741
-64.9741
-64.9741
-64.9741
-64.9741
-64.9741
-64.9741
-64.9741
-64.9741
-64.9741
-64.9741
-64.9741
-64.9741
-64.9741
-64.9741
-64.9741
-64.9741
-64.9741
-64.9741
-64.9741
-64.9741
-64.9741
-64.9741
-64.9741
-64.9741
-64.9741
-64.9741
-64.9741
-64.9741
-64.9741
-64.9741
-64.974
-64.974
-64.974
-64.974
-64.974
-64.974
-64.974
-64.974
-64.974
-64.974
-64.974
-64.974
-64.974
-64.974
-64.974
-64.974
-64.974
-64.974
-64.974
-64.974
-64.974
-64.974
-64.974
-64.974
-64.974
-64.974
-64.974
-64.974
-64.974
-64.974
-64.974
-64.974
-64.974
-64.974
-64.974
-64.974
-64.974
-64.974
-64.974
-64.974
-64.974
-64.974
-64.974
-64.974
-64.974
-64.974
-64.974
-64.974
-64.974
-64.974
-64.974
-64.974
-64.974
-64.974
-64.974
-64.974
-64.974
-64.974
-64.974
-64.974
-64.974
-64.974
-64.974
-64.974
-64.974
-64.974
-64.974
-64.974
-64.974
-64.974
-64.974
-64.974
-64.974
-64.974
-64.974
-64.974
-64.974
-64.974
-64.974
-64.974
-64.974
-64.974
-64.974
-64.974
-64.974
-64.974
-64.974
-64.974
-64.974
-64.974
-64.974
-64.974
-64.974
-64.974
-64.974
-64.974
-64.974
-64.974
-64.974
-64.974
-64.974
-64.974
-64.974
-64.974
-64.974
-64.974
-64.974
-64.9739
-64.9739
-64.9739
-64.9739
-64.9739
-64.9739
-64.9739
-64.9739
-64.9739
-64.9739
-64.9739
-64.9739
-64.9739
-64.9739
-64.9739
-64.9739
-64.9739
-64.9739
-64.9739
-64.9739
-64.9739
-64.9739
-64.9739
-64.9739
-64.9739
-64.9739
-64.9739
-64.9739
-64.9739
-64.9739
-64.9739
-64.9739
-64.9739
-64.9739
-64.9739
-64.9739
-64.9739
-64.9739
-64.9739
-64.9739
-64.9739
-64.9739
-64.9739
-64.9739
-64.9739
-64.9739
-64.9739
-64.9739
-64.9739
-64.9739
-64.9739
-64.9739
-64.9739
-64.9739
-64.9739
-64.9739
-64.9739
-64.9739
-64.9739
-64.9739
-64.9739
-64.9739
-64.9739
-64.9739
-64.9739
-64.9739
-64.9739
-64.9739
-64.9739
-64.9739
-64.9739
-64.9739
-64.9739
-64.9739
-64.9739
-64.9739
-64.9739
-64.9739
-64.9739
-64.9739
-64.9739
-64.9739
-64.9739
-64.9739
-64.9739
-64.9739
-64.9739
-64.9739
-64.9739
-64.9739
-64.9739
-64.9739
-64.9739
-64.9739
-64.9739
-64.9739
-64.9739
-64.9739
-64.9739
-64.9739
-64.9739
-64.9739
-64.9739
-64.9739
-64.9739
-64.9739
-64.9739
-64.9739
-64.9739
-64.9739
-64.9739
-64.9739
-64.9739
-64.9739
-64.9739
-64.9739
-64.9739
-64.9739
-64.9739
-64.9739
-64.9739
-64.9739
-64.9739
-64.9739
-64.9739
-64.9739
-64.9739
-64.9739
-64.9739
-64.9739
-64.9739
-64.9739
-64.9739
-64.9739
-64.9739
-64.9739
-64.9739
-64.9739
-64.9739
-64.9739
-64.9738
-64.9738
-64.9738
-64.9738
-64.9738
-64.9738
-64.9738
-64.9738
-64.9738
-64.9738
-64.9738
-64.9738
-64.9738
-64.9738
-64.9738
-64.9738
-64.9738
-64.9738
-64.9738
-64.9738
-64.9738
-64.9738
-64.9738
-64.9738
-64.9738
-64.9738
-64.9738
-64.9738
-64.9738
-64.9738
-64.9738
-64.9738
-64.9738
-64.9738
-64.9738
-64.9738
-64.9738
-64.9738
-64.9738
-64.9738
-64.9738
-64.9738
-64.9738
-64.9738
-64.9738
-64.9738
-64.9738
-64.9738
-64.9738
-64.9738
-64.9738
-64.9738
-64.9738
-64.9738
-64.9738
-64.9738
-64.9738
-64.9738
-64.9738
-64.9738
-64.9738
-64.9738
-64.9738
-64.9738
-64.9738
-64.9738
-64.9738
-64.9738
-64.9738
-64.9738
-64.9738
-64.9738
-64.9738
-64.9738
-64.9738
-64.9738
-64.9738
-64.8935
-64.7367
-64.5073
-64.2092
-63.8465
-63.4231
-62.943
-62.4103
-61.8287
-61.2021
-60.5342
-59.8284
-59.088
-58.3162
-57.5159
-56.6897
-55.8398
-54.9682
-54.0765
-53.1657
-52.2365
-51.2889
-50.3222
-49.3352
-48.3256
-47.2904
-46.2253
-45.125
-43.9826
-42.7897
-41.536
-40.2089
-38.7934
-37.2717
-35.6225
-33.8207
-31.8373
-29.6383
-27.1854
-24.4363
-21.3461
-17.8707
-13.9729
-9.63113
-4.85358
0.306659
5.73766
11.2646
16.6636
21.696
26.1537
29.8998
32.8862
35.1458
36.7665
37.8608
38.5415
38.9072
39.0368
38.9896
38.8087
38.5245
38.158
37.7243
37.2337
36.694
36.1107
35.4884
34.8305
34.1401
33.4198
32.6718
31.8982
31.1011
30.2821
29.443
28.5854
27.7109
26.8209
25.9169
25.0002
24.072
23.1336
22.1863
21.231
20.2688
19.3008
18.3279
17.351
16.3708
15.3884
14.4042
13.4191
12.4338
11.4487
10.4645
9.48167
8.50071
7.52205
6.5461
5.57322
4.60374
3.63798
2.6762
1.71864
0.765534
-0.182937
-1.1266
-2.06531
-2.99894
-3.92738
-4.85055
-5.76838
-6.68084
-7.58786
-8.48944
-9.38556
-10.2762
-11.1615
-12.0414
-12.9159
-13.7851
-14.6492
-15.5081
-16.362
-17.2109
-18.0551
-18.8947
-19.7298
-20.5606
-21.3874
-22.2103
-23.0296
-23.8455
-24.6585
-25.4687
-26.2766
-27.0825
-27.8869
-28.6902
-29.493
-30.2958
-31.0991
-31.9035
-32.7098
-33.5186
-34.3307
-35.1468
-35.9678
-36.7944
-37.6277
-38.4684
-39.3174
-40.1758
-41.0443
-41.9238
-42.8152
-43.7192
-44.6364
-45.5672
-46.5121
-47.4711
-48.4441
-49.4304
-50.4291
-51.439
-52.458
-53.4839
-54.5134
-55.5431
-56.5685
-57.5849
-58.5869
-59.569
-60.525
-61.4492
-62.3359
-63.1798
-63.9764
-64.7218
-65.4135
-66.0498
-66.6302
-67.1553
-67.6266
-68.0464
-68.4176
-68.7438
-69.0284
-69.2755
-69.4888
-69.6719
-69.8285
-69.9617
-70.0745
-70.1697
-70.2496
-70.3164
-70.372
-70.4179
-70.4557
-70.4865
-70.5115
-70.5314
-70.5471
-70.5592
-70.5683
-70.5748
-70.5792
-70.5818
-70.5829
-70.5827
-70.5814
-70.5793
-70.5764
-70.5729
-70.5688
-70.5644
-70.5595
-70.5544
-70.5491
-70.5436
-70.5379
-70.5322
-70.5263
-70.5204
-70.5144
-70.5085
-70.5025
-70.4965
-70.4905
-70.4846
-70.4787
-70.4728
-70.4669
-70.4612
-70.4554
-70.4497
-70.4441
-70.4385
-70.433
-70.4276
-70.4222
-70.4169
-70.4116
-70.4064
-70.4013
-70.3962
-70.3912
-70.3863
-70.3814
-70.3766
-70.3719
-70.3672
-70.3626
-70.358
-70.3535
-70.3491
-70.3447
-70.3404
-70.3361
-70.332
-70.3278
-70.3237
-70.3197
-70.3157
-70.3118
-70.308
-70.3042
-70.3004
-70.2967
-70.2931
-70.2895
-70.2859
-70.2824
-70.279
-70.2755
-70.2722
-70.2689
-70.2656
-70.2623
-70.2592
-70.256
-70.2529
-70.2498
-70.2468
-70.2438
-70.2409
-70.2379
-70.2351
-70.2322
-70.2294
-70.2266
-70.2239
-70.2211
-70.2185
-70.2158
-70.2132
-70.2106
-70.208
-70.2055
-70.203
-70.2005
-70.198
-70.1956
-70.1931
-70.1908
-70.1884
-70.186
-70.1837
-70.1814
-70.1791
-70.1768
-70.1745
-70.1723
-70.1701
-70.1679
-70.1657
-70.1635
-70.1613
-70.1592
-70.157
-70.1549
-70.1527
-70.1506
-70.1485
-70.1464
-70.1443
-70.1422
-70.1402
-70.1381
-70.136
-70.134
-70.1319
-70.1298
-70.1278
-70.1257
-70.1237
-70.1216
-70.1196
-70.1175
-70.1155
-70.1134
-70.1114
-70.1093
-70.1072
-70.1052
-70.1031
-70.101
-70.0989
-70.0968
-70.0947
-70.0926
-70.0905
-70.0884
-70.0862
-70.0841
-70.082
-70.0798
-70.0776
-70.0754
-70.0732
-70.071
-70.0688
-70.0665
-70.0643
-70.062
-70.0597
-70.0574
-70.0551
-70.0528
-70.0504
-70.0481
-70.0457
-70.0433
-70.0408
-70.0384
-70.0359
-70.0334
-70.0309
-70.0284
-70.0259
-70.0233
-70.0207
-70.0181
-70.0154
-70.0128
-70.0101
-70.0074
-70.0046
-70.0019
-69.9991
-69.9963
-69.9934
-69.9906
-69.9877
-69.9847
-69.9818
-69.9788
-69.9758
-69.9728
-69.9697
-69.9666
-69.9635
-69.9604
-69.9572
-69.954
-69.9507
-69.9474
-69.9441
-69.9408
-69.9374
-69.934
-69.9306
-69.9271
-69.9236
-69.9201
-69.9165
-69.9129
-69.9093
-69.9056
-69.9019
-69.8982
-69.8944
-69.8906
-69.8867
-69.8829
-69.879
-69.875
-69.871
-69.867
-69.8629
-69.8588
-69.8547
-69.8505
-69.8463
-69.8421
-69.8378
-69.8335
-69.8291
-69.8247
-69.8203
-69.8158
-69.8113
-69.8068
-69.8022
-69.7976
-69.7929
-69.7882
-69.7834
-69.7787
-69.7738
-69.769
-69.7641
-69.7591
-69.7542
-69.7491
-69.7441
-69.739
-69.7339
-69.7287
-69.7235
-69.7182
-69.7129
-69.7076
-69.7022
-69.6968
-69.6913
-69.6858
-69.6803
-69.6747
-69.6691
-69.6634
-69.6577
-69.652
-69.6462
-69.6404
-69.6345
-69.6286
-69.6227
-69.6167
-69.6107
-69.6046
-69.5985
-69.5923
-69.5862
-69.5799
-69.5737
-69.5674
-69.561
-69.5546
-69.5482
-69.5418
-69.5352
-69.5287
-69.5221
-69.5155
-69.5088
-69.5021
-69.4954
-69.4886
-69.4818
-69.4749
-69.468
-69.4611
-69.4541
-69.4471
-69.44
-69.4329
-69.4258
-69.4186
-69.4114
-69.4042
-69.3969
-69.3895
-69.3822
-69.3748
-69.3673
-69.3599
-69.3523
-69.3448
-69.3372
-69.3296
-69.3219
-69.3142
-69.3065
-69.2987
-69.2909
-69.283
-69.2751
-69.2672
-69.2592
-69.2513
-69.2432
-69.2352
-69.2271
-69.2189
-69.2108
-69.2025
-69.1943
-69.186
-69.1777
-69.1694
-69.161
-69.1526
-69.1441
-69.1357
-69.1272
-69.1186
-69.11
-69.1014
-69.0928
-69.0841
-69.0754
-69.0667
-69.0579
-69.0491
-69.0403
-69.0314
-69.0225
-69.0136
-69.0047
-68.9957
-68.9867
-68.9776
-68.9685
-68.9594
-68.9503
-68.9412
-68.932
-68.9227
-68.9135
-68.9042
-68.8949
-68.8856
-68.8762
-68.8669
-68.8574
-68.848
-68.8385
-68.829
-68.8195
-68.81
-68.8004
-68.7908
-68.7812
-68.7715
-68.7619
-68.7522
-68.7425
-68.7327
-68.7229
-68.7132
-68.7033
-68.6935
-68.6836
-68.6738
-68.6638
-68.6539
-68.644
-68.634
-68.624
-68.614
-68.604
-68.5939
-68.5838
-68.5737
-68.5636
-68.5535
-68.5433
-68.5331
-68.523
-68.5127
-68.5025
-68.4923
-68.482
-68.4717
-68.4614
-68.4511
-68.4408
-68.4304
-68.42
-68.4097
-68.3993
-68.3888
-68.3784
-68.368
-68.3575
-68.347
-68.3365
-68.326
-68.3155
-68.3049
-68.2944
-68.2838
-68.2733
-68.2627
-68.2521
-68.2414
-68.2308
-68.2202
-68.2095
-68.1989
-68.1882
-68.1775
-68.1668
-68.1561
-68.1454
-68.1346
-68.1239
-68.1132
-68.1024
-68.0916
-68.0809
-68.0701
-68.0593
-68.0485
-68.0377
-68.0269
-68.0161
-68.0052
-67.9944
-67.9836
-67.9727
-67.9619
-67.951
-67.9401
-67.9293
-67.9184
-67.9075
-67.8966
-67.8857
-67.8748
-67.8639
-67.853
-67.8421
-67.8312
-67.8203
-67.8094
-67.7985
-67.7875
-67.7766
-67.7657
-67.7548
-67.7438
-67.7329
-67.722
-67.711
-67.7001
-67.6891
-67.6782
-67.6673
-67.6563
-67.6454
-67.6345
-67.6235
-67.6126
-67.6017
-67.5907
-67.5798
-67.5689
-67.5579
-67.547
-67.5361
-67.5252
-67.5143
-67.5033
-67.4924
-67.4815
-67.4706
-67.4597
-67.4489
-67.438
-67.4271
-67.4162
-67.4053
-67.3945
-67.3836
-67.3727
-67.3619
-67.351
-67.3402
-67.3294
-67.3185
-67.3077
-67.2969
-67.2861
-67.2753
-67.2645
-67.2537
-67.2429
-67.2322
-67.2214
-67.2106
-67.1999
-67.1891
-67.1784
-67.1677
-67.157
-67.1463
-67.1356
-67.1249
-67.1142
-67.1036
-67.0929
-67.0823
-67.0717
-67.061
-67.0504
-67.0398
-67.0292
-67.0187
-67.0081
-66.9976
-66.987
-66.9765
-66.966
-66.9555
-66.945
-66.9346
-66.9241
-66.9137
-66.9032
-66.8928
-66.8824
-66.872
-66.8616
-66.8513
-66.8409
-66.8306
-66.8203
-66.81
-66.7997
-66.7894
-66.7791
-66.7689
-66.7587
-66.7484
-66.7382
-66.728
-66.7179
-66.7077
-66.6976
-66.6875
-66.6774
-66.6673
-66.6572
-66.6472
-66.6371
-66.6271
-66.6171
-66.6071
-66.5972
-66.5872
-66.5773
-66.5674
-66.5575
-66.5476
-66.5378
-66.5279
-66.5181
-66.5083
-66.4986
-66.4888
-66.4791
-66.4694
-66.4597
-66.45
-66.4404
-66.4307
-66.4211
-66.4115
-66.4019
-66.3924
-66.3829
-66.3733
-66.3639
-66.3544
-66.3449
-66.3355
-66.3261
-66.3167
-66.3074
-66.298
-66.2887
-66.2794
-66.2701
-66.2608
-66.2516
-66.2424
-66.2332
-66.224
-66.2149
-66.2058
-66.1967
-66.1876
-66.1785
-66.1695
-66.1605
-66.1515
-66.1426
-66.1336
-66.1247
-66.1158
-66.107
-66.0981
-66.0893
-66.0805
-66.0718
-66.063
-66.0543
-66.0456
-66.0369
-66.0283
-66.0197
-66.0111
-66.0025
-65.994
-65.9855
-65.977
-65.9686
-65.9601
-65.9517
-65.9433
-65.935
-65.9266
-65.9183
-65.9101
-65.9018
-65.8936
-65.8854
-65.8772
-65.8691
-65.8609
-65.8528
-65.8448
-65.8367
-65.8287
-65.8207
-65.8128
-65.8048
-65.7969
-65.789
-65.7812
-65.7733
-65.7655
-65.7578
-65.75
-65.7423
-65.7346
-65.7269
-65.7193
-65.7117
-65.7041
-65.6966
-65.689
-65.6815
-65.6741
-65.6666
-65.6592
-65.6518
-65.6445
-65.6372
-65.6299
-65.6226
-65.6154
-65.6081
-65.601
-65.5938
-65.5867
-65.5796
-65.5725
-65.5655
-65.5585
-65.5515
-65.5446
-65.5377
-65.5308
-65.5239
-65.5171
-65.5103
-65.5036
-65.4968
-65.4901
-65.4835
-65.4768
-65.4702
-65.4636
-65.4571
-65.4506
-65.4441
-65.4376
-65.4312
-65.4248
-65.4184
-65.4121
-65.4058
-65.3995
-65.3932
-65.387
-65.3808
-65.3747
-65.3685
-65.3624
-65.3564
-65.3503
-65.3443
-65.3384
-65.3324
-65.3265
-65.3206
-65.3147
-65.3089
-65.3031
-65.2973
-65.2916
-65.2859
-65.2802
-65.2746
-65.269
-65.2634
-65.2578
-65.2523
-65.2468
-65.2414
-65.2359
-65.2305
-65.2252
-65.2198
-65.2145
-65.2093
-65.204
-65.1988
-65.1936
-65.1885
-65.1834
-65.1783
-65.1732
-65.1682
-65.1632
-65.1583
-65.1533
-65.1484
-65.1436
-65.1387
-65.1339
-65.1292
-65.1244
-65.1197
-65.115
-65.1104
-65.1058
-65.1012
-65.0966
-65.0921
-65.0876
-65.0832
-65.0788
-65.0744
-65.07
-65.0657
-65.0614
-65.0571
-65.0529
-65.0487
-65.0445
-65.0404
-65.0363
-65.0322
-65.0282
-65.0242
-65.0202
-65.0162
-65.0123
-65.0084
-65.0046
-65.0008
-64.997
-64.9932
-64.9895
-64.9858
-64.9821
-64.9785
-64.9749
-64.9713
-64.9678
-64.9643
-64.9608
-64.9573
-64.9539
-64.9505
-64.9472
-64.9438
-64.9405
-64.9373
-64.934
-64.9308
-64.9276
-64.9245
-64.9214
-64.9183
-64.9152
-64.9122
-64.9092
-64.9062
-64.9033
-64.9003
-64.8975
-64.8946
-64.8918
-64.889
-64.8862
-64.8835
-64.8808
-64.8781
-64.8754
-64.8728
-64.8702
-64.8676
-64.8651
-64.8626
-64.8601
-64.8577
-64.8552
-64.8528
-64.8505
-64.8481
-64.8458
-64.8436
-64.8413
-64.8391
-64.8369
-64.8347
-64.8326
-64.8305
-64.8284
-64.8263
-64.8243
-64.8223
-64.8203
-64.8183
-64.8164
-64.8145
-64.8127
-64.8108
-64.809
-64.8072
-64.8055
-64.8037
-64.802
-64.8004
-64.7987
-64.7971
-64.7955
-64.7939
-64.7923
-64.7908
-64.7893
-64.7879
-64.7864
-64.785
-64.7836
-64.7822
-64.7809
-64.7796
-64.7783
-64.777
-64.7758
-64.7746
-64.7734
-64.7722
-64.7711
-64.7699
-64.7688
-64.7678
-64.7667
-64.7657
-64.7647
-64.7637
-64.7628
-64.7619
-64.761
-64.7601
-64.7592
-64.7584
-64.7576
-64.7568
-64.756
-64.7553
-64.7546
-64.7539
-64.7532
-64.7525
-64.7519
-64.7513
-64.7507
-64.7501
-64.7496
-64.7491
-64.7486
-64.7481
-64.7476
-64.7472
-64.7468
-64.7464
-64.746
-64.7457
-64.7453
-64.745
-64.7447
-64.7444
-64.7442
-64.744
-64.7437
-64.7435
-64.7434
-64.7432
-64.7431
-64.743
-64.7429
-64.7428
-64.7427
-64.7427
-64.7426
-64.7426
-64.7426
-64.7427
-64.7427
-64.7428
-64.7429
-64.7429
-64.7431
-64.7432
-64.7433
-64.7435
-64.7437
-64.7439
-64.7441
-64.7443
-64.7446
-64.7448
-64.7451
-64.7454
-64.7457
-64.746
-64.7464
-64.7467
-64.7471
-64.7475
-64.7479
-64.7483
-64.7487
-64.7492
-64.7496
-64.7501
-64.7506
-64.7511
-64.7516
-64.7521
-64.7526
-64.7532
-64.7538
-64.7543
-64.7549
-64.7555
-64.7561
-64.7568
-64.7574
-64.7581
-64.7587
-64.7594
-64.7601
-64.7608
-64.7615
-64.7622
-64.7629
-64.7637
-64.7644
-64.7652
-64.7659
-64.7667
-64.7675
-64.7683
-64.7691
-64.77
-64.7708
-64.7716
-64.7725
-64.6933
-64.5378
-64.31
-64.0136
-63.6529
-63.2316
-62.7538
-62.2234
-61.6443
-61.0202
-60.3547
-59.6514
-58.9135
-58.1442
-57.3462
-56.5222
-55.6743
-54.8046
-53.9145
-53.005
-52.0767
-51.1297
-50.1631
-49.1756
-48.1649
-47.128
-46.0603
-44.9566
-43.8097
-42.6112
-41.3505
-40.0151
-38.5897
-37.0562
-35.3933
-33.5756
-31.5739
-29.3542
-26.8782
-24.1038
-20.9868
-17.4842
-13.5606
-9.19753
-4.40695
0.753488
6.16757
11.658
17.0018
21.9648
26.3468
30.0189
32.9397
35.1455
36.7246
37.7882
38.4464
38.7955
38.9123
38.8548
38.665
38.3726
37.9985
37.5572
37.0592
36.5121
35.9214
35.2917
34.6266
33.9289
33.2014
32.4463
31.6657
30.8616
30.0359
29.1902
28.3262
27.4454
26.5494
25.6395
24.7171
23.7835
22.8399
21.8875
20.9274
19.9607
18.9884
18.0113
17.0305
16.0467
15.0608
14.0735
13.0854
12.0972
11.1095
10.123
9.13794
8.15497
7.17449
6.19688
5.22252
4.25173
3.28481
2.32202
1.3636
0.409765
-0.539298
-1.48343
-2.42248
-3.35635
-4.28493
-5.20814
-6.12592
-7.03823
-7.94502
-8.84629
-9.74203
-10.6323
-11.517
-12.3963
-13.2702
-14.1388
-15.0021
-15.8603
-16.7134
-17.5616
-18.405
-19.2438
-20.0781
-20.9082
-21.7342
-22.5563
-23.3749
-24.1902
-25.0026
-25.8123
-26.6198
-27.4254
-28.2296
-29.0329
-29.8358
-30.6388
-31.4425
-32.2476
-33.0547
-33.8646
-34.678
-35.4956
-36.3184
-37.1472
-37.9828
-38.8261
-39.6781
-40.5396
-41.4115
-42.2947
-43.1899
-44.0978
-45.019
-45.9539
-46.9028
-47.8655
-48.8418
-49.831
-50.8319
-51.8431
-52.8624
-53.8871
-54.914
-55.9393
-56.9584
-57.9663
-58.9577
-59.9267
-60.8676
-61.7744
-62.6417
-63.4646
-64.2389
-64.9612
-65.6293
-66.242
-66.7993
-67.3021
-67.7522
-68.1521
-68.505
-68.8144
-69.0841
-69.3177
-69.5191
-69.6918
-69.8393
-69.9646
-70.0706
-70.16
-70.235
-70.2976
-70.3496
-70.3926
-70.4278
-70.4565
-70.4797
-70.4981
-70.5125
-70.5236
-70.5318
-70.5377
-70.5415
-70.5436
-70.5443
-70.5437
-70.5422
-70.5398
-70.5368
-70.5331
-70.529
-70.5244
-70.5196
-70.5144
-70.5091
-70.5036
-70.4979
-70.4922
-70.4863
-70.4804
-70.4745
-70.4686
-70.4626
-70.4567
-70.4508
-70.4449
-70.439
-70.4332
-70.4274
-70.4217
-70.416
-70.4104
-70.4049
-70.3994
-70.3939
-70.3886
-70.3832
-70.378
-70.3728
-70.3677
-70.3627
-70.3577
-70.3527
-70.3479
-70.3431
-70.3384
-70.3337
-70.3291
-70.3246
-70.3201
-70.3157
-70.3114
-70.3071
-70.3029
-70.2987
-70.2946
-70.2905
-70.2866
-70.2826
-70.2787
-70.2749
-70.2712
-70.2674
-70.2638
-70.2602
-70.2566
-70.2531
-70.2496
-70.2462
-70.2429
-70.2395
-70.2363
-70.233
-70.2299
-70.2267
-70.2236
-70.2206
-70.2176
-70.2146
-70.2116
-70.2088
-70.2059
-70.2031
-70.2003
-70.1975
-70.1948
-70.1921
-70.1895
-70.1869
-70.1843
-70.1817
-70.1792
-70.1767
-70.1742
-70.1718
-70.1694
-70.167
-70.1646
-70.1623
-70.1599
-70.1576
-70.1554
-70.1531
-70.1509
-70.1487
-70.1465
-70.1443
-70.1421
-70.14
-70.1379
-70.1357
-70.1336
-70.1316
-70.1295
-70.1274
-70.1254
-70.1233
-70.1213
-70.1193
-70.1173
-70.1153
-70.1133
-70.1113
-70.1093
-70.1074
-70.1054
-70.1034
-70.1015
-70.0995
-70.0975
-70.0956
-70.0936
-70.0917
-70.0897
-70.0878
-70.0858
-70.0839
-70.0819
-70.0799
-70.078
-70.076
-70.074
-70.072
-70.07
-70.0681
-70.066
-70.064
-70.062
-70.06
-70.058
-70.0559
-70.0538
-70.0518
-70.0497
-70.0476
-70.0455
-70.0434
-70.0413
-70.0391
-70.0369
-70.0348
-70.0326
-70.0304
-70.0281
-70.0259
-70.0237
-70.0214
-70.0191
-70.0168
-70.0144
-70.0121
-70.0097
-70.0073
-70.0049
-70.0025
-70
-69.9975
-69.995
-69.9925
-69.99
-69.9874
-69.9848
-69.9822
-69.9795
-69.9768
-69.9742
-69.9714
-69.9687
-69.9659
-69.9631
-69.9603
-69.9574
-69.9545
-69.9516
-69.9487
-69.9457
-69.9427
-69.9396
-69.9366
-69.9335
-69.9304
-69.9272
-69.924
-69.9208
-69.9175
-69.9143
-69.9109
-69.9076
-69.9042
-69.9008
-69.8973
-69.8939
-69.8903
-69.8868
-69.8832
-69.8796
-69.8759
-69.8722
-69.8685
-69.8648
-69.861
-69.8571
-69.8533
-69.8494
-69.8454
-69.8414
-69.8374
-69.8334
-69.8293
-69.8252
-69.821
-69.8168
-69.8126
-69.8083
-69.804
-69.7996
-69.7952
-69.7908
-69.7863
-69.7818
-69.7773
-69.7727
-69.768
-69.7634
-69.7587
-69.7539
-69.7492
-69.7443
-69.7395
-69.7346
-69.7296
-69.7246
-69.7196
-69.7146
-69.7095
-69.7043
-69.6991
-69.6939
-69.6886
-69.6833
-69.678
-69.6726
-69.6672
-69.6617
-69.6562
-69.6507
-69.6451
-69.6395
-69.6338
-69.6281
-69.6223
-69.6165
-69.6107
-69.6048
-69.5989
-69.593
-69.587
-69.581
-69.5749
-69.5688
-69.5626
-69.5564
-69.5502
-69.5439
-69.5376
-69.5312
-69.5248
-69.5184
-69.5119
-69.5054
-69.4989
-69.4923
-69.4856
-69.479
-69.4722
-69.4655
-69.4587
-69.4519
-69.445
-69.4381
-69.4311
-69.4241
-69.4171
-69.41
-69.4029
-69.3958
-69.3886
-69.3814
-69.3741
-69.3668
-69.3595
-69.3521
-69.3447
-69.3372
-69.3297
-69.3222
-69.3146
-69.307
-69.2994
-69.2917
-69.284
-69.2762
-69.2684
-69.2606
-69.2527
-69.2448
-69.2369
-69.2289
-69.2209
-69.2129
-69.2048
-69.1967
-69.1886
-69.1804
-69.1722
-69.1639
-69.1556
-69.1473
-69.139
-69.1306
-69.1222
-69.1137
-69.1052
-69.0967
-69.0882
-69.0796
-69.071
-69.0623
-69.0536
-69.0449
-69.0362
-69.0274
-69.0186
-69.0098
-69.0009
-68.992
-68.9831
-68.9741
-68.9651
-68.9561
-68.9471
-68.938
-68.9289
-68.9197
-68.9106
-68.9014
-68.8922
-68.8829
-68.8736
-68.8643
-68.855
-68.8456
-68.8363
-68.8268
-68.8174
-68.8079
-68.7984
-68.7889
-68.7794
-68.7698
-68.7602
-68.7506
-68.741
-68.7313
-68.7216
-68.7119
-68.7021
-68.6924
-68.6826
-68.6728
-68.6629
-68.6531
-68.6432
-68.6333
-68.6234
-68.6134
-68.6035
-68.5935
-68.5835
-68.5734
-68.5634
-68.5533
-68.5432
-68.5331
-68.523
-68.5129
-68.5027
-68.4925
-68.4823
-68.4721
-68.4619
-68.4516
-68.4413
-68.431
-68.4207
-68.4104
-68.4001
-68.3897
-68.3793
-68.369
-68.3585
-68.3481
-68.3377
-68.3272
-68.3168
-68.3063
-68.2958
-68.2853
-68.2748
-68.2642
-68.2537
-68.2431
-68.2326
-68.222
-68.2114
-68.2008
-68.1902
-68.1795
-68.1689
-68.1582
-68.1476
-68.1369
-68.1262
-68.1155
-68.1048
-68.0941
-68.0834
-68.0726
-68.0619
-68.0511
-68.0404
-68.0296
-68.0188
-68.0081
-67.9973
-67.9865
-67.9757
-67.9649
-67.9541
-67.9432
-67.9324
-67.9216
-67.9108
-67.8999
-67.8891
-67.8782
-67.8674
-67.8565
-67.8456
-67.8348
-67.8239
-67.813
-67.8021
-67.7913
-67.7804
-67.7695
-67.7586
-67.7477
-67.7368
-67.7259
-67.715
-67.7041
-67.6932
-67.6823
-67.6714
-67.6605
-67.6496
-67.6387
-67.6278
-67.6169
-67.606
-67.5951
-67.5842
-67.5733
-67.5624
-67.5515
-67.5406
-67.5298
-67.5189
-67.508
-67.4971
-67.4862
-67.4754
-67.4645
-67.4537
-67.4428
-67.4319
-67.4211
-67.4103
-67.3994
-67.3886
-67.3778
-67.3669
-67.3561
-67.3453
-67.3345
-67.3237
-67.3129
-67.3021
-67.2913
-67.2805
-67.2698
-67.259
-67.2483
-67.2375
-67.2268
-67.216
-67.2053
-67.1946
-67.1839
-67.1732
-67.1625
-67.1518
-67.1411
-67.1305
-67.1198
-67.1092
-67.0986
-67.0879
-67.0773
-67.0667
-67.0561
-67.0456
-67.035
-67.0245
-67.0139
-67.0034
-66.9929
-66.9824
-66.9719
-66.9614
-66.9509
-66.9405
-66.93
-66.9196
-66.9092
-66.8988
-66.8884
-66.878
-66.8677
-66.8573
-66.847
-66.8367
-66.8263
-66.8161
-66.8058
-66.7955
-66.7853
-66.775
-66.7648
-66.7546
-66.7444
-66.7342
-66.7241
-66.7139
-66.7038
-66.6937
-66.6836
-66.6735
-66.6635
-66.6534
-66.6434
-66.6334
-66.6234
-66.6134
-66.6035
-66.5935
-66.5836
-66.5737
-66.5638
-66.554
-66.5441
-66.5343
-66.5245
-66.5147
-66.505
-66.4952
-66.4855
-66.4758
-66.4661
-66.4564
-66.4468
-66.4371
-66.4275
-66.418
-66.4084
-66.3988
-66.3893
-66.3798
-66.3703
-66.3608
-66.3514
-66.342
-66.3326
-66.3232
-66.2319
-66.0625
-65.8192
-65.5059
-65.127
-64.6864
-64.1885
-63.6373
-63.0369
-62.3913
-61.7044
-60.9798
-60.2212
-59.4318
-58.6149
-57.7734
-56.9098
-56.0265
-55.1254
-54.2082
-53.2758
-52.3291
-51.368
-50.392
-49.3998
-48.3896
-47.3582
-46.3018
-45.2152
-44.0921
-42.9245
-41.7026
-40.415
-39.0475
-37.5837
-36.0038
-34.2849
-32.4002
-30.3185
-28.0046
-25.4194
-22.5206
-19.2657
-15.6162
-11.5449
-7.04673
-2.15273
3.05612
8.44049
13.8073
18.9325
23.6
27.6421
30.9682
33.5692
35.5016
36.8608
37.7546
38.2851
38.5386
38.583
38.469
38.2335
37.9024
37.4943
37.0222
36.4955
35.9211
35.3045
34.6497
33.9603
33.2392
32.489
31.7119
30.9102
30.0856
29.2401
28.3755
27.4933
26.5951
25.6824
24.7567
23.8193
22.8714
21.9143
20.9493
19.9773
18.9994
18.0167
17.0299
16.0402
15.0481
14.0546
13.0603
12.0659
11.072
10.0792
9.08803
8.09898
7.11249
6.12897
5.1488
4.17231
3.19981
2.23158
1.26785
0.308847
-0.645243
-1.59425
-2.53804
-3.47648
-4.40947
-5.33694
-6.25883
-7.17509
-8.08569
-8.99062
-9.88986
-10.7834
-11.6714
-12.5538
-13.4306
-14.302
-15.168
-16.0287
-16.8842
-17.7347
-18.5803
-19.4211
-20.2574
-21.0893
-21.9171
-22.7409
-23.5611
-24.378
-25.1918
-26.0029
-26.8118
-27.6187
-28.4242
-29.2288
-30.0329
-30.8372
-31.6422
-32.4486
-33.2571
-34.0683
-34.8831
-35.7022
-36.5265
-37.3568
-38.1941
-39.0391
-39.8928
-40.7561
-41.6298
-42.5148
-43.4118
-44.3215
-45.2443
-46.1808
-47.1309
-48.0947
-49.0717
-50.0611
-51.0618
-52.0721
-53.0898
-54.112
-55.1355
-56.1562
-57.1697
-58.1707
-59.154
-60.1138
-61.0443
-61.9398
-62.795
-63.6052
-64.3663
-65.0753
-65.7303
-66.3302
-66.8752
-67.3663
-67.8057
-68.1958
-68.5399
-68.8414
-69.1041
-69.3317
-69.5279
-69.6962
-69.8399
-69.9621
-70.0655
-70.1527
-70.2259
-70.2871
-70.338
-70.38
-70.4146
-70.4427
-70.4654
-70.4835
-70.4978
-70.5087
-70.5168
-70.5226
-70.5264
-70.5285
-70.5292
-70.5288
-70.5273
-70.525
-70.5221
-70.5185
-70.5145
-70.51
-70.5053
-70.5003
-70.495
-70.4896
-70.4841
-70.4785
-70.4727
-70.467
-70.4612
-70.4553
-70.4495
-70.4437
-70.4379
-70.4321
-70.4263
-70.4206
-70.415
-70.4093
-70.4038
-70.3983
-70.3928
-70.3874
-70.3821
-70.3768
-70.3716
-70.3664
-70.3613
-70.3563
-70.3513
-70.3464
-70.3416
-70.3368
-70.3321
-70.3275
-70.3229
-70.3184
-70.314
-70.3096
-70.3052
-70.301
-70.2968
-70.2926
-70.2885
-70.2845
-70.2805
-70.2766
-70.2728
-70.269
-70.2652
-70.2615
-70.2579
-70.2543
-70.2507
-70.2472
-70.2438
-70.2404
-70.2371
-70.2338
-70.2305
-70.2273
-70.2241
-70.221
-70.2179
-70.2149
-70.2119
-70.2089
-70.206
-70.2031
-70.2003
-70.1975
-70.1947
-70.192
-70.1893
-70.1866
-70.184
-70.1814
-70.1788
-70.1763
-70.1738
-70.1713
-70.1688
-70.1664
-70.164
-70.1616
-70.1593
-70.157
-70.1547
-70.1524
-70.1501
-70.1479
-70.1457
-70.1435
-70.1413
-70.1391
-70.137
-70.1349
-70.1328
-70.1307
-70.1286
-70.1265
-70.1245
-70.1224
-70.1204
-70.1184
-70.1164
-70.1144
-70.1124
-70.1104
-70.1084
-70.1064
-70.1045
-70.1025
-70.1006
-70.0986
-70.0967
-70.0947
-70.0928
-70.0909
-70.0889
-70.087
-70.0851
-70.0831
-70.0812
-70.0792
-70.0773
-70.0753
-70.0734
-70.0714
-70.0695
-70.0675
-70.0655
-70.0636
-70.0616
-70.0596
-70.0576
-70.0556
-70.0536
-70.0515
-70.0495
-70.0474
-70.0454
-70.0433
-70.0412
-70.0391
-70.037
-70.0349
-70.0327
-70.0306
-70.0284
-70.0262
-70.024
-70.0218
-70.0195
-70.0173
-70.015
-70.0127
-70.0104
-70.008
-70.0057
-70.0033
-70.0009
-69.9985
-69.9961
-69.9936
-69.9911
-69.9886
-69.9861
-69.9835
-69.9809
-69.9783
-69.9757
-69.973
-69.9704
-69.9677
-69.9649
-69.9622
-69.9594
-69.9566
-69.9537
-69.9508
-69.9479
-69.945
-69.9421
-69.9391
-69.936
-69.933
-69.9299
-69.9268
-69.9237
-69.9205
-69.9173
-69.9141
-69.9108
-69.9075
-69.9042
-69.9008
-69.8974
-69.894
-69.8905
-69.887
-69.8835
-69.8799
-69.8763
-69.8726
-69.869
-69.8653
-69.8615
-69.8577
-69.8539
-69.8501
-69.8462
-69.8422
-69.8383
-69.8343
-69.8302
-69.8262
-69.8221
-69.8179
-69.8137
-69.8095
-69.8052
-69.8009
-69.7966
-69.7922
-69.7878
-69.7833
-69.7789
-69.7743
-69.7698
-69.7651
-69.7605
-69.7558
-69.7511
-69.7463
-69.7415
-69.7366
-69.7318
-69.7268
-69.7219
-69.7169
-69.7118
-69.7067
-69.7016
-69.6964
-69.6912
-69.686
-69.6807
-69.6754
-69.67
-69.6646
-69.6591
-69.6536
-69.6481
-69.6425
-69.6369
-69.6313
-69.6256
-69.6198
-69.614
-69.6082
-69.6024
-69.5965
-69.5905
-69.5846
-69.5785
-69.5725
-69.5664
-69.5602
-69.5541
-69.5478
-69.5416
-69.5353
-69.5289
-69.5225
-69.5161
-69.5097
-69.5032
-69.4966
-69.49
-69.4834
-69.4767
-69.47
-69.4633
-69.4565
-69.4497
-69.4428
-69.4359
-69.429
-69.422
-69.415
-69.4079
-69.4008
-69.3937
-69.3865
-69.3793
-69.3721
-69.3648
-69.3574
-69.3501
-69.3427
-69.3352
-69.3278
-69.3202
-69.3127
-69.3051
-69.2975
-69.2898
-69.2821
-69.2744
-69.2666
-69.2588
-69.2509
-69.243
-69.2351
-69.2271
-69.2192
-69.2111
-69.2031
-69.195
-69.1868
-69.1787
-69.1704
-69.1622
-69.1539
-69.1456
-69.1373
-69.1289
-69.1205
-69.1121
-69.1036
-69.0951
-69.0865
-69.078
-69.0694
-69.0607
-69.0521
-69.0434
-69.0346
-69.0259
-69.0171
-69.0082
-68.9994
-68.9905
-68.9816
-68.9726
-68.9637
-68.9547
-68.9456
-68.9366
-68.9275
-68.9183
-68.9092
-68.9
-68.8908
-68.8816
-68.8723
-68.863
-68.8537
-68.8443
-68.8349
-68.8255
-68.8161
-68.8067
-68.7972
-68.7877
-68.7781
-68.7686
-68.759
-68.7494
-68.7397
-68.7301
-68.7204
-68.7107
-68.701
-68.6912
-68.6814
-68.6716
-68.6618
-68.6519
-68.6421
-68.6322
-68.6223
-68.6123
-68.6024
-68.5924
-68.5824
-68.5724
-68.5623
-68.5523
-68.5422
-68.5321
-68.522
-68.5119
-68.5017
-68.4915
-68.4813
-68.4711
-68.4609
-68.4507
-68.4404
-68.4301
-68.4198
-68.4095
-68.3992
-68.3888
-68.3785
-68.3681
-68.3577
-68.3473
-68.3368
-68.3264
-68.316
-68.3055
-68.295
-68.2845
-68.274
-68.2635
-68.2529
-68.2424
-68.2318
-68.2212
-68.2106
-68.2
-68.1894
-68.1788
-68.1682
-68.1575
-68.1469
-68.1362
-68.1255
-68.1148
-68.1041
-68.0934
-68.0827
-68.072
-68.0612
-68.0505
-68.0398
-68.029
-68.0182
-68.0075
-67.9967
-67.9859
-67.9751
-67.9643
-67.9535
-67.9427
-67.9319
-67.9211
-67.9102
-67.8994
-67.8886
-67.8777
-67.8669
-67.856
-67.8452
-67.8343
-67.8234
-67.8126
-67.8017
-67.7908
-67.7799
-67.7691
-67.7582
-67.7473
-67.7364
-67.7255
-67.7146
-67.7037
-67.6928
-67.6819
-67.671
-67.6602
-67.6493
-67.6384
-67.6275
-67.6166
-67.6057
-67.5948
-67.5839
-67.573
-67.5621
-67.5513
-67.5404
-67.5295
-67.5186
-67.5077
-67.4969
-67.486
-67.4752
-67.4643
-67.4534
-67.4426
-67.4317
-67.4209
-67.4101
-67.3992
-67.3884
-67.3776
-67.3668
-67.356
-67.3451
-67.3343
-67.3235
-67.3128
-67.302
-67.2912
-67.2804
-67.2697
-67.2589
-67.2482
-67.2374
-67.2267
-67.216
-67.2052
-67.1945
-67.1838
-67.1731
-67.1625
-67.1518
-67.1411
-67.1305
-67.1198
-67.1092
-67.0986
-67.0879
-67.0773
-67.0667
-67.0562
-67.0456
-67.035
-67.0245
-67.014
-67.0034
-66.9929
-66.9824
-66.9719
-66.9615
-66.951
-66.9406
-66.9301
-66.9197
-66.9093
-66.8989
-66.8885
-66.8781
-66.8678
-66.8574
-66.8471
-66.8368
-66.8265
-66.8162
-66.8059
-66.7957
-66.7854
-66.7752
-66.765
-66.7548
-66.7446
-66.7344
-66.7243
-66.7141
-66.704
-66.6939
-66.6838
-66.6738
-66.6637
-66.6537
-66.6437
-66.6337
-66.6237
-66.6137
-66.6037
-66.5938
-66.5839
-66.574
-66.5641
-66.5543
-66.5444
-66.5346
-66.5248
-66.515
-66.5053
-66.4955
-66.4858
-66.4761
-66.4664
-66.4568
-66.4471
-66.4375
-66.4279
-66.4183
-66.4087
-66.3992
-66.3897
-66.3802
-66.3707
-66.3612
-66.3518
-66.3424
-66.333
-66.3236
-66.3142
-66.3049
-66.2956
-66.2863
-66.277
-66.2678
-66.2585
-66.2493
-66.2401
-66.231
-66.2218
-66.2127
-66.2036
-66.1945
-66.1855
-66.1765
-66.1675
-66.1585
-66.1495
-66.1406
-66.1317
-66.1228
-66.1139
-66.1051
-66.0963
-66.0875
-66.0787
-66.07
-66.0613
-66.0526
-66.0439
-66.0353
-66.0267
-66.0181
-66.0095
-66.001
-65.9925
-65.984
-65.9755
-65.9671
-65.9587
-65.9503
-65.942
-65.9336
-65.9253
-65.917
-65.9088
-65.9006
-65.8924
-65.8842
-65.876
-65.8679
-65.8598
-65.8517
-65.8437
-65.8357
-65.8277
-65.8197
-65.8118
-65.8038
-65.796
-65.7881
-65.7803
-65.7725
-65.7647
-65.7569
-65.7492
-65.7415
-65.7338
-65.7262
-65.7186
-65.711
-65.7034
-65.6959
-65.6884
-65.6809
-65.6735
-65.666
-65.6586
-65.6513
-65.644
-65.6366
-65.6294
-65.6221
-65.6149
-65.6077
-65.6006
-65.5934
-65.5863
-65.5793
-65.5722
-65.5652
-65.5582
-65.5513
-65.5443
-65.5374
-65.5306
-65.5237
-65.5169
-65.5102
-65.5034
-65.4967
-65.49
-65.4834
-65.4768
-65.4702
-65.4636
-65.4571
-65.4506
-65.4441
-65.4377
-65.4313
-65.4249
-65.4185
-65.4122
-65.4059
-65.3996
-65.3934
-65.3872
-65.381
-65.3749
-65.3688
-65.3627
-65.3566
-65.3506
-65.3446
-65.3387
-65.3327
-65.3268
-65.321
-65.3151
-65.3093
-65.3035
-65.2978
-65.292
-65.2864
-65.2807
-65.2751
-65.2695
-65.2639
-65.2584
-65.2529
-65.2474
-65.2419
-65.2365
-65.2311
-65.2258
-65.2205
-65.2152
-65.2099
-65.2047
-65.1995
-65.1943
-65.1892
-65.1841
-65.179
-65.174
-65.169
-65.164
-65.159
-65.1541
-65.1492
-65.1444
-65.1396
-65.1348
-65.13
-65.1253
-65.1206
-65.1159
-65.1113
-65.1067
-65.1021
-65.0976
-65.0931
-65.0886
-65.0842
-65.0798
-65.0754
-65.071
-65.0667
-65.0624
-65.0582
-65.054
-65.0498
-65.0456
-65.0415
-65.0374
-65.0333
-65.0293
-65.0253
-65.0213
-65.0174
-65.0135
-65.0096
-65.0058
-65.0019
-64.9982
-64.9944
-64.9907
-64.987
-64.9833
-64.9797
-64.9761
-64.9726
-64.969
-64.9655
-64.9621
-64.9586
-64.9552
-64.9518
-64.9485
-64.9451
-64.9419
-64.9386
-64.9354
-64.9322
-64.929
-64.9258
-64.9227
-64.9196
-64.9166
-64.9136
-64.9106
-64.9076
-64.9047
-64.9018
-64.8989
-64.896
-64.8932
-64.8904
-64.8876
-64.8849
-64.8822
-64.8795
-64.8769
-64.8743
-64.8717
-64.8691
-64.8666
-64.8641
-64.8616
-64.8592
-64.8567
-64.8544
-64.852
-64.8497
-64.8474
-64.8451
-64.8428
-64.8406
-64.8384
-64.8362
-64.8341
-64.832
-64.8299
-64.8279
-64.8258
-64.8238
-64.8219
-64.8199
-64.818
-64.8161
-64.8142
-64.8124
-64.8106
-64.8088
-64.8071
-64.8053
-64.8036
-64.8019
-64.8003
-64.7987
-64.7971
-64.7955
-64.7939
-64.7924
-64.7909
-64.7895
-64.788
-64.7866
-64.7852
-64.7838
-64.7825
-64.7812
-64.7799
-64.7786
-64.7774
-64.7762
-64.775
-64.7738
-64.7727
-64.7715
-64.7705
-64.7694
-64.7683
-64.7673
-64.7663
-64.7653
-64.7644
-64.7635
-64.7626
-64.7617
-64.7608
-64.76
-64.7592
-64.7584
-64.7576
-64.7569
-64.7561
-64.7555
-64.7548
-64.7541
-64.7535
-64.7529
-64.7523

