-65
-64.9994
-64.9988
-64.9982
-64.9977
-64.9971
-64.9965
-64.996
-64.9954
-64.9949
-64.9943
-64.9938
-64.9932
-64.9927
-64.9922
-64.9917
-64.9912
-64.9906
-64.9901
-64.9896
-64.9891
-64.9886
-64.9881
-64.9876
-64.9872
-64.9867
-64.9862
-64.9857
-64.9852
-64.9848
-64.9843
-64.9838
-64.9834
-64.9829
-64.9825
-64.982
-64.9816
-64.9811
-64.9807
-64.9802
-64.9798
-64.9794
-64.9789
-64.9785
-64.9781
-64.9777
-64.9772
-64.9768
-64.9764
-64.976
-64.9756
-64.9752
-64.9748
-64.9744
-64.974
-64.9736
-64.9732
-64.9728
-64.9725
-64.9721
-64.9717
-64.9713
-64.971
-64.9706
-64.9702
-64.9699
-64.9695
-64.9692
-64.9688
-64.9685
-64.9681
-64.9678
-64.9675
-64.9671
-64.9668
-64.9665
-64.9661
-64.9658
-64.9655
-64.9652
-64.9649
-64.9646
-64.9642
-64.9639
-64.9636
-64.9633
-64.963
-64.9628
-64.9625
-64.9622
-64.9619
-64.9616
-64.9613
-64.9611
-64.9608
-64.9605
-64.9603
-64.96
-64.9598
-64.9595
-64.9592
-64.959
-64.9588
-64.9585
-64.9583
-64.958
-64.9578
-64.9576
-64.9573
-64.9571
-64.9569
-64.9567
-64.9565
-64.9562
-64.956
-64.9558
-64.9556
-64.9554
-64.9552
-64.955
-64.9548
-64.9546
-64.9545
-64.9543
-64.9541
-64.9539
-64.9537
-64.9536
-64.9534
-64.9532
-64.9531
-64.9529
-64.9527
-64.9526
-64.9524
-64.9523
-64.9521
-64.952
-64.9519
-64.9517
-64.9516
-64.9514
-64.9513
-64.9512
-64.9511
-64.9509
-64.9508
-64.9507
-64.9506
-64.9505
-64.9504
-64.9503
-64.9502
-64.95
-64.9499
-64.9499
-64.9498
-64.9497
-64.9496
-64.9495
-64.9494
-64.9493
-64.9492
-64.9492
-64.9491
-64.949
-64.9489
-64.9489
-64.9488
-64.9487
-64.9487
-64.9486
-64.9486
-64.9485
-64.9485
-64.9484
-64.9484
-64.9483
-64.9483
-64.9482
-64.9482
-64.9482
-64.9481
-64.9481
-64.9481
-64.948
-64.948
-64.948
-64.948
-64.948
-64.9479
-64.9479
-64.9479
-64.9479
-64.9479
-64.9479
-64.9479
-64.9479
-64.9479
-64.9479
-64.9479
-64.9479
-64.9479
-64.9479
-64.9479
-64.9479
-64.9479
-64.9479
-64.948
-64.948
-64.948
-64.948
-64.9481
-64.9481
-64.9481
-64.9481
-64.9482
-64.9482
-64.9482
-64.9483
-64.9483
-64.9483
-64.9484
-64.9484
-64.9485
-64.9485
-64.9486
-64.9486
-64.9487
-64.9487
-64.9488
-64.9488
-64.9489
-64.9489
-64.949
-64.9491
-64.9491
-64.9492
-64.9492
-64.9493
-64.9494
-64.9494
-64.9495
-64.9496
-64.9497
-64.9497
-64.9498
-64.9499
-64.95
-64.95
-64.9501
-64.9502
-64.9503
-64.9504
-64.9504
-64.9505
-64.8703
-64.7137
-64.4844
-64.1865
-63.824
-63.4008
-62.921
-62.3885
-61.8073
-61.1809
-60.5132
-59.8077
-59.0676
-58.2961
-57.496
-56.6699
-55.8202
-54.9488
-54.0572
-53.1465
-52.2172
-51.2695
-50.3027
-49.3153
-48.3054
-47.2696
-46.2038
-45.1026
-43.959
-42.7647
-41.5092
-40.18
-38.762
-37.2372
-35.5843
-33.7783
-31.7896
-29.5845
-27.1245
-24.3671
-21.2673
-17.7813
-13.8718
-9.51811
-4.72907
0.440799
5.87796
11.406
16.8
21.8213
26.2632
29.9908
32.9582
35.2003
36.806
37.8882
38.5595
38.9181
39.0424
38.9912
38.8073
38.5208
38.1525
37.7173
37.2255
36.6847
36.1005
35.4774
34.8188
34.1278
33.4069
32.6584
31.8844
31.0868
30.2675
29.4281
28.5702
27.6955
26.8053
25.9011
24.9842
24.0559
23.1175
22.17
21.2147
20.2525
19.2845
18.3116
17.3347
16.3547
15.3722
14.3882
13.4032
12.4179
11.433
10.4489
9.46619
8.48536
7.50684
6.53104
5.5583
4.58898
3.62337
2.66175
1.70435
0.751402
-0.196909
-1.14041
-2.07896
-3.01243
-3.94071
-4.86373
-5.78141
-6.6937
-7.60058
-8.50201
-9.39798
-10.2885
-11.1736
-12.0534
-12.9277
-13.7969
-14.6608
-15.5195
-16.3733
-17.2222
-18.0662
-18.9057
-19.7407
-20.5714
-21.3981
-22.2209
-23.0401
-23.856
-24.6688
-25.479
-26.2868
-27.0927
-27.8971
-28.7004
-29.5031
-30.3058
-31.1091
-31.9136
-32.7199
-33.5287
-34.3408
-35.157
-35.978
-36.8048
-37.6381
-38.4789
-39.3281
-40.1865
-41.0552
-41.9349
-42.8265
-43.7306
-44.648
-45.5791
-46.5242
-47.4834
-48.4565
-49.443
-50.442
-51.452
-52.4712
-53.4971
-54.5268
-55.5564
-56.5818
-57.5982
-58.6
-59.5818
-60.5375
-61.4614
-62.3476
-63.1909
-63.9868
-64.7317
-65.4226
-66.0582
-66.6379
-67.1623
-67.6329
-68.052
-68.4227
-68.7482
-69.0324
-69.279
-69.4918
-69.6746
-69.8308
-69.9637
-70.0762
-70.1712
-70.2509
-70.3175
-70.3729
-70.4188
-70.4564
-70.4872
-70.512
-70.5319
-70.5475
-70.5596
-70.5686
-70.5751
-70.5795
-70.582
-70.5831
-70.5829
-70.5816
-70.5794
-70.5765
-70.573
-70.5689
-70.5645
-70.5596
-70.5545
-70.5492
-70.5437
-70.538
-70.5322
-70.5264
-70.5205
-70.5145
-70.5085
-70.5025
-70.4966
-70.4906
-70.4846
-70.4787
-70.4728
-70.467
-70.4612
-70.4555
-70.4498
-70.4442
-70.4386
-70.4331
-70.4276
-70.4222
-70.4169
-70.4117
-70.4065
-70.4013
-70.3963
-70.3913
-70.3863
-70.3815
-70.3766
-70.3719
-70.3672
-70.3626
-70.3581
-70.3536
-70.3491
-70.3448
-70.3404
-70.3362
-70.332
-70.3279
-70.3238
-70.3198
-70.3158
-70.3119
-70.308
-70.3042
-70.3005
-70.2968
-70.2931
-70.2895
-70.286
-70.2825
-70.279
-70.2756
-70.2722
-70.2689
-70.2656
-70.2624
-70.2592
-70.2561
-70.2529
-70.2499
-70.2468
-70.2439
-70.2409
-70.238
-70.2351
-70.2322
-70.2294
-70.2267
-70.2239
-70.2212
-70.2185
-70.2159
-70.2132
-70.2106
-70.2081
-70.2055
-70.203
-70.2005
-70.1981
-70.1956
-70.1932
-70.1908
-70.1884
-70.1861
-70.1837
-70.1814
-70.1791
-70.1769
-70.1746
-70.1723
-70.1701
-70.1679
-70.1657
-70.1635
-70.1614
-70.1592
-70.157
-70.1549
-70.1528
-70.1507
-70.1486
-70.1465
-70.1444
-70.1423
-70.1402
-70.1381
-70.1361
-70.134
-70.1319
-70.1299
-70.1278
-70.1258
-70.1237
-70.1217
-70.1196
-70.1176
-70.1155
-70.1135
-70.1114
-70.1093
-70.1073
-70.1052
-70.1031
-70.101
-70.099
-70.0969
-70.0948
-70.0927
-70.0905
-70.0884
-70.0863
-70.0841
-70.082
-70.0798
-70.0776
-70.0755
-70.0733
-70.071
-70.0688
-70.0666
-70.0643
-70.062
-70.0598
-70.0575
-70.0551
-70.0528
-70.0505
-70.0481
-70.0457
-70.0433
-70.0409
-70.0384
-70.036
-70.0335
-70.031
-70.0284
-70.0259
-70.0233
-70.0207
-70.0181
-70.0155
-70.0128
-70.0101
-70.0074
-70.0047
-70.0019
-69.9991
-69.9963
-69.9935
-69.9906
-69.9877
-69.9848
-69.9818
-69.9788
-69.9758
-69.9728
-69.9697
-69.9667
-69.9635
-69.9604
-69.9572
-69.954
-69.9507
-69.9475
-69.9442
-69.9408
-69.9375
-69.9341
-69.9306
-69.9271
-69.9236
-69.9201
-69.9165
-69.9129
-69.9093
-69.9056
-69.9019
-69.8982
-69.8944
-69.8906
-69.8868
-69.8829
-69.879
-69.875
-69.871
-69.867
-69.863
-69.8589
-69.8547
-69.8506
-69.8464
-69.8421
-69.8378
-69.8335
-69.8291
-69.8248
-69.8203
-69.8158
-69.8113
-69.8068
-69.8022
-69.7976
-69.7929
-69.7882
-69.7835
-69.7787
-69.7739
-69.769
-69.7641
-69.7592
-69.7542
-69.7492
-69.7441
-69.739
-69.7339
-69.7287
-69.7235
-69.7182
-69.7129
-69.7076
-69.7022
-69.6968
-69.6913
-69.6858
-69.6803
-69.6747
-69.6691
-69.6634
-69.6577
-69.652
-69.6462
-69.6404
-69.6345
-69.6286
-69.6227
-69.6167
-69.6107
-69.6046
-69.5985
-69.5924
-69.5862
-69.58
-69.5737
-69.5674
-69.561
-69.5547
-69.5482
-69.5418
-69.5353
-69.5287
-69.5221
-69.5155
-69.5088
-69.5021
-69.4954
-69.4886
-69.4818
-69.4749
-69.468
-69.4611
-69.4541
-69.4471
-69.44
-69.4329
-69.4258
-69.4186
-69.4114
-69.4042
-69.3969
-69.3896
-69.3822
-69.3748
-69.3674
-69.3599
-69.3524
-69.3448
-69.3372
-69.3296
-69.3219
-69.3142
-69.3065
-69.2987
-69.2909
-69.283
-69.2751
-69.2672
-69.2593
-69.2513
-69.2432
-69.2352
-69.2271
-69.2189
-69.2108
-69.2026
-69.1943
-69.186
-69.1777
-69.1694
-69.161
-69.1526
-69.1442
-69.1357
-69.1272
-69.1186
-69.1101
-69.1014
-69.0928
-69.0841
-69.0754
-69.0667
-69.0579
-69.0491
-69.0403
-69.0314
-69.0225
-69.0136
-69.0047
-68.911
-68.7373
-68.4883
-68.1687
-67.7833
-67.3369
-66.8341
-66.2797
-65.678
-65.0336
-64.3507
-63.6334
-62.8858
-62.1114
-61.3141
-60.497
-59.6633
-58.816
-57.9575
-57.0903
-56.2165
-55.3377
-54.4553
-53.5704
-52.6835
-51.7949
-50.9043
-50.011
-49.1135
-48.21
-47.298
-46.3741
-45.4342
-44.4735
-43.4861
-42.465
-41.4021
-40.2881
-39.112
-37.8612
-36.5214
-35.0759
-33.5061
-31.7907
-29.906
-27.8259
-25.5223
-22.9662
-20.1292
-16.9869
-13.5227
-9.73414
-5.64068
-1.29081
3.23224
7.81064
12.3003
16.5479
20.4135
23.7911
26.622
28.8961
30.6434
31.9206
32.7964
33.3405
33.6165
33.6782
33.5694
33.324
32.9684
32.5225
32.0015
31.4171
30.7783
30.0922
29.3648
28.6008
27.8043
26.9788
26.1274
25.2529
24.3578
23.4444
22.5147
21.5707
20.6142
19.6469
18.6702
17.6856
16.6945
15.698
14.6974
13.6936
12.6876
11.6805
10.6729
9.66561
8.65939
7.65485
6.65258
5.65309
4.65687
3.66435
2.67591
1.6919
0.712621
-0.261653
-1.23069
-2.19428
-3.15225
-4.10445
-5.05076
-5.99108
-6.92533
-7.85346
-8.77543
-9.69122
-10.6008
-11.5043
-12.4016
-13.2928
-14.178
-15.0573
-15.9307
-16.7983
-17.6603
-18.5168
-19.368
-20.2141
-21.0551
-21.8915
-22.7234
-23.551
-24.3747
-25.1948
-26.0116
-26.8256
-27.637
-28.4465
-29.2544
-30.0613
-30.8677
-31.6742
-32.4815
-33.2903
-34.1012
-34.9149
-35.7323
-36.5542
-37.3814
-38.2147
-39.055
-39.9032
-40.7601
-41.6265
-42.5032
-43.3909
-44.2903
-45.2018
-46.1258
-47.0623
-48.0113
-48.9724
-49.9449
-50.9276
-51.9189
-52.9168
-53.9186
-54.9212
-55.9209
-56.9136
-57.8944
-58.8584
-59.8001
-60.7143
-61.5956
-62.4389
-63.2397
-63.9942
-64.6994
-65.3532
-65.9543
-66.5029
-66.9995
-67.4459
-67.8443
-68.1975
-68.5087
-68.7813
-69.0189
-69.2249
-69.4026
-69.5554
-69.686
-69.7974
-69.892
-69.9719
-70.0392
-70.0957
-70.1428
-70.1819
-70.2142
-70.2406
-70.2621
-70.2793
-70.2929
-70.3034
-70.3114
-70.3171
-70.321
-70.3234
-70.3243
-70.3242
-70.3231
-70.3212
-70.3187
-70.3156
-70.312
-70.3081
-70.3038
-70.2993
-70.2946
-70.2896
-70.2846
-70.2795
-70.2743
-70.269
-70.2637
-70.2584
-70.253
-70.2477
-70.2424
-70.2371
-70.2319
-70.2267
-70.2215
-70.2164
-70.2113
-70.2063
-70.2013
-70.1964
-70.1916
-70.1868
-70.1821
-70.1774
-70.1728
-70.1683
-70.1639
-70.1595
-70.1551
-70.1509
-70.1467
-70.1425
-70.1385
-70.1345
-70.1305
-70.1266
-70.1228
-70.1191
-70.1154
-70.1117
-70.1082
-70.1046
-70.1012
-70.0978
-70.0944
-70.0911
-70.0879
-70.0847
-70.0816
-70.0785
-70.0755
-70.0725
-70.0696
-70.0667
-70.0639
-70.0611
-70.0584
-70.0557
-70.053
-70.0504
-70.0479
-70.0453
-70.0429
-70.0404
-70.038
-70.0357
-70.0333
-70.0311
-70.0288
-70.0266
-70.0244
-69.9418
-69.788
-69.5715
-69.3001
-68.9811
-68.6209
-68.2254
-67.8002
-67.3502
-66.8797
-66.3928
-65.8931
-65.3839
-64.8681
-64.3482
-63.8266
-63.3054
-62.7863
-62.2709
-61.7605
-61.2565
-60.7597
-60.2711
-59.7914
-59.3211
-58.8607
-58.4106
-57.9711
-57.5422
-57.1241
-56.7168
-56.3202
-55.9342
-55.5587
-55.1934
-54.838
-54.4923
-54.1559
-53.8285
-53.5096
-53.1989
-52.8959
-52.6003
-52.3115
-52.0291
-51.7526
-51.4816
-51.2156
-50.9542
-50.6968
-50.4431
-50.1926
-49.9447
-49.6992
-49.4554
-49.213
-48.9716
-48.7307
-48.4898
-48.2485
-48.0065
-47.7631
-47.5181
-47.271
-47.0212
-46.7684
-46.512
-46.2516
-45.9867
-45.7167
-45.4411
-45.1593
-44.8708
-44.5749
-44.2709
-43.9581
-43.6358
-43.3033
-42.9597
-42.604
-42.2355
-41.853
-41.4555
-41.0419
-40.6109
-40.1612
-39.6916
-39.2005
-38.6863
-38.1475
-37.5824
-36.9891
-36.3657
-35.7104
-35.0212
-34.2959
-33.5327
-32.7296
-31.8846
-30.996
-30.0622
-29.082
-28.0545
-26.9793
-25.8567
-24.6875
-23.4738
-22.2182
-20.9249
-19.5991
-18.2472
-16.8772
-15.4981
-14.1203
-12.7551
-11.4143
-10.1104
-8.85573
-7.66213
-6.54071
-5.50135
-4.55245
-3.7007
-2.95095
-2.3062
-1.76766
-1.3349
-1.00604
-0.777954
-0.64659
-0.607124
-0.654221
-0.782227
-0.985339
-1.25773
-1.59369
-1.98768
-2.43438
-2.92878
-3.46616
-4.04209
-4.6525
-5.2936
-5.96192
-6.65424
-7.36766
-8.09951
-8.84736
-9.60902
-10.3825
-11.1659
-11.9578
-12.7565
-13.5609
-14.3696
-15.1817
-15.9963
-16.8124
-17.6294
-18.4466
-19.2636
-20.0798
-20.8948
-21.7084
-22.5202
-23.3301
-24.1381
-24.9439
-25.7477
-26.5495
-27.3493
-28.1474
-28.944
-29.7394
-30.5339
-31.3278
-32.1217
-32.9159
-33.7109
-34.5075
-35.306
-36.1072
-36.9118
-37.7204
-38.5337
-39.3524
-40.1774
-41.0092
-41.8485
-42.696
-43.5523
-44.4179
-45.2931
-46.1783
-47.0734
-47.9785
-48.8932
-49.8168
-50.7485
-51.6869
-52.6305
-53.5771
-54.5243
-55.4693
-56.4087
-57.3387
-58.2555
-59.1547
-60.0321
-60.8833
-61.704
-62.4904
-63.2389
-63.9466
-64.6112
-65.2311
-65.8053
-66.3338
-66.8172
-67.2567
-67.6539
-68.011
-68.3304
-68.6149
-68.8672
-69.0899
-69.286
-69.4581
-69.6086
-69.7399
-69.8543
-69.9535
-70.0395
-70.1139
-70.1781
-70.2334
-70.2809
-70.3216
-70.3565
-70.3862
-70.4115
-70.4328
-70.4509
-70.466
-70.4786
-70.489
-70.4975
-70.5044
-70.5098
-70.514
-70.5171
-70.5193
-70.5207
-70.5214
-70.5215
-70.5211
-70.5202
-70.519
-70.5174
-70.5155
-70.5134
-70.5111
-70.5086
-70.5059
-70.5031
-70.5002
-70.4972
-70.4942
-70.491
-70.4879
-70.4847
-70.4814
-70.4782
-70.4749
-70.4716
-70.4683
-70.465
-70.4617
-70.4584
-70.4552
-70.4519
-70.4487
-70.4454
-70.4422
-70.4391
-70.4359
-70.4327
-70.4296
-70.4265
-70.4235
-70.4204
-70.4174
-70.4144
-70.4114
-70.4084
-70.4055
-70.4026
-70.3997
-70.3969
-70.394
-70.3912
-70.3884
-70.3856
-70.3829
-70.3802
-70.3775
-70.3748
-70.3721
-70.3694
-70.3668
-70.3642
-70.3616
-70.359
-70.3565
-70.3539
-70.3514
-70.3489
-70.3463
-70.3439
-70.3414
-70.3389
-70.3364
-70.334
-70.3316
-70.3291
-70.3267
-70.3243
-70.3219
-70.3195
-70.3171
-70.3147
-70.3124
-70.31
-70.3076
-70.3052
-70.3029
-70.3005
-70.2982
-70.2958
-70.2934
-70.2911
-70.2887
-70.2864
-70.284
-70.2816
-70.2793
-70.2769
-70.2745
-70.2722
-70.2698
-70.2674
-70.265
-70.2626
-70.2602
-70.2578
-70.2553
-70.2529
-70.2505
-70.248
-70.2456
-70.2431
-70.2406
-70.2381
-70.2356
-70.2331
-70.2305
-70.228
-70.2254
-70.2228
-70.2203
-70.2177
-70.215
-70.2124
-70.2097
-70.2071
-70.2044
-70.2017
-70.1989
-70.1962
-70.1934
-70.1906
-70.1878
-70.185
-70.1821
-70.1793
-70.1764
-70.1735
-70.1705
-70.1676
-70.1646
-70.1616
-70.1586
-70.1555
-70.1524
-70.1493
-70.1462
-70.143
-70.1398
-70.1366
-70.1334
-70.1301
-70.1268
-70.1235
-70.1202
-70.1168
-70.1134
-70.11
-70.1065
-70.103
-70.0995
-70.0959
-70.0923
-70.0887
-70.0851
-70.0814
-70.0777
-70.074
-70.0702
-70.0664
-70.0625
-70.0587
-70.0548
-70.0508
-70.0469
-70.0429
-70.0388
-70.0348
-70.0306
-70.0265
-70.0223
-70.0181
-70.0139
-70.0096
-70.0053
-70.0009
-69.9965
-69.9921
-69.9876
-69.9831
-69.9786
-69.974
-69.9694
-69.9648
-69.9601
-69.9554
-69.9506
-69.9458
-69.941
-69.9361
-69.9312
-69.9263
-69.9213
-69.9163
-69.9112
-69.9061
-69.901
-69.8958
-69.8906
-69.8853
-69.88
-69.8747
-69.8693
-69.8639
-69.8584
-69.853
-69.8474
-69.8419
-69.8362
-69.8306
-69.8249
-69.8192
-69.8134
-69.8076
-69.8018
-69.7959
-69.7899
-69.784
-69.778
-69.7719
-69.7658
-69.7597
-69.7535
-69.7473
-69.7411
-69.7348
-69.7285
-69.7221
-69.7157
-69.7093
-69.7028
-69.6963
-69.6897
-69.6831
-69.6765
-69.6698
-69.6631
-69.6563
-69.6495
-69.6427
-69.6358
-69.6289
-69.6219
-69.6149
-69.6079
-69.6008
-69.5937
-69.5866
-69.5794
-69.5722
-69.5649
-69.5576
-69.5503
-69.5429
-69.5355
-69.528
-69.5205
-69.513
-69.5054
-69.4978
-69.4902
-69.4825
-69.4748
-69.467
-69.4593
-69.4514
-69.4436
-69.4357
-69.4277
-69.4198
-69.4117
-69.4037
-69.3956
-69.3875
-69.3794
-69.3712
-69.3629
-69.3547
-69.3464
-69.3381
-69.3297
-69.3213
-69.3129
-69.3044
-69.2959
-69.2874
-69.2788
-69.2702
-69.2616
-69.2529
-69.2442
-69.2355
-69.2267
-69.2179
-69.2091
-69.2002
-69.1913
-69.1824
-69.1734
-69.1644
-69.1554
-69.1464
-69.1373
-69.1282
-69.119
-69.1099
-69.1007
-69.0914
-69.0822
-69.0729
-69.0636
-69.0542
-69.0448
-69.0354
-69.026
-69.0166
-69.0071
-68.9976
-68.988
-68.9784
-68.9689
-68.9592
-68.9496
-68.9399
-68.9302
-68.9205
-68.9107
-68.901
-68.8912
-68.8813
-68.8715
-68.8616
-68.8517
-68.8418
-68.8318
-68.8218
-68.8119
-68.8018
-68.7918
-68.7817
-68.7716
-68.7615
-68.7514
-68.7412
-68.7311
-68.7209
-68.7107
-68.7004
-68.6902
-68.6799
-68.6696
-68.6593
-68.6489
-68.6386
-68.6282
-68.6178
-68.6074
-68.597
-68.5865
-68.576
-68.5656
-68.5551
-68.5445
-68.534
-68.5235
-68.5129
-68.5023
-68.4917
-68.4811
-68.4705
-68.4598
-68.4492
-68.4385
-68.4278
-68.4171
-68.4064
-68.3957
-68.3849
-68.3742
-68.3634
-68.3526
-68.3418
-68.331
-68.3202
-68.3094
-68.2985
-68.2877
-68.2768
-68.266
-68.2551
-68.2442
-68.2333
-68.2223
-68.2114
-68.2005
-68.1895
-68.1786
-68.1676
-68.1567
-68.1457
-68.1347
-68.1237
-68.1127
-68.1017
-68.0907
-68.0797
-68.0686
-68.0576
-68.0466
-68.0355
-68.0245
-68.0134
-68.0024
-67.9913
-67.9802
-67.9692
-67.9581
-67.947
-67.9359
-67.9248
-67.9137
-67.9026
-67.8915
-67.8805
-67.8693
-67.8582
-67.8471
-67.836
-67.8249
-67.8138
-67.8027
-67.7916
-67.7805
-67.7694
-67.7582
-67.7471
-67.736
-67.7249
-67.7138
-67.7027
-67.6916
-67.6805
-67.6693
-67.6582
-67.6471
-67.636
-67.6249
-67.6138
-67.6027
-67.5917
-67.5806
-67.5695
-67.5584
-67.5473
-67.5363
-67.5252
-67.5141
-67.5031
-67.492
-67.481
-67.47
-67.4589
-67.4479
-67.4369
-67.4259
-67.4148
-67.4038
-67.3928
-67.3819
-67.3709
-67.3599
-67.3489
-67.338
-67.327
-67.3161
-67.3051
-67.2942
-67.2833
-67.2724
-67.2615
-67.2506
-67.2397
-67.2288
-67.2179
-67.2071
-67.1962
-67.1854
-67.1746
-67.1638
-67.1529
-67.1422
-67.1314
-67.1206
-67.1098
-67.0991
-67.0883
-67.0776
-67.0669
-67.0562
-67.0455
-67.0349
-67.0242
-67.0135
-67.0029
-66.9923
-66.9817
-66.9711
-66.9605
-66.95
-66.9394
-66.9289
-66.9183
-66.9078
-66.8974
-66.8869
-66.8764
-66.866
-66.8555
-66.8451
-66.8347
-66.8243
-66.8139
-66.8036
-66.7933
-66.7829
-66.7726
-66.7623
-66.7521
-66.7418
-66.7316
-66.7213
-66.7111
-66.7009
-66.6908
-66.6806
-66.6705
-66.6603
-66.6502
-66.6402
-66.6301
-66.6201
-66.61
-66.6
-66.59
-66.5801
-66.5701
-66.5602
-66.5503
-66.5404
-66.5305
-66.5207
-66.5108
-66.501
-66.4913
-66.4815
-66.4717
-66.462
-66.4523
-66.4426
-66.433
-66.4233
-66.4137
-66.4041
-66.3945
-66.385
-66.3755
-66.3659
-66.3564
-66.347
-66.3375
-66.3281
-66.3187
-66.3093
-66.3
-66.2906
-66.2813
-66.272
-66.2627
-66.2535
-66.2443
-66.2351
-66.2259
-66.2167
-66.2076
-66.1985
-66.1894
-66.1803
-66.1713
-66.1623
-66.1533
-66.1443
-66.1354
-66.1265
-66.1176
-66.1087
-66.0999
-66.0911
-66.0823
-66.0735
-66.0648
-66.0561
-66.0474
-66.0387
-66.0301
-66.0215
-66.0129
-66.0044
-65.9958
-65.9873
-65.9788
-65.9704
-65.962
-65.9536
-65.9452
-65.9369
-65.9285
-65.9203
-65.912
-65.9037
-65.8955
-65.8874
-65.8792
-65.8711
-65.863
-65.8549
-65.8468
-65.8388
-65.8308
-65.8228
-65.8149
-65.807
-65.7991
-65.7912
-65.7834
-65.7756
-65.7678
-65.76
-65.7523
-65.7446
-65.7369
-65.7293
-65.7217
-65.7141
-65.7065
-65.699
-65.6915
-65.684
-65.6766
-65.6692
-65.6618
-65.6545
-65.6471
-65.6398
-65.6326
-65.6253
-65.6181
-65.6109
-65.6038
-65.5967
-65.5896
-65.5825
-65.5755
-65.5685
-65.5615
-65.5546
-65.5477
-65.5408
-65.5339
-65.5271
-65.5203
-65.5136
-65.5068
-65.5001
-65.4935
-65.4868
-65.4802
-65.4737
-65.4671
-65.4606
-65.4541
-65.4477
-65.4412
-65.4348
-65.4285
-65.4222
-65.4159
-65.4096
-65.4033
-65.3971
-65.3909
-65.3848
-65.3787
-65.3726
-65.3665
-65.3605
-65.3545
-65.3485
-65.3426
-65.3367
-65.3308
-65.3249
-65.3191
-65.3133
-65.3076
-65.3018
-65.2961
-65.2905
-65.2848
-65.2792
-65.2737
-65.2681
-65.2626
-65.2571
-65.2517
-65.2463
-65.2409
-65.2355
-65.2302
-65.2249
-65.2196
-65.2144
-65.2092
-65.204
-65.1989
-65.1938
-65.1887
-65.1837
-65.1787
-65.1737
-65.1687
-65.1638
-65.1589
-65.1541
-65.1492
-65.1444
-65.1397
-65.1349
-65.1302
-65.1256
-65.1209
-65.1163
-65.1118
-65.1072
-65.1027
-65.0982
-65.0938
-65.0894
-65.085
-65.0806
-65.0763
-65.072
-65.0678
-65.0635
-65.0594
-65.0552
-65.0511
-65.047
-65.0429
-65.0389
-65.0348
-65.0309
-65.0269
-65.023
-65.0191
-65.0153
-65.0115
-65.0077
-65.0039
-65.0002
-64.9965
-64.9929
-64.9892
-64.9856
-64.9821
-64.9785
-64.975
-64.9715
-64.9681
-64.9647
-64.9613
-64.9579
-64.9546
-64.9513
-64.9481
-64.9448
-64.9416
-64.9384
-64.9353
-64.9322
-64.9291
-64.926
-64.923
-64.92
-64.917
-64.9141
-64.9112
-64.9083
-64.9054
-64.9026
-64.8998
-64.897
-64.8943
-64.8916
-64.8889
-64.8863
-64.8836
-64.881
-64.8785
-64.8759
-64.8734
-64.8709
-64.8685
-64.8661
-64.8637
-64.8613
-64.859
-64.8566
-64.8544
-64.8521
-64.8499
-64.8477
-64.8455
-64.8433
-64.8412
-64.8391
-64.8371
-64.835
-64.833
-64.831
-64.8291
-64.8272
-64.8253
-64.8234
-64.8215
-64.8197
-64.8179
-64.8162
-64.8144
-64.8127
-64.811
-64.8093
-64.8077
-64.8061
-64.8045
-64.8029
-64.8014
-64.7999
-64.7984
-64.797
-64.7955
-64.7941
-64.7927
-64.7914
-64.7901
-64.7888
-64.7875
-64.7862
-64.785
-64.7838
-64.7826
-64.7814
-64.7803
-64.7792
-64.7781
-64.777
-64.776
-64.775
-64.774
-64.773
-64.7721
-64.7712
-64.7703
-64.7694
-64.7685
-64.7677
-64.7669
-64.7661
-64.7653
-64.7646
-64.7639
-64.7632
-64.7625
-64.7619
-64.7612
-64.7606
-64.76
-64.7595
-64.7589
-64.7584
-64.7579
-64.7574
-64.7569
-64.7565
-64.7561
-64.7557
-64.7553
-64.7549
-64.7546
-64.7543
-64.754
-64.7537
-64.7534
-64.7532
-64.753
-64.7528
-64.7526
-64.7524
-64.7523
-64.7521
-64.752
-64.7519
-64.7519
-64.7518
-64.7518
-64.7517
-64.7517
-64.7518
-64.7518
-64.7518
-64.7519
-64.752
-64.7521
-64.7522
-64.7523
-64.7525
-64.7527
-64.7528
-64.753
-64.7532
-64.7535
-64.7537
-64.754
-64.7543
-64.7545
-64.7549
-64.7552
-64.7555
-64.7559
-64.7562
-64.7566
-64.757
-64.7574
-64.7578
-64.7583
-64.7587
-64.7592
-64.7596
-64.7601
-64.7606
-64.7611
-64.7617
-64.7622
-64.7628
-64.7633
-64.7639
-64.7645
-64.7651
-64.7657
-64.7663
-64.767
-64.7676
-64.7683
-64.7689
-64.7696
-64.7703
-64.771
-64.7717
-64.7724
-64.7732
-64.7739
-64.7747
-64.7754
-64.7762
-64.777
-64.7778
-64.7786
-64.7794
-64.7802
-64.7811
-64.7819
-64.7827
-64.7836
-64.7845
-64.7853
-64.7862
-64.7871
-64.788
-64.7889
-64.7898
-64.7907
-64.7916
-64.7926
-64.7935
-64.7945
-64.7954
-64.7964
-64.7974
-64.7983
-64.7993
-64.8003
-64.8013
-64.8023
-64.8033
-64.8043
-64.8053
-64.8063
-64.8074
-64.8084
-64.8094
-64.8105
-64.8115
-64.8126
-64.8136
-64.8147
-64.8158
-64.8168
-64.8179
-64.819
-64.8201
-64.8211
-64.8222
-64.8233
-64.8244
-64.8255
-64.8266
-64.8277
-64.8288
-64.8299
-64.8311
-64.8322
-64.8333
-64.8344
-64.8355
-64.8367
-64.8378
-64.8389
-64.8401
-64.8412
-64.8423
-64.8435
-64.8446
-64.8457
-64.8469
-64.848
-64.8492
-64.8503
-64.8515
-64.8526
-64.8538
-64.8549
-64.8561
-64.8572
-64.8584
-64.8595
-64.8607
-64.8618
-64.863
-64.8641
-64.8653
-64.8664
-64.8676
-64.8687
-64.8699
-64.871
-64.8722
-64.8733
-64.8744
-64.8756
-64.8767
-64.8779
-64.879
-64.8802
-64.8813
-64.8824
-64.8836
-64.8847
-64.8858
-64.887
-64.8881
-64.8892
-64.8903
-64.8915
-64.8926
-64.8937
-64.8948
-64.8959
-64.897
-64.8982
-64.8993
-64.9004
-64.9015
-64.9026
-64.9037
-64.9048
-64.9058
-64.9069
-64.908
-64.9091
-64.9102
-64.9112
-64.9123
-64.9134
-64.9144
-64.9155
-64.9166
-64.9176
-64.9187
-64.9197
-64.9208
-64.9218
-64.9228
-64.9239
-64.9249
-64.9259
-64.9269
-64.9279
-64.929
-64.93
-64.931
-64.932
-64.933
-64.9339
-64.9349
-64.9359
-64.9369
-64.9379
-64.9388
-64.9398
-64.9407
-64.9417
-64.9426
-64.9436
-64.9445
-64.9455
-64.9464
-64.9473
-64.9482
-64.9491
-64.9501
-64.951
-64.9519
-64.9528
-64.9536
-64.9545
-64.9554
-64.9563
-64.9571
-64.958
-64.9589
-64.9597
-64.9606
-64.9614
-64.9623
-64.9631
-64.9639
-64.9647
-64.9655
-64.9664
-64.9672
-64.968
-64.9687
-64.9695
-64.9703
-64.9711
-64.9719
-64.9726
-64.9734
-64.9741
-64.9749
-64.9756
-64.9764
-64.9771
-64.9778
-64.9785
-64.9793
-64.98
-64.9807
-64.9814
-64.9821
-64.9827
-64.9834
-64.9841
-64.9848
-64.9854
-64.9861
-64.9867
-64.9874
-64.988
-64.9887
-64.9893
-64.9899
-64.9905
-64.9911
-64.9917
-64.9923
-64.9929
-64.9935
-64.9941
-64.9947
-64.9952
-64.9958
-64.9964
-64.9969
-64.9975
-64.998
-64.9985
-64.9991
-64.9996
-65.0001
-65.0006
-65.0011
-65.0016
-65.0021
-65.0026
-65.0031
-65.0036
-65.0041
-65.0045
-65.005
-65.0054
-65.0059
-65.0063
-65.0068
-65.0072
-65.0076
-65.008
-65.0085
-65.0089
-65.0093
-65.0097
-65.0101
-65.0104
-65.0108
-65.0112
-65.0116
-65.0119
-65.0123
-65.0126
-65.013
-65.0133
-65.0137
-65.014
-65.0143
-65.0146
-65.0149
-65.0153
-65.0156
-65.0159
-65.0161
-65.0164
-65.0167
-65.017
-65.0173
-65.0175
-65.0178
-65.018
-65.0183
-65.0185
-65.0188
-65.019
-65.0192
-65.0195
-65.0197
-65.0199
-65.0201
-65.0203
-65.0205
-65.0207
-65.0209
-65.0211
-65.0213
-65.0214
-65.0216
-65.0218
-65.0219
-65.0221
-65.0223
-65.0224
-65.0225
-65.0227
-65.0228
-65.0229
-65.0231
-65.0232
-65.0233
-65.0234
-65.0235
-65.0236
-65.0237
-65.0238
-65.0239
-65.024
-65.0241
-65.0242
-65.0242
-65.0243
-65.0244
-65.0244
-65.0245
-65.0245
-65.0246
-65.0246
-65.0247
-65.0247
-65.0247
-65.0248
-65.0248
-65.0248
-65.0248
-65.0249
-65.0249
-65.0249
-65.0249
-65.0249
-65.0249
-65.0249
-65.0249
-65.0248
-65.0248
-65.0248
-65.0248
-65.0248
-65.0247
-65.0247
-65.0247
-65.0246
-65.0246
-65.0245
-65.0245
-65.0244
-65.0244
-65.0243
-65.0242
-65.0242
-65.0241
-65.024
-65.024
-65.0239
-65.0238
-65.0237
-65.0236
-65.0235
-65.0235
-65.0234
-65.0233
-65.0232
-65.0231
-65.023
-65.0229
-65.0227
-65.0226
-65.0225
-65.0224
-65.0223
-65.0222
-65.022
-65.0219
-65.0218
-65.0216
-65.0215
-65.0214
-65.0212
-65.0211
-65.021
-65.0208
-65.0207
-65.0205
-65.0204
-65.0202
-65.0201
-65.0199
-65.0198
-65.0196
-65.0194
-65.0193
-65.0191
-65.0189
-65.0188
-65.0186
-65.0184
-65.0183
-65.0181
-65.0179
-65.0177
-65.0175
-65.0174
-65.0172
-65.017
-65.0168
-65.0166
-65.0164
-65.0162
-65.016
-65.0159
-65.0157
-65.0155
-65.0153
-65.0151
-65.0149
-65.0147
-65.0145
-65.0143
-65.0141
-65.0139
-65.0136
-65.0134
-65.0132
-65.013
-65.0128
-65.0126
-65.0124
-65.0122
-65.012
-65.0117
-65.0115
-65.0113
-65.0111
-65.0109
-65.0107
-65.0104
-65.0102
-65.01
-65.0098
-65.0096
-64.929
-64.7719
-64.5421
-64.2436
-63.8804
-63.4566
-62.9761
-62.4428
-61.8608
-61.2337
-60.5652
-59.8588
-59.118
-58.3458
-57.5451
-56.7185
-55.8683
-54.9965
-54.1047
-53.194
-52.2651
-51.3179
-50.3518
-49.3657
-48.3574
-47.3239
-46.261
-45.1633
-44.0243
-42.8356
-41.5869
-40.2661
-38.8582
-37.3457
-35.7077
-33.9196
-31.9525
-29.7731
-27.3438
-24.6227
-21.5653
-18.1279
-14.2727
-9.97713
-5.24661
-0.130042
5.26638
10.7741
16.1741
21.2295
25.7297
29.5314
32.579
34.8981
36.5718
37.7101
38.4257
38.8179
38.9671
38.9344
38.764
38.4873
38.1264
37.6967
37.209
36.6713
36.0894
35.4679
34.8105
34.1202
33.3997
32.6513
31.8772
31.0792
30.2592
29.419
28.5602
27.6844
26.793
25.8874
24.9691
24.0393
23.0993
22.1502
21.1932
20.2293
19.2595
18.2849
17.3062
16.3243
15.3401
14.3543
13.3676
12.3806
11.3939
10.4081
9.4238
8.44137
7.46128
6.48394
5.50973
4.53897
3.57197
2.609
1.6503
0.696099
-0.253417
-1.19808
-2.13774
-3.07227
-4.00157
-4.92555
-5.84415
-6.75732
-7.66503
-8.56725
-9.46397
-10.3552
-11.241
-12.1213
-12.9963
-13.8659
-14.7303
-15.5896
-16.4438
-17.2931
-18.1375
-18.9773
-19.8127
-20.6437
-21.4706
-22.2937
-23.1131
-23.9292
-24.7423
-25.5526
-26.3606
-27.1667
-27.9712
-28.7747
-29.5777
-30.3806
-31.1841
-31.9888
-32.7953
-33.6044
-34.4168
-35.2333
-36.0546
-36.8817
-37.7154
-38.5567
-39.4063
-40.2652
-41.1343
-42.0145
-42.9066
-43.8112
-44.729
-45.6605
-46.6059
-47.5654
-48.5386
-49.5251
-50.5238
-51.5334
-52.5519
-53.5769
-54.6051
-55.633
-56.6562
-57.6699
-58.6687
-59.6469
-60.5987
-61.5182
-62.3998
-63.2382
-64.029
-64.7687
-65.4545
-66.0851
-66.6599
-67.1796
-67.6459
-68.0611
-68.4281
-68.7504
-69.0317
-69.2758
-69.4864
-69.6673
-69.8219
-69.9535
-70.0649
-70.1589
-70.2378
-70.3038
-70.3586
-70.404
-70.4413
-70.4718
-70.4964
-70.5161
-70.5315
-70.5435
-70.5524
-70.5589
-70.5632
-70.5657
-70.5668
-70.5665
-70.5652
-70.5631
-70.5602
-70.5566
-70.5526
-70.5481
-70.5433
-70.5383
-70.5329
-70.5275
-70.5218
-70.5161
-70.5102
-70.5043
-70.4984
-70.4925
-70.4865
-70.4805
-70.4746
-70.4687
-70.4628
-70.4569
-70.4511
-70.4454
-70.4397
-70.434
-70.4284
-70.4229
-70.4174
-70.412
-70.4066
-70.4013
-70.3961
-70.3909
-70.3858
-70.3808
-70.3758
-70.3709
-70.3661
-70.3613
-70.3566
-70.352
-70.3474
-70.3429
-70.3384
-70.334
-70.3297
-70.3254
-70.3212
-70.317
-70.3129
-70.3089
-70.3049
-70.301
-70.2971
-70.2933
-70.2895
-70.2858
-70.2821
-70.2785
-70.2749
-70.2714
-70.2679
-70.2645
-70.2612
-70.2578
-70.2545
-70.2513
-70.2481
-70.245
-70.2418
-70.2388
-70.2357
-70.2327
-70.2298
-70.2269
-70.224
-70.2212
-70.2183
-70.2156
-70.2128
-70.2101
-70.2074
-70.2048
-70.2022
-70.1996
-70.197
-70.1945
-70.192
-70.1895
-70.1871
-70.1847
-70.1823
-70.1799
-70.1775
-70.1752
-70.1729
-70.1706
-70.1683
-70.166
-70.1638
-70.1616
-70.1594
-70.1572
-70.155
-70.1529
-70.1507
-70.1486
-70.1465
-70.1444
-70.1423
-70.1402
-70.1381
-70.136
-70.134
-70.1319
-70.1299
-70.1278
-70.1258
-70.1238
-70.1218
-70.1197
-70.1177
-70.1157
-70.1137
-70.1117
-70.1097
-70.1076
-70.1056
-70.1036
-70.1016
-70.0996
-70.0976
-70.0955
-70.0935
-70.0915
-70.0894
-70.0874
-70.0853
-70.0833
-70.0812
-70.0791
-70.077
-70.0749
-70.0728
-70.0707
-70.0686
-70.0665
-70.0643
-70.0621
-70.06
-70.0578
-70.0556
-70.0534
-70.0511
-70.0489
-70.0466
-70.0443
-70.042
-70.0397
-70.0374
-70.035
-70.0327
-70.0303
-70.0279
-70.0254
-70.023
-70.0205
-70.018
-70.0155
-70.013
-70.0104
-70.0078
-70.0052
-70.0026
-70
-69.9973
-69.9946
-69.9919
-69.9891
-69.9863
-69.9835
-69.9807
-69.9778
-69.975
-69.972
-69.9691
-69.9661
-69.9631
-69.9601
-69.957
-69.954
-69.9508
-69.9477
-69.9445
-69.9413
-69.9381
-69.9348
-69.9315
-69.9282
-69.9248
-69.9214
-69.918
-69.9145
-69.911
-69.9075
-69.9039
-69.9003
-69.8967
-69.893
-69.8893
-69.8855
-69.8818
-69.878
-69.8741
-69.8702
-69.8663
-69.8624
-69.8584
-69.8543
-69.8503
-69.8462
-69.842
-69.8379
-69.8337
-69.8294
-69.8251
-69.8208
-69.8164
-69.812
-69.8076
-69.8031
-69.7986
-69.794
-69.7894
-69.7848
-69.7801
-69.7754
-69.7707
-69.7659
-69.7611
-69.7562
-69.7513
-69.7463
-69.7413
-69.7363
-69.7312
-69.7261
-69.721
-69.7158
-69.7106
-69.7053
-69.7
-69.6947
-69.6893
-69.6838
-69.6784
-69.6729
-69.6673
-69.6617
-69.6561
-69.6504
-69.6447
-69.639
-69.6332
-69.6273
-69.6215
-69.6155
-69.6096
-69.6036
-69.5976
-69.5915
-69.5854
-69.5792
-69.573
-69.5668
-69.5605
-69.5542
-69.5478
-69.5414
-69.535
-69.5285
-69.522
-69.5154
-69.5088
-69.5022
-69.4955
-69.4888
-69.4821
-69.4753
-69.4684
-69.4616
-69.4546
-69.4477
-69.4407
-69.4337
-69.4266
-69.4195
-69.4123
-69.4052
-69.3979
-69.3907
-69.3834
-69.376
-69.3687
-69.3612
-69.3538
-69.3463
-69.3388
-69.3312
-69.3236
-69.316
-69.3083
-69.3006
-69.2928
-69.285
-69.2772
-69.2693
-69.2614
-69.2535
-69.2455
-69.2375
-69.2295
-69.2214
-69.2133
-69.2051
-69.197
-69.1887
-69.1805
-69.1722
-69.1639
-69.1555
-69.1472
-69.1387
-69.1303
-69.1218
-69.1133
-69.1047
-69.0961
-69.0875
-69.0789
-69.0702
-69.0615
-69.0527
-69.0439
-69.0351
-69.0263
-69.0174
-69.0085
-68.9996
-68.9906
-68.9817
-68.9726
-68.9636
-68.9545
-68.9454
-68.9363
-68.9271
-68.9179
-68.9087
-68.8994
-68.8901
-68.8808
-68.8715
-68.8621
-68.8527
-68.8433
-68.8339
-68.8244
-68.8149
-68.8054
-68.7958
-68.7863
-68.7767
-68.767
-68.7574
-68.7477
-68.738
-68.7283
-68.7185
-68.7088
-68.699
-68.6891
-68.6793
-68.6694
-68.6596
-68.6496
-68.6397
-68.6298
-68.6198
-68.6098
-68.5998
-68.5897
-68.5797
-68.5696
-68.5595
-68.5494
-68.5393
-68.5291
-68.5189
-68.5087
-68.4985
-68.4883
-68.4781
-68.4678
-68.4575
-68.4472
-68.4369
-68.4266
-68.4162
-68.4058
-68.3955
-68.3851
-68.3746
-68.3642
-68.3538
-68.3433
-68.3328
-68.3223
-68.3118
-68.3013
-68.2908
-68.2802
-68.2697
-68.2591
-68.2485
-68.2379
-68.2273
-68.2167
-68.206
-68.1954
-68.1847
-68.1741
-68.1634
-68.1527
-68.142
-68.1313
-68.1206
-68.1098
-68.0991
-68.0883
-68.0776
-68.0668
-68.056
-68.0453
-68.0345
-68.0237
-68.0129
-68.0021
-67.9912
-67.9804
-67.9696
-67.9588
-67.9479
-67.9371
-67.9262
-67.9154
-67.9045
-67.8936
-67.8827
-67.8719
-67.861
-67.8501
-67.8392
-67.8283
-67.8174
-67.8065
-67.7956
-67.7847
-67.7738
-67.7629
-67.752
-67.741
-67.7301
-67.7192
-67.7083
-67.6974
-67.6864
-67.6755
-67.6646
-67.6537
-67.6427
-67.6318
-67.6209
-67.61
-67.5991
-67.5881
-67.5772
-67.5663
-67.5554
-67.5445
-67.5336
-67.5227
-67.5118
-67.5009
-67.49
-67.4791
-67.4682
-67.4573
-67.3632
-67.19
-66.9418
-66.6229
-66.2378
-65.7907
-65.2861
-64.7281
-64.1211
-63.4691
-62.7763
-62.0465
-61.2834
-60.4907
-59.6716
-58.8293
-57.9667
-57.0863
-56.1904
-55.2811
-54.3598
-53.4276
-52.4854
-51.5331
-50.5705
-49.5964
-48.609
-47.6058
-46.5831
-45.5366
-44.4605
-43.3477
-42.1898
-40.9766
-39.6959
-38.3334
-36.8722
-35.2926
-33.5715
-31.6826
-29.5955
-27.2763
-24.6879
-21.7914
-18.5484
-14.9263
-10.9048
-6.48665
-1.70971
3.34161
8.53075
13.6757
18.5711
23.0226
26.8815
30.0681
32.5746
34.451
35.7821
36.6653
37.1937
37.4476
37.491
37.3731
37.1298
36.7875
36.3648
35.8755
35.3295
34.7342
34.0955
33.418
32.7053
31.9608
31.1872
30.387
29.5625
28.7158
27.8489
26.9635
26.0614
25.1442
24.2135
23.2708
22.3173
21.3544
20.3834
19.4055
18.4216
17.4329
16.4403
15.4447
14.4471
13.4481
12.4485
11.449
10.4503
9.45287
8.45732
7.46413
6.47375
5.48658
4.50302
3.52338
2.54797
1.57707
0.610912
-0.350296
-1.30637
-2.25714
-3.20249
-4.14229
-5.07644
-6.00489
-6.92756
-7.84442
-8.75547
-9.66069
-10.5601
-11.4537
-12.3415
-13.2236
-14.1001
-14.9711
-15.8365
-16.6966
-17.5515
-18.4012
-19.246
-20.0861
-20.9216
-21.7527
-22.5797
-23.4029
-24.2224
-25.0388
-25.8522
-26.6631
-27.4718
-28.2789
-29.0848
-29.8899
-30.695
-31.5005
-32.3071
-33.1154
-33.9263
-34.7403
-35.5584
-36.3813
-37.2098
-38.0449
-38.8875
-39.7383
-40.5983
-41.4684
-42.3493
-43.2419
-44.1467
-45.0644
-45.9953
-46.9396
-47.8973
-48.8681
-49.8511
-50.8454
-51.8493
-52.8609
-53.8774
-54.8957
-55.912
-56.9219
-57.9205
-58.9027
-59.8627
-60.7949
-61.6936
-62.5537
-63.3701
-64.1389
-64.8568
-65.5216
-66.1321
-66.6881
-67.1906
-67.6412
-68.0425
-68.3972
-68.7089
-68.9812
-69.2177
-69.422
-69.5977
-69.7481
-69.8763
-69.9851
-70.0771
-70.1545
-70.2194
-70.2736
-70.3185
-70.3555
-70.3859
-70.4105
-70.4303
-70.446
-70.4582
-70.4674
-70.4742
-70.4788
-70.4817
-70.4831
-70.4832
-70.4823
-70.4804
-70.4779
-70.4747
-70.471
-70.4668
-70.4623
-70.4576
-70.4526
-70.4474
-70.442
-70.4365
-70.431
-70.4254
-70.4197
-70.414
-70.4083
-70.4026
-70.3969
-70.3912
-70.3856
-70.38
-70.3744
-70.3689
-70.3634
-70.358
-70.3527
-70.3474
-70.3421
-70.3369
-70.3318
-70.3268
-70.3218
-70.3168
-70.312
-70.3072
-70.3024
-70.2978
-70.2931
-70.2886
-70.2841
-70.2797
-70.2753
-70.2711
-70.2668
-70.2626
-70.2585
-70.2545
-70.2505
-70.2466
-70.2427
-70.2389
-70.2351
-70.2314
-70.2277
-70.2241
-70.2206
-70.2171
-70.2137
-70.2103
-70.2069
-70.2036
-70.2004
-70.1972
-70.194
-70.1909
-70.1878
-70.1848
-70.1818
-70.1789
-70.176
-70.1731
-70.1703
-70.1676
-70.1648
-70.1621
-70.1594
-70.1568
-70.1542
-70.1517
-70.1491
-70.1466
-70.1442
-70.1417
-70.1393
-70.1369
-70.1346
-70.1323
-70.13
-70.1277
-70.1254
-70.1232
-70.121
-70.1189
-70.1167
-70.0334
-69.8776
-69.6576
-69.3808
-69.0544
-68.6846
-68.2775
-67.8385
-67.3725
-66.8841
-66.3774
-65.8561
-65.3237
-64.7832
-64.2373
-63.6886
-63.1392
-62.5911
-62.0461
-61.5055
-60.9709
-60.4432
-59.9235
-59.4126
-58.9112
-58.4198
-57.9388
-57.4685
-57.0092
-56.5609
-56.1237
-55.6974
-55.2821
-54.8773
-54.483
-54.0988
-53.7243
-53.359
-53.0027
-52.6548
-52.3147
-51.982
-51.656
-51.3363
-51.0223
-50.7133
-50.4087
-50.1079
-49.8103
-49.5153
-49.2222
-48.9304
-48.6392
-48.3481
-48.0562
-47.7631
-47.4679
-47.17
-46.8688
-46.5634
-46.2531
-45.9372
-45.6148
-45.2852
-44.9475
-44.6007
-44.2439
-43.8761
-43.4962
-43.103
-42.6954
-42.2721
-41.8316
-41.3724
-40.893
-40.3917
-39.8665
-39.3157
-38.7369
-38.1282
-37.4869
-36.8108
-36.097
-35.3429
-34.5455
-33.702
-32.8093
-31.8645
-30.8648
-29.8075
-28.6903
-27.5112
-26.269
-24.9632
-23.5944
-22.1644
-20.6766
-19.136
-17.5497
-15.9267
-14.2783
-12.6177
-10.9601
-9.32185
-7.72047
-6.1737
-4.69881
-3.31195
-2.02743
-0.85717
0.189608
1.10663
1.89054
2.54071
3.05894
3.44908
3.71656
3.86803
3.91091
3.85307
3.70256
3.46734
3.15519
2.77348
2.32922
1.8289
1.27857
0.683774
0.0495973
-0.619324
-1.31879
-2.04497
-2.79442
-3.56403
-4.35097
-5.15271
-5.96699
-6.79174
-7.62514
-8.46554
-9.31147
-10.1616
-11.0148
-11.87
-12.7263
-13.5828
-14.4389
-15.2939
-16.1474
-16.9987
-17.8476
-18.6938
-19.5368
-20.3767
-21.2131
-22.0461
-22.8755
-23.7015
-24.524
-25.3431
-26.1591
-26.9721
-27.7823
-28.5901
-29.3959
-30.1999
-31.0026
-31.8046
-32.6063
-33.4082
-34.2111
-35.0154
-35.822
-36.6314
-37.4444
-38.2618
-39.0843
-39.9125
-40.7474
-41.5895
-42.4396
-43.2983
-44.1661
-45.0434
-45.9306
-46.8278
-47.7349
-48.6516
-49.5774
-50.5114
-51.4524
-52.3989
-53.3487
-54.2994
-55.2483
-56.1919
-57.1266
-58.0484
-58.953
-59.8361
-60.6931
-61.5198
-62.3122
-63.0666
-63.7799
-64.4497
-65.0743
-65.6528
-66.185
-66.6714
-67.1132
-67.5121
-67.8703
-68.1902
-68.4747
-68.7264
-68.9483
-69.1432
-69.3137
-69.4626
-69.592
-69.7044
-69.8016
-69.8856
-69.958
-70.0202
-70.0735
-70.1191
-70.1581
-70.1912
-70.2192
-70.243
-70.2629
-70.2795
-70.2934
-70.3048
-70.3141
-70.3215
-70.3274
-70.332
-70.3353
-70.3377
-70.3392
-70.34
-70.3401
-70.3396
-70.3387
-70.3374
-70.3357
-70.3338
-70.3315
-70.3291
-70.3265
-70.3237
-70.3209
-70.3179
-70.3148
-70.3117
-70.3085
-70.3052
-70.302
-70.2987
-70.2954
-70.2921
-70.2888
-70.2855
-70.2822
-70.2789
-70.2757
-70.2724
-70.2692
-70.266
-70.2629
-70.2597
-70.2566
-70.2536
-70.2505
-70.2475
-70.2446
-70.2416
-70.2387
-70.2358
-70.233
-70.2302
-70.2274
-70.2247
-70.222
-70.2193
-70.2167
-70.2141
-70.2115
-70.2089
-70.2064
-70.2039
-70.2015
-70.1991
-70.1967
-70.1943
-70.1919
-70.1896
-70.1873
-70.1851
-70.1828
-70.1806
-70.1784
-70.1762
-70.1741
-70.1719
-70.1698
-70.1677
-70.1656
-70.1636
-70.1616
-70.1595
-70.1575
-70.1555
-70.1536
-70.1516
-70.1497
-70.1477
-70.1458
-70.1439
-70.142
-70.1401
-70.1382
-70.1364
-70.1345
-70.1327
-70.1308
-70.129
-70.1271
-70.1253
-70.1235
-70.1217
-70.1199
-70.118
-70.1162
-70.1144
-70.1126
-70.1108
-70.109
-70.1072
-70.1054
-70.1036
-70.1017
-70.0999
-70.0981
-70.0963
-70.0944
-70.0926
-70.0907
-70.0889
-70.087
-70.0852
-70.0833
-70.0814
-70.0795
-70.0776
-70.0757
-70.0738
-70.0718
-70.0699
-70.0679
-70.0659
-70.0639
-70.0619
-70.0599
-70.0579
-70.0558
-70.0538
-70.0517
-70.0496
-70.0475
-70.0453
-70.0432
-70.041
-70.0388
-70.0366
-70.0344
-70.0322
-70.0299
-70.0276
-70.0253
-70.0229
-70.0206
-70.0182
-70.0158
-70.0134
-70.0109
-70.0084
-70.0059
-70.0034
-70.0009
-69.9983
-69.9957
-69.993
-69.9904
-69.9877
-69.985
-69.9822
-69.9795
-69.9767
-69.9738
-69.971
-69.9681
-69.9652
-69.9622
-69.9592
-69.9562
-69.9532
-69.9501
-69.947
-69.9439
-69.9407
-69.9375
-69.9343
-69.931
-69.9277
-69.9244
-69.921
-69.9176
-69.9141
-69.9107
-69.9072
-69.9036
-69.9
-69.8964
-69.8928
-69.8891
-69.8854
-69.8816
-69.8778
-69.874
-69.8701
-69.8662
-69.8623
-69.8583
-69.8543
-69.8502
-69.8461
-69.842
-69.8378
-69.8336
-69.8294
-69.8251
-69.8208
-69.8164
-69.812
-69.8076
-69.8031
-69.7986
-69.794
-69.7894
-69.7848
-69.7801
-69.7754
-69.7706
-69.7658
-69.761
-69.7561
-69.7512
-69.7462
-69.7412
-69.7362
-69.7311
-69.726
-69.7208
-69.7156
-69.7104
-69.7051
-69.6998
-69.6944
-69.689
-69.6835
-69.6781
-69.6725
-69.667
-69.6613
-69.6557
-69.65
-69.6443
-69.6385
-69.6327
-69.6268
-69.6209
-69.615
-69.609
-69.603
-69.5969
-69.5908
-69.5847
-69.5785
-69.5723
-69.566
-69.5597
-69.5534
-69.547
-69.5406
-69.5341
-69.5276
-69.5211
-69.5145
-69.5078
-69.5012
-69.4945
-69.4877
-69.4809
-69.4741
-69.4673
-69.4603
-69.4534
-69.4464
-69.4394
-69.4323
-69.4252
-69.4181
-69.4109
-69.4037
-69.3965
-69.3892
-69.3818
-69.3745
-69.367
-69.3596
-69.3521
-69.3446
-69.337
-69.3294
-69.3218
-69.3141
-69.3064
-69.2987
-69.2909
-69.2831
-69.2752
-69.2673
-69.2594
-69.2514
-69.2434
-69.2354
-69.2273
-69.2192
-69.2111
-69.2029
-69.1947
-69.1864
-69.1782
-69.1698
-69.1615
-69.1531
-69.1447
-69.1363
-69.1278
-69.1193
-69.1107
-69.1021
-69.0935
-69.0849
-69.0762
-69.0675
-69.0587
-69.05
-69.0412
-69.0323
-69.0235
-69.0146
-69.0056
-68.9967
-68.9877
-68.9787
-68.9696
-68.9606
-68.9515
-68.9423
-68.9332
-68.924
-68.9148
-68.9055
-68.8962
-68.8869
-68.8776
-68.8683
-68.8589
-68.8495
-68.84
-68.8306
-68.8211
-68.8115
-68.802
-68.7924
-68.7828
-68.7732
-68.7636
-68.7539
-68.7442
-68.7345
-68.7248
-68.715
-68.7052
-68.6954
-68.6856
-68.6757
-68.6658
-68.6559
-68.646
-68.6361
-68.6261
-68.6161
-68.6061
-68.5961
-68.586
-68.576
-68.5659
-68.5558
-68.5456
-68.5355
-68.5253
-68.5151
-68.5049
-68.4947
-68.4845
-68.4742
-68.464
-68.4537
-68.4434
-68.433
-68.4227
-68.4123
-68.402
-68.3916
-68.3812
-68.3708
-68.3603
-68.3499
-68.3394
-68.3289
-68.3184
-68.3079
-68.2974
-68.2869
-68.2763
-68.2658
-68.2552
-68.2446
-68.234
-68.2234
-68.2128
-68.2022
-68.1915
-68.1809
-68.1702
-68.1595
-68.1488
-68.1381
-68.1274
-68.1167
-68.106
-68.0953
-68.0845
-68.0738
-68.063
-68.0522
-68.0415
-68.0307
-68.0199
-68.0091
-67.9983
-67.9875
-67.9767
-67.9659
-67.9551
-67.9442
-67.9334
-67.9226
-67.9117
-67.9009
-67.89
-67.8791
-67.8683
-67.8574
-67.8465
-67.8357
-67.8248
-67.8139
-67.803
-67.7921
-67.7812
-67.7704
-67.7595
-67.7486
-67.7377
-67.7268
-67.7159
-67.705
-67.6941
-67.6832
-67.6723
-67.6614
-67.6505
-67.6396
-67.6287
-67.6178
-67.6069
-67.596
-67.5851
-67.5742
-67.5633
-67.5524
-67.5416
-67.5307
-67.5198
-67.5089
-67.4981
-67.4872
-67.4763
-67.4655
-67.4546
-67.4438
-67.4329
-67.4221
-67.4113
-67.4004
-67.3896
-67.3788
-67.368
-67.3572
-67.3464
-67.3356
-67.3248
-67.314
-67.3033
-67.2925
-67.2817
-67.271
-67.2602
-67.2495
-67.2388
-67.228
-67.2173
-67.2066
-67.1959
-67.1852
-67.1746
-67.1639
-67.1532
-67.1426
-67.1319
-67.1213
-67.1107
-67.1001
-67.0895
-67.0789
-67.0683
-67.0578
-67.0472
-67.0367
-67.0261
-67.0156
-67.0051
-66.9946
-66.9841
-66.9737
-66.9632
-66.9528
-66.9424
-66.932
-66.9216
-66.9112
-66.9008
-66.8904
-66.8801
-66.8698
-66.8594
-66.8491
-66.8388
-66.8286
-66.8183
-66.8081
-66.7978
-66.7876
-66.7774
-66.7672
-66.757
-66.7469
-66.7368
-66.7266
-66.7165
-66.7064
-66.6964
-66.6863
-66.6763
-66.6662
-66.6562
-66.6462
-66.6363
-66.6263
-66.6164
-66.6065
-66.5966
-66.5867
-66.5768
-66.567
-66.5571
-66.5473
-66.5376
-66.5278
-66.518
-66.5083
-66.4986
-66.4889
-66.4792
-66.4696
-66.46
-66.4504
-66.4408
-66.4312
-66.4217
-66.4121
-66.4026
-66.3931
-66.3837
-66.3742
-66.3648
-66.3554
-66.346
-66.3367
-66.3273
-66.318
-66.3087
-66.2994
-66.2902
-66.2809
-66.2717
-66.2625
-66.2534
-66.2442
-66.2351
-66.226
-66.2169
-66.2079
-66.1988
-66.1898
-66.1808
-66.1719
-66.1629
-66.154
-66.1451
-66.1363
-66.1274
-66.1186
-66.1098
-66.101
-66.0923
-66.0836
-66.0749
-66.0662
-66.0575
-66.0489
-66.0403
-66.0318
-66.0232
-66.0147
-66.0062
-65.9977
-65.9893
-65.9809
-65.9725
-65.9641
-65.9558
-65.9475
-65.9392
-65.9309
-65.9227
-65.9145
-65.9063
-65.8981
-65.89
-65.8819
-65.8738
-65.8657
-65.8577
-65.8497
-65.8417
-65.8338
-65.8259
-65.818
-65.8101
-65.8022
-65.7944
-65.7866
-65.7789
-65.7711
-65.7634
-65.7557
-65.7481
-65.7405
-65.7329
-65.7253
-65.7178
-65.7102
-65.7027
-65.6953
-65.6879
-65.6805
-65.6731
-65.6657
-65.6584
-65.6511
-65.6439
-65.6366
-65.6294
-65.6222
-65.6151
-65.608
-65.6009
-65.5938
-65.5868
-65.5798
-65.5728
-65.5659
-65.559
-65.5521
-65.5452
-65.5384
-65.5316
-65.5249
-65.5181
-65.5114
-65.5048
-65.4981
-65.4915
-65.4849
-65.4784
-65.4719
-65.4654
-65.4589
-65.4525
-65.4461
-65.4397
-65.4334
-65.4271
-65.4208
-65.4145
-65.4083
-65.4021
-65.3959
-65.3898
-65.3837
-65.3776
-65.3716
-65.3656
-65.3596
-65.3536
-65.3477
-65.3418
-65.3359
-65.3301
-65.3243
-65.3185
-65.3128
-65.3071
-65.3014
-65.2957
-65.2901
-65.2845
-65.279
-65.2734
-65.2679
-65.2625
-65.257
-65.2516
-65.2462
-65.2409
-65.2356
-65.2303
-65.225
-65.2198
-65.2146
-65.2094
-65.2043
-65.1992
-65.1941
-65.1891
-65.1841
-65.1791
-65.1741
-65.1692
-65.1643
-65.1595
-65.1547
-65.1499
-65.1451
-65.1404
-65.1357
-65.131
-65.1264
-65.1218
-65.1172
-65.1126
-65.1081
-65.1037
-65.0992
-65.0948
-65.0904
-65.086
-65.0817
-65.0774
-65.0732
-65.0689
-65.0647
-65.0606
-65.0564
-65.0523
-65.0482
-65.0442
-65.0402
-65.0362
-65.0323
-65.0283
-65.0245
-65.0206
-65.0168
-65.013
-65.0092
-65.0055
-65.0018
-64.9981
-64.9945
-64.9909
-64.9873
-64.9837
-64.9802
-64.9767
-64.9733
-64.9698
-64.9664
-64.9631
-64.9597
-64.9564
-64.9532
-64.9499
-64.9467
-64.9435
-64.9403
-64.9372
-64.9341
-64.931
-64.928
-64.925
-64.922
-64.919
-64.9161
-64.9132
-64.9103
-64.9075
-64.9047
-64.9019
-64.8991
-64.8964
-64.8937
-64.8911
-64.8884
-64.8858
-64.8832
-64.8807
-64.8781
-64.8756
-64.8732
-64.8707
-64.8683
-64.8659
-64.8636
-64.8612
-64.8589
-64.8566
-64.8544
-64.8522
-64.85
-64.8478
-64.8457
-64.8436
-64.8415
-64.8394
-64.8374
-64.8354
-64.8334
-64.8315
-64.8295
-64.8276
-64.8258
-64.8239
-64.8221
-64.8203
-64.8186
-64.8168
-64.8151
-64.8134
-64.8118
-64.8101
-64.8085
-64.8069
-64.8054
-64.8038
-64.8023
-64.8009
-64.7994
-64.798
-64.7966
-64.7952
-64.7938
-64.7925
-64.7912
-64.7899
-64.7887
-64.7874
-64.7862
-64.785
-64.7839
-64.7827
-64.7816
-64.7805
-64.7795
-64.7784
-64.7774
-64.7764
-64.7754
-64.7745
-64.7736
-64.7727
-64.7718
-64.7709
-64.7701
-64.7693
-64.7685
-64.7677
-64.767
-64.7663
-64.7656
-64.7649
-64.7642
-64.7636
-64.763
-64.7624
-64.7618
-64.7613
-64.7607
-64.7602
-64.7597
-64.7593
-64.7588
-64.7584
-64.758
-64.7576
-64.7572
-64.7569
-64.7566
-64.7563
-64.756
-64.7557
-64.7554
-64.7552
-64.755
-64.7548
-64.7546
-64.7545
-64.7543
-64.7542
-64.7541
-64.754
-64.754
-64.7539
-64.7539
-64.7539
-64.7539
-64.7539
-64.754
-64.754
-64.7541
-64.7542
-64.7543
-64.7544
-64.7545
-64.7547
-64.7549
-64.7551
-64.7553
-64.7555
-64.7557

