-65
-64.9994
-64.9988
-64.9982
-64.9977
-64.9971
-64.9965
-64.996
-64.9954
-64.9949
-64.9943
-64.9938
-64.9932
-64.9927
-64.9922
-64.9917
-64.9912
-64.9906
-64.9901
-64.9896
-64.9891
-64.9886
-64.9881
-64.9876
-64.9872
-64.9867
-64.9862
-64.9857
-64.9852
-64.9848
-64.9843
-64.9838
-64.9834
-64.9829
-64.9825
-64.982
-64.9816
-64.9811
-64.9807
-64.9802
-64.9798
-64.9794
-64.9789
-64.9785
-64.9781
-64.9777
-64.9772
-64.9768
-64.9764
-64.976
-64.9756
-64.9752
-64.9748
-64.9744
-64.974
-64.9736
-64.9732
-64.9728
-64.9725
-64.9721
-64.9717
-64.9713
-64.971
-64.9706
-64.9702
-64.9699
-64.9695
-64.9692
-64.9688
-64.9685
-64.9681
-64.9678
-64.9675
-64.9671
-64.9668
-64.9665
-64.9661
-64.9658
-64.9655
-64.9652
-64.9649
-64.9646
-64.9642
-64.9639
-64.9636
-64.9633
-64.963
-64.9628
-64.9625
-64.9622
-64.9619
-64.9616
-64.9613
-64.9611
-64.9608
-64.9605
-64.9603
-64.96
-64.9598
-64.9595
-64.9592
-64.959
-64.9588
-64.9585
-64.9583
-64.958
-64.9578
-64.9576
-64.9573
-64.9571
-64.9569
-64.9567
-64.9565
-64.9562
-64.956
-64.9558
-64.9556
-64.9554
-64.9552
-64.955
-64.9548
-64.9546
-64.9545
-64.9543
-64.9541
-64.9539
-64.9537
-64.9536
-64.9534
-64.9532
-64.9531
-64.9529
-64.9527
-64.9526
-64.9524
-64.9523
-64.9521
-64.952
-64.9519
-64.9517
-64.9516
-64.9514
-64.9513
-64.9512
-64.9511
-64.9509
-64.9508
-64.9507
-64.9506
-64.9505
-64.9504
-64.9503
-64.9502
-64.95
-64.9499
-64.9499
-64.9498
-64.9497
-64.9496
-64.9495
-64.9494
-64.9493
-64.9492
-64.9492
-64.9491
-64.949
-64.9489
-64.9489
-64.9488
-64.9487
-64.9487
-64.9486
-64.9486
-64.9485
-64.9485
-64.9484
-64.9484
-64.9483
-64.9483
-64.9482
-64.9482
-64.9482
-64.9481
-64.9481
-64.9481
-64.948
-64.948
-64.948
-64.948
-64.948
-64.9479
-64.9479
-64.9479
-64.9479
-64.9479
-64.9479
-64.9479
-64.9479
-64.9479
-64.9479
-64.9479
-64.9479
-64.9479
-64.9479
-64.9479
-64.9479
-64.9479
-64.9479
-64.948
-64.948
-64.948
-64.948
-64.9481
-64.9481
-64.9481
-64.9481
-64.9482
-64.9482
-64.9482
-64.9483
-64.9483
-64.9483
-64.9484
-64.9484
-64.9485
-64.9485
-64.9486
-64.9486
-64.9487
-64.9487
-64.9488
-64.9488
-64.9489
-64.9489
-64.949
-64.9491
-64.9491
-64.9492
-64.9492
-64.9493
-64.9494
-64.9494
-64.9495
-64.9496
-64.9497
-64.9497
-64.9498
-64.9499
-64.95
-64.95
-64.9501
-64.9502
-64.9503
-64.9504
-64.9504
-64.9505
-64.9506
-64.9507
-64.9508
-64.9509
-64.951
-64.951
-64.9511
-64.9512
-64.9513
-64.9514
-64.9515
-64.9516
-64.9517
-64.9518
-64.9519
-64.952
-64.9521
-64.9522
-64.9523
-64.9524
-64.9525
-64.9526
-64.9527
-64.9528
-64.9529
-64.953
-64.9532
-64.9533
-64.9534
-64.9535
-64.9536
-64.9537
-64.9538
-64.9539
-64.954
-64.9542
-64.9543
-64.9544
-64.9545
-64.9546
-64.9547
-64.9548
-64.955
-64.9551
-64.9552
-64.9553
-64.9554
-64.9556
-64.9557
-64.9558
-64.9559
-64.956
-64.9562
-64.9563
-64.9564
-64.9565
-64.9566
-64.9568
-64.9569
-64.957
-64.9571
-64.9573
-64.9574
-64.9575
-64.9576
-64.9578
-64.9579
-64.958
-64.9581
-64.9583
-64.9584
-64.9585
-64.9587
-64.9588
-64.9589
-64.959
-64.9592
-64.9593
-64.9594
-64.9595
-64.9597
-64.9598
-64.9599
-64.96
-64.9602
-64.9603
-64.9604
-64.9606
-64.9607
-64.9608
-64.9609
-64.9611
-64.9612
-64.9613
-64.9614
-64.9616
-64.9617
-64.9618
-64.962
-64.9621
-64.9622
-64.9623
-64.9625
-64.9626
-64.9627
-64.9628
-64.963
-64.9631
-64.9632
-64.9633
-64.9635
-64.9636
-64.9637
-64.9638
-64.964
-64.9641
-64.9642
-64.9643
-64.9645
-64.9646
-64.9647
-64.9648
-64.9649
-64.9651
-64.9652
-64.9653
-64.9654
-64.9655
-64.9657
-64.9658
-64.9659
-64.966
-64.9661
-64.9663
-64.9664
-64.9665
-64.9666
-64.9667
-64.9668
-64.967
-64.9671
-64.9672
-64.9673
-64.9674
-64.9675
-64.9677
-64.9678
-64.9679
-64.968
-64.9681
-64.9682
-64.9683
-64.9684
-64.9685
-64.9687
-64.9688
-64.9689
-64.969
-64.9691
-64.9692
-64.9693
-64.9694
-64.9695
-64.9696
-64.9697
-64.9698
-64.9699
-64.97
-64.9701
-64.9702
-64.9703
-64.9704
-64.9705
-64.9706
-64.9707
-64.9708
-64.9709
-64.971
-64.9711
-64.9712
-64.9713
-64.9714
-64.9715
-64.9716
-64.9717
-64.9718
-64.9719
-64.972
-64.9721
-64.9722
-64.9722
-64.9723
-64.9724
-64.9725
-64.9726
-64.9727
-64.9728
-64.9729
-64.9729
-64.973
-64.9731
-64.9732
-64.9733
-64.9734
-64.9734
-64.9735
-64.9736
-64.9737
-64.9738
-64.9738
-64.9739
-64.974
-64.9741
-64.9741
-64.9742
-64.9743
-64.9744
-64.9744
-64.9745
-64.9746
-64.9747
-64.9747
-64.9748
-64.9749
-64.9749
-64.975
-64.9751
-64.9751
-64.9752
-64.9753
-64.9753
-64.9754
-64.9755
-64.9755
-64.9756
-64.9757
-64.9757
-64.9758
-64.9758
-64.9759
-64.976
-64.976
-64.9761
-64.9761
-64.9762
-64.9762
-64.9763
-64.9764
-64.9764
-64.9765
-64.9765
-64.9766
-64.9766
-64.9767
-64.9767
-64.9768
-64.9768
-64.9769
-64.9769
-64.977
-64.977
-64.9771
-64.9771
-64.9771
-64.9772
-64.9772
-64.9773
-64.9773
-64.9774
-64.9774
-64.9774
-64.9775
-64.9775
-64.9776
-64.9776
-64.9776
-64.9777
-64.9777
-64.9778
-64.9778
-64.9778
-64.9779
-64.9779
-64.9779
-64.978
-64.978
-64.978
-64.9781
-64.9781
-64.9781
-64.9781
-64.9782
-64.9782
-64.9782
-64.9783
-64.9783
-64.9783
-64.9783
-64.9784
-64.9784
-64.9784
-64.9784
-64.9785
-64.9785
-64.9785
-64.9785
-64.9785
-64.9786
-64.9786
-64.9786
-64.9786
-64.9786
-64.9787
-64.9787
-64.9787
-64.9787
-64.9787
-64.9787
-64.9787
-64.9788
-64.9788
-64.9788
-64.9788
-64.9788
-64.9788
-64.9788
-64.9789
-64.9789
-64.9789
-64.9789
-64.9789
-64.9789
-64.9789
-64.9789
-64.9789
-64.9789
-64.9789
-64.9789
-64.9789
-64.979
-64.979
-64.979
-64.979
-64.979
-64.979
-64.979
-64.979
-64.979
-64.979
-64.979
-64.979
-64.979
-64.979
-64.979
-64.979
-64.979
-64.979
-64.979
-64.979
-64.979
-64.979
-64.979
-64.979
-64.979
-64.979
-64.979
-64.9789
-64.9789
-64.9789
-64.9789
-64.9789
-64.9789
-64.9789
-64.9789
-64.9789
-64.9789
-64.9789
-64.9789
-64.9789
-64.9789
-64.9788
-64.9788
-64.9788
-64.9788
-64.9788
-64.9788
-64.9788
-64.9788
-64.9788
-64.9787
-64.9787
-64.9787
-64.9787
-64.9787
-64.9787
-64.9787
-64.9787
-64.9786
-64.9786
-64.9786
-64.9786
-64.9786
-64.9786
-64.9786
-64.9785
-64.9785
-64.9785
-64.9785
-64.9785
-64.9785
-64.9784
-64.9784
-64.9784
-64.9784
-64.9784
-64.9783
-64.9783
-64.9783
-64.9783
-64.9783
-64.9783
-64.9782
-64.9782
-64.9782
-64.9782
-64.9782
-64.9781
-64.9781
-64.9781
-64.9781
-64.9781
-64.978
-64.978
-64.978
-64.978
-64.9779
-64.9779
-64.9779
-64.9779
-64.9779
-64.9778
-64.9778
-64.9778
-64.9778
-64.9778
-64.9777
-64.9777
-64.9777
-64.9777
-64.9776
-64.9776
-64.9776
-64.9776
-64.9775
-64.9775
-64.9775
-64.9775
-64.9774
-64.9774
-64.9774
-64.9774
-64.9774
-64.9773
-64.9773
-64.9773
-64.9773
-64.9772
-64.9772
-64.9772
-64.9772
-64.9771
-64.9771
-64.9771
-64.9771
-64.977
-64.977
-64.977
-64.977
-64.9769
-64.9769
-64.9769
-64.9769
-64.9768
-64.9768
-64.9768
-64.9768
-64.9767
-64.9767
-64.9767
-64.9767
-64.9766
-64.9766
-64.9766
-64.9766
-64.9765
-64.9765
-64.9765
-64.9765
-64.9764
-64.9764
-64.9764
-64.9764
-64.9763
-64.9763
-64.9763
-64.9763
-64.9762
-64.9762
-64.9762
-64.9762
-64.9761
-64.9761
-64.9761
-64.9761
-64.976
-64.976
-64.976
-64.976
-64.9759
-64.9759
-64.9759
-64.9759
-64.9758
-64.9758
-64.9758
-64.9758
-64.9757
-64.9757
-64.9757
-64.9757
-64.9756
-64.9756
-64.9756
-64.9756
-64.9755
-64.9755
-64.9755
-64.9755
-64.9754
-64.9754
-64.9754
-64.9754
-64.9753
-64.9753
-64.9753
-64.9753
-64.9753
-64.9752
-64.9752
-64.9752
-64.9752
-64.9751
-64.9751
-64.9751
-64.9751
-64.975
-64.975
-64.975
-64.975
-64.975
-64.9749
-64.9749
-64.9749
-64.9749
-64.9748
-64.9748
-64.9748
-64.9748
-64.9748
-64.9747
-64.9747
-64.9747
-64.9747
-64.9747
-64.9746
-64.9746
-64.9746
-64.9746
-64.9746
-64.9745
-64.9745
-64.9745
-64.9745
-64.9745
-64.9744
-64.9744
-64.9744
-64.9744
-64.9744
-64.9743
-64.9743
-64.9743
-64.9743
-64.9743
-64.9742
-64.9742
-64.9742
-64.9742
-64.9742
-64.9742
-64.9741
-64.9741
-64.9741
-64.9741
-64.9741
-64.9741
-64.974
-64.974
-64.974
-64.974
-64.974
-64.974
-64.9739
-64.9739
-64.9739
-64.9739
-64.9739
-64.9739
-64.9738
-64.9738
-64.9738
-64.9738
-64.9738
-64.9738
-64.9737
-64.9737
-64.9737
-64.9737
-64.9737
-64.9737
-64.9737
-64.9736
-64.9736
-64.9736
-64.9736
-64.9736
-64.9736
-64.9736
-64.9736
-64.9735
-64.9735
-64.9735
-64.9735
-64.9735
-64.9735
-64.9735
-64.9735
-64.9734
-64.9734
-64.9734
-64.9734
-64.9734
-64.9734
-64.9734
-64.9734
-64.9733
-64.9733
-64.9733
-64.9733
-64.9733
-64.9733
-64.9733
-64.9733
-64.9733
-64.9733
-64.9732
-64.9732
-64.9732
-64.9732
-64.9732
-64.9732
-64.9732
-64.9732
-64.9732
-64.9732
-64.9732
-64.9731
-64.9731
-64.9731
-64.9731
-64.9731
-64.9731
-64.9731
-64.9731
-64.9731
-64.9731
-64.9731
-64.9731
-64.9731
-64.973
-64.973
-64.973
-64.973
-64.973
-64.973
-64.973
-64.973
-64.973
-64.973
-64.973
-64.973
-64.973
-64.973
-64.973
-64.973
-64.973
-64.9729
-64.9729
-64.9729
-64.9729
-64.9729
-64.9729
-64.9729
-64.9729
-64.9729
-64.9729
-64.9729
-64.9729
-64.9729
-64.9729
-64.9729
-64.9729
-64.9729
-64.9729
-64.9729
-64.9729
-64.9729
-64.9729
-64.9729
-64.9729
-64.9729
-64.9729
-64.9728
-64.9728
-64.9728
-64.9728
-64.9728
-64.9728
-64.9728
-64.9728
-64.9728
-64.9728
-64.9728
-64.9728
-64.9728
-64.9728
-64.9728
-64.9728
-64.9728
-64.9728
-64.9728
-64.9728
-64.9728
-64.9728
-64.9728
-64.9728
-64.9728
-64.9728
-64.9728
-64.9728
-64.9728
-64.9728
-64.9728
-64.9728
-64.9728
-64.9728
-64.9728
-64.9728
-64.9728
-64.9728
-64.9728
-64.9728
-64.9728
-64.9728
-64.9728
-64.9728
-64.9728
-64.9728
-64.9728
-64.9728
-64.9728
-64.9728
-64.9728
-64.9728
-64.9728
-64.9728
-64.9728
-64.9728
-64.9728
-64.9728
-64.9728
-64.9729
-64.9729
-64.9729
-64.9729
-64.9729
-64.9729
-64.9729
-64.9729
-64.9729
-64.9729
-64.9729
-64.9729
-64.9729
-64.9729
-64.9729
-64.9729
-64.9729
-64.9729
-64.9729
-64.9729
-64.9729
-64.9729
-64.9729
-64.9729
-64.9729
-64.9729
-64.9729
-64.9729
-64.9729
-64.9729
-64.9729
-64.9729
-64.9729
-64.9729
-64.973
-64.973
-64.973
-64.973
-64.973
-64.973
-64.973
-64.973
-64.973
-64.973
-64.973
-64.973
-64.973
-64.973
-64.973
-64.973
-64.973
-64.973
-64.973
-64.973
-64.973
-64.973
-64.973
-64.973
-64.9731
-64.9731
-64.9731
-64.9731
-64.9731
-64.9731
-64.9731
-64.9731
-64.9731
-64.9731
-64.9731
-64.9731
-64.9731
-64.9731
-64.9731
-64.9731
-64.9731
-64.9731
-64.9731
-64.9731
-64.9731
-64.9732
-64.9732
-64.9732
-64.9732
-64.9732
-64.9732
-64.9732
-64.9732
-64.9732
-64.9732
-64.9732
-64.9732
-64.9732
-64.9732
-64.9732
-64.9732
-64.9732
-64.9732
-64.9732
-64.9732
-64.9733
-64.9733
-64.9733
-64.9733
-64.9733
-64.9733
-64.9733
-64.9733
-64.9733
-64.9733
-64.9733
-64.9733
-64.9733
-64.9733
-64.9733
-64.9733
-64.9733
-64.9733
-64.9733
-64.9733
-64.9734
-64.9734
-64.9734
-64.9734
-64.9734
-64.9734
-64.9734
-64.9734
-64.9734
-64.9734
-64.9734
-64.9734
-64.9734
-64.9734
-64.9734
-64.9734
-64.9734
-64.9734
-64.9734
-64.9734
-64.9735
-64.9735
-64.9735
-64.9735
-64.9735
-64.9735
-64.9735
-64.9735
-64.9735
-64.9735
-64.9735
-64.9735
-64.9735
-64.9735
-64.9735
-64.9735
-64.9735
-64.9735
-64.9735
-64.9735
-64.9736
-64.9736
-64.9736
-64.9736
-64.9736
-64.9736
-64.9736
-64.9736
-64.9736
-64.9736
-64.9736
-64.9736
-64.9736
-64.9736
-64.9736
-64.9736
-64.9736
-64.9736
-64.9736
-64.9736
-64.9736
-64.9736
-64.9737
-64.9737
-64.9737
-64.9737
-64.9737
-64.9737
-64.9737
-64.9737
-64.9737
-64.9737
-64.9737
-64.9737
-64.9737
-64.9737
-64.9737
-64.9737
-64.9737
-64.9737
-64.9737
-64.9737
-64.9737
-64.9737
-64.9737
-64.9737
-64.9738
-64.8935
-64.7366
-64.5072
-64.2091
-63.8464
-63.423
-62.943
-62.4103
-61.8287
-61.2021
-60.5342
-59.8283
-59.088
-58.3162
-57.5159
-56.6897
-55.8398
-54.9682
-54.0765
-53.1658
-52.2365
-51.2889
-50.3223
-49.3352
-48.3257
-47.2905
-46.2254
-45.1251
-43.9827
-42.7898
-41.536
-40.2089
-38.7935
-37.2717
-35.6225
-33.8208
-31.8373
-29.6383
-27.1855
-24.4363
-21.3461
-17.8708
-13.9729
-9.63113
-4.85357
0.306705
5.73773
11.2647
16.6638
21.6961
26.1539
29.8999
32.8863
35.1458
36.7665
37.8609
38.5416
38.9072
39.0368
38.9896
38.8087
38.5245
38.158
37.7243
37.2338
36.694
36.1107
35.4884
34.8305
34.1402
33.4198
32.6718
31.8983
31.1011
30.2821
29.443
28.5855
27.711
26.821
25.917
25.0002
24.0721
23.1337
22.1864
21.2311
20.2689
19.3009
18.328
17.3511
16.371
15.3885
14.4044
13.4193
12.4339
11.4488
10.4646
9.48183
8.50087
7.52222
6.54627
5.57339
4.60392
3.63816
2.67638
1.71883
0.765725
-0.182743
-1.1264
-2.06511
-2.99873
-3.92717
-4.85034
-5.76817
-6.68062
-7.58765
-8.48923
-9.38534
-10.276
-11.1613
-12.0411
-12.9157
-13.7849
-14.6489
-15.5078
-16.3617
-17.2107
-18.0549
-18.8945
-19.7296
-20.5604
-21.3872
-22.2101
-23.0293
-23.8453
-24.6582
-25.4685
-26.2763
-27.0823
-27.8867
-28.69
-29.4928
-30.2955
-31.0988
-31.9033
-32.7096
-33.5184
-34.3304
-35.1466
-35.9675
-36.7942
-37.6274
-38.4681
-39.3172
-40.1755
-41.044
-41.9236
-42.815
-43.7189
-44.6361
-45.567
-46.5119
-47.4709
-48.4438
-49.4301
-50.4289
-51.4387
-52.4578
-53.4836
-54.5132
-55.5428
-56.5682
-57.5847
-58.5867
-59.5687
-60.5248
-61.4491
-62.3358
-63.1797
-63.9762
-64.7217
-65.4134
-66.0497
-66.6301
-67.1552
-67.6265
-68.0463
-68.4176
-68.7437
-69.0284
-69.2755
-69.4888
-69.672
-69.8285
-69.9617
-70.0745
-70.1697
-70.2496
-70.3164
-70.372
-70.418
-70.4558
-70.4866
-70.5115
-70.5314
-70.5471
-70.5592
-70.5683
-70.5749
-70.5793
-70.5819
-70.5829
-70.5827
-70.5815
-70.5793
-70.5764
-70.5729
-70.5689
-70.5644
-70.5596
-70.5545
-70.5492
-70.5436
-70.538
-70.5322
-70.5264
-70.5204
-70.5145
-70.5085
-70.5025
-70.4965
-70.4906
-70.4846
-70.4787
-70.4728
-70.467
-70.4612
-70.4555
-70.4498
-70.4441
-70.4386
-70.4331
-70.4276
-70.4222
-70.4169
-70.4116
-70.4064
-70.4013
-70.3963
-70.3913
-70.3863
-70.3814
-70.3766
-70.3719
-70.3672
-70.3626
-70.358
-70.3536
-70.3491
-70.3448
-70.3404
-70.3362
-70.332
-70.3279
-70.3238
-70.3198
-70.3158
-70.3119
-70.308
-70.3042
-70.3005
-70.2968
-70.2931
-70.2895
-70.286
-70.2824
-70.279
-70.2756
-70.2722
-70.2689
-70.2656
-70.2624
-70.2592
-70.256
-70.2529
-70.2499
-70.2468
-70.2438
-70.2409
-70.238
-70.2351
-70.2322
-70.2294
-70.2267
-70.2239
-70.2212
-70.2185
-70.2158
-70.2132
-70.2106
-70.2081
-70.2055
-70.203
-70.2005
-70.198
-70.1956
-70.1932
-70.1908
-70.1884
-70.1861
-70.1837
-70.1814
-70.1791
-70.1768
-70.1746
-70.1723
-70.1701
-70.1679
-70.1657
-70.1635
-70.1614
-70.1592
-70.157
-70.1549
-70.1528
-70.1507
-70.1486
-70.1465
-70.1444
-70.1423
-70.1402
-70.1381
-70.1361
-70.134
-70.1319
-70.1299
-70.1278
-70.1258
-70.1237
-70.1217
-70.1196
-70.1176
-70.1155
-70.1134
-70.1114
-70.1093
-70.1073
-70.1052
-70.1031
-70.101
-70.099
-70.0969
-70.0948
-70.0927
-70.0905
-70.0884
-70.0863
-70.0841
-70.082
-70.0798
-70.0776
-70.0755
-70.0733
-70.071
-70.0688
-70.0666
-70.0643
-70.062
-70.0598
-70.0575
-70.0551
-70.0528
-70.0505
-70.0481
-70.0457
-70.0433
-70.0409
-70.0384
-70.036
-70.0335
-70.031
-70.0284
-70.0259
-70.0233
-70.0207
-70.0181
-70.0155
-70.0128
-70.0101
-70.0074
-70.0047
-70.0019
-69.9991
-69.9963
-69.9935
-69.9906
-69.9877
-69.9848
-69.9818
-69.9788
-69.9758
-69.9728
-69.9697
-69.9667
-69.9635
-69.9604
-69.9572
-69.954
-69.9507
-69.9475
-69.9442
-69.9408
-69.9374
-69.934
-69.9306
-69.9271
-69.9236
-69.9201
-69.9165
-69.9129
-69.9093
-69.9056
-69.9019
-69.8982
-69.8944
-69.8906
-69.8868
-69.8829
-69.879
-69.875
-69.871
-69.867
-69.863
-69.8589
-69.8547
-69.8506
-69.8464
-69.8421
-69.8378
-69.8335
-69.8291
-69.8248
-69.8203
-69.8158
-69.8113
-69.8068
-69.8022
-69.7976
-69.7929
-69.7882
-69.7835
-69.7787
-69.7739
-69.769
-69.7641
-69.7592
-69.7542
-69.7492
-69.7441
-69.739
-69.7339
-69.7287
-69.7235
-69.7182
-69.7129
-69.7076
-69.7022
-69.6968
-69.6913
-69.6858
-69.6803
-69.6747
-69.6691
-69.6634
-69.6577
-69.652
-69.6462
-69.6404
-69.6345
-69.6286
-69.6227
-69.6167
-69.6107
-69.6046
-69.5985
-69.5924
-69.5862
-69.58
-69.5737
-69.5674
-69.561
-69.5547
-69.5482
-69.5418
-69.5353
-69.5287
-69.5221
-69.5155
-69.5088
-69.5021
-69.4954
-69.4886
-69.4818
-69.4749
-69.468
-69.4611
-69.4541
-69.4471
-69.44
-69.4329
-69.4258
-69.4186
-69.4114
-69.4042
-69.3969
-69.3896
-69.3822
-69.3748
-69.3674
-69.3599
-69.3524
-69.3448
-69.3372
-69.3296
-69.3219
-69.3142
-69.3065
-69.2987
-69.2909
-69.283
-69.2751
-69.2672
-69.2593
-69.2513
-69.2432
-69.2352
-69.2271
-69.2189
-69.2108
-69.2026
-69.1943
-69.186
-69.1777
-69.1694
-69.161
-69.1526
-69.1442
-69.1357
-69.1272
-69.1186
-69.1101
-69.1014
-69.0928
-69.0841
-69.0754
-69.0667
-69.0579
-69.0491
-69.0403
-69.0314
-69.0225
-69.0136
-69.0047
-68.9957
-68.9867
-68.9776
-68.9686
-68.9595
-68.9503
-68.9412
-68.932
-68.9228
-68.9135
-68.9042
-68.8949
-68.8856
-68.8763
-68.8669
-68.8575
-68.848
-68.8386
-68.8291
-68.8195
-68.81
-68.8004
-68.7908
-68.7812
-68.7716
-68.7619
-68.7522
-68.7425
-68.7327
-68.723
-68.7132
-68.7034
-68.6935
-68.6837
-68.6738
-68.6639
-68.6539
-68.644
-68.634
-68.624
-68.614
-68.604
-68.5939
-68.5838
-68.5737
-68.5636
-68.5535
-68.5433
-68.5332
-68.523
-68.5128
-68.5025
-68.4923
-68.482
-68.4717
-68.4614
-68.4511
-68.4408
-68.4304
-68.4201
-68.4097
-68.3993
-68.3888
-68.3784
-68.368
-68.3575
-68.347
-68.3365
-68.326
-68.3155
-68.305
-68.2944
-68.2838
-68.2733
-68.2627
-68.2521
-68.2415
-68.2308
-68.2202
-68.2095
-68.1989
-68.1882
-68.1775
-68.1668
-68.1561
-68.1454
-68.1347
-68.1239
-68.1132
-68.1024
-68.0916
-68.0809
-68.0701
-68.0593
-68.0485
-68.0377
-68.0269
-68.0161
-68.0052
-67.9944
-67.9836
-67.9727
-67.9619
-67.951
-67.9401
-67.9293
-67.9184
-67.9075
-67.8966
-67.8857
-67.8748
-67.8639
-67.853
-67.8421
-67.8312
-67.8203
-67.8094
-67.7985
-67.7876
-67.7766
-67.7657
-67.7548
-67.7438
-67.7329
-67.722
-67.711
-67.7001
-67.6892
-67.6782
-67.6673
-67.6563
-67.6454
-67.6345
-67.6235
-67.6126
-67.6017
-67.5907
-67.5798
-67.5689
-67.5579
-67.547
-67.5361
-67.5252
-67.5143
-67.5034
-67.4924
-67.4815
-67.4706
-67.4598
-67.4489
-67.438
-67.4271
-67.4162
-67.4053
-67.3945
-67.3836
-67.3728
-67.3619
-67.3511
-67.3402
-67.3294
-67.3185
-67.3077
-67.2969
-67.2861
-67.2753
-67.2645
-67.2537
-67.2429
-67.2322
-67.2214
-67.2106
-67.1999
-67.1892
-67.1784
-67.1677
-67.157
-67.1463
-67.1356
-67.1249
-67.1142
-67.1036
-67.0929
-67.0823
-67.0717
-67.061
-67.0504
-67.0398
-67.0293
-67.0187
-67.0081
-66.9976
-66.987
-66.9765
-66.966
-66.9555
-66.945
-66.9346
-66.9241
-66.9137
-66.9032
-66.8928
-66.8824
-66.872
-66.8616
-66.8513
-66.8409
-66.8306
-66.8203
-66.81
-66.7997
-66.7894
-66.7791
-66.7689
-66.7587
-66.7484
-66.7382
-66.7281
-66.7179
-66.7077
-66.6976
-66.6875
-66.6774
-66.6673
-66.6572
-66.6472
-66.6371
-66.6271
-66.6171
-66.6071
-66.5972
-66.5872
-66.5773
-66.5674
-66.5575
-66.5476
-66.5378
-66.5279
-66.5181
-66.5083
-66.4986
-66.4888
-66.4791
-66.4694
-66.4597
-66.45
-66.4404
-66.4307
-66.4211
-66.4115
-66.4019
-66.3924
-66.3829
-66.3734
-66.3639
-66.3544
-66.3449
-66.3355
-66.3261
-66.3167
-66.3074
-66.298
-66.2887
-66.2794
-66.1882
-66.019
-65.7759
-65.4629
-65.0842
-64.644
-64.1464
-63.5956
-62.9955
-62.3503
-61.6636
-60.9394
-60.181
-59.3919
-58.5752
-57.7338
-56.8703
-55.987
-55.0858
-54.1684
-53.2357
-52.2885
-51.3268
-50.3499
-49.3567
-48.3451
-47.3121
-46.2536
-45.1645
-44.0383
-42.867
-41.6408
-40.3478
-38.974
-37.5026
-35.9138
-34.1842
-32.2867
-30.1899
-27.8583
-25.2523
-22.3296
-19.0474
-15.3676
-11.264
-6.73321
-1.8092
3.42325
8.82046
14.1857
19.2936
23.929
27.9287
31.2073
33.7613
35.6512
36.9743
37.8392
38.3473
38.5837
38.6153
38.4918
38.249
37.9124
37.4999
37.0243
36.4947
35.9181
35.2995
34.6431
33.9523
33.23
32.4787
31.7008
30.8982
30.0731
29.2271
28.362
27.4795
26.581
25.6682
24.7423
23.8048
22.857
21.9
20.935
19.9631
18.9854
18.0029
17.0164
16.0269
15.0351
14.0419
13.0479
12.0538
11.0602
10.0678
9.07695
8.08825
7.10211
6.11895
5.13914
4.163
3.19086
2.22298
1.25959
0.300933
-0.652819
-1.6015
-2.54496
-3.48308
-4.41576
-5.34293
-6.26452
-7.18049
-8.09081
-8.99547
-9.89445
-10.7878
-11.6755
-12.5576
-13.4342
-14.3054
-15.1712
-16.0317
-16.887
-17.7373
-18.5827
-19.4234
-20.2595
-21.0913
-21.9189
-22.7426
-23.5627
-24.3794
-25.1932
-26.0042
-26.8129
-27.6198
-28.4253
-29.2298
-30.0339
-30.8381
-31.6431
-32.4495
-33.2579
-34.0692
-34.8839
-35.7031
-36.5274
-37.3578
-38.1951
-39.0402
-39.894
-40.7573
-41.6312
-42.5163
-43.4134
-44.3233
-45.2463
-46.1829
-47.1333
-48.0972
-49.0745
-50.0642
-51.0651
-52.0757
-53.0936
-54.1161
-55.1399
-56.1609
-57.1746
-58.1759
-59.1594
-60.1194
-61.0501
-61.9457
-62.801
-63.6112
-64.3723
-65.0813
-65.7362
-66.336
-66.8808
-67.3719
-67.811
-68.2009
-68.5448
-68.8462
-69.1087
-69.3361
-69.5321
-69.7002
-69.8437
-69.9658
-70.0691
-70.1562
-70.2293
-70.2904
-70.3411
-70.3831
-70.4176
-70.4457
-70.4683
-70.4864
-70.5006
-70.5114
-70.5195
-70.5253
-70.529
-70.5311
-70.5318
-70.5314
-70.5299
-70.5276
-70.5246
-70.521
-70.517
-70.5125
-70.5078
-70.5028
-70.4975
-70.4921
-70.4866
-70.4809
-70.4752
-70.4694
-70.4636
-70.4578
-70.4519
-70.4461
-70.4403
-70.4345
-70.4287
-70.423
-70.4173
-70.4117
-70.4061
-70.4006
-70.3952
-70.3897
-70.3844
-70.3791
-70.3739
-70.3687
-70.3636
-70.3586
-70.3536
-70.3487
-70.3439
-70.3391
-70.3344
-70.3298
-70.3252
-70.3207
-70.3162
-70.3118
-70.3075
-70.3032
-70.299
-70.2949
-70.2908
-70.2868
-70.2828
-70.2789
-70.275
-70.2712
-70.2674
-70.2637
-70.2601
-70.2565
-70.2529
-70.2494
-70.246
-70.2426
-70.2392
-70.2359
-70.2327
-70.2294
-70.2263
-70.2231
-70.2201
-70.217
-70.214
-70.2111
-70.2081
-70.2052
-70.2024
-70.1996
-70.1968
-70.1941
-70.1914
-70.1887
-70.1861
-70.1835
-70.1809
-70.1783
-70.1758
-70.1733
-70.1709
-70.1684
-70.166
-70.1637
-70.1613
-70.159
-70.1567
-70.1544
-70.1521
-70.1499
-70.1476
-70.1454
-70.1433
-70.1411
-70.1389
-70.1368
-70.1347
-70.1326
-70.1305
-70.1284
-70.1264
-70.1243
-70.1223
-70.1203
-70.1182
-70.1162
-70.1142
-70.1122
-70.1103
-70.1083
-70.1063
-70.1044
-70.1024
-70.1004
-70.0985
-70.0966
-70.0946
-70.0927
-70.0907
-70.0888
-70.0868
-70.0849
-70.0829
-70.081
-70.0791
-70.0771
-70.0751
-70.0732
-70.0712
-70.0692
-70.0673
-70.0653
-70.0633
-70.0613
-70.0593
-70.0573
-70.0552
-70.0532
-70.0512
-70.0491
-70.047
-70.045
-70.0429
-70.0408
-70.0386
-70.0365
-70.0344
-70.0322
-70.03
-70.0278
-70.0256
-70.0234
-70.0211
-70.0189
-70.0166
-70.0143
-70.012
-70.0096
-70.0073
-70.0049
-70.0025
-70
-69.9976
-69.9951
-69.9926
-69.9901
-69.9876
-69.985
-69.9824
-69.9798
-69.9772
-69.9745
-69.9718
-69.9691
-69.9664
-69.9636
-69.9608
-69.958
-69.9552
-69.9523
-69.9494
-69.9464
-69.9435
-69.9405
-69.9375
-69.9344
-69.9313
-69.9282
-69.9251
-69.9219
-69.9187
-69.9154
-69.9122
-69.9089
-69.9055
-69.9021
-69.8987
-69.8953
-69.8918
-69.8883
-69.8848
-69.8812
-69.8776
-69.874
-69.8703
-69.8666
-69.8628
-69.859
-69.8552
-69.8513
-69.8475
-69.8435
-69.8396
-69.8355
-69.8315
-69.8274
-69.8233
-69.8192
-69.815
-69.8107
-69.8065
-69.8022
-69.7978
-69.7934
-69.789
-69.7846
-69.7801
-69.7755
-69.7709
-69.7663
-69.7617
-69.757
-69.7522
-69.7475
-69.7427
-69.7378
-69.7329
-69.728
-69.723
-69.718
-69.7129
-69.7079
-69.7027
-69.6976
-69.6923
-69.6871
-69.6818
-69.6765
-69.6711
-69.6657
-69.6602
-69.6547
-69.6492
-69.6436
-69.638
-69.6323
-69.6266
-69.6209
-69.6151
-69.6093
-69.6034
-69.5975
-69.5916
-69.5856
-69.5796
-69.5735
-69.5674
-69.5613
-69.5551
-69.5488
-69.5426
-69.5363
-69.5299
-69.5235
-69.5171
-69.5106
-69.5041
-69.4976
-69.491
-69.4844
-69.4777
-69.471
-69.4643
-69.4575
-69.4506
-69.4438
-69.4369
-69.4299
-69.4229
-69.4159
-69.4089
-69.4018
-69.3946
-69.3874
-69.3802
-69.373
-69.3657
-69.3583
-69.351
-69.3436
-69.3361
-69.3286
-69.3211
-69.3136
-69.306
-69.2983
-69.2907
-69.283
-69.2752
-69.2674
-69.2596
-69.2518
-69.2439
-69.2359
-69.228
-69.22
-69.2119
-69.2039
-69.1958
-69.1876
-69.1795
-69.1713
-69.163
-69.1547
-69.1464
-69.1381
-69.1297
-69.1213
-69.1128
-69.1044
-69.0959
-69.0873
-69.0787
-69.0701
-69.0615
-69.0528
-69.0441
-69.0354
-69.0266
-69.0178
-69.009
-69.0001
-68.9912
-68.9823
-68.9734
-68.9644
-68.9554
-68.9463
-68.9373
-68.9282
-68.919
-68.9099
-68.9007
-68.8915
-68.8822
-68.873
-68.8637
-68.8544
-68.845
-68.8356
-68.8262
-68.8168
-68.8073
-68.7978
-68.7883
-68.7788
-68.7692
-68.7596
-68.75
-68.7404
-68.7307
-68.721
-68.7113
-68.7016
-68.6918
-68.682
-68.6722
-68.6624
-68.6526
-68.6427
-68.6328
-68.6229
-68.6129
-68.603
-68.593
-68.583
-68.573
-68.5629
-68.5529
-68.5428
-68.5327
-68.5226
-68.5124
-68.5023
-68.4921
-68.4819
-68.4717
-68.4615
-68.4512
-68.4409
-68.4307
-68.4204
-68.41
-68.3997
-68.3894
-68.379
-68.3686
-68.3582
-68.3478
-68.3374
-68.3269
-68.3165
-68.306
-68.2955
-68.285
-68.2745
-68.264
-68.2534
-68.2429
-68.2323
-68.2217
-68.2111
-68.2005
-68.1899
-68.1793
-68.1686
-68.158
-68.1473
-68.1367
-68.126
-68.1153
-68.1046
-68.0939
-68.0832
-68.0724
-68.0617
-68.051
-68.0402
-68.0295
-68.0187
-68.0079
-67.9971
-67.9863
-67.9756
-67.9648
-67.9539
-67.9431
-67.9323
-67.9215
-67.9107
-67.8998
-67.889
-67.8781
-67.8673
-67.8564
-67.8456
-67.8347
-67.8238
-67.813
-67.8021
-67.7912
-67.7803
-67.7695
-67.7586
-67.7477
-67.7368
-67.7259
-67.715
-67.7041
-67.6932
-67.6823
-67.6714
-67.6605
-67.6496
-67.6387
-67.6278
-67.6169
-67.6061
-67.5952
-67.5843
-67.5734
-67.5625
-67.5516
-67.5407
-67.5298
-67.519
-67.5081
-67.4972
-67.4864
-67.4755
-67.4646
-67.4538
-67.4429
-67.4321
-67.4212
-67.4104
-67.3996
-67.3887
-67.3779
-67.3671
-67.3563
-67.3455
-67.3347
-67.3239
-67.3131
-67.3023
-67.2915
-67.2807
-67.27
-67.2592
-67.2485
-67.2377
-67.227
-67.2162
-67.2055
-67.1948
-67.1841
-67.1734
-67.1627
-67.1521
-67.1414
-67.1307
-67.1201
-67.1094
-67.0988
-67.0882
-67.0776
-67.067
-67.0564
-67.0459
-67.0353
-67.0247
-67.0142
-67.0037
-66.9932
-66.9827
-66.9722
-66.9617
-66.9512
-66.9408
-66.9304
-66.9199
-66.9095
-66.8991
-66.8887
-66.8784
-66.868
-66.8577
-66.8473
-66.837
-66.8267
-66.8164
-66.8061
-66.7959
-66.7856
-66.7754
-66.7652
-66.755
-66.7448
-66.7346
-66.7245
-66.7143
-66.7042
-66.6941
-66.684
-66.674
-66.6639
-66.6539
-66.6438
-66.6338
-66.6239
-66.6139
-66.6039
-66.594
-66.5841
-66.5742
-66.5643
-66.5545
-66.5446
-66.5348
-66.525
-66.5152
-66.5054
-66.4957
-66.486
-66.4763
-66.4666
-66.4569
-66.4473
-66.4377
-66.428
-66.4185
-66.4089
-66.3994
-66.3898
-66.3803
-66.3708
-66.3614
-66.3519
-66.3425
-66.3331
-66.3237
-66.3144
-66.305
-66.2957
-66.2864
-66.2771
-66.2679
-66.2587
-66.2495
-66.2403
-66.2311
-66.222
-66.2128
-66.2037
-66.1947
-66.1856
-66.1766
-66.1676
-66.1586
-66.1496
-66.1407
-66.1318
-66.1229
-66.1141
-66.1052
-66.0964
-66.0876
-66.0788
-66.0701
-66.0614
-66.0527
-66.044
-66.0354
-66.0268
-66.0182
-66.0096
-66.0011
-65.9926
-65.9841
-65.9756
-65.9672
-65.9588
-65.9504
-65.942
-65.9337
-65.9254
-65.9171
-65.9089
-65.9006
-65.8924
-65.8842
-65.8761
-65.868
-65.8599
-65.8518
-65.8437
-65.8357
-65.8277
-65.8198
-65.8118
-65.8039
-65.796
-65.7882
-65.7803
-65.7725
-65.7647
-65.757
-65.7492
-65.7415
-65.7339
-65.7262
-65.7186
-65.711
-65.7035
-65.6959
-65.6884
-65.681
-65.6735
-65.6661
-65.6587
-65.6513
-65.644
-65.6367
-65.6294
-65.6222
-65.6149
-65.6078
-65.6006
-65.5935
-65.5864
-65.5793
-65.5722
-65.5652
-65.5582
-65.5513
-65.5444
-65.5375
-65.5306
-65.5238
-65.517
-65.5102
-65.5035
-65.4967
-65.4901
-65.4834
-65.4768
-65.4702
-65.4636
-65.4571
-65.4506
-65.4441
-65.4377
-65.4313
-65.4249
-65.4185
-65.4122
-65.4059
-65.3997
-65.3934
-65.3872
-65.381
-65.3749
-65.3688
-65.3627
-65.3566
-65.3506
-65.3446
-65.3387
-65.3327
-65.3268
-65.3209
-65.3151
-65.3093
-65.3035
-65.2978
-65.292
-65.2863
-65.2807
-65.2751
-65.2695
-65.2639
-65.2583
-65.2528
-65.2474
-65.2419
-65.2365
-65.2311
-65.2258
-65.2204
-65.2152
-65.2099
-65.2047
-65.1995
-65.1943
-65.1892
-65.1841
-65.179
-65.1739
-65.1689
-65.164
-65.159
-65.1541
-65.1492
-65.1444
-65.1395
-65.1347
-65.13
-65.1253
-65.1206
-65.1159
-65.1113
-65.1067
-65.1021
-65.0976
-65.0931
-65.0886
-65.0841
-65.0797
-65.0753
-65.071
-65.0667
-65.0624
-65.0581
-65.0539
-65.0497
-65.0456
-65.0414
-65.0373
-65.0333
-65.0292
-65.0252
-65.0213
-65.0173
-65.0134
-65.0095
-65.0057
-65.0019
-64.9981
-64.9944
-64.9906
-64.987
-64.9833
-64.9797
-64.9761
-64.9725
-64.969
-64.9655
-64.962
-64.9586
-64.9551
-64.9518
-64.9484
-64.9451
-64.9418
-64.9385
-64.9353
-64.9321
-64.9289
-64.9258
-64.9227
-64.9196
-64.9165
-64.9135
-64.9105
-64.9075
-64.9046
-64.9017
-64.8988
-64.896
-64.8931
-64.8904
-64.8876
-64.8849
-64.8821
-64.8795
-64.8768
-64.8742
-64.8716
-64.8691
-64.8665
-64.864
-64.8615
-64.8591
-64.8567
-64.8543
-64.8519
-64.8496
-64.8473
-64.845
-64.8428
-64.8405
-64.8383
-64.8362
-64.834
-64.8319
-64.8299
-64.8278
-64.8258
-64.8238
-64.8218
-64.8198
-64.8179
-64.816
-64.8142
-64.8123
-64.8105
-64.8087
-64.807
-64.8053
-64.8035
-64.8019
-64.8002
-64.7986
-64.797
-64.7954
-64.7939
-64.7924
-64.7909
-64.7894
-64.7879
-64.7865
-64.7851
-64.7838
-64.7824
-64.7811
-64.7798
-64.7786
-64.7773
-64.7761
-64.7749
-64.7737
-64.7726
-64.7715
-64.7704
-64.7693
-64.7683
-64.7672
-64.7662
-64.7653
-64.7643
-64.7634
-64.7625
-64.7616
-64.7607
-64.7599
-64.7591
-64.7583
-64.7575
-64.7568
-64.7561
-64.7554
-64.7547
-64.754
-64.7534
-64.7528
-64.7522
-64.7516
-64.7511
-64.7506
-64.7501
-64.7496
-64.7491
-64.7487
-64.7483
-64.7479
-64.7475
-64.7471
-64.7468
-64.7465
-64.7462
-64.7459
-64.7457
-64.7454
-64.7452
-64.745
-64.7448
-64.7447
-64.7445
-64.7444
-64.7443
-64.7442
-64.7441
-64.7441
-64.7441
-64.744
-64.7441
-64.7441
-64.7441
-64.7442
-64.7443
-64.7443
-64.7445
-64.7446
-64.7447
-64.7449
-64.7451
-64.7453
-64.7455
-64.7457
-64.7459
-64.7462
-64.7465
-64.7467
-64.7471
-64.7474
-64.7477
-64.7481
-64.7484
-64.7488
-64.7492
-64.7496
-64.75
-64.7505
-64.7509
-64.7514
-64.7519
-64.7523
-64.7528
-64.7534
-64.7539
-64.7544
-64.755
-64.7556
-64.7562
-64.7567
-64.7574
-64.758
-64.7586
-64.7593
-64.7599
-64.7606
-64.7613
-64.7619
-64.7626
-64.7634
-64.7641
-64.7648
-64.7656
-64.7663
-64.7671
-64.7679
-64.7686
-64.7694
-64.7702
-64.7711
-64.7719
-64.7727
-64.7736
-64.7744
-64.7753
-64.7761
-64.777
-64.7779
-64.7788
-64.7797
-64.7806
-64.7815
-64.7825
-64.7834
-64.7843
-64.7853
-64.7863
-64.7872
-64.7882
-64.7892
-64.7902
-64.7912
-64.7922
-64.7932
-64.7942
-64.7952
-64.7962
-64.7972
-64.7983
-64.7993
-64.8004
-64.8014
-64.8025
-64.8036
-64.8046
-64.8057
-64.8068
-64.8079
-64.809
-64.81
-64.8111
-64.8122
-64.8134
-64.8145
-64.8156
-64.8167
-64.8178
-64.8189
-64.8201
-64.8212
-64.8223
-64.8235
-64.8246
-64.8258
-64.8269
-64.828
-64.8292
-64.8304
-64.8315
-64.8327
-64.8338
-64.835
-64.8362
-64.8373
-64.8385
-64.8397
-64.8408
-64.842
-64.8432
-64.8443
-64.8455
-64.8467
-64.8479
-64.8491
-64.8502
-64.8514
-64.8526
-64.8538
-64.8549
-64.8561
-64.8573
-64.8585
-64.8597
-64.8609
-64.862
-64.8632
-64.8644
-64.8656
-64.8667
-64.8679
-64.8691
-64.8703
-64.8714
-64.8726
-64.8738
-64.875
-64.8761
-64.8773
-64.8785
-64.8796
-64.8808
-64.882
-64.8831
-64.8843
-64.8854
-64.8866
-64.8877
-64.8889
-64.89
-64.8912
-64.8923
-64.8935
-64.8946
-64.8957
-64.8969
-64.898
-64.8991
-64.9002
-64.9014
-64.9025
-64.9036
-64.9047
-64.9058
-64.9069
-64.908
-64.9091
-64.9102
-64.9113
-64.9124
-64.9135
-64.9146
-64.9156
-64.9167
-64.9178
-64.9188
-64.9199
-64.921
-64.922
-64.9231
-64.9241
-64.9252
-64.9262
-64.9272
-64.9282
-64.9293
-64.9303
-64.9313
-64.9323
-64.9333
-64.9343
-64.9353
-64.9363
-64.9373
-64.9383
-64.9393
-64.9402
-64.9412
-64.9422
-64.9431
-64.9441
-64.945
-64.946
-64.9469
-64.9478
-64.9488
-64.9497
-64.9506
-64.9515
-64.9524
-64.9533
-64.9542
-64.9551
-64.956
-64.9569
-64.9578
-64.9586
-64.9595
-64.9603
-64.9612
-64.962
-64.9629
-64.9637
-64.9646
-64.9654
-64.9662
-64.967
-64.9678
-64.9686
-64.9694
-64.9702
-64.971
-64.9718
-64.9726
-64.9733
-64.9741
-64.9748
-64.9756
-64.9763
-64.9771
-64.9778
-64.9785
-64.9793
-64.98
-64.9807
-64.9814
-64.9821
-64.9828
-64.9835
-64.9841
-64.9848
-64.9855
-64.9861
-64.9868
-64.9875
-64.9881
-64.9887
-64.9894
-64.99
-64.9906
-64.9912
-64.9918
-64.9924
-64.993
-64.9936
-64.9942
-64.9948
-64.9954
-64.9959
-64.9965
-64.997
-64.9976
-64.9981
-64.9987
-64.9992
-64.9997
-65.0003
-65.0008
-65.0013
-65.0018
-65.0023
-65.0028
-65.0033
-65.0037
-65.0042
-65.0047
-65.0051
-65.0056
-65.006
-65.0065
-65.0069
-65.0073
-65.0078
-65.0082
-65.0086
-65.009
-65.0094
-65.0098
-65.0102
-65.0106
-65.011
-65.0113
-65.0117
-65.0121
-65.0124
-65.0128
-65.0131
-65.0135
-65.0138
-65.0141
-65.0145
-65.0148
-65.0151
-65.0154
-65.0157
-65.016
-65.0163
-65.0166
-65.0168
-65.0171
-65.0174
-65.0176
-65.0179
-65.0182
-65.0184
-65.0186
-65.0189
-65.0191
-65.0193
-65.0196
-65.0198
-65.02
-65.0202
-65.0204
-65.0206
-65.0208
-65.021
-65.0211
-65.0213
-65.0215
-65.0217
-65.0218
-65.022
-65.0221
-65.0223
-65.0224
-65.0226
-65.0227
-65.0228
-65.023
-65.0231
-65.0232
-65.0233
-65.0234
-65.0235
-65.0236
-65.0237
-65.0238
-65.0239
-65.024
-65.024
-65.0241
-65.0242
-65.0242
-65.0243
-65.0244
-65.0244
-65.0245
-65.0245
-65.0245
-65.0246
-65.0246
-65.0246
-65.0247
-65.0247
-65.0247
-65.0247
-65.0247
-65.0247
-65.0247
-65.0247
-65.0247
-65.0247
-65.0247
-65.0247
-65.0247
-65.0246
-65.0246
-65.0246
-65.0245
-65.0245
-65.0245
-65.0244
-65.0244
-65.0243
-65.0243
-65.0242
-65.0242
-65.0241
-65.024
-65.024
-65.0239
-65.0238
-65.0237
-65.0236
-65.0236
-65.0235
-65.0234
-65.0233
-65.0232
-65.0231
-65.023
-65.0229
-65.0228
-65.0227
-65.0226
-65.0225
-65.0223
-65.0222
-65.0221
-65.022
-65.0219
-65.0217
-65.0216
-65.0215
-65.0213
-65.0212
-65.0211
-65.0209
-65.0208
-65.0206
-65.0205
-65.0203
-65.0202
-65.02
-65.0199
-65.0197
-65.0195
-65.0194
-65.0192
-65.0191
-65.0189
-65.0187
-65.0185
-65.0184
-65.0182
-65.018
-65.0178
-65.0177
-65.0175
-65.0173
-65.0171
-65.0169
-65.0167
-65.0165
-65.0164
-65.0162
-65.016
-65.0158
-65.0156
-65.0154
-65.0152
-65.015
-65.0148
-65.0146
-65.0144
-65.0142
-65.014
-65.0138
-65.0135
-65.0133
-65.0131
-65.0129
-65.0127
-65.0125
-65.0123
-65.0121
-65.0118
-65.0116
-65.0114
-65.0112
-65.011
-65.0107
-65.0105
-65.0103
-65.0101
-65.0099
-65.0096
-65.0094
-65.0092
-65.009
-65.0087
-65.0085
-65.0083
-65.008
-65.0078
-65.0076
-65.0074
-65.0071
-65.0069
-65.0067
-65.0064
-65.0062
-65.006
-65.0057
-65.0055
-65.0053
-65.005
-65.0048
-65.0046
-65.0043
-65.0041
-65.0039
-65.0036
-65.0034
-65.0032
-65.0029
-65.0027
-65.0025
-65.0022
-65.002
-65.0017
-65.0015
-65.0013
-65.001
-65.0008
-65.0006
-65.0003
-65.0001
-64.9999
-64.9996
-64.9994
-64.9992
-64.9989
-64.9987
-64.9985
-64.9982
-64.998
-64.9978
-64.9975
-64.9973
-64.9971
-64.9968
-64.9966
-64.9964
-64.9961
-64.9959
-64.9957
-64.9954
-64.9952
-64.995
-64.9947
-64.9945
-64.9943
-64.9941
-64.9938
-64.9936
-64.9934
-64.9932
-64.9929
-64.9927
-64.9925
-64.9923
-64.992
-64.9918
-64.9916
-64.9914
-64.9911
-64.9909
-64.9907
-64.9905
-64.9903
-64.99
-64.9898
-64.9896
-64.9894
-64.9892
-64.989
-64.9887
-64.9885
-64.9883
-64.9881
-64.9879
-64.9877
-64.9875
-64.9873
-64.987
-64.9868
-64.9866
-64.9864
-64.9862
-64.986
-64.9858
-64.9856
-64.9854
-64.9852
-64.985
-64.9848
-64.9846
-64.9844
-64.9842
-64.984
-64.9838
-64.9836
-64.9834
-64.9832
-64.983
-64.9828
-64.9827
-64.9825
-64.9823
-64.9821
-64.9819
-64.9817
-64.9815
-64.9814
-64.9812
-64.981
-64.9808
-64.9806
-64.9804
-64.9803
-64.9801
-64.9799
-64.9797
-64.9796
-64.9794
-64.9792
-64.9791
-64.9789
-64.9787
-64.9786
-64.9784
-64.9782
-64.9781
-64.9779
-64.9777
-64.9776
-64.9774
-64.9773
-64.9771
-64.9769
-64.9768
-64.9766
-64.9765
-64.9763
-64.9762
-64.976
-64.9759
-64.9757
-64.9756
-64.9754
-64.9753
-64.9751
-64.975
-64.9749
-64.9747
-64.9746
-64.9744
-64.9743
-64.9742
-64.974
-64.9739
-64.9738
-64.9736
-64.9735
-64.9734
-64.9733
-64.9731
-64.973
-64.9729
-64.9728
-64.9726
-64.9725
-64.9724
-64.9723
-64.9722
-64.972
-64.9719
-64.9718
-64.9717
-64.9716
-64.9715
-64.9714
-64.9713
-64.9712
-64.9711
-64.9709
-64.9708
-64.9707
-64.9706
-64.9705
-64.9704
-64.9703
-64.9702
-64.9701
-64.9701
-64.97
-64.9699
-64.9698
-64.9697
-64.9696
-64.9695
-64.9694
-64.9693
-64.9692
-64.9692
-64.9691
-64.969
-64.9689
-64.9688
-64.9688
-64.9687
-64.9686
-64.9685
-64.9685
-64.9684
-64.9683
-64.9682
-64.9682
-64.9681
-64.968
-64.968
-64.9679
-64.9678
-64.9678
-64.9677
-64.9676
-64.9676
-64.9675
-64.9675
-64.9674
-64.9673
-64.9673
-64.9672
-64.9672
-64.9671
-64.9671
-64.967
-64.967
-64.9669
-64.9669
-64.9668
-64.9668
-64.9667
-64.9667
-64.9667
-64.9666
-64.9666
-64.9665
-64.9665
-64.9664
-64.9664
-64.9664
-64.9663
-64.9663
-64.9663
-64.9662
-64.9662
-64.9662
-64.9661
-64.9661
-64.9661
-64.9661
-64.966
-64.966
-64.966
-64.966
-64.9659
-64.9659
-64.9659
-64.9659
-64.9658
-64.9658
-64.9658
-64.9658
-64.9658
-64.9658
-64.9657
-64.9657
-64.9657
-64.9657
-64.9657
-64.9657
-64.9657
-64.9656
-64.9656
-64.9656
-64.9656
-64.9656
-64.9656
-64.9656
-64.9656
-64.9656
-64.9656
-64.9656
-64.9656
-64.9656
-64.9656
-64.9656
-64.9656
-64.9656
-64.9656
-64.9656
-64.9656
-64.9656
-64.9656
-64.9656
-64.9656
-64.9656
-64.9656
-64.9656
-64.9656
-64.9657
-64.9657
-64.9657
-64.9657
-64.9657
-64.9657
-64.9657
-64.9657
-64.9657
-64.9658
-64.9658
-64.9658
-64.9658
-64.9658
-64.9658
-64.9659
-64.9659
-64.9659
-64.9659
-64.9659
-64.9659
-64.966
-64.966
-64.966
-64.966
-64.9661
-64.9661
-64.9661
-64.9661
-64.9661
-64.9662
-64.9662
-64.9662
-64.9662
-64.9663
-64.9663
-64.9663
-64.9664
-64.9664
-64.9664
-64.9664
-64.9665
-64.9665
-64.9665
-64.9666
-64.9666
-64.9666
-64.9666
-64.9667
-64.9667
-64.9667
-64.9668
-64.9668
-64.9668
-64.9669
-64.9669
-64.9669
-64.967
-64.967
-64.967
-64.9671
-64.9671
-64.9671
-64.9672
-64.9672
-64.9673
-64.9673
-64.9673
-64.9674
-64.9674
-64.9674
-64.9675
-64.9675
-64.9676
-64.9676
-64.9676
-64.9677
-64.9677
-64.9678
-64.9678
-64.9678
-64.9679
-64.9679
-64.968
-64.968
-64.968
-64.9681
-64.9681
-64.9682
-64.9682
-64.9682
-64.9683
-64.9683
-64.9684
-64.9684
-64.9684
-64.9685
-64.9685
-64.9686
-64.9686
-64.9687
-64.9687
-64.9687
-64.9688
-64.9688
-64.9689
-64.9689
-64.969
-64.969
-64.969
-64.9691
-64.9691
-64.9692
-64.9692
-64.9693
-64.9693
-64.9693
-64.9694
-64.9694
-64.9695
-64.9695
-64.9696
-64.9696
-64.9697
-64.9697
-64.9697
-64.9698
-64.9698
-64.9699
-64.9699
-64.97
-64.97
-64.9701
-64.9701
-64.9701
-64.9702
-64.9702
-64.9703
-64.9703
-64.9704
-64.9704
-64.9704
-64.9705
-64.9705
-64.9706
-64.9706
-64.9707
-64.9707
-64.9707
-64.9708
-64.9708
-64.9709
-64.9709
-64.971
-64.971
-64.971
-64.9711
-64.9711
-64.9712
-64.9712
-64.9713
-64.9713
-64.9713
-64.9714
-64.9714
-64.9715
-64.9715
-64.9716
-64.9716
-64.9716
-64.9717
-64.9717
-64.9718
-64.9718
-64.9718
-64.9719
-64.9719
-64.972
-64.972
-64.972
-64.9721
-64.9721
-64.9722
-64.9722
-64.9722
-64.9723
-64.9723
-64.9724
-64.9724
-64.9724
-64.9725
-64.9725
-64.9725
-64.9726
-64.9726
-64.9727
-64.9727
-64.8924
-64.7357
-64.5063
-64.2082
-63.8455
-63.4222
-62.9422
-62.4095
-61.828
-61.2015
-60.5335
-59.8278
-59.0875
-58.3158
-57.5155
-56.6893
-55.8395
-54.9681
-54.0764
-53.1658
-52.2367
-51.2892
-50.3228
-49.3359
-48.3266
-47.2916
-46.2269
-45.127
-43.9851
-42.7928
-41.5397
-40.2134
-38.799
-37.2785
-35.6308
-33.8308
-31.8496
-29.6532
-27.2036
-24.4584
-21.3728
-17.903
-14.0113
-9.67649
-4.90619
0.247071
5.67214
11.1951
16.593
21.6274
26.0901
29.8433
32.8378
35.1055
36.7335
37.8341
38.5197
38.8892
39.0215
38.9764
38.7969
38.5137
38.1479
37.7146
37.2243
36.6847
36.1015
35.4791
34.8211
34.1306
33.41
32.6618
31.888
31.0905
30.2712
29.4318
28.5738
27.699
26.8086
25.9042
24.9871
24.0586
23.1198
22.1721
21.2164
20.2539
19.2855
18.3122
17.3349
16.3545
15.3716
14.3872
13.4018
12.4161
11.4307
10.4463
9.46316
8.48194
7.50303
6.52684
5.55373
4.58405
3.61808
2.6561
1.69837
0.745086
-0.203546
-1.14736
-2.08621
-3.01997
-3.94853
-4.87182
-5.78975
-6.7023
-7.60941
-8.51107
-9.40726
-10.298
-11.1833
-12.0632
-12.9378
-13.8071
-14.6711
-15.5301
-16.384
-17.233
-18.0772
-18.9168
-19.7519
-20.5827
-21.4095
-22.2323
-23.0516
-23.8676
-24.6805
-25.4908
-26.2986
-27.1046
-27.909
-28.7123
-29.5152
-30.3179
-31.1213
-31.9258
-32.7321
-33.541
-34.3532
-35.1694
-35.9904
-36.8172
-37.6506
-38.4915
-39.3407
-40.1992
-41.0679
-41.9476
-42.8392
-43.7434
-44.6608
-45.5919
-46.537
-47.4962
-48.4692
-49.4557
-50.4545
-51.4644
-52.4834
-53.5091
-54.5384
-55.5677
-56.5926
-57.6084
-58.6097
-59.5908
-60.5458
-61.4689
-62.3543
-63.1968
-63.9919
-64.7358
-65.426
-66.0608
-66.6397
-67.1634
-67.6333
-68.0518
-68.4219
-68.747
-69.0307
-69.277
-69.4895
-69.672
-69.828
-69.9607
-70.0731
-70.168
-70.2476
-70.3141
-70.3695
-70.4153
-70.4529
-70.4836
-70.5085
-70.5283
-70.5439
-70.556
-70.565
-70.5715
-70.5759
-70.5785
-70.5795
-70.5793
-70.578
-70.5759
-70.5729
-70.5694
-70.5654
-70.5609
-70.5561
-70.551
-70.5457
-70.5402
-70.5345
-70.5287
-70.5229
-70.517
-70.511
-70.5051
-70.4991
-70.4931
-70.4871
-70.4812
-70.4753
-70.4694
-70.4636
-70.4578
-70.4521
-70.4464
-70.4408
-70.4352
-70.4297
-70.4242
-70.4189
-70.4135
-70.4083
-70.4031
-70.398
-70.3929
-70.3879
-70.383
-70.3781
-70.3733
-70.3686
-70.3639
-70.3593
-70.3548
-70.3503
-70.3459
-70.3415
-70.3372
-70.333
-70.3288
-70.3246
-70.3206
-70.3166
-70.3126
-70.3087
-70.3048
-70.301
-70.2973
-70.2936
-70.29
-70.2864
-70.2828
-70.2793
-70.2759
-70.2725
-70.2691
-70.2658
-70.2625
-70.2593
-70.2561
-70.253
-70.2499
-70.2468
-70.2438
-70.2408
-70.2379
-70.235
-70.2321
-70.2292
-70.2264
-70.2237
-70.2209
-70.2182
-70.2155
-70.2129
-70.2103
-70.2077
-70.2051
-70.2026
-70.2001
-70.1976
-70.1952
-70.1927
-70.1903
-70.1879
-70.1856
-70.1832
-70.1809
-70.1786
-70.1763
-70.174
-70.1718
-70.1695
-70.1673
-70.1651
-70.1629
-70.1608
-70.1586
-70.1564
-70.1543
-70.1522
-70.1501
-70.148
-70.1459
-70.1438
-70.1417
-70.1396
-70.1375
-70.1355
-70.1334
-70.1314
-70.1293
-70.1273
-70.1252
-70.1232
-70.1211
-70.1191
-70.117
-70.115
-70.1129
-70.1109
-70.1088
-70.1068
-70.1047
-70.1027
-70.1006
-70.0985
-70.0965
-70.0944
-70.0923
-70.0902
-70.0881
-70.086
-70.0838
-70.0817
-70.0796
-70.0774
-70.0752
-70.073
-70.0709
-70.0687
-70.0664
-70.0642
-70.062
-70.0597
-70.0574
-70.0551
-70.0528
-70.0505
-70.0481
-70.0458
-70.0434
-70.041
-70.0386
-70.0361
-70.0337
-70.0312
-70.0287
-70.0262
-70.0236
-70.0211
-70.0185
-70.0159
-70.0133
-70.0106
-70.0079
-70.0052
-70.0025
-69.9997
-69.997
-69.9941
-69.9913
-69.9885
-69.9856
-69.9827
-69.9797
-69.9767
-69.9737
-69.9707
-69.9677
-69.9646
-69.9615
-69.9583
-69.9551
-69.9519
-69.9487
-69.9454
-69.9421
-69.9388
-69.9354
-69.9321
-69.9286
-69.9252
-69.9217
-69.9181
-69.9146
-69.911
-69.9074
-69.9037
-69.9
-69.8963
-69.8925
-69.8887
-69.8849
-69.881
-69.8771
-69.8731
-69.8692
-69.8652
-69.8611
-69.857
-69.8529
-69.8487
-69.8445
-69.8403
-69.836
-69.8317
-69.8273
-69.823
-69.8185
-69.8141
-69.8096
-69.805
-69.8004
-69.7958
-69.7912
-69.7865
-69.7817
-69.777
-69.7721
-69.7673
-69.7624
-69.7575
-69.7525
-69.7475
-69.7424
-69.7373
-69.7322
-69.727
-69.7218
-69.7166
-69.7113
-69.7059
-69.7006
-69.6952
-69.6897
-69.6842
-69.6787
-69.6731
-69.6675
-69.6618
-69.6562
-69.6504
-69.6446
-69.6388
-69.633
-69.6271
-69.6211
-69.6152
-69.6091
-69.6031
-69.597
-69.5909
-69.5847
-69.5785
-69.5722
-69.5659
-69.5596
-69.5532
-69.5468
-69.5403
-69.5338
-69.5273
-69.5207
-69.5141
-69.5074
-69.4159
-69.2446
-68.9988
-68.6834
-68.3036
-67.8644
-67.3708
-66.8275
-66.2393
-65.6106
-64.9459
-64.2494
-63.525
-62.7765
-62.0076
-61.2217
-60.4218
-59.6108
-58.7915
-57.9662
-57.1371
-56.306
-55.4744
-54.6437
-53.8148
-52.9881
-52.1641
-51.3424
-50.5226
-49.7037
-48.8843
-48.0623
-47.2354
-46.4006
-45.5543
-44.6923
-43.8095
-42.9004
-41.9584
-40.976
-39.9447
-38.8549
-37.6957
-36.4547
-35.118
-33.6701
-32.0935
-30.3692
-28.4764
-26.3928
-24.0958
-21.5633
-18.7757
-15.719
-12.3887
-8.79447
-4.96581
-0.956271
3.1545
7.26348
11.2527
15.0028
18.4084
21.3916
23.9093
25.9539
27.5468
28.7297
29.5545
30.0755
30.3438
30.4044
30.2954
30.0476
29.6857
29.2294
28.6939
28.0916
27.4321
26.7234
25.972
25.1833
24.3619
23.5118
22.6364
21.7389
20.8219
19.8881
18.9395
17.9783
17.0064
16.0253
15.0368
14.0422
13.0429
12.0401
11.0348
10.028
9.02081
8.01391
7.0081
6.00408
5.00245
4.0038
3.00861
2.01734
1.0304
0.0481246
-0.929161
-1.90119
-2.86772
-3.82857
-4.78354
-5.73251
-6.67536
-7.61199
-8.54234
-9.46636
-10.384
-11.2954
-12.2003
-13.099
-13.9914
-14.8776
-15.7577
-16.6318
-17.5
-18.3623
-19.2191
-20.0704
-20.9165
-21.7575
-22.5938
-23.4254
-24.2528
-25.0763
-25.8961
-26.7128
-27.5266
-28.3379
-29.1474
-29.9555
-30.7627
-31.5697
-32.377
-33.1853
-33.9953
-34.8077
-35.6233
-36.4429
-37.2673
-38.0973
-38.9337
-39.7775
-40.6293
-41.4902
-42.3607
-43.2416
-44.1336
-45.037
-45.9523
-46.8796
-47.8188
-48.7696
-49.7313
-50.7029
-51.6829
-52.6694
-53.6599
-54.6515
-55.6408
-56.6237
-57.5958
-58.5523
-59.4881
-60.3981
-61.2769
-62.1198
-62.9222
-63.6801
-64.3906
-65.0513
-65.6609
-66.219
-66.7261
-67.1835
-67.5932
-67.9579
-68.2804
-68.564
-68.8121
-69.028
-69.215
-69.3763
-69.5149
-69.6334
-69.7345
-69.8204
-69.893
-69.9542
-70.0056
-70.0485
-70.0841
-70.1135
-70.1376
-70.1572
-70.1729
-70.1853
-70.1949
-70.2022
-70.2074
-70.2109
-70.2129
-70.2138
-70.2135
-70.2124
-70.2106
-70.2082
-70.2052
-70.2018
-70.198
-70.194
-70.1897
-70.1852
-70.1806
-70.1758
-70.171
-70.166
-70.1611
-70.156

