-65
-64.9994
-64.9988
-64.9982
-64.9977
-64.9971
-64.9965
-64.996
-64.9954
-64.9949
-64.9943
-64.9938
-64.9932
-64.9927
-64.9922
-64.9917
-64.9912
-64.9906
-64.9901
-64.9896
-64.9891
-64.9886
-64.9881
-64.9876
-64.9872
-64.9867
-64.9862
-64.9857
-64.9852
-64.9848
-64.9843
-64.9838
-64.9834
-64.9829
-64.9825
-64.982
-64.9816
-64.9811
-64.9807
-64.9802
-64.9798
-64.9794
-64.9789
-64.9785
-64.9781
-64.9777
-64.9772
-64.9768
-64.9764
-64.976
-64.9756
-64.9752
-64.9748
-64.9744
-64.974
-64.9736
-64.9732
-64.9728
-64.9725
-64.9721
-64.9717
-64.9713
-64.971
-64.9706
-64.9702
-64.9699
-64.9695
-64.9692
-64.9688
-64.9685
-64.9681
-64.9678
-64.9675
-64.9671
-64.9668
-64.9665
-64.9661
-64.9658
-64.9655
-64.9652
-64.9649
-64.9646
-64.9642
-64.9639
-64.9636
-64.9633
-64.963
-64.9628
-64.9625
-64.9622
-64.9619
-64.9616
-64.9613
-64.9611
-64.9608
-64.9605
-64.9603
-64.96
-64.9598
-64.9595
-64.9592
-64.959
-64.9588
-64.9585
-64.9583
-64.958
-64.9578
-64.9576
-64.9573
-64.9571
-64.9569
-64.9567
-64.9565
-64.9562
-64.956
-64.9558
-64.9556
-64.9554
-64.9552
-64.955
-64.9548
-64.9546
-64.9545
-64.9543
-64.9541
-64.9539
-64.9537
-64.9536
-64.9534
-64.9532
-64.9531
-64.9529
-64.9527
-64.9526
-64.9524
-64.9523
-64.9521
-64.952
-64.9519
-64.9517
-64.9516
-64.9514
-64.9513
-64.9512
-64.9511
-64.9509
-64.9508
-64.9507
-64.9506
-64.9505
-64.9504
-64.9503
-64.9502
-64.95
-64.9499
-64.9499
-64.9498
-64.9497
-64.9496
-64.9495
-64.9494
-64.9493
-64.9492
-64.9492
-64.9491
-64.949
-64.9489
-64.9489
-64.9488
-64.9487
-64.9487
-64.9486
-64.9486
-64.9485
-64.9485
-64.9484
-64.9484
-64.9483
-64.9483
-64.9482
-64.9482
-64.9482
-64.9481
-64.9481
-64.9481
-64.948
-64.948
-64.948
-64.948
-64.948
-64.9479
-64.9479
-64.9479
-64.9479
-64.9479
-64.9479
-64.9479
-64.9479
-64.9479
-64.9479
-64.9479
-64.9479
-64.9479
-64.9479
-64.9479
-64.9479
-64.9479
-64.9479
-64.948
-64.948
-64.948
-64.948
-64.9481
-64.9481
-64.9481
-64.9481
-64.9482
-64.9482
-64.9482
-64.9483
-64.9483
-64.9483
-64.9484
-64.9484
-64.9485
-64.9485
-64.9486
-64.9486
-64.9487
-64.9487
-64.9488
-64.9488
-64.9489
-64.9489
-64.949
-64.9491
-64.9491
-64.9492
-64.9492
-64.9493
-64.9494
-64.9494
-64.9495
-64.9496
-64.9497
-64.9497
-64.9498
-64.9499
-64.95
-64.95
-64.9501
-64.9502
-64.9503
-64.9504
-64.9504
-64.9505
-64.9506
-64.9507
-64.9508
-64.9509
-64.951
-64.951
-64.9511
-64.9512
-64.9513
-64.9514
-64.9515
-64.9516
-64.9517
-64.9518
-64.9519
-64.952
-64.9521
-64.9522
-64.9523
-64.9524
-64.9525
-64.9526
-64.9527
-64.9528
-64.9529
-64.953
-64.9532
-64.9533
-64.9534
-64.9535
-64.9536
-64.9537
-64.9538
-64.9539
-64.954
-64.9542
-64.9543
-64.9544
-64.9545
-64.9546
-64.9547
-64.9548
-64.955
-64.9551
-64.9552
-64.9553
-64.9554
-64.9556
-64.9557
-64.9558
-64.9559
-64.956
-64.9562
-64.9563
-64.9564
-64.9565
-64.9566
-64.9568
-64.9569
-64.957
-64.9571
-64.9573
-64.9574
-64.9575
-64.9576
-64.9578
-64.9579
-64.958
-64.9581
-64.9583
-64.9584
-64.9585
-64.9587
-64.9588
-64.9589
-64.959
-64.9592
-64.9593
-64.9594
-64.9595
-64.9597
-64.9598
-64.9599
-64.96
-64.9602
-64.9603
-64.9604
-64.9606
-64.9607
-64.9608
-64.9609
-64.9611
-64.9612
-64.9613
-64.9614
-64.9616
-64.9617
-64.9618
-64.962
-64.9621
-64.9622
-64.9623
-64.9625
-64.9626
-64.9627
-64.9628
-64.963
-64.9631
-64.9632
-64.9633
-64.9635
-64.9636
-64.9637
-64.9638
-64.964
-64.9641
-64.9642
-64.9643
-64.9645
-64.9646
-64.9647
-64.9648
-64.9649
-64.9651
-64.9652
-64.9653
-64.9654
-64.9655
-64.9657
-64.9658
-64.9659
-64.966
-64.9661
-64.9663
-64.9664
-64.9665
-64.9666
-64.9667
-64.9668
-64.967
-64.9671
-64.9672
-64.9673
-64.9674
-64.9675
-64.9677
-64.9678
-64.9679
-64.968
-64.9681
-64.9682
-64.9683
-64.9684
-64.9685
-64.9687
-64.9688
-64.9689
-64.969
-64.9691
-64.9692
-64.9693
-64.9694
-64.9695
-64.9696
-64.9697
-64.9698
-64.9699
-64.97
-64.8898
-64.7331
-64.5038
-64.2059
-63.8432
-63.42
-62.9401
-62.4075
-61.8261
-61.1996
-60.5318
-59.8261
-59.0859
-58.3143
-57.5141
-56.6881
-55.8383
-54.9669
-54.0753
-53.1647
-52.2357
-51.2882
-50.3216
-49.3348
-48.3253
-47.2902
-46.2253
-45.1251
-43.9828
-42.79
-41.5363
-40.2093
-38.794
-37.2723
-35.6232
-33.8216
-31.8383
-29.6394
-27.1867
-24.4378
-21.3478
-17.8728
-13.9752
-9.63384
-4.85669
0.303147
5.73376
11.2604
16.6592
21.6914
26.1492
29.8954
32.882
35.1418
36.7628
37.8573
38.5382
38.9041
39.0337
38.9866
38.8058
38.5216
38.1552
37.7215
37.2309
36.6912
36.1079
35.4855
34.8277
34.1373
33.4169
32.6689
31.8954
31.0982
30.2792
29.4401
28.5826
27.7081
26.8181
25.9141
24.9974
24.0692
23.1309
22.1835
21.2283
20.2662
19.2982
18.3253
17.3484
16.3683
15.3859
14.4018
13.4167
12.4314
11.4463
10.4622
9.4794
8.49848
7.51987
6.54395
5.57111
4.60168
3.63596
2.67421
1.7167
0.763629
-0.184804
-1.12843
-2.0671
-3.00069
-3.92909
-4.85223
-5.77003
-6.68245
-7.58944
-8.49099
-9.38708
-10.2777
-11.163
-12.0428
-12.9173
-13.7865
-14.6505
-15.5094
-16.3632
-17.2122
-18.0564
-18.8959
-19.731
-20.5618
-21.3886
-22.2114
-23.0307
-23.8467
-24.6596
-25.4698
-26.2776
-27.0836
-27.888
-28.6913
-29.4941
-30.2968
-31.1001
-31.9046
-32.7108
-33.5197
-34.3317
-35.1479
-35.9688
-36.7955
-37.6287
-38.4695
-39.3185
-40.1769
-41.0454
-41.925
-42.8164
-43.7204
-44.6376
-45.5685
-46.5134
-47.4725
-48.4454
-49.4318
-50.4306
-51.4405
-52.4595
-53.4854
-54.515
-55.5446
-56.5701
-57.5865
-58.5885
-59.5705
-60.5266
-61.4508
-62.3374
-63.1813
-63.9777
-64.7231
-65.4147
-66.051
-66.6313
-67.1563
-67.6275
-68.0472
-68.4184
-68.7445
-69.0291
-69.2761
-69.4893
-69.6724
-69.8289
-69.9621
-70.0749
-70.17
-70.2499
-70.3167
-70.3722
-70.4182
-70.456
-70.4868
-70.5117
-70.5316
-70.5473
-70.5594
-70.5685
-70.575
-70.5794
-70.582
-70.5831
-70.5829
-70.5816
-70.5794
-70.5765
-70.573
-70.569
-70.5645
-70.5597
-70.5546
-70.5493
-70.5438
-70.5381
-70.5323
-70.5265
-70.5205
-70.5146
-70.5086
-70.5026
-70.4966
-70.4907
-70.4847
-70.4788
-70.4729
-70.4671
-70.4613
-70.4556
-70.4499
-70.4442
-70.4387
-70.4332
-70.4277
-70.4223
-70.417
-70.4117
-70.4065
-70.4014
-70.3963
-70.3913
-70.3864
-70.3815
-70.3767
-70.372
-70.3673
-70.3627
-70.3581
-70.3536
-70.3492
-70.3448
-70.3405
-70.3363
-70.3321
-70.3279
-70.3239
-70.3198
-70.3159
-70.312
-70.3081
-70.3043
-70.3005
-70.2968
-70.2932
-70.2896
-70.286
-70.2825
-70.2791
-70.2757
-70.2723
-70.269
-70.2657
-70.2625
-70.2593
-70.2561
-70.253
-70.25
-70.2469
-70.2439
-70.241
-70.2381
-70.2352
-70.2323
-70.2295
-70.2267
-70.224
-70.2213
-70.2186
-70.2159
-70.2133
-70.2107
-70.2081
-70.2056
-70.2031
-70.2006
-70.1981
-70.1957
-70.1933
-70.1909
-70.1885
-70.1861
-70.1838
-70.1815
-70.1792
-70.1769
-70.1747
-70.1724
-70.1702
-70.168
-70.1658
-70.1636
-70.1614
-70.1593
-70.1571
-70.155
-70.1529
-70.1507
-70.1486
-70.1465
-70.1444
-70.1424
-70.1403
-70.1382
-70.1361
-70.1341
-70.132
-70.13
-70.1279
-70.1258
-70.1238
-70.1217
-70.1197
-70.1176
-70.1156
-70.1135
-70.1115
-70.1094
-70.1073
-70.1053
-70.1032
-70.1011
-70.099
-70.0969
-70.0948
-70.0927
-70.0906
-70.0885
-70.0863
-70.0842
-70.082
-70.0799
-70.0777
-70.0755
-70.0733
-70.0711
-70.0689
-70.0666
-70.0644
-70.0621
-70.0598
-70.0575
-70.0552
-70.0529
-70.0505
-70.0481
-70.0458
-70.0434
-70.0409
-70.0385
-70.036
-70.0335
-70.031
-70.0285
-70.0259
-70.0234
-70.0208
-70.0182
-70.0155
-70.0129
-70.0102
-70.0075
-70.0047
-70.002
-69.9992
-69.9964
-69.9935
-69.9906
-69.9878
-69.9848
-69.9819
-69.9789
-69.9759
-69.9729
-69.9698
-69.9667
-69.9636
-69.9604
-69.9573
-69.954
-69.9508
-69.9475
-69.9442
-69.9409
-69.9375
-69.9341
-69.9307
-69.9272
-69.9237
-69.9202
-69.9166
-69.913
-69.9094
-69.9057
-69.902
-69.8983
-69.8945
-69.8907
-69.8868
-69.8829
-69.879
-69.8751
-69.8711
-69.8671
-69.863
-69.8589
-69.8548
-69.8506
-69.8464
-69.8422
-69.8379
-69.8336
-69.8292
-69.8248
-69.8204
-69.8159
-69.8114
-69.8068
-69.8022
-69.7976
-69.793
-69.7883
-69.7835
-69.7787
-69.7739
-69.769
-69.7641
-69.7592
-69.7542
-69.7492
-69.7442
-69.7391
-69.7339
-69.7287
-69.7235
-69.7183
-69.713
-69.7076
-69.7023
-69.6968
-69.6914
-69.6859
-69.6803
-69.6748
-69.6691
-69.6635
-69.6578
-69.652
-69.6463
-69.6404
-69.6346
-69.6287
-69.6227
-69.6167
-69.6107
-69.6047
-69.5986
-69.5924
-69.5862
-69.58
-69.5737
-69.5674
-69.5611
-69.5547
-69.5483
-69.5418
-69.5353
-69.5288
-69.5222
-69.5156
-69.5089
-69.5022
-69.4954
-69.4887
-69.4818
-69.475
-69.4681
-69.4611
-69.4542
-69.4471
-69.4401
-69.433
-69.4259
-69.4187
-69.4115
-69.4042
-69.3969
-69.3896
-69.3822
-69.3748
-69.3674
-69.3599
-69.3524
-69.3448
-69.3372
-69.3296
-69.322
-69.3142
-69.3065
-69.2987
-69.2909
-69.2831
-69.2752
-69.2673
-69.2593
-69.2513
-69.2433
-69.2352
-69.2271
-69.219
-69.2108
-69.2026
-69.1944
-69.1861
-69.1778
-69.1694
-69.1611
-69.1526
-69.1442
-69.1357
-69.1272
-69.1187
-69.1101
-69.1015
-69.0928
-69.0842
-69.0755
-69.0667
-69.058
-69.0492
-69.0403
-69.0315
-69.0226
-69.0137
-69.0047
-68.9957
-68.9867
-68.9777
-68.9686
-68.9595
-68.9504
-68.9412
-68.932
-68.9228
-68.9135
-68.9043
-68.895
-68.8856
-68.8763
-68.8669
-68.8575
-68.848
-68.8386
-68.8291
-68.8196
-68.81
-68.8005
-68.7909
-68.7812
-68.7716
-68.7619
-68.7522
-68.7425
-68.7328
-68.723
-68.7132
-68.7034
-68.6935
-68.6837
-68.6738
-68.6639
-68.654
-68.644
-68.634
-68.624
-68.614
-68.604
-68.5939
-68.5839
-68.5738
-68.5636
-68.5535
-68.5434
-68.5332
-68.523
-68.5128
-68.5025
-68.4923
-68.482
-68.4717
-68.4614
-68.4511
-68.4408
-68.4304
-68.4201
-68.4097
-68.3993
-68.3889
-68.3784
-68.368
-68.3575
-68.347
-68.3366
-68.326
-68.3155
-68.305
-68.2944
-68.2839
-68.2733
-68.2627
-68.2521
-68.2415
-68.2308
-68.2202
-68.2096
-68.1989
-68.1882
-68.1775
-68.1668
-68.1561
-68.1454
-68.1347
-68.1239
-68.1132
-68.1024
-68.0917
-68.0809
-68.0701
-68.0593
-68.0485
-68.0377
-68.0269
-68.0161
-68.0053
-67.9944
-67.9836
-67.9727
-67.9619
-67.951
-67.9402
-67.9293
-67.9184
-67.9075
-67.8966
-67.8858
-67.8749
-67.864
-67.8531
-67.8422
-67.8312
-67.8203
-67.8094
-67.7985
-67.7876
-67.7766
-67.7657
-67.7548
-67.7438
-67.7329
-67.722
-67.711
-67.7001
-67.6892
-67.6782
-67.6673
-67.6564
-67.6454
-67.6345
-67.6235
-67.6126
-67.6017
-67.5907
-67.5798
-67.5689
-67.558
-67.547
-67.5361
-67.5252
-67.5143
-67.5034
-67.4925
-67.4816
-67.4707
-67.4598
-67.4489
-67.438
-67.4271
-67.4162
-67.4054
-67.3945
-67.3836
-67.3728
-67.3619
-67.3511
-67.3402
-67.3294
-67.3186
-67.3077
-67.2969
-67.2861
-67.2753
-67.2645
-67.2537
-67.2429
-67.2322
-67.2214
-67.2107
-67.1999
-67.1892
-67.1784
-67.1677
-67.157
-67.1463
-67.1356
-67.1249
-67.1143
-67.1036
-67.0929
-67.0823
-67.0717
-67.0611
-67.0504
-67.0398
-67.0293
-67.0187
-67.0081
-66.9976
-66.9871
-66.9765
-66.966
-66.9555
-66.945
-66.9346
-66.9241
-66.9137
-66.9032
-66.8928
-66.8824
-66.872
-66.8617
-66.8513
-66.8409
-66.8306
-66.8203
-66.81
-66.7997
-66.7894
-66.7791
-66.7689
-66.7587
-66.7484
-66.7382
-66.7281
-66.7179
-66.7077
-66.6976
-66.6875
-66.6774
-66.6673
-66.6572
-66.6472
-66.6371
-66.6271
-66.6171
-66.6071
-66.5972
-66.5872
-66.5773
-66.5674
-66.5575
-66.5476
-66.5378
-66.528
-66.5181
-66.5084
-66.4986
-66.4888
-66.4791
-66.4694
-66.4597
-66.45
-66.4404
-66.4307
-66.4211
-66.4115
-66.402
-66.3924
-66.3829
-66.3734
-66.3639
-66.3544
-66.3449
-66.3355
-66.3261
-66.3167
-66.3074
-66.298
-66.2887
-66.2794
-66.2701
-66.2609
-66.2516
-66.2424
-66.2332
-66.224
-66.2149
-66.2058
-66.1967
-66.1876
-66.1785
-66.1695
-66.1605
-66.1515
-66.1426
-66.1336
-66.1247
-66.1158
-66.107
-66.0981
-66.0893
-66.0805
-66.0718
-66.063
-66.0543
-66.0456
-66.0369
-66.0283
-66.0197
-66.0111
-66.0025
-65.994
-65.9855
-65.977
-65.9686
-65.9601
-65.9517
-65.9433
-65.935
-65.9267
-65.9183
-65.9101
-65.9018
-65.8936
-65.8854
-65.8772
-65.8691
-65.8609
-65.8529
-65.8448
-65.8367
-65.8287
-65.8207
-65.8128
-65.8048
-65.7969
-65.789
-65.7812
-65.7733
-65.7655
-65.7578
-65.75
-65.7423
-65.7346
-65.7269
-65.7193
-65.7117
-65.7041
-65.6966
-65.689
-65.6815
-65.6741
-65.6666
-65.6592
-65.6518
-65.6445
-65.6372
-65.6299
-65.6226
-65.6154
-65.6081
-65.601
-65.5938
-65.5867
-65.5796
-65.5725
-65.5655
-65.5585
-65.5515
-65.5446
-65.5377
-65.5308
-65.5239
-65.5171
-65.5103
-65.5036
-65.4968
-65.4901
-65.4835
-65.4768
-65.4702
-65.4636
-65.4571
-65.4506
-65.4441
-65.4376
-65.4312
-65.4248
-65.4184
-65.4121
-65.4058
-65.3995
-65.3932
-65.387
-65.3808
-65.3747
-65.3685
-65.3624
-65.3564
-65.3503
-65.3443
-65.3384
-65.3324
-65.3265
-65.3206
-65.3147
-65.3089
-65.3031
-65.2973
-65.2916
-65.2859
-65.2802
-65.2746
-65.269
-65.2634
-65.2578
-65.2523
-65.2468
-65.2414
-65.2359
-65.2305
-65.2252
-65.2198
-65.2145
-65.2093
-65.204
-65.1988
-65.1936
-65.1885
-65.1834
-65.1783
-65.1732
-65.1682
-65.1632
-65.1583
-65.1533
-65.1484
-65.1436
-65.1387
-65.1339
-65.1292
-65.1244
-65.1197
-65.115
-65.1104
-65.1058
-65.1012
-65.0966
-65.0921
-65.0876
-65.0832
-65.0788
-65.0744
-65.07
-65.0657
-65.0614
-65.0571
-65.0529
-65.0487
-65.0445
-65.0404
-65.0363
-65.0322
-65.0282
-65.0242
-65.0202
-65.0162
-65.0123
-65.0084
-65.0046
-65.0008
-64.997
-64.9932
-64.9895
-64.9858
-64.9821
-64.9785
-64.9749
-64.9713
-64.9678
-64.9643
-64.9608
-64.9573
-64.9539
-64.9505
-64.9472
-64.9438
-64.9405
-64.9373
-64.934
-64.9308
-64.9276
-64.9245
-64.9214
-64.9183
-64.9152
-64.9122
-64.9092
-64.9062
-64.9033
-64.9003
-64.8975
-64.8946
-64.8918
-64.889
-64.8862
-64.8835
-64.8808
-64.8781
-64.8754
-64.8728
-64.8702
-64.8676
-64.8651
-64.8626
-64.8601
-64.8577
-64.8552
-64.8528
-64.8505
-64.8481
-64.8458
-64.8435
-64.8413
-64.8391
-64.8369
-64.8347
-64.8326
-64.8304
-64.8284
-64.8263
-64.8243
-64.8223
-64.8203
-64.8183
-64.8164
-64.8145
-64.8127
-64.8108
-64.809
-64.8072
-64.8055
-64.8037
-64.802
-64.8003
-64.7987
-64.7971
-64.7955
-64.7939
-64.7923
-64.7908
-64.7893
-64.7879
-64.7864
-64.785
-64.7836
-64.7822
-64.7809
-64.7796
-64.7783
-64.777
-64.7758
-64.7746
-64.7734
-64.7722
-64.7711
-64.7699
-64.7688
-64.7678
-64.7667
-64.7657
-64.7647
-64.7637
-64.7628
-64.7619
-64.7609
-64.7601
-64.7592
-64.7584
-64.7576
-64.7568
-64.756
-64.7553
-64.7546
-64.7539
-64.7532
-64.7525
-64.6719
-64.5149
-64.2856
-63.9879
-63.6257
-63.203
-62.7237
-62.1918
-61.6112
-60.9856
-60.3186
-59.6137
-58.8741
-58.103
-57.3033
-56.4774
-55.6275
-54.7557
-53.8634
-52.9515
-52.0207
-51.0708
-50.1012
-49.1104
-48.0961
-47.055
-45.9827
-44.8737
-43.7209
-42.5155
-41.2469
-39.9023
-38.4661
-36.9201
-35.2424
-33.4074
-31.3854
-29.1418
-26.6379
-23.8312
-20.6773
-17.1334
-13.1649
-8.75554
-3.92069
1.27696
6.71507
12.2105
17.5368
22.4603
26.7854
30.3909
33.2437
35.3866
36.9118
37.9317
38.5559
38.8792
38.9767
38.9047
38.7039
38.403
38.0222
37.5755
37.0731
36.5221
35.9282
35.2957
34.6279
33.928
33.1984
32.4413
31.659
30.8533
30.0261
29.179
28.3137
27.4317
26.5345
25.6236
24.7002
23.7656
22.8212
21.868
20.9071
19.9397
18.9667
17.989
17.0076
16.0232
15.0368
14.0489
13.0604
12.0718
11.0837
10.0968
9.11141
8.12812
7.14733
6.16945
5.19483
4.22381
3.25667
2.29368
1.33508
0.381083
-0.568129
-1.51239
-2.45157
-3.38553
-4.31421
-5.2375
-6.15535
-7.06771
-7.97455
-8.87586
-9.77163
-10.6619
-11.5467
-12.426
-13.2999
-14.1684
-15.0318
-15.8899
-16.743
-17.5912
-18.4346
-19.2733
-20.1076
-20.9376
-21.7635
-22.5857
-23.4042
-24.2195
-25.0318
-25.8415
-26.649
-27.4546
-28.2588
-29.0621
-29.865
-30.668
-31.4718
-32.277
-33.0842
-33.8942
-34.7076
-35.5255
-36.3484
-37.1773
-38.0131
-38.8567
-39.7089
-40.5706
-41.4428
-42.3263
-43.2218
-44.1301
-45.0516
-45.9868
-46.9359
-47.8989
-48.8755
-49.8648
-50.8659
-51.8771
-52.8964
-53.921
-54.9476
-55.9724
-56.9909
-57.998
-58.9884
-59.9563
-60.8957
-61.801
-62.6667
-63.4877
-64.26
-64.9804
-65.6464
-66.2572
-66.8125
-67.3134
-67.7617
-68.16
-68.5114
-68.8194
-69.0878
-69.3204
-69.5208
-69.6926
-69.8394
-69.9641
-70.0696
-70.1585
-70.2331
-70.2953
-70.347
-70.3898
-70.4248
-70.4534
-70.4764
-70.4947
-70.509
-70.52
-70.5282
-70.534
-70.5377
-70.5398
-70.5404
-70.5399
-70.5383
-70.536
-70.5329
-70.5292
-70.5251
-70.5205
-70.5157
-70.5105
-70.5052
-70.4997
-70.494
-70.4883
-70.4824
-70.4765
-70.4706
-70.4647
-70.4588
-70.4528
-70.4469
-70.441
-70.4352
-70.4294
-70.4236
-70.4179
-70.4122
-70.4066
-70.4011
-70.3956
-70.3901
-70.3848
-70.3795
-70.3742
-70.3691
-70.3639
-70.3589
-70.3539
-70.349
-70.3442
-70.3394
-70.3347
-70.33
-70.3254
-70.3209
-70.3164
-70.312
-70.3077
-70.3034
-70.2992
-70.2951
-70.291
-70.2869
-70.2829
-70.279
-70.2752
-70.2713
-70.2676
-70.2639
-70.2602
-70.2566
-70.2531
-70.2496
-70.2461
-70.2427
-70.2394
-70.236
-70.2328
-70.2296
-70.2264
-70.2233
-70.2202
-70.2171
-70.2141
-70.2112
-70.2082
-70.2054
-70.2025
-70.1997
-70.1969
-70.1942
-70.1915
-70.1888
-70.1862
-70.1835
-70.181
-70.1784
-70.1759
-70.1734
-70.1709
-70.1685
-70.1661
-70.1637
-70.1614
-70.159
-70.1567
-70.1544
-70.1522
-70.1499
-70.1477
-70.1455
-70.1433
-70.1411
-70.139
-70.1369
-70.1347
-70.1326
-70.1305
-70.1285
-70.1264
-70.1244
-70.1223
-70.1203
-70.1183
-70.1163
-70.1143
-70.1123
-70.1103
-70.1083
-70.1063
-70.1044
-70.1024
-70.1005
-70.0985
-70.0966
-70.0946
-70.0927
-70.0907
-70.0888
-70.0868
-70.0849
-70.0829
-70.081
-70.079
-70.0771
-70.0751
-70.0732
-70.0712
-70.0692
-69.9845
-69.8246
-69.5966
-69.3073
-68.9632
-68.5703
-68.1344
-67.6608
-67.1545
-66.6203
-66.0623
-65.4848
-64.8913
-64.2852
-63.6698
-63.0479
-62.4221
-61.7947
-61.1679
-60.5435
-59.9232
-59.3085
-58.7006
-58.1007
-57.5096
-56.928
-56.3566
-55.7957
-55.2456
-54.7064
-54.1781
-53.6606
-53.1535
-52.6564
-52.169
-51.6905
-51.2203
-50.7575
-50.3013
-49.8507
-49.4047
-48.9621
-48.5217
-48.0822
-47.6424
-47.2007
-46.7556
-46.3057
-45.8491
-45.3843
-44.9093
-44.4221
-43.9208
-43.4031
-42.8665
-42.3087
-41.7269
-41.1181
-40.4792
-39.8068
-39.0972
-38.3464
-37.55
-36.7035
-35.8017
-34.8393
-33.8107
-32.7097
-31.5302
-30.2657
-28.9101
-27.4573
-25.9018
-24.2392
-22.4665
-20.583
-18.5907
-16.495
-14.306
-12.0384
-9.7125
-7.35378
-4.99256
-2.66278
-0.400399
1.75884
3.78164
5.63926
7.30919
8.77608
10.032
11.0758
11.9124
12.5512
13.0049
13.2883
13.4169
13.4063
13.2717
13.0272
12.6859
12.2595
11.7586
11.1927
10.57
9.89798
9.18307
8.431
7.64685
6.83508
5.99966
5.14409
4.27148
3.38459
2.48589
1.57756
0.661557
-0.260401
-1.18677
-2.11618
-3.04741
-3.97938
-4.91113
-5.84183
-6.77074
-7.6972
-8.62065
-9.54058
-10.4566
-11.3683
-12.2753
-13.1775
-14.0746
-14.9665
-15.853
-16.7341
-17.6096
-18.4796
-19.3441
-20.2032
-21.0569
-21.9054
-22.7488
-23.5873
-24.4211
-25.2505
-26.0758
-26.8972
-27.7152
-28.5302
-29.3425
-30.1526
-30.9612
-31.7686
-32.5756
-33.3826
-34.1905
-34.9998
-35.8113
-36.6257
-37.4438
-38.2664
-39.0942
-39.928
-40.7686
-41.6168
-42.4732
-43.3384
-44.213
-45.0974
-45.9918
-46.8966
-47.8114
-48.736
-49.6697
-50.6116
-51.5604
-52.5142
-53.4711
-54.4282
-55.3826
-56.3308
-57.2688
-58.1924
-59.0972
-59.9786
-60.8321
-61.6532
-62.4379
-63.1825
-63.8842
-64.5407
-65.1504
-65.7128
-66.2278
-66.6964
-67.1199
-67.5004
-67.8403
-68.1424
-68.4094
-68.6444
-68.8504
-69.0302
-69.1866
-69.3221
-69.4393
-69.5402
-69.6269
-69.7012
-69.7647
-69.8188
-69.8647
-69.9035
-69.9362
-69.9637
-69.9866
-70.0057
-70.0214
-70.0341
-70.0445
-70.0526
-70.059
-70.0638
-70.0672
-70.0696
-70.0709
-70.0714
-70.0712
-70.0704
-70.069
-70.0673
-70.0651
-70.0627
-70.06
-70.0571
-70.054
-70.0507
-70.0474
-70.0439
-70.0404
-70.0368
-70.0332
-70.0296
-70.026
-70.0223
-70.0187
-70.015
-70.0114
-70.0078
-70.0043
-70.0008
-69.9973
-69.9938
-69.9904
-69.9871
-69.9838
-69.9805
-69.9773
-69.9741
-69.971
-69.9679
-69.9649
-69.9619
-69.959
-69.9562
-69.9534
-69.9506
-69.9479
-69.9452
-69.9426
-69.9401
-69.9375
-69.9351
-69.9327
-69.9303
-69.928
-69.9257
-69.9234
-69.9213
-69.9191
-69.917
-69.9149
-69.9129
-69.9109
-69.909
-69.9071
-69.9052
-69.9034
-69.9016
-69.8998
-69.8981
-69.8964
-69.8948
-69.8931
-69.8916
-69.89
-69.8885
-69.887
-69.8855
-69.884
-69.8826
-69.8812
-69.8799
-69.8785
-69.8772
-69.8759
-69.8746
-69.8734
-69.8721
-69.8709
-69.8697
-69.8686
-69.8674
-69.8663
-69.8651
-69.864
-69.8629
-69.8618
-69.8608
-69.8597
-69.8586
-69.8576
-69.8566
-69.8556
-69.8546
-69.8536
-69.8526
-69.8516
-69.8506
-69.8496
-69.8486
-69.8477
-69.8467
-69.8457
-69.8448
-69.8438
-69.8429
-69.8419
-69.8409
-69.84
-69.839
-69.838
-69.8371
-69.8361
-69.8351
-69.8341
-69.8331
-69.8321
-69.8311
-69.8301
-69.8291
-69.8281
-69.827
-69.826
-69.8249
-69.8239
-69.8228
-69.8217
-69.8206
-69.8195
-69.8183
-69.8172
-69.816
-69.8148
-69.8136
-69.8124
-69.8112
-69.81
-69.8087
-69.8074
-69.8061
-69.8048
-69.8035
-69.8021
-69.8007
-69.7993
-69.7979
-69.7965
-69.795
-69.7935
-69.792
-69.7904
-69.7889
-69.7873
-69.7857
-69.7841
-69.7824
-69.7807
-69.779
-69.7772
-69.7755
-69.7737
-69.7719
-69.77
-69.7681
-69.7662
-69.7643
-69.7623
-69.7603
-69.7583
-69.7562
-69.7541
-69.752
-69.7498
-69.7476
-69.7454
-69.7431
-69.7409
-69.7385
-69.7362
-69.7338
-69.7314
-69.7289
-69.7264
-69.7239
-69.7213
-69.7187
-69.7161
-69.7134
-69.7107
-69.7079
-69.7052
-69.7023
-69.6995
-69.6966
-69.6937
-69.6907
-69.6877
-69.6846
-69.6816
-69.6784
-69.6753
-69.6721
-69.6688
-69.6655
-69.6622
-69.6589
-69.6555
-69.652
-69.6485
-69.645
-69.6415
-69.6379
-69.6342
-69.6305
-69.6268
-69.6231
-69.6192
-69.6154
-69.6115
-69.6076
-69.6036
-69.5996
-69.5955
-69.5914
-69.5873
-69.5831
-69.5789
-69.5746
-69.5703
-69.566
-69.5616
-69.5571
-69.5527
-69.5481
-69.5436
-69.539
-69.5343
-69.5296
-69.5249
-69.5201
-69.5153
-69.5104
-69.5055
-69.5006
-69.4956
-69.4906
-69.4855
-69.4804
-69.4752
-69.47
-69.4647
-69.4595
-69.4541
-69.4487
-69.4433
-69.4379
-69.4324
-69.4268
-69.4212
-69.4156
-69.4099
-69.4042
-69.3984
-69.3926
-69.3868
-69.3809
-69.375
-69.369
-69.363
-69.3569
-69.3508
-69.3447
-69.3385
-69.3323
-69.326
-69.3197
-69.3133
-69.307
-69.3005
-69.294
-69.2875
-69.281
-69.2744
-69.2678
-69.2611
-69.2544
-69.2476
-69.2408
-69.234
-69.2271
-69.2202
-69.2132
-69.2062
-69.1992
-69.1921
-69.185
-69.1779
-69.1707
-69.1635
-69.1562
-69.1489
-69.1415
-69.1342
-69.1267
-69.1193
-69.1118
-69.1043
-69.0967
-69.0891
-69.0815
-69.0738
-69.0661
-69.0583
-69.0505
-69.0427
-69.0349
-69.027
-69.0191
-69.0111
-69.0031
-68.9951
-68.987
-68.9789
-68.9708
-68.9626
-68.9544
-68.9462
-68.9379
-68.9296
-68.9213
-68.9129
-68.9045
-68.8961
-68.8876
-68.8791
-68.8706
-68.8621
-68.8535
-68.8449
-68.8362
-68.8275
-68.8188
-68.8101
-68.8013
-68.7925
-68.7837
-68.7748
-68.7659
-68.757
-68.7481
-68.7391
-68.7301
-68.7211
-68.712
-68.7029
-68.6938
-68.6847
-68.6755
-68.6663
-68.6571
-68.6479
-68.6386
-68.6293
-68.62
-68.6106
-68.6013
-68.5919
-68.5825
-68.573
-68.5635
-68.5541
-68.5446
-68.535
-68.5255
-68.5159
-68.5063
-68.4967
-68.487
-68.4774
-68.4677
-68.458
-68.4482
-68.4385
-68.4287
-68.4189
-68.4091
-68.3993
-68.3895
-68.3796
-68.3697
-68.3598
-68.3499
-68.34
-68.33
-68.32
-68.31
-68.3
-68.29
-68.28
-68.2699
-68.2598
-68.2497
-68.2396
-68.2295
-68.2194
-68.2092
-68.199
-68.1889
-68.1787
-68.1685
-68.1582
-68.148
-68.1378
-68.1275
-68.1172
-68.1069
-68.0966
-68.0863
-68.076
-68.0657
-68.0553
-68.045
-68.0346
-68.0242
-68.0139
-68.0035
-67.9931
-67.9827
-67.9722
-67.9618
-67.9514
-67.9409
-67.9305
-67.92
-67.9096
-67.8991
-67.8886
-67.8781
-67.8676
-67.8571
-67.8466
-67.8361
-67.8255
-67.815
-67.8045
-67.7939
-67.7834
-67.7728
-67.7623
-67.7517
-67.7412
-67.7306
-67.72
-67.7095
-67.6989
-67.6883
-67.6777
-67.6671
-67.6566
-67.646
-67.6354
-67.6248
-67.6142
-67.6036
-67.593
-67.5824
-67.5718
-67.5612
-67.5506
-67.54
-67.5295
-67.5189
-67.5083
-67.4977
-67.4871
-67.4765
-67.4659
-67.4554
-67.4448
-67.4342
-67.4236
-67.4131
-67.4025
-67.3919
-67.3814
-67.3708
-67.3603
-67.3497
-67.3392
-67.3286
-67.3181
-67.3076
-67.297
-67.2865
-67.276
-67.2655
-67.255
-67.2445
-67.234
-67.2235
-67.213
-67.2025
-67.1921
-67.1816
-67.1712
-67.1607
-67.1503
-67.1398
-67.1294
-67.119
-67.1086
-67.0982
-67.0878
-67.0774
-67.0671
-67.0567
-67.0464
-67.036
-67.0257
-67.0154
-67.0051
-66.9948
-66.9845
-66.9742
-66.964
-66.9537
-66.9435
-66.9333
-66.923
-66.9128
-66.9027
-66.8925
-66.8823
-66.8722
-66.862
-66.8519
-66.8418
-66.8317
-66.8216
-66.8115
-66.8014
-66.7914
-66.7813
-66.7713
-66.7613
-66.7513
-66.7413
-66.7313
-66.7214
-66.7115
-66.7015
-66.6916
-66.6817
-66.6718
-66.662
-66.6521
-66.6423
-66.6325
-66.6227
-66.6129
-66.6032
-66.5934
-66.5837
-66.574
-66.5643
-66.5546
-66.5449
-66.5353
-66.5257
-66.5161
-66.5065
-66.4969
-66.4874
-66.4779
-66.4683
-66.4589
-66.4494
-66.4399
-66.4305
-66.4211
-66.4117
-66.4023
-66.3929
-66.3836
-66.3743
-66.365
-66.3557
-66.3465
-66.3372
-66.328
-66.3188
-66.3096
-66.3005
-66.2913
-66.2822
-66.2731
-66.264
-66.255
-66.2459
-66.2369
-66.2279
-66.219
-66.21
-66.2011
-66.1922
-66.1833
-66.1744
-66.1656
-66.1568
-66.148
-66.1392
-66.1305
-66.1217
-66.113
-66.1044
-66.0957
-66.0871
-66.0785
-66.0699
-66.0613
-66.0528
-66.0443
-66.0358
-66.0273
-66.0189
-66.0105
-66.0021
-65.9937
-65.9854
-65.9771
-65.9688
-65.9605
-65.9523
-65.9441
-65.9359
-65.9278
-65.9196
-65.9115
-65.9034
-65.8954
-65.8873
-65.8793
-65.8713
-65.8634
-65.8554
-65.8475
-65.8396
-65.8318
-65.8239
-65.8161
-65.8083
-65.8006
-65.7929
-65.7852
-65.7775
-65.7698
-65.7622
-65.7546
-65.747
-65.7395
-65.732
-65.7245
-65.717
-65.7096
-65.7022
-65.6948
-65.6874
-65.6801
-65.6728
-65.6655
-65.6583
-65.6511
-65.6439
-65.6367
-65.6296
-65.6225
-65.6154
-65.6084
-65.6013
-65.5943
-65.5874
-65.5804
-65.5735
-65.5667
-65.5598
-65.553
-65.5462
-65.5395
-65.5327
-65.526
-65.5193
-65.5127
-65.5061
-65.4995
-65.493
-65.4864
-65.4799
-65.4735
-65.467
-65.4606
-65.4543
-65.4479
-65.4416
-65.4353
-65.429
-65.4228
-65.4166
-65.4104
-65.4043
-65.3982
-65.3921
-65.386
-65.38
-65.374
-65.368
-65.3621
-65.3562
-65.3503
-65.3445
-65.3386
-65.3329
-65.3271
-65.3214
-65.3157
-65.31
-65.3043
-65.2987
-65.2931
-65.2876
-65.2821
-65.2766
-65.2711
-65.2657
-65.2603
-65.2549
-65.2495
-65.2442
-65.2389
-65.2337
-65.2285
-65.2233
-65.2181
-65.213
-65.2079
-65.2028
-65.1977
-65.1927
-65.1878
-65.1828
-65.1779
-65.173
-65.1681
-65.1633
-65.1585
-65.1537
-65.149
-65.1443
-65.1396
-65.135
-65.1304
-65.1258
-65.1212
-65.1167
-65.1122
-65.1077
-65.1033
-65.0989
-65.0945
-65.0902
-65.0859
-65.0816
-65.0774
-65.0732
-65.069
-65.0648
-65.0607
-65.0566
-65.0526
-65.0485
-65.0445
-65.0406
-65.0366
-65.0327
-65.0288
-65.025
-65.0212
-65.0174
-65.0136
-65.0099
-65.0062
-65.0026
-64.9989
-64.9953
-64.9918
-64.9882
-64.9847
-64.9812
-64.9778
-64.9744
-64.971
-64.9676
-64.9643
-64.961
-64.9577
-64.9544
-64.9512
-64.948
-64.9449
-64.9418
-64.9387
-64.9356
-64.9325
-64.9295
-64.9266
-64.9236
-64.9207
-64.9178
-64.9149
-64.9121
-64.9092
-64.9065
-64.9037
-64.901
-64.8983
-64.8956
-64.893
-64.8903
-64.8878
-64.8852
-64.8827
-64.8802
-64.8777
-64.8752
-64.8728
-64.8704
-64.8681
-64.8657
-64.8634
-64.8611
-64.8589
-64.8566
-64.8544
-64.8523
-64.8501
-64.848
-64.8459
-64.8438
-64.8418
-64.8398
-64.8378
-64.8358
-64.8339
-64.832
-64.8301
-64.8283
-64.8264
-64.8246
-64.8229
-64.8211
-64.8194
-64.8177
-64.816
-64.8144
-64.8127
-64.8111
-64.8096
-64.808
-64.8065
-64.805
-64.8035
-64.8021
-64.8007
-64.7993
-64.7979
-64.7966
-64.7952
-64.7939
-64.7927
-64.7914
-64.7902
-64.789
-64.7878
-64.7867
-64.7855
-64.7844
-64.7833
-64.7823
-64.7812
-64.7802
-64.7792
-64.7783
-64.7773
-64.7764
-64.7755
-64.7746
-64.7738
-64.7729
-64.7721
-64.7714
-64.7706
-64.7698
-64.7691
-64.7684
-64.7677
-64.7671
-64.7665
-64.7658
-64.7652
-64.7647
-64.7641
-64.7636
-64.7631
-64.7626
-64.7621
-64.7617
-64.7612
-64.7608
-64.7604
-64.7601
-64.7597
-64.7594
-64.7591
-64.7588
-64.7585
-64.7583
-64.758
-64.7578
-64.7576
-64.7574
-64.7573
-64.7571
-64.757
-64.7569
-64.7568
-64.7567
-64.7567
-64.7566
-64.7566
-64.7566
-64.7566
-64.7567
-64.7567
-64.7568
-64.7569
-64.757
-64.7571
-64.7572
-64.7574
-64.7575
-64.7577
-64.7579
-64.7581
-64.7583
-64.7586
-64.7588
-64.7591
-64.7594
-64.7597
-64.76
-64.7603
-64.7607
-64.761
-64.7614
-64.7618
-64.7622
-64.7626
-64.763
-64.7634
-64.7639
-64.7644
-64.7648
-64.7653
-64.7658
-64.7663
-64.7669
-64.7674
-64.768
-64.7685
-64.7691
-64.7697
-64.7703
-64.7709
-64.7715
-64.7722
-64.7728
-64.7734
-64.7741
-64.7748
-64.7755
-64.7762
-64.7769
-64.7776
-64.7783
-64.7791
-64.7798
-64.7806
-64.7813
-64.7821
-64.7829
-64.7837
-64.7845
-64.7853
-64.7861
-64.7869
-64.7878
-64.7886
-64.7895
-64.7903
-64.7912
-64.7921
-64.7929
-64.7938
-64.7947
-64.7956
-64.7965
-64.7975
-64.7984
-64.7993
-64.8003
-64.8012
-64.8022
-64.8031
-64.8041
-64.805
-64.806
-64.807
-64.808
-64.809
-64.81
-64.811
-64.812
-64.813
-64.814
-64.815
-64.8161
-64.8171
-64.8181
-64.8192
-64.8202
-64.8213
-64.8223
-64.8234
-64.8244
-64.8255
-64.8266
-64.8276
-64.8287
-64.8298
-64.8309
-64.8319
-64.833
-64.8341
-64.8352
-64.8363
-64.8374
-64.8385
-64.8396
-64.8407
-64.8418
-64.7628
-64.6074
-64.3795
-64.0831
-63.7222
-63.3008
-62.8228
-62.2922
-61.7128
-61.0884
-60.4228
-59.7193
-58.9812
-58.2118
-57.4138
-56.5899
-55.7422
-54.8729
-53.9833
-53.0746
-52.1474
-51.2017
-50.2369
-49.2516
-48.2437
-47.2101
-46.1466
-45.0478
-43.907
-42.7157
-41.4638
-40.1388
-38.726
-37.2075
-35.5624
-33.7661
-31.7898
-29.6002
-27.1597
-24.4268
-21.3577
-17.9094
-14.0454
-9.7449
-5.01568
0.0911298
5.46739
10.944
16.3035
21.3126
25.7657
29.5243
32.5359
34.8274
36.4813
37.606
38.3123
38.6979
38.8421
38.8049
38.6303
38.3493
37.984
37.5496
37.057
36.5143
35.9273
35.3006
34.6379
33.9423
33.2165
32.4628
31.6834
30.8802
30.0552
29.21
28.3463
27.4657
26.5697
25.6596
24.737
23.8031
22.8591
21.9062
20.9455
19.9782
19.0051
18.0274
17.0457
16.0612
15.0744
14.0861
13.0972
12.1081
11.1195
10.132
9.14606
8.16217
7.18077
6.20225
5.22699
4.25532
3.28752
2.32387
1.36461
0.409957
-0.539909
-1.48482
-2.42464
-3.35924
-4.28854
-5.21245
-6.13091
-7.04386
-7.95128
-8.85315
-9.74948
-10.6403
-11.5256
-12.4054
-13.2798
-14.1488
-15.0126
-15.8712
-16.7247
-17.5733
-18.4171
-19.2562
-20.0908
-20.9212
-21.7474
-22.5699
-23.3887
-24.2042
-25.0168
-25.8267
-26.6344
-27.4402
-28.2445
-29.0479
-29.8509
-30.654
-31.4579
-32.2631
-33.0703
-33.8802
-34.6936
-35.5113
-36.3342
-37.1629
-37.9985
-38.8418
-39.6938
-40.5553
-41.4271
-42.3102
-43.2053
-44.1131
-45.0342
-45.9689
-46.9175
-47.8799
-48.8559
-49.8446
-50.8451
-51.8558
-52.8745
-53.8985
-54.9247
-55.9491
-56.9672
-57.9742
-58.9645
-59.9324
-60.872
-61.7777
-62.6438
-63.4655
-64.2386
-64.9598
-65.6269
-66.2386
-66.7951
-67.2971
-67.7465
-68.1459
-68.4983
-68.8074
-69.0767
-69.3101
-69.5113
-69.6839
-69.8312
-69.9565
-70.0625
-70.1519
-70.2269
-70.2895
-70.3415
-70.3845
-70.4198
-70.4485
-70.4717
-70.4902
-70.5047
-70.5158
-70.5241
-70.5299
-70.5338
-70.5359
-70.5366
-70.5361
-70.5346
-70.5323
-70.5292
-70.5256
-70.5215
-70.517
-70.5121
-70.507
-70.5017
-70.4962
-70.4905
-70.4848
-70.479
-70.4731
-70.4672
-70.4613
-70.4554
-70.4494
-70.4435
-70.4377
-70.4318
-70.426
-70.4203
-70.4145
-70.4089
-70.4033
-70.3977
-70.3923
-70.3868
-70.3815
-70.3762
-70.371
-70.3658
-70.3607
-70.3556
-70.3507
-70.3458
-70.3409
-70.3362
-70.3315
-70.3268
-70.3222
-70.3177
-70.3133
-70.3089
-70.3045
-70.3003
-70.2961
-70.2919
-70.2878
-70.2838
-70.2798
-70.2759
-70.272
-70.2682
-70.2645
-70.2608
-70.2571
-70.2535
-70.25
-70.2465
-70.2431
-70.2397
-70.2363
-70.233
-70.2298
-70.2266
-70.2234
-70.2203
-70.2172
-70.2142
-70.2112
-70.2082
-70.2053
-70.2024
-70.1996
-70.1968
-70.194
-70.1913
-70.1886
-70.1859
-70.1833
-70.1807
-70.1781
-70.1756
-70.173
-70.1706
-70.1681
-70.1657
-70.1633
-70.1609
-70.1586
-70.1562
-70.1539
-70.1517
-70.1494
-70.1472
-70.1449
-70.1427
-70.1406
-70.1384
-70.1363
-70.1341
-70.132
-70.1299
-70.1279
-70.1258
-70.1237
-70.1217
-70.1197
-70.1176
-70.1156
-70.1136
-70.1116
-70.1097
-70.1077
-70.1057
-70.1038
-70.1018
-70.0998
-70.0979
-70.096
-70.094
-70.0921
-70.0901
-70.0882
-70.0863
-70.0843
-70.0824
-70.0805
-70.0785
-70.0766
-70.0746
-70.0727
-70.0707
-70.0688
-70.0668
-70.0648
-70.0629
-70.0609
-70.0589
-70.0569
-70.0549
-70.0528
-70.0508
-70.0488
-70.0467
-70.0447
-70.0426
-70.0405
-70.0384
-70.0363
-70.0342
-70.032
-70.0299
-70.0277
-70.0255
-70.0233
-70.0211
-70.0188
-70.0166
-70.0143
-70.012
-70.0097
-70.0073
-70.005
-70.0026
-70.0002
-69.9978
-69.9953
-69.9929
-69.9904
-69.9879
-69.9854
-69.9828
-69.9802
-69.9776
-69.975
-69.9723
-69.9697
-69.9669
-69.9642
-69.9614
-69.9587
-69.9558
-69.953
-69.9501
-69.9472
-69.9443
-69.9413
-69.9384
-69.9353
-69.9323
-69.9292
-69.9261
-69.923
-69.9198
-69.9166
-69.9133
-69.9101
-69.9068
-69.9034
-69.9001
-69.8967
-69.8932
-69.8898
-69.8863
-69.8827
-69.8792
-69.8756
-69.8719
-69.8682
-69.8645
-69.8608
-69.857
-69.8532
-69.8493
-69.8455
-69.8415
-69.8376
-69.8336
-69.8295
-69.8255
-69.8213
-69.8172
-69.813
-69.8088
-69.8045
-69.8002
-69.7959
-69.7915
-69.7871
-69.7826
-69.7781
-69.7736
-69.769
-69.7644
-69.7598
-69.7551
-69.7503
-69.7456
-69.7408
-69.7359
-69.731
-69.7261
-69.7211
-69.7161
-69.7111
-69.706
-69.7009
-69.6957
-69.6905
-69.6852
-69.68
-69.6746
-69.6693
-69.6638
-69.6584
-69.6529
-69.6474
-69.6418
-69.6362
-69.6305
-69.6248
-69.6191
-69.6133
-69.6075
-69.6016
-69.5957
-69.5898
-69.5838
-69.5778
-69.5717
-69.5656
-69.5595
-69.5533
-69.5471
-69.5408
-69.5345
-69.5282
-69.5218
-69.5154
-69.5089
-69.5024
-69.4959
-69.4893
-69.4827
-69.476
-69.4693
-69.4626
-69.4558
-69.4489
-69.4421
-69.4352
-69.4282
-69.4213
-69.4142
-69.4072
-69.4001
-69.393
-69.3858
-69.3786
-69.3713
-69.364
-69.3567
-69.3493
-69.3419
-69.3345
-69.327
-69.3195
-69.3119
-69.3043
-69.2967
-69.289
-69.2813
-69.2736
-69.2658
-69.258
-69.2502
-69.2423
-69.2343
-69.2264
-69.2184
-69.2104
-69.2023
-69.1942
-69.1861
-69.1779
-69.1697
-69.1614
-69.1532
-69.1449
-69.1365
-69.1282
-69.1197
-69.1113
-69.1028
-69.0943
-69.0858
-69.0772
-69.0686
-69.06
-69.0513
-69.0426
-69.0339
-69.0251
-69.0163
-69.0075
-68.9986
-68.9897
-68.9808
-68.9719
-68.9629
-68.9539
-68.9448
-68.9358
-68.9267
-68.9176
-68.9084
-68.8992
-68.89
-68.8808
-68.8715
-68.8622
-68.8529
-68.8435
-68.8342
-68.8248
-68.8153
-68.8059
-68.7964
-68.7869
-68.7773
-68.7678
-68.7582
-68.7486
-68.7389
-68.7293
-68.7196
-68.7099
-68.7002
-68.6904
-68.6806
-68.6708
-68.661
-68.6511
-68.6413
-68.6314
-68.6215
-68.6115
-68.6016
-68.5916
-68.5816
-68.5716
-68.5615
-68.5515
-68.5414
-68.5313
-68.5212
-68.5111
-68.5009
-68.4907
-68.4805
-68.4703
-68.4601
-68.4498
-68.4396
-68.4293
-68.419
-68.4087
-68.3984
-68.388
-68.3777
-68.3673
-68.3569
-68.3465
-68.336
-68.3256
-68.3151
-68.3047
-68.2942
-68.2837
-68.2732
-68.2626
-68.2521
-68.2416
-68.231
-68.2204
-68.2098
-68.1992
-68.1886
-68.178
-68.1673
-68.1567
-68.146
-68.1354
-68.1247
-68.114
-68.1033
-68.0926
-68.0819
-68.0712
-68.0604
-68.0497
-68.0389
-68.0282
-68.0174
-68.0066
-67.9959
-67.9851
-67.9743
-67.9635
-67.9527
-67.9419
-67.9311
-67.9202
-67.9094
-67.8986
-67.8877
-67.8769
-67.866
-67.8552
-67.8443
-67.8335
-67.8226
-67.8117
-67.8009
-67.79
-67.7791
-67.7682
-67.7573
-67.7465
-67.7356
-67.7247
-67.7138
-67.7029
-67.692
-67.6811
-67.6702
-67.6593
-67.6484
-67.6375
-67.6266
-67.6157
-67.6048
-67.594
-67.5831
-67.5722
-67.5613
-67.5504
-67.5395
-67.5286
-67.5178
-67.5069
-67.496
-67.4852
-67.4743
-67.4634
-67.4526
-67.4417
-67.4309
-67.4201
-67.4092
-67.3984
-67.3876
-67.3767
-67.3659
-67.3551
-67.3443
-67.3335
-67.3227
-67.3119
-67.3011
-67.2903
-67.2796
-67.2688
-67.2581
-67.2473
-67.2366
-67.2258
-67.2151
-67.2044
-67.1937
-67.183
-67.1723
-67.1616
-67.1509
-67.1403
-67.1296
-67.119
-67.1083
-67.0977
-67.0871
-67.0765
-67.0659
-67.0553
-67.0447
-67.0342
-67.0236
-67.0131
-67.0026
-66.9921
-66.9816
-66.9711
-66.9606
-66.9501
-66.9397
-66.9292
-66.9188
-66.9084
-66.898
-66.8876
-66.8773
-66.8669
-66.8566
-66.8462
-66.8359
-66.8256
-66.8153
-66.8051
-66.7948
-66.7846
-66.7743
-66.7641
-66.7539
-66.7437
-66.7336
-66.7234
-66.7133
-66.7032
-66.693
-66.683
-66.6729
-66.6628
-66.6528
-66.6428
-66.6328
-66.6228
-66.6128
-66.6029
-66.5929
-66.583
-66.5731
-66.5633
-66.5534
-66.5436
-66.5337
-66.5239
-66.5142
-66.5044
-66.4946
-66.4849
-66.4752
-66.4655
-66.4559
-66.4462
-66.4366
-66.427
-66.4174
-66.4079
-66.3983
-66.3888
-66.3793
-66.3698
-66.3603
-66.3509
-66.3415
-66.3321
-66.3227
-66.3133
-66.304
-66.2947
-66.2854
-66.2761
-66.2669
-66.2576
-66.2484
-66.2393
-66.2301
-66.2209
-66.2118
-66.2027
-66.1937
-66.1846
-66.1756
-66.1666
-66.1576
-66.1486
-66.1397
-66.1308
-66.1219
-66.1131
-66.1042
-66.0954
-66.0866
-66.0778
-66.0691
-66.0604
-66.0517
-66.043
-66.0344
-66.0258
-66.0172
-66.0086
-66.0001
-65.9916
-65.9831
-65.9746
-65.9662
-65.9578
-65.9494
-65.9411
-65.9327
-65.9244
-65.9161
-65.9079
-65.8997
-65.8915
-65.8833
-65.8751
-65.867
-65.8589
-65.8508
-65.8428
-65.8348
-65.8268
-65.8188
-65.8109
-65.803
-65.7951
-65.7872
-65.7794
-65.7716
-65.7638
-65.756
-65.7483
-65.7406
-65.7329
-65.7253
-65.7177
-65.7101
-65.7025
-65.695
-65.6875
-65.68
-65.6726
-65.6652
-65.6578
-65.6504
-65.5619
-65.3961
-65.157
-64.8485
-64.4748
-64.0399
-63.548
-63.0029
-62.4088
-61.7694
-61.0887
-60.37
-59.617
-58.8329
-58.0206
-57.1829
-56.3224
-55.441
-54.5406
-53.6225
-52.6875
-51.736
-50.7677
-49.7816
-48.776
-47.7482
-46.6948
-45.6108
-44.4903
-43.3258
-42.108
-40.8256
-39.4653
-38.0108
-36.443
-34.7393
-32.8733
-30.8141
-28.5267
-25.9716
-23.106
-19.8858
-16.27
-12.2274
-7.74742
-2.85414
2.37879
7.81763
13.2707
18.5095
23.3072
27.4827
30.9324
33.6386
35.6545
37.0765
38.016
38.5794
38.8572
38.9203
38.8219
38.6
38.2817
37.8858
37.4258
36.9112
36.3489
35.7442
35.1014
34.4238
33.7143
32.9755
32.2095
31.4186
30.5825
29.7142
28.8218
27.9104
26.9838
26.0445
25.0945
24.1357
23.1694
22.1969
21.2195
20.2382
19.2539
18.2678
17.2805
16.2929
15.3058
14.3198
13.3355
12.3536
11.3746
10.3989
9.4271
8.45948
7.49646
6.53836
5.58548
4.6381
3.69644
2.76073
1.83114
0.907845
-0.009025
-0.919345
-1.82302
-2.71997
-3.61013
-4.49345
-5.36987
-6.2394
-7.10201
-7.95769
-8.80646
-9.64833
-10.4833
-11.3115
-12.1328
-12.9474
-13.7554
-14.5566
-15.3513
-16.1396
-16.9214
-17.6969
-18.4663
-19.2295
-19.9868
-20.7381
-21.4838
-22.224
-22.9587
-23.6882
-24.4127
-25.1324
-25.8474
-26.558
-27.2644
-27.9669
-28.6658
-29.3613
-30.0538
-30.7434
-31.4307
-32.1158
-32.7991
-33.481
-34.1618
-34.8419
-35.5217
-36.2015
-36.8816
-37.5624
-38.2442
-38.9274
-39.6121
-40.2988
-40.9875
-41.6784
-42.3716
-43.0672
-43.7651
-44.4652
-45.1672
-45.8708
-46.5755
-47.2807
-47.9857
-48.6895
-49.3911
-50.0894
-50.7829
-51.4701
-52.1495
-52.8192
-53.4773
-54.1221
-54.7514
-55.3635
-55.9563
-56.5282
-57.0775
-57.6027
-58.1025
-58.5761
-59.0226
-59.4416
-59.833
-60.1968
-60.5335
-60.8437
-61.1282
-61.3881
-61.6246
-61.8389
-62.0324
-62.2065
-62.3627
-62.5023
-62.6268
-62.7376
-62.8358
-62.9228
-62.9996
-63.0674
-63.127
-63.1794
-63.2255
-63.2658
-63.3012
-63.3322
-63.3594
-63.3832
-63.4041
-63.4224
-63.4385
-63.4527
-63.4653
-63.4765
-63.4864
-63.4954
-63.5034
-63.5108
-63.5176
-63.5238
-63.5297
-63.5352
-63.5405
-63.5457
-63.5507
-63.5556
-63.5605
-63.5654
-63.5704
-63.5754
-63.5805
-63.5857
-63.591
-63.5965
-63.6022
-63.608
-63.614
-63.6201
-63.6265
-63.6331
-63.6399
-63.6469
-63.6541
-63.6615
-63.6691
-63.677
-63.6851
-63.6934
-63.7019
-63.7107
-63.7196
-63.7288
-63.7382
-63.7478
-63.7577
-63.7677
-63.778
-63.7885
-63.7991
-63.81
-63.8211
-63.8324
-63.8439
-63.8556
-63.8675
-63.8795
-63.8918
-63.9043
-63.9169
-63.9297
-63.9427
-63.9559
-63.9692
-63.9827
-63.9964
-64.0102
-64.0243
-64.0384
-64.0527
-64.0672
-64.0819
-64.0966
-64.1115
-64.1266
-64.1418
-64.1572
-64.1726
-64.1882
-64.204
-64.2198
-64.2358
-64.2519
-64.2681
-64.2845
-64.3009
-64.3175
-64.3342
-64.3509
-64.3678
-64.3848
-64.4019
-64.419
-64.4363
-64.4537
-64.4711
-64.4886
-64.5063
-64.524
-64.5417
-64.5596
-64.5775
-64.5955
-64.6136
-64.6317
-64.6499
-64.6682
-64.6865
-64.7049
-64.7233
-64.7418
-64.7604
-64.779
-64.7976
-64.8163
-64.835
-64.8538
-64.8726
-64.8915
-64.9104
-64.9293
-64.9482
-64.9672
-64.9863
-65.0053
-65.0244
-65.0435
-65.0626
-65.0817
-65.1009
-65.1201
-65.1392
-65.1584
-65.1777
-65.1969
-65.2161
-65.2353
-65.2546
-65.2738
-65.2931
-65.3123
-65.3316
-65.3508
-65.37
-65.3893
-65.4085
-65.4277
-65.4469
-65.4661
-65.4853
-65.5045
-65.5236
-65.5428
-65.5619
-65.581
-65.6001
-65.6191
-65.6382
-65.6572
-65.6762
-65.6951
-65.714
-65.7329
-65.7518
-65.7706
-65.7895
-65.8082
-65.827
-65.8457
-65.8643
-65.8829
-65.9015
-65.9201
-65.9386
-65.9571
-65.9755
-65.9938
-66.0122
-66.0305
-66.0487
-66.0669
-66.085
-66.1031
-66.1212
-66.1392
-66.1571
-66.175
-66.1928
-66.2106
-66.2283
-66.246
-66.2636
-66.2811
-66.2986
-66.316
-66.3334
-66.3507
-66.368
-66.3851
-66.4023
-66.4193
-66.4363
-66.4532
-66.4701
-66.4869
-66.5036
-66.5203
-66.5368
-66.5534
-66.5698
-66.5862
-66.6025
-66.6187
-66.6349
-66.651
-66.667
-66.683
-66.6988
-66.7146
-66.7303
-66.746
-66.7615
-66.777
-66.7924
-66.8078
-66.823
-66.8382
-66.8533
-66.8683
-66.8833
-66.8981
-66.9129
-66.9276
-66.9422
-66.9567
-66.9712
-66.9856
-66.9998
-67.014
-67.0282
-67.0422
-67.0562
-67.07
-67.0838
-67.0975
-67.1111
-67.1246
-67.1381
-67.1514
-67.1647
-67.1778
-67.1909
-67.2039
-67.2168
-67.2297
-67.2424
-67.2551
-67.2676
-67.2801
-67.2925
-67.3047
-67.3169
-67.3291
-67.3411
-67.353
-67.3648
-67.3766
-67.3883
-67.3998
-67.4113
-67.4227
-67.434
-67.4452
-67.4563
-67.4673
-67.4782
-67.4891
-67.4998
-67.5105
-67.521
-67.5315
-67.5419
-67.5522
-67.5624
-67.5725
-67.5825
-67.5924
-67.6022
-67.612
-67.6216
-67.6311
-67.6406
-67.6499
-67.6592
-67.6684
-67.6775
-67.6865
-67.6953
-67.7041
-67.7129
-67.7215
-67.73
-67.7384
-67.7467
-67.755
-67.7631
-67.7712
-67.7792
-67.787
-67.7948
-67.8025
-67.8101
-67.8176
-67.825
-67.8323
-67.8395
-67.8467
-67.8537
-67.8607
-67.8675
-67.8743
-67.881
-67.8875
-67.894
-67.9004
-67.9067
-67.913
-67.9191
-67.9251
-67.9311
-67.9369
-67.9427
-67.9484
-67.954
-67.9595
-67.9649
-67.9702
-67.9754
-67.9805
-67.9856
-67.9905
-67.9954
-68.0002
-68.0049
-68.0095
-68.014
-68.0184
-68.0228
-68.027
-68.0312
-68.0353
-68.0393
-68.0432
-68.047
-68.0507
-68.0544
-68.0579
-68.0614
-68.0648
-68.0681
-68.0713
-68.0744
-68.0775
-68.0804
-68.0833
-68.0861
-68.0888
-68.0914
-68.094
-68.0964
-68.0988
-68.1011
-68.1033
-68.1054
-68.1075
-68.1094
-68.1113
-68.1131
-68.1148
-68.1165
-68.118
-68.1195
-68.1209
-68.1222
-68.1235
-68.1246
-68.1257
-68.1267
-68.1276
-68.1285
-68.1292
-68.1299
-68.1306
-68.1311
-68.1316
-68.1319
-68.1322
-68.1325
-68.1326
-68.1327
-68.1327
-68.1327
-68.1325
-68.1323
-68.132
-68.1317
-68.1312
-68.1307
-68.1302
-68.1295
-68.1288
-68.128
-68.1271
-68.1262
-68.1252
-68.1241
-68.123
-68.1218
-68.1205
-68.1191
-68.1177
-68.1162
-68.1147
-68.1131
-68.1114
-68.1096
-68.1078
-68.1059
-68.104
-68.1019
-68.0999
-68.0977
-68.0955
-68.0932
-68.0909
-68.0885
-68.086
-68.0835
-68.0809
-68.0783
-68.0755
-68.0728
-68.0699
-68.067
-68.0641
-68.0611
-68.058
-68.0549
-68.0517
-68.0484
-68.0451
-68.0417
-68.0383
-68.0348
-68.0313
-68.0277
-68.0241
-68.0204
-68.0166
-68.0128
-68.0089
-68.005
-68.001
-67.997
-67.9929
-67.9888
-67.9846
-67.9803
-67.976
-67.9717
-67.9673
-67.9628
-67.9583
-67.9538
-67.9492
-67.9446
-67.9399
-67.9351
-67.9303
-67.9255
-67.9206
-67.9157
-67.9107
-67.9056
-67.9006
-67.8954
-67.8903
-67.8851
-67.8798
-67.8745
-67.8692
-67.8638
-67.8583
-67.8529
-67.8473
-67.8418
-67.8362
-67.8305
-67.8248
-67.8191
-67.8134
-67.8075
-67.8017
-67.7958
-67.7899
-67.7839
-67.7779
-67.7719
-67.7658
-67.7597
-67.7535
-67.7473
-67.7411
-67.7348
-67.7285
-67.7222
-67.7158
-67.7094
-67.703
-67.6965
-67.69
-67.6835
-67.6769
-67.6703
-67.6637
-67.657
-67.6503
-67.6436
-67.6368
-67.63
-67.6232
-67.6163
-67.6095
-67.6025
-67.5956
-67.5886
-67.5816
-67.5746
-67.5676
-67.5605
-67.5534
-67.5463
-67.5391
-67.5319
-67.5247
-67.5175
-67.5102
-67.5029
-67.4956
-67.4883
-67.481
-67.4736
-67.4662
-67.4588
-67.4513
-67.4438
-67.4364
-67.4288
-67.4213
-67.4138
-67.4062
-67.3986
-67.391
-67.3833
-67.3757
-67.368
-67.3603
-67.3526
-67.3449
-67.3371
-67.3294
-67.3216
-67.3138
-67.306
-67.2981
-67.2903
-67.2824
-67.2745
-67.2666
-67.2587
-67.2508
-67.2428
-67.2349
-67.2269
-67.2189
-67.2109
-67.2029
-67.1949
-67.1869
-67.1788
-67.1707
-67.1627
-67.1546
-67.1465
-67.1384
-67.1303
-67.1221
-67.114
-67.1059
-67.0977
-67.0895
-67.0814
-67.0732
-67.065
-67.0568
-67.0486
-67.0404
-67.0322
-67.0239
-67.0157
-67.0075
-66.9992
-66.991
-66.9827
-66.9745
-66.9662
-66.9579
-66.9497
-66.9414
-66.9331
-66.9248
-66.9165
-66.9082
-66.8999
-66.8916
-66.8833
-66.875
-66.8667
-66.8584
-66.85
-66.8417
-66.8334
-66.8251
-66.8167
-66.8084
-66.8001
-66.7918
-66.7834
-66.7751
-66.7668
-66.7584
-66.7501
-66.7418
-66.7335
-66.7251
-66.7168
-66.7085
-66.7002
-66.6918
-66.6835
-66.6752
-66.6669
-66.6586
-66.6503
-66.642
-66.6337
-66.6254
-66.6171
-66.6088
-66.6005
-66.5923
-66.584
-66.5757
-66.5675
-66.5592
-66.551
-66.5427
-66.5345
-66.5263
-66.518
-66.5098
-66.5016
-66.4934
-66.4852
-66.477
-66.4689
-66.4607
-66.4525
-66.4444
-66.4362
-66.4281
-66.42
-66.4119
-66.4037
-66.3956
-66.3876

