-65
-64.9994
-64.9988
-64.9982
-64.9977
-64.9971
-64.9965
-64.996
-64.9954
-64.9949
-64.9943
-64.9938
-64.9932
-64.9927
-64.9922
-64.9917
-64.9912
-64.9906
-64.9901
-64.9896
-64.9891
-64.9886
-64.9881
-64.9876
-64.9872
-64.9867
-64.9862
-64.9857
-64.9852
-64.9848
-64.9843
-64.9838
-64.9834
-64.9829
-64.9825
-64.982
-64.9816
-64.9811
-64.9807
-64.9802
-64.9798
-64.9794
-64.9789
-64.9785
-64.9781
-64.9777
-64.9772
-64.9768
-64.9764
-64.976
-64.9756
-64.9752
-64.9748
-64.9744
-64.974
-64.9736
-64.9732
-64.9728
-64.9725
-64.9721
-64.9717
-64.9713
-64.971
-64.9706
-64.9702
-64.9699
-64.9695
-64.9692
-64.9688
-64.9685
-64.9681
-64.9678
-64.9675
-64.9671
-64.9668
-64.9665
-64.9661
-64.9658
-64.9655
-64.9652
-64.9649
-64.9646
-64.9642
-64.9639
-64.9636
-64.9633
-64.963
-64.9628
-64.9625
-64.9622
-64.9619
-64.9616
-64.9613
-64.9611
-64.9608
-64.9605
-64.9603
-64.96
-64.9598
-64.9595
-64.9592
-64.959
-64.9588
-64.9585
-64.9583
-64.958
-64.9578
-64.9576
-64.9573
-64.9571
-64.9569
-64.9567
-64.9565
-64.9562
-64.956
-64.9558
-64.9556
-64.9554
-64.9552
-64.955
-64.9548
-64.9546
-64.9545
-64.9543
-64.9541
-64.9539
-64.9537
-64.9536
-64.9534
-64.9532
-64.9531
-64.9529
-64.9527
-64.9526
-64.9524
-64.9523
-64.9521
-64.952
-64.9519
-64.9517
-64.9516
-64.9514
-64.9513
-64.9512
-64.9511
-64.9509
-64.9508
-64.9507
-64.9506
-64.9505
-64.9504
-64.9503
-64.9502
-64.95
-64.9499
-64.9499
-64.9498
-64.9497
-64.9496
-64.9495
-64.9494
-64.9493
-64.9492
-64.9492
-64.9491
-64.949
-64.9489
-64.9489
-64.9488
-64.9487
-64.9487
-64.9486
-64.9486
-64.9485
-64.9485
-64.9484
-64.9484
-64.9483
-64.9483
-64.9482
-64.9482
-64.9482
-64.9481
-64.9481
-64.9481
-64.948
-64.948
-64.948
-64.948
-64.948
-64.9479
-64.9479
-64.9479
-64.9479
-64.9479
-64.9479
-64.9479
-64.9479
-64.9479
-64.9479
-64.9479
-64.9479
-64.9479
-64.9479
-64.9479
-64.9479
-64.9479
-64.9479
-64.948
-64.948
-64.948
-64.948
-64.9481
-64.9481
-64.9481
-64.9481
-64.9482
-64.9482
-64.9482
-64.9483
-64.9483
-64.9483
-64.9484
-64.9484
-64.9485
-64.9485
-64.9486
-64.9486
-64.9487
-64.9487
-64.9488
-64.9488
-64.9489
-64.9489
-64.949
-64.9491
-64.9491
-64.9492
-64.9492
-64.9493
-64.9494
-64.9494
-64.9495
-64.9496
-64.9497
-64.9497
-64.9498
-64.9499
-64.95
-64.95
-64.9501
-64.9502
-64.9503
-64.9504
-64.9504
-64.9505
-64.9506
-64.9507
-64.9508
-64.9509
-64.951
-64.951
-64.9511
-64.9512
-64.9513
-64.9514
-64.9515
-64.9516
-64.9517
-64.9518
-64.9519
-64.952
-64.9521
-64.9522
-64.9523
-64.9524
-64.9525
-64.9526
-64.9527
-64.9528
-64.9529
-64.953
-64.9532
-64.9533
-64.9534
-64.9535
-64.9536
-64.9537
-64.9538
-64.9539
-64.954
-64.9542
-64.9543
-64.9544
-64.9545
-64.9546
-64.9547
-64.9548
-64.955
-64.9551
-64.9552
-64.9553
-64.9554
-64.9556
-64.9557
-64.9558
-64.9559
-64.956
-64.9562
-64.9563
-64.9564
-64.9565
-64.9566
-64.9568
-64.9569
-64.957
-64.9571
-64.9573
-64.9574
-64.9575
-64.9576
-64.9578
-64.9579
-64.958
-64.9581
-64.9583
-64.9584
-64.9585
-64.9587
-64.9588
-64.9589
-64.959
-64.9592
-64.9593
-64.9594
-64.9595
-64.9597
-64.9598
-64.9599
-64.96
-64.9602
-64.9603
-64.9604
-64.9606
-64.9607
-64.9608
-64.9609
-64.9611
-64.9612
-64.9613
-64.9614
-64.9616
-64.9617
-64.9618
-64.962
-64.9621
-64.9622
-64.9623
-64.9625
-64.9626
-64.9627
-64.9628
-64.963
-64.9631
-64.9632
-64.9633
-64.9635
-64.9636
-64.9637
-64.9638
-64.964
-64.9641
-64.9642
-64.9643
-64.9645
-64.9646
-64.9647
-64.9648
-64.9649
-64.9651
-64.9652
-64.9653
-64.9654
-64.9655
-64.9657
-64.9658
-64.9659
-64.966
-64.9661
-64.9663
-64.9664
-64.9665
-64.9666
-64.9667
-64.9668
-64.967
-64.9671
-64.9672
-64.9673
-64.9674
-64.9675
-64.9677
-64.9678
-64.9679
-64.968
-64.9681
-64.9682
-64.9683
-64.9684
-64.9685
-64.9687
-64.9688
-64.9689
-64.969
-64.9691
-64.9692
-64.9693
-64.9694
-64.9695
-64.9696
-64.9697
-64.9698
-64.9699
-64.97
-64.9701
-64.9702
-64.9703
-64.9704
-64.9705
-64.9706
-64.9707
-64.9708
-64.9709
-64.971
-64.9711
-64.9712
-64.9713
-64.9714
-64.9715
-64.9716
-64.9717
-64.9718
-64.9719
-64.972
-64.9721
-64.9722
-64.9722
-64.9723
-64.9724
-64.9725
-64.9726
-64.9727
-64.9728
-64.9729
-64.9729
-64.973
-64.9731
-64.9732
-64.9733
-64.9734
-64.9734
-64.9735
-64.9736
-64.9737
-64.9738
-64.9738
-64.9739
-64.974
-64.9741
-64.9741
-64.9742
-64.9743
-64.9744
-64.9744
-64.9745
-64.9746
-64.9747
-64.9747
-64.9748
-64.9749
-64.9749
-64.975
-64.9751
-64.9751
-64.9752
-64.9753
-64.9753
-64.9754
-64.9755
-64.9755
-64.9756
-64.9757
-64.9757
-64.9758
-64.9758
-64.9759
-64.976
-64.976
-64.9761
-64.9761
-64.9762
-64.9762
-64.9763
-64.9764
-64.9764
-64.9765
-64.9765
-64.9766
-64.9766
-64.9767
-64.9767
-64.9768
-64.9768
-64.9769
-64.9769
-64.977
-64.977
-64.9771
-64.9771
-64.9771
-64.9772
-64.9772
-64.9773
-64.9773
-64.9774
-64.9774
-64.9774
-64.9775
-64.9775
-64.9776
-64.9776
-64.9776
-64.9777
-64.9777
-64.9778
-64.9778
-64.9778
-64.9779
-64.9779
-64.9779
-64.978
-64.978
-64.978
-64.9781
-64.9781
-64.9781
-64.9781
-64.9782
-64.9782
-64.9782
-64.9783
-64.9783
-64.9783
-64.9783
-64.9784
-64.9784
-64.9784
-64.9784
-64.9785
-64.9785
-64.9785
-64.9785
-64.9785
-64.9786
-64.9786
-64.9786
-64.9786
-64.9786
-64.9787
-64.9787
-64.9787
-64.9787
-64.9787
-64.9787
-64.9787
-64.9788
-64.9788
-64.9788
-64.9788
-64.9788
-64.9788
-64.9788
-64.9789
-64.9789
-64.9789
-64.9789
-64.9789
-64.9789
-64.9789
-64.9789
-64.9789
-64.9789
-64.9789
-64.9789
-64.9789
-64.979
-64.979
-64.979
-64.979
-64.979
-64.979
-64.979
-64.979
-64.979
-64.979
-64.979
-64.979
-64.979
-64.979
-64.979
-64.979
-64.979
-64.979
-64.979
-64.979
-64.979
-64.979
-64.979
-64.979
-64.979
-64.979
-64.979
-64.9789
-64.9789
-64.9789
-64.9789
-64.9789
-64.9789
-64.9789
-64.9789
-64.9789
-64.9789
-64.9789
-64.9789
-64.9789
-64.9789
-64.9788
-64.9788
-64.9788
-64.9788
-64.9788
-64.9788
-64.9788
-64.9788
-64.9788
-64.9787
-64.9787
-64.9787
-64.9787
-64.9787
-64.9787
-64.9787
-64.9787
-64.9786
-64.9786
-64.9786
-64.9786
-64.9786
-64.9786
-64.9786
-64.9785
-64.9785
-64.9785
-64.9785
-64.9785
-64.9785
-64.9784
-64.9784
-64.9784
-64.9784
-64.9784
-64.9783
-64.9783
-64.9783
-64.9783
-64.9783
-64.9783
-64.9782
-64.9782
-64.9782
-64.9782
-64.9782
-64.9781
-64.9781
-64.9781
-64.9781
-64.9781
-64.978
-64.978
-64.978
-64.978
-64.9779
-64.9779
-64.9779
-64.9779
-64.9779
-64.9778
-64.9778
-64.9778
-64.9778
-64.9778
-64.9777
-64.9777
-64.9777
-64.9777
-64.9776
-64.9776
-64.9776
-64.9776
-64.9775
-64.9775
-64.9775
-64.9775
-64.9774
-64.9774
-64.9774
-64.9774
-64.9774
-64.9773
-64.9773
-64.9773
-64.9773
-64.9772
-64.9772
-64.9772
-64.9772
-64.9771
-64.9771
-64.9771
-64.9771
-64.977
-64.977
-64.977
-64.977
-64.9769
-64.9769
-64.9769
-64.9769
-64.9768
-64.9768
-64.9768
-64.9768
-64.9767
-64.9767
-64.9767
-64.9767
-64.9766
-64.9766
-64.9766
-64.9766
-64.9765
-64.9765
-64.9765
-64.9765
-64.9764
-64.9764
-64.9764
-64.9764
-64.9763
-64.9763
-64.9763
-64.9763
-64.9762
-64.9762
-64.9762
-64.9762
-64.9761
-64.9761
-64.9761
-64.9761
-64.976
-64.976
-64.976
-64.976
-64.9759
-64.9759
-64.9759
-64.9759
-64.9758
-64.9758
-64.9758
-64.9758
-64.9757
-64.9757
-64.9757
-64.9757
-64.9756
-64.9756
-64.9756
-64.9756
-64.9755
-64.9755
-64.9755
-64.9755
-64.9754
-64.9754
-64.9754
-64.9754
-64.9753
-64.9753
-64.9753
-64.9753
-64.9753
-64.9752
-64.9752
-64.9752
-64.9752
-64.9751
-64.9751
-64.9751
-64.9751
-64.975
-64.975
-64.975
-64.975
-64.975
-64.9749
-64.9749
-64.9749
-64.9749
-64.9748
-64.9748
-64.9748
-64.9748
-64.9748
-64.9747
-64.9747
-64.9747
-64.9747
-64.9747
-64.9746
-64.9746
-64.9746
-64.9746
-64.9746
-64.9745
-64.9745
-64.9745
-64.9745
-64.9745
-64.9744
-64.9744
-64.9744
-64.9744
-64.9744
-64.9743
-64.9743
-64.9743
-64.9743
-64.9743
-64.9742
-64.9742
-64.9742
-64.9742
-64.9742
-64.9742
-64.9741
-64.9741
-64.9741
-64.9741
-64.9741
-64.9741
-64.974
-64.974
-64.974
-64.974
-64.974
-64.974
-64.9739
-64.9739
-64.9739
-64.9739
-64.9739
-64.9739
-64.9738
-64.9738
-64.9738
-64.9738
-64.9738
-64.9738
-64.9737
-64.9737
-64.9737
-64.9737
-64.9737
-64.9737
-64.9737
-64.9736
-64.9736
-64.9736
-64.9736
-64.9736
-64.9736
-64.9736
-64.9736
-64.9735
-64.9735
-64.9735
-64.9735
-64.9735
-64.9735
-64.9735
-64.9735
-64.9734
-64.9734
-64.9734
-64.9734
-64.9734
-64.9734
-64.9734
-64.9734
-64.9733
-64.9733
-64.9733
-64.9733
-64.9733
-64.9733
-64.9733
-64.9733
-64.9733
-64.9733
-64.9732
-64.9732
-64.9732
-64.9732
-64.9732
-64.9732
-64.9732
-64.9732
-64.9732
-64.9732
-64.9732
-64.9731
-64.9731
-64.9731
-64.9731
-64.9731
-64.9731
-64.9731
-64.9731
-64.9731
-64.9731
-64.9731
-64.9731
-64.9731
-64.973
-64.973
-64.973
-64.973
-64.973
-64.973
-64.973
-64.973
-64.973
-64.973
-64.973
-64.973
-64.973
-64.973
-64.973
-64.973
-64.973
-64.9729
-64.9729
-64.9729
-64.9729
-64.9729
-64.9729
-64.9729
-64.9729
-64.9729
-64.9729
-64.9729
-64.9729
-64.9729
-64.9729
-64.9729
-64.9729
-64.9729
-64.9729
-64.9729
-64.9729
-64.9729
-64.9729
-64.9729
-64.9729
-64.9729
-64.9729
-64.9728
-64.9728
-64.9728
-64.9728
-64.9728
-64.9728
-64.9728
-64.9728
-64.9728
-64.9728
-64.9728
-64.9728
-64.9728
-64.9728
-64.9728
-64.9728
-64.9728
-64.9728
-64.9728
-64.9728
-64.9728
-64.9728
-64.9728
-64.9728
-64.9728
-64.9728
-64.9728
-64.9728
-64.9728
-64.9728
-64.9728
-64.9728
-64.9728
-64.9728
-64.9728
-64.9728
-64.9728
-64.9728
-64.9728
-64.9728
-64.9728
-64.9728
-64.9728
-64.9728
-64.9728
-64.9728
-64.9728
-64.9728
-64.9728
-64.9728
-64.9728
-64.9728
-64.9728
-64.9728
-64.9728
-64.9728
-64.9728
-64.9728
-64.9728
-64.9729
-64.9729
-64.9729
-64.9729
-64.9729
-64.9729
-64.9729
-64.9729
-64.9729
-64.9729
-64.9729
-64.9729
-64.9729
-64.9729
-64.9729
-64.9729
-64.9729
-64.9729
-64.9729
-64.9729
-64.9729
-64.9729
-64.9729
-64.9729
-64.9729
-64.9729
-64.9729
-64.9729
-64.9729
-64.9729
-64.9729
-64.9729
-64.9729
-64.9729
-64.973
-64.973
-64.973
-64.973
-64.973
-64.973
-64.973
-64.973
-64.973
-64.973
-64.973
-64.973
-64.973
-64.973
-64.973
-64.973
-64.973
-64.973
-64.973
-64.973
-64.973
-64.973
-64.973
-64.973
-64.9731
-64.9731
-64.9731
-64.9731
-64.9731
-64.9731
-64.9731
-64.9731
-64.9731
-64.9731
-64.9731
-64.9731
-64.9731
-64.9731
-64.9731
-64.9731
-64.9731
-64.9731
-64.9731
-64.9731
-64.9731
-64.9732
-64.9732
-64.9732
-64.9732
-64.9732
-64.9732
-64.9732
-64.9732
-64.9732
-64.9732
-64.9732
-64.9732
-64.9732
-64.9732
-64.9732
-64.9732
-64.9732
-64.9732
-64.9732
-64.9732
-64.9733
-64.9733
-64.9733
-64.9733
-64.9733
-64.9733
-64.9733
-64.9733
-64.9733
-64.9733
-64.9733
-64.9733
-64.9733
-64.9733
-64.9733
-64.9733
-64.9733
-64.9733
-64.9733
-64.9733
-64.9734
-64.9734
-64.9734
-64.9734
-64.9734
-64.9734
-64.9734
-64.9734
-64.9734
-64.9734
-64.9734
-64.9734
-64.9734
-64.9734
-64.9734
-64.9734
-64.9734
-64.9734
-64.9734
-64.9734
-64.9735
-64.9735
-64.9735
-64.9735
-64.9735
-64.9735
-64.9735
-64.9735
-64.9735
-64.9735
-64.9735
-64.9735
-64.9735
-64.9735
-64.9735
-64.9735
-64.9735
-64.9735
-64.9735
-64.9735
-64.9736
-64.9736
-64.9736
-64.9736
-64.9736
-64.9736
-64.9736
-64.9736
-64.9736
-64.9736
-64.9736
-64.9736
-64.9736
-64.9736
-64.9736
-64.9736
-64.9736
-64.9736
-64.9736
-64.9736
-64.9736
-64.9736
-64.9737
-64.9737
-64.9737
-64.9737
-64.9737
-64.9737
-64.9737
-64.9737
-64.9737
-64.9737
-64.9737
-64.9737
-64.9737
-64.9737
-64.9737
-64.9737
-64.9737
-64.9737
-64.9737
-64.9737
-64.9737
-64.9737
-64.9737
-64.9737
-64.9738
-64.9738
-64.9738
-64.9738
-64.9738
-64.9738
-64.9738
-64.9738
-64.9738
-64.9738
-64.9738
-64.9738
-64.9738
-64.9738
-64.9738
-64.9738
-64.9738
-64.9738
-64.9738
-64.9738
-64.9738
-64.9738
-64.9738
-64.9738
-64.9738
-64.9738
-64.9738
-64.9739
-64.9739
-64.9739
-64.9739
-64.9739
-64.9739
-64.9739
-64.9739
-64.9739
-64.9739
-64.9739
-64.9739
-64.9739
-64.9739
-64.9739
-64.9739
-64.9739
-64.9739
-64.9739
-64.9739
-64.9739
-64.9739
-64.9739
-64.9739
-64.9739
-64.9739
-64.9739
-64.9739
-64.9739
-64.9739
-64.9739
-64.9739
-64.9739
-64.9739
-64.9739
-64.9739
-64.974
-64.974
-64.974
-64.974
-64.974
-64.974
-64.974
-64.974
-64.974
-64.974
-64.974
-64.974
-64.974
-64.974
-64.974
-64.974
-64.974
-64.974
-64.974
-64.974
-64.974
-64.974
-64.974
-64.974
-64.974
-64.974
-64.974
-64.974
-64.974
-64.974
-64.974
-64.974
-64.974
-64.974
-64.974
-64.974
-64.974
-64.974
-64.974
-64.974
-64.974
-64.974
-64.974
-64.974
-64.974
-64.974
-64.974
-64.974
-64.974
-64.974
-64.974
-64.974
-64.974
-64.974
-64.974
-64.974
-64.974
-64.974
-64.974
-64.974
-64.9741
-64.9741
-64.9741
-64.9741
-64.9741
-64.9741
-64.9741
-64.9741
-64.9741
-64.9741
-64.9741
-64.9741
-64.9741
-64.9741
-64.9741
-64.9741
-64.9741
-64.9741
-64.9741
-64.9741
-64.9741
-64.9741
-64.9741
-64.9741
-64.9741
-64.9741
-64.9741
-64.9741
-64.9741
-64.9741
-64.9741
-64.9741
-64.9741
-64.9741
-64.9741
-64.9741
-64.9741
-64.9741
-64.9741
-64.9741
-64.9741
-64.9741
-64.9741
-64.9741
-64.9741
-64.9741
-64.9741
-64.9741
-64.9741
-64.9741
-64.9741
-64.9741
-64.9741
-64.9741
-64.9741
-64.9741
-64.9741
-64.9741
-64.9741
-64.9741
-64.9741
-64.9741
-64.9741
-64.9741
-64.9741
-64.9741
-64.9741
-64.9741
-64.9741
-64.9741
-64.9741
-64.9741
-64.9741
-64.9741
-64.9741
-64.9741
-64.9741
-64.9741
-64.9741
-64.9741
-64.9741
-64.9741
-64.9741
-64.9741
-64.9741
-64.9741
-64.9741
-64.9741
-64.9741
-64.9741
-64.9741
-64.9741
-64.9741
-64.9741
-64.9741
-64.9741
-64.9741
-64.9741
-64.9741
-64.9741
-64.9741
-64.9741
-64.9741
-64.9741
-64.9741
-64.9741
-64.9741
-64.9741
-64.9741
-64.9741
-64.9741
-64.9741
-64.9741
-64.9741
-64.9741
-64.9741
-64.9741
-64.974
-64.974
-64.974
-64.974
-64.974
-64.974
-64.974
-64.974
-64.974
-64.974
-64.974
-64.974
-64.974
-64.974
-64.974
-64.974
-64.974
-64.974
-64.974
-64.974
-64.974
-64.974
-64.974
-64.974
-64.974
-64.974
-64.974
-64.974
-64.974
-64.974
-64.974
-64.974
-64.974
-64.974
-64.974
-64.974
-64.974
-64.974
-64.974
-64.974
-64.974
-64.974
-64.974
-64.974
-64.974
-64.974
-64.974
-64.974
-64.974
-64.974
-64.974
-64.974
-64.974
-64.974
-64.974
-64.974
-64.974
-64.974
-64.974
-64.974
-64.974
-64.974
-64.974
-64.974
-64.974
-64.974
-64.974
-64.974
-64.974
-64.974
-64.974
-64.974
-64.974
-64.974
-64.974
-64.974
-64.974
-64.974
-64.974
-64.974
-64.974
-64.974
-64.974
-64.974
-64.974
-64.974
-64.974
-64.974
-64.974
-64.974
-64.974
-64.974
-64.974
-64.974
-64.974
-64.974
-64.974
-64.974
-64.974
-64.974
-64.974
-64.974
-64.974
-64.974
-64.974
-64.974
-64.974
-64.9739
-64.9739
-64.9739
-64.9739
-64.9739
-64.9739
-64.9739
-64.9739
-64.9739
-64.9739
-64.9739
-64.9739
-64.9739
-64.9739
-64.9739
-64.9739
-64.9739
-64.9739
-64.9739
-64.9739
-64.9739
-64.9739
-64.9739
-64.9739
-64.9739
-64.9739
-64.9739
-64.9739
-64.9739
-64.9739
-64.9739
-64.9739
-64.9739
-64.9739
-64.9739
-64.9739
-64.9739
-64.9739
-64.9739
-64.9739
-64.9739
-64.9739
-64.9739
-64.9739
-64.9739
-64.9739
-64.9739
-64.9739
-64.9739
-64.9739
-64.9739
-64.9739
-64.9739
-64.9739
-64.9739
-64.9739
-64.9739
-64.9739
-64.9739
-64.9739
-64.9739
-64.9739
-64.9739
-64.9739
-64.9739
-64.9739
-64.9739
-64.9739
-64.9739
-64.9739
-64.9739
-64.9739
-64.9739
-64.9739
-64.9739
-64.9739
-64.9739
-64.9739
-64.9739
-64.9739
-64.9739
-64.9739
-64.9739
-64.9739
-64.9739
-64.9739
-64.9739
-64.9739
-64.9739
-64.9739
-64.9739
-64.9739
-64.9739
-64.9739
-64.9739
-64.9739
-64.9739
-64.9739
-64.9739
-64.9739
-64.9739
-64.9739
-64.9739
-64.9739
-64.9739
-64.9739
-64.9739
-64.9739
-64.9739
-64.9739
-64.9739
-64.9739
-64.9739
-64.9739
-64.9739
-64.9739
-64.9739
-64.9739
-64.9739
-64.9739
-64.9739
-64.9739
-64.9739
-64.9739
-64.9739
-64.9739
-64.9739
-64.9739
-64.9739
-64.9739
-64.9739
-64.9739
-64.9739
-64.9739
-64.9739
-64.9739
-64.9739
-64.9739
-64.9739
-64.9739
-64.9738
-64.9738
-64.9738
-64.9738
-64.9738
-64.9738
-64.9738
-64.9738
-64.9738
-64.9738
-64.9738
-64.9738
-64.9738
-64.9738
-64.9738
-64.9738
-64.9738
-64.9738
-64.9738
-64.9738
-64.9738
-64.9738
-64.9738
-64.9738
-64.9738
-64.9738
-64.9738
-64.9738
-64.9738
-64.9738
-64.9738
-64.9738
-64.9738
-64.9738
-64.9738
-64.9738
-64.9738
-64.9738
-64.9738
-64.9738
-64.9738
-64.9738
-64.9738
-64.9738
-64.9738
-64.9738
-64.9738
-64.9738
-64.9738
-64.9738
-64.9738
-64.9738
-64.9738
-64.9738
-64.9738
-64.9738
-64.9738
-64.9738
-64.9738
-64.9738
-64.9738
-64.9738
-64.9738
-64.9738
-64.9738
-64.9738
-64.9738
-64.9738
-64.9738
-64.9738
-64.9738
-64.9738
-64.9738
-64.9738
-64.9738
-64.9738
-64.9738
-64.9738
-64.9738
-64.9738
-64.9738
-64.9738
-64.9738
-64.9738
-64.9738
-64.9738
-64.9738
-64.9738
-64.9738
-64.9738
-64.9738
-64.9738
-64.9738
-64.9738
-64.9738
-64.9738
-64.9738
-64.9738
-64.9738
-64.9738
-64.9738
-64.9738
-64.9738
-64.9738
-64.9738
-64.9738
-64.9738
-64.9738
-64.9738
-64.9738
-64.9738
-64.9738
-64.9738
-64.9738
-64.8935
-64.7367
-64.5073
-64.2092
-63.8465
-63.4231
-62.943
-62.4103
-61.8287
-61.2022
-60.5342
-59.8284
-59.088
-58.3162
-57.5159
-56.6897
-55.8398
-54.9682
-54.0765
-53.1657
-52.2365
-51.2889
-50.3222
-49.3352
-48.3256
-47.2904
-46.2254
-45.125
-43.9826
-42.7897
-41.536
-40.2089
-38.7934
-37.2717
-35.6225
-33.8208
-31.8373
-29.6383
-27.1854
-24.4363
-21.3461
-17.8708
-13.9729
-9.63118
-4.85365
0.306588
5.73758
11.2645
16.6636
21.6959
26.1537
29.8997
32.8861
35.1457
36.7664
37.8608
38.5415
38.9072
39.0368
38.9896
38.8087
38.5244
38.158
37.7243
37.2337
36.694
36.1107
35.4884
34.8305
34.1401
33.4198
32.6718
31.8982
31.1011
30.2821
29.443
28.5854
27.7109
26.8209
25.9169
25.0002
24.072
23.1336
22.1863
21.231
20.2688
19.3008
18.3279
17.3509
16.3708
15.3883
14.4042
13.4191
12.4338
11.4487
10.4645
9.48166
8.5007
7.52204
6.54609
5.57321
4.60373
3.63797
2.67619
1.71863
0.765521
-0.18295
-1.12661
-2.06532
-2.99895
-3.92739
-4.85056
-5.7684
-6.68085
-7.58788
-8.48946
-9.38558
-10.2763
-11.1615
-12.0414
-12.9159
-13.7851
-14.6492
-15.5081
-16.362
-17.2109
-18.0551
-18.8947
-19.7298
-20.5607
-21.3874
-22.2103
-23.0296
-23.8455
-24.6585
-25.4687
-26.2766
-27.0825
-27.8869
-28.6903
-29.493
-30.2958
-31.0991
-31.9035
-32.7098
-33.5186
-34.3307
-35.1468
-35.9678
-36.7944
-37.6277
-38.4684
-39.3175
-40.1758
-41.0443
-41.9238
-42.8152
-43.7192
-44.6364
-45.5673
-46.5122
-47.4712
-48.4441
-49.4304
-50.4291
-51.439
-52.4581
-53.4839
-54.5134
-55.5431
-56.5685
-57.5849
-58.587
-59.569
-60.525
-61.4493
-62.3359
-63.1798
-63.9764
-64.7218
-65.4135
-66.0498
-66.6302
-67.1553
-67.6266
-68.0464
-68.4176
-68.7438
-69.0284
-69.2755
-69.4888
-69.6719
-69.8285
-69.9617
-70.0745
-70.1697
-70.2496
-70.3164
-70.372
-70.4179
-70.4557
-70.4865
-70.5115
-70.5314
-70.5471
-70.5592
-70.5683
-70.5748
-70.5792
-70.5818
-70.5829
-70.5827
-70.5814
-70.5793
-70.5764
-70.5729
-70.5688
-70.5644
-70.5595
-70.5544
-70.5491
-70.5436
-70.5379
-70.5322
-70.5263
-70.5204
-70.5144
-70.5085
-70.5025
-70.4965
-70.4905
-70.4846
-70.4787
-70.4728
-70.4669
-70.4612
-70.4554
-70.4497
-70.4441
-70.4385
-70.433
-70.4276
-70.4222
-70.4169
-70.4116
-70.4064
-70.4013
-70.3962
-70.3912
-70.3863
-70.3814
-70.3766
-70.3719
-70.3672
-70.3626
-70.358
-70.3535
-70.3491
-70.3447
-70.3404
-70.3361
-70.332
-70.3278
-70.3237
-70.3197
-70.3157
-70.3118
-70.308
-70.3042
-70.3004
-70.2967
-70.2931
-70.2895
-70.2859
-70.2824
-70.2789
-70.2755
-70.2722
-70.2689
-70.2656
-70.2623
-70.2592
-70.256
-70.2529
-70.2498
-70.2468
-70.2438
-70.2408
-70.2379
-70.2351
-70.2322
-70.2294
-70.2266
-70.2239
-70.2211
-70.2185
-70.2158
-70.2132
-70.2106
-70.208
-70.2055
-70.203
-70.2005
-70.198
-70.1956
-70.1931
-70.1908
-70.1884
-70.186
-70.1837
-70.1814
-70.1791
-70.1768
-70.1745
-70.1723
-70.1701
-70.1679
-70.1657
-70.1635
-70.1613
-70.1592
-70.157
-70.1549
-70.1527
-70.1506
-70.1485
-70.1464
-70.1443
-70.1422
-70.1402
-70.1381
-70.136
-70.134
-70.1319
-70.1298
-70.1278
-70.1257
-70.1237
-70.1216
-70.1196
-70.1175
-70.1155
-70.1134
-70.1114
-70.1093
-70.1072
-70.1052
-70.1031
-70.101
-70.0989
-70.0968
-70.0947
-70.0926
-70.0905
-70.0884
-70.0862
-70.0841
-70.0819
-70.0798
-70.0776
-70.0754
-70.0732
-70.071
-70.0688
-70.0665
-70.0643
-70.062
-70.0597
-70.0574
-70.0551
-70.0528
-70.0504
-70.0481
-70.0457
-70.0433
-70.0408
-70.0384
-70.0359
-70.0334
-70.0309
-70.0284
-70.0259
-70.0233
-70.0207
-70.0181
-70.0154
-70.0128
-70.0101
-70.0074
-70.0046
-70.0019
-69.9991
-69.9963
-69.9934
-69.9906
-69.9877
-69.9847
-69.9818
-69.9788
-69.9758
-69.9728
-69.9697
-69.9666
-69.9635
-69.9603
-69.9572
-69.954
-69.9507
-69.9474
-69.9441
-69.9408
-69.9374
-69.934
-69.9306
-69.9271
-69.9236
-69.9201
-69.9165
-69.9129
-69.9093
-69.9056
-69.9019
-69.8982
-69.8944
-69.8906
-69.8867
-69.8829
-69.879
-69.875
-69.871
-69.867
-69.8629
-69.8588
-69.8547
-69.8505
-69.8463
-69.8421
-69.8378
-69.8335
-69.8291
-69.8247
-69.8203
-69.8158
-69.8113
-69.8068
-69.8022
-69.7976
-69.7929
-69.7882
-69.7834
-69.7787
-69.7738
-69.769
-69.7641
-69.7591
-69.7542
-69.7491
-69.7441
-69.739
-69.7338
-69.7287
-69.7235
-69.7182
-69.7129
-69.7076
-69.7022
-69.6968
-69.6913
-69.6858
-69.6803
-69.6747
-69.6691
-69.6634
-69.6577
-69.652
-69.6462
-69.6404
-69.6345
-69.6286
-69.6227
-69.6167
-69.6107
-69.6046
-69.5985
-69.5923
-69.5862
-69.5799
-69.5737
-69.5674
-69.561
-69.5546
-69.5482
-69.5417
-69.5352
-69.5287
-69.5221
-69.5155
-69.5088
-69.5021
-69.4954
-69.4886
-69.4818
-69.4749
-69.468
-69.4611
-69.4541
-69.4471
-69.44
-69.4329
-69.4258
-69.4186
-69.4114
-69.4042
-69.3969
-69.3895
-69.3822
-69.3748
-69.3673
-69.3599
-69.3523
-69.3448
-69.3372
-69.3296
-69.3219
-69.3142
-69.3065
-69.2987
-69.2909
-69.283
-69.2751
-69.2672
-69.2592
-69.2513
-69.2432
-69.2352
-69.2271
-69.2189
-69.2108
-69.2025
-69.1943
-69.186
-69.1777
-69.1694
-69.161
-69.1526
-69.1441
-69.1357
-69.1272
-69.1186
-69.11
-69.1014
-69.0928
-69.0841
-69.0754
-69.0667
-69.0579
-69.0491
-69.0403
-69.0314
-69.0225
-69.0136
-69.0047
-68.9957
-68.9867
-68.9776
-68.9685
-68.9594
-68.9503
-68.9412
-68.932
-68.9227
-68.9135
-68.9042
-68.8949
-68.8856
-68.8762
-68.8669
-68.8574
-68.848
-68.8385
-68.829
-68.8195
-68.81
-68.8004
-68.7908
-68.7812
-68.7715
-68.7619
-68.7522
-68.7425
-68.7327
-68.7229
-68.7132
-68.7033
-68.6935
-68.6836
-68.6738
-68.6638
-68.6539
-68.644
-68.634
-68.624
-68.614
-68.604
-68.5939
-68.5838
-68.5737
-68.5636
-68.5535
-68.5433
-68.5331
-68.523
-68.5127
-68.5025
-68.4923
-68.482
-68.4717
-68.4614
-68.4511
-68.4408
-68.4304
-68.42
-68.4097
-68.3993
-68.3888
-68.3784
-68.368
-68.3575
-68.347
-68.3365
-68.326
-68.3155
-68.3049
-68.2944
-68.2838
-68.2733
-68.2627
-68.2521
-68.2414
-68.2308
-68.2202
-68.2095
-68.1989
-68.1882
-68.1775
-68.1668
-68.1561
-68.1454
-68.1346
-68.1239
-68.1132
-68.1024
-68.0916
-68.0809
-68.0701
-68.0593
-68.0485
-68.0377
-68.0269
-68.0161
-68.0052
-67.9944
-67.9836
-67.9727
-67.9619
-67.951
-67.9401
-67.9293
-67.9184
-67.9075
-67.8966
-67.8857
-67.8748
-67.8639
-67.853
-67.8421
-67.8312
-67.8203
-67.8094
-67.7985
-67.7875
-67.7766
-67.7657
-67.7548
-67.7438
-67.7329
-67.722
-67.711
-67.7001
-67.6891
-67.6782
-67.6673
-67.6563
-67.6454
-67.6345
-67.6235
-67.6126
-67.6017
-67.5907
-67.5798
-67.5689
-67.5579
-67.547
-67.5361
-67.5252
-67.5143
-67.5033
-67.4924
-67.4815
-67.4706
-67.4597
-67.4489
-67.438
-67.4271
-67.4162
-67.4053
-67.3945
-67.3836
-67.3727
-67.3619
-67.351
-67.3402
-67.3294
-67.3185
-67.3077
-67.2969
-67.2861
-67.2753
-67.2645
-67.2537
-67.2429
-67.2322
-67.2214
-67.2106
-67.1999
-67.1891
-67.1784
-67.1677
-67.157
-67.1463
-67.1356
-67.1249
-67.1142
-67.1036
-67.0929
-67.0823
-67.0717
-67.061
-67.0504
-67.0398
-67.0292
-67.0187
-67.0081
-66.9976
-66.987
-66.9765
-66.966
-66.9555
-66.945
-66.9346
-66.9241
-66.9137
-66.9032
-66.8928
-66.8824
-66.872
-66.8616
-66.8513
-66.8409
-66.8306
-66.8203
-66.81
-66.7997
-66.7894
-66.7791
-66.7689
-66.7587
-66.7484
-66.7382
-66.728
-66.7179
-66.7077
-66.6976
-66.6875
-66.6774
-66.6673
-66.6572
-66.6472
-66.6371
-66.6271
-66.6171
-66.6071
-66.5972
-66.5872
-66.5773
-66.5674
-66.5575
-66.5476
-66.5378
-66.5279
-66.5181
-66.5083
-66.4986
-66.4066
-66.2365
-65.9922
-65.6779
-65.2978
-64.856
-64.3567
-63.8042
-63.2024
-62.5555
-61.8672
-61.1414
-60.3816
-59.5912
-58.7734
-57.9312
-57.0672
-56.1837
-55.2829
-54.3662
-53.4349
-52.4897
-51.5309
-50.5579
-49.5696
-48.5642
-47.5389
-46.49
-45.4125
-44.3005
-43.1461
-41.9403
-40.6717
-39.3271
-37.8904
-36.3429
-34.6624
-32.8231
-30.7952
-28.5445
-26.033
-23.2194
-20.0614
-16.5193
-12.5629
-8.18105
-3.39491
1.72809
7.06387
12.4327
17.6172
22.3974
26.592
30.0904
32.8639
34.9539
36.4472
37.4494
38.0643
38.3821
38.4749
38.3975
38.1897
37.8801
37.4889
37.0305
36.515
35.9501
35.3415
34.6938
34.0105
33.2947
32.5492
31.7763
30.9781
30.1568
29.3141
28.4519
27.5718
26.6755
25.7643
24.8399
23.9035
22.9565
22.0001
21.0354
20.0637
19.086
18.1032
17.1164
16.1263
15.1339
14.1399
13.1451
12.1501
11.1555
10.162
9.17002
8.18014
7.19278
6.20836
5.22726
4.24982
3.27636
2.30714
1.34242
0.382426
-0.572659
-1.52266
-2.46744
-3.40686
-4.34084
-5.26928
-6.19214
-7.10935
-8.02088
-8.92672
-9.82686
-10.7213
-11.6102
-12.4934
-13.371
-14.2432
-15.11
-15.9714
-16.8277
-17.6789
-18.5251
-19.3666
-20.2035
-21.036
-21.8643
-22.6886
-23.5093
-24.3266
-25.1409
-25.9524
-26.7615
-27.5688
-28.3745
-29.1793
-29.9836
-30.7879
-31.593
-32.3994
-33.2077
-34.0188
-34.8334
-35.6522
-36.4762
-37.3061
-38.1428
-38.9872
-39.8403
-40.7029
-41.5758
-42.4599
-43.3559
-44.2646
-45.1864
-46.1217
-47.0707
-48.0333
-49.0092
-49.9975
-50.9972
-52.0065
-53.0234
-54.045
-55.0681
-56.0887
-57.1022
-58.1038
-59.0879
-60.0489
-60.9811
-61.8786
-62.7362
-63.549
-64.3132
-65.0254
-65.6837
-66.2871
-66.8356
-67.3302
-67.7728
-68.1661
-68.5132
-68.8175
-69.0828
-69.3127
-69.5109
-69.6811
-69.8265
-69.9501
-70.0549
-70.1432
-70.2174
-70.2794
-70.331
-70.3737
-70.4088
-70.4374
-70.4605
-70.479
-70.4935
-70.5047
-70.513
-70.519
-70.523
-70.5252
-70.5261
-70.5257
-70.5244
-70.5222
-70.5193
-70.5158
-70.5118
-70.5074
-70.5027
-70.4977
-70.4925
-70.4871
-70.4816
-70.476
-70.4703
-70.4646
-70.4588
-70.453
-70.4471
-70.4413
-70.4355
-70.4298
-70.424
-70.4183
-70.4127
-70.407
-70.4015
-70.396
-70.3905
-70.3851
-70.3798
-70.3745
-70.3693
-70.3642
-70.3591
-70.3541
-70.3491
-70.3442
-70.3394
-70.3346
-70.3299
-70.3253
-70.3207
-70.3162
-70.3118
-70.3074
-70.3031
-70.2988
-70.2946
-70.2905
-70.2864
-70.2824
-70.2784
-70.2745
-70.2706
-70.2668
-70.2631
-70.2594
-70.2558
-70.2522
-70.2486
-70.2452
-70.2417
-70.2383
-70.235
-70.2317
-70.2285
-70.2252
-70.2221
-70.219
-70.2159
-70.2129
-70.2099
-70.2069
-70.204
-70.2011
-70.1983
-70.1955
-70.1927
-70.19
-70.1873
-70.1847
-70.182
-70.1794
-70.1769
-70.1743
-70.1718
-70.1694
-70.1669
-70.1645
-70.1621
-70.1597
-70.1574
-70.1551
-70.1528
-70.1505
-70.1483
-70.146
-70.1438
-70.1416
-70.1394
-70.1373
-70.1352
-70.133
-70.1309
-70.1288
-70.1268
-70.1247
-70.1227
-70.1206
-70.1186
-70.1166
-70.1146
-70.1126
-70.1106
-70.1086
-70.1067
-70.1047
-70.1027
-70.1008
-70.0988
-70.0969
-70.095
-70.093
-70.0911
-70.0892
-70.0872
-70.0853
-70.0834
-70.0814
-70.0795
-70.0776
-70.0756
-70.0737
-70.0717
-70.0698
-70.0678
-70.0659
-70.0639
-70.0619
-70.06
-70.058
-70.056
-70.054
-70.052
-70.0499
-70.0479
-70.0459
-70.0438
-70.0417
-70.0397
-70.0376
-70.0354
-70.0333
-70.0312
-70.029
-70.0269
-70.0247
-70.0225
-70.0203
-70.018
-70.0158
-70.0135
-70.0112
-70.0089
-70.0066
-70.0042
-70.0019
-69.9995
-69.997
-69.9946
-69.9922
-69.9897
-69.9872
-69.9846
-69.9821
-69.9795
-69.9769
-69.9743
-69.9716
-69.969
-69.9663
-69.9635
-69.9608
-69.958
-69.9552
-69.9524
-69.9495
-69.9466
-69.9437
-69.9407
-69.9377
-69.9347
-69.9317
-69.9286
-69.9255
-69.9224
-69.9192
-69.916
-69.9128
-69.9095
-69.9062
-69.9029
-69.8995
-69.8961
-69.8927
-69.8892
-69.8857
-69.8822
-69.8786
-69.875
-69.8714
-69.8677
-69.864
-69.8603
-69.8565
-69.8527
-69.8489
-69.845
-69.8411
-69.8371
-69.8331
-69.8291
-69.825
-69.8209
-69.8168
-69.8126
-69.8084
-69.8041
-69.7998
-69.7955
-69.7911
-69.7867
-69.7822
-69.7777
-69.7732
-69.7686
-69.764
-69.7594
-69.7547
-69.75
-69.7452
-69.7404
-69.7356
-69.7307
-69.7258
-69.7208
-69.7158
-69.7108
-69.7057
-69.7006
-69.6954
-69.6902
-69.6849
-69.6797
-69.6743
-69.669
-69.6636
-69.6581
-69.6526
-69.6471
-69.6415
-69.6359
-69.6303
-69.6246
-69.6189
-69.6131
-69.6073
-69.6014
-69.5955
-69.5896
-69.5836
-69.5776
-69.5715
-69.5654
-69.5593
-69.5531
-69.5469
-69.5407
-69.5344
-69.528
-69.5216
-69.5152
-69.5088
-69.5023
-69.4957
-69.4891
-69.4825
-69.4759
-69.4692
-69.4624
-69.4557
-69.4488
-69.442
-69.4351
-69.4281
-69.4212
-69.4142
-69.4071
-69.4
-69.3929
-69.3857
-69.3785
-69.3713
-69.364
-69.3566
-69.3493
-69.3419
-69.3344
-69.327
-69.3195
-69.3119
-69.3043
-69.2967
-69.289
-69.2813
-69.2736
-69.2658
-69.258
-69.2502
-69.2423
-69.2344
-69.2264
-69.2184
-69.2104
-69.2023
-69.1942
-69.1861
-69.1779
-69.1697
-69.1615
-69.1532
-69.1449
-69.1366
-69.1282
-69.1198
-69.1114
-69.1029
-69.0944
-69.0859
-69.0773
-69.0687
-69.0601
-69.0514
-69.0427
-69.034
-69.0252
-69.0164
-69.0076
-68.9988
-68.9899
-68.981
-68.972
-68.963
-68.954
-68.945
-68.9359
-68.9268
-68.9177
-68.9086
-68.8994
-68.8902
-68.881
-68.8717
-68.8624
-68.8531
-68.8437
-68.8344
-68.825
-68.8155
-68.8061
-68.7966
-68.7871
-68.7776
-68.768
-68.7584
-68.7488
-68.7392
-68.7295
-68.7198
-68.7101
-68.7004
-68.6907
-68.6809
-68.6711
-68.6613
-68.6514
-68.6416
-68.6317
-68.6218
-68.6118
-68.6019
-68.5919
-68.5819
-68.5719
-68.5618
-68.5518
-68.5417
-68.5316
-68.5215
-68.5114
-68.5012
-68.4911
-68.4809
-68.4707
-68.4604
-68.4502
-68.4399
-68.4297
-68.4194
-68.409
-68.3987
-68.3884
-68.378
-68.3676
-68.3572
-68.3468
-68.3364
-68.326
-68.3155
-68.3051
-68.2946
-68.2841
-68.2736
-68.263
-68.2525
-68.242
-68.2314
-68.2208
-68.2102
-68.1996
-68.189
-68.1784
-68.1678
-68.1571
-68.1465
-68.1358
-68.1251
-68.1144
-68.1038
-68.093
-68.0823
-68.0716
-68.0609
-68.0501
-68.0394
-68.0286
-68.0179
-68.0071
-67.9963
-67.9856
-67.9748
-67.964
-67.9532
-67.9424
-67.9315
-67.9207
-67.9099
-67.8991
-67.8882
-67.8774
-67.8665
-67.8557
-67.8448
-67.834
-67.8231
-67.8123
-67.8014
-67.7905
-67.7796
-67.7688
-67.7579
-67.747
-67.7361
-67.7252
-67.7143
-67.7034
-67.6926
-67.6817
-67.6708
-67.6599
-67.649
-67.6381
-67.6272
-67.6163
-67.6054
-67.5945
-67.5836
-67.5728
-67.5619
-67.551
-67.5401
-67.5292
-67.5184
-67.5075
-67.4966
-67.4858
-67.4749
-67.4641
-67.4532
-67.4424
-67.4315
-67.4207
-67.4098
-67.399
-67.3882
-67.3774
-67.3665
-67.3557
-67.3449
-67.3341
-67.3233
-67.3125
-67.3018
-67.291
-67.2802
-67.2695
-67.2587
-67.248
-67.2372
-67.2265
-67.2158
-67.205
-67.1943
-67.1836
-67.173
-67.1623
-67.1516
-67.1409
-67.1303
-67.1196
-67.109
-67.0984
-67.0878
-67.0772
-67.0666
-67.056
-67.0454
-67.0349
-67.0243
-67.0138
-67.0033
-66.9928
-66.9823
-66.9718
-66.9613
-66.9509
-66.9404
-66.93
-66.9196
-66.9091
-66.8987
-66.8884
-66.878
-66.8676
-66.8573
-66.847
-66.8367
-66.8264
-66.8161
-66.8058
-66.7955
-66.7853
-66.7751
-66.7649
-66.7547
-66.7445
-66.7343
-66.7242
-66.714
-66.7039
-66.6938
-66.6837
-66.6737
-66.6636
-66.6536
-66.6436
-66.6336
-66.6236
-66.6136
-66.6037
-66.5937
-66.5838
-66.5739
-66.564
-66.5542
-66.5443
-66.5345
-66.5247
-66.515
-66.5052
-66.4955
-66.4857
-66.476
-66.4664
-66.4567
-66.447
-66.4374
-66.4278
-66.4182
-66.4087
-66.3991
-66.3896
-66.3801
-66.3706
-66.3612
-66.3517
-66.3423
-66.3329
-66.3235
-66.3142
-66.3048
-66.2955
-66.2862
-66.277
-66.2677
-66.2585
-66.2493
-66.2401
-66.2309
-66.2218
-66.2127
-66.2036
-66.1945
-66.1855
-66.1764
-66.1674
-66.1585
-66.1495
-66.1406
-66.1317
-66.1228
-66.1139
-66.1051
-66.0963
-66.0875
-66.0787
-66.07
-66.0613
-66.0526
-66.0439
-66.0353
-66.0267
-66.0181
-66.0095
-66.001
-65.9925
-65.984
-65.9755
-65.9671
-65.9587
-65.9503
-65.942
-65.9336
-65.9253
-65.917
-65.9088
-65.9006
-65.8924
-65.8842
-65.876
-65.8679
-65.8598
-65.8517
-65.8437
-65.8357
-65.8277
-65.8197
-65.8118
-65.8039
-65.796
-65.7881
-65.7803
-65.7725
-65.7647
-65.7569
-65.7492
-65.7415
-65.7339
-65.7262
-65.7186
-65.711
-65.7034
-65.6959
-65.6884
-65.6809
-65.6735
-65.6661
-65.6587
-65.6513
-65.644
-65.6367
-65.6294
-65.6222
-65.6149
-65.6078
-65.6006
-65.5935
-65.5864
-65.5793
-65.5723
-65.5652
-65.5583
-65.5513
-65.5444
-65.5375
-65.5306
-65.5238
-65.517
-65.5102
-65.5035
-65.4968
-65.4901
-65.4834
-65.4768
-65.4702
-65.4637
-65.4571
-65.4506
-65.4442
-65.4377
-65.4313
-65.344
-65.1797
-64.9423
-64.6357
-64.2641
-63.8314
-63.3417
-62.7991
-62.2074
-61.5705
-60.8922
-60.176
-59.4253
-58.6434
-57.8332
-56.9973
-56.1383
-55.2582
-54.3586
-53.4409
-52.5057
-51.5533
-50.5834
-49.5947
-48.5855
-47.5529
-46.4931
-45.4011
-44.2706
-43.0937
-41.8608
-40.5602
-39.1778
-37.6968
-36.0973
-34.3559
-32.4451
-30.3329
-27.9832
-25.3554
-22.4059
-19.0907
-15.37
-11.2161
-6.625
-1.6312
3.67775
9.15279
14.5897
19.755
24.4276
28.4422
31.7158
34.2504
36.1131
37.4071
38.2449
38.7302
38.9491
38.9681
38.8364
38.5892
38.2511
37.8394
37.3663
36.8407
36.2689
35.656
35.0059
34.3219
33.6066
32.8625
32.0919
31.2967
30.4789
29.6402
28.7823
27.9068
27.0152
26.109
25.1895
24.2582
23.3163
22.3649
21.4053
20.4385
19.4656
18.4875
17.5052
16.5196
15.5314
14.5415
13.5506
12.5593
11.5683
10.5781
9.58933
8.60242
7.61785
6.63603
5.65735
4.68214
3.71074
2.74341
1.78041
0.821974
-0.13171
-1.08046
-2.02413
-2.96259
-3.89573
-4.82346
-5.74573
-6.66246
-7.57363
-8.47921
-9.37919
-10.2736
-11.1624
-12.0457
-12.9235
-13.7959
-14.663
-15.5248
-16.3814
-17.233
-18.0797
-18.9216
-19.7589
-20.5918
-21.4205
-22.2453
-23.0663
-23.8838
-24.6982
-25.5098
-26.319
-27.126
-27.9315
-28.7357
-29.5393
-30.3428
-31.1467
-31.9516
-32.7583
-33.5674
-34.3797
-35.1959
-36.0168
-36.8434
-37.6763
-38.5167
-39.3652
-40.2229
-41.0906
-41.9692
-42.8594
-43.7621
-44.6777
-45.6069
-46.5498
-47.5065
-48.4769
-49.4604
-50.4561
-51.4626
-52.4779
-53.4997
-54.5249
-55.5499
-56.5705
-57.5818
-58.5786
-59.5554
-60.5062
-61.4253
-62.307
-63.1462
-63.9385
-64.6801
-65.3684
-66.0018
-66.5799
-67.1031
-67.5731
-67.992
-68.3627
-68.6886
-68.9734
-69.2208
-69.4346
-69.6183
-69.7755
-69.9095
-70.0231
-70.119
-70.1997
-70.2672
-70.3234
-70.3701
-70.4085
-70.4398
-70.4653
-70.4857
-70.5018
-70.5143
-70.5238
-70.5307
-70.5354
-70.5383
-70.5396
-70.5396
-70.5386
-70.5366
-70.5339
-70.5306
-70.5267
-70.5224
-70.5177
-70.5127
-70.5075
-70.5021
-70.4966
-70.4909
-70.4852
-70.4794
-70.4735
-70.4676
-70.4617
-70.4558
-70.45
-70.4441
-70.4383
-70.4325
-70.4267
-70.421
-70.4154
-70.4098
-70.4042
-70.3988
-70.3933
-70.388
-70.3827
-70.3774
-70.3722
-70.3671
-70.3621
-70.3571
-70.3522
-70.3474
-70.3426
-70.3379
-70.3332
-70.3286
-70.3241
-70.3196
-70.3152
-70.3109
-70.3066
-70.3024
-70.2982
-70.2941
-70.2901
-70.2861
-70.2821
-70.2783
-70.2744
-70.2707
-70.267
-70.2633
-70.2597
-70.2561
-70.2526
-70.2492
-70.2458
-70.2424
-70.2391
-70.2358
-70.2326
-70.2294
-70.2263
-70.2232
-70.2201
-70.2171
-70.2141
-70.2112
-70.2083
-70.2055
-70.2026
-70.1999
-70.1971
-70.1944
-70.1917
-70.1891
-70.1864
-70.1839
-70.1813
-70.1788
-70.1763
-70.1738
-70.1714
-70.169
-70.1666
-70.1642
-70.1619
-70.1595
-70.1572
-70.155
-70.1527
-70.1505
-70.1483
-70.1461
-70.1439
-70.1417
-70.1396
-70.1375
-70.1354
-70.1333
-70.1312
-70.1291
-70.1271
-70.125
-70.123
-70.121
-70.1189
-70.1169
-70.1149
-70.1129
-70.111
-70.109
-70.107
-70.105
-70.1031
-70.1011
-70.0992
-70.0972
-70.0952
-70.0933
-70.0913
-70.0894
-70.0874
-70.0855
-70.0835
-70.0816
-70.0796
-70.0776
-70.0757
-70.0737
-70.0717
-70.0697
-70.0677
-70.0657
-70.0637
-70.0617
-70.0597
-70.0576
-70.0556
-70.0535
-70.0515
-70.0494
-69.9643
-69.8033
-69.5734
-69.2813
-68.9331
-68.5349
-68.0924
-67.6109
-67.0953
-66.5503
-65.9804
-65.3896
-64.7817
-64.1601
-63.528
-62.8885
-62.2442
-61.5975
-60.9506
-60.3056
-59.6641
-59.0277
-58.3977
-57.7753
-57.1614
-56.5567
-55.962
-55.3775
-54.8036
-54.2403
-53.6876
-53.1453
-52.6131
-52.0905
-51.5768
-51.0714
-50.5735
-50.082
-49.5959
-49.114
-48.635
-48.1576
-47.6802
-47.2014
-46.7194
-46.2323
-45.7384
-45.2356
-44.7217
-44.1944
-43.6514
-43.0899
-42.5073
-41.9004
-41.266
-40.6006
-39.9004
-39.1612
-38.3786
-37.5476
-36.6631
-35.7193
-34.7101
-33.629
-32.4692
-31.2232
-29.884
-28.444
-26.8963
-25.2345
-23.4534
-21.5497
-19.5226
-17.3748
-15.1136
-12.7514
-10.307
-7.80526
-5.2777
-2.76098
-0.295424
2.07742
4.31758
6.38941
8.264
9.92073
11.3478
12.5421
13.5078
14.2548
14.7975
15.1525
15.3378
15.3713
15.2702
15.0505
14.727
14.3128
13.8196
13.2576
12.6359
11.9624
11.2441
10.4869
9.69632
8.87692
8.03287
7.16781
6.28498
5.38723
4.47712
3.5569
2.62859
1.69397
0.75464
-0.18798
-1.13263
-2.07819
-3.02367
-3.96818
-4.91096
-5.85132
-6.78867
-7.72249
-8.65232
-9.57778
-10.4985
-11.4143
-12.3248
-13.2299
-14.1295
-15.0234
-15.9116
-16.794
-17.6706
-18.5415
-19.4066
-20.2661
-21.1202
-21.9688
-22.8123
-23.6508
-24.4846
-25.3139
-26.1391
-26.9604
-27.7783
-28.5932
-29.4055
-30.2157
-31.0243
-31.832
-32.6392
-33.4466
-34.2549
-35.0647
-35.8769
-36.6921
-37.5112
-38.3348
-39.1639
-39.9991
-40.8412
-41.6911
-42.5493
-43.4165
-44.2932
-45.1798
-46.0767
-46.9838
-47.9012
-48.8284
-49.7647
-50.7091
-51.6603
-52.6164
-53.5753
-54.5341
-55.4899
-56.439
-57.3774
-58.3008
-59.2048
-60.0846
-60.9358
-61.7538
-62.5347
-63.275
-63.9717
-64.6227
-65.2265
-65.7826
-66.2912
-66.7532
-67.1703
-67.5445
-67.8782
-68.1744
-68.4358
-68.6656
-68.8666
-69.0419
-69.1941
-69.3258
-69.4395
-69.5373
-69.6212
-69.6929
-69.754
-69.806
-69.85
-69.8871
-69.9184
-69.9445
-69.9662
-69.9841
-69.9988
-70.0107
-70.0202
-70.0277
-70.0334
-70.0376
-70.0405
-70.0424
-70.0433
-70.0433
-70.0428
-70.0416
-70.04
-70.0379
-70.0355
-70.0328
-70.0299
-70.0268
-70.0235
-70.0201
-70.0165
-70.0129
-70.0092
-70.0055
-70.0018
-69.998
-69.9943
-69.9905
-69.9868
-69.983
-69.9793
-69.9757
-69.972
-69.9684
-69.9649
-69.9613
-69.9579
-69.9544
-69.9511
-69.9478
-69.9445
-69.9413
-69.9381
-69.935
-69.9319
-69.9289
-69.926
-69.9231
-69.9203
-69.9175
-69.9147
-69.9121
-69.9094
-69.9068
-69.9043
-69.8227
-69.6721
-69.4618
-69.1999
-68.8939
-68.5506
-68.1758
-67.775
-67.353
-66.9139
-66.4616
-65.9994
-65.5303
-65.057
-64.5817
-64.1064
-63.633
-63.1629
-62.6974
-62.2377
-61.7848
-61.3394
-60.9023
-60.4739
-60.0547
-59.6451
-59.2453
-58.8555
-58.4758
-58.1062
-57.7467
-57.3973
-57.0578
-56.7281
-56.408
-56.0974
-55.796
-55.5035
-55.2198
-54.9444
-54.6772
-54.4178
-54.1659
-53.9213
-53.6835
-53.4524
-53.2276
-53.0088
-52.7957
-52.588
-52.3855
-52.1878
-51.9947
-51.8059
-51.6211
-51.4402
-51.2628
-51.0887
-50.9178
-50.7497
-50.5843
-50.4214
-50.2609
-50.1024
-49.9458
-49.791
-49.6378
-49.486
-49.3355
-49.1862
-49.0378
-48.8903
-48.7435
-48.5973
-48.4515
-48.306
-48.1608
-48.0156
-47.8703
-47.7249
-47.5792
-47.433
-47.2864
-47.139
-46.9909
-46.8418
-46.6917
-46.5404
-46.3879
-46.2338
-46.0782
-45.9209
-45.7616
-45.6004
-45.4369
-45.2711
-45.1027
-44.9316
-44.7576
-44.5805
-44.4002
-44.2163
-44.0286
-43.837
-43.6412
-43.441
-43.236
-43.026
-42.8107
-42.5897
-42.3629
-42.1298
-41.89
-41.6433
-41.3891
-41.1272
-40.8571
-40.5783
-40.2904
-39.9929
-39.6854
-39.3672
-39.0379
-38.697
-38.3437
-37.9777
-37.5983
-37.2049
-36.797
-36.3739
-35.9351
-35.48
-35.008
-34.5188
-34.0119
-33.4868
-32.9432
-32.381
-31.8
-31.2003
-30.5821
-29.9456
-29.2915
-28.6204
-27.9334
-27.2318
-26.5171
-25.7912
-25.0561
-24.3143
-23.5686
-22.822
-22.0779
-21.3398
-20.6115
-19.8969
-19.2001
-18.5252
-17.8761
-17.2569
-16.6714
-16.1232
-15.6154
-15.151
-14.7326
-14.3623
-14.0417
-13.772
-13.554
-13.388
-13.2739
-13.2111
-13.1989
-13.2362
-13.3214
-13.4529
-13.629
-13.8476
-14.1067
-14.4041
-14.7377
-15.1053
-15.5047
-15.9338
-16.3904
-16.8727
-17.3785
-17.906
-18.4536
-19.0194
-19.602
-20.1998
-20.8114
-21.4357
-22.0713
-22.7172
-23.3725
-24.0362
-24.7075
-25.3857
-26.0703
-26.7606
-27.4561
-28.1566
-28.8618
-29.5713
-30.2851
-31.0031
-31.7253
-32.4517
-33.1826
-33.918
-34.6582
-35.4036
-36.1546
-36.9114
-37.6746
-38.4447
-39.2222
-40.0075
-40.8014
-41.6042
-42.4166
-43.239
-44.0719
-44.9156
-45.7704
-46.6365
-47.5139
-48.4023
-49.3013
-50.2104
-51.1284
-52.054
-52.9858
-53.9215
-54.8588
-55.7947
-56.7262
-57.6495
-58.5608
-59.456
-60.3309
-61.1813
-62.0031
-62.7925
-63.5459
-64.2606
-64.934
-65.5646
-66.1514
-66.6941
-67.1931
-67.6492
-68.0641
-68.4395
-68.7778
-69.0812
-69.3524
-69.5939
-69.8083
-69.9982
-70.166
-70.3138
-70.4438
-70.558
-70.658
-70.7456
-70.8222
-70.889
-70.9471
-70.9978
-71.0418
-71.0799
-71.1129
-71.1414
-71.1659
-71.1869
-71.2049
-71.2202
-71.2332
-71.244
-71.2531
-71.2606
-71.2666
-71.2714
-71.2752
-71.2779
-71.2799
-71.281
-71.2816
-71.2815
-71.2809
-71.2799
-71.2785
-71.2767
-71.2747
-71.2723
-71.2697
-71.2669
-71.2639
-71.2608
-71.2574
-71.254
-71.2504
-71.2468
-71.243
-71.2392
-71.2353
-71.2313
-71.2273
-71.2232
-71.2191
-71.2149
-71.2108
-71.2065
-71.2023
-71.198
-71.1937
-71.1894
-71.1851
-71.1808
-71.1764
-71.1721
-71.1677
-71.1634
-71.159
-71.1546
-71.1502
-71.1458
-71.1414
-71.137
-71.1325
-71.1281
-71.1237
-71.1193
-71.1148
-71.1104
-71.106
-71.1015
-71.0971
-71.0926
-71.0881
-71.0837
-71.0792
-71.0747
-71.0702
-71.0657
-71.0612
-71.0567
-71.0522
-71.0477
-71.0432
-71.0387
-71.0341
-71.0296
-71.025
-71.0204
-71.0159
-71.0113
-71.0067
-71.0021
-70.9974
-70.9928
-70.9882
-70.9835
-70.9788
-70.9742
-70.9695
-70.9648
-70.96
-70.9553
-70.9505
-70.9458
-70.941
-70.8525
-70.6878
-70.4542
-70.1586
-69.8075
-69.4071
-68.9632
-68.4811
-67.9659
-67.4225
-66.8551
-66.2678
-65.6644
-65.0483
-64.4229
-63.7908
-63.1548
-62.5174
-61.8806
-61.2464
-60.6165
-59.9926
-59.3758
-58.7674
-58.1683
-57.5794
-57.0013
-56.4345
-55.8795
-55.3363
-54.8052
-54.2861
-53.7789
-53.2833
-52.7991
-52.3257
-51.8626
-51.4093
-50.965
-50.529
-50.1005
-49.6785
-49.2622
-48.8505
-48.4425
-48.0369
-47.6327
-47.2286
-46.8235
-46.4162
-46.0052
-45.5892
-45.1668
-44.7365
-44.2968
-43.8461
-43.3826
-42.9047
-42.4104
-41.8977
-41.3644
-40.8085
-40.2274
-39.6185
-38.9792
-38.3065
-37.5972
-36.848
-36.0554
-35.2156
-34.3247
-33.3786
-32.3731
-31.3041
-30.1673
-28.9587
-27.6748
-26.3125
-24.8695
-23.3447
-21.7386
-20.0535
-18.2939
-16.4672
-14.5835
-12.6564
-10.7025
-8.74169
-6.79602
-4.88944
-3.04651
-1.29133
0.353721
1.86912
3.23905
4.45195
5.50077
6.38278
7.09914
7.65437
8.05555
8.31167
8.43294
8.43019
8.31442
8.09645
7.78665
7.3948
6.92998
6.40053
5.81406
5.17746
4.49697
3.77816
3.02607
2.24518
1.43953
0.612706
-0.232068
-1.09193
-1.9643
-2.84689
-3.73768
-4.63484
-5.53676
-6.44199
-7.34927
-8.25746
-9.16558
-10.0727
-10.9782
-11.8812
-12.7813
-13.6778
-14.5705
-15.4589
-16.3427
-17.2217
-18.0957
-18.9646
-19.8282
-20.6866
-21.5397
-22.3876
-23.2304
-24.0681
-24.9011
-25.7294
-26.5533
-27.3731
-28.1892
-29.0019
-29.8117
-30.6189
-31.424
-32.2277
-33.0304
-33.8328
-34.6354
-35.439
-36.2442
-37.0518
-37.8624
-38.6767
-39.4956
-40.3197
-41.1497
-41.9863
-42.8301
-43.6816
-44.5412
-45.4094
-46.2863
-47.1719
-48.0661
-48.9684
-49.8781
-50.7942
-51.7154
-52.64
-53.5659
-54.4907
-55.4114
-56.3249
-57.2275
-58.1154
-58.9846
-59.8311
-60.6508
-61.4397
-62.1944
-62.9116
-63.5888
-64.2239
-64.8156
-65.3633
-65.8669
-66.3272
-66.7454
-67.1233
-67.4628
-67.7664
-68.0367
-68.2762
-68.4876
-68.6736
-68.8367
-68.9792
-69.1034
-69.2114
-69.305
-69.386
-69.456
-69.5162
-69.5679
-69.6122
-69.6501
-69.6824
-69.7098
-69.733
-69.7525
-69.7689
-69.7825
-69.7937
-69.803
-69.8104
-69.8163
-69.8209
-69.8244
-69.8268
-69.8285
-69.8294
-69.8297
-69.8295
-69.8288
-69.8277
-69.8263
-69.8247
-69.8228
-69.8207
-69.8184
-69.816
-69.8135
-69.8109
-69.8083
-69.8056
-69.8028
-69.8
-69.7973
-69.7945
-69.7917
-69.7889
-69.7862
-69.7834
-69.7807
-69.778
-69.7754
-69.7728
-69.7702
-69.7677
-69.7652
-69.7628
-69.7604
-69.758
-69.7557
-69.7534
-69.7512
-69.7491
-69.747
-69.7449
-69.7429
-69.7409
-69.739
-69.7371
-69.7353
-69.7335
-69.7317
-69.73
-69.7284
-69.7268
-69.7252
-69.7237
-69.7222
-69.7208
-69.7194
-69.718
-69.7167
-69.7154
-69.7142
-69.713
-69.7118
-69.7106
-69.7095
-69.7085
-69.7074
-69.7064
-69.7054
-69.7045
-69.7036
-69.7027
-69.7018
-69.701
-69.7002
-69.6994
-69.6986
-69.6979
-69.6972
-69.6965
-69.6958
-69.6951
-69.6945
-69.6939
-69.6933
-69.6927
-69.6921
-69.6916
-69.691
-69.6905
-69.69
-69.6895
-69.689
-69.6886
-69.6881
-69.6877
-69.6872
-69.6868
-69.6863
-69.6859
-69.6855
-69.6851
-69.6847
-69.6843
-69.6839
-69.6835
-69.6831
-69.6827
-69.6823
-69.6819
-69.6815
-69.6811
-69.6807
-69.6803
-69.6799
-69.6795
-69.5968
-69.4393
-69.2141
-68.9279
-68.5873
-68.1981
-67.7662
-67.2968
-66.795
-66.2653
-65.7121
-65.1394
-64.551
-63.9501
-63.34
-62.7235
-62.1031
-61.4813
-60.8601
-60.2414
-59.6269
-59.0181
-58.4161
-57.8222
-57.2373
-56.6619
-56.0968
-55.5424
-54.999
-54.4666
-53.9453
-53.435
-52.9355
-52.4463
-51.9671
-51.4973
-51.0363
-50.5834
-50.1376
-49.6982
-49.2642
-48.8345
-48.4081
-47.9839
-47.5606
-47.137
-46.7117
-46.2833
-45.8506
-45.4118
-44.9655
-44.51
-44.0436
-43.5645
-43.0706
-42.5601
-42.0308
-41.4802
-40.906
-40.3056
-39.6761
-39.0144

