-65
-64.9994
-64.9988
-64.9982
-64.9977
-64.9971
-64.9965
-64.996
-64.9954
-64.9949
-64.9943
-64.9938
-64.9932
-64.9927
-64.9922
-64.9917
-64.9912
-64.9906
-64.9901
-64.9896
-64.9891
-64.9886
-64.9881
-64.9876
-64.9872
-64.9867
-64.9862
-64.9857
-64.9852
-64.9848
-64.9843
-64.9838
-64.9834
-64.9829
-64.9825
-64.982
-64.9816
-64.9811
-64.9807
-64.9802
-64.9798
-64.9794
-64.9789
-64.9785
-64.9781
-64.9777
-64.9772
-64.9768
-64.9764
-64.976
-64.9756
-64.9752
-64.9748
-64.9744
-64.974
-64.9736
-64.9732
-64.9728
-64.9725
-64.9721
-64.9717
-64.9713
-64.971
-64.9706
-64.9702
-64.9699
-64.9695
-64.9692
-64.9688
-64.9685
-64.9681
-64.9678
-64.9675
-64.9671
-64.9668
-64.9665
-64.9661
-64.9658
-64.9655
-64.9652
-64.9649
-64.9646
-64.9642
-64.9639
-64.9636
-64.9633
-64.963
-64.9628
-64.9625
-64.9622
-64.9619
-64.9616
-64.9613
-64.9611
-64.9608
-64.9605
-64.9603
-64.96
-64.9598
-64.9595
-64.9592
-64.959
-64.9588
-64.9585
-64.9583
-64.958
-64.9578
-64.9576
-64.9573
-64.9571
-64.9569
-64.9567
-64.9565
-64.9562
-64.956
-64.9558
-64.9556
-64.9554
-64.9552
-64.955
-64.9548
-64.9546
-64.9545
-64.9543
-64.9541
-64.9539
-64.9537
-64.9536
-64.9534
-64.9532
-64.9531
-64.9529
-64.9527
-64.9526
-64.9524
-64.9523
-64.9521
-64.952
-64.9519
-64.9517
-64.9516
-64.9514
-64.9513
-64.9512
-64.9511
-64.9509
-64.9508
-64.9507
-64.9506
-64.9505
-64.9504
-64.9503
-64.9502
-64.95
-64.9499
-64.9499
-64.9498
-64.9497
-64.9496
-64.9495
-64.9494
-64.9493
-64.9492
-64.9492
-64.9491
-64.949
-64.9489
-64.9489
-64.9488
-64.9487
-64.9487
-64.9486
-64.9486
-64.9485
-64.9485
-64.9484
-64.9484
-64.9483
-64.9483
-64.9482
-64.9482
-64.9482
-64.9481
-64.9481
-64.9481
-64.948
-64.948
-64.948
-64.948
-64.948
-64.9479
-64.9479
-64.9479
-64.9479
-64.9479
-64.9479
-64.9479
-64.9479
-64.9479
-64.9479
-64.9479
-64.9479
-64.9479
-64.9479
-64.9479
-64.9479
-64.9479
-64.9479
-64.948
-64.948
-64.948
-64.948
-64.9481
-64.9481
-64.9481
-64.9481
-64.9482
-64.9482
-64.9482
-64.9483
-64.9483
-64.9483
-64.9484
-64.9484
-64.9485
-64.9485
-64.9486
-64.9486
-64.9487
-64.9487
-64.9488
-64.9488
-64.9489
-64.9489
-64.949
-64.9491
-64.9491
-64.9492
-64.9492
-64.9493
-64.9494
-64.9494
-64.9495
-64.9496
-64.9497
-64.9497
-64.9498
-64.9499
-64.95
-64.95
-64.9501
-64.9502
-64.9503
-64.9504
-64.9504
-64.9505
-64.9506
-64.9507
-64.9508
-64.9509
-64.951
-64.951
-64.9511
-64.9512
-64.9513
-64.9514
-64.9515
-64.9516
-64.9517
-64.9518
-64.9519
-64.952
-64.9521
-64.9522
-64.9523
-64.9524
-64.9525
-64.9526
-64.9527
-64.9528
-64.9529
-64.953
-64.9532
-64.9533
-64.9534
-64.9535
-64.9536
-64.9537
-64.9538
-64.9539
-64.954
-64.9542
-64.9543
-64.9544
-64.9545
-64.9546
-64.9547
-64.9548
-64.955
-64.9551
-64.9552
-64.9553
-64.9554
-64.9556
-64.9557
-64.9558
-64.9559
-64.956
-64.9562
-64.9563
-64.9564
-64.9565
-64.9566
-64.9568
-64.9569
-64.957
-64.9571
-64.9573
-64.9574
-64.9575
-64.9576
-64.9578
-64.9579
-64.958
-64.9581
-64.9583
-64.9584
-64.9585
-64.9587
-64.9588
-64.9589
-64.959
-64.9592
-64.9593
-64.9594
-64.9595
-64.9597
-64.9598
-64.9599
-64.96
-64.9602
-64.9603
-64.9604
-64.9606
-64.9607
-64.9608
-64.9609
-64.9611
-64.9612
-64.9613
-64.9614
-64.9616
-64.9617
-64.9618
-64.962
-64.9621
-64.9622
-64.9623
-64.9625
-64.9626
-64.9627
-64.9628
-64.963
-64.9631
-64.9632
-64.9633
-64.9635
-64.9636
-64.9637
-64.9638
-64.964
-64.9641
-64.9642
-64.9643
-64.9645
-64.9646
-64.9647
-64.9648
-64.9649
-64.9651
-64.9652
-64.9653
-64.9654
-64.9655
-64.9657
-64.9658
-64.9659
-64.966
-64.9661
-64.9663
-64.9664
-64.9665
-64.9666
-64.9667
-64.9668
-64.967
-64.9671
-64.9672
-64.9673
-64.9674
-64.9675
-64.9677
-64.9678
-64.9679
-64.968
-64.9681
-64.9682
-64.9683
-64.9684
-64.9685
-64.9687
-64.9688
-64.9689
-64.969
-64.9691
-64.9692
-64.9693
-64.9694
-64.9695
-64.9696
-64.9697
-64.9698
-64.9699
-64.97
-64.9701
-64.9702
-64.9703
-64.9704
-64.9705
-64.9706
-64.9707
-64.9708
-64.9709
-64.971
-64.9711
-64.9712
-64.9713
-64.9714
-64.9715
-64.9716
-64.9717
-64.9718
-64.9719
-64.972
-64.9721
-64.9722
-64.9722
-64.9723
-64.9724
-64.9725
-64.9726
-64.9727
-64.9728
-64.9729
-64.9729
-64.973
-64.9731
-64.9732
-64.9733
-64.9734
-64.9734
-64.9735
-64.9736
-64.9737
-64.9738
-64.9738
-64.9739
-64.974
-64.9741
-64.9741
-64.9742
-64.9743
-64.9744
-64.9744
-64.9745
-64.9746
-64.9747
-64.9747
-64.9748
-64.9749
-64.9749
-64.975
-64.9751
-64.9751
-64.9752
-64.9753
-64.9753
-64.9754
-64.9755
-64.9755
-64.9756
-64.9757
-64.9757
-64.9758
-64.9758
-64.9759
-64.976
-64.976
-64.9761
-64.9761
-64.9762
-64.9762
-64.9763
-64.9764
-64.9764
-64.9765
-64.9765
-64.9766
-64.9766
-64.9767
-64.9767
-64.9768
-64.9768
-64.9769
-64.9769
-64.977
-64.977
-64.9771
-64.9771
-64.9771
-64.9772
-64.9772
-64.9773
-64.9773
-64.9774
-64.9774
-64.9774
-64.9775
-64.9775
-64.9776
-64.9776
-64.9776
-64.9777
-64.9777
-64.9778
-64.9778
-64.9778
-64.9779
-64.9779
-64.9779
-64.978
-64.978
-64.978
-64.9781
-64.9781
-64.9781
-64.9781
-64.9782
-64.9782
-64.9782
-64.9783
-64.9783
-64.9783
-64.9783
-64.9784
-64.9784
-64.9784
-64.9784
-64.9785
-64.9785
-64.9785
-64.9785
-64.9785
-64.9786
-64.9786
-64.9786
-64.9786
-64.9786
-64.9787
-64.9787
-64.9787
-64.9787
-64.9787
-64.9787
-64.9787
-64.9788
-64.9788
-64.9788
-64.9788
-64.9788
-64.9788
-64.9788
-64.9789
-64.9789
-64.9789
-64.9789
-64.9789
-64.9789
-64.9789
-64.9789
-64.9789
-64.9789
-64.9789
-64.9789
-64.9789
-64.979
-64.979
-64.979
-64.979
-64.979
-64.979
-64.979
-64.979
-64.979
-64.979
-64.979
-64.979
-64.979
-64.979
-64.979
-64.979
-64.979
-64.979
-64.979
-64.979
-64.979
-64.979
-64.979
-64.979
-64.979
-64.979
-64.979
-64.9789
-64.9789
-64.9789
-64.9789
-64.9789
-64.9789
-64.9789
-64.9789
-64.9789
-64.9789
-64.9789
-64.9789
-64.9789
-64.9789
-64.9788
-64.9788
-64.9788
-64.9788
-64.9788
-64.9788
-64.9788
-64.9788
-64.9788
-64.9787
-64.9787
-64.9787
-64.9787
-64.9787
-64.9787
-64.9787
-64.9787
-64.9786
-64.9786
-64.9786
-64.9786
-64.9786
-64.9786
-64.9786
-64.9785
-64.9785
-64.9785
-64.9785
-64.9785
-64.9785
-64.9784
-64.9784
-64.9784
-64.9784
-64.9784
-64.9783
-64.9783
-64.9783
-64.9783
-64.9783
-64.9783
-64.9782
-64.9782
-64.9782
-64.9782
-64.9782
-64.9781
-64.9781
-64.9781
-64.9781
-64.9781
-64.978
-64.978
-64.978
-64.978
-64.9779
-64.9779
-64.9779
-64.9779
-64.9779
-64.9778
-64.9778
-64.9778
-64.9778
-64.9778
-64.9777
-64.9777
-64.9777
-64.9777
-64.9776
-64.9776
-64.9776
-64.9776
-64.9775
-64.9775
-64.9775
-64.9775
-64.9774
-64.9774
-64.9774
-64.9774
-64.9774
-64.9773
-64.9773
-64.9773
-64.9773
-64.9772
-64.9772
-64.9772
-64.9772
-64.9771
-64.9771
-64.9771
-64.9771
-64.977
-64.977
-64.977
-64.977
-64.9769
-64.9769
-64.9769
-64.9769
-64.9768
-64.9768
-64.9768
-64.9768
-64.9767
-64.9767
-64.9767
-64.9767
-64.9766
-64.9766
-64.9766
-64.9766
-64.9765
-64.9765
-64.9765
-64.9765
-64.9764
-64.9764
-64.9764
-64.9764
-64.9763
-64.9763
-64.9763
-64.9763
-64.9762
-64.9762
-64.9762
-64.9762
-64.9761
-64.9761
-64.9761
-64.9761
-64.976
-64.976
-64.976
-64.976
-64.9759
-64.9759
-64.9759
-64.9759
-64.9758
-64.9758
-64.9758
-64.9758
-64.9757
-64.9757
-64.9757
-64.9757
-64.9756
-64.9756
-64.9756
-64.9756
-64.9755
-64.9755
-64.9755
-64.9755
-64.9754
-64.9754
-64.9754
-64.9754
-64.9753
-64.9753
-64.9753
-64.9753
-64.9753
-64.9752
-64.9752
-64.9752
-64.9752
-64.9751
-64.9751
-64.9751
-64.9751
-64.975
-64.975
-64.975
-64.975
-64.975
-64.9749
-64.9749
-64.9749
-64.9749
-64.9748
-64.9748
-64.9748
-64.9748
-64.9748
-64.9747
-64.9747
-64.9747
-64.9747
-64.9747
-64.9746
-64.9746
-64.9746
-64.9746
-64.9746
-64.9745
-64.9745
-64.9745
-64.9745
-64.9745
-64.9744
-64.9744
-64.9744
-64.9744
-64.9744
-64.9743
-64.9743
-64.9743
-64.9743
-64.9743
-64.9742
-64.9742
-64.9742
-64.9742
-64.9742
-64.9742
-64.9741
-64.9741
-64.9741
-64.9741
-64.9741
-64.9741
-64.974
-64.974
-64.974
-64.974
-64.974
-64.974
-64.9739
-64.9739
-64.9739
-64.9739
-64.9739
-64.9739
-64.9738
-64.9738
-64.9738
-64.9738
-64.9738
-64.9738
-64.9737
-64.9737
-64.9737
-64.9737
-64.9737
-64.9737
-64.9737
-64.9736
-64.9736
-64.9736
-64.9736
-64.9736
-64.9736
-64.9736
-64.9736
-64.9735
-64.9735
-64.9735
-64.9735
-64.9735
-64.9735
-64.9735
-64.9735
-64.9734
-64.9734
-64.9734
-64.9734
-64.9734
-64.9734
-64.9734
-64.9734
-64.9733
-64.9733
-64.9733
-64.9733
-64.9733
-64.9733
-64.9733
-64.9733
-64.9733
-64.9733
-64.9732
-64.9732
-64.9732
-64.9732
-64.9732
-64.9732
-64.9732
-64.9732
-64.9732
-64.9732
-64.9732
-64.9731
-64.9731
-64.9731
-64.9731
-64.9731
-64.9731
-64.9731
-64.9731
-64.9731
-64.9731
-64.9731
-64.9731
-64.9731
-64.973
-64.973
-64.973
-64.973
-64.973
-64.973
-64.973
-64.973
-64.973
-64.973
-64.973
-64.973
-64.973
-64.973
-64.973
-64.973
-64.973
-64.9729
-64.9729
-64.9729
-64.9729
-64.9729
-64.9729
-64.9729
-64.9729
-64.9729
-64.9729
-64.9729
-64.9729
-64.9729
-64.9729
-64.9729
-64.9729
-64.9729
-64.9729
-64.9729
-64.9729
-64.9729
-64.9729
-64.9729
-64.9729
-64.9729
-64.9729
-64.9728
-64.9728
-64.9728
-64.9728
-64.9728
-64.9728
-64.9728
-64.9728
-64.9728
-64.9728
-64.9728
-64.9728
-64.9728
-64.9728
-64.9728
-64.9728
-64.9728
-64.9728
-64.9728
-64.9728
-64.9728
-64.9728
-64.9728
-64.9728
-64.9728
-64.9728
-64.9728
-64.9728
-64.9728
-64.9728
-64.9728
-64.9728
-64.9728
-64.9728
-64.9728
-64.9728
-64.9728
-64.9728
-64.9728
-64.9728
-64.9728
-64.9728
-64.9728
-64.9728
-64.9728
-64.9728
-64.9728
-64.9728
-64.9728
-64.9728
-64.9728
-64.9728
-64.9728
-64.9728
-64.9728
-64.9728
-64.9728
-64.9728
-64.9728
-64.9729
-64.9729
-64.9729
-64.9729
-64.9729
-64.9729
-64.9729
-64.9729
-64.9729
-64.9729
-64.9729
-64.9729
-64.9729
-64.9729
-64.9729
-64.9729
-64.9729
-64.9729
-64.9729
-64.9729
-64.9729
-64.9729
-64.9729
-64.9729
-64.9729
-64.9729
-64.9729
-64.9729
-64.9729
-64.9729
-64.9729
-64.9729
-64.9729
-64.9729
-64.973
-64.973
-64.973
-64.973
-64.973
-64.973
-64.973
-64.973
-64.973
-64.973
-64.973
-64.973
-64.973
-64.973
-64.973
-64.973
-64.973
-64.973
-64.973
-64.973
-64.973
-64.973
-64.973
-64.973
-64.9731
-64.9731
-64.9731
-64.9731
-64.9731
-64.9731
-64.9731
-64.9731
-64.9731
-64.9731
-64.9731
-64.9731
-64.9731
-64.9731
-64.9731
-64.9731
-64.9731
-64.9731
-64.9731
-64.9731
-64.9731
-64.9732
-64.9732
-64.9732
-64.9732
-64.9732
-64.9732
-64.9732
-64.9732
-64.9732
-64.9732
-64.9732
-64.9732
-64.9732
-64.9732
-64.9732
-64.9732
-64.9732
-64.9732
-64.9732
-64.9732
-64.9733
-64.9733
-64.9733
-64.9733
-64.9733
-64.9733
-64.9733
-64.9733
-64.9733
-64.9733
-64.9733
-64.9733
-64.9733
-64.9733
-64.9733
-64.9733
-64.9733
-64.9733
-64.9733
-64.9733
-64.9734
-64.9734
-64.9734
-64.9734
-64.9734
-64.9734
-64.9734
-64.9734
-64.9734
-64.9734
-64.9734
-64.9734
-64.9734
-64.9734
-64.9734
-64.9734
-64.9734
-64.9734
-64.9734
-64.9734
-64.9735
-64.9735
-64.9735
-64.9735
-64.9735
-64.9735
-64.9735
-64.9735
-64.9735
-64.9735
-64.9735
-64.9735
-64.9735
-64.9735
-64.9735
-64.9735
-64.9735
-64.9735
-64.9735
-64.9735
-64.9736
-64.9736
-64.9736
-64.9736
-64.9736
-64.9736
-64.9736
-64.9736
-64.9736
-64.9736
-64.9736
-64.9736
-64.9736
-64.9736
-64.9736
-64.9736
-64.9736
-64.9736
-64.9736
-64.9736
-64.9736
-64.9736
-64.9737
-64.9737
-64.9737
-64.9737
-64.9737
-64.9737
-64.9737
-64.9737
-64.9737
-64.9737
-64.9737
-64.9737
-64.9737
-64.9737
-64.9737
-64.9737
-64.9737
-64.9737
-64.9737
-64.9737
-64.9737
-64.9737
-64.9737
-64.9737
-64.9738
-64.9738
-64.9738
-64.9738
-64.9738
-64.9738
-64.9738
-64.9738
-64.9738
-64.9738
-64.9738
-64.9738
-64.9738
-64.9738
-64.9738
-64.9738
-64.9738
-64.9738
-64.9738
-64.9738
-64.9738
-64.9738
-64.9738
-64.9738
-64.9738
-64.9738
-64.9738
-64.9739
-64.9739
-64.9739
-64.9739
-64.9739
-64.9739
-64.9739
-64.9739
-64.9739
-64.9739
-64.9739
-64.9739
-64.9739
-64.9739
-64.9739
-64.9739
-64.9739
-64.9739
-64.9739
-64.9739
-64.9739
-64.9739
-64.9739
-64.9739
-64.9739
-64.9739
-64.9739
-64.9739
-64.9739
-64.9739
-64.9739
-64.9739
-64.9739
-64.9739
-64.9739
-64.9739
-64.974
-64.974
-64.974
-64.974
-64.974
-64.974
-64.974
-64.974
-64.974
-64.974
-64.974
-64.974
-64.974
-64.974
-64.974
-64.974
-64.974
-64.974
-64.974
-64.974
-64.974
-64.974
-64.974
-64.974
-64.974
-64.974
-64.974
-64.974
-64.974
-64.974
-64.974
-64.974
-64.974
-64.974
-64.974
-64.974
-64.974
-64.974
-64.974
-64.974
-64.974
-64.974
-64.974
-64.974
-64.974
-64.974
-64.974
-64.974
-64.974
-64.974
-64.974
-64.974
-64.974
-64.974
-64.974
-64.974
-64.974
-64.974
-64.974
-64.974
-64.9741
-64.9741
-64.9741
-64.9741
-64.9741
-64.9741
-64.9741
-64.9741
-64.9741
-64.9741
-64.9741
-64.9741
-64.9741
-64.9741
-64.9741
-64.9741
-64.9741
-64.9741
-64.9741
-64.9741
-64.9741
-64.9741
-64.9741
-64.9741
-64.9741
-64.9741
-64.9741
-64.9741
-64.9741
-64.9741
-64.9741
-64.9741
-64.9741
-64.9741
-64.9741
-64.9741
-64.9741
-64.9741
-64.9741
-64.9741
-64.9741
-64.9741
-64.9741
-64.9741
-64.9741
-64.9741
-64.9741
-64.9741
-64.9741
-64.9741
-64.9741
-64.9741
-64.9741
-64.9741
-64.9741
-64.9741
-64.9741
-64.9741
-64.9741
-64.9741
-64.9741
-64.9741
-64.9741
-64.9741
-64.9741
-64.9741
-64.9741
-64.9741
-64.9741
-64.9741
-64.9741
-64.9741
-64.9741
-64.9741
-64.9741
-64.9741
-64.9741
-64.9741
-64.9741
-64.9741
-64.9741
-64.9741
-64.9741
-64.9741
-64.9741
-64.9741
-64.9741
-64.9741
-64.9741
-64.9741
-64.9741
-64.9741
-64.9741
-64.9741
-64.9741
-64.9741
-64.9741
-64.9741
-64.9741
-64.9741
-64.9741
-64.9741
-64.9741
-64.9741
-64.9741
-64.9741
-64.9741
-64.9741
-64.9741
-64.9741
-64.9741
-64.9741
-64.9741
-64.9741
-64.9741
-64.9741
-64.9741
-64.974
-64.974
-64.974
-64.974
-64.974
-64.974
-64.974
-64.974
-64.974
-64.974
-64.974
-64.974
-64.974
-64.974
-64.974
-64.974
-64.974
-64.974
-64.974
-64.974
-64.974
-64.974
-64.974
-64.974
-64.974
-64.974
-64.974
-64.974
-64.974
-64.974
-64.974
-64.974
-64.974
-64.974
-64.974
-64.974
-64.974
-64.974
-64.974
-64.974
-64.974
-64.974
-64.974
-64.974
-64.974
-64.974
-64.974
-64.974
-64.974
-64.974
-64.974
-64.974
-64.974
-64.974
-64.974
-64.974
-64.974
-64.974
-64.974
-64.974
-64.974
-64.974
-64.974
-64.974
-64.974
-64.974
-64.974
-64.974
-64.974
-64.974
-64.974
-64.974
-64.974
-64.974
-64.974
-64.974
-64.974
-64.974
-64.974
-64.974
-64.974
-64.974
-64.974
-64.974
-64.974
-64.974
-64.974
-64.974
-64.974
-64.974
-64.974
-64.974
-64.974
-64.974
-64.974
-64.974
-64.974
-64.974
-64.974
-64.974
-64.974
-64.974
-64.974
-64.974
-64.974
-64.974
-64.974
-64.9739
-64.9739
-64.9739
-64.9739
-64.9739
-64.9739
-64.9739
-64.9739
-64.9739
-64.9739
-64.9739
-64.9739
-64.9739
-64.9739
-64.9739
-64.9739
-64.9739
-64.9739
-64.9739
-64.9739
-64.9739
-64.9739
-64.9739
-64.9739
-64.9739
-64.9739
-64.9739
-64.9739
-64.9739
-64.9739
-64.9739
-64.9739
-64.9739
-64.9739
-64.9739
-64.9739
-64.9739
-64.9739
-64.9739
-64.9739
-64.9739
-64.9739
-64.9739
-64.9739
-64.9739
-64.9739
-64.9739
-64.9739
-64.9739
-64.9739
-64.9739
-64.9739
-64.9739
-64.9739
-64.9739
-64.9739
-64.9739
-64.9739
-64.9739
-64.9739
-64.9739
-64.9739
-64.9739
-64.9739
-64.9739
-64.9739
-64.9739
-64.9739
-64.9739
-64.9739
-64.9739
-64.9739
-64.9739
-64.9739
-64.9739
-64.9739
-64.9739
-64.9739
-64.9739
-64.9739
-64.9739
-64.9739
-64.9739
-64.9739
-64.9739
-64.9739
-64.9739
-64.9739
-64.9739
-64.9739
-64.9739
-64.9739
-64.9739
-64.9739
-64.9739
-64.9739
-64.9739
-64.9739
-64.9739
-64.9739
-64.9739
-64.9739
-64.9739
-64.9739
-64.9739
-64.9739
-64.9739
-64.9739
-64.9739
-64.9739
-64.9739
-64.9739
-64.9739
-64.9739
-64.9739
-64.9739
-64.9739
-64.9739
-64.9739
-64.9739
-64.9739
-64.9739
-64.9739
-64.9739
-64.9739
-64.9739
-64.9739
-64.9739
-64.9739
-64.9739
-64.9739
-64.9739
-64.9739
-64.9739
-64.9739
-64.9739
-64.9739
-64.9739
-64.9739
-64.9739
-64.9738
-64.9738
-64.9738
-64.9738
-64.9738
-64.9738
-64.9738
-64.9738
-64.9738
-64.9738
-64.9738
-64.9738
-64.9738
-64.9738
-64.9738
-64.9738
-64.9738
-64.9738
-64.9738
-64.9738
-64.9738
-64.9738
-64.9738
-64.9738
-64.9738
-64.9738
-64.9738
-64.9738
-64.9738
-64.9738
-64.9738
-64.9738
-64.9738
-64.9738
-64.9738
-64.9738
-64.9738
-64.9738
-64.9738
-64.9738
-64.9738
-64.9738
-64.9738
-64.9738
-64.9738
-64.9738
-64.9738
-64.9738
-64.9738
-64.9738
-64.9738
-64.9738
-64.9738
-64.9738
-64.9738
-64.9738
-64.9738
-64.9738
-64.9738
-64.9738
-64.9738
-64.9738
-64.9738
-64.9738
-64.9738
-64.9738
-64.9738
-64.9738
-64.9738
-64.9738
-64.9738
-64.9738
-64.9738
-64.9738
-64.9738
-64.9738
-64.9738
-64.9738
-64.9738
-64.9738
-64.9738
-64.9738
-64.9738
-64.9738
-64.9738
-64.9738
-64.9738
-64.9738
-64.9738
-64.9738
-64.9738
-64.9738
-64.9738
-64.9738
-64.9738
-64.9738
-64.9738
-64.9738
-64.9738
-64.9738
-64.9738
-64.9738
-64.9738
-64.9738
-64.9738
-64.9738
-64.9738
-64.9738
-64.9738
-64.9738
-64.9738
-64.9738
-64.9738
-64.9738
-64.9738
-64.9738
-64.9738
-64.9738
-64.9738
-64.9738
-64.9738
-64.9738
-64.9738
-64.9738
-64.9738
-64.9738
-64.9738
-64.9738
-64.9738
-64.9738
-64.9738
-64.9738
-64.9738
-64.9738
-64.9738
-64.9738
-64.9738
-64.9738
-64.9738
-64.9738
-64.9738
-64.9738
-64.9738
-64.9738
-64.9738
-64.9738
-64.9738
-64.9738
-64.9738
-64.9738
-64.9738
-64.9738
-64.9738
-64.9738
-64.9738
-64.9738
-64.9738
-64.9738
-64.9738
-64.9738
-64.9738
-64.9738
-64.9738
-64.9738
-64.9738
-64.9738
-64.9738
-64.9738
-64.9738
-64.9738
-64.9738
-64.9738
-64.9738
-64.9738
-64.9738
-64.9738
-64.9738
-64.9738
-64.9738
-64.9738
-64.9738
-64.9738
-64.9738
-64.9738
-64.9738
-64.9738
-64.9738
-64.9738
-64.9738
-64.9738
-64.9738
-64.9738
-64.9738
-64.9738
-64.9738
-64.9738
-64.9738
-64.9738
-64.9738
-64.9738
-64.9738
-64.9738
-64.9738
-64.9738
-64.9738
-64.9738
-64.9738
-64.9738
-64.9738
-64.9738
-64.9738
-64.9738
-64.9738
-64.9738
-64.9738
-64.9738
-64.9738
-64.9738
-64.9738
-64.9738
-64.9738
-64.9738
-64.9739
-64.9739
-64.9739
-64.9739
-64.9739
-64.9739
-64.9739
-64.9739
-64.9739
-64.9739
-64.9739
-64.9739
-64.9739
-64.9739
-64.9739
-64.9739
-64.9739
-64.9739
-64.9739
-64.9739
-64.9739
-64.9739
-64.9739
-64.9739
-64.9739
-64.9739
-64.9739
-64.9739
-64.9739
-64.9739
-64.9739
-64.9739
-64.9739
-64.9739
-64.9739
-64.9739
-64.9739
-64.9739
-64.9739
-64.9739
-64.9739
-64.9739
-64.9739
-64.9739
-64.9739
-64.9739
-64.9739
-64.9739
-64.9739
-64.9739
-64.9739
-64.9739
-64.9739
-64.9739
-64.9739
-64.9739
-64.9739
-64.9739
-64.9739
-64.9739
-64.9739
-64.9739
-64.9739
-64.9739
-64.9739
-64.9739
-64.9739
-64.9739
-64.9739
-64.9739
-64.9739
-64.9739
-64.9739
-64.9739
-64.9739
-64.9739
-64.9739
-64.9739
-64.9739
-64.9739
-64.9739
-64.9739
-64.9739
-64.9739
-64.9739
-64.9739
-64.9739
-64.9739
-64.9739
-64.9739
-64.9739
-64.9739
-64.9739
-64.9739
-64.8936
-64.7368
-64.5073
-64.2092
-63.8465
-63.4231
-62.9431
-62.4103
-61.8288
-61.2022
-60.5342
-59.8284
-59.088
-58.3163
-57.5159
-56.6897
-55.8398
-54.9683
-54.0765
-53.1658
-52.2366
-51.2889
-50.3223
-49.3352
-48.3257
-47.2905
-46.2254
-45.1251
-43.9827
-42.7898
-41.536
-40.2089
-38.7935
-37.2718
-35.6226
-33.8209
-31.8374
-29.6384
-27.1856
-24.4365
-21.3463
-17.871
-13.9732
-9.6315
-4.85401
0.306198
5.73717
11.2641
16.6631
21.6955
26.1533
29.8994
32.8859
35.1455
36.7663
37.8607
38.5414
38.9071
39.0367
38.9896
38.8087
38.5244
38.158
37.7243
37.2337
36.694
36.1107
35.4884
34.8305
34.1401
33.4198
32.6718
31.8982
31.1011
30.2821
29.443
28.5854
27.7109
26.8209
25.9169
25.0001
24.072
23.1336
22.1863
21.231
20.2688
19.3008
18.3279
17.3509
16.3708
15.3883
14.4042
13.4191
12.4337
11.4487
10.4645
9.48164
8.50068
7.52202
6.54607
5.57319
4.60372
3.63795
2.67617
1.71861
0.765502
-0.18297
-1.12663
-2.06534
-2.99897
-3.92741
-4.85058
-5.76842
-6.68087
-7.5879
-8.48948
-9.3856
-10.2763
-11.1615
-12.0414
-12.9159
-13.7852
-14.6492
-15.5081
-16.362
-17.211
-18.0552
-18.8947
-19.7299
-20.5607
-21.3874
-22.2103
-23.0296
-23.8456
-24.6585
-25.4687
-26.2766
-27.0825
-27.8869
-28.6903
-29.4931
-30.2958
-31.0991
-31.9036
-32.7098
-33.5187
-34.3307
-35.1468
-35.9678
-36.7945
-37.6277
-38.4684
-39.2815
-40.0763
-40.8593
-41.6349
-42.406
-43.1747
-43.9423
-44.7096
-45.4769
-46.244
-47.0108
-47.7765
-48.5401
-49.3006
-50.0565
-50.8059
-51.5471
-52.2777
-52.9956
-53.698
-54.3825
-55.0463
-55.6868
-56.3014
-56.8877
-57.4435
-57.967
-58.4564
-58.9108
-59.3293
-59.7116
-60.0579
-60.3687
-60.6449
-60.8878
-61.0989
-61.2799
-61.4328
-61.5595
-61.6622
-61.7429
-61.8037
-61.8466
-61.8735
-61.8861
-61.8862
-61.8754
-61.855
-61.8264
-61.7908
-61.7492
-61.7025
-61.6517
-61.5974
-61.5404
-61.4812
-61.4204
-61.3583
-61.2954
-61.2321
-61.1685
-61.105
-61.0418
-60.979
-60.9169
-60.8556
-60.7951
-60.7357
-60.6772
-60.62
-60.5639
-60.509
-60.4555
-60.4032
-60.3522
-60.3027
-60.2544
-60.2075
-60.162
-60.1179
-60.0751
-60.0337
-59.9936
-59.9549
-59.9176
-59.8815
-59.8468
-59.8134
-59.7812
-59.7504
-59.7208
-59.6924
-59.6653
-59.6394
-59.6147
-59.5912
-59.5688
-59.5476
-59.5276
-59.5087
-59.4908
-59.4741
-59.4584
-59.4438
-59.4302
-59.4177
-59.4062
-59.3956
-59.3861
-59.3775
-59.3699
-59.3632
-59.3574
-59.3525
-59.3486
-59.3455
-59.3432
-59.3419
-59.3414
-59.3417
-59.3428
-59.3447
-59.3474
-59.3509
-59.3551
-59.3601
-59.3658
-59.3723
-59.3795
-59.3874
-59.3959
-59.4052
-59.4151
-59.4257
-59.4369
-59.4488
-59.4612
-59.4743
-59.488
-59.5023
-59.5172
-59.5326
-59.5486
-59.5652
-59.5823
-59.5999
-59.618
-59.6367
-59.6558
-59.6755
-59.6956
-59.7162
-59.7372
-59.7587
-59.7807
-59.8031
-59.8259
-59.8491
-59.8727
-59.8968
-59.9212
-59.946
-59.9712
-59.9968
-60.0227
-60.049
-60.0756
-60.1025
-60.1298
-60.1574
-60.1852
-60.2134
-60.2419
-60.2707
-60.2998
-60.3291
-60.3587
-60.3885
-60.4186
-60.449
-60.4796
-60.5104
-60.5415
-60.5727
-60.6042
-60.6359
-60.6677
-60.6998
-60.7321
-60.7645
-60.7971
-60.8299
-60.8628
-60.8959
-60.9291
-60.9625
-60.996
-61.0297
-61.0634
-61.0973
-61.1314
-61.1655
-61.1997
-61.2341
-61.2685
-61.303
-61.3376
-61.3723
-61.4071
-61.4419
-61.4768
-61.5118
-61.5468
-61.5819
-61.617
-61.6522
-61.6874
-61.7226
-61.7579
-61.7932
-61.8286
-61.8639
-61.8993
-61.9347
-61.9701
-62.0055
-62.0409
-62.0763
-62.1117
-62.1471
-62.1825
-62.2179
-62.2533
-62.2886
-62.3239
-62.3592
-62.3945
-62.4297
-62.465
-62.5001
-62.5352
-62.5703
-62.6054
-62.6404
-62.6753
-62.7102
-62.7451
-62.7799
-62.8146
-62.8492
-62.8838
-62.9184
-62.9529
-62.9873
-63.0216
-63.0558
-63.09
-63.1241
-63.1582
-63.1921
-63.226
-63.2598
-63.2934
-63.3271
-63.3606
-63.394
-63.4273
-63.4606
-63.4937
-63.5268
-63.5597
-63.5926
-63.6253
-63.658
-63.6906
-63.723
-63.7553
-63.7876
-63.8197
-63.8517
-63.8836
-63.9154
-63.9471
-63.9787
-64.0102
-64.0415
-64.0727
-64.1039
-64.1349
-64.1657
-64.1965
-64.2271
-64.2577
-64.2881
-64.3183
-64.3485
-64.3785
-64.4084
-64.4382
-64.4679
-64.4974
-64.5268
-64.5561
-64.5852
-64.6143
-64.6432
-64.6719
-64.7006
-64.7291
-64.7575
-64.7857
-64.8138
-64.8418
-64.8696
-64.8974
-64.9249
-64.9524
-64.9797
-65.0069
-65.0339
-65.0609
-65.0876
-65.1143
-65.1408
-65.1672
-65.1934
-65.2195
-65.2455
-65.2713
-65.297
-65.3226
-65.348
-65.3733
-65.3984
-65.4234
-65.4483
-65.473
-65.4976
-65.5221
-65.5464
-65.5706
-65.5946
-65.6185
-65.6423
-65.6659
-65.6894
-65.7127
-65.736
-65.759
-65.782
-65.8048
-65.8274
-65.8499
-65.8723
-65.8945
-65.9166
-65.9386
-65.9604
-65.9821
-66.0037
-66.0251
-66.0464
-66.0675
-66.0885
-66.1094
-66.1301
-66.1507
-66.1711
-66.1914
-66.2116
-66.2316
-66.2515
-66.2713
-66.2909
-66.3104
-66.3297
-66.3489
-66.368
-66.3869
-66.4057
-66.4244
-66.4429
-66.4613
-66.4796
-66.4977
-66.5157
-66.5335
-66.5512
-66.5688
-66.5863
-66.6036
-66.6208
-66.6378
-66.6547
-66.6715
-66.6881
-66.7047
-66.721
-66.7373
-66.7534
-66.7694
-66.7852
-66.8009
-66.8165
-66.832
-66.8473
-66.8625
-66.8775
-66.8925
-66.9073
-66.9219
-66.9365
-66.9509
-66.9652
-66.9793
-66.9934
-67.0073
-67.021
-67.0347
-67.0482
-67.0616
-67.0749
-67.088
-67.101
-67.1139
-67.1266
-67.1393
-67.1518
-67.1642
-67.1764
-67.1886
-67.2006
-67.2125
-67.2242
-67.2359
-67.2474
-67.2588
-67.27
-67.2812
-67.2922
-67.3031
-67.3139
-67.3246
-67.3351
-67.3456
-67.3559
-67.3661
-67.3761
-67.3861
-67.3959
-67.4056
-67.4152
-67.4247
-67.4341
-67.4433
-67.4525
-67.4615
-67.4704
-67.4792
-67.4879
-67.4964
-67.5049
-67.5132
-67.5214
-67.5295
-67.5375
-67.5454
-67.5532
-67.5609
-67.5684
-67.5759
-67.5832
-67.5904
-67.5975
-67.6045
-67.6114
-67.6182
-67.6249
-67.6315
-67.6379
-67.6443
-67.6505
-67.6567
-67.6627
-67.6686
-67.6745
-67.6802
-67.6858
-67.6913
-67.6967
-67.702
-67.7073
-67.7124
-67.7174
-67.7223
-67.7271
-67.7318
-67.7364
-67.7409
-67.7453
-67.7496
-67.7538
-67.7579
-67.7619
-67.7658
-67.7696
-67.7733
-67.777
-67.7805
-67.7839
-67.7873
-67.7905
-67.7937
-67.7967
-67.7997
-67.8026
-67.8053
-67.808
-67.8106
-67.8131
-67.8155
-67.8179
-67.8201
-67.8222
-67.8243
-67.8263
-67.8282
-67.8299
-67.8317
-67.8333
-67.8348
-67.8363
-67.8376
-67.8389
-67.8401
-67.8412
-67.8422
-67.8432
-67.844
-67.8448
-67.8455
-67.8461
-67.8466
-67.8471
-67.8474
-67.8477
-67.8479
-67.8481
-67.8481
-67.8481
-67.848
-67.8478
-67.8476
-67.8472
-67.8468
-67.8463
-67.8458
-67.8451
-67.8444
-67.8436
-67.8428
-67.8419
-67.8409
-67.8398
-67.8386
-67.8374
-67.8361
-67.8348
-67.8333
-67.8318
-67.8303
-67.8286
-67.8269
-67.8251
-67.8233
-67.8214
-67.8194
-67.8174
-67.8152
-67.8131
-67.8108
-67.8085
-67.8062
-67.8037
-67.8012
-67.7987
-67.796
-67.7934
-67.7906
-67.7878
-67.7849
-67.782
-67.779
-67.776
-67.7729
-67.7697
-67.7665
-67.7632
-67.7599
-67.7565
-67.753
-67.7495
-67.7459
-67.7423
-67.7386
-67.7349
-67.7311
-67.7273
-67.7234
-67.7194
-67.7155
-67.7114
-67.7073
-67.7031
-67.6989
-67.6947
-67.6904
-67.686
-67.6816
-67.6772
-67.6727
-67.6681
-67.6635
-67.6589
-67.6542
-67.6495
-67.6447
-67.6398
-67.635
-67.63
-67.6251
-67.6201
-67.615
-67.6099
-67.6048
-67.5996
-67.5944
-67.5891
-67.5838
-67.5785
-67.5731
-67.5677
-67.5622
-67.5567
-67.5511
-67.5456
-67.5399
-67.5343
-67.5286
-67.5228
-67.5171
-67.5113
-67.5054
-67.4995
-67.4936
-67.4877
-67.4817
-67.4757
-67.4696
-67.4635
-67.4574
-67.4513
-67.4451
-67.4389
-67.4326
-67.4263
-67.42
-67.4137
-67.4073
-67.4009
-67.3945
-67.388
-67.3815
-67.375
-67.3684
-67.3619
-67.3552
-67.3486
-67.342
-67.3353
-67.3285
-67.3218
-67.315
-67.3082
-67.3014
-67.2946
-67.2877
-67.2808
-67.2739
-67.267
-67.26
-67.253
-67.246
-67.239
-67.2319
-67.2249
-67.2178
-67.2107
-67.2035
-67.1964
-67.1892
-67.182
-67.1748
-67.1676
-67.1603
-67.1531
-67.1458
-67.1385
-67.1311
-67.1238
-67.1165
-67.1091
-67.1017
-67.0943
-67.0869
-67.0795
-67.072
-67.0646
-67.0571
-67.0496
-67.0421
-67.0346
-67.0271
-67.0195
-67.012
-67.0044
-66.9968
-66.9892
-66.9816
-66.974
-66.9664
-66.9588
-66.9512
-66.9435
-66.9358
-66.9282
-66.9205
-66.9128
-66.9051
-66.8974
-66.8897
-66.882
-66.8742
-66.8665
-66.8588
-66.851
-66.8433
-66.8355
-66.8277
-66.8199
-66.8122
-66.8044
-66.7966
-66.7888
-66.781
-66.7732
-66.7653
-66.7575
-66.7497
-66.7419
-66.7341
-66.7262
-66.7184
-66.7105
-66.7027
-66.6949
-66.687
-66.6792
-66.6713
-66.6635
-66.6556
-66.6478
-66.64
-66.6321
-66.6243
-66.6164
-66.6086
-66.6007
-66.5929
-66.585
-66.5772
-66.5694
-66.5615
-66.5537
-66.5459
-66.538
-66.5302
-66.5224
-66.5146
-66.5067
-66.4989
-66.4911
-66.4833
-66.4755
-66.4677
-66.46
-66.4522
-66.4444
-66.4366
-66.4289
-66.4211
-66.4133
-66.4056
-66.3978
-66.3901
-66.3824
-66.3746
-66.3669
-66.3592
-66.3515
-66.3438
-66.3361
-66.3284
-66.3207
-66.3131
-66.3054
-66.2977
-66.2901
-66.2824
-66.2748
-66.2672
-66.2596
-66.252
-66.2444
-66.2368
-66.2292
-66.2217
-66.2141
-66.2066
-66.199
-66.1915
-66.184
-66.1765
-66.169
-66.1615
-66.1541
-66.1466
-66.1392
-66.1317
-66.1243
-66.1169
-66.1095
-66.1021
-66.0948
-66.0874
-66.0801
-66.0728
-66.0654
-66.0581
-66.0509
-66.0436
-66.0363
-66.0291
-66.0219
-66.0147
-66.0075
-66.0003
-65.9931
-65.986
-65.9788
-65.9717
-65.9646
-65.9575
-65.9504
-65.9434
-65.9363
-65.9293
-65.9223
-65.9153
-65.9083
-65.9014
-65.8944
-65.8875
-65.8806
-65.8737
-65.8668
-65.8599
-65.8531
-65.8462
-65.8394
-65.8326
-65.8258
-65.8191
-65.8123
-65.8056
-65.7989
-65.7922
-65.7855
-65.7789
-65.7722
-65.7656
-65.759
-65.7524
-65.7459
-65.7393
-65.7328
-65.7263
-65.7198
-65.7133
-65.7069
-65.7005
-65.694
-65.6877
-65.6813
-65.6749
-65.6686
-65.6623
-65.656
-65.6497
-65.6435
-65.6373
-65.631
-65.6249
-65.6187
-65.6125
-65.6064
-65.6003
-65.5942
-65.5882
-65.5821
-65.5761
-65.5701
-65.5642
-65.5582
-65.5523
-65.5464
-65.5405
-65.5346
-65.5288
-65.523
-65.5172
-65.5114
-65.5057
-65.4999
-65.4942
-65.4886
-65.4829
-65.4773
-65.4717
-65.4661
-65.4605
-65.455
-65.4495
-65.444
-65.4385
-65.433
-65.4276
-65.4222
-65.4168
-65.4115
-65.4061
-65.4008
-65.3955
-65.3902
-65.385
-65.3798
-65.3746
-65.3694
-65.3642
-65.3591
-65.354
-65.3489
-65.3439
-65.3388
-65.3338
-65.3288
-65.3239
-65.3189
-65.314
-65.3091
-65.3042
-65.2994
-65.2946
-65.2898
-65.285
-65.2802
-65.2755
-65.2708
-65.2661
-65.2615
-65.2569
-65.2522
-65.2477
-65.2431
-65.2386
-65.2341
-65.2296
-65.2251
-65.2207
-65.2163
-65.2119
-65.2075
-65.2032
-65.1989
-65.1946
-65.1904
-65.1861
-65.1819
-65.1777
-65.1736
-65.1694
-65.1653
-65.1612
-65.1572
-65.1531
-65.1491
-65.1452
-65.1412
-65.1373
-65.1334
-65.1295
-65.1256
-65.1218
-65.118
-65.1142
-65.1104
-65.1067
-65.103
-65.0993
-65.0957
-65.092
-65.0884
-65.0848
-65.0813
-65.0778
-65.0743
-65.0708
-65.0673
-65.0639
-65.0605
-65.0571
-65.0538
-65.0504
-65.0471
-65.0439
-65.0406
-65.0374
-65.0342
-65.031
-65.0279
-65.0247
-65.0216
-65.0186
-65.0155
-65.0125
-65.0095
-65.0065
-65.0036
-65.0007
-64.9978
-64.9949
-64.992
-64.9892
-64.9864
-64.9836
-64.9809
-64.9782
-64.9755
-64.9728
-64.9701
-64.9675
-64.9649
-64.9623
-64.9598
-64.9572
-64.9547
-64.9522
-64.9498
-64.9473
-64.9449
-64.9425
-64.9402
-64.9378
-64.9355
-64.9332
-64.9309
-64.9287
-64.9264
-64.9242
-64.922
-64.9199
-64.9177
-64.9156
-64.9135
-64.9115
-64.9094
-64.9074
-64.9054
-64.9034
-64.9015
-64.8995
-64.8976
-64.8957
-64.8939
-64.892
-64.8902
-64.8884
-64.8866
-64.8849
-64.8831
-64.8814
-64.8797
-64.8781
-64.8764
-64.8748
-64.8732
-64.8716
-64.87
-64.8685
-64.867
-64.8655
-64.864
-64.8626
-64.8611
-64.8597
-64.8583
-64.857
-64.8556
-64.8543
-64.853
-64.8517
-64.8504
-64.8492
-64.8479
-64.8467
-64.8456
-64.8444
-64.8432
-64.8421
-64.841
-64.8399
-64.8389
-64.8378
-64.8368
-64.8358
-64.8348
-64.8338
-64.8329
-64.8319
-64.831
-64.8301
-64.8293
-64.8284
-64.8276
-64.8268
-64.826
-64.8252
-64.8244
-64.8237
-64.8229
-64.8222
-64.8215
-64.8209
-64.8202
-64.8196
-64.819
-64.8184
-64.8178
-64.8172
-64.8167
-64.8161
-64.8156
-64.8151
-64.8146
-64.8142
-64.8137
-64.8133
-64.8129
-64.8125
-64.8121
-64.8117
-64.8114
-64.811
-64.8107
-64.8104
-64.8101
-64.8099
-64.8096
-64.8094
-64.8091
-64.8089
-64.8087
-64.8086
-64.8084
-64.8082
-64.8081
-64.808
-64.8079
-64.8078
-64.8077
-64.8076
-64.8076
-64.8075
-64.8075
-64.8075
-64.8075
-64.8075
-64.8076
-64.8076
-64.8077
-64.8077
-64.8078
-64.8079
-64.808
-64.8081
-64.8083
-64.8084
-64.8086
-64.8087
-64.8089
-64.8091
-64.8093
-64.8095
-64.8098
-64.81
-64.8103
-64.8105
-64.8108
-64.8111
-64.8114
-64.8117
-64.812
-64.8123
-64.8127
-64.813
-64.8134
-64.8137
-64.8141
-64.8145
-64.8149
-64.8153
-64.8157
-64.8161
-64.8166
-64.817
-64.8175
-64.8179
-64.8184
-64.8189
-64.8194
-64.8199
-64.8204
-64.8209
-64.8214
-64.822
-64.8225
-64.8231
-64.8236
-64.8242
-64.8247
-64.8253
-64.8259
-64.8265
-64.8271
-64.8277
-64.8283
-64.829
-64.8296
-64.8302
-64.8309
-64.8315
-64.8322
-64.8328
-64.8335
-64.8342
-64.8349
-64.8355
-64.8362
-64.8369
-64.8376
-64.8383
-64.8391
-64.8398
-64.8405
-64.8412
-64.842
-64.8427
-64.8435
-64.8442
-64.845
-64.8457
-64.8465
-64.8472
-64.848
-64.8488
-64.8496
-64.8504
-64.8511
-64.8519
-64.8527
-64.8535
-64.8543
-64.8551
-64.856
-64.8568
-64.8576
-64.8584
-64.8592
-64.86
-64.8609
-64.8617
-64.8625
-64.8634
-64.8642
-64.865
-64.8659
-64.8667
-64.8676
-64.8684
-64.8693
-64.8701
-64.871
-64.8718
-64.8727
-64.8736
-64.8744
-64.8753
-64.8761
-64.877
-64.8779
-64.8787
-64.8796
-64.8805
-64.8814
-64.8822
-64.8831
-64.884
-64.8848
-64.8857
-64.8866
-64.8875
-64.8883
-64.8892
-64.8901
-64.8909
-64.8918
-64.8927
-64.8936
-64.8944
-64.8953
-64.8962
-64.8971
-64.8979
-64.8988
-64.8997
-64.9005
-64.9014
-64.9023
-64.9032
-64.904
-64.9049
-64.9057
-64.9066
-64.9075
-64.9083
-64.9092
-64.9101
-64.9109
-64.9118
-64.9126
-64.9135
-64.9143
-64.9152
-64.916
-64.9169
-64.9177
-64.9186
-64.9194
-64.9202
-64.9211
-64.9219
-64.9227
-64.9236
-64.9244
-64.9252
-64.926
-64.9269
-64.9277
-64.9285
-64.9293
-64.9301
-64.9309
-64.9317
-64.9325
-64.9333
-64.9341
-64.9349
-64.9357
-64.9365
-64.9373
-64.9381
-64.9388
-64.9396
-64.9404
-64.9412
-64.9419
-64.9427
-64.9435
-64.9442
-64.945
-64.9457
-64.9465
-64.9472
-64.948
-64.9487
-64.9494
-64.9502
-64.9509
-64.9516
-64.9523
-64.953
-64.9538
-64.9545
-64.9552
-64.9559
-64.9566
-64.9573
-64.958
-64.9586
-64.9593
-64.96
-64.9607
-64.9614
-64.962
-64.9627
-64.9633
-64.964
-64.9646
-64.9653
-64.9659
-64.9666
-64.9672
-64.9678
-64.9685
-64.9691
-64.9697
-64.9703
-64.9709
-64.9715
-64.9721
-64.9727
-64.9733
-64.9739
-64.9745
-64.9751
-64.9757
-64.9762
-64.9768
-64.9774
-64.9779
-64.9785
-64.979
-64.9796
-64.9801
-64.9807
-64.9812
-64.9817
-64.9823
-64.9828
-64.9833
-64.9838
-64.9843
-64.9848
-64.9853
-64.9858
-64.9863
-64.9868
-64.9873
-64.9877
-64.9882
-64.9887
-64.9891
-64.9896
-64.9901
-64.9102
-64.7538
-64.5247
-64.227
-63.8646
-63.4416
-62.9619
-62.4295
-61.8484
-61.2222
-60.5546
-59.8493
-59.1094
-58.3382
-57.5385
-56.7131
-55.8641
-54.9935
-54.103
-53.1937
-52.2662
-51.3205
-50.3563
-49.3721
-48.366
-47.3349
-46.2747
-45.1803
-44.0451
-42.8607
-41.6172
-40.3025
-38.902
-37.3984
-35.771
-33.9957
-32.044
-29.8834
-27.4767
-24.7826
-21.7574
-18.3578
-14.5458
-10.2981
-5.61802
-0.550507
4.8037
10.2824
15.6724
20.7396
25.2723
29.1221
32.2257
34.6017
36.3275
37.5102
38.2614
38.681
38.8508
38.833
38.6732
38.4041
38.0484
37.6221
37.1366
36.6001
36.0187
35.3972
34.7393
34.0482
33.3265
32.5767
31.8009
31.0011
30.1793
29.337
28.4761
27.598
26.7044
25.7965
24.8759
23.9438
23.0014
22.05
21.0907
20.1246
19.1526
18.1757
17.1949
16.211
15.2248
14.237
13.2484
12.2596
11.2712
10.2837
9.29778
8.31381
7.33227
6.35355
5.37802
4.40602
3.43785
2.47378
1.51407
0.558913
-0.391487
-1.33697
-2.27739
-3.21263
-4.14258
-5.06716
-5.9863
-6.89994
-7.80807
-8.71067
-9.60773
-10.4993
-11.3853
-12.2658
-13.141
-14.0107
-14.8752
-15.7346
-16.5888
-17.4381
-18.2825
-19.1223
-19.9576
-20.7886
-21.6154
-22.4384
-23.2578
-24.0738
-24.8868
-25.6972
-26.5052
-27.3112
-28.1158
-28.9194
-29.7225
-30.5256
-31.3293
-32.1343
-32.9412
-33.7508
-34.5637
-35.3808
-36.2029
-37.0308
-37.8655
-38.7077
-39.5584
-40.4185
-41.2889
-42.1704
-43.0639
-43.9699
-44.8891
-45.822
-46.7688
-47.7294
-48.7037
-49.6909
-50.6901
-51.6998
-52.7178
-53.7418
-54.7684
-55.7939
-56.8139
-57.8235
-58.8173
-59.7896
-60.7346
-61.6464
-62.5195
-63.3489
-64.1302
-64.86
-65.5359
-66.1565
-66.7217
-67.2323
-67.6898
-68.0968
-68.4564
-68.7719
-69.0471
-69.2858
-69.4917
-69.6685
-69.8195
-69.9479
-70.0567
-70.1484
-70.2254
-70.2898
-70.3433
-70.3876
-70.424
-70.4536
-70.4776
-70.4967
-70.5117
-70.5233
-70.5319
-70.5381
-70.5422
-70.5446
-70.5455
-70.5452
-70.5438
-70.5416
-70.5386
-70.5351
-70.531
-70.5266
-70.5217
-70.5167
-70.5114
-70.5059
-70.5003
-70.4945
-70.4887
-70.4829
-70.477
-70.471
-70.4651
-70.4592
-70.4533
-70.4474
-70.4415
-70.4357
-70.4299
-70.4242
-70.4185
-70.4129
-70.4074
-70.4019
-70.3964
-70.3911
-70.3857
-70.3805
-70.3753
-70.3702
-70.3651
-70.3601
-70.3552
-70.3504
-70.3456
-70.3408
-70.3362
-70.3316
-70.327
-70.3226
-70.3182
-70.3138
-70.3095
-70.3053
-70.3011
-70.297
-70.2929
-70.289
-70.285
-70.2811
-70.2773
-70.2735
-70.2698
-70.2661
-70.2625
-70.259
-70.2554
-70.252
-70.2486
-70.2452
-70.2419
-70.2386
-70.2354
-70.2322
-70.229
-70.2259
-70.2229
-70.2198
-70.2169
-70.2139
-70.211
-70.2082
-70.2053
-70.2025
-70.1998
-70.1971
-70.1944
-70.1917
-70.1891
-70.1865
-70.1839
-70.1814
-70.1789
-70.1764
-70.174
-70.1715
-70.1691
-70.1668
-70.1644
-70.1621
-70.1598
-70.1575
-70.1552
-70.153
-70.1508
-70.1486
-70.1464
-70.1442
-70.1421
-70.1399
-70.1378
-70.1357
-70.1336
-70.1315
-70.1295
-70.1274
-70.1254
-70.1234
-70.1213
-70.1193
-70.1173
-70.1153
-70.1133
-70.1113
-70.1093
-70.1074
-70.1054
-70.1034
-70.1015
-70.0995
-70.0975
-70.0956
-70.0936
-70.0917
-70.0897
-70.0877
-70.0858
-70.0838
-70.0818
-70.0799
-70.0779
-70.0759
-70.0739
-69.9892
-69.8292
-69.6012
-69.3119
-68.9678
-68.575
-68.1391
-67.6655
-67.1592
-66.625
-66.0671
-65.4896
-64.8962
-64.2902
-63.6749
-63.0531
-62.4273
-61.8001
-61.1733
-60.5491
-59.9289
-59.3143
-58.7066
-58.1068
-57.5158
-56.9344
-56.3631
-55.8024
-55.2525
-54.7134
-54.1853
-53.6679
-53.161
-52.6642
-52.1769
-51.6986
-51.2286
-50.7661
-50.3102
-49.8599
-49.4141
-48.9718
-48.5318
-48.0927
-47.6532
-47.212
-46.7674
-46.318
-45.862
-45.3978
-44.9235
-44.4371
-43.9366
-43.4197
-42.8842
-42.3275
-41.7469
-41.1394
-40.502
-39.8312
-39.1233
-38.3745
-37.5802
-36.7361
-35.8369
-34.8774
-33.8518
-32.7543
-31.5785
-30.3182
-28.967
-27.5189
-25.9684
-24.3111
-22.544
-20.6661
-18.6794
-16.5892
-14.4053
-12.1423
-9.82003
-7.4639
-5.10392
-2.77391
-0.509689
1.65301
3.68076
5.54465
7.2219
8.69684
9.96119
11.0136
11.8587
12.5056
12.967
13.2575
13.3926
13.388
13.2587
13.0189
12.6818
12.2591
11.7615
11.1984
10.5783
9.9085
9.19554
8.44519
7.66254
6.85208
6.01779
5.16321
4.29145
3.4053
2.50722
1.59943
0.683873
-0.237712
-1.16377
-2.09293
-3.02397
-3.95579
-4.88744
-5.81807
-6.74695
-7.6734
-8.59687
-9.51684
-10.4329
-11.3446
-12.2518
-13.1541
-14.0514
-14.9433
-15.83
-16.7111
-17.5868
-18.457
-19.3217
-20.1809
-21.0347
-21.8833
-22.7269
-23.5655
-24.3995
-25.229
-26.0543
-26.8759
-27.6939
-28.509
-29.3213
-30.1316
-30.9401
-31.7476
-32.5546
-33.3616
-34.1694
-34.9787
-35.7901
-36.6045
-37.4224
-38.2449
-39.0725
-39.9062
-40.7466
-41.5946
-42.4507
-43.3156
-44.19
-45.0741
-45.9683
-46.8727
-47.7873
-48.7116
-49.6451
-50.5867
-51.5353
-52.489
-53.4458
-54.403
-55.3574
-56.3058
-57.2441
-58.1681
-59.0735
-59.9555
-60.8098
-61.6318
-62.4174
-63.1632
-63.8661
-64.5238
-65.1348
-65.6984
-66.2147
-66.6845
-67.1092
-67.4908
-67.8318
-68.1349
-68.4028
-68.6387
-68.8454
-69.0259
-69.1829
-69.319
-69.4366
-69.538
-69.6251
-69.6997
-69.7634
-69.8177
-69.8638
-69.9029
-69.9358
-69.9634
-69.9864
-70.0056
-70.0214
-70.0342
-70.0446
-70.0528
-70.0593
-70.0641
-70.0676
-70.0699
-70.0713
-70.0718
-70.0716
-70.0708
-70.0695
-70.0678
-70.0656
-70.0632
-70.0605
-70.0576
-70.0545
-70.0513
-70.0479
-70.0445
-70.041
-70.0374
-70.0338
-70.0302
-70.0265
-70.0229
-70.0192
-70.0156
-70.012
-70.0084
-70.0049
-70.0013
-69.9978
-69.9944
-69.991
-69.9876
-69.9843
-69.9811
-69.9778
-69.9747
-69.9716
-69.9685
-69.9655
-69.9625
-69.9596
-69.9567
-69.9539
-69.9512
-69.9484
-69.9458
-69.9432
-69.9406
-69.9381
-69.9356
-69.9332
-69.9308
-69.9285
-69.9262
-69.924
-69.9218
-69.9196
-69.9175
-69.9155
-69.9134
-69.9115
-69.9095
-69.9076
-69.9057
-69.9039
-69.9021
-69.9004
-69.8986
-69.8969
-69.8953
-69.8937
-69.8921
-69.8905
-69.889
-69.8875
-69.886
-69.8846
-69.8831
-69.8817
-69.8804
-69.879
-69.8777
-69.8764
-69.8751
-69.8739
-69.8726
-69.8714
-69.8702
-69.869
-69.8679
-69.8667
-69.8656
-69.8645
-69.8634
-69.8623
-69.8612
-69.8602
-69.8591
-69.8581
-69.8571
-69.856
-69.855
-69.854
-69.853
-69.852
-69.8511
-69.8501
-69.8491
-69.8481
-69.8472
-69.8462
-69.8452
-69.8443
-69.8433
-69.8423
-69.8414
-69.8404
-69.8394
-69.8385
-69.8375
-69.8365
-69.8355
-69.8346
-69.8336
-69.8326
-69.8316
-69.8306
-69.8295
-69.8285
-69.8275
-69.8264
-69.8253
-69.8243
-69.8232
-69.8221
-69.821
-69.8199
-69.8187
-69.8176
-69.8164
-69.8152
-69.814
-69.8128
-69.8116
-69.8104
-69.8091
-69.8078
-69.8065
-69.8052
-69.8039
-69.8025
-69.8011
-69.7997
-69.7983
-69.7968
-69.7954
-69.7939
-69.7924
-69.7908
-69.7893
-69.7877
-69.7861
-69.7844
-69.7828
-69.7811
-69.7794
-69.7776
-69.7758
-69.774
-69.7722
-69.7704
-69.7685
-69.7666
-69.7646
-69.7626
-69.7606
-69.7586
-69.7565
-69.7544
-69.7523
-69.7502
-69.748
-69.7457
-69.7435
-69.7412
-69.7389
-69.7365
-69.7341
-69.7317
-69.7292
-69.7267
-69.7242
-69.7216
-69.719
-69.7164
-69.7137
-69.711
-69.7083
-69.7055
-69.7027
-69.6998
-69.6969
-69.694
-69.691
-69.688
-69.685
-69.6819
-69.6787
-69.6756
-69.6724
-69.6691
-69.6659
-69.6625
-69.6592
-69.6558
-69.6523
-69.6489
-69.6453
-69.6418
-69.6382
-69.6345
-69.6308
-69.6271
-69.6234
-69.6195
-69.6157
-69.6118
-69.6079
-69.6039
-69.5999
-69.5958
-69.5917
-69.5876
-69.5834
-69.5792
-69.5749
-69.5706
-69.5662
-69.5619
-69.5574
-69.5529
-69.5484
-69.5439
-69.5392
-69.5346
-69.5299
-69.5252
-69.5204
-69.5156
-69.5107
-69.5058
-69.5008
-69.4959
-69.4908
-69.4857
-69.4806
-69.4755
-69.4703
-69.465
-69.4597
-69.4544
-69.449
-69.4436
-69.4381
-69.4326
-69.4271
-69.4215
-69.4158
-69.4102
-69.4044
-69.3987
-69.3929
-69.387
-69.3811
-69.3752
-69.3692
-69.3632
-69.3571
-69.351
-69.3449
-69.3387
-69.3325
-69.3262
-69.3199
-69.3136
-69.3072
-69.3008
-69.2943
-69.2878
-69.2812
-69.2746
-69.268
-69.2613
-69.2546
-69.2478
-69.241
-69.2342
-69.2273
-69.2204
-69.2134
-69.2065
-69.1994
-69.1923
-69.1852
-69.1781
-69.1709
-69.1637
-69.1564
-69.1491
-69.1417
-69.1344
-69.127
-69.1195
-69.112
-69.1045
-69.0969
-69.0893
-69.0817
-69.074
-69.0663
-69.0585
-69.0507
-69.0429
-69.0351
-69.0272
-69.0193
-69.0113
-69.0033
-68.9953
-68.9872
-68.9791
-68.971
-68.9628
-68.9546
-68.9464
-68.9381
-68.9298
-68.9215
-68.9131
-68.9047
-68.8963
-68.8878
-68.8793
-68.8708
-68.8622
-68.8537
-68.845
-68.8364
-68.8277
-68.819
-68.8103
-68.8015
-68.7927
-68.7838
-68.775
-68.7661
-68.7572
-68.7482
-68.7393
-68.7303
-68.7212
-68.7122
-68.7031
-68.694
-68.6848
-68.6757
-68.6665
-68.6573
-68.648
-68.6387
-68.6295
-68.6201
-68.6108
-68.6014
-68.592
-68.5826
-68.5732
-68.5637
-68.5542
-68.5447
-68.5352
-68.5256
-68.516
-68.5064
-68.4968
-68.4872
-68.4775
-68.4678
-68.4581
-68.4484
-68.4386
-68.4289
-68.4191
-68.4093
-68.3995
-68.3896
-68.3797
-68.3699
-68.36
-68.35
-68.3401
-68.3301
-68.3202
-68.3102
-68.3002
-68.2901
-68.2801
-68.27
-68.26
-68.2499
-68.2398
-68.2296
-68.2195
-68.2093
-68.1992
-68.189
-68.1788
-68.1686
-68.1584
-68.1481
-68.1379
-68.1276
-68.1173
-68.1071
-68.0968
-68.0865
-68.0761
-68.0658
-68.0555
-68.0451
-68.0347
-68.0244
-68.014
-68.0036
-67.9932
-67.9828
-67.9724
-67.9619
-67.9515
-67.9411
-67.9306
-67.9201
-67.9097
-67.8992
-67.8887
-67.8782
-67.8677
-67.8572
-67.8467
-67.8362
-67.8257
-67.8151
-67.8046
-67.7941
-67.7835
-67.773
-67.7624
-67.7518
-67.7413
-67.7307
-67.7201
-67.7096
-67.699
-67.6884
-67.6778
-67.6672
-67.6567
-67.6461
-67.6355
-67.6249
-67.6143
-67.6037
-67.5931
-67.5825
-67.5719
-67.5613
-67.5507
-67.5401
-67.5295
-67.519
-67.5084
-67.4978
-67.4872
-67.4766
-67.466
-67.4554
-67.4449
-67.4343
-67.4237
-67.4132
-67.4026
-67.392
-67.3815
-67.3709
-67.3604
-67.3498
-67.3393
-67.3287
-67.3182
-67.3076
-67.2971
-67.2866
-67.2761
-67.2656
-67.2551
-67.2446
-67.2341
-67.2236
-67.2131
-67.2026
-67.1922
-67.1817
-67.1712
-67.1608
-67.1504
-67.1399
-67.1295
-67.1191
-67.1087
-67.0983
-67.0879
-67.0775
-67.0672
-67.0568
-67.0465
-67.0361
-67.0258
-67.0155
-67.0052
-66.9949
-66.9846
-66.9743
-66.9641
-66.9538
-66.9436
-66.9333
-66.9231
-66.9129
-66.9027
-66.8925
-66.8824
-66.8722
-66.8621
-66.8519
-66.8418
-66.8317
-66.8216
-66.8116
-66.8015
-66.7914
-66.7814
-66.7714
-66.7614
-66.7514
-66.7414
-66.7314
-66.7215
-66.7115
-66.7016
-66.6917
-66.6818
-66.6719
-66.6621
-66.6522
-66.6424
-66.6326
-66.6228
-66.613
-66.6032
-66.5935
-66.5837
-66.574
-66.5643
-66.5547
-66.545
-66.5354
-66.5257
-66.5161
-66.5066
-66.497
-66.4874
-66.4779
-66.4684
-66.4589
-66.4494
-66.44
-66.4306
-66.4211
-66.4117
-66.4024
-66.393
-66.3837
-66.3743
-66.365
-66.3558
-66.3465
-66.3373
-66.328
-66.3188
-66.3097
-66.3005
-66.2914
-66.2822
-66.2731
-66.2641
-66.255
-66.246
-66.237
-66.228
-66.219
-66.2101
-66.2011
-66.1922
-66.1833
-66.1745
-66.1656
-66.1568
-66.148
-66.1393
-66.1305
-66.1218
-66.1131
-66.1044
-66.0958
-66.0871
-66.0785
-66.0699
-66.0614
-66.0528
-66.0443
-66.0358
-66.0274
-66.0189
-66.0105
-66.0021
-65.9938
-65.9855
-65.9771
-65.9689
-65.9606
-65.9524
-65.9441
-65.936
-65.9278
-65.9197
-65.9115
-65.9035
-65.8954
-65.8874
-65.8793
-65.8714
-65.8634
-65.8555
-65.8476
-65.8397
-65.8318
-65.824
-65.8162
-65.8084
-65.8006
-65.7929
-65.7852
-65.7775
-65.7699
-65.7622
-65.7546
-65.7471
-65.7395
-65.732
-65.7245
-65.717
-65.7096
-65.7022
-65.6948
-65.6875
-65.6801
-65.6728
-65.6656
-65.6583
-65.6511
-65.6439
-65.6367
-65.6296
-65.6225
-65.6154
-65.6084
-65.6014
-65.5944
-65.5874
-65.5805
-65.5736
-65.5667
-65.5598
-65.553
-65.5462
-65.5395
-65.5327
-65.526
-65.5194
-65.5127
-65.5061
-65.4995
-65.493
-65.4865
-65.48
-65.4735
-65.4671
-65.4607
-65.4543
-65.4479
-65.4416
-65.4353
-65.4291
-65.4228
-65.4166
-65.4105
-65.4043
-65.3982
-65.3921
-65.3861
-65.38
-65.374
-65.3681
-65.3621
-65.3562
-65.3503
-65.3445
-65.3387
-65.3329
-65.3271
-65.3214
-65.3157
-65.31
-65.3044
-65.2987
-65.2932
-65.2876
-65.2821
-65.2766
-65.2711
-65.2657
-65.2603
-65.2549
-65.2496
-65.2442
-65.239
-65.2337

