-65
-64.9994
-64.9988
-64.9982
-64.9977
-64.9971
-64.9965
-64.996
-64.9954
-64.9949
-64.9943
-64.9938
-64.9932
-64.9927
-64.9922
-64.9917
-64.9912
-64.9906
-64.9901
-64.9896
-64.9891
-64.9886
-64.9881
-64.9876
-64.9872
-64.9867
-64.9862
-64.9857
-64.9852
-64.9848
-64.9843
-64.9838
-64.9834
-64.9829
-64.9825
-64.982
-64.9816
-64.9811
-64.9807
-64.9802
-64.9798
-64.9794
-64.9789
-64.9785
-64.9781
-64.9777
-64.9772
-64.9768
-64.9764
-64.976
-64.9756
-64.9752
-64.9748
-64.9744
-64.974
-64.9736
-64.9732
-64.9728
-64.9725
-64.9721
-64.9717
-64.9713
-64.971
-64.9706
-64.9702
-64.9699
-64.8892
-64.7321
-64.5023
-64.2039
-63.8408
-63.417
-62.9366
-62.4035
-61.8216
-61.1946
-60.5263
-59.8201
-59.0793
-58.3071
-57.5063
-56.6796
-55.8292
-54.9571
-54.0648
-53.1534
-52.2235
-51.2751
-50.3076
-49.3196
-48.3089
-47.2725
-46.2061
-45.1042
-43.96
-42.7649
-41.5087
-40.1787
-38.7598
-37.234
-35.58
-33.7725
-31.7822
-29.5752
-27.1127
-24.3524
-21.2491
-17.7589
-13.8444
-9.48509
-4.68992
0.486195
5.92912
11.4617
16.8583
21.8799
26.3197
30.0433
33.0056
35.2424
36.843
37.9209
38.5887
38.9445
39.0667
39.0141
38.8293
38.542
38.1734
37.738
37.2461
36.7054
36.1213
35.4983
34.84
34.1492
33.4286
32.6804
31.9067
31.1095
30.2904
29.4514
28.5732
27.6681
26.7435
25.8041
24.8533
23.8934
22.9262
21.9532
20.9757
19.9949
19.0116
18.0268
17.0413
16.0559
15.0714
14.0882
13.1072
12.1287
11.1533
10.1815
9.21368
8.25022
7.29148
6.33776
5.38935
4.44648
3.50939
2.57828
1.65329
0.734596
-0.177691
-1.08346
-1.98262
-2.87508
-3.76081
-4.63976
-5.51189
-6.37718
-7.23563
-8.08725
-8.93202
-9.76999
-10.6012
-11.4256
-12.2433
-13.0544
-13.8589
-14.6569
-15.4484
-16.2335
-17.0123
-17.7849
-18.5514
-19.312
-20.0667
-20.8156
-21.5589
-22.2968
-23.0294
-23.7569
-24.4795
-25.1973
-25.9106
-26.6197
-27.3247
-28.0259
-28.7235
-29.4179
-30.1094
-30.7982
-31.4848
-32.1693
-32.8521
-33.5337
-34.2143
-34.8944
-35.5742
-36.2541
-36.9345
-37.6158
-38.2982
-38.982
-39.6676
-40.3552
-41.045
-41.7371
-42.4316
-43.1287
-43.8281
-44.5297
-45.2334
-45.9387
-46.6452
-47.3522
-48.0589
-48.7645
-49.4678
-50.1677
-50.8626
-51.5512
-52.2316
-52.9022
-53.5609
-54.206
-54.8353
-55.447
-56.0392
-56.61
-57.1579
-57.6812
-58.1789
-58.65
-59.0937
-59.5097
-59.8978
-60.2581
-60.5912
-60.8977
-61.1785
-61.4346
-61.6673
-61.8779
-62.0678
-62.2384
-62.3912
-62.5275
-62.6489
-62.7567
-62.8521
-62.9364
-63.0106
-63.076
-63.1334
-63.1837
-63.2277
-63.2662
-63.2998
-63.3292
-63.3548
-63.3771
-63.3966
-63.4136
-63.4285
-63.4415
-63.4529
-63.463
-63.472
-63.4799
-63.4871
-63.4936
-63.4995
-63.5049
-63.51
-63.5148
-63.5193
-63.5238
-63.5281
-63.5324
-63.5366
-63.5409
-63.5453
-63.5497
-63.5542
-63.5589
-63.5636
-63.5686
-63.5737
-63.579
-63.5845
-63.5902
-63.5961
-63.6023
-63.6086
-63.6152
-63.6219
-63.629
-63.6362
-63.6437
-63.6514
-63.6593
-63.6674
-63.6758
-63.6844
-63.6933
-63.7023
-63.7116
-63.7212
-63.7309
-63.7408
-63.751
-63.7614
-63.772
-63.7828
-63.7939
-63.8051
-63.8165
-63.8282
-63.84
-63.852
-63.8642
-63.8766
-63.8892
-63.902
-63.915
-63.9281
-63.9415
-63.955
-63.9686
-63.9825
-63.9964
-64.0106
-64.0249
-64.0394
-64.054
-64.0688
-64.0837
-64.0988
-64.114
-64.1294
-64.1449
-64.1605
-64.1762
-64.1921
-64.2081
-64.2243
-64.2405
-64.2569
-64.2734
-64.2899
-64.3067
-64.3235
-64.3404
-64.3574
-64.3745
-64.3917
-64.409
-64.4264
-64.4439
-64.4615
-64.4792
-64.4969
-64.5148
-64.5327
-64.5506
-64.5687
-64.5868
-64.605
-64.6233
-64.6416
-64.66
-64.6784
-64.6969
-64.7155
-64.7341
-64.7528
-64.7715
-64.7902
-64.809
-64.8279
-64.8468
-64.8657
-64.8847
-64.9037
-64.9227
-64.9418
-64.9609
-64.98
-64.9991
-65.0183
-65.0375
-65.0567
-65.076
-65.0952
-65.1145
-65.1338
-65.1531
-65.1724
-65.1917
-65.211
-65.2303
-65.2496
-65.269
-65.2883
-65.3076
-65.327
-65.3463
-65.3656
-65.3849
-65.4042
-65.4235
-65.4428
-65.4621
-65.4813
-65.5006
-65.5198
-65.539
-65.5582
-65.5774
-65.5965
-65.6157
-65.6348
-65.6539
-65.6729
-65.6919
-65.7109
-65.7299
-65.7488
-65.7677
-65.7866
-65.8054
-65.8242
-65.843
-65.8617
-65.8804
-65.899
-65.9176
-65.9362
-65.9547
-65.9731
-65.9916
-66.01
-66.0283
-66.0466
-66.0648
-66.083
-66.1011
-66.1192
-66.1373
-66.1552
-66.1732
-66.191
-66.2088
-66.2266
-66.2443
-66.2619
-66.2795
-66.297
-66.3145
-66.3319
-66.3492
-66.3665
-66.3837
-66.4009
-66.418
-66.435
-66.4519
-66.4688
-66.4856
-66.5024
-66.5191
-66.5357
-66.5522
-66.5687
-66.5851
-66.6014
-66.6177
-66.6339
-66.65
-66.666
-66.682
-66.6979
-66.7137
-66.7294
-66.7451
-66.7607
-66.7762
-66.7916
-66.8069
-66.8222
-66.8374
-66.8525
-66.8675
-66.8825
-66.8973
-66.9121
-66.9268
-66.9414
-66.956
-66.9704
-66.9848
-66.9991
-67.0133
-67.0274
-67.0415
-67.0554
-67.0693
-67.0831
-67.0968
-67.1104
-67.1239
-67.1373
-67.1507
-67.164
-67.1771
-67.1902
-67.2032
-67.2161
-67.2289
-67.2417
-67.2543
-67.2669
-67.2793
-67.2917
-67.304
-67.3162
-67.3283
-67.3403
-67.3522
-67.364
-67.3758
-67.3874
-67.399
-67.4105
-67.4218
-67.4331
-67.4443
-67.4554
-67.4664
-67.4773
-67.4882
-67.4989
-67.5095
-67.5201
-67.5306
-67.5409
-67.5512
-67.5614
-67.5715
-67.5814
-67.5913
-67.6012
-67.6109
-67.6205
-67.63
-67.6395
-67.6488
-67.658
-67.6672
-67.6763
-67.6852
-67.6941
-67.7029
-67.7116
-67.7202
-67.7287
-67.7371
-67.7454
-67.7536
-67.7617
-67.7698
-67.7777
-67.7856
-67.7933
-67.801
-67.8086
-67.816
-67.8234
-67.8307
-67.8379
-67.845
-67.8521
-67.859
-67.8658
-67.8726
-67.8792
-67.8858
-67.8922
-67.8986
-67.9049
-67.9111
-67.9172
-67.9232
-67.9291
-67.935
-67.9407
-67.9463
-67.9519
-67.9574
-67.9628
-67.968
-67.9732
-67.9784
-67.9834
-67.9883
-67.9932
-67.9979
-68.0026
-68.0072
-68.0116
-68.0161
-68.0204
-68.0246
-68.0287
-68.0328
-68.0367
-68.0406
-68.0444
-68.0481
-68.0517
-68.0553
-68.0587
-68.0621
-68.0653
-68.0685
-68.0716
-68.0747
-68.0776
-68.0804
-68.0832
-68.0859
-68.0885
-68.091
-68.0934
-68.0958
-68.098
-68.1002
-68.1023
-68.1043
-68.1063
-68.1081
-68.1099
-68.1116
-68.1132
-68.1147
-68.1162
-68.1175
-68.1188
-68.12
-68.1212
-68.1222
-68.1232
-68.1241
-68.1249
-68.1257
-68.1263
-68.1269
-68.1274
-68.1279
-68.1282
-68.1285
-68.1287
-68.1288
-68.1289
-68.1289
-68.1288
-68.1286
-68.1284
-68.1281
-68.1277
-68.1272
-68.1267
-68.0426
-67.8797
-67.6427
-67.3363
-66.9654
-66.5346
-66.0487
-65.5123
-64.9299
-64.3057
-63.6441
-62.9492
-62.2248
-61.4746
-60.7021
-59.9107
-59.1033
-58.2828
-57.4518
-56.6124
-55.7667
-54.9164
-54.0627
-53.2068
-52.3491
-51.49
-50.6291
-49.7657
-48.8988
-48.0264
-47.1463
-46.2556
-45.3505
-44.4266
-43.4787
-42.5007
-41.4854
-40.4246
-39.3087
-38.1269
-36.8669
-35.5144
-34.0537
-32.4669
-30.7341
-28.8334
-26.7414
-24.4335
-21.8853
-19.0744
-15.9834
-12.6037
-8.94139
-5.02255
-0.89902
3.34874
7.6136
11.7701
15.689
19.2542
22.3789
25.0141
27.15
28.8093
30.037
30.8896
31.4259
31.7009
31.763
31.6523
31.4012
31.0355
30.5751
30.0358
29.4298
28.7668
28.0547
27.2997
26.5073
25.6819
24.8274
23.9471
23.0443
22.1214
21.1811
20.2254
19.2566
18.2764
17.2866
16.2888
15.2844
14.2748
13.2612
12.2449
11.2267
10.2078
9.18888
8.17087
7.15446
6.14032
5.12905
4.12117
3.11718
2.11751
1.12254
0.132608
-0.851983
-1.83098
-2.80415
-3.77131
-4.7323
-5.68698
-6.63526
-7.57704
-8.51227
-9.44091
-10.3629
-11.2784
-12.1872
-13.0896
-13.9854
-14.8748
-15.7578
-16.6347
-17.5054
-18.3701
-19.229
-20.0823
-20.9301
-21.7727
-22.6103
-23.4432
-24.2716
-25.0959
-25.9164
-26.7335
-27.5475
-28.359
-29.1684
-29.9763
-30.7831
-31.5894
-32.3959
-33.2031
-34.0119
-34.8229
-35.6369
-36.4546
-37.2769
-38.1045
-38.9384
-39.7792
-40.628
-41.4853
-42.352
-43.2287
-44.1162
-45.0147
-45.9247
-46.8462
-47.7793
-48.7236
-49.6783
-50.6426
-51.6148
-52.5932
-53.5754
-54.5586
-55.5392
-56.5135
-57.4771
-58.4254
-59.3533
-60.2558
-61.1279
-61.9648
-62.762
-63.5158
-64.223
-64.8815
-65.4897
-66.0473
-66.5546
-67.013
-67.4242
-67.7907
-68.1155
-68.4015
-68.6521
-68.8706
-69.0602
-69.224
-69.365
-69.4858
-69.589
-69.6768
-69.7513
-69.8141
-69.867
-69.9112
-69.948
-69.9785
-70.0036
-70.024
-70.0405
-70.0536
-70.0638
-70.0716
-70.0773
-70.0812
-70.0836
-70.0848
-70.0849
-70.0841
-70.0825
-70.0802
-70.0775
-70.0743
-70.0707
-70.0668
-70.0627
-70.0583
-70.0538
-70.0492
-70.0445
-70.0397
-70.0348
-70.03
-70.0251
-70.0202
-70.0153
-70.0104
-70.0055
-70.0007
-69.996
-69.9912
-69.9866
-69.9819
-69.9774
-69.9729
-69.9684
-69.9641
-69.9597
-69.9555
-69.9513
-69.9472
-69.9432
-69.9392
-69.9353
-69.9314
-69.9277
-69.924
-69.9203
-69.9168
-69.9133
-69.9098
-69.9065
-69.9032
-69.8999
-69.8968
-69.8936
-69.8906
-69.8876
-69.8847
-69.8818
-69.879
-69.8762
-69.8736
-69.8709
-69.8683
-69.8658
-69.8633
-69.8609
-69.8585
-69.8562
-69.854
-69.8517
-69.8496
-69.8474
-69.8454
-69.8433
-69.8413
-69.8394
-69.8375
-69.8356
-69.8338
-69.832
-69.8303
-69.8286
-69.8269
-69.8253
-69.8237
-69.8222
-69.8206
-69.8191
-69.8177
-69.8163
-69.8149
-69.8135
-69.8122
-69.8109
-69.8096
-69.8083
-69.8071
-69.8059
-69.8047
-69.8035
-69.8024
-69.8013
-69.8002
-69.7991
-69.7981
-69.797
-69.796
-69.795
-69.794
-69.793
-69.7921
-69.7911
-69.7902
-69.7893
-69.7884
-69.7875
-69.7866
-69.7857
-69.7848
-69.7839
-69.7831
-69.7822
-69.7814
-69.7805
-69.7797
-69.7789
-69.778
-69.7772
-69.7764
-69.7755
-69.7747
-69.7739
-69.773
-69.7722
-69.7714
-69.7705
-69.7697
-69.7688
-69.768
-69.7671
-69.7663
-69.7654
-69.7645
-69.7636
-69.7627
-69.7618
-69.7609
-69.76
-69.759
-69.7581
-69.7571
-69.7561
-69.7551
-69.7541
-69.7531
-69.7521
-69.751
-69.75
-69.7489
-69.7478
-69.7467
-69.7455
-69.7444
-69.7432
-69.742
-69.7408
-69.7396
-69.7383
-69.7371
-69.7358
-69.7345
-69.7331
-69.7317
-69.7304
-69.7289
-69.7275
-69.726
-69.7246
-69.7231
-69.7215
-69.7199
-69.7184
-69.7167
-69.7151
-69.7134
-69.7117
-69.71
-69.7082
-69.7064
-69.7046
-69.7027
-69.7009
-69.699
-69.697
-69.695
-69.693
-69.691
-69.6889
-69.6868
-69.6847
-69.6825
-69.6803
-69.678
-69.6758
-69.6735
-69.6711
-69.6687
-69.6663
-69.6639
-69.6614
-69.6588
-69.6563
-69.6537
-69.6511
-69.6484
-69.6457
-69.6429
-69.6401
-69.6373
-69.6345
-69.6316
-69.6286
-69.6256
-69.6226
-69.6196
-69.6165
-69.6133
-69.6102
-69.6069
-69.6037
-69.6004
-69.5971
-69.5937
-69.5903
-69.5868
-69.5833
-69.5798
-69.5762
-69.5726
-69.5689
-69.5652
-69.5614
-69.5577
-69.5538
-69.5499
-69.546
-69.5421
-69.5381
-69.534
-69.5299
-69.5258
-69.5216
-69.5174
-69.5132
-69.5089
-69.5045
-69.5002
-69.4957
-69.4913
-69.4867
-69.4822
-69.4776
-69.4729
-69.4683
-69.4635
-69.4588
-69.4539
-69.4491
-69.4442
-69.4392
-69.4342
-69.4292
-69.4241
-69.419
-69.4139
-69.4087
-69.4034
-69.3981
-69.3928
-69.3874
-69.382
-69.3765
-69.371
-69.3655
-69.3599
-69.3542
-69.3486
-69.3428
-69.3371
-69.3313
-69.3254
-69.3195
-69.3136
-69.3076
-69.3016
-69.2955
-69.2894
-69.2833
-69.2771
-69.2709
-69.2646
-69.2583
-69.252
-69.2456
-69.2391
-69.2327
-69.2261
-69.2196
-69.213
-69.2064
-69.1997
-69.193
-69.1862
-69.1794
-69.1726
-69.1657
-69.1588
-69.1518
-69.1448
-69.1378
-69.1307
-69.1236
-69.1165
-69.1093
-69.102
-69.0948
-69.0875
-69.0801
-69.0728
-69.0653
-69.0579
-69.0504
-69.0429
-69.0353
-69.0277
-69.0201
-69.0124
-69.0047
-68.997
-68.9892
-68.9814
-68.9735
-68.9656
-68.9577
-68.9498
-68.9418
-68.9337
-68.9257
-68.9176
-68.9095
-68.9013
-68.8931
-68.8849
-68.8766
-68.8683
-68.86
-68.8517
-68.8433
-68.8348
-68.8264
-68.8179
-68.8094
-68.8008
-68.7923
-68.7837
-68.775
-68.7664
-68.7577
-68.7489
-68.7402
-68.7314
-68.7226
-68.7137
-68.7048
-68.6959
-68.687
-68.678
-68.6691
-68.6601
-68.651
-68.6419
-68.6329
-68.6237
-68.6146
-68.6054
-68.5962
-68.587
-68.5777
-68.5685
-68.5592
-68.5499
-68.5405
-68.5311
-68.5218
-68.5123
-68.5029
-68.4934
-68.484
-68.4745
-68.4649
-68.4554
-68.4458
-68.4362
-68.4266
-68.417
-68.4073
-68.3976
-68.3879
-68.3782
-68.3685
-68.3587
-68.349
-68.3392
-68.3293
-68.3195
-68.3097
-68.2998
-68.2899
-68.28
-68.2701
-68.2601
-68.2502
-68.2402
-68.2302
-68.2202
-68.2102
-68.2002
-68.1901
-68.0961
-67.9223
-67.6733
-67.3535
-66.9673
-66.5194
-66.0142
-65.4561
-64.8495
-64.1988
-63.5079
-62.781
-62.0219
-61.2343
-60.4216
-59.5872
-58.7339
-57.8647
-56.9819
-56.0878
-55.1842
-54.2725
-53.3538
-52.4288
-51.4976
-50.5598
-49.6145
-48.6599
-47.6938
-46.7129
-45.7133
-44.6898
-43.6364
-42.5455
-41.4085
-40.2147
-38.9521
-37.6064
-36.161
-34.5966
-32.8914
-31.0202
-28.9548
-26.6641
-24.1147
-21.2724
-18.1049
-14.5861
-10.7028
-6.46319
-1.90704
2.88546
7.79047
12.647
17.2757
21.5064
25.2062
28.299
30.7693
32.6521
34.0155
34.9421
35.5143
35.8059
35.8779
35.7785
35.5442
35.2025
34.7736
34.2724
33.7101
33.0952
32.4344
31.7329
30.9951
30.2247
29.4248
28.5983
27.7477
26.8753
25.9833
25.0736
24.1481
23.2085
22.2565
21.2935
20.321
19.3404
18.3528
17.3595
16.3615
15.3599
14.3556
13.3496
12.3427
11.3355
10.3289
9.32339
8.31968
7.31828
6.31968
5.32434
4.33265
3.345
2.3617
1.38305
0.409319
-0.559277
-1.52253
-2.48028
-3.43237
-4.37869
-5.31914
-6.25364
-7.18213
-8.10458
-9.02095
-9.93124
-10.8355
-11.7337
-12.6258
-13.5121
-14.3924
-15.267
-16.1359
-16.9992
-17.857
-18.7095
-19.5569
-20.3993
-21.237
-22.0702
-22.899
-23.7239
-24.545
-25.3628
-26.1775
-26.9896
-27.7994
-28.6075
-29.4143
-30.2204
-31.0263
-31.8326
-32.64
-33.4491
-34.2607
-35.0756
-35.8944
-36.7181
-37.5475
-38.3833
-39.2266
-40.0782
-40.9389
-41.8095
-42.6909
-43.5837
-44.4885
-45.4059
-46.336
-47.2791
-48.2349
-49.203
-50.1825
-51.1721
-52.1703
-53.1748
-54.1827
-55.1909
-56.1953
-57.1916
-58.1749
-59.14
-60.0814
-60.9935
-61.8711
-62.7091
-63.503
-64.2492
-64.9447
-65.5878
-66.1775
-66.714
-67.1984
-67.6324
-68.0188
-68.3603
-68.6605
-68.9227
-69.1505
-69.3476
-69.5172
-69.6625
-69.7865
-69.8919
-69.9811
-70.0564
-70.1195
-70.1723
-70.2162
-70.2525
-70.2823
-70.3065
-70.326
-70.3416
-70.3537
-70.363
-70.3698
-70.3745
-70.3775
-70.3791
-70.3794
-70.3786
-70.377
-70.3746
-70.3716
-70.3681
-70.3642
-70.36
-70.3554
-70.3506
-70.3456
-70.3405
-70.3352
-70.3299
-70.3245
-70.319
-70.3135
-70.3081
-70.3026
-70.2971
-70.2916
-70.2862
-70.2808
-70.2755
-70.2702
-70.2649
-70.2597
-70.2546
-70.2495
-70.2444
-70.2395
-70.2346
-70.2297
-70.2249
-70.2202
-70.2156
-70.211
-70.2065
-70.202
-70.1977
-70.1933
-70.1891
-70.1849
-70.1808
-70.1767
-70.1727
-70.1688
-70.1649
-70.1611
-70.1573
-70.1536
-70.15
-70.1464
-70.1429
-70.1394
-70.136
-70.1326
-70.1293
-70.126
-70.1228
-70.1197
-70.1166
-70.1135
-70.1105
-70.1076
-70.1047
-70.1018
-70.099
-70.0962
-70.0935
-70.0908
-70.0881
-70.0855
-70.083
-70.0804
-70.0779
-70.0755
-70.0731
-70.0707
-70.0683
-70.066
-70.0638
-70.0615
-70.0593
-70.0571
-70.055
-70.0528
-70.0507
-70.0487
-70.0466
-70.0446
-70.0426
-70.0406
-70.0387
-70.0368
-70.0349
-70.033
-70.0311
-70.0293
-70.0275
-70.0257
-70.0239
-70.0221
-70.0204
-70.0187
-70.0169
-70.0152
-70.0135
-70.0118
-70.0102
-70.0085
-70.0069
-70.0052
-70.0036
-70.002
-70.0003
-69.9987
-69.9971
-69.9955
-69.9939
-69.9924
-69.9908
-69.9892
-69.9876
-69.986
-69.9844
-69.9829
-69.9813
-69.9797
-69.9781
-69.9765
-69.9749
-69.9733
-69.9717
-69.9701
-69.9685
-69.9669
-69.9653
-69.9637
-69.962
-69.9604
-69.9588
-69.9571
-69.9554
-69.9537
-69.952
-69.9503
-69.9486
-69.9469
-69.9452
-69.9434
-69.9416
-69.9398
-69.938
-69.9362
-69.9344
-69.9325
-69.9307
-69.9288
-69.9269
-69.925
-69.923
-69.9211
-69.9191
-69.9171
-69.9151
-69.913
-69.911
-69.9089
-69.9068
-69.9047
-69.9025
-69.9003
-69.8981
-69.8959
-69.8936
-69.8914
-69.8891
-69.8867
-69.8844
-69.882
-69.8796
-69.8772
-69.8747
-69.8722
-69.8697
-69.8671
-69.8645
-69.8619
-69.8593
-69.8566
-69.8539
-69.8512
-69.8484
-69.8456
-69.8428
-69.84
-69.8371
-69.8341
-69.8312
-69.8282
-69.8252
-69.8221
-69.819
-69.8159
-69.8127
-69.8095
-69.8063
-69.8031
-69.7998
-69.7964
-69.793
-69.7896
-69.7862
-69.7827
-69.7792
-69.7756
-69.7721
-69.7684
-69.7648
-69.7611
-69.7573
-69.7535
-69.7497
-69.7459
-69.742
-69.738
-69.7341
-69.73
-69.726
-69.7219
-69.7178
-69.7136
-69.7094
-69.7051
-69.7009
-69.6965
-69.6922
-69.6878
-69.6833
-69.6788
-69.6743
-69.6697
-69.6651
-69.6605
-69.6558
-69.651
-69.6463
-69.6414
-69.6366
-69.6317
-69.6268
-69.6218
-69.6168
-69.6117
-69.6066
-69.6014
-69.5963
-69.591
-69.5858
-69.5805
-69.5751
-69.5697
-69.5643
-69.5588
-69.5533
-69.5477
-69.5421
-69.5365
-69.5308
-69.5251
-69.5193
-69.5135
-69.5077
-69.5018
-69.4958
-69.4899
-69.4839
-69.4778
-69.4717
-69.4656
-69.4594
-69.4532
-69.4469
-69.4406
-69.4343
-69.4279
-69.4215
-69.415
-69.4085
-69.402
-69.3954
-69.3888
-69.3821
-69.3754
-69.3687
-69.3619
-69.3551
-69.3482
-69.3413
-69.3343
-69.3274
-69.3203
-69.3133
-69.3062
-69.299
-69.2919
-69.2846
-69.2774
-69.2701
-69.2628
-69.2554
-69.248
-69.2405
-69.2331
-69.2255
-69.218
-69.2104
-69.2028
-69.1951
-69.1874
-69.1796
-69.1719
-69.1641
-69.1562
-69.1483
-69.1404
-69.1324
-69.1245
-69.1164
-69.1084
-69.1003
-69.0921
-69.084
-69.0758
-69.0675
-69.0593
-69.051
-69.0426
-69.0343
-69.0259
-69.0174
-69.009
-69.0005
-68.9919
-68.9834
-68.9748
-68.9662
-68.9575
-68.9488
-68.9401
-68.9314
-68.9226
-68.9138
-68.9049
-68.896
-68.8871
-68.8782
-68.8693
-68.8603
-68.8512
-68.8422
-68.8331
-68.824
-68.8149
-68.8057
-68.7965
-68.7873
-68.7781
-68.7688
-68.7595
-68.7502
-68.7408
-68.7314
-68.722
-68.7126
-68.7031
-68.6937
-68.6842
-68.6746
-68.6651
-68.6555
-68.6459
-68.6363
-68.6266
-68.617
-68.6073
-68.5975
-68.5878
-68.578
-68.5683
-68.5585
-68.5486
-68.5388
-68.5289
-68.519
-68.5091
-68.4992
-68.4893
-68.4793
-68.4693
-68.4593
-68.4493
-68.4392
-68.4292
-68.4191
-68.409
-68.3989
-68.3887
-68.3786
-68.3684
-68.3582
-68.348
-68.3378
-68.3276
-68.3173
-68.307
-68.2968
-68.2865
-68.2761
-68.2658
-68.2555
-68.2451
-68.2347
-68.2244
-68.214
-68.2035
-68.1931
-68.1827
-68.1722
-68.1618
-68.1513
-68.1408
-68.1303
-68.1198
-68.1093
-68.0988
-68.0882
-68.0777
-68.0671
-68.0565
-68.046
-68.0354
-68.0248
-68.0142
-68.0036
-67.9929
-67.9823
-67.9717
-67.961
-67.9504
-67.9397
-67.9291
-67.9184
-67.9077
-67.897
-67.8864
-67.8757
-67.865
-67.8542
-67.8435
-67.8328
-67.8221
-67.8114
-67.8006
-67.7899
-67.7792
-67.7684
-67.7577
-67.7469
-67.7362
-67.7254
-67.7147
-67.7039
-67.6931
-67.6824
-67.6716
-67.6609
-67.6501
-67.6393
-67.6286
-67.6178
-67.607
-67.5963
-67.5855
-67.5747
-67.564
-67.5532
-67.5424
-67.5317
-67.5209
-67.5102
-67.4994
-67.4887
-67.4779
-67.4672
-67.4564
-67.4457
-67.435
-67.4242
-67.4135
-67.4028
-67.3921
-67.3813
-67.3706
-67.3599
-67.3492
-67.3385
-67.3278
-67.3171
-67.3065
-67.2958
-67.2851
-67.2745
-67.2638
-67.2532
-67.2425
-67.2319
-67.2212
-67.2106
-67.2
-67.1894
-67.1788
-67.1682
-67.1576
-67.147
-67.1365
-67.1259
-67.1154
-67.1048
-67.0943
-67.0838
-67.0733
-67.0628
-67.0523
-67.0418
-67.0314
-67.0209
-67.0105
-67
-66.9896
-66.9792
-66.9688
-66.9584
-66.9481
-66.9377
-66.9273
-66.917
-66.9067
-66.8964
-66.8861
-66.8758
-66.8655
-66.8553
-66.845
-66.8348
-66.8246
-66.8144
-66.8042
-66.794
-66.7838
-66.7737
-66.7636
-66.7534
-66.7433
-66.7332
-66.7232
-66.7131
-66.7031
-66.693
-66.683
-66.673
-66.6631
-66.6531
-66.6431
-66.6332
-66.6233
-66.6134
-66.6035
-66.5937
-66.5838
-66.574
-66.5642
-66.5544
-66.5446
-66.5349
-66.5252
-66.5154
-66.5058
-66.4961
-66.4864
-66.4768
-66.4672
-66.4576
-66.448
-66.4384
-66.4289
-66.4194
-66.4099
-66.4004
-66.3909
-66.3815
-66.3721
-66.3627
-66.3533
-66.3439
-66.3346
-66.3253
-66.316
-66.3067
-66.2974
-66.2882
-66.279
-66.2698
-66.2606
-66.2515
-66.2423
-66.2332
-66.2241
-66.2151
-66.206
-66.197
-66.188
-66.179
-66.1701
-66.1612
-66.1523
-66.1434
-66.1345
-66.1257
-66.1169
-66.1081
-66.0993
-66.0906
-66.0819
-66.0732
-66.0645
-66.0559
-66.0472
-66.0387
-66.0301
-66.0215
-66.013
-66.0045
-65.9961
-65.9876
-65.9792
-65.9708
-65.9625
-65.9541
-65.9458
-65.9375
-65.9292
-65.921
-65.9128
-65.9046
-65.8964
-65.8883
-65.8802
-65.8721
-65.864
-65.856
-65.848
-65.84
-65.8321
-65.8241
-65.8162
-65.8084
-65.8005
-65.7927
-65.7849
-65.7771
-65.7694
-65.7616
-65.7539
-65.7463
-65.7386
-65.731
-65.7234
-65.7159
-65.7084
-65.7009
-65.6934
-65.6859
-65.6785
-65.6711
-65.6638
-65.6564
-65.6491
-65.6419
-65.6346
-65.6274
-65.6202
-65.613
-65.6059
-65.5988
-65.5917
-65.5847
-65.5777
-65.5707
-65.5637
-65.5568
-65.5499
-65.543
-65.5362
-65.5294
-65.5226
-65.5158
-65.5091
-65.5024
-65.4958
-65.4891
-65.4825
-65.476
-65.4694
-65.4629
-65.4564
-65.45
-65.4436
-65.4372
-65.4308
-65.4245
-65.4182
-65.4119
-65.4056
-65.3994
-65.3932
-65.3871
-65.381
-65.3749
-65.3688
-65.3628
-65.3567
-65.3508
-65.3448
-65.3389
-65.333
-65.3272
-65.3213
-65.3155
-65.3098
-65.304
-65.2983
-65.2926
-65.287
-65.2814
-65.2758
-65.2702
-65.2647
-65.2592
-65.2537
-65.2483
-65.2429
-65.2375
-65.2322
-65.2269
-65.2216
-65.2163
-65.2111
-65.2059
-65.2008
-65.1956
-65.1905
-65.1855
-65.1804
-65.1754
-65.1705
-65.1655
-65.1606
-65.1557
-65.1509
-65.1461
-65.1413
-65.1365
-65.1318
-65.1271
-65.1224
-65.1178
-65.1132
-65.1086
-65.1041
-65.0996
-65.0951
-65.0907
-65.0863
-65.0819
-65.0775
-65.0732
-65.0689
-65.0647
-65.0604
-65.0563
-65.0521
-65.048
-65.0439
-65.0398
-65.0358
-65.0318
-65.0278
-65.0238
-65.0199
-65.016
-65.0122
-65.0084
-65.0046
-65.0008
-64.9971
-64.9934
-64.9898
-64.9861
-64.9825
-64.979
-64.9754
-64.9719
-64.9684
-64.965
-64.9616
-64.9582
-64.9548
-64.9515
-64.9482
-64.9449
-64.9417
-64.9384
-64.9353
-64.9321
-64.929
-64.9259
-64.9228
-64.9198
-64.9168
-64.9138
-64.9109
-64.9079
-64.9051
-64.9022
-64.8994
-64.8966
-64.8938
-64.891
-64.8883
-64.8856
-64.883
-64.8803
-64.8777
-64.8752
-64.8726
-64.8701
-64.8676
-64.8652
-64.8627
-64.8603
-64.8579
-64.8556
-64.8533
-64.851
-64.8487
-64.8465
-64.8443
-64.8421
-64.8399
-64.8378
-64.8357
-64.8336
-64.8316
-64.8296
-64.8276
-64.8256
-64.8237
-64.8218
-64.8199
-64.818
-64.8162
-64.8144
-64.8126
-64.8109
-64.8091
-64.8074
-64.8058
-64.8041
-64.8025
-64.8009
-64.7993
-64.7978
-64.7963
-64.7948
-64.7933
-64.7919
-64.7905
-64.7891
-64.7877
-64.7864
-64.7851
-64.7838
-64.7825
-64.7813
-64.7801
-64.7789
-64.7777
-64.7766
-64.7755
-64.7744
-64.7733
-64.7722
-64.7712
-64.7702
-64.7692
-64.7683
-64.7674
-64.7665
-64.7656
-64.7647
-64.7639
-64.7631
-64.7623
-64.7615
-64.7608
-64.76
-64.7593
-64.7587
-64.758
-64.7574
-64.7568
-64.7562
-64.7556
-64.755
-64.7545
-64.754
-64.7535
-64.753
-64.7526
-64.7522
-64.7518
-64.7514
-64.751
-64.7507
-64.7504
-64.7501
-64.7498
-64.7495
-64.7493
-64.749
-64.7488
-64.7486
-64.7485
-64.7483
-64.7482
-64.7481
-64.748
-64.7479
-64.7478
-64.7478
-64.7478
-64.7478
-64.7478
-64.7478
-64.7479
-64.7479
-64.748
-64.7481
-64.7482
-64.7484
-64.7485
-64.7487
-64.7489
-64.7491
-64.7493
-64.7495
-64.7497
-64.75
-64.7503
-64.7506
-64.7509
-64.7512
-64.7515
-64.7519
-64.7523
-64.7526
-64.753
-64.7534
-64.7539
-64.7543
-64.7547
-64.7552
-64.7557
-64.7562
-64.7567
-64.7572
-64.7577
-64.7583
-64.7588
-64.7594
-64.76
-64.7606
-64.7612
-64.7618
-64.7624
-64.7631
-64.7637
-64.7644
-64.765
-64.7657
-64.7664
-64.7671
-64.7678
-64.7686
-64.7693
-64.7701
-64.7708
-64.7716
-64.7724
-64.7732
-64.774
-64.7748
-64.7756
-64.7764
-64.7772
-64.7781
-64.7789
-64.7798
-64.7807
-64.7816
-64.7824
-64.7833
-64.7842
-64.7851
-64.7861
-64.787
-64.7879
-64.7889
-64.7898
-64.7908
-64.7917
-64.7927
-64.7937
-64.7947
-64.7956
-64.7966
-64.7976
-64.7986
-64.7997
-64.8007
-64.8017
-64.8027
-64.8038
-64.8048
-64.8059
-64.8069
-64.808
-64.809
-64.8101
-64.8112
-64.8122
-64.8133
-64.8144
-64.8155
-64.8166
-64.8177
-64.8188
-64.8199
-64.821
-64.8221
-64.8232
-64.8243
-64.8254
-64.8266
-64.8277
-64.8288
-64.8299
-64.8311
-64.8322
-64.8334
-64.8345
-64.8356
-64.8368
-64.8379
-64.8391
-64.8402
-64.8414
-64.8425
-64.8437
-64.8448
-64.846
-64.8471
-64.8483
-64.8495
-64.8506
-64.8518
-64.8529
-64.8541
-64.8553
-64.8564
-64.8576
-64.8588
-64.8599
-64.8611
-64.8622
-64.8634
-64.8646
-64.8657
-64.8669
-64.8681
-64.8692
-64.8704
-64.8715
-64.8727
-64.8738
-64.875
-64.8762
-64.8773
-64.8785
-64.8796
-64.8808
-64.8819
-64.883
-64.8842
-64.8853
-64.8865
-64.8876
-64.8887
-64.8899
-64.891
-64.8921
-64.8933
-64.8944
-64.8955
-64.8966
-64.8977
-64.8989
-64.9
-64.9011
-64.9022
-64.9033
-64.9044
-64.9055
-64.9066
-64.9077
-64.9088
-64.9098
-64.9109
-64.912
-64.9131
-64.9141
-64.9152
-64.9163
-64.9173
-64.9184
-64.9194
-64.9205
-64.9215
-64.9226
-64.9236
-64.9246
-64.9257
-64.9267
-64.9277
-64.9287
-64.9297
-64.9307
-64.9317
-64.9327
-64.9337
-64.9347
-64.9357
-64.9367
-64.9377
-64.9386
-64.9396
-64.9406
-64.9415
-64.9425
-64.9434
-64.9443
-64.9453
-64.9462
-64.9471
-64.9481
-64.949
-64.9499
-64.9508
-64.9517
-64.9526
-64.9535
-64.9544
-64.9552
-64.9561
-64.957
-64.9579
-64.9587
-64.9596
-64.9604
-64.9613
-64.9621
-64.9629
-64.9638
-64.9646
-64.9654
-64.9662
-64.967
-64.9678
-64.9686
-64.9694
-64.9702
-64.9709
-64.9717
-64.9725
-64.9732
-64.974
-64.9747
-64.9755
-64.9762
-64.977
-64.9777
-64.9784
-64.9791
-64.9798
-64.9805
-64.9812
-64.9819
-64.9826
-64.9833
-64.9839
-64.9846
-64.9853
-64.9859
-64.9866
-64.9872
-64.9879
-64.9885
-64.9891
-64.9897
-64.9903
-64.991
-64.9916
-64.9922
-64.9927
-64.9933
-64.9939
-64.9945
-64.9951
-64.9956
-64.9962
-64.9967
-64.9973
-64.9978
-64.9983
-64.9989
-64.9994
-64.9999
-65.0004
-65.0009
-65.0014
-65.0019
-65.0024
-65.0029
-65.0033
-65.0038
-65.0043
-65.0047
-65.0052
-65.0056
-65.0061
-65.0065
-65.0069
-65.0073
-65.0078
-65.0082
-65.0086
-65.009
-65.0094
-65.0098
-65.0101
-65.0105
-65.0109
-65.0112
-65.0116
-65.012
-65.0123
-65.0127
-65.013
-65.0133
-65.0136
-65.014
-65.0143
-65.0146
-65.0149
-65.0152
-65.0155
-65.0158
-65.0161
-65.0163
-65.0166
-65.0169
-65.0171
-65.0174
-65.0176
-65.0179
-65.0181
-65.0184
-65.0186
-65.0188
-65.019
-65.0193
-65.0195
-65.0197
-65.0199
-65.0201
-65.0203
-65.0205
-65.0206
-65.0208
-65.021
-65.0211
-65.0213
-65.0215
-65.0216
-65.0218
-65.0219
-65.022
-65.0222
-65.0223
-65.0224
-65.0226
-65.0227
-65.0228
-65.0229
-65.023
-65.0231
-65.0232
-65.0233
-65.0234
-65.0234
-65.0235
-65.0236
-65.0237
-65.0237
-65.0238
-65.0238
-65.0239
-65.0239
-65.024
-65.024
-65.0241
-65.0241
-65.0241
-65.0242
-65.0242
-65.0242
-65.0242
-65.0242
-65.0242
-65.0242
-65.0242
-65.0242
-65.0242
-65.0242
-65.0242
-65.0242
-65.0242
-65.0241
-65.0241
-65.0241
-65.024
-65.024
-65.024
-65.0239
-65.0239
-65.0238
-65.0238
-65.0237
-65.0236
-65.0236
-65.0235
-65.0234
-65.0234
-65.0233
-65.0232
-65.0231
-65.023
-65.023
-65.0229
-65.0228
-65.0227
-65.0226
-65.0225
-65.0224
-65.0223
-65.0222
-65.0221
-65.0219
-65.0218
-65.0217
-65.0216
-65.0215
-65.0213
-65.0212
-65.0211
-65.0209
-65.0208
-65.0207
-65.0205
-65.0204
-65.0203
-65.0201
-65.02
-65.0198
-65.0197
-65.0195
-65.0194
-65.0192
-65.019
-65.0189
-65.0187
-65.0185
-65.0184
-65.0182
-65.018
-65.0179
-65.0177
-65.0175
-65.0173
-65.0172
-65.017
-65.0168
-65.0166
-65.0164
-65.0163
-65.0161
-65.0159
-65.0157
-65.0155
-65.0153
-65.0151
-65.0149
-65.0147
-65.0145
-65.0143
-65.0141
-65.0139
-65.0137
-65.0135
-65.0133
-65.0131
-65.0129
-65.0127
-65.0125
-65.0123
-65.012
-65.0118
-65.0116
-65.0114
-65.0112
-65.011
-65.0108
-65.0105
-65.0103
-65.0101
-65.0099
-65.0097
-65.0094
-65.0092
-65.009
-65.0088
-65.0086
-65.0083
-65.0081
-65.0079
-65.0077
-65.0074
-65.0072
-65.007
-65.0067
-65.0065
-65.0063
-65.0061
-65.0058
-65.0056
-65.0054
-65.0051
-65.0049
-65.0047
-65.0044
-65.0042
-65.004
-65.0038
-65.0035
-65.0033
-65.0031
-65.0028
-65.0026
-65.0024
-65.0021
-65.0019
-65.0017
-65.0014
-65.0012
-65.001
-65.0007
-65.0005
-65.0003
-65
-64.9998
-64.9996
-64.9993
-64.9991
-64.9989
-64.9986
-64.9984
-64.9982
-64.998
-64.9977
-64.9975
-64.9973
-64.997
-64.9968
-64.9966
-64.9963
-64.9961
-64.9959
-64.9957
-64.9954
-64.9952
-64.995
-64.9948
-64.9945
-64.9943
-64.9941
-64.9939
-64.9936
-64.9934
-64.9932
-64.993
-64.9927
-64.9925
-64.9923
-64.9921
-64.9918
-64.9916
-64.9914
-64.9912
-64.991
-64.9907
-64.9905
-64.9903
-64.9901
-64.9899
-64.9897
-64.9895
-64.9892
-64.989
-64.9888
-64.9886
-64.9884
-64.9882
-64.988
-64.9878
-64.9876
-64.9873
-64.9871
-64.9869
-64.9867
-64.9865
-64.9863
-64.9861
-64.9859
-64.9857
-64.9855
-64.9853
-64.9851
-64.9849
-64.9847
-64.9845
-64.9843
-64.9841
-64.9839
-64.9837
-64.9836
-64.9834
-64.9832
-64.983
-64.9828
-64.9826
-64.9824
-64.9822
-64.982
-64.9819
-64.9817
-64.9815
-64.9813
-64.9811
-64.981
-64.9808
-64.9806
-64.9804
-64.9803
-64.9801
-64.9799
-64.9797
-64.9796
-64.9794
-64.9792
-64.9791
-64.9789
-64.9787
-64.9786
-64.9784
-64.9782
-64.9781
-64.9779
-64.9778
-64.9776
-64.9774
-64.9773
-64.9771
-64.977
-64.9768
-64.9767
-64.9765
-64.9764
-64.9762
-64.9761
-64.9759
-64.9758
-64.9756
-64.9755
-64.9754
-64.9752
-64.9751
-64.9749
-64.9748
-64.9747
-64.9745
-64.9744
-64.9743
-64.9741
-64.974
-64.9739
-64.9737
-64.9736
-64.9735
-64.9734
-64.9732
-64.9731
-64.973
-64.9729
-64.9727
-64.9726
-64.9725
-64.9724
-64.9723
-64.9722
-64.972
-64.9719
-64.9718
-64.9717
-64.9716
-64.9715
-64.9714
-64.9713
-64.9712
-64.9711
-64.971
-64.9709
-64.9708
-64.9707
-64.9706
-64.9705
-64.9704
-64.9703
-64.9702
-64.9701
-64.97
-64.9699
-64.9698
-64.9697
-64.9697
-64.9696
-64.9695
-64.9694
-64.9693
-64.9692
-64.9692
-64.9691
-64.969
-64.9689
-64.9688
-64.9688
-64.9687
-64.9686
-64.9685
-64.9685
-64.9684
-64.9683
-64.9683
-64.9682
-64.9681
-64.9681
-64.968
-64.9679
-64.9679
-64.9678
-64.9678
-64.9677
-64.9676
-64.9676
-64.9675
-64.9675
-64.9674
-64.9674
-64.9673
-64.9673
-64.9672
-64.9672
-64.9671
-64.9671
-64.967
-64.967
-64.9669
-64.9669
-64.9668
-64.9668
-64.9668
-64.9667
-64.9667
-64.9666
-64.9666
-64.9666
-64.9665
-64.9665
-64.9665
-64.9664
-64.9664
-64.9664
-64.9663
-64.9663
-64.9663
-64.9663
-64.9662
-64.9662
-64.9662
-64.9662
-64.9661
-64.9661
-64.9661
-64.9661
-64.9661
-64.966
-64.966
-64.966
-64.966
-64.966
-64.966
-64.9659
-64.9659
-64.9659
-64.9659
-64.9659
-64.9659
-64.9659
-64.9659
-64.9658
-64.9658
-64.9658
-64.9658
-64.9658
-64.9658
-64.9658
-64.9658
-64.9658
-64.9658
-64.9658
-64.9658
-64.9658
-64.9658
-64.9658
-64.9658
-64.9658
-64.9658
-64.9658
-64.9658
-64.9658
-64.9658
-64.9658
-64.9658
-64.9659
-64.9659
-64.9659
-64.9659
-64.9659
-64.9659
-64.9659
-64.9659
-64.9659
-64.9659
-64.966
-64.966
-64.966
-64.966
-64.966
-64.966
-64.966
-64.9661
-64.9661
-64.9661
-64.9661
-64.9661
-64.9662
-64.9662
-64.9662
-64.9662
-64.9662
-64.9663
-64.9663
-64.9663
-64.9663
-64.9664
-64.9664
-64.9664
-64.9664
-64.9665
-64.9665
-64.9665
-64.9665
-64.9666
-64.9666
-64.9666
-64.9666
-64.9667
-64.9667
-64.9667
-64.9668
-64.9668
-64.9668
-64.9668
-64.9669
-64.9669
-64.9669
-64.967
-64.967
-64.967
-64.9671
-64.9671
-64.9671
-64.9672
-64.9672
-64.9672
-64.9673
-64.9673
-64.9673
-64.9674
-64.9674
-64.9674
-64.9675
-64.9675
-64.9676
-64.9676
-64.9676
-64.9677
-64.9677
-64.9677
-64.9678
-64.9678
-64.9679
-64.9679
-64.9679
-64.968
-64.968
-64.968
-64.9681
-64.9681
-64.9682
-64.9682
-64.9682
-64.9683
-64.9683
-64.9684
-64.9684
-64.9685
-64.9685
-64.9685
-64.9686
-64.9686
-64.9687
-64.9687
-64.9687
-64.9688
-64.9688
-64.9689
-64.9689
-64.9689
-64.969
-64.969
-64.9691
-64.9691
-64.9692
-64.9692
-64.9692
-64.9693
-64.9693
-64.9694
-64.9694
-64.9695
-64.9695
-64.9695
-64.9696
-64.9696
-64.9697
-64.9697
-64.9698
-64.9698
-64.9698
-64.9699
-64.9699
-64.97
-64.97
-64.9701
-64.9701
-64.9701
-64.9702
-64.9702
-64.9703
-64.9703
-64.9704
-64.9704
-64.9704
-64.9705
-64.9705
-64.9706
-64.9706
-64.9707
-64.9707
-64.9707
-64.9708
-64.9708
-64.9709
-64.9709
-64.971
-64.971
-64.971
-64.9711
-64.9711
-64.9712
-64.9712
-64.9713
-64.9713
-64.9713
-64.9714
-64.9714
-64.9715
-64.9715
-64.9715
-64.9716
-64.9716
-64.9717
-64.9717
-64.9717
-64.9718
-64.9718
-64.9719
-64.9719
-64.9719
-64.972
-64.972
-64.9721
-64.9721
-64.9721
-64.9722
-64.9722
-64.9723
-64.9723
-64.9723
-64.9724
-64.9724
-64.9725
-64.9725
-64.9725
-64.9726
-64.9726
-64.9726
-64.9727
-64.9727
-64.9727
-64.9728
-64.9728
-64.9729
-64.9729
-64.9729
-64.973
-64.973
-64.973
-64.9731
-64.9731
-64.9731
-64.9732
-64.9732
-64.9732
-64.9733
-64.9733
-64.9733
-64.9734
-64.9734
-64.9734
-64.9735
-64.9735
-64.9735
-64.9736
-64.9736
-64.9736
-64.9737
-64.9737
-64.9737
-64.9738
-64.9738
-64.9738
-64.9739
-64.9739
-64.9739
-64.974
-64.974
-64.974
-64.974
-64.9741
-64.9741
-64.9741
-64.9742
-64.9742
-64.9742
-64.9742
-64.9743
-64.9743
-64.9743
-64.9743
-64.9744
-64.9744
-64.9744
-64.9745
-64.9745
-64.9745
-64.9745
-64.9746
-64.9746
-64.9746
-64.9746
-64.9747
-64.9747
-64.9747
-64.9747
-64.9748
-64.9748
-64.9748
-64.9748
-64.9748
-64.9749
-64.9749
-64.9749
-64.9749
-64.975
-64.975
-64.975
-64.975
-64.975
-64.9751
-64.9751
-64.9751
-64.9751
-64.9751
-64.9752
-64.9752
-64.9752
-64.9752
-64.9752
-64.9753
-64.9753
-64.9753
-64.9753
-64.9753
-64.9753
-64.9754
-64.9754
-64.9754
-64.9754
-64.9754
-64.9754
-64.9755
-64.9755
-64.9755
-64.9755
-64.9755
-64.9755
-64.9756
-64.9756
-64.9756
-64.9756
-64.9756
-64.9756
-64.9756
-64.9756
-64.9757
-64.9757
-64.9757
-64.9757
-64.9757
-64.9757
-64.9757
-64.9757
-64.9758
-64.9758
-64.9758
-64.9758
-64.9758
-64.9758
-64.9758
-64.9758
-64.9758
-64.9758
-64.9759
-64.9759
-64.9759
-64.9759
-64.9759
-64.9759
-64.9759
-64.9759
-64.9759
-64.9759
-64.9759
-64.9759
-64.976
-64.976
-64.976
-64.976
-64.976
-64.976
-64.976
-64.976
-64.976
-64.976
-64.976
-64.976
-64.976
-64.976
-64.976
-64.976
-64.976
-64.976
-64.9761
-64.9761
-64.9761
-64.9761
-64.9761
-64.9761
-64.9761
-64.9761
-64.9761
-64.9761
-64.9761
-64.9761
-64.9761
-64.9761
-64.9761
-64.9761
-64.9761
-64.9761
-64.9761
-64.9761
-64.9761
-64.9761
-64.9761
-64.9761
-64.9761
-64.9761
-64.9761
-64.9761
-64.9761
-64.9761
-64.9761
-64.9761
-64.9761
-64.9761
-64.9761
-64.9761
-64.9761
-64.9761
-64.9761
-64.9761
-64.9761
-64.9761
-64.9761
-64.9761
-64.9761
-64.9761
-64.9761
-64.9761
-64.9761
-64.9761
-64.9761
-64.9761
-64.9761
-64.9761
-64.976
-64.976
-64.976
-64.976
-64.976
-64.976
-64.976
-64.976
-64.976
-64.976
-64.976
-64.976
-64.976
-64.976
-64.976
-64.976
-64.976
-64.976
-64.976
-64.976
-64.976
-64.976
-64.9759
-64.9759
-64.9759
-64.9759
-64.9759
-64.9759
-64.9759
-64.9759
-64.9759
-64.9759
-64.9759
-64.9759
-64.9759
-64.9759
-64.9759
-64.9758
-64.9758
-64.9758
-64.9758
-64.9758
-64.9758
-64.9758
-64.9758
-64.9758
-64.9758
-64.9758
-64.9758
-64.9758
-64.9758
-64.9757
-64.9757
-64.9757
-64.9757
-64.9757
-64.9757
-64.9757
-64.9757
-64.9757
-64.9757
-64.9757
-64.9757
-64.9756
-64.9756
-64.9756
-64.9756
-64.9756
-64.9756
-64.9756
-64.9756
-64.9756
-64.9756
-64.9756
-64.9756
-64.9755
-64.9755
-64.9755
-64.9755
-64.9755
-64.9755
-64.9755
-64.9755
-64.9755
-64.9755
-64.9755
-64.9754
-64.9754
-64.9754
-64.9754
-64.9754
-64.9754
-64.9754
-64.9754
-64.9754
-64.9754
-64.9753
-64.9753
-64.9753
-64.9753
-64.9753
-64.9753
-64.9753
-64.9753
-64.9753
-64.9753
-64.9753
-64.9752
-64.9752
-64.9752
-64.9752
-64.9752
-64.9752
-64.9752
-64.9752
-64.9752
-64.9752
-64.9751
-64.9751
-64.9751
-64.9751
-64.9751
-64.9751
-64.9751
-64.9751
-64.9751
-64.9751
-64.9751
-64.975
-64.975
-64.975
-64.975
-64.975
-64.975
-64.975
-64.975
-64.975
-64.975
-64.9749
-64.9749
-64.9749
-64.9749
-64.9749
-64.9749
-64.9749
-64.9749
-64.9749
-64.9749
-64.9749
-64.9748
-64.9748
-64.9748
-64.9748
-64.9748
-64.9748
-64.9748
-64.9748
-64.9748
-64.9748
-64.9748
-64.9747
-64.9747
-64.9747
-64.9747
-64.9747
-64.9747
-64.9747
-64.9747
-64.9747
-64.9747
-64.9747
-64.9746
-64.9746
-64.9746
-64.9746
-64.9746
-64.9746
-64.9746
-64.9746
-64.9746
-64.9746
-64.9746
-64.9745
-64.9745
-64.9745
-64.9745
-64.9745
-64.9745
-64.9745
-64.9745
-64.9745
-64.9745
-64.9745
-64.9745
-64.9744
-64.9744
-64.9744
-64.9744
-64.9744
-64.9744
-64.9744
-64.9744
-64.9744
-64.9744
-64.9744
-64.9744
-64.9744
-64.9743
-64.9743
-64.9743
-64.9743
-64.9743
-64.9743
-64.9743
-64.9743
-64.9743
-64.9743
-64.9743
-64.9743
-64.9743
-64.9742
-64.9742
-64.9742
-64.9742
-64.9742
-64.9742
-64.9742
-64.9742
-64.9742
-64.9742
-64.9742
-64.9742
-64.9742
-64.9742
-64.9742
-64.9741
-64.9741
-64.9741
-64.9741
-64.9741
-64.9741
-64.9741
-64.9741
-64.9741
-64.9741
-64.9741
-64.9741
-64.9741
-64.9741
-64.9741
-64.9741
-64.9741
-64.974
-64.974
-64.974
-64.974
-64.974
-64.974
-64.974
-64.974
-64.974
-64.974
-64.974
-64.974
-64.974
-64.974
-64.974
-64.974
-64.974
-64.974
-64.9739
-64.9739
-64.9739
-64.9739
-64.9739
-64.9739
-64.9739
-64.9739
-64.9739
-64.9739
-64.9739
-64.9739
-64.9739
-64.9739
-64.9739
-64.9739
-64.9739
-64.9739
-64.9739
-64.9739
-64.9739
-64.9739
-64.9739
-64.9738
-64.9738
-64.9738
-64.9738
-64.9738
-64.9738
-64.9738
-64.9738
-64.9738
-64.9738
-64.9738
-64.9738
-64.9738
-64.9738
-64.9738
-64.9738
-64.9738
-64.9738
-64.9738
-64.9738
-64.9738
-64.9738
-64.9738
-64.9738
-64.9738
-64.9738
-64.9738
-64.9738
-64.9738
-64.9738
-64.9738
-64.9737
-64.9737
-64.9737
-64.9737
-64.9737
-64.9737
-64.9737
-64.9737
-64.9737
-64.9737
-64.9737
-64.9737
-64.9737
-64.9737
-64.9737
-64.9737
-64.9737
-64.9737
-64.9737
-64.9737
-64.9737
-64.9737
-64.9737
-64.9737
-64.9737
-64.9737
-64.9737
-64.9737
-64.9737
-64.9737
-64.9737
-64.9737
-64.9737
-64.9737
-64.9737
-64.9737
-64.9737
-64.9737
-64.9737
-64.9737
-64.9737
-64.9737
-64.9737
-64.9737
-64.9737
-64.9737
-64.9737
-64.9737
-64.9737
-64.9737
-64.9737
-64.9737
-64.9737
-64.9737
-64.9737
-64.9737
-64.9737
-64.9737
-64.9737
-64.9737
-64.9737
-64.9737
-64.9737
-64.9737
-64.9737
-64.9737
-64.9737
-64.9737
-64.9737
-64.9737
-64.9737
-64.9737
-64.9737
-64.9737
-64.9737
-64.9737
-64.9737
-64.9737
-64.9737
-64.9737
-64.9737
-64.9737
-64.9737
-64.9737
-64.9737
-64.9737
-64.9737
-64.9737
-64.9737
-64.9737
-64.9737
-64.9737
-64.9737
-64.9737
-64.9737
-64.9737
-64.9737
-64.9737
-64.9737
-64.9737
-64.9737
-64.9737
-64.9737
-64.9737
-64.9737
-64.9737
-64.9737
-64.9737
-64.9737
-64.9737
-64.9737
-64.9737
-64.9737
-64.9737
-64.9737
-64.9737
-64.9737
-64.9737
-64.9737
-64.9737
-64.9737
-64.9737
-64.9737
-64.9737
-64.9737
-64.9737
-64.9737
-64.9737
-64.9737
-64.9737
-64.9737
-64.9737
-64.9737
-64.9737
-64.9737
-64.9737
-64.9737
-64.9737
-64.9737
-64.9737
-64.9737
-64.9737
-64.9737
-64.9737
-64.9737
-64.9737
-64.9737
-64.9737
-64.9737
-64.9737
-64.9737
-64.9737
-64.9737
-64.9737
-64.9737
-64.9737
-64.9737
-64.9737
-64.9737
-64.9737
-64.9737
-64.9737
-64.9737
-64.9737
-64.9737
-64.9737
-64.9737
-64.9737
-64.9737
-64.9737
-64.9737
-64.9737
-64.9737
-64.9737
-64.9737
-64.9737
-64.9737
-64.9737
-64.9737
-64.9738
-64.9738
-64.9738
-64.9738
-64.9738
-64.9738
-64.9738
-64.9738
-64.9738
-64.9738
-64.9738
-64.9738
-64.9738
-64.9738
-64.9738
-64.9738
-64.9738
-64.9738
-64.9738
-64.9738
-64.9738
-64.9738
-64.9738
-64.9738
-64.9738
-64.9738
-64.9738
-64.9738
-64.9738
-64.9738
-64.9738
-64.9738
-64.9738
-64.9738
-64.9738
-64.9738
-64.9738
-64.9738
-64.9738
-64.9738
-64.9738
-64.9738
-64.9738
-64.9738
-64.9738
-64.9738
-64.9738
-64.9738
-64.9738
-64.9738
-64.9738
-64.9738
-64.9738
-64.9738
-64.9738
-64.9738
-64.9738
-64.9738
-64.9738
-64.9738
-64.9738
-64.9738
-64.9738
-64.9738
-64.9738
-64.9738
-64.9739
-64.9739
-64.9739
-64.9739
-64.9739
-64.9739
-64.9739
-64.9739
-64.9739
-64.9739
-64.9739
-64.9739
-64.9739
-64.9739
-64.9739
-64.9739
-64.9739
-64.9739
-64.9739
-64.9739
-64.9739
-64.9739
-64.9739
-64.9739
-64.9739
-64.9739
-64.9739
-64.9739
-64.9739
-64.9739
-64.9739
-64.9739
-64.9739
-64.9739
-64.9739
-64.9739
-64.9739
-64.9739
-64.9739
-64.9739
-64.9739
-64.9739
-64.9739
-64.9739
-64.9739
-64.9739
-64.9739
-64.9739
-64.9739
-64.9739
-64.9739
-64.9739
-64.9739
-64.9739
-64.9739
-64.9739
-64.9739
-64.9739
-64.9739
-64.9739
-64.9739
-64.9739
-64.9739
-64.9739
-64.9739
-64.9739
-64.9739
-64.9739
-64.9739
-64.9739
-64.9739
-64.9739
-64.9739
-64.9739
-64.9739
-64.9739
-64.9739
-64.9739
-64.9739
-64.9739
-64.974
-64.974
-64.974
-64.974
-64.974
-64.974
-64.974
-64.974
-64.974
-64.974
-64.974
-64.974
-64.974
-64.974
-64.974
-64.974
-64.974
-64.974
-64.974
-64.974
-64.974
-64.974
-64.974
-64.974
-64.974
-64.974
-64.974
-64.974
-64.974
-64.974
-64.974
-64.974
-64.974
-64.974
-64.974
-64.974
-64.974
-64.974
-64.974
-64.974
-64.974
-64.974
-64.974
-64.974
-64.974
-64.974
-64.974
-64.974
-64.974
-64.974
-64.974
-64.974
-64.974
-64.974
-64.974
-64.974
-64.974
-64.974
-64.974
-64.974
-64.974
-64.974
-64.974
-64.974
-64.974
-64.974
-64.974
-64.974
-64.974
-64.974
-64.974
-64.974
-64.974
-64.974
-64.974
-64.974
-64.974
-64.974
-64.974
-64.974
-64.974
-64.974
-64.974
-64.974
-64.974
-64.974
-64.974
-64.974
-64.974
-64.974
-64.974
-64.974
-64.974
-64.974
-64.974
-64.974
-64.974
-64.974
-64.974
-64.974
-64.974
-64.974
-64.974
-64.974
-64.974
-64.8937
-64.7369
-64.5075
-64.2094
-63.8466
-63.4232
-62.9432
-62.4105
-61.8289
-61.2023
-60.5343
-59.8285
-59.0882
-58.3164
-57.5161
-56.6898
-55.84
-54.9684
-54.0767
-53.1659
-52.2367
-51.2891
-50.3225
-49.3354
-48.3259
-47.2907
-46.2257
-45.1254
-43.9831
-42.7902
-41.5365
-40.2095
-38.7942
-37.2726
-35.6236
-33.8221
-31.8389
-29.6402
-27.1877
-24.439
-21.3494
-17.8747
-13.9775
-9.63656
-4.85983
0.299638
5.72999
11.2565
16.6555
21.6882
26.1465
29.8934
32.8808
35.1413
36.7629
37.858
38.5393
38.9054
39.0353
38.9883
38.8076
38.5235
38.1571
37.7235
37.2329
36.6932
36.1099
35.4876
34.8297
34.1393
33.419
32.671
31.8974
31.1002
30.2812
29.442
28.5844
27.7099
26.8199
25.9158
24.999
24.0708
23.1324
22.185
21.2297
20.2675
19.2994
18.3265
17.3495
16.3694
15.3868
14.4027
13.4176
12.4321
11.447
10.4628
9.47996
8.49897
7.52028
6.54431
5.5714
4.6019
3.63611
2.67431
1.71673
0.763605
-0.184885
-1.12857
-2.06729
-3.00094
-3.92939
-4.85257
-5.77042
-6.68289
-7.58993
-8.49151
-9.38764
-10.2783
-11.1636
-12.0435
-12.918
-13.7872
-14.6513
-15.5102
-16.3641
-17.2131
-18.0573
-18.8968
-19.732
-20.5628
-21.3895
-22.2124
-23.0317
-23.8477
-24.6606
-25.4708
-26.2787
-27.0846
-27.8891
-28.6924
-29.4952
-30.2979
-31.1012
-31.9057
-32.712
-33.5208
-34.3329
-35.149
-35.97
-36.7967
-37.6299
-38.4706
-39.3197
-40.1781
-41.0466
-41.9262
-42.8176
-43.7215
-44.6387
-45.5696
-46.5146
-47.4736
-48.4465
-49.4328
-50.4316
-51.4414
-52.4605
-53.4863
-54.5158
-55.5454
-56.5708
-57.5872
-58.5891
-59.571
-60.527
-61.4511
-62.3377
-63.1814
-63.9778
-64.7231
-65.4147
-66.0508
-66.6311
-67.1561
-67.6272
-68.0469
-68.418
-68.744
-69.0286
-69.2756
-69.4888
-69.6719
-69.8284
-69.9616
-70.0743
-70.1695
-70.2494
-70.3162
-70.3717
-70.4176
-70.4554
-70.4862
-70.5112
-70.5311
-70.5467
-70.5589
-70.5679
-70.5745
-70.5789
-70.5815
-70.5825
-70.5823
-70.5811
-70.5789
-70.576
-70.5725
-70.5685
-70.564
-70.5592
-70.5541
-70.5488
-70.5432
-70.5376
-70.5318
-70.526
-70.52
-70.5141
-70.5081
-70.5021
-70.4961
-70.4902
-70.4842
-70.4783
-70.4724
-70.4666
-70.4608
-70.4551
-70.4494
-70.4438
-70.4382
-70.4327
-70.4272
-70.4218
-70.4165
-70.4113
-70.4061
-70.4009
-70.3959
-70.3909
-70.3859
-70.3811
-70.3763
-70.3715
-70.3668
-70.3622
-70.3577
-70.3532
-70.3487
-70.3444
-70.3401
-70.3358
-70.3316
-70.3275
-70.3234
-70.3194
-70.3154
-70.3115
-70.3077
-70.3038
-70.3001
-70.2964
-70.2927
-70.2891
-70.2856
-70.2821
-70.2786
-70.2752
-70.2719
-70.2685
-70.2653
-70.262
-70.2588
-70.2557
-70.2526
-70.2495
-70.2465
-70.2435
-70.2405
-70.2376
-70.2347
-70.2319
-70.2291
-70.2263
-70.143
-69.9886
-69.7718
-69.5004
-69.1817
-68.8222
-68.428
-68.0044
-67.5564
-67.0883
-66.6043
-66.1079
-65.6023
-65.0904
-64.5747
-64.0576
-63.541
-63.0266
-62.5162
-62.0109
-61.512
-61.0203
-60.5369
-60.0623
-59.5972
-59.1419
-58.6968
-58.2622
-57.8383
-57.425
-57.0224
-56.6304
-56.249
-55.878
-55.5171
-55.1661
-54.8246
-54.4925
-54.1693
-53.8546
-53.5481
-53.2494
-52.958
-52.6735
-52.3955
-52.1235
-51.8571
-51.5959
-51.3394
-51.0872
-50.8388
-50.5938
-50.3518
-50.1123
-49.8749
-49.6393
-49.4049
-49.1714
-48.9384
-48.7055
-48.4722
-48.2382
-48.003
-47.7663
-47.5275
-47.2864
-47.0424
-46.7951
-46.5441
-46.2888
-46.0289
-45.7637
-45.4928
-45.2156
-44.9315
-44.6399
-44.3402
-44.0316
-43.7135
-43.385
-43.0453
-42.6936
-42.3289
-41.9501
-41.5563
-41.1463
-40.7189
-40.2727
-39.8064
-39.3185
-38.8075
-38.2716
-37.7092
-37.1184
-36.4974
-35.8441
-35.1564
-34.4324
-33.6699
-32.8669
-32.0214
-31.1316
-30.1957
-29.2124
-28.1807
-27.1001
-25.9707
-24.7933
-23.5697
-22.3026
-20.9959
-19.6549
-18.286
-16.8973
-15.4978
-14.0982
-12.7099
-11.3452
-10.0168
-8.73737
-7.5193
-6.374
-5.31174
-4.34121
-3.46935
-2.70117
-2.03981
-1.48649
-1.04077
-0.700711
-0.463113
-0.32376
-0.277697
-0.319439
-0.443182
-0.642974
-0.912871
-1.24703
-1.63981
-2.08582
-2.57994
-3.1174
-3.69372
-4.30477
-4.94673
-5.61608
-6.3096
-7.02436
-7.75767
-8.5071
-9.27042
-10.0456
-10.831
-11.6247
-12.4255
-13.2319
-14.0428
-14.8571
-15.6739
-16.4923
-17.3117
-18.1314
-18.9508
-19.7695
-20.5871
-21.4032
-22.2177
-23.0303
-23.8409
-24.6494
-25.4559
-26.2603
-27.0629
-27.8637
-28.6631
-29.4611
-30.2582
-31.0548
-31.8513
-32.648
-33.4457
-34.2447
-35.0458
-35.8495
-36.6565
-37.4675
-38.2833
-39.1045
-39.9319
-40.7663
-41.6083
-42.4586
-43.3179
-44.1867
-45.0654
-45.9543
-46.8537
-47.7634
-48.6832
-49.6126
-50.5507
-51.4964
-52.4481
-53.4037
-54.3609
-55.3167
-56.268
-57.2109
-58.1414
-59.0553
-59.9481
-60.8152
-61.6523
-62.4553
-63.2204

