-65
-64.9994
-64.9988
-64.9982
-64.9977
-64.9971
-64.9965
-64.996
-64.9954
-64.9949
-64.9943
-64.9938
-64.9932
-64.9927
-64.9922
-64.9917
-64.9912
-64.9906
-64.9901
-64.9896
-64.9891
-64.9886
-64.9881
-64.9876
-64.9872
-64.9867
-64.9862
-64.9857
-64.9852
-64.9848
-64.9843
-64.9838
-64.9834
-64.9829
-64.9825
-64.982
-64.9816
-64.9811
-64.9807
-64.9802
-64.9798
-64.9794
-64.9789
-64.9785
-64.9781
-64.9777
-64.9772
-64.9768
-64.9764
-64.976
-64.9756
-64.9752
-64.9748
-64.9744
-64.974
-64.9736
-64.9732
-64.9728
-64.9725
-64.9721
-64.9717
-64.9713
-64.971
-64.9706
-64.9702
-64.9699
-64.9695
-64.9692
-64.9688
-64.9685
-64.9681
-64.9678
-64.9675
-64.9671
-64.9668
-64.9665
-64.9661
-64.9658
-64.9655
-64.9652
-64.9649
-64.9646
-64.9642
-64.9639
-64.9636
-64.9633
-64.963
-64.9628
-64.9625
-64.9622
-64.9619
-64.9616
-64.9613
-64.9611
-64.9608
-64.9605
-64.9603
-64.96
-64.9598
-64.9595
-64.9592
-64.959
-64.9588
-64.9585
-64.9583
-64.958
-64.9578
-64.9576
-64.9573
-64.9571
-64.9569
-64.9567
-64.9565
-64.9562
-64.956
-64.9558
-64.9556
-64.9554
-64.9552
-64.955
-64.9548
-64.9546
-64.9545
-64.9543
-64.9541
-64.9539
-64.9537
-64.9536
-64.9534
-64.9532
-64.9531
-64.9529
-64.9527
-64.9526
-64.9524
-64.9523
-64.9521
-64.952
-64.9519
-64.9517
-64.9516
-64.9514
-64.9513
-64.9512
-64.9511
-64.9509
-64.9508
-64.9507
-64.9506
-64.9505
-64.9504
-64.9503
-64.9502
-64.95
-64.9499
-64.9499
-64.9498
-64.9497
-64.9496
-64.9495
-64.9494
-64.9493
-64.9492
-64.9492
-64.9491
-64.949
-64.9489
-64.9489
-64.9488
-64.9487
-64.9487
-64.9486
-64.9486
-64.9485
-64.9485
-64.9484
-64.9484
-64.9483
-64.9483
-64.9482
-64.9482
-64.9482
-64.9481
-64.9481
-64.9481
-64.948
-64.948
-64.948
-64.948
-64.948
-64.9479
-64.9479
-64.9479
-64.9479
-64.9479
-64.9479
-64.9479
-64.9479
-64.9479
-64.9479
-64.9479
-64.9479
-64.9479
-64.9479
-64.9479
-64.9479
-64.9479
-64.9479
-64.948
-64.948
-64.948
-64.948
-64.9481
-64.9481
-64.9481
-64.9481
-64.9482
-64.9482
-64.9482
-64.9483
-64.9483
-64.9483
-64.9484
-64.9484
-64.9485
-64.9485
-64.9486
-64.9486
-64.9487
-64.9487
-64.9488
-64.9488
-64.9489
-64.9489
-64.949
-64.9491
-64.9491
-64.9492
-64.9492
-64.9493
-64.9494
-64.9494
-64.9495
-64.9496
-64.9497
-64.9497
-64.9498
-64.9499
-64.95
-64.95
-64.9501
-64.9502
-64.9503
-64.9504
-64.9504
-64.9505
-64.9506
-64.9507
-64.9508
-64.9509
-64.951
-64.951
-64.9511
-64.9512
-64.9513
-64.9514
-64.9515
-64.9516
-64.9517
-64.9518
-64.9519
-64.952
-64.9521
-64.9522
-64.9523
-64.9524
-64.9525
-64.9526
-64.9527
-64.9528
-64.9529
-64.953
-64.9532
-64.9533
-64.9534
-64.9535
-64.9536
-64.9537
-64.9538
-64.9539
-64.954
-64.9542
-64.9543
-64.9544
-64.9545
-64.9546
-64.9547
-64.9548
-64.955
-64.9551
-64.9552
-64.9553
-64.9554
-64.9556
-64.9557
-64.9558
-64.9559
-64.956
-64.9562
-64.9563
-64.9564
-64.9565
-64.9566
-64.9568
-64.9569
-64.957
-64.9571
-64.9573
-64.9574
-64.9575
-64.9576
-64.9578
-64.9579
-64.958
-64.9581
-64.9583
-64.9584
-64.9585
-64.9587
-64.9588
-64.9589
-64.959
-64.9592
-64.9593
-64.9594
-64.9595
-64.9597
-64.9598
-64.9599
-64.96
-64.9602
-64.9603
-64.9604
-64.9606
-64.9607
-64.9608
-64.9609
-64.9611
-64.9612
-64.9613
-64.9614
-64.9616
-64.9617
-64.9618
-64.962
-64.9621
-64.9622
-64.9623
-64.9625
-64.9626
-64.9627
-64.9628
-64.963
-64.9631
-64.9632
-64.9633
-64.9635
-64.9636
-64.9637
-64.9638
-64.964
-64.9641
-64.9642
-64.9643
-64.9645
-64.9646
-64.9647
-64.9648
-64.9649
-64.9651
-64.9652
-64.9653
-64.9654
-64.9655
-64.9657
-64.9658
-64.9659
-64.966
-64.9661
-64.9663
-64.9664
-64.9665
-64.9666
-64.9667
-64.9668
-64.967
-64.9671
-64.9672
-64.9673
-64.9674
-64.9675
-64.9677
-64.9678
-64.9679
-64.968
-64.9681
-64.9682
-64.9683
-64.9684
-64.9685
-64.9687
-64.9688
-64.9689
-64.969
-64.9691
-64.9692
-64.9693
-64.9694
-64.9695
-64.9696
-64.9697
-64.9698
-64.9699
-64.97
-64.9701
-64.9702
-64.9703
-64.9704
-64.9705
-64.9706
-64.9707
-64.9708
-64.9709
-64.971
-64.9711
-64.9712
-64.9713
-64.9714
-64.9715
-64.9716
-64.9717
-64.9718
-64.9719
-64.972
-64.9721
-64.9722
-64.9722
-64.9723
-64.9724
-64.9725
-64.9726
-64.9727
-64.9728
-64.9729
-64.9729
-64.973
-64.9731
-64.9732
-64.9733
-64.9734
-64.9734
-64.9735
-64.9736
-64.9737
-64.9738
-64.9738
-64.9739
-64.974
-64.9741
-64.9741
-64.9742
-64.9743
-64.9744
-64.9744
-64.9745
-64.9746
-64.9747
-64.9747
-64.9748
-64.9749
-64.9749
-64.975
-64.9751
-64.9751
-64.9752
-64.9753
-64.9753
-64.9754
-64.9755
-64.9755
-64.9756
-64.9757
-64.9757
-64.9758
-64.9758
-64.9759
-64.976
-64.976
-64.9761
-64.9761
-64.9762
-64.9762
-64.9763
-64.9764
-64.9764
-64.9765
-64.9765
-64.9766
-64.9766
-64.9767
-64.9767
-64.9768
-64.9768
-64.9769
-64.9769
-64.977
-64.977
-64.9771
-64.9771
-64.9771
-64.9772
-64.9772
-64.9773
-64.9773
-64.9774
-64.9774
-64.9774
-64.9775
-64.9775
-64.9776
-64.9776
-64.9776
-64.9777
-64.9777
-64.9778
-64.9778
-64.9778
-64.9779
-64.9779
-64.9779
-64.978
-64.978
-64.978
-64.9781
-64.9781
-64.9781
-64.9781
-64.9782
-64.9782
-64.9782
-64.9783
-64.9783
-64.9783
-64.9783
-64.9784
-64.9784
-64.9784
-64.9784
-64.9785
-64.9785
-64.9785
-64.9785
-64.9785
-64.9786
-64.9786
-64.9786
-64.9786
-64.9786
-64.9787
-64.9787
-64.9787
-64.9787
-64.9787
-64.9787
-64.9787
-64.9788
-64.9788
-64.9788
-64.9788
-64.9788
-64.9788
-64.9788
-64.9789
-64.9789
-64.9789
-64.9789
-64.9789
-64.9789
-64.9789
-64.9789
-64.9789
-64.9789
-64.9789
-64.9789
-64.9789
-64.979
-64.979
-64.979
-64.979
-64.979
-64.979
-64.979
-64.979
-64.979
-64.979
-64.979
-64.979
-64.979
-64.979
-64.979
-64.979
-64.979
-64.979
-64.979
-64.979
-64.979
-64.979
-64.979
-64.979
-64.979
-64.979
-64.979
-64.9789
-64.9789
-64.9789
-64.9789
-64.9789
-64.9789
-64.9789
-64.9789
-64.9789
-64.9789
-64.9789
-64.9789
-64.9789
-64.9789
-64.9788
-64.9788
-64.9788
-64.9788
-64.9788
-64.9788
-64.9788
-64.9788
-64.9788
-64.9787
-64.9787
-64.9787
-64.9787
-64.9787
-64.9787
-64.9787
-64.9787
-64.9786
-64.9786
-64.9786
-64.9786
-64.9786
-64.9786
-64.9786
-64.9785
-64.9785
-64.9785
-64.9785
-64.9785
-64.9785
-64.9784
-64.9784
-64.9784
-64.9784
-64.9784
-64.9783
-64.9783
-64.9783
-64.9783
-64.9783
-64.9783
-64.9782
-64.9782
-64.9782
-64.9782
-64.9782
-64.9781
-64.9781
-64.9781
-64.9781
-64.9781
-64.978
-64.978
-64.978
-64.978
-64.9779
-64.9779
-64.9779
-64.9779
-64.9779
-64.9778
-64.9778
-64.9778
-64.9778
-64.9778
-64.9777
-64.9777
-64.9777
-64.9777
-64.9776
-64.9776
-64.9776
-64.9776
-64.9775
-64.9775
-64.9775
-64.9775
-64.9774
-64.9774
-64.9774
-64.9774
-64.9774
-64.9773
-64.9773
-64.9773
-64.9773
-64.9772
-64.9772
-64.9772
-64.9772
-64.9771
-64.9771
-64.9771
-64.9771
-64.977
-64.977
-64.977
-64.977
-64.9769
-64.9769
-64.9769
-64.9769
-64.9768
-64.9768
-64.9768
-64.9768
-64.9767
-64.9767
-64.9767
-64.9767
-64.9766
-64.9766
-64.9766
-64.9766
-64.9765
-64.9765
-64.9765
-64.9765
-64.9764
-64.9764
-64.9764
-64.9764
-64.9763
-64.9763
-64.9763
-64.9763
-64.9762
-64.9762
-64.9762
-64.9762
-64.9761
-64.9761
-64.9761
-64.9761
-64.976
-64.976
-64.976
-64.976
-64.9759
-64.9759
-64.9759
-64.9759
-64.9758
-64.9758
-64.9758
-64.9758
-64.9757
-64.9757
-64.9757
-64.9757
-64.9756
-64.9746
-64.9715
-64.966
-64.9578
-64.9466
-64.9325
-64.9154
-64.8956
-64.873
-64.8478
-64.82
-64.7899
-64.7574
-64.7227
-64.686
-64.6472
-64.6066
-64.5642
-64.52
-64.4743
-64.427
-64.3783
-64.3282
-64.2768
-64.2242
-64.1704
-64.1155
-64.0597
-64.0028
-63.9451
-63.8865
-63.8271
-63.7669
-63.7061
-63.6446
-63.5825
-63.5198
-63.4566
-63.3929
-63.3288
-63.2642
-63.1993
-63.134
-63.0683
-63.0024
-62.9362
-62.8697
-62.8031
-62.7362
-62.6691
-62.6018
-62.5344
-62.4669
-62.3992
-62.3315
-62.2636
-62.1957
-62.1277
-62.0596
-61.9914
-61.9232
-61.855
-61.7867
-61.7184
-61.6501
-61.5817
-61.5133
-61.4449
-61.3764
-61.308
-61.2395
-61.1709
-61.1023
-61.0337
-60.965
-60.8963
-60.8275
-60.7587
-60.6898
-60.6208
-60.5517
-60.4825
-60.4132
-60.3438
-60.2742
-60.2045
-60.1346
-60.0645
-59.9943
-59.9238
-59.8532
-59.7822
-59.711
-59.6395
-59.5677
-59.4956
-59.4232
-59.3503
-59.2771
-59.2034
-59.1293
-59.0547
-58.9796
-58.9039
-58.8277
-58.7509
-58.6734
-58.5952
-58.5163
-58.4366
-58.3562
-58.2748
-58.1926
-58.1094
-58.0253
-57.94
-57.8536
-57.7661
-57.6773
-57.5872
-57.4957
-57.4022
-57.3058
-57.206
-57.1026
-56.9951
-56.8834
-56.7673
-56.6466
-56.5213
-56.3912
-56.2562
-56.1161
-55.9708
-55.82
-55.6637
-55.5015
-55.3333
-55.1586
-54.9773
-54.789
-54.5933
-54.3898
-54.1779
-53.9572
-53.7271
-53.4869
-53.2358
-52.9732
-52.6974
-52.407
-52.1004
-51.776
-51.4324
-51.0678
-50.6805
-50.2683
-49.829
-49.36
-48.8583
-48.3206
-47.7424
-47.1187
-46.4441
-45.7124
-44.9158
-44.0457
-43.0923
-42.0444
-40.8891
-39.6112
-38.1932
-36.6142
-34.8504
-32.874
-30.6533
-28.153
-25.3349
-22.1596
-18.5902
-14.5983
-10.1733
-5.33432
-0.144198
5.27982
10.765
16.098
21.0565
25.4491
29.1497
32.1121
34.3639
35.9835
37.0741
37.742
38.0821
38.1728
38.0742
37.8313
37.4764
37.0325
36.5162
35.9392
35.3101
34.6355
33.9205
33.1691
32.3847
31.5703
30.7286
29.8618
28.9723
28.062
27.1328
26.1867
25.2251
24.2499
23.2625
22.2643
21.2567
20.2411
19.2186
18.1904
17.1576
16.1211
15.082
14.041
12.999
11.9568
10.915
9.87428
8.83524
7.7984
6.76426
5.73325
4.70577
3.68218
2.66279
1.64789
0.637725
-0.3675
-1.3676
-2.36242
-3.35184
-4.33575
-5.31409
-6.28679
-7.25383
-8.2152
-9.17091
-10.121
-11.0654
-12.0044
-12.9379
-13.866
-14.7889
-15.7067
-16.6196
-17.5278
-18.4313
-19.3306
-20.2257
-21.117
-22.0048
-22.8895
-23.7713
-24.6508
-25.5283
-26.4044
-27.2796
-28.1545
-29.0298
-29.9062
-30.7845
-31.6654
-32.55
-33.4392
-34.334
-35.2356
-36.1452
-37.064
-37.993
-38.9334
-39.8867
-40.8542
-41.8375
-42.838
-43.8573
-44.8966
-45.9572
-47.0401
-48.146
-49.2753
-50.428
-51.6033
-52.8
-54.0159
-55.248
-56.4922
-57.7432
-58.9947
-60.2392
-61.4684
-62.673
-63.8437
-64.9707
-66.045
-67.0586
-68.0047
-68.8782
-69.6761
-70.3974
-71.0429
-71.615
-72.1176
-72.5555
-72.934
-73.259
-73.5362
-73.7711
-73.9691
-74.1351
-74.2733
-74.3878
-74.482
-74.5589
-74.621
-74.6708
-74.71
-74.7403
-74.763
-74.7795
-74.7906
-74.7972
-74.8
-74.7996
-74.7964
-74.791
-74.7837
-74.7748
-74.7645
-74.753
-74.7406
-74.7273
-74.7133
-74.6987
-74.6837
-74.6682
-74.6523
-74.6362
-74.6198
-74.6032
-74.5864
-74.5694
-74.5524
-74.5352
-74.518
-74.5006
-74.4833
-74.4659
-74.4484
-74.431
-74.4135
-74.396
-74.3785
-74.361
-74.3435
-74.326
-74.3086
-74.2911
-74.2737
-74.2563
-74.2389
-74.2215
-74.2041
-74.1868
-74.1695
-74.1522
-74.135
-74.1178
-74.1006
-74.0834
-74.0663
-74.0492
-74.0321
-74.0151
-73.9981
-73.9811
-73.9642
-73.9473
-73.9304
-73.9135
-73.8967
-73.8799
-73.8632
-73.8465
-73.8298
-73.8131
-73.7965
-73.7799
-73.7634
-73.7468
-73.7303
-73.7139
-73.6974
-73.681
-73.6647
-73.6483
-73.632
-73.6157
-73.5995
-73.5833
-73.5671
-73.5509
-73.5348
-73.5187
-73.5026
-73.4866
-73.4706
-73.4546
-73.4387
-73.4227
-73.4068
-73.391
-73.3751
-73.3593
-73.3435
-73.3278
-73.312
-73.2963
-73.2806
-73.265
-73.2493
-73.2337
-73.2181
-73.2016
-73.1832
-73.1626
-73.1397
-73.1146
-73.0872
-73.0578
-73.0265
-72.9935
-72.9589
-72.923
-72.8859
-72.8476
-72.8084
-72.7684
-72.7276
-72.6862
-72.6442
-72.6018
-72.559
-72.5159
-72.4725
-72.4289
-72.3852
-72.3414
-72.2976
-72.2538
-72.209
-72.1625
-72.1138
-72.0628
-72.0094
-71.9539
-71.8962
-71.8367
-71.7754
-71.7126
-71.6485
-71.5832
-71.5169
-71.4497
-71.3818
-71.3133
-71.2443
-71.175
-71.1054
-71.0357
-70.9659
-70.8961
-70.8264
-70.7568
-70.6875
-70.6184
-70.5497
-70.4813
-70.4133
-70.3457
-70.2787
-70.2122
-70.1462
-70.0808
-70.016
-69.9518
-69.8883
-69.8254
-69.7632
-69.7016
-69.6408
-69.5807
-69.5213
-69.4626
-69.4046
-69.3474
-69.2909
-69.2352
-69.1802
-69.126
-69.0725
-69.0198
-68.9679
-68.9166
-68.8662
-68.8164
-68.7675
-68.7192
-68.6717
-68.625
-68.5789
-68.5336
-68.489
-68.4452
-68.402
-68.3596
-68.3179
-68.2768
-68.2365
-68.1968
-68.1578
-68.1195
-68.0819
-68.0449
-68.0086
-67.9729
-67.9379
-67.9035
-67.8698
-67.8366
-67.8041
-67.7722
-67.7409
-67.7102
-67.6801
-67.6506
-67.6217
-67.5933
-67.5655
-67.5382
-67.5115
-67.4854
-67.4598
-67.4347
-67.4101
-67.3861
-67.3626
-67.3396
-67.3171
-67.2951
-67.2735
-67.2525
-67.2319
-67.2118
-67.1922
-67.173
-67.1543
-67.136
-67.1181
-67.1007
-67.0837
-67.0672
-67.051
-67.0353
-67.0199
-67.005
-66.9905
-66.9763
-66.9625
-66.9491
-66.9361
-66.9235
-66.9111
-66.8992
-66.8876
-66.8764
-66.8645
-66.8511
-66.8358
-66.8184
-66.7987
-66.7769
-66.7528
-66.7268
-66.6989
-66.6692
-66.6378
-66.6049
-66.5707
-66.5352
-66.4985
-66.4608
-66.4221
-66.3826
-66.3423
-66.3013
-66.2598
-66.2178
-66.1753
-66.1325
-66.0886
-66.0432
-65.9956
-65.9457
-65.8935
-65.8388
-65.7817
-65.7224
-65.661
-65.5975
-65.5322
-65.4651
-65.3965
-65.3265
-65.2552
-65.1827
-65.1093
-65.0349
-64.9598
-64.8841
-64.8079
-64.7312
-64.6543
-64.5771
-64.4997
-64.4223
-64.345
-64.2677
-64.1906
-64.1137
-64.0371
-63.9609
-63.8851
-63.8097
-63.7348
-63.6604
-63.5866
-63.5135
-63.4409
-63.369
-63.2979
-63.2274
-63.1577
-63.0888
-63.0207
-62.9534
-62.8869
-62.8212
-62.7564
-62.6925
-62.6294
-62.5672
-62.5059
-62.4456
-62.3861
-62.3275
-62.2699
-62.2131
-62.1573
-62.1024
-62.0485
-61.9954
-61.9433
-61.8922
-61.8419
-61.7926
-61.7442
-61.6968
-61.6502
-61.6046
-61.5599
-61.5162
-61.4733
-61.4314
-61.3904
-61.3503
-61.3105
-61.2703
-61.2292
-61.187
-61.1436
-61.0988
-61.0527
-61.0053
-60.9566
-60.9067
-60.8557
-60.8036
-60.7507
-60.6968
-60.6421
-60.5868
-60.5308
-60.4742
-60.4172
-60.3597
-60.3019
-60.2437
-60.1853
-60.1266
-60.0679
-60.0089
-59.95
-59.8909
-59.8319
-59.7729
-59.7139
-59.655
-59.5962
-59.5375
-59.479
-59.4207
-59.3625
-59.3045
-59.2467
-59.1892
-59.1319
-59.0748
-59.018
-58.9614
-58.9052
-58.8485
-58.7908
-58.7316
-58.6708
-58.6081
-58.5434
-58.4768
-58.4083
-58.3378
-58.2656
-58.1916
-58.1158
-58.0384
-57.9595
-57.879
-57.797
-57.7136
-57.6288
-57.5426
-57.4552
-57.3664
-57.2763
-57.185
-57.0924
-56.9985
-56.9033
-56.8069
-56.7091
-56.61
-56.5095
-56.4076
-56.3043
-56.1994
-56.093
-55.985
-55.8744
-55.7605
-55.6429
-55.5211
-55.395
-55.2645
-55.1296
-54.99
-54.8458
-54.6968
-54.543
-54.3841
-54.2201
-54.0506
-53.8757
-53.6948
-53.5079
-53.3145
-53.1144
-52.907
-52.6921
-52.469
-52.2372
-51.9962
-51.7453
-51.4836
-51.2105
-50.9249
-50.6259
-50.3124
-49.9831
-49.6365
-49.2713
-48.8856
-48.4775
-48.0448
-47.5851
-47.0957
-46.5735
-46.015
-45.4163
-44.7728
-44.0796
-43.3307
-42.5198
-41.6393
-40.6806
-39.634
-38.4886
-37.2317
-35.8493
-34.3254
-32.6424
-30.7812
-28.7211
-26.4408
-23.9191
-21.1373
-18.081
-14.744
-11.1329
-7.27202
-3.2085
0.985218
5.21226
9.35762
13.2999
16.9263
20.1467
22.9037
25.1757
26.973
28.3301
29.2955
29.9238
30.2686
30.3787
30.296
30.0556
29.6857
29.2091
28.6436
28.0036
27.3004
26.5431
25.7394
24.8953
24.0163
23.1066
22.1704
21.2109
20.2313
19.2342
18.2222
17.1974
16.1619
15.1174
14.0657
13.0083
11.9466
10.8821
9.81578
8.74881
7.68213
6.6166
5.55299
4.49199
3.43423
2.38024
1.33051
0.285447
-0.754572
-1.78924
-2.81828
-3.84147
-4.85864
-5.86964
-6.87436
-7.87272
-8.86467
-9.8502
-10.8293
-11.802
-12.7684
-13.7286
-14.6826
-15.6307
-16.5728
-17.5093
-18.4403
-19.3661
-20.2869
-21.2031
-22.1149
-23.0227
-23.9269
-24.8279
-25.7264
-26.6227
-27.5175
-28.4114
-29.3051
-30.1995
-31.0952
-31.9933
-32.8947
-33.8004
-34.7116
-35.6293
-36.555
-37.4898
-38.4351
-39.3925
-40.3633
-41.349
-42.351
-43.371
-44.4101
-45.4697
-46.5508
-47.6544
-48.7808
-49.9303
-51.1024
-52.2961
-53.5095
-54.7399
-55.9837
-57.236
-58.4909
-59.7415
-60.9798
-62.1969
-63.3835
-64.5302
-65.6278
-66.6679
-67.6435
-68.5489
-69.3805
-70.1365
-70.8171
-71.4242
-71.9611
-72.4322
-72.8426
-73.1978
-73.5035
-73.7653
-73.9885
-74.1778
-74.3379
-74.4727
-74.5857
-74.6802
-74.7587
-74.8237
-74.8771
-74.9208
-74.956
-74.9842
-75.0064
-75.0234
-75.0361
-75.045
-75.0508
-75.0539
-75.0547
-75.0536
-75.0508
-75.0465
-75.041
-75.0345
-75.027
-75.0188
-75.0099
-75.0004
-74.9905
-74.9801
-74.9693
-74.9582
-74.9468
-74.9351
-74.9233
-74.9112
-74.899
-74.8867
-74.8742
-74.8616
-74.8489
-74.8361
-74.8232
-74.8103
-74.7973
-74.7842
-74.7711
-74.7579
-74.7447
-74.7315
-74.7182
-74.7049
-74.6915
-74.6782
-74.6647
-74.6513
-74.6379
-74.6244
-74.6109
-74.5974
-74.5838
-74.5703
-74.5567
-74.5431
-74.5294
-74.5158
-74.5022
-74.4885
-74.4748
-74.4611
-74.4474
-74.4336
-74.4199
-74.4061
-74.3923
-74.3785
-74.3647
-74.3508
-74.337
-74.3231
-74.3092
-74.2953
-74.2814
-74.2675
-74.2535
-74.2396
-74.2256
-74.2116
-74.1975
-74.1835
-74.1695
-74.1544
-74.1375
-74.1185
-74.0971
-74.0725
-74.044
-74.0113
-73.9744
-73.9335
-73.889
-73.841
-73.7899
-73.7361
-73.6791
-73.6185
-73.5543
-73.4863
-73.4148
-73.3401
-73.2623
-73.1818
-73.0989
-73.0138
-72.9268
-72.8381
-72.7481
-72.6569
-72.5647
-72.4718
-72.3783
-72.2843
-72.19
-72.0956
-72.0012
-71.9068
-71.8127
-71.7188
-71.6253
-71.5322
-71.4396
-71.3476
-71.2563
-71.1656
-71.0757
-70.9865
-70.8981
-70.8106
-70.724
-70.6382
-70.5534
-70.4695
-70.3866
-70.3047
-70.2237
-70.1437
-70.0648
-69.9868
-69.9099
-69.834
-69.7591
-69.6853
-69.6125
-69.5407
-69.47
-69.4003
-69.3316
-69.2639
-69.1973
-69.1317
-69.067
-69.0034
-68.9408
-68.8792
-68.8186
-68.7589
-68.7002
-68.6425
-68.5858
-68.5299
-68.4751
-68.4211
-68.3681
-68.316
-68.2648
-68.2146
-68.1652
-68.1166
-68.069
-68.0222
-67.9763
-67.9312
-67.887
-67.8436
-67.801
-67.7592
-67.7182
-67.678
-67.6386
-67.6
-67.5621
-67.525
-67.4886
-67.453
-67.4181
-67.3839
-67.3504
-67.3177
-67.2856
-67.2542
-67.2235
-67.1935
-67.1641
-67.1354
-67.1073
-67.0798
-67.053
-67.0268
-67.0013
-66.9763
-66.9519
-66.9281
-66.9049
-66.8816
-66.8574
-66.832
-66.8051
-66.7765
-66.7462
-66.7142
-66.6806
-66.6455
-66.6089
-66.5711
-66.532
-66.4919
-66.4508
-66.4088
-66.3661
-66.3227
-66.2787
-66.2343
-66.1895
-66.1444
-66.0991
-66.0537
-66.0082
-65.9626
-65.9171
-65.8717
-65.8265
-65.7815
-65.7367
-65.6922
-65.648
-65.6042
-65.5608
-65.5178
-65.4752
-65.4332
-65.3916
-65.3506
-65.3101
-65.2702
-65.2309
-65.1921
-65.154
-65.1165
-65.0796
-65.0434
-65.0078
-64.9729
-64.9387
-64.9051
-64.8722
-64.84
-64.8084
-64.7776
-64.7474
-64.718
-64.6892
-64.6612
-64.6338
-64.6071
-64.5811
-64.5558
-64.5312
-64.5073
-64.4841
-64.4615
-64.4397
-64.4185
-64.398
-64.3781
-64.3589
-64.3404
-64.3226
-64.3054
-64.2888
-64.2729
-64.2576
-64.243
-64.2289
-64.2156
-64.2028
-64.1906
-64.1791
-64.1681
-64.1578
-64.148
-64.1388
-64.1302
-64.1222
-64.1147
-64.1078
-64.1014
-64.0956
-64.0904
-64.0856
-64.0814
-64.0778
-64.0746
-64.0719
-64.0698
-64.0681
-64.067
-64.0663
-64.0661
-64.0664
-64.0671
-64.0683
-64.0699
-64.072
-64.0745
-64.0775
-64.0809
-64.0847
-64.0889
-64.0935
-64.0985
-64.1039
-64.1097
-64.1158
-64.1224
-64.1293
-64.1365
-64.1442
-64.1521
-64.1604
-64.169
-64.178
-64.1873
-64.1969
-64.2068
-64.217
-64.2275
-64.2382
-64.2493
-64.2606
-64.2722
-64.2841
-64.2962
-64.3086
-64.3212
-64.3341
-64.3471
-64.3604
-64.374
-64.3877
-64.4017
-64.4158
-64.4301
-64.4447
-64.4594
-64.4743
-64.4894
-64.5046
-64.52
-64.5355
-64.5512
-64.5671
-64.583
-64.5991
-64.6154
-64.6317
-64.6482
-64.6648
-64.6815
-64.6983
-64.7152
-64.7322
-64.7492
-64.7664
-64.7836
-64.8009
-64.8183
-64.8357
-64.8532
-64.8708
-64.8884
-64.906
-64.9237
-64.9414
-64.9591
-64.9769
-64.9947
-65.0126
-65.0304
-65.0473
-65.0623
-65.075
-65.0851
-65.0925
-65.0971
-65.0991
-65.0986
-65.0956
-65.0903
-65.0827
-65.0731
-65.0615
-65.0481
-65.033
-65.0162
-64.998
-64.9783
-64.9573
-64.9351
-64.9118
-64.8874
-64.8621
-64.8358
-64.8088
-64.781
-64.7525
-64.7235
-64.6938
-64.6637
-64.6331
-64.6022
-64.5709
-64.5393
-64.5075
-64.4755
-64.4433
-64.411
-64.3787
-64.3463
-64.3138
-64.2814
-64.249
-64.2167
-64.1846
-64.1525
-64.1206
-64.0889
-64.0574
-64.0261
-63.995
-63.9642
-63.9337
-63.9035
-63.8736
-63.844
-63.8147
-63.7858
-63.7573
-63.7291
-63.7014
-63.674
-63.647
-63.6205
-63.5944
-63.5687
-63.5434
-63.5186
-63.4943
-63.4704
-63.447
-63.424
-63.4015
-63.3795
-63.358
-63.337
-63.3165
-63.2955
-63.2732
-63.2491
-63.2231
-63.1951
-63.165
-63.1329
-63.0989
-63.063
-63.0255
-62.9865
-62.9459
-62.904
-62.8608
-62.8165
-62.7711
-62.7248
-62.6775
-62.6295
-62.5807
-62.5313
-62.4813
-62.4308
-62.3799
-62.3285
-62.2769
-62.2249
-62.1727
-62.1204
-62.0679
-62.0153
-61.9627
-61.91
-61.8574
-61.8049
-61.7524
-61.7
-61.6478
-61.5957
-61.5439
-61.4923
-61.4409
-61.3898
-61.339
-61.2884
-61.2382
-61.1884
-61.1389
-61.0897
-61.0409
-60.9926
-60.9446
-60.8971
-60.8499
-60.8026
-60.7544
-60.7048
-60.6536
-60.6007
-60.546
-60.4894
-60.431
-60.3709
-60.309
-60.2455
-60.1805
-60.1139
-60.046
-59.9768
-59.9064
-59.8348
-59.7621
-59.6884
-59.6137
-59.5382
-59.4617
-59.3845
-59.3065
-59.2278
-59.1484
-59.0684
-58.9877
-58.9056
-58.8213
-58.7345
-58.6448
-58.5524
-58.457
-58.3589
-58.2581
-58.1545
-58.0483
-57.9396
-57.8284
-57.7147
-57.5986
-57.4801
-57.3592
-57.2359
-57.1103
-56.9822
-56.8517
-56.7187
-56.5832
-56.4451
-56.3044
-56.1609
-56.0145
-55.8651
-55.7126
-55.5569
-55.3978
-55.2351
-55.0685
-54.8974
-54.7209
-54.5384
-54.3492
-54.153
-53.9494
-53.7379
-53.5181
-53.2897
-53.052
-52.8045
-52.5468
-52.278
-51.9975
-51.7045
-51.398
-51.0769
-50.7402
-50.3864
-50.0142
-49.6218
-49.2074
-48.769
-48.3041
-47.8102
-47.284
-46.7224
-46.1213
-45.4763
-44.7824
-44.0338
-43.2239
-42.3451
-41.3888
-40.345
-39.2022
-37.9475
-36.566
-35.0406
-33.3523
-31.48
-29.4003
-27.0886
-24.5195
-21.6689
-18.5163
-15.049
-11.2674
-7.19129
-2.86679
1.62911
6.18807
10.677
14.9521
18.8782
22.3476
25.2933
27.6931
29.5643
30.9525
31.9192
32.5303
32.8488
32.9301
32.8205
32.5574
32.1701
31.6813
31.1086
30.4657
29.763
29.0092
28.2109
27.3739
26.5027
25.6016
24.6739
23.7229
22.7513
21.7617
20.7564
19.7376
18.7071
17.6668
16.6184
15.5632
14.5029
13.4385
12.3714
11.3027
10.2332
9.16389
8.09563
7.02915
5.9651
4.9041
3.84668
2.79331
1.74442
0.700381
-0.33849
-1.37191
-2.39966
-3.42152
-4.43735
-5.44703
-6.45045
-7.44755
-8.43831
-9.4227
-10.4008
-11.3725
-12.338
-13.2973
-14.2506
-15.198
-16.1396
-17.0756
-18.0061
-18.9315
-19.852
-20.7679
-21.6794
-22.5869
-23.4909
-24.3916
-25.2897
-26.1856
-27.08
-27.9733
-28.8663
-29.7598
-30.6545
-31.5513
-32.4511
-33.3551
-34.2642
-35.1796
-36.1026
-37.0344
-37.9765
-38.9302
-39.8971
-40.8786
-41.8762
-42.8916
-43.9261
-44.9811
-46.058
-47.1576
-48.2809
-49.4281
-50.5992
-51.7935
-53.0097
-54.2454
-55.4975
-56.7617
-58.0325
-59.3032
-60.5661
-61.8126
-63.0325
-64.2155
-65.3517
-66.4319
-67.4481
-68.3938
-69.2644
-70.0572
-70.7718
-71.4095
-71.9733
-72.4675
-72.8971
-73.268
-73.5859
-73.8568
-74.0863
-74.2796
-74.4416
-74.5765
-74.6882
-74.78
-74.8549
-74.9154
-74.9637
-75.0015
-75.0306
-75.0523
-75.0676
-75.0776
-75.083
-75.0847
-75.0831
-75.0787
-75.072
-75.0633
-75.0529
-75.0411
-75.0281
-75.0141
-74.9992
-74.9835
-74.9673
-74.9505
-74.9332
-74.9156
-74.8976
-74.8794
-74.8609
-74.8423
-74.8235
-74.8045
-74.7855
-74.7663
-74.7471
-74.7279
-74.7086
-74.6892
-74.6699
-74.6505
-74.6311
-74.6117
-74.5923
-74.573
-74.5536
-74.5343
-74.515
-74.4957
-74.4764
-74.4572
-74.4379
-74.4188
-74.3996
-74.3805
-74.3614
-74.3424
-74.3233
-74.3044
-74.2854
-74.2665
-74.2476
-74.2288
-74.21
-74.1913
-74.1726
-74.1539
-74.1352
-74.1167
-74.0981
-74.0796
-74.0611
-74.0426
-74.0242
-74.0059
-73.9875
-73.9693
-73.951
-73.9328
-73.9146
-73.8965
-73.8784
-73.8603
-73.8423
-73.8243
-73.8063
-73.7884
-73.7705
-73.7527
-73.7349
-73.7171
-73.6994
-73.6817
-73.664
-73.6464
-73.6288
-73.6112
-73.5937
-73.5762
-73.5587
-73.5413
-73.5239
-73.5065
-73.4892
-73.4719
-73.4546
-73.4374
-73.4202
-73.403
-73.3859
-73.3688
-73.3517
-73.3346
-73.3176
-73.3006
-73.2836
-73.2667
-73.2498
-73.2329
-73.2161
-73.1992
-73.1824
-73.1657
-73.1489
-73.1322
-73.1155
-73.0988
-73.0822
-73.0656
-73.049
-73.0324
-73.0158
-72.9993
-72.9828
-72.9663
-72.9499
-72.9334
-72.917
-72.9006
-72.8842
-72.8679
-72.8515
-72.8352
-72.8189
-72.8027
-72.7864
-72.7702
-72.754
-72.7378
-72.7216
-72.7054
-72.6893
-72.6731
-72.657
-72.6409
-72.624
-72.6057
-72.5854
-72.5629
-72.5381
-72.5109
-72.4814
-72.4498
-72.416
-72.3803
-72.3428
-72.3036
-72.2627
-72.2205
-72.1769
-72.1322
-72.0864
-72.0396
-71.9919
-71.9435
-71.8944
-71.8447
-71.7945
-71.7438
-71.6928
-71.6404
-71.5858
-71.5286
-71.4685
-71.4057
-71.3401
-71.2721
-71.2016
-71.1291
-71.0545
-70.9783
-70.9004
-70.8212
-70.7407
-70.6592
-70.5768
-70.4936
-70.4097
-70.3254
-70.2406
-70.1556
-70.0704
-69.9851
-69.8998
-69.8145
-69.7295
-69.6446
-69.5601
-69.4759
-69.3921
-69.3088
-69.226
-69.1437
-69.0621
-68.9811
-68.9008
-68.8212
-68.7423
-68.6642
-68.5869
-68.5104
-68.4347
-68.3599
-68.286
-68.2129
-68.1408
-68.0695
-67.9992
-67.9298
-67.8613
-67.7938
-67.7272
-67.6616
-67.5969
-67.5332
-67.4705
-67.4087
-67.3479
-67.288
-67.2291
-67.1711
-67.1141
-67.0581
-67.003
-66.9488
-66.8956
-66.8426
-66.7891
-66.7347
-66.679
-66.6219
-66.5633
-66.5032
-66.4417
-66.3789
-66.3149
-66.2497
-66.1827
-66.1135
-66.0416
-65.9668
-65.8891
-65.8086
-65.7255
-65.6397
-65.5516
-65.4613
-65.3691
-65.275
-65.1793
-65.0822
-64.9839
-64.8845
-64.7843
-64.6833
-64.5817
-64.4797
-64.3774
-64.2748
-64.1723
-64.0697
-63.9673
-63.8651
-63.7633
-63.6618
-63.5608
-63.4603
-63.3605
-63.2613
-63.1628
-63.0651
-62.9681
-62.8721
-62.7768
-62.6816
-62.5856
-62.4884
-62.3898
-62.2897
-62.1882
-62.0854
-61.9814
-61.8763
-61.7703
-61.6634
-61.5558
-61.4477
-61.3391
-61.2301
-61.1208
-61.0114
-60.9018
-60.7922
-60.6826
-60.5731
-60.4637
-60.3546
-60.2456
-60.1369
-60.0285
-59.9203
-59.8125
-59.7051
-59.598
-59.4913
-59.3849
-59.2789
-59.1732
-59.0679
-58.9629
-58.8583
-58.7539
-58.6499
-58.5461
-58.4426
-58.3392
-58.2361
-58.1332
-58.0303
-57.9276
-57.8249
-57.7222
-57.6196
-57.5168
-57.4139
-57.3109
-57.2077
-57.1041
-57.0003
-56.8961
-56.7915
-56.6864
-56.5807
-56.4743
-56.3673
-56.2595
-56.1509
-56.0413
-55.9307
-55.8189
-55.706
-55.5917
-55.4761
-55.3589
-55.2401
-55.1195
-54.997
-54.8725
-54.7458
-54.6168
-54.4852
-54.351
-54.2139
-54.0737
-53.9303
-53.7833
-53.6326
-53.4778
-53.3188
-53.1551
-52.9864
-52.8125
-52.6328
-52.447
-52.2547
-52.0553
-51.8484
-51.6332
-51.4093
-51.1759
-50.9322
-50.6774
-50.4106
-50.1307
-49.8368
-49.5275
-49.2015
-48.8572
-48.4931
-48.1072
-47.6974
-47.2615
-46.7967
-46.3002
-45.7687
-45.1985
-44.5853
-43.9244
-43.2104
-42.4372
-41.598
-40.6848
-39.6888
-38.5998
-37.4064
-36.0959
-34.654
-33.0647
-31.3108
-29.3737
-27.2341
-24.8729
-22.2723
-19.4181
-16.3023
-12.9266
-9.30721
-5.479
-1.49868
2.55451
6.58222
10.4751
14.1245
17.4358
20.339
22.7951
24.7957
26.3588
27.5205
28.3274
28.829
29.0733
29.1033
28.9563
28.6633
28.2495
27.7354
27.1373
26.4683
25.7393
24.9587
24.1338
23.2706
22.3742
21.449
20.4988
19.527
18.5366
17.5303
16.5104
15.4792
14.4386
13.3904
12.3362
11.2776
10.2157
9.15195
8.08731
7.0228
5.9593
4.89762
3.83845
2.78242
1.73011
0.681996
-0.361489
-1.39997
-2.43313
-3.4607
-4.48246
-5.49821
-6.50783
-7.51119
-8.50824
-9.49891
-10.4832
-11.4611
-12.4327
-13.3981
-14.3573
-15.3104
-16.2576
-17.1991
-18.1351
-19.0657
-19.9912
-20.912
-21.8283
-22.7404
-23.6489
-24.554
-25.4564
-26.3564
-27.2548
-28.1521
-29.0491
-29.9464
-30.845
-31.7456
-32.6494
-33.5572
-34.4703
-35.3897
-36.3168
-37.2529
-38.1994
-39.1576
-40.1292
-41.1155
-42.1181
-43.1386
-44.1783
-45.2387
-46.3208
-47.4256
-48.5539
-49.7059
-50.8813
-52.0792
-53.2982
-54.5356
-55.7879
-57.0507
-58.3182
-59.5835
-60.8386
-62.0747
-63.2824
-64.452
-65.5739
-66.6393
-67.6406
-68.5718
-69.4286
-70.2088
-70.9124
-71.5408
-72.0973
-72.5861
-73.0125
-73.3821
-73.7006
-73.9736
-74.2068
-74.4051
-74.5731
-74.7149
-74.8344
-74.9346
-75.0184
-75.0882
-75.1461
-75.1938
-75.2329
-75.2647
-75.2903
-75.3105
-75.3254
-75.335
-75.3396
-75.3396
-75.3357
-75.3282
-75.3178
-75.3047
-75.2894
-75.2723
-75.2535
-75.2333
-75.2121
-75.1898
-75.1668
-75.143
-75.1187
-75.0939
-75.0687
-75.0432
-75.0175
-74.9915
-74.9654
-74.9391
-74.9128
-74.8863
-74.8599
-74.8334
-74.8069
-74.7805
-74.754
-74.7276
-74.7013
-74.675
-74.6487
-74.6226
-74.5965
-74.5705
-74.5445
-74.5187
-74.4929
-74.4673
-74.4417
-74.4162
-74.3908
-74.3655
-74.3404
-74.3153
-74.2903
-74.2654
-74.2406
-74.2159
-74.1913
-74.1668
-74.1424
-74.1181
-74.0939
-74.0698
-74.0458
-74.0219
-73.9981
-73.9744
-73.9508
-73.9272
-73.9038
-73.8805
-73.8573
-73.8341
-73.8111
-73.7881
-73.7653
-73.7425
-73.7198
-73.6973
-73.6748
-73.6524
-73.63
-73.6078
-73.5857
-73.5636
-73.5417
-73.5198
-73.498
-73.4763
-73.4547
-73.4332
-73.4117
-73.3903
-73.3691
-73.3479
-73.3267
-73.3057
-73.2847
-73.2639
-73.2431
-73.2224
-73.2017
-73.1811
-73.1607
-73.1403
-73.1199
-73.0997
-73.0795
-73.0594
-73.0393
-73.0194
-72.9995
-72.9797
-72.9599
-72.9403
-72.9207
-72.9011
-72.8817
-72.8623
-72.8429
-72.8237
-72.8045
-72.7854
-72.7663
-72.7473
-72.7284
-72.7095
-72.6907
-72.672
-72.6533
-72.6347
-72.6161
-72.5976
-72.5792
-72.5608
-72.5425
-72.5243
-72.5061
-72.4879
-72.4698
-72.4518
-72.4338
-72.4159
-72.3981
-72.3803
-72.3625
-72.3448
-72.3272
-72.3096
-72.292
-72.2745
-72.2571
-72.2397
-72.2223
-72.205
-72.1878
-72.1706
-72.1534
-72.1363
-72.1193
-72.1022
-72.0853
-72.0683
-72.0514
-72.0346
-72.0178
-72.001
-71.9843
-71.9676
-71.951
-71.9344
-71.9179
-71.9013
-71.8849
-71.8684
-71.852
-71.8356
-71.8193
-71.803
-71.7868
-71.7705
-71.7543
-71.7382
-71.7221
-71.706
-71.6899
-71.6739
-71.6579
-71.6419
-71.626
-71.6101
-71.5942
-71.5784
-71.5626
-71.5468
-71.531
-71.5153
-71.4996
-71.4839
-71.4682
-71.4526
-71.437
-71.4214
-71.4059
-71.3904
-71.3749
-71.3594
-71.3439
-71.3285
-71.3131
-71.2977
-71.2823
-71.2669
-71.2516
-71.2363
-71.221
-71.2057
-71.1905
-71.1753
-71.16
-71.1448
-71.1297
-71.1145
-71.0994
-71.0842
-71.0691
-71.054
-71.0389
-71.0239
-71.0088
-70.9938
-70.9788
-70.9638
-70.9488
-70.9338
-70.9188
-70.9039
-70.8889
-70.874
-70.8591
-70.8442
-70.8293
-70.8144
-70.7995
-70.7847
-70.7698
-70.755
-70.7402
-70.7253
-70.7105
-70.6957
-70.6809
-70.6662
-70.6514
-70.6366
-70.6219
-70.6071
-70.5924
-70.5776
-70.5629
-70.5482
-70.5335
-70.5188
-70.5041
-70.4894
-70.4747
-70.4601
-70.4454
-70.4307
-70.4161
-70.4014
-70.3868
-70.3721
-70.3575
-70.3429
-70.3283
-70.3136
-70.299
-70.2844
-70.2698
-70.2552
-70.2406
-70.226
-70.2114
-70.1969
-70.1823
-70.1677
-70.1531
-70.1386
-70.124
-70.1095
-70.0949
-70.0804
-70.0658
-70.0513
-70.0367
-70.0222
-70.0077
-69.9931
-69.9786
-69.9641
-69.9496
-69.935
-69.9205
-69.906
-69.8915
-69.877
-69.8625
-69.848
-69.8335
-69.819
-69.8045
-69.79
-69.7756
-69.7611
-69.7466
-69.7321
-69.7176
-69.7032
-69.6887
-69.6742
-69.6598
-69.6453
-69.6309
-69.6164
-69.602
-69.5875
-69.5731
-69.5586
-69.5442
-69.5298
-69.5154
-69.5009
-69.4865
-69.4721
-69.4577
-69.4433
-69.4289
-69.4145
-69.4001
-69.3857
-69.3713
-69.3569
-69.3425
-69.3281
-69.3137
-69.2994
-69.285
-69.2706
-69.2563
-69.2419
-69.2276
-69.2132
-69.1989
-69.1845
-69.1702
-69.1559
-69.1416
-69.1272
-69.1129
-69.0986
-69.0843
-69.07
-69.0557
-69.0414
-69.0272
-69.0129
-68.9986
-68.9844
-68.9701
-68.9559
-68.9416
-68.9274
-68.9124
-68.8959
-68.8773
-68.8564
-68.8329
-68.8067
-68.7778
-68.7462
-68.712
-68.6752
-68.636
-68.5934
-68.5465
-68.4949
-68.4385
-68.3772
-68.3111
-68.2404
-68.1652
-68.0859
-68.0019
-67.9125
-67.8177
-67.7171
-67.611
-67.4993
-67.3824
-67.2603
-67.1335
-67.002
-66.8663
-66.7266
-66.5831
-66.4361
-66.2859
-66.1328
-65.9769
-65.8186
-65.658
-65.4953
-65.3308
-65.1647
-64.9961
-64.8243
-64.649
-64.4702
-64.2878
-64.1021
-63.9132
-63.7213
-63.5267
-63.3296
-63.1302
-62.9287
-62.7253
-62.5194
-62.3106
-62.0986
-61.8831
-61.6642
-61.4419
-61.2162
-60.9872
-60.7551
-60.5199
-60.2817
-60.0407
-59.7969
-59.5504
-59.3011
-59.0491
-58.7943
-58.5368
-58.2763
-58.0129
-57.7464
-57.4765
-57.2031
-56.9259
-56.6446
-56.3588
-56.0683
-55.7725
-55.4709
-55.1631
-54.8483
-54.526
-54.1952
-53.8553
-53.5052
-53.1438
-52.77
-52.3825
-51.9798
-51.5602
-51.1219
-50.6628
-50.1805
-49.6724
-49.1355
-48.5664
-47.9611
-47.3152
-46.6235
-45.8801
-45.0783
-44.2101
-43.2664
-42.2366
-41.1083
-39.867
-38.4959
-36.9755
-35.283
-33.3923
-31.2737
-28.8939
-26.2167
-23.2046
-19.8212
-16.0367
-11.8353
-7.22574
-2.25347
2.98778
8.35177
13.6478
18.6649
23.2062
27.1245
30.3436
32.8599
34.7279
36.0359
36.8842
37.3684
37.5709
37.5576
37.3786
37.0712
36.6624
36.1717
35.6132
34.9971
34.3312
33.6215
32.8728
32.0889
31.2732
30.4287
29.5579
28.6633
27.747
26.8112
25.8577
24.8883
23.9049
22.9089
21.902
20.8855
19.8607
18.8291
17.7917
16.7497
15.7042
14.656
13.6061
12.5553
11.5045
10.4542
9.40524
8.35812
7.31339
6.27157
5.23308
4.19832
3.16766
2.14141
1.11984
0.103199
-0.908314
-1.91452
-2.91528
-3.91047
-4.90001
-5.88383
-6.86188
-7.83416
-8.80065
-9.76138
-10.7164
-11.6658
-12.6095
-13.5478
-14.4808
-15.4085
-16.3311
-17.2489
-18.1619
-19.0705
-19.9749
-20.8754
-21.7723
-22.6659
-23.5566
-24.4448
-25.3311
-26.2158
-27.0997
-27.9832
-28.8671
-29.7522
-30.6391
-31.5288
-32.4223
-33.3205
-34.2245
-35.1355
-36.0548
-36.9837
-37.9235
-38.8757
-39.8418
-40.8234
-41.822
-42.8392
-43.8765
-44.9353
-46.017
-47.1227
-48.2531
-49.4088
-50.5897
-51.795
-53.0235
-54.2729
-55.5397
-56.8196
-58.1069
-59.3946
-60.6745
-61.9376
-63.1739
-64.3731
-65.5249
-66.6198
-67.6494
-68.6068
-69.4872
-70.2881
-71.0089
-71.6513
-72.2184
-72.7148
-73.146
-73.518
-73.8369
-74.109
-74.3398
-74.5349
-74.6992
-74.837
-74.9521
-75.048
-75.1276
-75.1933
-75.2473
-75.2914
-75.3272
-75.3559
-75.3787
-75.3965
-75.41
-75.4199
-75.4268
-75.4311
-75.4333
-75.4335
-75.4322
-75.4296
-75.4258
-75.4211
-75.4155
-75.4091
-75.4022
-75.3947
-75.3868
-75.3784
-75.3697
-75.3607
-75.3515
-75.342
-75.3323
-75.3224
-75.3123
-75.3022
-75.2918
-75.2814
-75.2708
-75.2602
-75.2494
-75.2386
-75.2277
-75.2168
-75.2057
-75.1946
-75.1835
-75.1722
-75.161
-75.1496
-75.1383
-75.1268
-75.1154
-75.1038
-75.0923
-75.0807
-75.069
-75.0573
-75.0456
-75.0338
-75.022
-75.0101
-74.9982
-74.9863
-74.9743
-74.9623
-74.9502
-74.9381
-74.926
-74.9138
-74.9016
-74.8893
-74.877
-74.8647
-74.8523
-74.8398
-74.8274
-74.8149
-74.8023
-74.7897
-74.7771
-74.7645
-74.7518
-74.739
-74.7253
-74.7097
-74.692
-74.6719
-74.6495
-74.625
-74.5984
-74.5699
-74.5397
-74.508
-74.475
-74.4408
-74.4055
-74.3693
-74.3323
-74.2946
-74.2563
-74.2175
-74.1783
-74.1387
-74.0988
-74.0586
-74.0183
-73.9778
-73.9373
-73.8967
-73.856
-73.8154
-73.7748
-73.7343
-73.6939
-73.6536
-73.6134
-73.5733
-73.5334
-73.4937
-73.4542
-73.4148
-73.3757
-73.3367
-73.298
-73.2595
-73.2213
-73.1832
-73.1455
-73.1079
-73.0706
-73.0336
-72.9968
-72.9603
-72.924
-72.888
-72.8522
-72.8167
-72.7814
-72.7464
-72.7117
-72.6772
-72.643
-72.6091
-72.5754
-72.5419
-72.5087
-72.4758
-72.4431
-72.4107
-72.3785
-72.3465
-72.3148
-72.2834
-72.2522
-72.2212
-72.1905
-72.1601
-72.1298
-72.0998
-72.07
-72.0405
-72.0101
-71.9781
-71.9439
-71.9073
-71.8684
-71.8271
-71.7835
-71.7379
-71.6904
-71.6411
-71.5902
-71.538
-71.4844
-71.4297
-71.3739
-71.3173
-71.2599
-71.2018
-71.1432
-71.0841
-71.0246
-70.9648
-70.9048
-70.8446
-70.7844
-70.724
-70.6638
-70.6036
-70.5435
-70.4836
-70.4238
-70.3644
-70.3052
-70.2464
-70.1878
-70.1297
-70.072
-70.0146
-69.9578
-69.9013
-69.8454
-69.79
-69.7351
-69.6807
-69.6268
-69.5735
-69.5207
-69.4685
-69.4169
-69.3659
-69.3155
-69.2656
-69.2164
-69.1677
-69.1196
-69.0722
-69.0254
-68.9791
-68.9335
-68.8885
-68.8441
-68.8003
-68.7564
-68.7116
-68.6655
-68.6178
-68.5684
-68.5171
-68.4641
-68.4093
-68.3529
-68.295
-68.2356
-68.1749
-68.1131
-68.0502
-67.9856
-67.9187
-67.8492
-67.7768
-67.7016
-67.6225
-67.5389
-67.4505
-67.3571
-67.259
-67.1564
-67.0496
-66.9389
-66.8245
-66.707
-66.5864
-66.4633
-66.3378
-66.2103
-66.081
-65.9502
-65.818
-65.6849
-65.5508
-65.4161
-65.281
-65.1455
-65.0099
-64.8743
-64.7389
-64.6038
-64.4684
-64.3321
-64.1947
-64.0559
-63.9157
-63.7742
-63.6313
-63.4873
-63.3423
-63.1965
-63.05
-62.9029
-62.7554
-62.6077
-62.4598
-62.312
-62.1643
-62.0168
-61.8697
-61.723
-61.5769
-61.4313
-61.2863
-61.142
-60.9985
-60.8558
-60.7138
-60.5727
-60.4325
-60.293
-60.1545
-60.0168
-59.88
-59.744
-59.6088
-59.4745
-59.3409
-59.208
-59.0759
-58.9444
-58.8136
-58.6833
-58.5536
-58.4243
-58.2955
-58.167
-58.0389
-57.911
-57.7832
-57.6555
-57.5279
-57.4002
-57.2724
-57.1444
-57.016
-56.8872
-56.758
-56.6281
-56.4976
-56.3662
-56.2339
-56.1006
-55.9661
-55.8303
-55.693
-55.5542
-55.4137
-55.2712
-55.1267
-54.9799
-54.8307
-54.6788
-54.5241
-54.3663
-54.2052
-54.0405
-53.8719
-53.6991
-53.5218
-53.3397
-53.1524
-52.9594
-52.7603
-52.5548
-52.3421
-52.1219
-51.8934
-51.6561
-51.4091
-51.1517
-50.883
-50.6021
-50.3078
-49.9991
-49.6746
-49.3329
-48.9724
-48.5912
-48.1876
-47.7591
-47.3034
-46.8177
-46.2988
-45.7431
-45.1468
-44.5053
-43.8135
-43.0656
-42.255
-41.3743
-40.4148
-39.367
-38.22
-36.9613
-35.5771
-34.0519
-32.3687
-30.5089
-28.453
-26.181
-23.6735
-20.9137
-17.8896
-14.5977
-11.0472
-7.26426
-3.29678
0.784014
4.88486
8.89679
12.7061
16.2079
19.3189
21.9862
24.1896
25.9385
27.2644
28.2123
28.833
29.1767
29.2896
29.2119
28.9773
28.6132
28.142
27.5814
26.9456
26.2461
25.4922
24.6914
23.8502
22.9739
22.067
21.1336
20.1772
19.2009
18.2074
17.1993
16.1787
15.1477
14.1082
13.0619
12.0102
10.9545
9.89618
8.83627
7.77583
6.71577
5.65695
4.6001
3.54589
2.49491
1.44769
0.404684
-0.633708
-1.66714
-2.69532
-3.718
-4.73496
-5.74605
-6.75114
-7.75012
-8.74294
-9.72957
-10.71
-11.6843
-12.6524
-13.6145
-14.5706
-15.5209
-16.4655
-17.4046
-18.3384
-19.2672
-20.1911
-21.1106
-22.0259
-22.9374
-23.8454
-24.7506
-25.6533
-26.5541
-27.4536
-28.3524
-29.2514
-30.1513
-31.0529
-31.9571
-32.8651
-33.7778
-34.6964
-35.6222
-36.5564
-37.5004
-38.4557
-39.4238
-40.4062
-41.4045
-42.4203
-43.4551
-44.5103
-45.5874
-46.6876
-47.8117
-48.9604
-50.1339
-51.3316
-52.5525
-53.7947
-55.0553
-56.3302
-57.6145
-58.9015
-60.1839
-61.4529
-62.699
-63.9123
-65.0826
-66.2002
-67.2564
-68.2439
-69.1571
-69.9926
-70.7492
-71.4275
-72.0301
-72.5609
-73.0249
-73.4277
-73.7754
-74.0739
-74.329
-74.5462
-74.7305
-74.8863
-75.0177
-75.1282
-75.2208
-75.2983
-75.3628
-75.4164
-75.4606
-75.4969
-75.5265
-75.5503
-75.5693
-75.5842
-75.5956
-75.604
-75.6098
-75.6134
-75.6151
-75.6153
-75.6141
-75.6116
-75.6082
-75.6038
-75.5987
-75.593
-75.5866
-75.5798
-75.5725
-75.5648
-75.5568
-75.5485
-75.5399
-75.531
-75.522
-75.5127
-75.5033
-75.4938
-75.484
-75.4742
-75.4642
-75.4541
-75.4439
-75.4337
-75.4233
-75.4128
-75.4023
-75.3917
-75.381
-75.3702
-75.3594
-75.3484
-75.3375
-75.3264
-75.3153
-75.3042
-75.293
-75.2817
-75.2703
-75.259
-75.2475
-75.236
-75.2244
-75.2128
-75.2011
-75.1894
-75.1776
-75.1658
-75.1539
-75.142
-75.13
-75.1179
-75.1058
-75.0936
-75.0814
-75.0692
-75.0568
-75.0445
-75.032
-75.0196
-75.007
-74.9944
-74.9818
-74.9691
-74.9563
-74.9435
-74.9307
-74.9178
-74.9048
-74.8918
-74.8787
-74.8655
-74.8524
-74.8391
-74.8258
-74.8125
-74.7991
-74.7856
-74.7721
-74.7585
-74.7449
-74.7312
-74.7175
-74.7037
-74.6899
-74.676
-74.662
-74.648
-74.6339
-74.6198
-74.6056
-74.5914
-74.5771
-74.5628
-74.5484
-74.5339
-74.5194
-74.5049
-74.4903
-74.4756
-74.4609
-74.4461
-74.4313
-74.4164
-74.4014
-74.3864
-74.3714
-74.3562
-74.3411
-74.3259
-74.3106
-74.2952
-74.2799
-74.2644
-74.2489
-74.2334
-74.2178
-74.2021
-74.1864
-74.1706
-74.1548
-74.1389
-74.123
-74.107
-74.091
-74.0749
-74.0587
-74.0425
-74.0263
-74.01
-73.9936
-73.9772
-73.9608
-73.9442
-73.9277
-73.9111
-73.8944
-73.8777
-73.8609
-73.844
-73.8272
-73.8102
-73.7933
-73.7762
-73.7591
-73.742
-73.7248
-73.7076
-73.6903
-73.6729
-73.6556
-73.6381
-73.6206
-73.6031
-73.5855
-73.5679
-73.5502
-73.5325
-73.5147
-73.4969
-73.479
-73.4611
-73.4431
-73.4251
-73.407
-73.3889
-73.3708
-73.3526
-73.3343
-73.316
-73.2977
-73.2793
-73.2609
-73.2413
-73.2197
-73.1954
-73.1683
-73.1383
-73.1054
-73.0697
-73.0313
-72.9904
-72.9471
-72.9017
-72.8542
-72.8049
-72.7538
-72.7011
-72.6461
-72.5883
-72.5271
-72.4625
-72.3943
-72.3227
-72.2477
-72.1695
-72.0883
-72.0043
-71.9176
-71.8285
-71.7372
-71.6438
-71.5486
-71.4516
-71.3532
-71.2535
-71.1526
-71.0506
-70.9478
-70.8442
-70.74
-70.6353
-70.5303
-70.425
-70.3195
-70.2139
-70.1084
-70.0029
-69.8977
-69.7927
-69.688
-69.5837
-69.4799
-69.3766
-69.2739
-69.1718
-69.0703
-68.9696
-68.8696
-68.7704
-68.672
-68.5745
-68.4779
-68.3822
-68.2874
-68.1936
-68.1008
-68.0089
-67.9181
-67.8283
-67.7396
-67.6519
-67.5653
-67.4798
-67.3953
-67.312
-67.2297
-67.1486
-67.0686
-66.9896
-66.9118
-66.8351
-66.7596
-66.6851
-66.6118
-66.5395
-66.4684
-66.3984
-66.3295
-66.2616
-66.1949
-66.1293
-66.0647
-66.0012
-65.9388
-65.8775
-65.8172
-65.7571
-65.6961
-65.6339
-65.5702
-65.5048
-65.4377
-65.369
-65.2988
-65.2272
-65.1543
-65.0803
-65.0052
-64.9291
-64.8523
-64.7748
-64.6968
-64.6182
-64.5393
-64.4601
-64.3807
-64.3012
-64.2216
-64.142
-64.0625
-63.9832
-63.9041
-63.8253
-63.7468
-63.6686
-63.5908
-63.5135
-63.4367
-63.3604
-63.2846
-63.2094
-63.1348
-63.0609
-62.9876
-62.9149
-62.843
-62.7718
-62.7013
-62.6315
-62.5625
-62.4943
-62.4268
-62.3601
-62.2942
-62.2292
-62.1649
-62.1014
-62.0387
-61.9769
-61.9158
-61.8556
-61.7962
-61.7376
-61.6799
-61.623
-61.5669
-61.5116
-61.4572
-61.4035
-61.3507
-61.2987
-61.2475
-61.1972
-61.1476
-61.0989
-61.0509
-61.0038
-60.9575
-60.912
-60.8672
-60.8233
-60.7802
-60.7378
-60.6962
-60.6555
-60.6155
-60.5756
-60.5352
-60.4938
-60.4511
-60.406
-60.3578
-60.3058
-60.25
-60.1902
-60.1265
-60.059
-59.9879
-59.9133
-59.8354
-59.7544
-59.6705
-59.5837
-59.4943
-59.4024
-59.3082
-59.2116
-59.1129
-59.0122
-58.9095
-58.805
-58.6986
-58.5906
-58.4808
-58.3693
-58.2563
-58.1417
-58.0255
-57.9078
-57.7885
-57.6676
-57.5451
-57.4211
-57.2954
-57.168
-57.0389
-56.908
-56.7753
-56.6406
-56.5039
-56.3651
-56.2241
-56.0807
-55.9348
-55.7863
-55.635
-55.4808
-55.3235
-55.1629
-54.9987
-54.8307
-54.6588
-54.4825
-54.3016
-54.1158
-53.9247
-53.7279
-53.5251
-53.3158
-53.0994
-52.8755
-52.6434
-52.4025
-52.1521
-51.8915
-51.6197
-51.3359
-51.0389
-50.7277
-50.4009
-50.0572
-49.695
-49.3124
-48.9076
-48.4784
-48.0221
-47.5362
-47.0173
-46.462
-45.8662
-45.2253
-44.534
-43.7864
-42.9755
-42.0937
-41.1319
-40.0799
-38.9258
-37.6562
-36.2559
-34.7074
-32.9914
-31.0861
-28.9683
-26.6133
-23.996
-21.0935
-17.8871
-14.3672
-10.5386
-6.42708
-2.08553
2.40202
6.92173
11.3382
15.5098
19.3082
22.6357
25.4365
27.6982
29.4451
30.7266
31.6048
32.1445
32.4065
32.4435
32.2992
32.0088
31.5999
31.0938
30.5072
29.8528
29.1409
28.3794
27.5749
26.7329
25.858
24.954
24.0245
23.0725
22.1008
21.1118
20.1079
19.091
18.0631
17.026
15.9812
14.9303
13.8745
12.8151
11.7534
10.6902
9.62659
8.56342
7.50147
6.44144
5.38397
4.32964
3.27895
2.23235
1.19024
0.152972
-0.879158
-1.90589
-2.92702
-3.94235
-4.95175
-5.95511
-6.95236
-7.94343
-8.9283
-9.90698
-10.8795
-11.8459
-12.8062
-13.7606
-14.7092
-15.6521
-16.5894
-17.5214
-18.4482
-19.3701
-20.2874
-21.2004
-22.1094
-23.0148
-23.9169
-24.8162
-25.7133
-26.6087
-27.5029
-28.3967
-29.2907
-30.1858
-31.0828
-31.9825
-32.8861
-33.7945
-34.709
-35.6307
-36.561
-37.5012
-38.4528
-39.4172
-40.396
-41.3908
-42.4032
-43.4343
-44.4853
-45.5575
-46.6521
-47.7701
-48.9121
-50.0783
-51.2684
-52.4813
-53.7152
-54.9672
-56.2335
-57.509
-58.7875
-60.0614
-61.3224
-62.561
-63.7672
-64.9312
-66.0431
-67.0942
-68.0772
-68.9863
-69.8182
-70.5712
-71.2459
-71.8447
-72.3715
-72.8311
-73.229
-73.5714
-73.8641
-74.1129
-74.3233
-74.5005
-74.6488
-74.7725
-74.875
-74.9587
-75.0256
-75.0779
-75.1176
-75.1465
-75.1663
-75.1782
-75.1836
-75.1833
-75.1784
-75.1696
-75.1574
-75.1424
-75.125
-75.1057
-75.0847
-75.0623
-75.0387
-75.0141
-74.9888
-74.9621
-74.9336
-74.9033
-74.871
-74.837
-74.8013
-74.7642
-74.7259
-74.6865
-74.6462
-74.6051
-74.5634
-74.5213
-74.4787
-74.4358
-74.3927
-74.3494
-74.306
-74.2626
-74.2192
-74.1758
-74.1324
-74.0892
-74.0461
-74.0032
-73.9604
-73.9178
-73.8754
-73.8331
-73.7905
-73.7468
-73.7017
-73.6552
-73.6072
-73.5578
-73.5072
-73.4554
-73.4027
-73.3491
-73.2949
-73.24
-73.1848
-73.1292
-73.0733
-73.0173
-72.9612
-72.9051
-72.8491
-72.7932
-72.7374
-72.6818
-72.6264
-72.5714
-72.5166
-72.4621
-72.408
-72.3543
-72.3009
-72.248
-72.1954
-72.1433
-72.0916
-72.0404
-71.9896
-71.9393
-71.8894
-71.84
-71.7911
-71.7426
-71.6947
-71.6472
-71.6001
-71.5536
-71.5075
-71.4619
-71.4168
-71.3722
-71.328
-71.2843
-71.2411
-71.1984
-71.1561
-71.1143
-71.073
-71.0321
-70.9917
-70.9517
-70.9122
-70.8732
-70.8346
-70.7964
-70.7587
-70.7215
-70.6846
-70.6483
-70.6123
-70.5768
-70.5417
-70.507
-70.4728
-70.439
-70.4056
-70.3726
-70.34
-70.3078
-70.276
-70.2446
-70.2136
-70.183
-70.1528
-70.123
-70.0936
-70.0645
-70.0358
-70.0075
-69.9796
-69.952
-69.9239
-69.8944
-69.863
-69.8297
-69.7943
-69.7569
-69.7178
-69.6769
-69.6345
-69.5907
-69.5458
-69.4998
-69.4528
-69.4051
-69.3568
-69.3079
-69.2586
-69.209
-69.1591
-69.1091
-69.059
-69.0089
-68.9588
-68.9089
-68.8592
-68.8096
-68.7603

