-65
-64.9994
-64.9988
-64.9982
-64.9977
-64.9971
-64.9965
-64.996
-64.9954
-64.9949
-64.9943
-64.9938
-64.9932
-64.9927
-64.9922
-64.9917
-64.9912
-64.9906
-64.9901
-64.9896
-64.9891
-64.9886
-64.9881
-64.9876
-64.9872
-64.9867
-64.9862
-64.9857
-64.9852
-64.9848
-64.9843
-64.9838
-64.9834
-64.9829
-64.9825
-64.982
-64.9816
-64.9811
-64.9807
-64.9802
-64.9798
-64.9794
-64.9789
-64.9785
-64.9781
-64.9777
-64.9772
-64.9768
-64.9764
-64.976
-64.9756
-64.9752
-64.9748
-64.9744
-64.974
-64.9736
-64.9732
-64.9728
-64.9725
-64.9721
-64.9717
-64.9713
-64.971
-64.9706
-64.9702
-64.9699
-64.9695
-64.9692
-64.9688
-64.9685
-64.9681
-64.9678
-64.9675
-64.9671
-64.9668
-64.9665
-64.9661
-64.9658
-64.9655
-64.9652
-64.9649
-64.9646
-64.9642
-64.9639
-64.9636
-64.9633
-64.963
-64.9628
-64.9625
-64.9622
-64.9619
-64.9616
-64.9613
-64.9611
-64.9608
-64.9605
-64.9603
-64.96
-64.9598
-64.9595
-64.9592
-64.959
-64.9588
-64.9585
-64.9583
-64.958
-64.9578
-64.9576
-64.9573
-64.9571
-64.9569
-64.9567
-64.9565
-64.9562
-64.956
-64.9558
-64.9556
-64.9554
-64.9552
-64.955
-64.9548
-64.9546
-64.9545
-64.9543
-64.9541
-64.9539
-64.9537
-64.9536
-64.9534
-64.9532
-64.9531
-64.9529
-64.9527
-64.9526
-64.9524
-64.9523
-64.9521
-64.952
-64.9519
-64.9517
-64.9516
-64.9514
-64.9513
-64.9512
-64.9511
-64.9509
-64.9508
-64.9507
-64.9506
-64.9505
-64.9504
-64.9503
-64.9502
-64.95
-64.9499
-64.9499
-64.9498
-64.9497
-64.9496
-64.9495
-64.9494
-64.9493
-64.9492
-64.9492
-64.9491
-64.949
-64.9489
-64.9489
-64.9488
-64.9487
-64.9487
-64.9486
-64.9486
-64.9485
-64.9485
-64.9484
-64.9484
-64.9483
-64.9483
-64.9482
-64.9482
-64.9482
-64.9481
-64.9481
-64.9481
-64.948
-64.948
-64.948
-64.948
-64.948
-64.9479
-64.9479
-64.9479
-64.9479
-64.9479
-64.9479
-64.9479
-64.9479
-64.9479
-64.9479
-64.9479
-64.9479
-64.9479
-64.9479
-64.9479
-64.9479
-64.9479
-64.9479
-64.948
-64.948
-64.948
-64.948
-64.9481
-64.9481
-64.9481
-64.9481
-64.9482
-64.9482
-64.9482
-64.9483
-64.9483
-64.9483
-64.9484
-64.9484
-64.9485
-64.9485
-64.9486
-64.9486
-64.9487
-64.9487
-64.9488
-64.9488
-64.9489
-64.9489
-64.949
-64.9491
-64.9491
-64.9492
-64.9492
-64.9493
-64.9494
-64.9494
-64.9495
-64.9496
-64.9497
-64.9497
-64.9498
-64.9499
-64.95
-64.95
-64.9501
-64.9502
-64.9503
-64.9504
-64.9504
-64.9505
-64.9506
-64.9507
-64.9508
-64.9509
-64.951
-64.951
-64.9511
-64.9512
-64.9513
-64.9514
-64.9515
-64.9516
-64.9517
-64.9518
-64.9519
-64.952
-64.9521
-64.9522
-64.9523
-64.9524
-64.9525
-64.9526
-64.9527
-64.9528
-64.9529
-64.953
-64.9532
-64.9533
-64.9534
-64.9535
-64.9536
-64.9537
-64.9538
-64.9539
-64.954
-64.9542
-64.9543
-64.9544
-64.9545
-64.9546
-64.9547
-64.9548
-64.955
-64.9551
-64.9552
-64.9553
-64.9554
-64.9556
-64.9557
-64.9558
-64.9559
-64.956
-64.9562
-64.9563
-64.9564
-64.9565
-64.9566
-64.9568
-64.9569
-64.957
-64.9571
-64.9573
-64.9574
-64.9575
-64.9576
-64.9578
-64.9579
-64.958
-64.9581
-64.9583
-64.9584
-64.9585
-64.9587
-64.9588
-64.9589
-64.959
-64.9592
-64.9593
-64.9594
-64.9595
-64.9597
-64.9598
-64.9599
-64.96
-64.9602
-64.9603
-64.9604
-64.9606
-64.9607
-64.9608
-64.9609
-64.9611
-64.9612
-64.9613
-64.9614
-64.9616
-64.9617
-64.9618
-64.962
-64.9621
-64.9622
-64.9623
-64.9625
-64.9626
-64.9627
-64.9628
-64.963
-64.9631
-64.9632
-64.9633
-64.9635
-64.9636
-64.9637
-64.9638
-64.964
-64.9641
-64.9642
-64.9643
-64.9645
-64.9646
-64.9647
-64.9648
-64.9649
-64.9651
-64.9652
-64.9653
-64.9654
-64.9655
-64.9657
-64.9658
-64.9659
-64.966
-64.9661
-64.9663
-64.9664
-64.9665
-64.9666
-64.9667
-64.9668
-64.967
-64.9671
-64.9672
-64.9673
-64.9674
-64.9675
-64.9677
-64.9678
-64.9679
-64.968
-64.9681
-64.9682
-64.9683
-64.9684
-64.9685
-64.9687
-64.9688
-64.9689
-64.969
-64.9691
-64.9692
-64.9693
-64.9694
-64.9695
-64.9696
-64.9697
-64.9698
-64.9699
-64.97
-64.9701
-64.9702
-64.9703
-64.9704
-64.9705
-64.9706
-64.9707
-64.9708
-64.9709
-64.971
-64.9711
-64.9712
-64.9713
-64.9714
-64.9715
-64.9716
-64.9717
-64.9718
-64.9719
-64.972
-64.9721
-64.9722
-64.9722
-64.9723
-64.9724
-64.9725
-64.9726
-64.9727
-64.9728
-64.9729
-64.9729
-64.973
-64.9731
-64.9732
-64.9733
-64.9734
-64.9734
-64.9735
-64.9736
-64.9737
-64.9738
-64.9738
-64.9739
-64.974
-64.9741
-64.9741
-64.9742
-64.9743
-64.9744
-64.9744
-64.9745
-64.9746
-64.9747
-64.9747
-64.9748
-64.9749
-64.9749
-64.975
-64.9751
-64.9751
-64.9752
-64.9753
-64.9753
-64.9754
-64.9755
-64.9755
-64.9756
-64.9757
-64.9757
-64.9758
-64.9758
-64.9759
-64.976
-64.976
-64.9761
-64.9761
-64.9762
-64.9762
-64.9763
-64.9764
-64.9764
-64.9765
-64.9765
-64.9766
-64.9766
-64.9767
-64.9767
-64.9768
-64.9768
-64.9769
-64.9769
-64.977
-64.977
-64.9771
-64.9771
-64.9771
-64.9772
-64.9772
-64.9773
-64.9773
-64.9774
-64.9774
-64.9774
-64.9775
-64.9775
-64.9776
-64.9776
-64.9776
-64.9777
-64.9777
-64.9778
-64.9778
-64.9778
-64.9779
-64.9779
-64.9779
-64.978
-64.978
-64.978
-64.9781
-64.9781
-64.9781
-64.9781
-64.9782
-64.9782
-64.9782
-64.9783
-64.9783
-64.9783
-64.9783
-64.9784
-64.9784
-64.9784
-64.9784
-64.9785
-64.9785
-64.9785
-64.9785
-64.9785
-64.9786
-64.9786
-64.9786
-64.9786
-64.9786
-64.9787
-64.9787
-64.9787
-64.9787
-64.9787
-64.9787
-64.9787
-64.9788
-64.9788
-64.9788
-64.9788
-64.9788
-64.9788
-64.9788
-64.9789
-64.9789
-64.9789
-64.9789
-64.9789
-64.9789
-64.9789
-64.9789
-64.9789
-64.9789
-64.9789
-64.9789
-64.9789
-64.979
-64.979
-64.979
-64.979
-64.979
-64.979
-64.979
-64.979
-64.979
-64.979
-64.979
-64.979
-64.979
-64.979
-64.979
-64.979
-64.979
-64.979
-64.979
-64.979
-64.979
-64.979
-64.979
-64.979
-64.979
-64.979
-64.979
-64.9789
-64.9789
-64.9789
-64.9789
-64.9789
-64.9789
-64.9789
-64.9789
-64.9789
-64.9789
-64.9789
-64.9789
-64.9789
-64.9789
-64.9788
-64.9788
-64.9788
-64.9788
-64.9788
-64.9788
-64.9788
-64.9788
-64.9788
-64.9787
-64.9787
-64.9787
-64.9787
-64.9787
-64.9787
-64.9787
-64.9787
-64.9786
-64.9786
-64.9786
-64.9786
-64.9786
-64.9786
-64.9786
-64.9785
-64.9785
-64.9785
-64.9785
-64.9785
-64.9785
-64.9784
-64.9784
-64.9784
-64.9784
-64.9784
-64.9783
-64.9783
-64.9783
-64.9783
-64.9783
-64.9783
-64.9782
-64.9782
-64.9782
-64.9782
-64.9782
-64.9781
-64.9781
-64.9781
-64.9781
-64.9781
-64.978
-64.978
-64.978
-64.978
-64.9779
-64.9779
-64.9779
-64.9779
-64.9779
-64.9778
-64.9778
-64.9778
-64.9778
-64.9778
-64.9777
-64.9777
-64.9777
-64.9777
-64.9769
-64.9748
-64.9708
-64.9644
-64.9556
-64.9442
-64.9302
-64.9135
-64.8942
-64.8723
-64.848
-64.8212
-64.7921
-64.7608
-64.7273
-64.6918
-64.6543
-64.6149
-64.5737
-64.5308
-64.4864
-64.4403
-64.3929
-64.344
-64.2939
-64.2425
-64.1899
-64.1362
-64.0815
-64.0258
-63.9692
-63.9117
-63.8534
-63.7944
-63.7346
-63.6741
-63.613
-63.5513
-63.4891
-63.4263
-63.3631
-63.2994
-63.2354
-63.1709
-63.1061
-63.041
-62.9755
-62.9098
-62.8438
-62.7776
-62.7112
-62.6446
-62.5778
-62.5109
-62.4438
-62.3766
-62.3092
-62.2417
-62.1742
-62.1065
-62.0388
-61.9709
-61.903
-61.8351
-61.767
-61.6989
-61.6308
-61.5626
-61.4943
-61.426
-61.3576
-61.2892
-61.2207
-61.1521
-61.0834
-61.0147
-60.9459
-60.877
-60.808
-60.7389
-60.6697
-60.6004
-60.5309
-60.4613
-60.3915
-60.3216
-60.2515
-60.1812
-60.1106
-60.0398
-59.9688
-59.8969
-59.8234
-59.7478
-59.6698
-59.5892
-59.5059
-59.4199
-59.331
-59.2392
-59.1446
-59.0472
-58.9469
-58.8438
-58.7379
-58.6291
-58.5175
-58.403
-58.2857
-58.1654
-58.0421
-57.9158
-57.7864
-57.6538
-57.5179
-57.378
-57.2333
-57.0833
-56.9274
-56.7654
-56.5969
-56.4217
-56.2396
-56.0504
-55.8536
-55.6491
-55.4366
-55.2156
-54.9857
-54.7466
-54.497
-54.2358
-53.9615
-53.6719
-53.3651
-53.0395
-52.6936
-52.3257
-51.9345
-51.5182
-51.0748
-50.6024
-50.0983
-49.5598
-48.9835
-48.3656
-47.7016
-46.9862
-46.2134
-45.3759
-44.4654
-43.4721
-42.3844
-41.1888
-39.8691
-38.4064
-36.7782
-34.9587
-32.9182
-30.6229
-28.0348
-25.1132
-21.8163
-18.1054
-13.952
-9.34795
-4.31931
1.05884
6.65177
12.2666
17.6721
22.6365
26.9709
30.5632
33.3879
35.4933
36.9746
37.9451
38.5152
38.7799
38.8147
38.6767
38.4071
38.0353
37.5818
37.0613
36.484
35.8576
35.1879
34.4792
33.7353
32.9593
32.1539
31.3215
30.4644
29.5847
28.6842
27.7648
26.8282
25.8761
24.9101
23.9317
22.9422
21.943
20.9354
19.9206
18.8997
17.8738
16.8438
15.8108
14.7756
13.7389
12.7015
11.6642
10.6276
9.59233
8.55898
7.52804
6.49998
5.4752
4.45408
3.43696
2.42413
1.41584
0.412334
-0.586199
-1.57959
-2.56769
-3.5504
-4.52761
-5.49927
-6.46531
-7.42573
-8.3805
-9.32965
-10.2732
-11.2112
-12.1437
-13.0708
-13.9926
-14.9092
-15.8207
-16.7273
-17.6292
-18.5265
-19.4194
-20.3082
-21.1931
-22.0742
-22.952
-23.8268
-24.699
-25.5691
-26.4375
-27.3049
-28.1716
-29.0385
-29.9061
-30.7752
-31.6466
-32.5212
-33.3998
-34.2834
-35.1731
-36.07
-36.9753
-37.8901
-38.8157
-39.7535
-40.7047
-41.6707
-42.6528
-43.6522
-44.6702
-45.7077
-46.7656
-47.8446
-48.9449
-50.0664
-51.2083
-52.3696
-53.548
-54.7408
-55.9443
-57.1536
-58.3631
-59.5661
-60.7549
-61.9214
-63.057
-64.153
-65.2011
-66.1937
-67.1245
-67.9886
-68.7826
-69.505
-70.1561
-70.7376
-71.2524
-71.7045
-72.0986
-72.4398
-72.7332
-72.9841
-73.1973
-73.3775
-73.5289
-73.6554
-73.7604
-73.8469
-73.9175
-73.9746
-74.0202
-74.0559
-74.0833
-74.1036
-74.1179
-74.127
-74.1318
-74.133
-74.131
-74.1263
-74.1194
-74.1106
-74.1002
-74.0884
-74.0754
-74.0614
-74.0466
-74.0311
-74.015
-73.9977
-73.979
-73.9585
-73.9363
-73.9125
-73.8872
-73.8607
-73.8329
-73.8043
-73.7748
-73.7445
-73.7138
-73.6825
-73.6508
-73.6188
-73.5866
-73.5542
-73.5217
-73.489
-73.4564
-73.4237
-73.391
-73.3583
-73.3257
-73.2932
-73.2608
-73.2284
-73.1962
-73.1641
-73.1322
-73.1004
-73.0687
-73.0372
-73.0059
-72.9747
-72.9437
-72.9128
-72.8821
-72.8516
-72.8213
-72.7912
-72.7612
-72.7314
-72.7019
-72.6724
-72.6432
-72.6142
-72.5853
-72.5566
-72.5282
-72.4998
-72.4717
-72.4438
-72.4161
-72.3885
-72.3611
-72.3339
-72.3069
-72.2801
-72.2535
-72.227
-72.2008
-72.1747
-72.1488
-72.1231
-72.0975
-72.0722
-72.047
-72.022
-71.9972
-71.9726
-71.9481
-71.9239
-71.8998
-71.8758
-71.8521
-71.8285
-71.8051
-71.7819
-71.7589
-71.736
-71.7133
-71.6908
-71.6684
-71.6462
-71.6242
-71.6024
-71.5807
-71.5592
-71.5378
-71.5166
-71.4956
-71.4748
-71.4541
-71.4335
-71.4132
-71.3929
-71.3729
-71.353
-71.3333
-71.3137
-71.2942
-71.275
-71.2559
-71.2369
-71.2181
-71.1994
-71.1809
-71.1625
-71.1443
-71.1262
-71.1083
-71.0905
-71.0729
-71.0554
-71.038
-71.0208
-71.0037
-70.9868
-70.97
-70.9533
-70.9368
-70.9204
-70.9041
-70.888
-70.872
-70.8561
-70.8403
-70.8247
-70.8092
-70.7939
-70.7786
-70.7635
-70.7485
-70.7336
-70.7188
-70.7035
-70.687
-70.6688
-70.6487
-70.6267
-70.6027
-70.5767
-70.5488
-70.5192
-70.488
-70.4553
-70.4211
-70.3858
-70.3492
-70.3117
-70.2732
-70.234
-70.194
-70.1534
-70.1123
-70.0708
-70.0289
-69.9866
-69.9442
-69.9015
-69.8588
-69.816
-69.7731
-69.7303
-69.6876
-69.6449
-69.6024
-69.5601
-69.518
-69.4761
-69.4344
-69.393
-69.352
-69.3112
-69.2708
-69.2307
-69.191
-69.1517
-69.1127
-69.0742
-69.0361
-68.9984
-68.9611
-68.9242
-68.8878
-68.8518
-68.8163
-68.7812
-68.7466
-68.7125
-68.6788
-68.6455
-68.6127
-68.5804
-68.5486
-68.5172
-68.4862
-68.4558
-68.4258
-68.3962
-68.3671
-68.3385
-68.3103
-68.2826
-68.2553
-68.2284
-68.2021
-68.1761
-68.1506
-68.1255
-68.1008
-68.0766
-68.0528
-68.0294
-68.0064
-67.9839
-67.9617
-67.94
-67.9186
-67.8977
-67.8771
-67.857
-67.8372
-67.8178
-67.7988
-67.7801
-67.7618
-67.7439
-67.7263
-67.7091
-67.6923
-67.6758
-67.6596
-67.6438
-67.6283
-67.6131
-67.5983
-67.5837
-67.5695
-67.5557
-67.5421
-67.5288
-67.5158
-67.5032
-67.4908
-67.4787
-67.4669
-67.4554
-67.4441
-67.4332
-67.4225
-67.412
-67.4018
-67.3919
-67.3822
-67.3728
-67.3636
-67.3547
-67.346
-67.3376
-67.3293
-67.3213
-67.3128
-67.3031
-67.2916
-67.2781
-67.2625
-67.2447
-67.2247
-67.2025
-67.1783
-67.1521
-67.1239
-67.0941
-67.0625
-67.0294
-66.9949
-66.959
-66.9219
-66.8831
-66.842
-66.7982
-66.7517
-66.7015
-66.6471
-66.5881
-66.5244
-66.4558
-66.3826
-66.3049
-66.2229
-66.1368
-66.0469
-65.9535
-65.8568
-65.7571
-65.6547
-65.5497
-65.4425
-65.3332
-65.2221
-65.1094
-64.9953
-64.8799
-64.7635
-64.6462
-64.5282
-64.4097
-64.2906
-64.1713
-64.0518
-63.9322
-63.8126
-63.6932
-63.574
-63.4551
-63.3366
-63.2185
-63.101
-62.984
-62.8677
-62.752
-62.6371
-62.5229
-62.4096
-62.297
-62.1854
-62.0746
-61.9647
-61.8558
-61.7478
-61.6407
-61.5346
-61.4294
-61.3252
-61.222
-61.1197
-61.0184
-60.9174
-60.8161
-60.714
-60.6109
-60.5066
-60.4011
-60.2944
-60.1864
-60.0772
-59.9669
-59.8555
-59.743
-59.6297
-59.5154
-59.4003
-59.2843
-59.1677
-59.0503
-58.9322
-58.8135
-58.6941
-58.5741
-58.4535
-58.3322
-58.2103
-58.0878
-57.9645
-57.8406
-57.7159
-57.5905
-57.4642
-57.337
-57.2084
-57.0777
-56.9445
-56.8084
-56.6694
-56.5272
-56.3817
-56.2329
-56.0806
-55.9247
-55.7652
-55.6019
-55.4346
-55.2633
-55.0878
-54.9078
-54.7232
-54.5338
-54.3392
-54.1391
-53.9333
-53.7213
-53.5027
-53.2772
-53.0441
-52.8031
-52.5533
-52.2943
-52.0252
-51.7448
-51.4516
-51.1444
-50.8218
-50.4826
-50.1253
-49.7484
-49.3502
-48.9288
-48.482
-48.0075
-47.5024
-46.9639
-46.3882
-45.7716
-45.1093
-44.3964
-43.6268
-42.7939
-41.89
-40.9063
-39.8327
-38.6579
-37.3687
-35.9505
-34.3867
-32.6585
-30.7454
-28.6255
-26.2765
-23.6761
-20.8044
-17.6467
-14.197
-10.4637
-6.47416
-2.28098
2.03599
6.37112
10.6008
14.5968
18.2431
21.4508
24.1679
26.3804
28.1071
29.3902
30.2844
30.8482
31.1371
31.2005
31.0802
30.8102
30.4178
29.9245
29.3472
28.6991
27.991
27.2312
26.4269
25.5838
24.7068
23.8001
22.8674
21.9119
20.9367
19.9442
18.9369
17.9168
16.886
15.8463
14.7993
13.7465
12.6893
11.6288
10.5663
9.50285
8.43936
7.37674
6.31575
5.2571
4.20143
3.14927
2.10114
1.05745
0.0185965
-1.0151
-2.04337
-3.06596
-4.08269
-5.09339
-6.09794
-7.09625
-8.08826
-9.07392
-10.0532
-11.0262
-11.9929
-12.9534
-13.9077
-14.856
-15.7984
-16.7351
-17.6662
-18.592
-19.5126
-20.4284
-21.3397
-22.2467
-23.1498
-24.0494
-24.9461
-25.8401
-26.7322
-27.6228
-28.5125
-29.4017
-30.2913
-31.1821
-32.0748
-32.9706
-33.8703
-34.7752
-35.6863
-36.6049
-37.5321
-38.4694
-39.418
-40.3794
-41.3548
-42.3457
-43.3533
-44.379
-45.4237
-46.4885
-47.5741
-48.6807
-49.8085
-50.9567
-52.1244
-53.3097
-54.5097
-55.7211
-56.9391
-58.1582
-59.3718
-60.5723
-61.7517
-62.9013
-64.0124
-65.0763
-66.0855
-67.0332
-67.9142
-68.7249
-69.4636
-70.1301
-70.726
-71.2543
-71.7187
-72.124
-72.4753
-72.7778
-73.0367
-73.2572
-73.4433
-73.599
-73.7281
-73.834
-73.9199
-73.9886
-74.0425
-74.0839
-74.1144
-74.1359
-74.1495
-74.1566
-74.158
-74.1547
-74.1474
-74.1366
-74.1229
-74.1068
-74.0887
-74.0687
-74.0473
-74.0247
-74.001
-73.9764
-73.9511
-73.9252
-73.8988
-73.8719
-73.8447
-73.8172
-73.7895
-73.7616
-73.7336
-73.7049
-73.675
-73.6437
-73.6109
-73.5766
-73.541
-73.5043
-73.4664
-73.4277
-73.3881
-73.348
-73.3073
-73.2661
-73.2247
-73.183
-73.1411
-73.0991
-73.057
-73.0149
-72.9728
-72.9308
-72.8889
-72.8471
-72.8055
-72.764
-72.7228
-72.6817
-72.6409
-72.6002
-72.5599
-72.5198
-72.4799
-72.4403
-72.401
-72.3619
-72.3231
-72.2847
-72.2465
-72.2085
-72.1709
-72.1336
-72.0966
-72.0598
-72.0234
-71.9873
-71.9514
-71.9159
-71.8806
-71.8457
-71.811
-71.7766
-71.7426
-71.7088
-71.6753
-71.6422
-71.6093
-71.5767
-71.5444
-71.5124
-71.4806
-71.4492
-71.418
-71.3872
-71.3566
-71.3263
-71.2963
-71.2666
-71.2371
-71.208
-71.1791
-71.1504
-71.1221
-71.094
-71.0662
-71.0387
-71.0114
-70.9844
-70.9577
-70.9313
-70.9051
-70.8791
-70.8534
-70.828
-70.8029
-70.778
-70.7533
-70.7289
-70.7047
-70.6808
-70.6565
-70.6311
-70.6042
-70.5756
-70.5454
-70.5135
-70.48
-70.445
-70.4086
-70.371
-70.3322
-70.2925
-70.2519
-70.2106
-70.1686
-70.1261
-70.0831
-70.0398
-69.9961
-69.9523
-69.9084
-69.8644
-69.8203
-69.7763
-69.7324
-69.6887
-69.6451
-69.6017
-69.5585
-69.5157
-69.4731
-69.4308
-69.3889
-69.3474
-69.3063
-69.2655
-69.2252
-69.1853
-69.1459
-69.1069
-69.0683
-69.0302
-68.9926
-68.9555
-68.9183
-68.8803
-68.8412
-68.8007
-68.7589
-68.7156
-68.6709
-68.6249
-68.5778
-68.5295
-68.4803
-68.4302
-68.3793
-68.3278
-68.2758
-68.2234
-68.1706
-68.1175
-68.0643
-68.011
-67.9577
-67.9045
-67.8514
-67.7984
-67.7457
-67.6932
-67.6411
-67.5893
-67.5379
-67.4869
-67.4364
-67.3864
-67.337
-67.288
-67.2397
-67.1919
-67.1447
-67.0982
-67.0522
-67.0069
-66.9623
-66.9184
-66.8751
-66.8325
-66.7906
-66.7493
-66.7088
-66.669
-66.6299
-66.5915
-66.5538
-66.5168
-66.4805
-66.4449
-66.41
-66.3758
-66.3423
-66.3096
-66.2775
-66.2461
-66.2154
-66.1853
-66.156
-66.1273
-66.0994
-66.072
-66.0454
-66.0194
-65.994
-65.9693
-65.9452
-65.9218
-65.899
-65.8768
-65.8552
-65.8343
-65.8139
-65.7942
-65.775
-65.7564
-65.7384
-65.721
-65.7041
-65.6878
-65.6721
-65.6569
-65.6422
-65.6281
-65.6145
-65.6014
-65.5888
-65.5768
-65.5652
-65.5542
-65.5436
-65.5335
-65.5239
-65.5147
-65.506
-65.4978
-65.49
-65.4827
-65.4758
-65.4693
-65.4632
-65.4576
-65.4524
-65.4476
-65.4432
-65.4391
-65.4355
-65.4322
-65.4293
-65.4268
-65.4247
-65.4229
-65.4214
-65.4203
-65.4196
-65.4191
-65.419
-65.4192
-65.4198
-65.4206
-65.4217
-65.4232
-65.4249
-65.4269
-65.4292
-65.4318
-65.4346
-65.4378
-65.4411
-65.4448
-65.4486
-65.4528
-65.4571
-65.4617
-65.4665
-65.4716
-65.4769
-65.4823
-65.488
-65.4939
-65.5
-65.5063
-65.5128
-65.5195
-65.5263
-65.5333
-65.5405
-65.5479
-65.5554
-65.5631
-65.5709
-65.5789
-65.587
-65.5953
-65.6037
-65.6122
-65.6209
-65.6297
-65.6386
-65.6477
-65.6568
-65.666
-65.6754
-65.6849
-65.6944
-65.7041
-65.7138
-65.7236
-65.7336
-65.7435
-65.7536
-65.7638
-65.774
-65.7842
-65.7946
-65.805
-65.8154
-65.826
-65.8365
-65.8471
-65.8578
-65.8685
-65.8792
-65.89
-65.9008
-65.9117
-65.9225
-65.9334
-65.9443
-65.9553
-65.9662
-65.9772
-65.9882
-65.9992
-66.0102
-66.0212
-66.0322
-66.0432
-66.0542
-66.0653
-66.0763
-66.0873
-66.0982
-66.1092
-66.1202
-66.1311
-66.1421
-66.153
-66.1639
-66.1747
-66.1856
-66.1964
-66.2072
-66.2179
-66.2287
-66.2393
-66.25
-66.2606
-66.2712
-66.2818
-66.2923
-66.3027
-66.3131
-66.3235
-66.3339
-66.3441
-66.3544
-66.3646
-66.3747
-66.3848
-66.3948
-66.4048
-66.4147
-66.4246
-66.4344
-66.4442
-66.4539
-66.4635
-66.4731
-66.4826
-66.492
-66.5014
-66.5107
-66.52
-66.5292
-66.5383
-66.5474
-66.5564
-66.5653
-66.5741
-66.5829
-66.5916
-66.6003
-66.6088
-66.6173
-66.6257
-66.6341
-66.6424
-66.6506
-66.6587
-66.6667
-66.6747
-66.6826
-66.6904
-66.6981
-66.7058
-66.7127
-66.718
-66.7213
-66.7222
-66.7207
-66.7165
-66.7097
-66.7003
-66.6884
-66.674
-66.6573
-66.6383
-66.6172
-66.5932
-66.5659
-66.5348
-66.4997
-66.4606
-66.4174
-66.3703
-66.3195
-66.2649
-66.2069
-66.1456
-66.0811
-66.0137
-65.9436
-65.8709
-65.7958
-65.7185
-65.6391
-65.5578
-65.4742
-65.3875
-65.2977
-65.2044
-65.1076
-65.0075
-64.904
-64.7974
-64.6877
-64.5753
-64.4602
-64.3426
-64.2229
-64.101
-63.9772
-63.8518
-63.7247
-63.5963
-63.4666
-63.3358
-63.204
-63.0714
-62.938
-62.8041
-62.6695
-62.5346
-62.3993
-62.2637
-62.1279
-61.992
-61.856
-61.72
-61.584
-61.448
-61.3122
-61.1764
-61.0408
-60.9053
-60.77
-60.6349
-60.4999
-60.3651
-60.2305
-60.096
-59.9616
-59.8273
-59.6931
-59.5589
-59.4247
-59.2905
-59.1563
-59.0219
-58.8873
-58.7525
-58.6174
-58.4819
-58.346
-58.2096
-58.0726
-57.9349
-57.7959
-57.6548
-57.5111
-57.3645
-57.2146
-57.0614
-56.9046
-56.7441
-56.5797
-56.4115
-56.2392
-56.0626
-55.8817
-55.6963
-55.5061
-55.3109
-55.1105
-54.9046
-54.6928
-54.4748
-54.2502
-54.0186
-53.7795
-53.5323
-53.2764
-53.0112
-52.736
-52.4499
-52.152
-51.8413
-51.5167
-51.177
-50.8208
-50.4466
-50.0526
-49.6369
-49.1973
-48.7315
-48.2365
-47.7094
-47.1465
-46.5438
-45.8969
-45.2003
-44.4482
-43.6337
-42.7488
-41.7841
-40.7287
-39.5704
-38.2953
-36.8872
-35.3283
-33.5978
-31.6728
-29.5279
-27.1359
-24.4683
-21.4978
-18.2012
-14.564
-10.5865
-6.29153
-1.7324
3.00185
7.78653
12.4702
16.8928
20.9084
24.4076
27.3301
29.6665
31.4494
32.7388
33.6073
34.1284
34.369
34.3859
34.2249
33.9223
33.5057
32.996
32.4094
31.758
31.0513
30.2966
29.5002
28.6668
27.8008
26.9058
25.9849
25.0412
24.0771
23.095
22.0972
21.0855
20.062
19.0283
17.986
16.9366
15.8814
14.8217
13.7587
12.6935
11.6271
10.5604
9.49427
8.42952
7.36681
6.30678
5.24999
4.19695
3.14808
2.10381
1.06446
0.03034
-0.998287
-2.0212
-3.03821
-4.04912
-5.05383
-6.05222
-7.04423
-8.02983
-9.009
-9.98175
-10.9481
-11.9082
-12.8619
-13.8096
-14.7512
-15.6869
-16.6168
-17.5412
-18.4602
-19.374
-20.283
-21.1874
-22.0875
-22.9836
-23.8762
-24.7656
-25.6523
-26.5369
-27.4198
-28.3015
-29.1826
-30.0637
-30.9455
-31.8289
-32.7149
-33.6043
-34.4983
-35.3978
-36.304
-37.2182
-38.1414
-39.0751
-40.0204
-40.9787
-41.9512
-42.9393
-43.944
-44.9666
-46.0078
-47.0685
-48.1491
-49.2493
-50.3687
-51.5062
-52.6604
-53.8288
-55.0085
-56.1954
-57.3847
-58.5704
-59.746
-60.9038
-62.0361
-63.1345
-64.191
-65.1975
-66.1468
-67.0333
-67.8526
-68.6023
-69.2815
-69.891
-70.4329
-70.9103
-71.3275
-71.6891
-71.9999
-72.2652
-72.4897
-72.6782
-72.8351
-72.9644
-73.0698
-73.1545
-73.2214
-73.273
-73.3115
-73.3388
-73.3566
-73.3662
-73.3689
-73.3658
-73.3576
-73.3452
-73.3292
-73.3102
-73.2886
-73.2649
-73.2393
-73.2122
-73.1838
-73.1544
-73.124
-73.0929
-73.0612
-73.029
-72.9964
-72.9635
-72.9303
-72.897
-72.8635
-72.8299
-72.7963
-72.7626
-72.729
-72.6954
-72.6618
-72.6284
-72.595
-72.5617
-72.5286
-72.4955
-72.4626
-72.4299
-72.3973
-72.3649
-72.3326
-72.3005
-72.2686
-72.2368
-72.2053
-72.1739
-72.1427
-72.1117
-72.0809
-72.0503
-72.0199
-71.9896
-71.9596
-71.9298
-71.9002
-71.8707
-71.8415
-71.8125
-71.7837
-71.7551
-71.7267
-71.6985
-71.6705
-71.6427
-71.6151
-71.5877
-71.5606
-71.5336
-71.5068
-71.4803
-71.454
-71.4278
-71.4019
-71.3762
-71.3506
-71.3253
-71.3002
-71.2753
-71.2506
-71.2261
-71.2018
-71.1778
-71.1539
-71.1302
-71.1067
-71.0834
-71.0604
-71.0375
-71.0148
-70.9923
-70.9701
-70.948
-70.9261
-70.9044
-70.8829
-70.8616
-70.8405
-70.8196
-70.7989
-70.7784
-70.7581
-70.7379
-70.718
-70.6982
-70.6787
-70.6593
-70.6401
-70.6211
-70.6022
-70.5836
-70.5651
-70.5468
-70.5287
-70.5108
-70.493
-70.4755
-70.4581
-70.4409
-70.4238
-70.4069
-70.3902
-70.3737
-70.3573
-70.3411
-70.3251
-70.3092
-70.2935
-70.278
-70.2626
-70.2474
-70.2323
-70.2174
-70.2026
-70.1881
-70.1736
-70.1593
-70.1452
-70.1312
-70.1174
-70.1037
-70.0902
-70.0768
-70.0635
-70.0504
-70.0374
-70.0246
-70.0119
-69.9994
-69.987
-69.9747
-69.9625
-69.9505
-69.9386
-69.9269
-69.9152
-69.9037
-69.8924
-69.8811
-69.87
-69.859
-69.8481
-69.8373
-69.8266
-69.8161
-69.8057
-69.7954
-69.7852
-69.7751
-69.7651
-69.7552
-69.7455
-69.7358
-69.7263
-69.7168
-69.7074
-69.6982
-69.689
-69.68
-69.671
-69.6622
-69.6534
-69.6447
-69.6361
-69.6276
-69.6192
-69.6109
-69.6026
-69.5945
-69.5864
-69.5784
-69.5705
-69.5627
-69.5549
-69.5472
-69.5396
-69.5321
-69.5246
-69.5173
-69.51
-69.5027
-69.4955
-69.4884
-69.4814
-69.4744
-69.4675
-69.4607
-69.4539
-69.4471
-69.4405
-69.4339
-69.4273
-69.4208
-69.4144
-69.408
-69.4016
-69.3953
-69.3891
-69.3829
-69.3768
-69.3707
-69.3646
-69.3586
-69.3527
-69.3461
-69.3381
-69.3284
-69.3166
-69.3025
-69.2862
-69.2677
-69.247
-69.2241
-69.1986
-69.1698
-69.1374
-69.1012
-69.0613
-69.0177
-68.9705
-68.92
-68.8663
-68.8097
-68.7504
-68.6885
-68.6243
-68.5579
-68.4897
-68.4197
-68.3481
-68.2752
-68.2011
-68.1258
-68.0497
-67.9727
-67.8952
-67.817
-67.7385
-67.6596
-67.5805
-67.5013
-67.422
-67.3428
-67.2638
-67.1849
-67.1063
-67.028
-66.9501
-66.8726
-66.7957
-66.7192
-66.6434
-66.5681
-66.4935
-66.4197
-66.3465
-66.2741
-66.2024
-66.1316
-66.0616
-65.9924
-65.9241
-65.8566
-65.7901
-65.7245
-65.6597
-65.5959
-65.5331
-65.4711
-65.4102
-65.3501
-65.2911
-65.233
-65.1758
-65.1197
-65.0645
-65.0102
-64.957
-64.9047
-64.8533
-64.803
-64.7536
-64.7051
-64.6576
-64.6111
-64.5655
-64.5208
-64.4771
-64.4344
-64.3925
-64.3516
-64.3116
-64.2725
-64.2344
-64.1971
-64.1607
-64.1252
-64.0906
-64.0569
-64.0241
-63.9921
-63.961
-63.9307
-63.9013
-63.8727
-63.845
-63.818
-63.7919
-63.7666
-63.7422
-63.7185
-63.6956
-63.6735
-63.6521
-63.6309
-63.6091
-63.5863
-63.5623
-63.5368
-63.5098
-63.4813
-63.4513
-63.4199
-63.3872
-63.3532
-63.3181
-63.2819
-63.2447
-63.2066
-63.1677
-63.128
-63.0878
-63.047
-63.0056
-62.9639
-62.9219
-62.8795
-62.8369
-62.7942
-62.7514
-62.7085
-62.6655
-62.6227
-62.5799
-62.5372
-62.4947
-62.4524
-62.4103
-62.3685
-62.327
-62.2858
-62.245
-62.2045
-62.1644
-62.1248
-62.0856
-62.0468
-62.0085
-61.9708
-61.9335
-61.8968
-61.8606
-61.825
-61.79
-61.7555
-61.7216
-61.6884
-61.6557
-61.6237
-61.5923
-61.5616
-61.5315
-61.5021
-61.4733
-61.4452
-61.4178
-61.3911
-61.365
-61.3397
-61.315
-61.2911
-61.2679
-61.2447
-61.2211
-61.1965
-61.1707
-61.1436
-61.1152
-61.0853
-61.0541
-61.0216
-60.9879
-60.953
-60.917
-60.88
-60.8421
-60.8033
-60.7637
-60.7234
-60.6825
-60.641
-60.5989
-60.5565
-60.5136
-60.4703
-60.4268
-60.3831
-60.3391
-60.2949
-60.2507
-60.2063
-60.162
-60.1176
-60.0732
-60.0288
-59.9846
-59.9404
-59.8964
-59.8526
-59.8089
-59.7654
-59.7221
-59.6791
-59.6363
-59.5938
-59.5516
-59.5097
-59.4682
-59.4269
-59.386
-59.3455
-59.3054
-59.2656
-59.2263
-59.1873
-59.1488
-59.1107
-59.0731
-59.0359
-58.9992
-58.963
-58.9272
-58.892
-58.8572
-58.823
-58.7893
-58.7561
-58.7223
-58.6866
-58.6482
-58.6066
-58.5616
-58.5129
-58.4605
-58.4046
-58.3451
-58.2821
-58.2158
-58.1462
-58.0736
-57.998
-57.9195
-57.8382
-57.7543
-57.6677
-57.5788
-57.4874
-57.393
-57.2951
-57.1932
-57.0873
-56.9771
-56.8626
-56.7438
-56.6208
-56.4935
-56.362
-56.2262
-56.0863
-55.9423
-55.794
-55.6414
-55.4846
-55.3234
-55.1578
-54.9875
-54.8126
-54.6328
-54.4478
-54.257
-54.0596
-53.8549
-53.6424
-53.4216
-53.192
-52.9532
-52.7047
-52.4458
-52.1761
-51.8947
-51.6011
-51.2942
-50.9732
-50.6369
-50.2842
-49.9136
-49.5237
-49.1128
-48.6788
-48.2196
-47.7328
-47.2155
-46.6646
-46.0766
-45.4475
-44.7726
-44.0467
-43.2639
-42.4174
-41.4996
-40.5017
-39.4137
-38.2241
-36.9203
-35.4875
-33.9097
-32.1689
-30.2456
-28.119
-25.768
-23.1719
-20.3128
-17.1783
-13.765
-10.0834
-6.1629
-2.05657
2.15717
6.3765
10.484
14.3592
17.8938
21.0054
23.6455
25.8006
27.488
28.7463
29.6263
30.1826
30.4677
30.5287
30.406
30.1328
29.7359
29.2368
28.6524
27.9962
27.279
26.5096
25.6951
24.8414
23.9538
23.0364
22.0931
21.1272
20.1418
19.1395
18.1227
17.0936
16.0542
15.0064
13.9517
12.8918
11.8279
10.7614
9.69335
8.62483
7.55676
6.49001
5.42531
4.36336
3.30475
2.25004
1.19968
0.154097
-0.886345
-1.92134
-2.95062
-3.97397
-4.99121
-6.00219
-7.00681
-8.005
-8.99669
-9.98189
-10.9606
-11.9328
-12.8987
-13.8582
-14.8115
-15.7588
-16.7001
-17.6357
-18.5657
-19.4904
-20.41
-21.3249
-22.2354
-23.1418
-24.0445
-24.944
-25.8407
-26.7353
-27.6282
-28.5202
-29.4118
-30.3039
-31.1973
-32.0928
-32.9915
-33.8942
-34.8022
-35.7165
-36.6383
-37.5689
-38.5096
-39.4617
-40.4267
-41.4059
-42.4007
-43.4125
-44.4424
-45.4917
-46.5611
-47.6516
-48.7634
-49.8965
-51.0504
-52.2239
-53.4151
-54.6214
-55.839
-57.0634
-58.2889
-59.5088
-60.7157
-61.9012
-63.0567
-64.1733
-65.2426
-66.2568
-67.2092
-68.0946
-68.9096
-69.6523
-70.3229
-70.9229
-71.4552
-71.9239
-72.3336
-72.6895
-72.9968
-73.2608
-73.4864
-73.6784
-73.841
-73.9783
-74.0935
-74.1898
-74.2699
-74.3361
-74.3905
-74.4347
-74.4702
-74.4983
-74.5202
-74.5367
-74.5486
-74.5567
-74.5614
-74.5632
-74.5627
-74.56
-74.5556
-74.5497
-74.5425
-74.5342
-74.5249
-74.5148
-74.5039
-74.4925
-74.4806
-74.4682
-74.4554
-74.4423
-74.4289
-74.4152
-74.4014
-74.3873
-74.3731
-74.3587
-74.3443
-74.3297
-74.315
-74.3003
-74.2855
-74.2706
-74.2557
-74.2408
-74.2258
-74.2108
-74.1958
-74.1807
-74.1656
-74.1505
-74.1354
-74.1203
-74.1052
-74.0901
-74.075
-74.0599
-74.0447
-74.0296
-74.0145
-73.9994
-73.9843
-73.9692
-73.9541
-73.939
-73.924
-73.9089
-73.8938
-73.8788
-73.8637
-73.8487
-73.8337
-73.8187
-73.8037
-73.7887
-73.7737
-73.7587
-73.7437
-73.7288
-73.7138
-73.6989
-73.684
-73.6691
-73.6542
-73.6393
-73.6244
-73.6095
-73.5947
-73.5798
-73.565
-73.5501
-73.5353
-73.5205
-73.5057
-73.4909
-73.4761
-73.4614
-73.4466
-73.4319
-73.4171
-73.4024
-73.3877
-73.3729
-73.3582
-73.3435
-73.3288
-73.3142
-73.2995
-73.2848
-73.2702
-73.2555
-73.2409
-73.2262
-73.2116
-73.197
-73.1824
-73.1678
-73.1532
-73.1386
-73.124
-73.1094
-73.0948
-73.0803
-73.0657
-73.0511
-73.0366
-73.022
-73.0075
-72.9929
-72.9784
-72.9639
-72.9493
-72.9348
-72.9203
-72.9058
-72.8912
-72.8767
-72.8622
-72.8477
-72.8332
-72.8187
-72.8042
-72.7897
-72.7752
-72.7607
-72.7461
-72.7316
-72.7171
-72.7026
-72.6881
-72.6736
-72.6591
-72.6446
-72.6301
-72.6156
-72.6011
-72.5866
-72.5721
-72.5576
-72.543
-72.5285
-72.514
-72.4995
-72.4849
-72.4704
-72.4559
-72.4413
-72.4268
-72.4122
-72.3977
-72.3831
-72.3686
-72.354
-72.3394
-72.3249
-72.3103
-72.2957
-72.2811
-72.2665
-72.2519
-72.2373
-72.2227
-72.208
-72.1934
-72.1788
-72.1641
-72.1495
-72.1348
-72.1202
-72.1055
-72.0908
-72.0761
-72.0614
-72.0467
-72.0312
-72.0142
-71.9953
-71.974
-71.9504
-71.9242
-71.8957
-71.8647
-71.8315
-71.7962
-71.7588
-71.7195
-71.6784
-71.6356
-71.5913
-71.5456
-71.4986
-71.4505
-71.4012
-71.351
-71.2999
-71.248
-71.1954
-71.1422
-71.0884
-71.0342
-70.9796
-70.9246
-70.8694
-70.8139
-70.7583
-70.7026
-70.6467
-70.5909
-70.5351
-70.4793
-70.4237
-70.3681
-70.3127
-70.2575
-70.2026
-70.1478
-70.0926
-70.0363
-69.9784
-69.9186
-69.8568
-69.793
-69.7271
-69.6593
-69.5896
-69.5182
-69.4451
-69.3706
-69.2947
-69.2176
-69.1394
-69.0602
-68.9802
-68.8994
-68.8181
-68.7362
-68.6539
-68.5712
-68.4884
-68.4054
-68.3223
-68.2393
-68.1563
-68.0735
-67.991
-67.9086
-67.8266
-67.745
-67.6638
-67.5831
-67.5029
-67.4233
-67.3442
-67.2658
-67.188
-67.1109
-67.0345
-66.9588
-66.8839
-66.8098
-66.7365
-66.664
-66.5923
-66.5214
-66.4514
-66.3823
-66.314
-66.2466
-66.1802
-66.1146
-66.0499
-65.9861
-65.9233
-65.8614
-65.8004
-65.7403
-65.6811
-65.6229
-65.5655
-65.5091
-65.4537
-65.3991
-65.3455
-65.2928
-65.2409
-65.19
-65.1401
-65.091
-65.0428
-64.9955
-64.9491
-64.9036
-64.8589
-64.8152
-64.7723
-64.7302
-64.6891
-64.6487
-64.6086
-64.5679
-64.5263
-64.4834
-64.4391
-64.3933
-64.346
-64.2972
-64.247
-64.1955
-64.1428
-64.0889
-64.0339
-63.978
-63.9212
-63.8636
-63.8053
-63.7464
-63.6869
-63.627
-63.5668
-63.5062
-63.4453
-63.3843
-63.3232
-63.262
-63.2008
-63.1381
-63.0728
-63.004
-62.931
-62.8536
-62.7718
-62.6857
-62.5952
-62.5007
-62.4023
-62.3002
-62.1947
-62.0859
-61.9736
-61.8574
-61.7371
-61.6126
-61.4841
-61.3516
-61.2153
-61.0754
-60.9321
-60.7856
-60.6361
-60.4838
-60.3287
-60.1712
-60.0113
-59.8493
-59.6851
-59.5188
-59.3507
-59.1807
-59.0089
-58.8354
-58.6601
-58.4831
-58.3043
-58.1237
-57.9414
-57.7571
-57.5709
-57.3827
-57.1922
-56.9995
-56.8044
-56.6067
-56.4062
-56.2026
-55.9959
-55.7857
-55.5717
-55.3537
-55.1313
-54.9042
-54.6718
-54.4339
-54.19
-53.9394
-53.6817
-53.4163
-53.1423
-52.8592
-52.566
-52.2619
-51.9459
-51.6168
-51.2735
-50.9145
-50.5384
-50.1435
-49.7278
-49.2894
-48.8257
-48.3343
-47.812
-47.2549
-46.6589
-46.0191
-45.3304
-44.5871
-43.7826
-42.9094
-41.9589
-40.9213
-39.7853
-38.5379
-37.1643
-35.6476
-33.9687
-32.1062
-30.0368
-27.7352
-25.1756
-22.3329
-19.1854
-15.719
-11.932
-7.84219
-3.49348
1.03858
5.64591
10.194
14.5359
18.5318
22.0692
25.0769
27.5302
29.4458
30.8698
31.8652
32.4998
32.8382
32.9369
32.8433
32.5952
32.2223
31.7476
31.1888
30.5594
29.8701
29.1294
28.344
27.5196
26.6609
25.7718
24.8558
23.9161
22.9555
21.9766
20.9817
19.973
18.9524
17.9217
16.8826
15.8367
14.7852
13.7295
12.6709
11.6102
10.5487
9.48706
8.42624
7.36694
6.30984
5.25554
4.20459
3.15747
2.11461
1.07639
0.043126
-0.984888
-2.00741
-3.02424
-4.03521
-5.04018
-6.03906
-7.03177
-8.01825
-8.9985
-9.9725
-10.9403
-11.9019
-12.8575
-13.807
-14.7507
-15.6886
-16.6209
-17.5478
-18.4695
-19.3861
-20.2981
-21.2056
-22.1091
-23.0087
-23.905
-24.7983
-25.6892
-26.5782
-27.4657
-28.3526
-29.2394
-30.1268
-31.0158
-31.9071
-32.8017
-33.7006
-34.6049
-35.5157
-36.4342
-37.3616
-38.2993
-39.2487
-40.2112
-41.1881
-42.1809
-43.191
-44.2197
-45.2681
-46.3374
-47.4282
-48.5412
-49.6764
-50.8334
-52.0112
-53.208
-54.4213
-55.6475
-56.8822
-58.1196
-59.3532
-60.5752
-61.7774
-62.9507
-64.086
-65.1744
-66.2078
-67.179
-68.0825
-68.9143
-69.6724
-70.3566
-70.9685
-71.5106
-71.9864
-72.4008
-72.7589
-73.0663
-73.3284
-73.5506
-73.7378
-73.8946
-74.025
-74.1328
-74.221
-74.2927
-74.3501
-74.3954
-74.4304
-74.4566
-74.4754
-74.4879
-74.495
-74.4976
-74.4963
-74.4918
-74.4844
-74.4747
-74.4629
-74.4495
-74.4346
-74.4185
-74.4013
-74.3833
-74.3644
-74.345
-74.325
-74.3045
-74.2837
-74.2625
-74.2411
-74.2194
-74.1975
-74.1755
-74.1533
-74.1311
-74.1087
-74.0863
-74.0632
-74.0388
-74.013
-73.9855
-73.9564
-73.9258
-73.8939
-73.8608
-73.8267
-73.7916
-73.7558
-73.7193
-73.6822
-73.6447
-73.6068
-73.5687
-73.5303
-73.4917
-73.4531
-73.4143
-73.3756
-73.3369
-73.2982
-73.2596
-73.221
-73.1827
-73.1444
-73.1063
-73.0683
-73.0306
-72.993
-72.9556
-72.9185
-72.8815
-72.8448
-72.8083
-72.772
-72.736
-72.7002
-72.6646
-72.6293
-72.5942
-72.5594
-72.5248
-72.4905
-72.4564
-72.4226
-72.389
-72.3556
-72.3226
-72.2897
-72.2571
-72.2248
-72.1927
-72.1609
-72.1293
-72.098
-72.0669
-72.036
-72.0055
-71.9751
-71.945
-71.9151
-71.8849
-71.8536
-71.8209
-71.7866
-71.7507
-71.7131
-71.6741
-71.6336
-71.5918
-71.5489
-71.5049
-71.4601
-71.4145
-71.3681
-71.3213
-71.274
-71.2263
-71.1784
-71.1302
-71.082
-71.0336
-70.9853
-70.937
-70.8889
-70.8408
-70.793
-70.7454
-70.698
-70.6509
-70.6041
-70.5577
-70.5116
-70.4659
-70.4206
-70.3757
-70.3312
-70.2871
-70.2435
-70.2003
-70.1576
-70.1153
-70.0736
-70.0323
-69.9914
-69.9511
-69.9112
-69.8719
-69.833
-69.7946
-69.7567
-69.7193
-69.6824
-69.6459
-69.61
-69.5745
-69.5395
-69.505
-69.471
-69.4375
-69.4044
-69.3718
-69.3397
-69.3081
-69.2769
-69.2461
-69.2158
-69.186
-69.1566
-69.1277
-69.0992
-69.0711
-69.0435
-69.0163
-68.9896
-68.9632
-68.9373
-68.9118
-68.8866
-68.8619
-68.8376
-68.8137
-68.7902
-68.7671
-68.7443
-68.722
-68.7
-68.6777
-68.6544
-68.6296
-68.6032
-68.575
-68.545
-68.5132
-68.4797
-68.4446
-68.4081
-68.3702
-68.331
-68.2907
-68.2495
-68.2073
-68.1644
-68.1208
-68.0766
-68.0319
-67.9868
-67.9415
-67.8958
-67.8501
-67.8042
-67.7582
-67.7123
-67.6665
-67.6208
-67.5752
-67.5299
-67.4848
-67.44
-67.3955
-67.3513
-67.3076
-67.2642
-67.2213
-67.1788
-67.1368
-67.0953
-67.0543
-67.0138
-66.9738
-66.9344
-66.8955
-66.8572
-66.8195
-66.7817
-66.7434
-66.704
-66.6633
-66.6213
-66.5779
-66.5331
-66.487
-66.4397
-66.3912
-66.3418
-66.2913
-66.2401
-66.1882
-66.1356
-66.0825
-66.0283
-65.9723
-65.9142
-65.8538
-65.7911
-65.7261
-65.6589
-65.5896
-65.5184
-65.4453
-65.3707
-65.2946
-65.2173
-65.1388
-65.0594
-64.9791
-64.8982
-64.8167
-64.7348
-64.6526
-64.5703
-64.4878
-64.4054
-64.3231
-64.241
-64.1592
-64.0777
-63.9967
-63.9161
-63.8361
-63.7568
-63.678
-63.6
-63.5227
-63.4462
-63.3705
-63.2957
-63.2217
-63.1486
-63.0765
-63.0054
-62.9352
-62.866
-62.7978
-62.7306
-62.6645
-62.5994
-62.5354
-62.4724
-62.4105
-62.3497
-62.2899
-62.2313
-62.1737
-62.1172
-62.0618
-62.0075
-61.9543
-61.9022
-61.8511
-61.8012
-61.7523
-61.7046
-61.6572
-61.6097
-61.5616
-61.5127
-61.4628
-61.4119
-61.3599
-61.307
-61.2532
-61.1985
-61.1431
-61.087
-61.0303
-60.9732
-60.9156
-60.8577
-60.7989
-60.7386
-60.6766
-60.6126
-60.5466
-60.4786
-60.4086
-60.3367
-60.263
-60.1877
-60.1108
-60.0326
-59.953
-59.8723
-59.7905
-59.7078
-59.6242
-59.5398
-59.4547
-59.3691
-59.2829
-59.1962
-59.1092
-59.0218
-58.9341
-58.8461
-58.758
-58.6696
-58.5811
-58.4925
-58.4037
-58.3149
-58.226
-58.1371
-58.0481
-57.959
-57.8699
-57.7807
-57.6914
-57.6021
-57.5127
-57.4232
-57.3336
-57.2439
-57.154
-57.064
-56.9732
-56.8811
-56.7874
-56.6917
-56.594
-56.4942
-56.3922
-56.288
-56.1816
-56.073
-55.9622
-55.8491
-55.7337
-55.6161
-55.4961
-55.3738
-55.249
-55.1217
-54.9919
-54.8594
-54.7241
-54.5859
-54.4446
-54.3002
-54.1524
-54.0011
-53.8461
-53.6871
-53.5239
-53.3562
-53.1839
-53.0065
-52.8237
-52.6352
-52.4405
-52.2393
-52.0311
-51.8153
-51.5914
-51.3588
-51.1168
-50.8647
-50.6017
-50.3269
-50.0393
-49.7379
-49.4214
-49.0886
-48.7381
-48.3681
-47.977
-47.5628
-47.1231
-46.6557
-46.1576
-45.6258
-45.0568
-44.4466
-43.7908
-43.0845
-42.3219
-41.4968
-40.6019
-39.6291
-38.5693
-37.4122
-36.1464
-34.7591
-33.2365
-31.5633
-29.7233
-27.7
-25.4767
-23.0382
-20.3719
-17.4705
-14.3344
-10.9753
-7.41983
-3.71203
0.0850996
3.89141
7.61467
11.1591
14.4356
17.3718
19.9186
22.0533
23.7774
25.1119
26.091
26.7555
27.1479
27.3088
27.2749
27.078
26.7448
26.2976
25.7548
25.1311
24.4387
23.6877
22.8865
22.0422
21.1608
20.2472
19.306
18.3411
17.3557
16.353
15.3355
14.3058
13.266
12.2181
11.1637
10.1045
9.04189
7.97721
6.91158
5.84605
4.78155
3.71889
2.65883
1.60202
0.549026
-0.499644
-1.54355
-2.58233
-3.61565
-4.64326
-5.66492
-6.68047
-7.68977
-8.69272
-9.68925
-10.6793
-11.663
-12.6402
-13.611
-14.5756
-15.534
-16.4864
-17.4329
-18.3738
-19.3093
-20.2396
-21.165
-22.0859
-23.0026
-23.9155
-24.8251
-25.7319
-26.6364
-27.5392
-28.4411
-29.3426
-30.2447
-31.1481
-32.0538
-32.9627
-33.876
-34.7946
-35.72
-36.6532
-37.5958
-38.5489
-39.5141
-40.4929
-41.4867
-42.497
-43.5252
-44.5727
-45.6408
-46.7303
-47.8422
-48.9768
-50.1342
-51.3134
-52.5129
-53.7305
-54.9634
-56.2075
-57.4577
-58.7081
-59.9514
-61.1796
-62.3837
-63.5546
-64.6829
-65.76
-66.7778
-67.7296
-68.6106
-69.4176
-70.1493
-70.8064
-71.3912
-71.907
-72.3586
-72.7511
-73.0899
-73.3806
-73.6288
-73.8394
-74.0173
-74.1668
-74.2917
-74.3955
-74.4812
-74.5513
-74.6082
-74.6538
-74.6898
-74.7175
-74.7383
-74.7531
-74.7628
-74.7682
-74.7699
-74.7685
-74.7644
-74.758
-74.7496
-74.7396
-74.7281
-74.7154
-74.7017
-74.6871
-74.6717
-74.6557
-74.6391
-74.622
-74.6045
-74.5866
-74.5685
-74.5501
-74.5315
-74.5127
-74.4937
-74.4746
-74.4554
-74.4361
-74.4167
-74.3973
-74.3778
-74.3583
-74.3388
-74.3192
-74.2996
-74.28
-74.2604
-74.2409
-74.2213
-74.2017
-74.1821
-74.1626
-74.1431
-74.1236
-74.1041
-74.0847
-74.0653
-74.0459
-74.0265
-74.0072
-73.9879
-73.9686
-73.9494
-73.9302
-73.9111
-73.892
-73.8729
-73.8538
-73.8348
-73.8159
-73.797
-73.7781
-73.7592
-73.7404
-73.7217
-73.703
-73.6843
-73.6656
-73.647
-73.6285
-73.61
-73.5915
-73.5731
-73.5547
-73.5363
-73.518
-73.4998
-73.4816
-73.4627
-73.4426
-73.4208
-73.3973
-73.372
-73.3448
-73.316
-73.2855
-73.2536
-73.2203
-73.1858
-73.1502
-73.1137
-73.0762
-73.0381
-72.9993
-72.9599
-72.92
-72.8797
-72.8391
-72.7982
-72.7571
-72.7158
-72.6744
-72.633
-72.5915
-72.55
-72.5085
-72.4671
-72.4258
-72.3846
-72.3436
-72.3027
-72.262
-72.2215
-72.1812
-72.1411
-72.1013
-72.0617
-72.0223
-71.9832
-71.9444
-71.9059
-71.8676
-71.8297
-71.792
-71.7546
-71.7175
-71.6808
-71.6443
-71.6082
-71.5723
-71.5368
-71.5016
-71.4666
-71.4321
-71.3978
-71.3638
-71.3302
-71.2968
-71.2638
-71.2311
-71.1987
-71.1666
-71.1348
-71.1033
-71.0722
-71.0413
-71.0107
-70.9805
-70.9505
-70.9209
-70.8915
-70.8624
-70.8336
-70.8052
-70.777
-70.749
-70.7207
-70.6911
-70.6599
-70.6269
-70.5919
-70.5549
-70.5159
-70.475
-70.4324
-70.3882
-70.3424
-70.2952
-70.2468
-70.1972
-70.1466
-70.0951
-70.0428
-69.9898
-69.9363
-69.8822
-69.827
-69.7701
-69.711
-69.6496
-69.5859
-69.5198
-69.4515
-69.3812
-69.3088
-69.2348
-69.1591
-69.0819
-69.0035
-68.924
-68.8435
-68.7623
-68.6803
-68.5978
-68.515
-68.4318
-68.3484
-68.265
-68.1816
-68.0983
-68.0152
-67.9324
-67.8499
-67.7679
-67.6863
-67.6052
-67.5248
-67.4449
-67.3658
-67.2874
-67.2097
-67.1328
-67.0568
-66.9816
-66.9073
-66.8339
-66.7614
-66.6899
-66.6193
-66.5498
-66.4812
-66.4136
-66.347
-66.2815
-66.2169
-66.1534
-66.091
-66.0296
-65.9692
-65.9099
-65.8516
-65.7944
-65.7382
-65.6831
-65.629
-65.5759
-65.5239
-65.4729
-65.423
-65.374
-65.3261
-65.2792
-65.2333
-65.1883
-65.1444
-65.1015
-65.0595
-65.0185
-64.9785
-64.9394
-64.9013
-64.8641
-64.8278
-64.7924
-64.758
-64.7245
-64.6918
-64.6601
-64.6292
-64.5992
-64.5701
-64.5418
-64.5144
-64.4878
-64.462
-64.4371
-64.4129
-64.3896
-64.367
-64.3453
-64.3243
-64.304
-64.2846
-64.2658
-64.2479
-64.2306
-64.2141
-64.1983
-64.1832
-64.1688
-64.1551
-64.1421
-64.1297
-64.118
-64.107
-64.0966
-64.0869
-64.0778
-64.0693
-64.0614
-64.0542
-64.0475
-64.0415
-64.036
-64.0311
-64.0268
-64.023
-64.0198
-64.0172
-64.015
-64.0128
-64.0097
-64.0054
-63.9996
-63.992
-63.9828
-63.9718
-63.9591
-63.9447
-63.9288
-63.9114
-63.8926
-63.8724
-63.8511
-63.8286
-63.8051
-63.7806
-63.7553
-63.7291
-63.7023
-63.6749
-63.6469
-63.6177
-63.5869
-63.5539
-63.5186
-63.4809
-63.4408
-63.3983
-63.3534
-63.3064
-63.2574
-63.2064
-63.1536
-63.0992
-63.0432
-62.9859
-62.9273
-62.8676
-62.8068
-62.7452
-62.6827
-62.6195
-62.5558
-62.4908
-62.4241
-62.3552
-62.2841
-62.2105
-62.1346
-62.0563
-61.9757
-61.8931
-61.8085
-61.722
-61.6338
-61.5441
-61.4529
-61.3604
-61.2667
-61.172
-61.0763
-60.9798
-60.8825
-60.7846
-60.6861
-60.5871
-60.4877
-60.388
-60.288
-60.1877
-60.0872
-59.9866
-59.8859
-59.7852
-59.6843
-59.5835
-59.4827
-59.3818
-59.281
-59.1803
-59.0796
-58.9789
-58.8783
-58.7777
-58.6771
-58.5766
-58.476
-58.3755
-58.2749
-58.1742
-58.0735
-57.9727
-57.8717
-57.7706
-57.6693
-57.5677
-57.4658
-57.3636
-57.2611
-57.1581
-57.0547
-56.9508
-56.8462
-56.7411
-56.6352
-56.5286
-56.4212
-56.3128
-56.2035
-56.0931
-55.9816
-55.8688
-55.7547
-55.6391
-55.5221
-55.4033
-55.2828
-55.1604
-55.036
-54.9094
-54.7805
-54.6491
-54.5151
-54.3782
-54.2383
-54.0951
-53.9485
-53.7982
-53.6439
-53.4854
-53.3223
-53.1544
-52.9814
-52.8027
-52.6181
-52.4271
-52.2291
-52.0238
-51.8106
-51.5887
-51.3577
-51.1166
-50.8648
-50.6013
-50.3253
-50.035
-49.729
-49.4055
-49.063
-48.6997
-48.3138
-47.9033
-47.4658
-46.9988
-46.4996
-45.9648
-45.391
-44.7738
-44.1087
-43.3904
-42.6128
-41.7691
-40.8515
-39.8512
-38.7581
-37.5608
-36.2465
-34.8008
-33.2078
-31.4501
-29.5087
-27.3641
-24.9966
-22.3879
-19.5227
-16.3922
-12.9973
-9.35297
-5.49331
-1.47449
2.62399
6.70256
10.6497
14.3541
17.718
20.669
23.1661
25.2005
26.79
27.9717
28.7929
29.3046
29.5557
29.5902
29.4459
29.1544
28.7412
28.2271
27.6284
26.9585
26.2279
25.4453
24.618
23.752
22.8525
21.9239
20.9701
19.9944
18.9999
17.9892
16.9648
15.9289
14.8834
13.8302
12.771
11.7071
10.6399
9.57071
8.50061
7.4306
6.36157
5.29433
4.22962
3.16807
2.11025
1.05668
0.00778561
-1.03605
-2.07449
-3.10727
-4.13415
-5.15494
-6.1695
-7.17771
-8.17949
-9.17479
-10.1636
-11.1459
-12.1217
-13.0912
-14.0544
-15.0113
-15.9622
-16.9072
-17.8465
-18.7803
-19.7089
-20.6325
-21.5515
-22.4661
-23.3768
-24.284
-25.1882
-26.0898
-26.9895
-27.8878
-28.7855
-29.6833
-30.5819
-31.4823
-32.3853
-33.2921
-34.2036
-35.121
-36.0456
-36.9786
-37.9214
-38.8753
-39.8419
-40.8226
-41.8188
-42.8322
-43.864
-44.9156
-45.9883
-47.0829
-48.2003
-49.3406
-50.5039
-51.6893
-52.8955
-54.1202
-55.3602
-56.6114
-57.8683
-59.1245
-60.3725
-61.6039
-62.8096
-63.9801
-65.106
-66.1785
-67.1898
-68.1336
-69.005
-69.8015
-70.5222
-71.1682
-71.7421
-72.2479
-72.6902
-73.0746
-73.4066
-73.6918
-73.9356
-74.1432
-74.3193
-74.468
-74.5932
-74.6982
-74.7858
-74.8587
-74.919
-74.9685
-75.0089
-75.0409
-75.0651
-75.0822
-75.0932
-75.0987
-75.0995
-75.0961
-75.0893
-75.0794
-75.067
-75.0523
-75.0358
-75.017
-74.9957
-74.9719
-74.9456
-74.9169
-74.8863
-74.8538
-74.8198
-74.7844
-74.7478
-74.7103
-74.6719
-74.6329
-74.5933
-74.5533
-74.5129
-74.4722
-74.4313
-74.3903
-74.3491
-74.308
-74.2668
-74.2256
-74.1845
-74.1435
-74.1026
-74.0619
-74.0212
-73.9807
-73.9404
-73.9003
-73.8604
-73.8207
-73.7811
-73.7418
-73.7027
-73.6638
-73.6252
-73.5868
-73.5486
-73.5106
-73.4729
-73.4354
-73.3982
-73.3611
-73.3244
-73.2878
-73.2516
-73.2155
-73.1797
-73.1442
-73.1088
-73.0738
-73.0389
-73.0043
-72.97
-72.9358
-72.902
-72.8683
-72.8349
-72.8018
-72.7689
-72.7362
-72.7037
-72.6715
-72.6395
-72.6078
-72.5763
-72.545
-72.5139
-72.4831
-72.4525
-72.4221
-72.392
-72.3621
-72.3324
-72.3029
-72.2737
-72.2447
-72.2159
-72.1873
-72.159
-72.1308
-72.1029
-72.0752
-72.0477
-72.0205
-71.9934
-71.9665
-71.9399
-71.9135
-71.8873
-71.8612
-71.8354
-71.8098
-71.7844
-71.7592
-71.7343
-71.7095
-71.6849
-71.6605
-71.6363
-71.6123
-71.5885
-71.5648
-71.5414
-71.5182
-71.4951
-71.4723
-71.4496
-71.4271
-71.4048
-71.3827
-71.3607
-71.339
-71.3174
-71.296
-71.2748
-71.2537
-71.2328
-71.2121
-71.1916
-71.1712
-71.151
-71.131
-71.1111
-71.0914
-71.0712
-71.0498
-71.0267
-71.0018
-70.9749
-70.946
-70.9152
-70.8826
-70.8482
-70.8122
-70.7747
-70.7358
-70.6957
-70.6544
-70.6122
-70.5691
-70.5252
-70.4806
-70.4355
-70.3891
-70.341
-70.29
-70.2354
-70.1768
-70.1138
-70.0466
-69.9752
-69.8999
-69.8209
-69.7385
-69.6529
-69.5638
-69.4708
-69.3737
-69.2726
-69.1676
-69.059
-68.947
-68.8319
-68.7141
-68.5938
-68.4715
-68.3472
-68.2214
-68.0943
-67.9655
-67.8345
-67.7012
-67.5654
-67.4274
-67.2872
-67.1451
-67.0012
-66.856
-66.7095
-66.5622
-66.4141
-66.2655
-66.1168
-65.968
-65.8193
-65.671
-65.5232
-65.3761
-65.2298
-65.0844
-64.9401

