-65
-64.9994
-64.9988
-64.9982
-64.9977
-64.9971
-64.9965
-64.996
-64.9954
-64.9949
-64.9943
-64.9938
-64.9932
-64.9927
-64.9922
-64.9917
-64.9912
-64.9906
-64.9901
-64.9896
-64.9891
-64.9886
-64.9881
-64.9876
-64.9872
-64.9867
-64.9862
-64.9857
-64.9852
-64.9848
-64.9843
-64.9838
-64.9834
-64.9829
-64.9825
-64.982
-64.9816
-64.9811
-64.9807
-64.9802
-64.9798
-64.9794
-64.9789
-64.9785
-64.9781
-64.9777
-64.9772
-64.9768
-64.9764
-64.976
-64.9756
-64.9752
-64.9748
-64.9744
-64.974
-64.9736
-64.9732
-64.9728
-64.9725
-64.9721
-64.9717
-64.9713
-64.971
-64.9706
-64.9702
-64.9699
-64.9695
-64.9692
-64.9688
-64.9685
-64.9681
-64.9678
-64.9675
-64.9671
-64.9668
-64.9665
-64.9661
-64.9658
-64.9655
-64.9652
-64.9649
-64.9646
-64.9642
-64.9639
-64.9636
-64.9633
-64.963
-64.9628
-64.9625
-64.9622
-64.9619
-64.9616
-64.9613
-64.9611
-64.9608
-64.9605
-64.9603
-64.96
-64.9598
-64.9595
-64.9592
-64.959
-64.9588
-64.9585
-64.9583
-64.958
-64.9578
-64.9576
-64.9573
-64.9571
-64.9569
-64.9567
-64.9565
-64.9562
-64.956
-64.9558
-64.9556
-64.9554
-64.9552
-64.955
-64.9548
-64.9546
-64.9545
-64.9543
-64.9541
-64.9539
-64.9537
-64.9536
-64.9534
-64.9532
-64.9531
-64.9529
-64.9527
-64.9526
-64.9524
-64.9523
-64.9521
-64.952
-64.9519
-64.9517
-64.9516
-64.9514
-64.9513
-64.9512
-64.9511
-64.9509
-64.9508
-64.9507
-64.9506
-64.9505
-64.9504
-64.9503
-64.9502
-64.95
-64.9499
-64.9499
-64.9498
-64.9497
-64.9496
-64.9495
-64.9494
-64.9493
-64.9492
-64.9492
-64.9491
-64.949
-64.9489
-64.9489
-64.9488
-64.9487
-64.9487
-64.9486
-64.9486
-64.9485
-64.9485
-64.9484
-64.9484
-64.9483
-64.9483
-64.9482
-64.9482
-64.9482
-64.9481
-64.9481
-64.9481
-64.948
-64.948
-64.948
-64.948
-64.948
-64.9479
-64.9479
-64.9479
-64.9479
-64.9479
-64.9479
-64.9479
-64.9479
-64.9479
-64.9479
-64.9479
-64.9479
-64.9479
-64.9479
-64.9479
-64.9479
-64.9479
-64.9479
-64.948
-64.948
-64.948
-64.948
-64.9481
-64.9481
-64.9481
-64.9481
-64.9482
-64.9482
-64.9482
-64.9483
-64.9483
-64.9483
-64.9484
-64.9484
-64.9485
-64.9485
-64.9486
-64.9486
-64.9487
-64.9487
-64.9488
-64.9488
-64.9489
-64.9489
-64.949
-64.9491
-64.9491
-64.9492
-64.9492
-64.9493
-64.9494
-64.9494
-64.9495
-64.9496
-64.9497
-64.9497
-64.9498
-64.9499
-64.95
-64.95
-64.9501
-64.9502
-64.9503
-64.9504
-64.9504
-64.9505
-64.9506
-64.9507
-64.9508
-64.9509
-64.951
-64.951
-64.9511
-64.9512
-64.9513
-64.9514
-64.9515
-64.9516
-64.9517
-64.9518
-64.9519
-64.952
-64.9521
-64.9522
-64.9523
-64.9524
-64.9525
-64.9526
-64.9527
-64.9528
-64.9529
-64.953
-64.9532
-64.9533
-64.9534
-64.9535
-64.9536
-64.9537
-64.9538
-64.9539
-64.954
-64.9542
-64.9543
-64.9544
-64.9545
-64.9546
-64.9547
-64.9548
-64.955
-64.9551
-64.9552
-64.9553
-64.9554
-64.9556
-64.9557
-64.9558
-64.9559
-64.956
-64.9562
-64.9563
-64.9564
-64.9565
-64.9566
-64.9568
-64.9569
-64.957
-64.9571
-64.9573
-64.9574
-64.9575
-64.9576
-64.9578
-64.9579
-64.958
-64.9581
-64.9583
-64.9584
-64.9585
-64.9587
-64.9588
-64.9589
-64.959
-64.9592
-64.9593
-64.9594
-64.9595
-64.9597
-64.9598
-64.9599
-64.96
-64.9602
-64.9603
-64.9604
-64.9606
-64.9607
-64.9608
-64.9609
-64.9611
-64.9612
-64.9613
-64.9614
-64.9616
-64.9617
-64.9618
-64.962
-64.9621
-64.9622
-64.9623
-64.9625
-64.9626
-64.9627
-64.9628
-64.963
-64.9631
-64.9632
-64.9633
-64.9635
-64.9636
-64.9637
-64.9638
-64.964
-64.9641
-64.9642
-64.9643
-64.9645
-64.9646
-64.9647
-64.9648
-64.9649
-64.9651
-64.9652
-64.9653
-64.9654
-64.9655
-64.9657
-64.9658
-64.9659
-64.966
-64.9661
-64.9663
-64.9664
-64.9665
-64.9666
-64.9667
-64.9668
-64.967
-64.9671
-64.9672
-64.9673
-64.9674
-64.9675
-64.9677
-64.9678
-64.9679
-64.968
-64.9681
-64.9682
-64.9683
-64.9684
-64.9685
-64.9687
-64.9688
-64.9689
-64.969
-64.9691
-64.9692
-64.9693
-64.9694
-64.9695
-64.9696
-64.9697
-64.9698
-64.9699
-64.97
-64.9701
-64.9702
-64.9703
-64.9704
-64.9705
-64.9706
-64.9707
-64.9708
-64.9709
-64.971
-64.9711
-64.9712
-64.9713
-64.9714
-64.9715
-64.9716
-64.9717
-64.9718
-64.9719
-64.972
-64.9721
-64.9722
-64.9722
-64.9723
-64.9724
-64.9725
-64.9726
-64.9727
-64.9728
-64.9729
-64.9729
-64.973
-64.9731
-64.9732
-64.9733
-64.9734
-64.9734
-64.9735
-64.9736
-64.9737
-64.9738
-64.9738
-64.9739
-64.974
-64.9741
-64.9741
-64.9742
-64.9743
-64.9744
-64.9744
-64.9745
-64.9746
-64.9747
-64.9747
-64.9748
-64.9749
-64.9749
-64.975
-64.9751
-64.9751
-64.9752
-64.9753
-64.9753
-64.9754
-64.9755
-64.9755
-64.9756
-64.9757
-64.9757
-64.9758
-64.9758
-64.9759
-64.976
-64.976
-64.9761
-64.9761
-64.9762
-64.9762
-64.9763
-64.9764
-64.9764
-64.9765
-64.9765
-64.9766
-64.9766
-64.9767
-64.9767
-64.9768
-64.9768
-64.9769
-64.9769
-64.977
-64.977
-64.9771
-64.9771
-64.9771
-64.9772
-64.9772
-64.9773
-64.9773
-64.9774
-64.9774
-64.9774
-64.9775
-64.9775
-64.9776
-64.9776
-64.9776
-64.9777
-64.9777
-64.9778
-64.9778
-64.9778
-64.9779
-64.9779
-64.9779
-64.978
-64.978
-64.978
-64.9781
-64.9781
-64.9781
-64.9781
-64.9782
-64.9782
-64.9782
-64.9783
-64.9783
-64.9783
-64.9783
-64.9784
-64.9784
-64.9784
-64.9784
-64.9785
-64.9785
-64.9785
-64.9785
-64.9785
-64.9786
-64.9786
-64.9786
-64.9786
-64.9786
-64.9787
-64.9787
-64.9787
-64.9787
-64.9787
-64.9787
-64.9787
-64.9788
-64.9788
-64.9788
-64.9788
-64.9788
-64.9788
-64.9788
-64.9789
-64.9789
-64.9789
-64.9789
-64.9789
-64.9789
-64.9789
-64.9789
-64.9789
-64.9789
-64.9789
-64.9789
-64.9789
-64.979
-64.979
-64.979
-64.979
-64.979
-64.979
-64.979
-64.979
-64.979
-64.979
-64.979
-64.979
-64.979
-64.979
-64.979
-64.979
-64.979
-64.979
-64.979
-64.979
-64.979
-64.979
-64.979
-64.979
-64.979
-64.979
-64.979
-64.9789
-64.9789
-64.9789
-64.9789
-64.9789
-64.9789
-64.9789
-64.9789
-64.9789
-64.9789
-64.9789
-64.9789
-64.9789
-64.9789
-64.9788
-64.9788
-64.9788
-64.9788
-64.9788
-64.9788
-64.9788
-64.9788
-64.9788
-64.9787
-64.9787
-64.9787
-64.9787
-64.9787
-64.9787
-64.9787
-64.9787
-64.9786
-64.9786
-64.9786
-64.9786
-64.9786
-64.9786
-64.9786
-64.9785
-64.9785
-64.9785
-64.9785
-64.9785
-64.9785
-64.9784
-64.9784
-64.9784
-64.9784
-64.9784
-64.9783
-64.9783
-64.9783
-64.9783
-64.9783
-64.9783
-64.9782
-64.9782
-64.9782
-64.9782
-64.9782
-64.9781
-64.9781
-64.9781
-64.9781
-64.9781
-64.978
-64.978
-64.978
-64.978
-64.9779
-64.9779
-64.9779
-64.9779
-64.9779
-64.9778
-64.9778
-64.9778
-64.9778
-64.9778
-64.9777
-64.9777
-64.9777
-64.9777
-64.9776
-64.9776
-64.9776
-64.9776
-64.9775
-64.9775
-64.9775
-64.9775
-64.9774
-64.9774
-64.9774
-64.9774
-64.9774
-64.9773
-64.9773
-64.9773
-64.9773
-64.9772
-64.9772
-64.9772
-64.9772
-64.9771
-64.9771
-64.9771
-64.9771
-64.977
-64.977
-64.977
-64.977
-64.9769
-64.9769
-64.9769
-64.9769
-64.9768
-64.9768
-64.9761
-64.974
-64.9699
-64.9636
-64.9548
-64.9434
-64.9293
-64.9126
-64.8933
-64.8715
-64.8471
-64.8204
-64.7913
-64.7599
-64.7264
-64.6909
-64.6534
-64.614
-64.5728
-64.53
-64.4855
-64.4395
-64.392
-64.3431
-64.293
-64.2416
-64.189
-64.1353
-64.0806
-64.0242
-63.9655
-63.904
-63.8394
-63.7717
-63.7008
-63.6266
-63.5492
-63.4688
-63.3854
-63.2992
-63.2101
-63.1185
-63.0243
-62.9276
-62.8287
-62.7276
-62.6244
-62.5192
-62.4121
-62.3032
-62.1925
-62.0802
-61.9663
-61.8508
-61.7339
-61.6155
-61.4958
-61.3747
-61.2523
-61.1279
-61.0011
-60.8713
-60.7383
-60.6019
-60.462
-60.3185
-60.1715
-60.021
-59.8669
-59.7092
-59.548
-59.3833
-59.215
-59.0431
-58.8676
-58.6885
-58.5055
-58.3187
-58.1279
-57.933
-57.7338
-57.5301
-57.3218
-57.1085
-56.89
-56.6661
-56.4363
-56.2003
-55.9576
-55.7079
-55.4504
-55.1848
-54.9098
-54.6241
-54.3266
-54.0161
-53.6917
-53.3519
-52.9956
-52.6214
-52.2276
-51.8125
-51.3741
-50.91
-50.4177
-49.8941
-49.3358
-48.7389
-48.0987
-47.4102
-46.6661
-45.8587
-44.9791
-44.0175
-42.9623
-41.8003
-40.5159
-39.091
-37.5042
-35.7305
-33.741
-31.5023
-28.977
-26.1239
-22.9
-19.2641
-15.1822
-10.6379
-5.645
-0.263341
5.38774
11.1259
16.7198
21.9241
26.5251
30.3821
33.4455
35.7496
37.386
38.472
39.1258
39.4511
39.531
39.4282
39.1879
38.8421
38.4129
37.9157
37.3614
36.7577
36.1104
35.4238
34.7017
33.947
33.1624
32.3501
31.5124
30.6511
29.7683
28.8657
27.9449
27.0077
26.0556
25.0899
24.1123
23.124
22.1262
21.1202
20.1071
19.0879
18.0638
17.0358
16.0047
14.9714
13.9368
12.9016
11.8665
10.832
9.79891
8.76762
7.73866
6.71248
5.68947
4.67
3.65441
2.64298
1.63597
0.633601
-0.363924
-1.35644
-2.34381
-3.32592
-4.30267
-5.274
-6.23986
-7.20022
-8.15507
-9.10443
-10.0483
-10.9868
-11.9199
-12.8477
-13.7703
-14.6879
-15.6005
-16.5084
-17.4116
-18.3104
-19.2049
-20.0951
-20.9814
-21.8641
-22.7434
-23.6199
-24.4938
-25.3657
-26.236
-27.1053
-27.9741
-28.843
-29.7129
-30.5843
-31.458
-32.3351
-33.2163
-34.1027
-34.9953
-35.8953
-36.8039
-37.7223
-38.6518
-39.5938
-40.5497
-41.5209
-42.5087
-43.5146
-44.5398
-45.5854
-46.6526
-47.7419
-48.8539
-49.9886
-51.1454
-52.3232
-53.52
-54.7333
-55.9591
-57.1927
-58.4283
-59.6588
-60.8764
-62.0723
-63.2375
-64.3625
-65.4385
-66.4573
-67.4119
-68.2969
-69.1086
-69.8456
-70.5079
-71.0967
-71.6148
-72.0663
-72.4564
-72.7906
-73.0747
-73.3144
-73.5151
-73.6818
-73.8191
-73.9311
-74.0214
-74.0932
-74.1493
-74.1915
-74.2207
-74.2379
-74.2445
-74.2417
-74.2309
-74.2133
-74.19
-74.1619
-74.1298
-74.0944
-74.0562
-74.0157
-73.9734
-73.9296
-73.8846
-73.8386
-73.7918
-73.7444
-73.6966
-73.6485
-73.6001
-73.5516
-73.5031
-73.4545
-73.4061
-73.3577
-73.3095
-73.2614
-73.2136
-73.166
-73.1186
-73.0715
-73.0246
-72.9781
-72.9318
-72.8859
-72.8402
-72.7949
-72.7499
-72.7052
-72.6608
-72.6168
-72.5731
-72.5298
-72.4868
-72.4441
-72.4017
-72.3597
-72.318
-72.2767
-72.2357
-72.1951
-72.1547
-72.1148
-72.0751
-72.0358
-71.9968
-71.9582
-71.9199
-71.8819
-71.8443
-71.807
-71.77
-71.7333
-71.697
-71.661
-71.6253
-71.59
-71.5549
-71.5202
-71.4859
-71.4518
-71.418
-71.3846
-71.3515
-71.3187
-71.2862
-71.2541
-71.2222
-71.1906
-71.1594
-71.1285
-71.0978
-71.0675
-71.0375
-71.0077
-70.9783
-70.9492
-70.9203
-70.8918
-70.8635
-70.8356
-70.8079
-70.7805
-70.7535
-70.7267
-70.7001
-70.6739
-70.6479
-70.6223
-70.5969
-70.5717
-70.5469
-70.5223
-70.498
-70.4739
-70.4502
-70.4267
-70.4034
-70.3804
-70.3577
-70.3352
-70.313
-70.2911
-70.2694
-70.2479
-70.2267
-70.2058
-70.1851
-70.1646
-70.1444
-70.1244
-70.1047
-70.0852
-70.0659
-70.0469
-70.028
-70.0095
-69.9911
-69.973
-69.9551
-69.9374
-69.92
-69.9027
-69.8857
-69.8689
-69.8523
-69.8359
-69.8197
-69.8037
-69.788
-69.7724
-69.757
-69.7419
-69.7269
-69.7121
-69.6975
-69.6831
-69.6689
-69.6549
-69.6411
-69.6274
-69.614
-69.6007
-69.5876
-69.5746
-69.5619
-69.5493
-69.5369
-69.5246
-69.5126
-69.5006
-69.4889
-69.4773
-69.4659
-69.4546
-69.4435
-69.4325
-69.4217
-69.411
-69.4005
-69.3901
-69.3799
-69.3698
-69.3598
-69.35
-69.3404
-69.3308
-69.3214
-69.3122
-69.303
-69.294
-69.2851
-69.2764
-69.2677
-69.2592
-69.2508
-69.2425
-69.2344
-69.2263
-69.2184
-69.2106
-69.2028
-69.1952
-69.1877
-69.1803
-69.173
-69.1658
-69.1587
-69.1517
-69.1448
-69.138
-69.1313
-69.1247
-69.1182
-69.1117
-69.1054
-69.0991
-69.0929
-69.0868
-69.0808
-69.0748
-69.069
-69.0632
-69.0575
-69.0518
-69.0462
-69.0407
-69.0353
-69.0299
-69.0246
-69.0194
-69.0142
-69.0091
-69.0041
-68.9991
-68.9942
-68.9893
-68.9845
-68.9797
-68.975
-68.9704
-68.9658
-68.9612
-68.9567
-68.9523
-68.9478
-68.9435
-68.9392
-68.9349
-68.9306
-68.9264
-68.9223
-68.9181
-68.914
-68.91
-68.906
-68.902
-68.898
-68.8941
-68.8902
-68.8863
-68.8825
-68.8787
-68.8749
-68.8711
-68.8674
-68.8637
-68.86
-68.8563
-68.8527
-68.849
-68.8454
-68.8418
-68.8382
-68.8347
-68.8311
-68.8276
-68.824
-68.8205
-68.817
-68.8135
-68.8101
-68.8066
-68.8031
-68.7996
-68.7962
-68.792
-68.7864
-68.7788
-68.769
-68.7568
-68.7422
-68.7251
-68.7057
-68.6839
-68.66
-68.6339
-68.6059
-68.576
-68.5443
-68.511
-68.4762
-68.44
-68.4025
-68.3638
-68.324
-68.2832
-68.2415
-68.199
-68.1557
-68.1117
-68.0672
-68.0221
-67.9766
-67.9307
-67.8838
-67.8351
-67.7844
-67.7312
-67.6756
-67.6176
-67.5571
-67.4943
-67.4292
-67.3621
-67.2931
-67.2222
-67.1497
-67.0757
-67.0004
-66.9238
-66.8462
-66.7676
-66.6881
-66.6079
-66.5271
-66.4458
-66.3641
-66.2821
-66.1999
-66.1175
-66.0351
-65.9527
-65.8704
-65.7882
-65.7062
-65.6246
-65.5432
-65.4622
-65.3817
-65.3016
-65.222
-65.143
-65.0645
-64.9867
-64.9095
-64.833
-64.7572
-64.6822
-64.6078
-64.5343
-64.4615
-64.3896
-64.3184
-64.2481
-64.1787
-64.1101
-64.0423
-63.9755
-63.9095
-63.8444
-63.7796
-63.7143
-63.6483
-63.5811
-63.5127
-63.443
-63.3719
-63.2995
-63.226
-63.1512
-63.0754
-62.9986
-62.921
-62.8425
-62.7634
-62.6836
-62.6033
-62.5226
-62.4415
-62.3601
-62.2785
-62.1967
-62.1148
-62.0329
-61.9503
-61.8666
-61.7814
-61.6944
-61.6056
-61.5149
-61.4223
-61.328
-61.2319
-61.1342
-61.035
-60.9344
-60.8325
-60.7293
-60.6249
-60.5195
-60.4131
-60.3058
-60.1976
-60.0885
-59.9788
-59.8683
-59.7571
-59.6453
-59.5328
-59.4197
-59.306
-59.1918
-59.0769
-58.9614
-58.8453
-58.7286
-58.6113
-58.4932
-58.374
-58.2528
-58.1295
-58.0037
-57.8752
-57.7439
-57.6097
-57.4726
-57.3326
-57.1896
-57.0434
-56.8942
-56.7418
-56.586
-56.4269
-56.2643
-56.098
-55.928
-55.754
-55.5759
-55.3934
-55.2063
-55.0143
-54.8172
-54.6146
-54.4062
-54.1916
-53.9703
-53.7418
-53.5058
-53.2615
-53.0084
-52.7457
-52.4728
-52.1887
-51.8926
-51.5834
-51.2601
-50.9212
-50.5655
-50.1914
-49.7972
-49.3809
-48.9403
-48.4731
-47.9765
-47.4473
-46.8822
-46.2771
-45.6276
-44.9285
-44.1742
-43.3579
-42.4721
-41.5082
-40.4563
-39.3052
-38.0419
-36.652
-35.1189
-33.4241
-31.5472
-29.466
-27.1568
-24.5956
-21.7599
-18.6307
-15.1965
-11.4583
-7.43566
-3.17271
1.25702
5.75022
10.1796
14.4067
18.3001
21.7532
24.698
27.1092
29.0002
30.4128
31.4054
32.0419
32.3839
32.4862
32.395
32.1477
31.774
31.2969
30.7343
30.1
29.405
28.658
27.8659
27.0344
26.1685
25.2722
24.3491
23.4026
22.4353
21.4499
20.4488
19.434
18.4076
17.3712
16.3267
15.2755
14.2191
13.1586
12.0953
11.0303
9.96453
8.89892
7.83427
6.77132
5.71074
4.65312
3.59899
2.54883
1.50305
0.462022
-0.573917
-1.60448
-2.62942
-3.64853
-4.66165
-5.66864
-6.66943
-7.66394
-8.65214
-9.63402
-10.6096
-11.5789
-12.542
-13.4987
-14.4493
-15.3939
-16.3326
-17.2656
-18.1932
-19.1155
-20.0328
-20.9455
-21.8538
-22.7581
-23.6588
-24.5563
-25.4511
-26.3437
-27.2347
-28.1247
-29.0142
-29.9037
-30.7942
-31.6863
-32.581
-33.4794
-34.3825
-35.2915
-36.2075
-37.1317
-38.0656
-39.0104
-39.9674
-40.9381
-41.9239
-42.9261
-43.9461
-44.9849
-46.0437
-47.1232
-48.2241
-49.3465
-50.4902
-51.6542
-52.8371
-54.0366
-55.2494
-56.4714
-57.6975
-58.9213
-60.1358
-61.3328
-62.5037
-63.6397
-64.732
-65.7721
-66.7528
-67.6679
-68.5132
-69.2859
-69.9852
-70.6119
-71.1686
-71.6588
-72.0869
-72.4581
-72.7777
-73.051
-73.2834
-73.4798
-73.6448
-73.7825
-73.8966
-73.9906
-74.0672
-74.129
-74.1782
-74.2167
-74.246
-74.2676
-74.2826
-74.292
-74.2967
-74.2974
-74.2946
-74.289
-74.2809
-74.2708
-74.2589
-74.2455
-74.2308
-74.2151
-74.1984
-74.181
-74.1629
-74.1443
-74.1253
-74.1058
-74.0861
-74.066
-74.0458
-74.0253
-74.0047
-73.984
-73.9632
-73.9424
-73.9214
-73.9005
-73.8795
-73.8585
-73.8375
-73.8166
-73.7956
-73.7747
-73.7538
-73.7329
-73.7121
-73.6913
-73.6706
-73.6499
-73.6293
-73.6087
-73.5882
-73.5678
-73.5474
-73.5271
-73.5069
-73.4867
-73.4666
-73.4466
-73.4266
-73.4067
-73.3869
-73.3671
-73.3474
-73.3278
-73.3083
-73.2888
-73.2688
-73.2476
-73.2249
-73.2006
-73.1747
-73.1473
-73.1184
-73.0881
-73.0566
-73.0241
-72.9906
-72.9563
-72.9213
-72.8857
-72.8496
-72.8131
-72.7762
-72.739
-72.7017
-72.6641
-72.6265
-72.5888
-72.5511
-72.5124
-72.4721
-72.4298
-72.3855
-72.3392
-72.291
-72.2412
-72.1899
-72.1373
-72.0836
-72.0289
-71.9734
-71.9173
-71.8607
-71.8036
-71.7462
-71.6887
-71.631
-71.5732
-71.5155
-71.4579
-71.4004
-71.3431
-71.2861
-71.2294
-71.1729
-71.1169
-71.0612
-71.0059
-70.9511
-70.8967
-70.8428
-70.7894
-70.7365
-70.6842
-70.6323
-70.581
-70.5302
-70.48
-70.4304
-70.3813
-70.3328
-70.2848
-70.2375
-70.1907
-70.1445
-70.0988
-70.0538
-70.0093
-69.9654
-69.9213
-69.8765
-69.8298
-69.7804
-69.7278
-69.6717
-69.6122
-69.5494
-69.4835
-69.4147
-69.3433
-69.2695
-69.1936
-69.1159
-69.0366
-68.9559
-68.8741
-68.7913
-68.7078
-68.6238
-68.5393
-68.4546
-68.3697
-68.2849
-68.2002
-68.1158
-68.0317
-67.948
-67.8648
-67.7823
-67.7004
-67.6192
-67.5387
-67.4591
-67.3804
-67.3026
-67.2257
-67.1498
-67.0748
-67.0009
-66.9281
-66.8563
-66.7856
-66.716
-66.6475
-66.5801
-66.5138
-66.4487
-66.3847
-66.3218
-66.2601
-66.1994
-66.14
-66.0816
-66.0244
-65.9683
-65.9133
-65.8594
-65.8067
-65.755
-65.7044
-65.6549
-65.6065
-65.5592
-65.5129
-65.4677
-65.4235
-65.3803
-65.3382
-65.2971
-65.257
-65.2178
-65.1797
-65.1425
-65.1063
-65.0711
-65.0368
-65.0034
-64.971
-64.9395
-64.9088
-64.8791
-64.8502
-64.8223
-64.7951
-64.7689
-64.7435
-64.7189
-64.6951
-64.6721
-64.65
-64.6286
-64.6081
-64.5883
-64.5692
-64.551
-64.5334
-64.5166
-64.5006
-64.4852
-64.4706
-64.4566
-64.4434
-64.4308
-64.4189
-64.4076
-64.3971
-64.3871
-64.3778
-64.3691
-64.3611
-64.3536
-64.3468
-64.3405
-64.3349
-64.3298
-64.3253
-64.3213
-64.3179
-64.315
-64.3127
-64.3109
-64.3096
-64.3088
-64.3085
-64.3087
-64.3094
-64.3106
-64.3122
-64.3143
-64.3168
-64.3198
-64.3233
-64.3271
-64.3314
-64.3361
-64.3412
-64.3467
-64.3526
-64.3589
-64.3656
-64.3726
-64.38
-64.3877
-64.3958
-64.4042
-64.413
-64.422
-64.4314
-64.4411
-64.4511
-64.4614
-64.472
-64.4829
-64.4941
-64.5055
-64.5171
-64.5291
-64.5413
-64.5537
-64.5663
-64.5792
-64.5923
-64.6056
-64.6191
-64.6329
-64.6468
-64.6609
-64.6752
-64.6897
-64.7043
-64.7191
-64.7341
-64.7492
-64.7645
-64.7799
-64.7955
-64.8112
-64.827
-64.8429
-64.859
-64.8752
-64.8914
-64.9078
-64.9243
-64.9408
-64.9575
-64.9742
-64.991
-65.0079
-65.0249
-65.0419
-65.0589
-65.0761
-65.0932
-65.1105
-65.1277
-65.145
-65.1624
-65.1797
-65.1971
-65.2145
-65.2319
-65.2494
-65.2668
-65.2843
-65.3018
-65.3192
-65.3367
-65.3542
-65.3716
-65.3891
-65.4065
-65.4239
-65.4413
-65.4586
-65.476
-65.4933
-65.5106
-65.5278
-65.545
-65.5622
-65.5793
-65.5964
-65.6134
-65.6304
-65.6473
-65.6642
-65.681
-65.6978
-65.7145
-65.7312
-65.7477
-65.7642
-65.7807
-65.7971
-65.8134
-65.8286
-65.8419
-65.8528
-65.861
-65.8664
-65.8691
-65.8691
-65.8665
-65.8615
-65.8541
-65.8445
-65.8328
-65.8192
-65.8037
-65.7865
-65.7677
-65.7475
-65.7258
-65.7028
-65.6786
-65.6533
-65.627
-65.5997
-65.5716
-65.5427
-65.5131
-65.4829
-65.452
-65.4207
-65.3889
-65.3567
-65.3241
-65.2912
-65.2581
-65.2248
-65.1913
-65.1576
-65.1239
-65.0902
-65.0564
-65.0226
-64.9889
-64.9553
-64.9218
-64.8884
-64.8552
-64.8222
-64.7894
-64.7568
-64.7245
-64.6924
-64.6606
-64.6291
-64.598
-64.5671
-64.5367
-64.5065
-64.4768
-64.4474
-64.4185
-64.3892
-64.3591
-64.3275
-64.2943
-64.2592
-64.2222
-64.1833
-64.1425
-64.0999
-64.0555
-64.0095
-63.9619
-63.9129
-63.8626
-63.811
-63.7583
-63.7045
-63.6499
-63.5944
-63.5381
-63.4812
-63.4237
-63.3657
-63.3072
-63.2485
-63.1894
-63.13
-63.0706
-63.011
-62.9513
-62.8916
-62.832
-62.7724
-62.713
-62.6537
-62.5947
-62.5351
-62.4746
-62.4125
-62.3487
-62.283
-62.2153
-62.1458
-62.0745
-62.0013
-61.9265
-61.8501
-61.7716
-61.6906
-61.6065
-61.5194
-61.4292
-61.3358
-61.2394
-61.1401
-61.038
-60.9333
-60.826
-60.7165
-60.6047
-60.4909
-60.3751
-60.2576
-60.1383
-60.0174
-59.895
-59.7712
-59.646
-59.5195
-59.3918
-59.2629
-59.1329
-59.0017
-58.8694
-58.736
-58.6015
-58.4659
-58.3292
-58.1913
-58.0523
-57.912
-57.7704
-57.6275
-57.4832
-57.3374
-57.1901
-57.0411
-56.8904
-56.7377
-56.5831
-56.4263
-56.2673
-56.1057
-55.9416
-55.7747
-55.6047
-55.431
-55.2526
-55.0691
-54.8798
-54.6844
-54.4825
-54.2736
-54.0574
-53.8335
-53.6015
-53.3608
-53.111
-52.8514
-52.5814
-52.3002
-52.0069
-51.7008
-51.3802
-51.0436
-50.6894
-50.3158
-49.9213
-49.5038
-49.0615
-48.5918
-48.0922
-47.5598
-46.9912
-46.3824
-45.7293
-45.0267
-44.269
-43.4497
-42.5612
-41.595
-40.5412
-39.3886
-38.1243
-36.7336
-35.1999
-33.5044
-31.6265
-29.5434
-27.231
-24.6647
-21.8211
-18.6802
-15.2296
-11.4695
-7.41884
-3.12199
1.34678
5.88254
10.3556
14.6248
18.556
22.0408
25.0099
27.4382
29.3398
30.7576
31.7515
32.3866
32.7258
32.8245
32.7296
32.4787
32.1016
31.6215
31.0562
30.4195
29.7224
28.9734
28.1795
27.3463
26.4787
25.5808
24.6561
23.7079
22.739
21.7519
20.749
19.7325
18.7042
17.6661
16.6197
15.5666
14.5083
13.446
12.3808
11.314
10.2465
9.17915
8.11282
7.04827
5.98619
4.92719
3.87184
2.82062
1.77396
0.73225
-0.304193
-1.33508
-2.36018
-3.37929
-4.39225
-5.39893
-6.39923
-7.39308
-8.38044
-9.36131
-10.3357
-11.3036
-12.2651
-13.2202
-14.1692
-15.112
-16.0488
-16.9798
-17.9051
-18.8251
-19.7398
-20.6497
-21.5548
-22.4557
-23.3526
-24.246
-25.1362
-26.0238
-26.9093
-27.7932
-28.6762
-29.5589
-30.4421
-31.3265
-32.2131
-33.1028
-33.9964
-34.8951
-35.8
-36.7122
-37.6329
-38.5634
-39.5051
-40.4591
-41.427
-42.4099
-43.4092
-44.426
-45.4615
-46.5166
-47.5919
-48.6878
-49.8043
-50.9409
-52.0965
-53.2693
-54.4567
-55.6554
-56.8608
-58.0677
-59.2696
-60.4594
-61.6292
-62.7698
-63.8723
-64.9283
-65.9299
-66.8707
-67.7454
-68.5505
-69.2841
-69.9461
-70.5379
-71.0622
-71.5229
-71.924
-72.27
-72.566
-72.8172
-73.0285
-73.2048
-73.3505
-73.4696
-73.5659
-73.6424
-73.702
-73.7472
-73.7801
-73.8026
-73.8161
-73.8222
-73.8218
-73.816
-73.8056
-73.7914
-73.7739
-73.7537
-73.7312
-73.7068
-73.6807
-73.6533
-73.6247
-73.5952
-73.5649
-73.5341
-73.5027
-73.4709
-73.4387
-73.4064
-73.3738
-73.3411
-73.3083
-73.2755
-73.2427
-73.2099
-73.1771
-73.1444
-73.1118
-73.0793
-73.0469
-73.0146
-72.9825
-72.9505
-72.9187
-72.887
-72.8555
-72.8241
-72.793
-72.762
-72.7312
-72.7005
-72.6701
-72.6398
-72.6098
-72.5799
-72.5502
-72.5207
-72.4914
-72.4623
-72.4334
-72.4047
-72.3762
-72.3479
-72.3198
-72.2919
-72.2641
-72.2366
-72.2093
-72.1821
-72.1552
-72.1285
-72.1019
-72.0756
-72.0494
-72.0235
-71.9977
-71.9721
-71.9467
-71.9215
-71.8966
-71.8717
-71.8471
-71.8227
-71.7985
-71.7744
-71.7506
-71.7269
-71.7034
-71.6801
-71.657
-71.6341
-71.6114
-71.5888
-71.5664
-71.5442
-71.5222
-71.5004
-71.4787
-71.4572
-71.4359
-71.4148
-71.3939
-71.3731
-71.3525
-71.3321
-71.3118
-71.2917
-71.2718
-71.252
-71.2325
-71.213
-71.1938
-71.1747
-71.1558
-71.137
-71.1184
-71.1
-71.0817
-71.0626
-71.0419
-71.0192
-70.9943
-70.9674
-70.9384
-70.9076
-70.8751
-70.8411
-70.8057
-70.7691
-70.7314
-70.6928
-70.6535
-70.6134
-70.5728
-70.5317
-70.4903
-70.4485
-70.4066
-70.3645
-70.3223
-70.28
-70.2378
-70.1957
-70.1537
-70.1118
-70.0701
-70.0287
-69.9875
-69.9465
-69.9059
-69.8656
-69.8256
-69.786
-69.7467
-69.7079
-69.6694
-69.6314
-69.5937
-69.5565
-69.5197
-69.4834
-69.4475
-69.412
-69.377
-69.3424
-69.3083
-69.2747
-69.2415
-69.2088
-69.1765
-69.1447
-69.1134
-69.0825
-69.0521
-69.0221
-68.9926
-68.9635
-68.9348
-68.9067
-68.8789
-68.8516
-68.8247
-68.7983
-68.7723
-68.7467
-68.7216
-68.6968
-68.6725
-68.6486
-68.6251
-68.602
-68.5793
-68.5569
-68.535
-68.5135
-68.4923
-68.4716
-68.4512
-68.4311
-68.4115
-68.3922
-68.3732
-68.3547
-68.3364
-68.3185
-68.301
-68.2838
-68.2669
-68.2503
-68.2341
-68.2182
-68.2026
-68.1873
-68.1723
-68.1576
-68.1433
-68.1292
-68.1154
-68.1019
-68.0887
-68.0758
-68.0631
-68.0507
-68.0386
-68.0267
-68.0151
-68.0038
-67.9927
-67.9819
-67.9713
-67.961
-67.9509
-67.9403
-67.9286
-67.9154
-67.9003
-67.8833
-67.8642
-67.8431
-67.8201
-67.7951
-67.7685
-67.7401
-67.7102
-67.6789
-67.6463
-67.6124
-67.5775
-67.5416
-67.5047
-67.4671
-67.4288
-67.3899
-67.3497
-67.3077
-67.2634
-67.2168
-67.1677
-67.1161
-67.0621
-67.0059
-66.9475
-66.8872
-66.8251
-66.7614
-66.6962
-66.6296
-66.5619
-66.4931
-66.4235
-66.353
-66.282
-66.2104
-66.1384
-66.0661
-65.9936
-65.921
-65.8483
-65.7757
-65.7032
-65.631
-65.559
-65.4873
-65.416
-65.3451
-65.2748
-65.2049
-65.1356
-65.067
-64.999
-64.9317
-64.8651
-64.7992
-64.7341
-64.6698
-64.6063
-64.5436
-64.4818
-64.4209
-64.3608
-64.3016
-64.2433
-64.186
-64.1295
-64.074
-64.0194
-63.9658
-63.9131
-63.8614
-63.8106
-63.7607
-63.7119
-63.6639
-63.617
-63.571
-63.5259
-63.4818
-63.4387
-63.3965
-63.3552
-63.3149
-63.2755
-63.2371
-63.1996
-63.1631
-63.1275
-63.0927
-63.059
-63.0261
-62.9941
-62.9631
-62.9329
-62.9037
-62.8753
-62.8478
-62.8212
-62.7955
-62.7707
-62.7467
-62.7235
-62.7013
-62.6799
-62.6593
-62.6395
-62.6206
-62.6025
-62.5853
-62.5682
-62.5507
-62.5323
-62.5128
-62.4921
-62.47
-62.4466
-62.4218
-62.3958
-62.3687
-62.3404
-62.311
-62.2808
-62.2496
-62.2177
-62.1851
-62.1518
-62.118
-62.0837
-62.049
-62.0139
-61.9785
-61.9429
-61.9071
-61.8712
-61.8352
-61.7992
-61.7632
-61.7273
-61.6914
-61.6557
-61.6202
-61.5848
-61.5497
-61.5148
-61.4803
-61.446
-61.4121
-61.3786
-61.3448
-61.3103
-61.2746
-61.2376
-61.1982
-61.1555
-61.1092
-61.0591
-61.0051
-60.9473
-60.8859
-60.8211
-60.7529
-60.6818
-60.6077
-60.531
-60.4517
-60.3702
-60.2865
-60.2008
-60.1132
-60.0239
-59.933
-59.8407
-59.7469
-59.652
-59.5558
-59.4586
-59.3604
-59.2612
-59.1611
-59.0603
-58.9586
-58.8563
-58.7533
-58.6496
-58.5452
-58.4403
-58.3348
-58.2287
-58.122
-58.0147
-57.9069
-57.7984
-57.6894
-57.5797
-57.4693
-57.3583
-57.2466
-57.1341
-57.0208
-56.9067
-56.7917
-56.6757
-56.5587
-56.4407
-56.3215
-56.2011
-56.0794
-55.9563
-55.8317
-55.7055
-55.5777
-55.448
-55.3158
-55.1806
-55.0417
-54.8989
-54.7518
-54.6001
-54.4438
-54.2825
-54.1162
-53.9444
-53.7671
-53.5839
-53.3946
-53.1988
-52.9962
-52.7863
-52.5681
-52.3402
-52.1019
-51.8522
-51.5899
-51.3138
-51.0227
-50.7156
-50.3913
-50.0488
-49.6866
-49.3035
-48.8978
-48.4678
-48.0113
-47.5261
-47.0096
-46.4587
-45.87
-45.2397
-44.5633
-43.8357
-43.0513
-42.2036
-41.2849
-40.287
-39.2002
-38.0135
-36.7147
-35.2898
-33.7235
-31.9987
-30.0972
-27.9994
-25.6857
-23.1372
-20.3374
-17.2753
-13.9482
-10.3666
-6.55815
-2.57211
1.51889
5.62066
9.62397
13.4158
16.8927
19.9738
22.6084
24.7786
26.4955
27.7918
28.7131
29.3103
29.6335
29.7285
29.635
29.3863
29.0097
28.527
27.9557
27.31
26.601
25.838
25.0284
24.1785
23.2935
22.378
21.436
20.4709
19.4858
18.4835
17.4666
16.4373
15.3978
14.35
13.2955
12.2359
11.1727
10.107
9.04002
7.97284
6.90636
5.84144
4.77882
3.71918
2.66311
1.61115
0.56376
-0.478651
-1.51573
-2.54719
-3.57276
-4.59224
-5.60546
-6.61228
-7.6126
-8.60636
-9.59351
-10.574
-11.548
-12.5154
-13.4762
-14.4307
-15.3789
-16.3209
-17.2569
-18.1871
-19.1118
-20.031
-20.9452
-21.8546
-22.7595
-23.6604
-24.5575
-25.4515
-26.3427
-27.2317
-28.1191
-29.0056
-29.8918
-30.7784
-31.6664
-32.5566
-33.4499
-34.3473
-35.2499
-36.1587
-37.0751
-38.0001
-38.935
-39.8813
-40.84
-41.8127
-42.8004
-43.8046
-44.8262
-45.8664
-46.9258
-48.005
-49.1043
-50.2233
-51.3615
-52.5173
-53.6888
-54.8732
-56.0666
-57.2645
-58.4612
-59.6502
-60.8237
-61.9735
-63.0912
-64.1685
-65.1975
-66.1711
-67.0834
-67.9297
-68.7072
-69.4145
-70.0519
-70.6212
-71.1253
-71.5681
-71.9541
-72.2883
-72.5757
-72.8213
-73.0299
-73.2059
-73.3535
-73.4764
-73.578
-73.6611
-73.7285
-73.7824
-73.8247
-73.8571
-73.881
-73.8978
-73.9085
-73.914
-73.9151
-73.9124
-73.9065
-73.8978
-73.8869
-73.8741
-73.8595
-73.8436
-73.8264
-73.8083
-73.7893
-73.7696
-73.7493
-73.7285
-73.7072
-73.6856
-73.6637
-73.6416
-73.6193
-73.5968
-73.5743
-73.5516
-73.5289
-73.5061
-73.4833
-73.4605
-73.4377
-73.4149
-73.3921
-73.3694
-73.3467
-73.3241
-73.3016
-73.2791
-73.2566
-73.2343
-73.212
-73.1898
-73.1677
-73.1457
-73.1237
-73.1019
-73.0801
-73.0584
-73.0368
-73.0154
-72.994
-72.9727
-72.9515
-72.9304
-72.9094
-72.8885
-72.8676
-72.8469
-72.8263
-72.8058
-72.7854
-72.7651
-72.7449
-72.7248
-72.7047
-72.6848
-72.665
-72.6453
-72.6257
-72.6062
-72.5867
-72.5674
-72.5482
-72.5291
-72.51
-72.4911
-72.4723
-72.4535
-72.4349
-72.4164
-72.3979
-72.3796
-72.3613
-72.3432
-72.3251
-72.3071
-72.2892
-72.2715
-72.2538
-72.2362
-72.2187
-72.2013
-72.1839
-72.1667
-72.1496
-72.1325
-72.1155
-72.0987
-72.0819
-72.0652
-72.0486
-72.0321
-72.0156
-71.9993
-71.983
-71.9668
-71.9507
-71.9347
-71.9188
-71.9029
-71.8871
-71.8715
-71.8559
-71.8403
-71.8249
-71.8095
-71.7942
-71.779
-71.7638
-71.7488
-71.7338
-71.7189
-71.704
-71.6893
-71.6746
-71.66
-71.6454
-71.6309
-71.6165
-71.6022
-71.5879
-71.5737
-71.5596
-71.5455
-71.5315
-71.5175
-71.5037
-71.4898
-71.4761
-71.4624
-71.4488
-71.4352
-71.4217
-71.4083
-71.3949
-71.3816
-71.3683
-71.3551
-71.3419
-71.3288
-71.3158
-71.3028
-71.2898
-71.2769
-71.2641
-71.2513
-71.2386
-71.2259
-71.2133
-71.2007
-71.1882
-71.1757
-71.1632
-71.1508
-71.1385
-71.1262
-71.1139
-71.1017
-71.0895
-71.0774
-71.0653
-71.0532
-71.0412
-71.0292
-71.0173
-71.0054
-70.9935
-70.9817
-70.9699
-70.9581
-70.9464
-70.9347
-70.9231
-70.9115
-70.8999
-70.8883
-70.8768
-70.8653
-70.8538
-70.8424
-70.831
-70.8196
-70.8082
-70.7969
-70.7856
-70.7743
-70.7631
-70.7518
-70.7406
-70.7295
-70.7183
-70.7072
-70.696
-70.685
-70.6739
-70.6628
-70.6518
-70.6408
-70.6298
-70.6188
-70.6078
-70.5969
-70.586
-70.5751
-70.5642
-70.5533
-70.5424
-70.5315
-70.5207
-70.5099
-70.4991
-70.4882
-70.4775
-70.4667
-70.4559
-70.4451
-70.4344
-70.4236
-70.4129
-70.4022
-70.3915
-70.3808
-70.37
-70.3594
-70.3487
-70.338
-70.3273
-70.3166
-70.306
-70.2953
-70.2846
-70.274
-70.2633
-70.2527
-70.242
-70.2314
-70.2207
-70.2101
-70.1994
-70.1888
-70.1782
-70.1675
-70.1569
-70.1462
-70.1356
-70.1249
-70.1143
-70.1037
-70.093
-70.0824
-70.0717
-70.0611
-70.0504
-70.0397
-70.0291
-70.0177
-70.0049
-69.9901
-69.973
-69.9535
-69.9315
-69.907
-69.8799
-69.8505
-69.8188
-69.7848
-69.7487
-69.7107
-69.6708
-69.6291
-69.5858
-69.541
-69.4948
-69.4473
-69.3986
-69.3488
-69.2979
-69.2462
-69.1936
-69.1403
-69.0863
-69.0317
-68.9766
-68.921
-68.865
-68.8087
-68.7521
-68.6952
-68.6382
-68.5811
-68.5239
-68.4666
-68.4094
-68.3522
-68.2951
-68.2381
-68.1812
-68.1246
-68.0681
-68.0119
-67.956
-67.9003
-67.845
-67.7899
-67.7353
-67.681
-67.6271
-67.5736
-67.5206
-67.468
-67.4158
-67.3641
-67.3129
-67.2621
-67.2119
-67.1621
-67.1129
-67.0642
-67.016
-66.9684
-66.9213
-66.8748
-66.8288
-66.7833
-66.7385
-66.6941
-66.6504
-66.6072
-66.5646
-66.5226
-66.4804
-66.4375
-66.3934
-66.3477
-66.3003
-66.2511
-66.2001
-66.1474
-66.0929
-66.0368
-65.9792
-65.9201
-65.8597
-65.798
-65.7352
-65.6713
-65.6065
-65.5408
-65.4743
-65.4071
-65.3394
-65.2711
-65.2024
-65.1333
-65.0639
-64.9936
-64.9218
-64.8481
-64.7723
-64.6944
-64.6142
-64.5319
-64.4475
-64.3611
-64.2728
-64.1829
-64.0912
-63.9981
-63.9036
-63.8079
-63.7111
-63.6132
-63.5144
-63.4148
-63.3145
-63.2135
-63.112
-63.0101
-62.9078
-62.8051
-62.7022
-62.5991
-62.4959
-62.3925
-62.2891
-62.1858
-62.0824
-61.9791
-61.8759
-61.7729
-61.67
-61.5672
-61.4646
-61.3622
-61.2601
-61.1581
-61.0564
-60.9549
-60.8536
-60.7525
-60.6517
-60.5511
-60.45
-60.3479
-60.2443
-60.1389
-60.0316
-59.9222
-59.8108
-59.6973
-59.5818
-59.4637
-59.3423
-59.2173
-59.0886
-58.9559
-58.8192
-58.6785
-58.5339
-58.3853
-58.2328
-58.0765
-57.9163
-57.7522
-57.5842
-57.4123
-57.2365
-57.0567
-56.8727
-56.6845
-56.4918
-56.2947
-56.0928
-55.8859
-55.6738
-55.4562
-55.2327
-55.003
-54.7667
-54.5234
-54.2725
-54.0135
-53.7457
-53.4685
-53.1812
-52.8828
-52.5725
-52.2492
-51.9113
-51.5571
-51.1849
-50.7928
-50.379
-49.9414
-49.4778
-48.9856
-48.4614
-47.9016
-47.3022
-46.6586
-45.9661
-45.2189
-44.4106
-43.5339
-42.5803
-41.5399
-40.4016
-39.1523
-37.7772
-36.2591
-34.5787
-32.7141
-30.6412
-28.3335
-25.7634
-22.9033
-19.7279
-16.2183
-12.3674
-8.18678
-3.71472
0.976529
5.77786
10.5477
15.1261
19.3561
23.1083
26.2984
28.8949
30.914
32.4071
33.4447
34.1025
34.4523
34.5565
34.466
34.2211
33.853
33.385
32.835
32.2161
31.5387
30.8108
30.039
29.2286
28.384
27.509
26.6071
25.681
24.7335
23.7667
22.7831
21.7846
20.7733
19.751
18.7193
17.6797
16.6337
15.5826
14.5276
13.4698
12.4103
11.3499
10.2895
9.22998
8.17201
7.11623
6.06324
5.01359
3.96776
2.92618
1.88923
0.85725
-0.169477
-1.1907
-2.20621
-3.21584
-4.21944
-5.21691
-6.20815
-7.19311
-8.17176
-9.1441
-10.1101
-11.0699
-12.0234
-12.9708
-13.9121
-14.8475
-15.7771
-16.7011
-17.6195
-18.5327
-19.4409
-20.3442
-21.243
-22.1376
-23.0283
-23.9155
-24.7995
-25.6809
-26.5602
-27.4378
-28.3144
-29.1905
-30.067
-30.9445
-31.8238
-32.7059
-33.5916
-34.482
-35.378
-36.2808
-37.1916
-38.1116
-39.042
-39.9841
-40.9393
-41.9088
-42.8934
-43.8943
-44.9123
-45.9486
-47.0038
-48.0785
-49.1728
-50.2864
-51.4186
-52.5679
-53.7322
-54.9085
-56.0929
-57.2808
-58.4664
-59.6431
-60.8035
-61.9399
-63.0439
-64.1074
-65.1227
-66.0827
-66.9816
-67.8151
-68.5801
-69.2756
-69.9018
-70.4606
-70.9549
-71.3887
-71.7665
-72.093
-72.3735
-72.6127
-72.8154
-72.986
-73.1288
-73.2472
-73.3447
-73.4242
-73.4882
-73.539
-73.5785
-73.6083
-73.63
-73.6447
-73.6535
-73.6572
-73.6568
-73.6527
-73.6455
-73.6358
-73.6239
-73.6101
-73.5948
-73.5782
-73.5604
-73.5417
-73.5223
-73.5022
-73.4815
-73.4604
-73.4389
-73.4171
-73.395
-73.3728
-73.3504
-73.3279
-73.3052
-73.2826
-73.2599
-73.2371
-73.2144
-73.1917
-73.169
-73.1463
-73.1237
-73.1012
-73.0787
-73.0563
-73.0339
-73.0116
-72.9894
-72.9673
-72.9453
-72.9234
-72.9016
-72.8799
-72.8582
-72.8367
-72.8153
-72.794
-72.7728
-72.7517
-72.7307
-72.7098
-72.689
-72.6683
-72.6477
-72.6273
-72.6069
-72.5867
-72.5665
-72.5465
-72.5266
-72.5068
-72.4871
-72.4675
-72.448
-72.4286
-72.4094
-72.3902
-72.3712
-72.3523
-72.3334
-72.3147
-72.2961
-72.2776
-72.2592
-72.2409
-72.2227
-72.204
-72.1843
-72.1632
-72.1405
-72.1162
-72.0905
-72.0633
-72.0347
-72.005
-71.9742
-71.9424
-71.9098
-71.8765
-71.8425
-71.808
-71.7731
-71.7378
-71.7022
-71.6663
-71.6303
-71.5942
-71.558
-71.5217
-71.4855
-71.4493
-71.4132
-71.3772
-71.3413
-71.3056
-71.27
-71.2347
-71.1995
-71.1646
-71.1299
-71.0955
-71.0613
-71.0274
-70.9937
-70.9604
-70.9273
-70.8945
-70.862
-70.8298
-70.7979
-70.7663
-70.7351
-70.7041
-70.6734
-70.6431
-70.6131
-70.5834
-70.5539
-70.5249
-70.4961
-70.4676
-70.4395
-70.4116
-70.3841
-70.3569
-70.33
-70.3033
-70.277
-70.251
-70.2253
-70.1999
-70.1748
-70.15
-70.1254
-70.1012
-70.0772
-70.0536
-70.0302
-70.0071
-69.9843
-69.9617
-69.9395
-69.9175
-69.8957
-69.8743
-69.8531
-69.8321
-69.8115
-69.791
-69.7709
-69.751
-69.7313
-69.7119
-69.6927
-69.6738
-69.6551
-69.636
-69.6159
-69.5942
-69.5709
-69.5458
-69.5188
-69.4901
-69.4597
-69.4276
-69.3941
-69.3592
-69.323
-69.2857
-69.2474
-69.2081
-69.168
-69.1273
-69.0859
-69.0439
-69.0015
-68.9588
-68.9157
-68.8724
-68.8289
-68.7854
-68.7417
-68.6981
-68.6545
-68.611
-68.5676
-68.5244
-68.4813
-68.4385
-68.396
-68.3537
-68.3117
-68.2701
-68.2289
-68.188
-68.1474
-68.1073
-68.0677
-68.0284
-67.9896
-67.9513
-67.9134
-67.876
-67.8391
-67.8026
-67.766
-67.7287
-67.6901
-67.6501
-67.6086
-67.5655
-67.5202
-67.4721
-67.4202
-67.3637
-67.3021
-67.2352
-67.1632
-67.0861
-67.0043
-66.918
-66.8275
-66.7331
-66.6353
-66.5342
-66.4304
-66.3239
-66.2152
-66.1045
-65.9922
-65.8783
-65.7632
-65.6471
-65.5302
-65.4127
-65.2948
-65.1766
-65.0583
-64.94
-64.8218
-64.704
-64.5866
-64.4696
-64.3533
-64.2376
-64.1227
-64.0086
-63.8954
-63.7832
-63.6719
-63.5618
-63.4527
-63.3447
-63.2379
-63.1323
-63.028
-62.9248
-62.823
-62.7224
-62.623
-62.525
-62.4283
-62.3328
-62.2387
-62.1459
-62.0544
-61.9642
-61.8753
-61.7877
-61.7014
-61.6164
-61.5327
-61.4502
-61.369
-61.2891
-61.2103
-61.1329
-61.0566
-60.9816
-60.9077
-60.8351
-60.7636
-60.6933
-60.6242
-60.5562
-60.4894
-60.4237
-60.3591
-60.2956
-60.2333
-60.172
-60.1118
-60.0527
-59.9947
-59.9377
-59.8818
-59.827
-59.7732
-59.7204
-59.6687
-59.618
-59.5683
-59.5197
-59.4721
-59.4255
-59.3799
-59.3348
-59.2895
-59.2438
-59.1973
-59.15
-59.1018
-59.0527
-59.0028
-58.9521
-58.9007
-58.8485
-58.7958
-58.7425
-58.6887
-58.6345
-58.5799
-58.525
-58.4698
-58.4143
-58.3587
-58.3029
-58.247
-58.1911
-58.135
-58.079
-58.0229
-57.9669
-57.9109
-57.855
-57.7992
-57.7434
-57.6878
-57.6323
-57.577
-57.5218
-57.4668
-57.412
-57.3568
-57.3007
-57.2435
-57.184
-57.1214
-57.0553
-56.9853
-56.9116
-56.834
-56.7527
-56.6679
-56.5795
-56.4878
-56.3928
-56.2947
-56.1935
-56.0893
-55.9822
-55.8722
-55.7594
-55.6438
-55.5248
-55.4021
-55.2752
-55.1439
-55.0081
-54.8676
-54.7224
-54.5723
-54.4173
-54.2573
-54.0921
-53.9217
-53.7457
-53.5641
-53.3766
-53.183
-52.9829
-52.7761
-52.5621
-52.3399
-52.1082
-51.8663
-51.6133
-51.3485
-51.0714
-50.781
-50.4767
-50.1575
-49.8225
-49.4705
-49.1002
-48.7102
-48.2989
-47.8645
-47.405
-46.918
-46.4009
-45.8509
-45.2647
-44.6385
-43.9683
-43.2493
-42.4762
-41.6431
-40.7431
-39.7688
-38.7115
-37.5617
-36.3088
-34.9409
-33.4451
-31.8072
-30.0124
-28.0451
-25.8898
-23.5321
-20.9599
-18.1654
-15.1476
-11.9153
-8.49011
-4.90965
-1.22882
2.48083
6.1349
9.6431
12.9184
15.8865
18.4931
20.7081
22.5249
23.9571
25.0329
25.789
26.2653
26.5014
26.5339
26.395
26.1123
25.7089
25.2042
24.6139
23.9509
23.226
22.4482
21.6248
20.7622
19.8657
18.9401
17.9894
17.0171
16.0264
15.0201
14.0007
12.9705
11.9315
10.8855
9.83417
8.77891
7.72109
6.66196
5.60262
4.54405
3.48713
2.43264
1.38125
0.333575
-0.709871
-1.74863
-2.7823
-3.81056
-4.83312
-5.84975
-6.86026
-7.8645
-8.86236
-9.85377
-10.8387
-11.8171
-12.789
-13.7545
-14.7137
-15.6665
-16.6133
-17.5541
-18.4891
-19.4185
-20.3426
-21.2617
-22.176
-23.086
-23.992
-24.8944
-25.7938
-26.6905
-27.5853
-28.4787
-29.3714
-30.2642
-31.1578
-32.0531
-32.951
-33.8525
-34.7586
-35.6705
-36.5893
-37.5162
-38.4526
-39.3996
-40.3586
-41.331
-42.3181
-43.3211
-44.3413
-45.3797
-46.4373
-47.5147
-48.6123
-49.7301
-50.8676
-52.0237
-53.1969
-54.3844
-55.5831
-56.7886
-57.9957
-59.1981
-60.3889
-61.5603
-62.704
-63.8117
-64.8751
-65.8867
-66.8398
-67.729
-68.5505
-69.3022
-69.9836
-70.5957
-71.141
-71.623
-72.0459
-72.4147
-72.7342
-73.0096
-73.2458
-73.4474
-73.6187
-73.7637
-73.8858
-73.9883
-74.0738
-74.1447
-74.2032
-74.251
-74.2897
-74.3206
-74.3449
-74.3635
-74.3772
-74.3868
-74.3929
-74.3959
-74.3964
-74.3947
-74.3911
-74.3859
-74.3792
-74.3714
-74.3626
-74.3529
-74.3425
-74.3314
-74.3198
-74.3071
-74.2928
-74.2768
-74.259
-74.2395
-74.2184
-74.1958
-74.172
-74.147
-74.121
-74.0942
-74.0666
-74.0385
-74.0098
-73.9807
-73.9512
-73.9215
-73.8915
-73.8614
-73.8311
-73.8008
-73.7704
-73.7399
-73.7095
-73.6791
-73.6487
-73.6184
-73.5882
-73.5581
-73.528
-73.4981
-73.4683
-73.4386
-73.4091
-73.3796
-73.3504
-73.3213
-73.2923
-73.2635
-73.2348
-73.2063
-73.1779
-73.1498
-73.1217
-73.0939
-73.0662
-73.0386
-73.0113
-72.9841
-72.957
-72.9301
-72.9034
-72.8769
-72.8505
-72.8243
-72.7982
-72.7723
-72.7466
-72.721
-72.6956
-72.6704
-72.6453
-72.6203
-72.5949
-72.5683
-72.5402
-72.5104
-72.479
-72.4458
-72.4111
-72.3748
-72.3373
-72.2985
-72.2587
-72.2179
-72.1763
-72.1339
-72.091
-72.0475
-72.0036
-71.9594
-71.9149
-71.8702
-71.8254
-71.7805
-71.7355
-71.6906
-71.6458
-71.601
-71.5564
-71.5119
-71.4677
-71.4237
-71.3799
-71.3363
-71.2931
-71.2502
-71.2075
-71.1652
-71.1233
-71.0816
-71.0404
-70.9995
-70.959
-70.9189
-70.8791
-70.8397
-70.8008
-70.7622
-70.724
-70.6863
-70.6489
-70.6119
-70.5754
-70.5392
-70.5035
-70.4681
-70.4332
-70.3986
-70.3645
-70.3307
-70.2974
-70.2645
-70.2319
-70.1997
-70.168
-70.1366
-70.1056
-70.075
-70.0448
-70.0149
-69.9854
-69.9563
-69.9276
-69.8992
-69.8712
-69.8436
-69.8163
-69.7894
-69.7628
-69.7365
-69.7107
-69.6851
-69.6599
-69.635
-69.6105
-69.5863
-69.5624
-69.5389
-69.5156
-69.4927
-69.4701
-69.4478
-69.4258
-69.4041
-69.3828
-69.3617
-69.3409
-69.3204
-69.3002
-69.2795
-69.2579
-69.2347
-69.2098
-69.183
-69.1544
-69.1239
-69.0917
-69.0577
-69.0222
-68.9852
-68.9469
-68.9074
-68.8667
-68.8251
-68.7825
-68.7391
-68.6951
-68.6505
-68.6053
-68.5597
-68.5137
-68.4675
-68.421
-68.3743
-68.3276
-68.2808
-68.2341
-68.1873
-68.1407
-68.0942
-68.048
-68.0019
-67.956
-67.9105
-67.8652
-67.8203
-67.7758
-67.7316
-67.6878
-67.6445
-67.6016
-67.5591
-67.5171
-67.4756
-67.4346
-67.3934
-67.3514
-67.308
-67.2632
-67.2166
-67.1684
-67.1186
-67.0672
-67.0143
-66.96
-66.9044
-66.8478
-66.7901
-66.7315
-66.6721
-66.612
-66.5513
-66.4902
-66.4287
-66.367
-66.305
-66.2429
-66.1807
-66.1186
-66.0565
-65.9946
-65.9329
-65.8715
-65.8104
-65.7497
-65.6893
-65.6294
-65.57
-65.5111
-65.4528
-65.395
-65.3368
-65.2774
-65.2164
-65.1535
-65.0887
-65.022
-64.9535
-64.8835
-64.8119
-64.739
-64.665
-64.5899
-64.514
-64.4372
-64.3599
-64.2821
-64.2039
-64.1255
-64.0469
-63.9682
-63.8895
-63.811
-63.7326
-63.6545
-63.5767
-63.4993
-63.4223
-63.3459
-63.27
-63.1947
-63.1201
-63.0461
-62.9728
-62.9003
-62.8286
-62.7577
-62.6876
-62.6184
-62.55
-62.4826
-62.416
-62.3495
-62.2822
-62.2137
-62.1438
-62.0723
-61.9993
-61.9249
-61.8491
-61.7722
-61.6936
-61.6128
-61.5297
-61.4439
-61.3557
-61.2649
-61.1717
-61.0763
-60.9787
-60.8792
-60.7779
-60.6749
-60.5705
-60.4646
-60.3576
-60.2495
-60.1404
-60.0305
-59.9197
-59.8083
-59.6964
-59.5839
-59.4709
-59.3576
-59.2439
-59.13
-59.0157
-58.9013
-58.7867
-58.6718
-58.5568
-58.4416
-58.3263
-58.2108
-58.0951
-57.9793
-57.8632
-57.7469
-57.6303
-57.5135
-57.3963
-57.2787
-57.1608
-57.0423
-56.9234
-56.8039
-56.6837
-56.5629
-56.4413
-56.3188
-56.1954
-56.0709
-55.9454
-55.8187
-55.6906
-55.5611
-55.4301
-55.2974
-55.163
-55.0266
-54.8881
-54.7474
-54.6043
-54.4585
-54.3101
-54.1586
-54.004
-53.8459
-53.6841
-53.5184
-53.3485
-53.174
-52.9947
-52.8094
-52.6171
-52.4171
-52.2087
-51.9914
-51.7646
-51.5278
-51.2804
-51.0216
-50.7507
-50.4669
-50.1692
-49.8566
-49.5279
-49.1819
-48.8169
-48.4314
-48.0235
-47.5913
-47.1322
-46.6438
-46.1231
-45.5668
-44.9711
-44.3319
-43.6443
-42.903
-42.1019
-41.234
-40.2915
-39.2655
-38.146
-36.9216
-35.5798
-34.1065
-32.4863
-30.7025
-28.7373
-26.5727
-24.191
-21.5765
-18.7173
-15.6083
-12.2548
-8.67601
-4.90934
-1.01259
2.93599
6.84159
10.6009
14.1131
17.2919
20.0743
22.4264
24.3422
25.8393
26.952
27.7238
28.2011
28.4286
28.4471
28.2918
27.9923
27.5729
27.0535
26.45
25.7756
25.0409
24.2544
23.4234
22.554
21.6514
20.72
19.7637
18.786
17.7898
16.778
15.7528
14.7167
13.6714
12.6189
11.5607
10.4983
9.43311
8.36628
7.2989
6.23195
5.16632
4.10277
3.04202
1.98469
0.931309
-0.117635
-1.16173
-2.20062
-3.234
-4.26161
-5.28324
-6.29872
-7.30793
-8.31077
-9.30718
-10.2971
-11.2806
-12.2577
-13.2283
-14.1927
-15.1509
-16.1031
-17.0494
-17.9899
-18.925
-19.8549
-20.7798
-21.7
-22.616
-23.5281
-24.4367
-25.3423
-26.2455
-27.1468
-28.0468
-28.9462
-29.8459
-30.7465
-31.649
-32.5544
-33.4636
-34.3778
-35.2981
-36.2258
-37.1622
-38.1086
-39.0664
-40.0372
-41.0224
-42.0235
-43.042
-44.0793
-45.1367
-46.2153
-47.3162
-48.44
-49.5869
-50.7568
-51.9487
-53.1612
-54.3919
-55.6373
-56.8931
-58.1537
-59.4125
-60.6617
-61.8929
-63.0967
-64.2638
-65.3846
-66.4506
-67.4542
-68.3891
-69.251
-70.0376
-70.7483
-71.3846
-71.9493
-72.4465
-72.8812
-73.2587
-73.5848
-73.865
-74.1048
-74.3092
-74.4827
-74.6297
-74.7537
-74.8581
-74.9456
-75.0188
-75.0797
-75.1301
-75.1716
-75.2056
-75.2331
-75.2551
-75.2725
-75.2858
-75.2958
-75.3028
-75.3073
-75.3097
-75.3103
-75.3093
-75.3069
-75.3034
-75.2988
-75.2934
-75.2873
-75.2805
-75.2731
-75.2653
-75.257
-75.2483
-75.2393
-75.23
-75.2204
-75.2106
-75.2006
-75.1904
-75.1801
-75.1696
-75.159
-75.1482
-75.1374
-75.1264
-75.1154
-75.1042
-75.093
-75.0817
-75.0704
-75.0589
-75.0475
-75.0359
-75.0243
-75.0126
-75.0009
-74.9892
-74.9773
-74.9655
-74.9536
-74.9416
-74.9296
-74.9176
-74.9055
-74.8934
-74.8812
-74.869
-74.8567
-74.8444
-74.8321
-74.8197
-74.8073
-74.7948
-74.7823
-74.7698
-74.7572
-74.7446
-74.7319
-74.7192
-74.7065
-74.6937
-74.6809
-74.668
-74.6551
-74.6422
-74.6292
-74.6161
-74.6031
-74.59
-74.5768
-74.5629
-74.5476
-74.5305
-74.5114
-74.4903
-74.4671
-74.442
-74.4151
-74.3865
-74.3564
-74.3248
-74.2919
-74.2579
-74.2228
-74.1868
-74.15
-74.1125
-74.0743
-74.0356
-73.9964
-73.956
-73.9139
-73.8697
-73.8232
-73.7744
-73.7234
-73.6702
-73.6151
-73.5581
-73.4996
-73.4395
-73.3782
-73.3157
-73.2522
-73.1878
-73.1227
-73.057
-72.9908
-72.9242
-72.8573
-72.7902
-72.7229
-72.6556
-72.5883
-72.521
-72.4539
-72.3869
-72.3202
-72.2537
-72.1876
-72.1218
-72.0563
-71.9913
-71.9267
-71.8625
-71.7989
-71.7357
-71.673
-71.6109
-71.5475
-71.4814
-71.4117
-71.3379
-71.26
-71.1781
-71.0924
-71.003
-70.9104
-70.8148
-70.7165
-70.6158
-70.513
-70.4083
-70.3021
-70.1945
-70.0851
-69.9735
-69.8594
-69.7429
-69.6239
-69.5026
-69.3793
-69.2541
-69.1274
-68.9994
-68.8703
-68.7403
-68.6097
-68.4787
-68.3474
-68.2161
-68.085
-67.9531
-67.8199
-67.685
-67.5484
-67.41
-67.2702
-67.129
-66.9867
-66.8437
-66.7
-66.5559
-66.4117
-66.2675
-66.1236
-65.98
-65.8371
-65.6948
-65.5535
-65.4131
-65.2738
-65.1357
-64.9989
-64.8635
-64.7296
-64.5972
-64.4663
-64.3371
-64.2096
-64.0838
-63.9597
-63.8374
-63.7169
-63.5983
-63.4815
-63.3665
-63.2534
-63.1421
-63.0327
-62.9252
-62.8195
-62.7157
-62.6137
-62.5136
-62.4152
-62.3187
-62.224
-62.131
-62.0399
-61.9498
-61.8604
-61.7711
-61.6817
-61.5922
-61.5024
-61.4124
-61.3222
-61.2319
-61.1415
-61.0511
-60.9608
-60.8707
-60.7808
-60.6912
-60.602
-60.5131
-60.4248
-60.3369

